0.023778071334214015 -0.9531654462015409
0.10435931307793925 -0.932598636235215
0.16776750330250992 -0.9129088049113858
0.21136063408190223 -0.8990107741999526
0.26420079260237783 -0.8775929475187269
0.30779392338177014 -0.8610937607379295
0.357992073976222 -0.8451687907086842
0.417437252311757 -0.8315506143050221
0.4663143989431968 -0.8242969280930964
0.5033025099075297 -0.8225414436358915
0.5297225891677675 -0.8222371545727354
0.583883751651255 -0.82972029840945
0.6314398943196828 -0.8406754682691793
0.6737120211360634 -0.856257969929979
0.738441215323646 -0.8770298027657089
0.8018494055482166 -0.9015596246210703
0.8428005284015853 -0.9168538725269354
0.8890356671070013 -0.9295439100190133
0.9445178335535007 -0.9451187758187551
0.9775429326287979 -0.952325119692122

