0	35	4.65199	-448.452	1.12852
0.10101	35	5.01909	-360.021	1.13089
0.20202	35	4.64891	-449.313	1.13077
0.30303	35	4.96783	-370.844	1.13439
0.40404	35	5.41087	-290.053	1.1418
0.505051	35	6.01101	-214.875	1.15039
0.606061	35	4.37096	-537.442	1.14562
0.707071	35	4.4917	-496.498	1.15269
0.808081	35	4.84292	-399.151	1.16173
0.909091	35	4.31875	-556.581	1.16738
1.0101	35	5.01492	-360.886	1.18131
1.11111	35	4.57961	-469.321	1.1899
1.21212	35	4.68144	-440.323	1.20263
1.31313	35	5.04757	-354.195	1.21821
1.41414	35	4.56358	-474.123	1.22813
1.51515	35	4.96675	-371.076	1.24586
1.61616	35	5.63684	-258.013	1.26602
1.71717	35	4.68368	-439.711	1.2768
1.81818	35	4.89511	-386.975	1.29558
1.91919	35	5.29248	-309.058	1.31757
2.0202	35	5.04889	-353.929	1.336
2.12121	35	5.25638	-315.194	1.35502
2.22222	35	4.94105	-376.674	1.37049
2.32323	35	5.78993	-239.029	1.39826
2.42424	35	5.24095	-317.869	1.41352
2.52525	35	5.23844	-318.306	1.4356
2.62626	35	4.58441	-467.897	1.45164
2.72727	35	5.3908	-293.158	1.48072
2.82828	35	4.70988	-432.663	1.49939
2.92929	35	5.13894	-336.357	1.52638
3.0303	35	6.24565	-192.795	1.5579
3.13131	35	5.77024	-241.361	1.58097
3.23232	35	5.41647	-289.193	1.60453
3.33333	35	6.46217	-175.128	1.63989
3.43434	35	6.03295	-212.666	1.66316
3.53535	35	6.87824	-147.022	1.69965
3.63636	35	5.7503	-243.753	1.72099
3.73737	35	6.56238	-167.712	1.75958
3.83838	35	6.28537	-189.373	1.78977
3.93939	35	6.49856	-172.384	1.82397
4.0404	35	6.47217	-174.368	1.85148
4.14141	35	6.14781	-201.599	1.87366
4.24242	35	6.07291	-208.721	1.90055
4.34343	35	6.26926	-190.751	1.93063
4.44444	35	6.34133	-184.695	1.95871
4.54545	35	6.78322	-152.851	1.98978
4.64646	35	7.56206	-113.033	2.02482
4.74747	35	6.13841	-202.474	2.04348
4.84848	35	5.66868	-253.897	2.06853
4.94949	35	6.77573	-153.324	2.10643
5.05051	35	7.9833	-97.4192	2.15119
5.15152	35	6.11786	-204.406	2.16754
5.25253	35	6.41594	-178.704	2.20058
5.35354	35	6.23322	-193.883	2.23407
5.45455	35	6.39032	-180.731	2.27237
5.55556	35	8.14729	-92.168	2.32393
5.65657	35	7.39806	-120.082	2.35151
5.75758	35	5.99409	-216.601	2.37318
5.85859	35	7.34569	-122.464	2.42602
5.9596	35	6.8126	-151.014	2.45739
6.06061	35	5.92349	-224.013	2.48797
6.16162	35	8.11235	-93.2522	2.53494
6.26263	35	7.39501	-120.219	2.56102
6.36364	35	7.58047	-112.279	2.59243
6.46465	35	7.70798	-107.245	2.62388
6.56566	35	7.72978	-106.417	2.65528
6.66667	35	7.27612	-125.733	2.68452
6.76768	35	7.00778	-139.568	2.71918
6.86869	35	6.60824	-164.465	2.7494
6.9697	35	7.34108	-122.677	2.78956
7.07071	35	6.87326	-147.32	2.82526
7.17172	35	7.82518	-102.897	2.86878
7.27273	35	7.25725	-126.641	2.9009
7.37374	35	7.79788	-103.887	2.94676
7.47475	35	6.347	-184.23	2.97129
7.57576	35	8.95163	-71.5017	3.03953
7.67677	35	6.97764	-141.254	3.05945
7.77778	35	7.34173	-122.647	3.10643
7.87879	35	10.8599	-43.1437	3.19068
7.9798	35	7.44205	-118.131	3.2021
8.08081	35	7.61043	-111.066	3.23899
8.18182	35	7.57482	-112.51	3.26995
8.28283	35	8.60727	-79.4358	3.31849
8.38384	35	7.59521	-111.68	3.3443
8.48485	35	9.43097	-62.247	3.40134
8.58586	35	9.14208	-67.5991	3.43349
8.68687	35	8.36466	-85.8116	3.46326
8.78788	35	8.61166	-79.3269	3.50317
8.88889	35	8.94745	-71.5909	3.54388
8.9899	35	8.53919	-81.1543	3.5851
9.09091	35	7.78733	-104.274	3.6179
9.19192	35	7.28001	-125.547	3.65846
9.29293	35	7.33484	-122.966	3.7056
9.39394	35	10.045	-52.7547	3.77272
9.49495	35	8.17109	-91.4396	3.79831
9.59596	35	6.48062	-173.729	3.82302
9.69697	35	8.81037	-74.6111	3.89718
9.79798	35	9.59863	-59.4207	3.95757
9.89899	35	9.11562	-68.1225	4.00045
10	35	8.96951	-71.1216	4.05497
