0	2	1.38909	-7.30407	0.939132
0.10101	2	1.39051	-7.29056	0.939373
0.20202	2	1.38863	-7.30848	0.940685
0.30303	2	1.38831	-7.31147	0.942627
0.40404	2	1.38977	-7.29753	0.945163
0.505051	2	1.39352	-7.26193	0.948127
0.606061	2	1.38935	-7.30155	0.952748
0.707071	2	1.39339	-7.26318	0.957221
0.808081	2	1.38915	-7.30353	0.963475
0.909091	2	1.39344	-7.26269	0.969367
1.0101	2	1.39367	-7.26057	0.976562
1.11111	2	1.39516	-7.24652	0.984213
1.21212	2	1.3955	-7.24331	0.99298
1.31313	2	1.39575	-7.24089	1.00225
1.41414	2	1.39807	-7.21916	1.01224
1.51515	2	1.39716	-7.22765	1.02302
1.61616	2	1.40128	-7.18929	1.03421
1.71717	2	1.40271	-7.17604	1.04638
1.81818	2	1.40586	-7.14697	1.05902
1.91919	2	1.40833	-7.12442	1.07241
2.0202	2	1.41024	-7.10696	1.0863
2.12121	2	1.41217	-7.0895	1.09882
2.22222	2	1.41071	-7.10275	1.11245
2.32323	2	1.41405	-7.07257	1.12573
2.42424	2	1.41721	-7.04418	1.13967
2.52525	2	1.41972	-7.02183	1.15427
2.62626	2	1.42167	-7.00455	1.16917
2.72727	2	1.4235	-6.98838	1.18465
2.82828	2	1.42737	-6.95451	1.20045
2.92929	2	1.427	-6.95774	1.21734
3.0303	2	1.43067	-6.92582	1.23401
3.13131	2	1.43396	-6.89744	1.25137
3.23232	2	1.43504	-6.8881	1.2694
3.33333	2	1.43902	-6.85416	1.28739
3.43434	2	1.44059	-6.84085	1.30639
3.53535	2	1.44393	-6.8127	1.32568
3.63636	2	1.44561	-6.79859	1.34561
3.73737	2	1.44725	-6.78492	1.36617
3.83838	2	1.45009	-6.76128	1.38692
3.93939	2	1.45435	-6.72624	1.40792
4.0404	2	1.45639	-6.70955	1.4276
4.14141	2	1.45935	-6.68541	1.44393
4.24242	2	1.46089	-6.673	1.46097
4.34343	2	1.46269	-6.65844	1.47816
4.44444	2	1.46472	-6.64213	1.49553
4.54545	2	1.46753	-6.61973	1.51318
4.64646	2	1.46953	-6.60379	1.53119
4.74747	2	1.47141	-6.589	1.54975
4.84848	2	1.47489	-6.56163	1.56809
4.94949	2	1.47498	-6.5609	1.5875
5.05051	2	1.47933	-6.527	1.60643
5.15152	2	1.48111	-6.51326	1.6262
5.25253	2	1.48319	-6.49724	1.64633
5.35354	2	1.48611	-6.47485	1.66669
5.45455	2	1.48773	-6.4625	1.68766
5.55556	2	1.49039	-6.44233	1.70887
5.65657	2	1.49218	-6.42876	1.73065
5.75758	2	1.49585	-6.40127	1.75249
5.85859	2	1.49825	-6.38337	1.77497
5.9596	2	1.50097	-6.36321	1.7978
6.06061	2	1.50369	-6.34317	1.81752
6.16162	2	1.50433	-6.33846	1.83543
6.26263	2	1.50719	-6.31751	1.85281
6.36364	2	1.50842	-6.30861	1.87118
6.46465	2	1.51064	-6.29247	1.88942
6.56566	2	1.51275	-6.27721	1.90809
6.66667	2	1.51452	-6.26451	1.92711
6.76768	2	1.51553	-6.25726	1.94666
6.86869	2	1.51873	-6.23442	1.96591
6.9697	2	1.52081	-6.21968	1.98585
7.07071	2	1.52328	-6.20223	2.00621
7.17172	2	1.52568	-6.18536	2.02687
7.27273	2	1.52682	-6.17735	2.04829
7.37374	2	1.52953	-6.15848	2.06986
7.47475	2	1.53189	-6.14211	2.09179
7.57576	2	1.53367	-6.12982	2.11445
7.67677	2	1.53596	-6.11409	2.13747
7.77778	2	1.53856	-6.0963	2.16095
7.87879	2	1.54096	-6.08	2.18502
7.9798	2	1.54406	-6.05905	2.20935
8.08081	2	1.54595	-6.04636	2.22887
8.18182	2	1.5481	-6.03191	2.24721
8.28283	2	1.54934	-6.02365	2.26623
8.38384	2	1.55169	-6.00804	2.28487
8.48485	2	1.55367	-5.99495	2.30414
8.58586	2	1.55607	-5.97912	2.32331
8.68687	2	1.55772	-5.96828	2.34324
8.78788	2	1.56044	-5.95053	2.36295
8.88889	2	1.56174	-5.94208	2.38373
8.9899	2	1.56431	-5.92543	2.4043
9.09091	2	1.56627	-5.91281	2.42547
9.19192	2	1.56919	-5.89407	2.44671
9.29293	2	1.57163	-5.87854	2.4684
9.39394	2	1.57303	-5.86962	2.49114
9.49495	2	1.57461	-5.85963	2.51427
9.59596	2	1.57828	-5.83645	2.53682
9.69697	2	1.57957	-5.82842	2.56102
9.79798	2	1.58266	-5.80912	2.58505
9.89899	2	1.58529	-5.79279	2.60965
10	2	1.58814	-5.77524	2.63477
