0	79.8747	59.2838	-6.48778	1.12967
0.10101	80.722	69.4587	-5.0561	1.12983
0.20202	80.5201	60.4178	-6.36527	1.13057
0.30303	71.265	51.4945	-6.80242	1.13164
0.40404	78.9091	53.5601	-7.6177	1.13314
0.505051	94.008	69.9584	-6.45779	1.13525
0.606061	162.629	150.126	-4.52109	1.13791
0.707071	79.3213	55.1031	-7.30143	1.14068
0.808081	96.8028	76.8801	-5.77371	1.1442
0.909091	75.9225	52.0583	-7.47723	1.14789
1.0101	79.7264	60.707	-6.20501	1.15227
1.11111	77.8444	74.3833	-4.28578	1.15696
1.21212	67.3687	47.7903	-7.0303	1.16232
1.31313	94.3188	86.3996	-4.57592	1.16818
1.41414	153.819	120.404	-5.91756	1.1747
1.51515	119.956	90.0163	-6.36428	1.18141
1.61616	129.759	120.176	-4.49806	1.18877
1.71717	101.8	85.1452	-5.29586	1.19639
1.81818	130.012	138.343	-3.64933	1.20473
1.91919	112.998	90.9917	-5.64072	1.21365
2.0202	112.391	86.1199	-6.13784	1.22272
2.12121	69.8105	55.5158	-5.76091	1.2306
2.22222	63.4417	48.6207	-6.13607	1.23886
2.32323	80.6236	68.145	-5.20545	1.24795
2.42424	96.0194	90.8016	-4.35487	1.25697
2.52525	138.988	107.665	-6.02411	1.26697
2.62626	94.2841	83.4428	-4.83238	1.27685
2.72727	101.82	89.6256	-4.87442	1.2872
2.82828	96.2902	83.2616	-5.01615	1.29812
2.92929	94.6571	86.7108	-4.57581	1.30936
3.0303	64.9563	47.795	-6.58744	1.32112
3.13131	85.4239	64.2507	-6.33881	1.33355
3.23232	117.754	102.905	-4.93127	1.34649
3.33333	90.1329	77.3629	-5.07664	1.35966
3.43434	86.4596	75.3573	-4.95229	1.37352
3.53535	132.183	101.208	-6.14604	1.38785
3.63636	85.1987	87.8121	-3.82406	1.4025
3.73737	90.5357	68.3573	-6.29663	1.41808
3.83838	83.9876	84.3262	-3.97596	1.43382
3.93939	79.6329	64.1	-5.64433	1.45046
4.0404	97.4135	86.1289	-4.83986	1.46556
4.14141	90.2376	74.1804	-5.44948	1.47768
4.24242	152.329	118.62	-5.97029	1.49042
4.34343	116.556	119.252	-3.86584	1.50271
4.44444	170.102	179.951	-3.68045	1.51606
4.54545	103.511	98.0959	-4.34054	1.52975
4.64646	114.62	77.7494	-7.6266	1.54401
4.74747	114.961	97.7497	-5.15489	1.55801
4.84848	78.1879	54.7447	-7.19804	1.573
4.94949	89.9615	69.2911	-6.08339	1.58812
5.05051	115.04	83.0541	-6.81278	1.60413
5.15152	109.253	74.4867	-7.55575	1.62059
5.25253	104.034	83.8537	-5.63166	1.63682
5.35354	80.0057	60.436	-6.29137	1.65411
5.45455	65.9189	42.3622	-8.43608	1.67158
5.55556	132.246	119.195	-4.69424	1.6904
5.65657	105.835	67.8388	-8.47732	1.70923
5.75758	67.8706	55.5416	-5.49062	1.72784
5.85859	71.9395	50.6481	-7.12672	1.74846
5.9596	80.6346	63.5811	-5.84442	1.76895
6.06061	148.627	119.598	-5.64736	1.78601
6.16162	117.732	94.996	-5.62157	1.79999
6.26263	136.426	122.433	-4.72648	1.81451
6.36364	173.505	131.48	-6.25698	1.82975
6.46465	106.504	70.9559	-7.88463	1.8447
6.56566	137.516	123.275	-4.73468	1.85996
6.66667	98.8191	89.2597	-4.67822	1.87599
6.76768	237.113	198.55	-5.28585	1.89286
6.86869	93.6337	59.0467	-8.74486	1.9094
6.9697	89.2992	78.8804	-4.84714	1.92668
7.07071	158.67	135.063	-5.14571	1.945
7.17172	134.606	95.4698	-7.03266	1.96351
7.27273	102.863	79.1782	-6.08997	1.98243
7.37374	79.0503	55.4083	-7.184	2.00211
7.47475	110.924	93.8224	-5.19939	2.02246
7.57576	122.393	94.2184	-6.08924	2.04328
7.67677	171.382	135.758	-5.79906	2.06512
7.77778	117.075	89.3742	-6.17765	2.08716
7.87879	172.115	127.096	-6.54616	2.11042
7.9798	205.143	143.031	-7.25318	2.13408
8.08081	173.557	125.943	-6.75114	2.15125
8.18182	92.2138	62.9956	-7.52803	2.1661
8.28283	111.428	80.6005	-6.78961	2.18173
8.38384	129.452	91.8391	-7.02926	2.1977
8.48485	145.245	119.257	-5.46028	2.21414
8.58586	88.2551	68.7068	-5.97298	2.23053
8.68687	86.122	67.2533	-5.94161	2.24788
8.78788	206.343	168.58	-5.50582	2.26628
8.88889	165.948	149.129	-4.71628	2.28436
8.9899	114.366	96.6074	-5.21052	2.30285
9.09091	183.087	138.714	-6.25905	2.32264
9.19192	134.22	106.092	-5.82028	2.34235
9.29293	90.7487	65.8818	-6.74584	2.36262
9.39394	92.0262	62.2666	-7.66208	2.38401
9.49495	177.162	143.487	-5.58632	2.40657
9.59596	97.3905	75.781	-5.97807	2.42861
9.69697	109.126	94.8583	-4.97372	2.45214
9.79798	98.1463	72.2616	-6.58014	2.47574
9.89899	94.8557	68.3438	-6.83735	2.50103
10	172.724	111.946	-8.30188	2.52736
