0	17.727	10.4086	-10.0494	1.1255
0.10101	17.6288	10.2225	-10.3021	1.12555
0.20202	17.4414	9.98781	-10.5639	1.12628
0.30303	17.4941	10.082	-10.4301	1.1273
0.40404	17.2465	9.52952	-11.3571	1.12889
0.505051	17.7463	10.6232	-9.67342	1.13097
0.606061	17.5889	10.1174	-10.4696	1.13348
0.707071	17.2799	9.66744	-11.073	1.13646
0.808081	17.7222	10.2504	-10.3548	1.1399
0.909091	17.633	9.87647	-11.0469	1.14396
1.0101	17.642	10.0665	-10.6405	1.14804
1.11111	17.7502	10.5772	-9.76054	1.1528
1.21212	17.7381	10.7098	-9.51212	1.15801
1.31313	17.5461	10.1555	-10.3408	1.16383
1.41414	18.0362	10.2289	-10.772	1.17025
1.51515	17.9228	10.2238	-10.6465	1.17697
1.61616	18.0685	10.2762	-10.7107	1.18443
1.71717	18.6922	11.5119	-9.1521	1.19221
1.81818	18.1037	10.5835	-10.1368	1.20029
1.91919	17.8898	10.2513	-10.5502	1.20917
2.0202	17.7948	10.0211	-10.9265	1.21823
2.12121	18.2938	11.0559	-9.49441	1.22624
2.22222	18.2155	10.2949	-10.8474	1.23494
2.32323	18.2337	10.3942	-10.6609	1.24348
2.42424	18.3786	10.9087	-9.83646	1.2527
2.52525	17.8685	10.2419	-10.5444	1.26209
2.62626	18.1799	10.2579	-10.8836	1.27244
2.72727	19.1024	11.5429	-9.49706	1.28295
2.82828	18.3475	10.9318	-9.76276	1.29352
2.92929	18.3173	10.7983	-9.97002	1.30486
3.0303	18.5498	10.5906	-10.6281	1.31678
3.13131	19.2	11.2237	-10.1379	1.32923
3.23232	18.7695	11.0189	-10.0527	1.34179
3.33333	19.0865	10.8027	-10.8159	1.35533
3.43434	19.1634	11.4252	-9.75056	1.36886
3.53535	19.3535	11.6387	-9.58653	1.38313
3.63636	19.653	12.4322	-8.69283	1.39804
3.73737	19.0012	10.7426	-10.8401	1.41336
3.83838	19.4936	11.5094	-9.93982	1.42937
3.93939	19.0225	10.8443	-10.6599	1.44567
4.0404	19.8667	11.6005	-10.1605	1.46084
4.14141	19.1533	10.8345	-10.8281	1.47272
4.24242	19.9517	12.0759	-9.46661	1.4854
4.34343	19.6261	11.518	-10.0591	1.49804
4.44444	19.0988	10.9258	-10.5857	1.51097
4.54545	19.4058	10.8531	-11.0806	1.52482
4.64646	19.0578	10.81	-10.7684	1.53865
4.74747	20.5485	12.4602	-9.43243	1.55332
4.84848	21.3664	13.2962	-8.97057	1.56831
4.94949	20.2149	11.894	-10.0081	1.58329
5.05051	19.9152	11.3642	-10.6393	1.59903
5.15152	19.7363	11.1223	-10.911	1.615
5.25253	20.863	12.4244	-9.77243	1.63211
5.35354	20.4945	12.1862	-9.80206	1.64912
5.45455	21.8321	14.4216	-8.0109	1.66697
5.55556	20.555	12.3099	-9.66509	1.68489
5.65657	20.106	11.2571	-11.0558	1.70369
5.75758	22.4381	14.8796	-7.95304	1.72363
5.85859	20.9265	12.7139	-9.39706	1.74309
5.9596	21.4002	12.9564	-9.46124	1.76361
6.06061	21.3236	12.274	-10.4554	1.78068
6.16162	21.3377	12.7505	-9.70701	1.79465
6.26263	21.0313	12.7386	-9.4532	1.80894
6.36364	21.3357	12.3205	-10.3884	1.82392
6.46465	22.1851	13.448	-9.43871	1.83911
6.56566	21.8151	12.8877	-9.92825	1.8547
6.66667	21.7653	13.2156	-9.40794	1.8704
6.76768	21.7318	13.5854	-8.89214	1.88696
6.86869	22.0284	12.5573	-10.661	1.90418
6.9697	22.1085	12.8183	-10.3051	1.92146
7.07071	21.903	12.5869	-10.4897	1.93965
7.17172	21.587	12.5567	-10.2384	1.95773
7.27273	22.5164	13.8101	-9.22553	1.97669
7.37374	22.4802	13.7884	-9.22485	1.99654
7.47475	21.9849	12.5022	-10.7131	2.01677
7.57576	22.0433	12.5187	-10.742	2.03778
7.67677	22.6421	13.5573	-9.66861	2.05932
7.77778	23.0368	13.5471	-10.0188	2.08163
7.87879	23.0976	13.3871	-10.3124	2.10472
7.9798	23.3399	14.1837	-9.39248	2.12815
8.08081	22.4084	13.0919	-10.1494	2.14484
8.18182	23.0776	13.2833	-10.4559	2.16036
8.28283	23.6763	14.1824	-9.6609	2.17607
8.38384	22.9411	13.505	-9.99799	2.1916
8.48485	23.9065	15.2974	-8.50512	2.20802
8.58586	23.1729	13.1364	-10.7814	2.22511
8.68687	23.7336	14.0218	-9.92714	2.24261
8.78788	23.4645	14.3181	-9.31769	2.26002
8.88889	23.5886	13.7564	-10.1861	2.27842
8.9899	24.1499	14.2092	-10.0082	2.29725
9.09091	22.871	12.9661	-10.7798	2.31615
9.19192	23.7604	14.2063	-9.69626	2.33648
9.29293	23.8017	13.5723	-10.6544	2.35687
9.39394	23.2636	13.0919	-10.9416	2.37778
9.49495	25.1262	15.4525	-9.17722	2.40035
9.59596	23.8053	13.3787	-10.9714	2.42273
9.69697	23.713	13.7283	-10.3355	2.44567
9.79798	24.6078	14.5148	-9.95903	2.46998
9.89899	24.7131	15.1173	-9.27305	2.4947
10	24.8969	15.148	-9.37067	2.52071
