0	2.45696	1.62519	-7.99062	0.978962
0.10101	2.45742	1.62539	-7.99163	0.979169
0.20202	2.45744	1.62536	-7.992	0.979772
0.30303	2.45827	1.62577	-7.99334	0.980762
0.40404	2.45981	1.62665	-7.9946	0.982165
0.505051	2.46162	1.62789	-7.9942	0.983962
0.606061	2.46363	1.629	-7.9962	0.986148
0.707071	2.4668	1.63107	-7.99641	0.988825
0.808081	2.47035	1.63322	-7.99815	0.991885
0.909091	2.47339	1.63484	-8.00178	0.99533
1.0101	2.47741	1.63738	-8.00287	0.999211
1.11111	2.4818	1.64001	-8.0053	1.00352
1.21212	2.48592	1.64264	-8.00616	1.00821
1.31313	2.49136	1.64571	-8.01096	1.0134
1.41414	2.49719	1.64926	-8.01363	1.01903
1.51515	2.50243	1.65239	-8.0166	1.02502
1.61616	2.50935	1.65656	-8.02026	1.03156
1.71717	2.51725	1.66144	-8.02323	1.03859
1.81818	2.52443	1.66559	-8.02855	1.04603
1.91919	2.53182	1.67006	-8.03224	1.05392
2.0202	2.54041	1.67524	-8.03652	1.06206
2.12121	2.54779	1.67931	-8.04368	1.06928
2.22222	2.55559	1.68399	-8.04782	1.07689
2.32323	2.56407	1.68877	-8.05504	1.08483
2.42424	2.5723	1.69389	-8.05767	1.0931
2.52525	2.58089	1.69876	-8.06462	1.10174
2.62626	2.59042	1.70408	-8.07314	1.11082
2.72727	2.59954	1.70905	-8.08218	1.1202
2.82828	2.60998	1.71535	-8.08712	1.13005
2.92929	2.61975	1.72053	-8.09808	1.14026
3.0303	2.63103	1.7273	-8.10366	1.15093
3.13131	2.6423	1.73349	-8.11423	1.16202
3.23232	2.65408	1.7403	-8.1223	1.17355
3.33333	2.6664	1.74749	-8.13008	1.18554
3.43434	2.67891	1.75422	-8.14278	1.198
3.53535	2.69196	1.76191	-8.15018	1.21088
3.63636	2.7054	1.76938	-8.16171	1.22432
3.73737	2.71956	1.77744	-8.17203	1.23822
3.83838	2.73405	1.78562	-8.18305	1.25266
3.93939	2.74813	1.7936	-8.19354	1.26751
4.0404	2.76203	1.80157	-8.20298	1.28111
4.14141	2.77241	1.80723	-8.21244	1.29203
4.24242	2.78396	1.81358	-8.2224	1.30333
4.34343	2.79473	1.81978	-8.22938	1.31484
4.44444	2.8064	1.82637	-8.2379	1.32675
4.54545	2.81772	1.83275	-8.2463	1.33892
4.64646	2.83045	1.83973	-8.25725	1.35161
4.74747	2.84288	1.84638	-8.26925	1.36458
4.84848	2.8548	1.85318	-8.27715	1.37784
4.94949	2.86862	1.86086	-8.288	1.3917
5.05051	2.8823	1.86849	-8.29844	1.40592
5.15152	2.89581	1.8758	-8.31048	1.4205
5.25253	2.90995	1.88355	-8.32219	1.43558
5.35354	2.92506	1.89199	-8.3334	1.45117
5.45455	2.93956	1.89998	-8.34481	1.46717
5.55556	2.95511	1.90884	-8.35465	1.48371
5.65657	2.97158	1.9175	-8.37097	1.50086
5.75758	2.98819	1.92676	-8.38294	1.51848
5.85859	3.00537	1.93623	-8.39608	1.53665
5.9596	3.02274	1.94557	-8.41116	1.5554
6.06061	3.03645	1.95299	-8.42265	1.57052
6.16162	3.0483	1.95946	-8.43207	1.58332
6.26263	3.05974	1.96581	-8.44024	1.59634
6.36364	3.07151	1.97195	-8.45177	1.60968
6.46465	3.08401	1.97896	-8.45994	1.62341
6.56566	3.09669	1.98571	-8.4711	1.63755
6.66667	3.11014	1.99305	-8.4815	1.65208
6.76768	3.12343	2.0003	-8.49169	1.66701
6.86869	3.13638	2.00711	-8.50357	1.68229
6.9697	3.15119	2.01488	-8.51723	1.69819
7.07071	3.16493	2.02243	-8.52714	1.71439
7.17172	3.18002	2.0308	-8.53727	1.7312
7.27273	3.19414	2.03822	-8.55002	1.74842
7.37374	3.21028	2.04675	-8.56405	1.76636
7.47475	3.22702	2.05561	-8.57841	1.78483
7.57576	3.24318	2.0644	-8.59039	1.80381
7.67677	3.26044	2.07372	-8.60346	1.82344
7.77778	3.27873	2.08326	-8.61999	1.84382
7.87879	3.29588	2.09216	-8.63564	1.86472
7.9798	3.31463	2.10245	-8.6483	1.88635
8.08081	3.32788	2.1094	-8.65962	1.90171
8.18182	3.33945	2.11577	-8.66714	1.91551
8.28283	3.35095	2.12141	-8.67997	1.92974
8.38384	3.36433	2.12858	-8.69007	1.94436
8.48485	3.37638	2.1347	-8.70179	1.95929
8.58586	3.38986	2.14206	-8.71076	1.97463
8.68687	3.40249	2.14847	-8.72299	1.99027
8.78788	3.41712	2.15638	-8.73327	2.00664
8.88889	3.4305	2.16307	-8.74683	2.02325
8.9899	3.44401	2.17018	-8.75767	2.04028
9.09091	3.45911	2.17853	-8.76657	2.05798
9.19192	3.47414	2.18613	-8.78096	2.07624
9.29293	3.48971	2.19395	-8.79604	2.09503
9.39394	3.50459	2.20177	-8.80783	2.11429
9.49495	3.52064	2.21038	-8.81912	2.13425
9.59596	3.53784	2.2189	-8.83641	2.15499
9.69697	3.55572	2.22832	-8.85012	2.17646
9.79798	3.57343	2.23737	-8.86568	2.1985
9.89899	3.59072	2.2464	-8.87923	2.22116
10	3.61071	2.25622	-8.89961	2.24501
