0	6	2.99384	-14.0618	1.09429
0.10101	6	3.01489	-13.8524	1.09402
0.20202	6	3.00064	-13.9936	1.0962
0.30303	6	2.92731	-14.7599	1.0997
0.40404	6	2.96144	-14.3947	1.10213
0.505051	6	2.92713	-14.7618	1.10683
0.606061	6	2.98499	-14.1515	1.11133
0.707071	6	2.97596	-14.2439	1.11848
0.808081	6	2.93062	-14.7237	1.12599
0.909091	6	2.91469	-14.8988	1.13493
1.0101	6	2.93953	-14.6274	1.14335
1.11111	6	2.91937	-14.847	1.15431
1.21212	6	2.9353	-14.673	1.16527
1.31313	6	2.87211	-15.3842	1.17755
1.41414	6	2.90764	-14.9774	1.1909
1.51515	6	2.96281	-14.3804	1.20401
1.61616	6	2.9552	-14.4603	1.21899
1.71717	6	2.9376	-14.6482	1.23607
1.81818	6	2.93159	-14.7132	1.25301
1.91919	6	2.93992	-14.6231	1.27063
2.0202	6	2.97904	-14.2123	1.28881
2.12121	6	2.99972	-14.0028	1.30476
2.22222	6	2.98971	-14.1035	1.32282
2.32323	6	3.00846	-13.9158	1.34139
2.42424	6	3.01724	-13.8294	1.35982
2.52525	6	3.03182	-13.6877	1.37921
2.62626	6	2.96654	-14.3415	1.40074
2.72727	6	3.08154	-13.2228	1.42
2.82828	6	3.01649	-13.8367	1.44269
2.92929	6	3.06147	-13.4073	1.4642
3.0303	6	3.0367	-13.641	1.48835
3.13131	6	3.06586	-13.3665	1.51191
3.23232	6	3.08441	-13.1968	1.53594
3.33333	6	3.04291	-13.5817	1.56184
3.43434	6	3.10156	-13.0431	1.58669
3.53535	6	3.03522	-13.6551	1.61573
3.63636	6	3.07379	-13.2935	1.64179
3.73737	6	3.12566	-12.8322	1.66965
3.83838	6	3.12109	-12.8717	1.69954
3.93939	6	3.10428	-13.019	1.72936
4.0404	6	3.06487	-13.3757	1.7583
4.14141	6	3.07647	-13.269	1.78269
4.24242	6	3.1434	-12.6806	1.80412
4.34343	6	3.14387	-12.6767	1.82862
4.44444	6	3.11617	-12.9146	1.85568
4.54545	6	3.15564	-12.5778	1.88016
4.64646	6	3.15822	-12.5563	1.90585
4.74747	6	3.13418	-12.759	1.93362
4.84848	6	3.13619	-12.7418	1.95987
4.94949	6	3.18423	-12.3431	1.98666
5.05051	6	3.14841	-12.6383	2.0169
5.15152	6	3.1164	-12.9126	2.04682
5.25253	6	3.18755	-12.3163	2.07392
5.35354	6	3.11137	-12.9565	2.10764
5.45455	6	3.15281	-12.6014	2.1373
5.55556	6	3.17233	-12.4399	2.16791
5.65657	6	3.18662	-12.3238	2.2001
5.75758	6	3.18703	-12.3205	2.2334
5.85859	6	3.15809	-12.5573	2.26887
5.9596	6	3.22802	-11.9978	2.30005
6.06061	6	3.17825	-12.3915	2.33274
6.16162	6	3.17293	-12.435	2.36026
6.26263	6	3.216	-12.0909	2.38559
6.36364	6	3.19752	-12.2365	2.41347
6.46465	6	3.22012	-12.0589	2.44166
6.56566	6	3.18974	-12.2987	2.47179
6.66667	6	3.18703	-12.3205	2.50154
6.76768	6	3.21485	-12.0999	2.53064
6.86869	6	3.24171	-11.8932	2.55919
6.9697	6	3.22092	-12.0527	2.59148
7.07071	6	3.23636	-11.9339	2.62279
7.17172	6	3.25144	-11.8199	2.65537
7.27273	6	3.22197	-12.0445	2.69055
7.37374	6	3.24153	-11.8946	2.72361
7.47475	6	3.24129	-11.8964	2.75874
7.57576	6	3.25389	-11.8015	2.79433
7.67677	6	3.23941	-11.9107	2.83264
7.77778	6	3.24292	-11.8841	2.86872
7.87879	6	3.27572	-11.6401	2.90657
7.9798	6	3.25295	-11.8086	2.9481
8.08081	6	3.24185	-11.8922	2.98009
8.18182	6	3.29616	-11.4924	3.00687
8.28283	6	3.31907	-11.3307	3.03617
8.38384	6	3.26288	-11.7346	3.07092
8.48485	6	3.29177	-11.5239	3.10037
8.58586	6	3.29507	-11.5002	3.13191
8.68687	6	3.32002	-11.3241	3.16311
8.78788	6	3.33577	-11.2153	3.19561
8.88889	6	3.28613	-11.5645	3.23335
8.9899	6	3.3217	-11.3124	3.2646
9.09091	6	3.31886	-11.3322	3.3012
9.19192	6	3.29722	-11.4849	3.33974
9.29293	6	3.31639	-11.3495	3.37459
9.39394	6	3.31954	-11.3274	3.41297
9.49495	6	3.32245	-11.3072	3.4515
9.59596	6	3.35295	-11.0986	3.48849
9.69697	6	3.34264	-11.1684	3.53044
9.79798	6	3.35342	-11.0955	3.57156
9.89899	6	3.34307	-11.1655	3.61448
10	6	3.34266	-11.1682	3.65861
