0 2.13596
0.128205 2.14789
0.25641 2.23294
0.384615 2.30314
0.512821 2.33813
0.641026 2.40816
0.769231 2.46556
0.897436 2.50703
1.02564 2.604
1.15385 2.69537
1.28205 2.78401
1.41026 2.87292
1.53846 2.98711
1.66667 3.12761
1.79487 3.27854
1.92308 3.44771
2.05128 3.60008
2.17949 3.70682
2.30769 3.79402
2.4359 3.91596
2.5641 4.01858
2.69231 4.12805
2.82051 4.26105
2.94872 4.37378
3.07692 4.52009
3.20513 4.6472
3.33333 4.77981
3.46154 4.9458
3.58974 5.09569
3.71795 5.28082
3.84615 5.4667
3.97436 5.68372
4.10256 5.87233
4.23077 6.06716
4.35897 6.2529
4.48718 6.45635
4.61538 6.66027
4.74359 6.86691
4.87179 7.06664
5 7.28569
1.7 3.06576
1.73158 3.10863
1.76316 3.14731
1.79474 3.17281
1.82632 3.22358
1.85789 3.2589
1.88947 3.30659
1.92105 3.3516
1.95263 3.38452
1.98421 3.43729
2.01579 3.46485
2.04737 3.50356
2.07895 3.52589
2.11053 3.56331
2.14211 3.58483
2.17368 3.61867
2.20526 3.63838
2.23684 3.6644
2.26842 3.68654
2.3 3.70975
3.7 5.1262
3.73158 5.16781
3.76316 5.20922
3.79474 5.25722
3.82632 5.30724
3.85789 5.35261
3.88947 5.40372
3.92105 5.45099
3.95263 5.49249
3.98421 5.55754
4.01579 5.60504
4.04737 5.65816
4.07895 5.70727
4.11053 5.76882
4.14211 5.79967
4.17368 5.85091
4.20526 5.8951
4.23684 5.949
4.26842 5.98909
4.3 6.0501
