0 4.93682 0.132598
0.0150754 4.47168 0.120162
0.0301508 4.07776 0.109577
0.0452261 3.75099 0.10074
0.0603015 3.48235 0.0934586
0.0753769 3.25307 0.0872382
0.0904523 3.06162 0.0820298
0.105528 2.89831 0.0775979
0.120603 2.75822 0.0737949
0.135678 2.63435 0.070435
0.150754 2.52398 0.0674437
0.165829 2.42702 0.0648182
0.180905 2.33912 0.06244
0.19598 2.26208 0.0603626
0.211055 2.18974 0.0584078
0.226131 2.12325 0.056617
0.241206 2.06385 0.0550173
0.256281 2.00632 0.0534666
0.271357 1.95442 0.0520721
0.286432 1.9062 0.0507765
0.301508 1.85989 0.0495332
0.316583 1.81723 0.0483874
0.331658 1.77624 0.0472886
0.346734 1.73834 0.0462737
0.361809 1.70226 0.0453071
0.376884 1.66692 0.0443602
0.39196 1.63459 0.0434957
0.407035 1.60294 0.0426491
0.422111 1.57306 0.0418508
0.437186 1.54462 0.0410898
0.452261 1.51648 0.0403383
0.467337 1.49089 0.0396548
0.482412 1.46515 0.0389674
0.497487 1.4408 0.0383182
0.512563 1.41748 0.037696
0.527638 1.39457 0.0370852
0.542714 1.37298 0.0365102
0.557789 1.35182 0.0359455
0.572864 1.33127 0.0353985
0.58794 1.31162 0.034875
0.603015 1.29211 0.0343561
0.61809 1.27373 0.0338669
0.633166 1.25541 0.033379
0.648241 1.2379 0.032914
0.663317 1.22095 0.0324632
0.678392 1.20425 0.0320191
0.693467 1.18826 0.0315943
0.708543 1.17247 0.0311745
0.723618 1.15719 0.0307684
0.738693 1.14234 0.0303741
0.753769 1.12737 0.0299763
0.768844 1.11357 0.02961
0.78392 1.09954 0.0292375
0.798995 1.08599 0.028878
0.81407 1.07293 0.0285315
0.829146 1.05975 0.0281816
0.844221 1.04703 0.0278447
0.859296 1.03468 0.0275167
0.874372 1.02239 0.0271907
0.889447 1.0106 0.0268782
0.904523 0.998585 0.0265595
0.919598 0.987476 0.0262653
0.934673 0.976127 0.0259643
0.949749 0.965109 0.0256724
0.964824 0.954397 0.0253885
0.979899 0.943707 0.0251052
0.994975 0.93333 0.0248306
1.01005 0.923164 0.0245611
1.02513 0.913097 0.0242947
1.0402 0.90327 0.0240345
1.05528 0.893391 0.0237726
1.07035 0.884112 0.0235271
1.08543 0.874669 0.0232769
1.1005 0.865471 0.0230335
1.11558 0.856457 0.0227948
1.13065 0.847462 0.0225567
1.14573 0.838665 0.022324
1.1608 0.830154 0.0220988
1.17588 0.821634 0.0218735
1.19095 0.813329 0.0216539
1.20603 0.804957 0.0214322
1.22111 0.796995 0.0212219
1.23618 0.788942 0.0210088
1.25126 0.781117 0.020802
1.26633 0.773463 0.0205997
1.28141 0.765758 0.0203957
1.29648 0.758193 0.0201957
1.31156 0.750893 0.020003
1.32663 0.743462 0.0198065
1.34171 0.73625 0.0196158
1.35678 0.729061 0.0194259
1.37186 0.722178 0.0192441
1.38693 0.715245 0.0190608
1.40201 0.708403 0.0188804
1.41709 0.701734 0.0187041
1.43216 0.695012 0.0185264
1.44724 0.688413 0.0183524
1.46231 0.682059 0.0181845
1.47739 0.675551 0.0180127
1.49246 0.669306 0.0178478
1.50754 0.662972 0.0176804
1.52261 0.656915 0.0175207
1.53769 0.650828 0.0173598
1.55276 0.644774 0.0172002
1.56784 0.638962 0.0170467
1.58291 0.632985 0.0168888
1.59799 0.627216 0.0167367
1.61307 0.621613 0.0165888
1.62814 0.615833 0.0164363
1.64322 0.610316 0.0162907
1.65829 0.604719 0.0161428
1.67337 0.599378 0.016002
1.68844 0.593942 0.0158581
1.70352 0.588585 0.015717
1.71859 0.583424 0.0155808
1.73367 0.578099 0.0154401
1.74874 0.57292 0.0153036
1.76382 0.56796 0.0151728
1.77889 0.562797 0.0150366
1.79397 0.557795 0.0149046
1.80905 0.552839 0.0147738
1.82412 0.548007 0.0146464
1.8392 0.54318 0.0145187
1.85427 0.538364 0.0143919
1.86935 0.533786 0.0142711
1.88442 0.529007 0.0141449
1.8995 0.524311 0.0140211
1.91457 0.519874 0.0139041
1.92965 0.515262 0.0137824
1.94472 0.510801 0.0136647
1.9598 0.506306 0.0135464
1.97487 0.501975 0.0134321
1.98995 0.497661 0.0133182
2.00503 0.49331 0.0132036
2.0201 0.489206 0.0130954
2.03518 0.484903 0.0129819
2.05025 0.480695 0.0128711
2.06533 0.476689 0.0127655
2.0804 0.472524 0.0126556
2.09548 0.468496 0.0125495
2.11055 0.46444 0.0124427
2.12563 0.460552 0.0123401
2.1407 0.456617 0.0122362
2.15578 0.452694 0.0121329
2.17085 0.44899 0.0120353
2.18593 0.445101 0.0119326
2.20101 0.441295 0.0118325
2.21608 0.437675 0.0117371
2.23116 0.433916 0.011638
2.24623 0.430254 0.0115415
2.26131 0.426572 0.0114445
2.27638 0.423017 0.0113508
2.29146 0.419471 0.0112572
2.30653 0.415906 0.0111633
2.32161 0.412571 0.0110754
2.33668 0.409024 0.0109819
2.35176 0.405556 0.0108906
2.36683 0.40228 0.0108043
2.38191 0.398838 0.0107135
2.39698 0.395534 0.0106266
2.41206 0.392219 0.0105392
2.42714 0.388974 0.0104538
2.44221 0.38576 0.0103688
2.45729 0.382509 0.0102833
2.47236 0.379469 0.0102032
2.48744 0.376215 0.0101173
2.50251 0.373081 0.0100348
2.51759 0.370113 0.00995666
2.53266 0.366948 0.00987314
2.54774 0.363941 0.00979398
2.56281 0.36097 0.0097156
2.57789 0.357979 0.0096369
2.59296 0.355081 0.00956024
2.60804 0.352096 0.00948178
2.62312 0.349334 0.00940905
2.63819 0.346405 0.00933174
2.65327 0.343548 0.00925654
2.66834 0.340831 0.009185
2.68342 0.337958 0.00910924
2.69849 0.33523 0.00903746
2.71357 0.332467 0.00896458
2.72864 0.329784 0.00889393
2.74372 0.327117 0.00882348
2.75879 0.324379 0.00875138
2.77387 0.321865 0.00868521
2.78894 0.319178 0.00861425
2.80402 0.316548 0.00854488
2.8191 0.314101 0.00848054
2.83417 0.311441 0.00841037
2.84925 0.308946 0.00834459
2.86432 0.306446 0.00827879
2.8794 0.303982 0.00821387
2.89447 0.301556 0.00814987
2.90955 0.29907 0.00808425
2.92462 0.29678 0.00802396
2.9397 0.294334 0.00795952
2.95477 0.291942 0.00789629
2.96985 0.289689 0.00783707
2.98492 0.287259 0.00777291
3 0.285008 0.0077135
