0 15.8527 0.46769
0.0150754 6.04113 0.168214
0.0301508 4.7114 0.128689
0.0452261 4.06035 0.110057
0.0603015 3.64791 0.0984469
0.0753769 3.3498 0.0901405
0.0904523 3.11775 0.0837231
0.105528 2.93568 0.0787121
0.120603 2.78019 0.074457
0.135678 2.64779 0.0708461
0.150754 2.53521 0.0677788
0.165829 2.43272 0.0649938
0.180905 2.34462 0.0626044
0.19598 2.2653 0.0604598
0.211055 2.19202 0.0584782
0.226131 2.12609 0.0566983
0.241206 2.06411 0.0550268
0.256281 2.00761 0.0535057
0.271357 1.95518 0.0520941
0.286432 1.90639 0.0507831
0.301508 1.86097 0.0495628
0.316583 1.81724 0.0483888
0.331658 1.77683 0.0473063
0.346734 1.73838 0.046275
0.361809 1.70239 0.0453112
0.376884 1.66749 0.044376
0.39196 1.63437 0.0434897
0.407035 1.60287 0.0426478
0.422111 1.57338 0.0418586
0.437186 1.54425 0.0410801
0.452261 1.51713 0.0403554
0.467337 1.49076 0.0396515
0.482412 1.46521 0.0389695
0.497487 1.4408 0.0383179
0.512563 1.41741 0.0376943
0.527638 1.39496 0.0370962
0.542714 1.37281 0.0365052
0.557789 1.35165 0.0359413
0.572864 1.33145 0.0354029
0.58794 1.31158 0.0348739
0.603015 1.29255 0.0343679
0.61809 1.27368 0.0338654
0.633166 1.25539 0.0333794
0.648241 1.23784 0.032912
0.663317 1.22091 0.0324621
0.678392 1.20444 0.0320245
0.693467 1.18816 0.0315914
0.708543 1.17242 0.0311733
0.723618 1.15726 0.0307703
0.738693 1.1423 0.0303729
0.753769 1.12783 0.0299888
0.768844 1.11349 0.029608
0.78392 1.09959 0.0292393
0.798995 1.08597 0.0288773
0.81407 1.07281 0.028528
0.829146 1.05988 0.0281855
0.844221 1.04704 0.0278447
0.859296 1.03456 0.0275136
0.874372 1.02248 0.0271932
0.889447 1.01052 0.0268761
0.904523 0.999029 0.0265714
0.919598 0.987349 0.0262617
0.934673 0.976153 0.0259652
0.949749 0.965168 0.0256739
0.964824 0.954292 0.0253857
0.979899 0.943767 0.0251068
0.994975 0.933375 0.0248318
1.01005 0.923105 0.0245596
1.02513 0.913095 0.0242945
1.0402 0.903274 0.0240345
1.05528 0.893654 0.0237797
1.07035 0.884088 0.0235263
1.08543 0.87465 0.0232765
1.1005 0.865471 0.0230335
1.11558 0.856431 0.022794
1.13065 0.847438 0.0225562
1.14573 0.838773 0.0223269
1.1608 0.830052 0.0220962
1.17588 0.821674 0.0218746
1.19095 0.813328 0.0216538
1.20603 0.805157 0.0214377
1.22111 0.796949 0.0212205
1.23618 0.788942 0.0210088
1.25126 0.781162 0.0208033
1.26633 0.773418 0.0205983
1.28141 0.765745 0.0203954
1.29648 0.758267 0.0201979
1.31156 0.750789 0.0200001
1.32663 0.743494 0.0198074
1.34171 0.736267 0.0196162
1.35678 0.729222 0.0194303
1.37186 0.722188 0.0192443
1.38693 0.715188 0.0190595
1.40201 0.708473 0.0188822
1.41709 0.701677 0.0187026
1.43216 0.694987 0.0185259
1.44724 0.688525 0.0183552
1.46231 0.681904 0.0181806
1.47739 0.67561 0.0180143
1.49246 0.669298 0.0178474
1.50754 0.663144 0.0176851
1.52261 0.656881 0.0175196
1.53769 0.650767 0.0173583
1.55276 0.644875 0.0172028
1.56784 0.638864 0.017044
1.58291 0.633015 0.0168897
1.59799 0.62728 0.0167384
1.61307 0.621479 0.0165853
1.62814 0.615912 0.0164385
1.64322 0.610293 0.0162899
1.65829 0.604872 0.016147
1.67337 0.599333 0.0160005
1.68844 0.593889 0.0158569
1.70352 0.588696 0.01572
1.71859 0.583356 0.0155788
1.73367 0.578096 0.0154402
1.74874 0.573014 0.0153061
1.76382 0.567859 0.0151701
1.77889 0.562813 0.0150371
1.79397 0.557835 0.0149054
1.80905 0.552942 0.0147766
1.82412 0.547997 0.0146459
1.8392 0.543115 0.0145172
1.85427 0.538488 0.0143952
1.86935 0.533716 0.0142692
1.88442 0.52895 0.0141435
1.8995 0.524423 0.014024
1.91457 0.519784 0.0139017
1.92965 0.515282 0.0137829
1.94472 0.51082 0.0136652
1.9598 0.506415 0.0135492
1.97487 0.501965 0.0134317
1.98995 0.497576 0.013316
2.00503 0.493431 0.0132068
2.0201 0.489136 0.0130935
2.03518 0.484849 0.0129806
2.05025 0.480809 0.012874
2.06533 0.476603 0.0127631
2.0804 0.472555 0.0126566
2.09548 0.468517 0.0125498
2.11055 0.464557 0.0124457
2.12563 0.460534 0.0123394
2.1407 0.45656 0.0122349
2.15578 0.452813 0.0121361
2.17085 0.448908 0.012033
2.18593 0.445065 0.0119318
2.20101 0.441392 0.011835
2.21608 0.437599 0.0117351
2.23116 0.433931 0.0116385
2.24623 0.430265 0.0115417
2.26131 0.426659 0.0114468
2.27638 0.423003 0.0113502
2.29146 0.419413 0.0112558
2.30653 0.416005 0.0111659
2.32161 0.4125 0.0110735
2.33668 0.408987 0.010981
2.35176 0.40566 0.0108933
2.36683 0.402187 0.0108017
2.38191 0.398856 0.0107141
2.39698 0.395572 0.0106274
2.41206 0.392295 0.0105413
2.42714 0.388968 0.0104534
2.44221 0.385693 0.0103672
2.45729 0.38262 0.0102863
2.47236 0.379381 0.0102008
2.48744 0.376196 0.0101169
2.50251 0.373181 0.0100374
2.51759 0.370012 0.00995385
2.53266 0.366962 0.00987368
2.54774 0.363973 0.0097946
2.56281 0.36102 0.00971698
2.57789 0.357991 0.00963695
2.59296 0.355013 0.00955856
2.60804 0.352186 0.00948423
2.62312 0.349274 0.00940732
2.63819 0.346383 0.00933131
2.65327 0.343628 0.0092587
2.66834 0.340728 0.0091822
2.68342 0.337997 0.0091104
2.69849 0.335266 0.00903831
2.71357 0.332536 0.00896645
2.72864 0.329788 0.00889388
2.74372 0.327036 0.00882135
2.75879 0.324497 0.00875462
2.77387 0.321802 0.00868344
2.78894 0.319138 0.00861323
2.80402 0.316656 0.00854787
2.8191 0.313978 0.00847718
2.83417 0.311482 0.00841148
2.84925 0.30899 0.00834573
2.86432 0.306493 0.00828005
2.8794 0.303994 0.00821412
2.89447 0.301486 0.00814795
2.90955 0.299162 0.00808682
2.92462 0.296721 0.00802239
2.9397 0.294316 0.00795893
2.95477 0.292025 0.0078987
2.96985 0.289583 0.00783413
2.98492 0.287307 0.0077742
3 0.285024 0.007714
