0 8.8234 0.245857
0.0150754 5.87101 0.162096
0.0301508 4.6984 0.128238
0.0452261 4.05924 0.109991
0.0603015 3.64949 0.0984886
0.0753769 3.3473 0.0900764
0.0904523 3.12087 0.083806
0.105528 2.93433 0.0786822
0.120603 2.78097 0.0744797
0.135678 2.64914 0.0708779
0.150754 2.53371 0.0677378
0.165829 2.43363 0.0650172
0.180905 2.34415 0.0625904
0.19598 2.26539 0.0604617
0.211055 2.19217 0.0584812
0.226131 2.1249 0.0566673
0.241206 2.06541 0.0550637
0.256281 2.00726 0.0534952
0.271357 1.95526 0.0520976
0.286432 1.90657 0.0507879
0.301508 1.86064 0.049554
0.316583 1.81745 0.0483944
0.331658 1.77669 0.0473016
0.346734 1.73848 0.0462782
0.361809 1.70234 0.0453097
0.376884 1.66711 0.0443656
0.39196 1.6348 0.0435013
0.407035 1.60293 0.0426491
0.422111 1.57314 0.0418531
0.437186 1.54462 0.0410898
0.452261 1.51656 0.0403406
0.467337 1.49086 0.0396541
0.482412 1.46532 0.0389718
0.497487 1.44075 0.038317
0.512563 1.41748 0.0376962
0.527638 1.39459 0.0370859
0.542714 1.37305 0.036512
0.557789 1.35179 0.0359449
0.572864 1.33131 0.0353994
0.58794 1.31159 0.0348744
0.603015 1.29227 0.0343605
0.61809 1.27368 0.0338656
0.633166 1.25553 0.0333826
0.648241 1.23785 0.0329128
0.663317 1.22092 0.0324624
0.678392 1.20426 0.0320194
0.693467 1.18831 0.0315954
0.708543 1.17244 0.0311737
0.723618 1.1572 0.0307687
0.738693 1.14231 0.0303734
0.753769 1.12764 0.0299836
0.768844 1.11353 0.0296089
0.78392 1.09962 0.0292397
0.798995 1.08596 0.0288772
0.81407 1.07293 0.0285314
0.829146 1.05976 0.0281819
0.844221 1.04706 0.0278453
0.859296 1.03464 0.0275157
0.874372 1.0224 0.027191
0.889447 1.01058 0.0268778
0.904523 0.998829 0.0265661
0.919598 0.987459 0.0262648
0.934673 0.976174 0.0259657
0.949749 0.965086 0.0256717
0.964824 0.954385 0.0253882
0.979899 0.94373 0.0251058
0.994975 0.933341 0.0248308
1.01005 0.923126 0.0245601
1.02513 0.913094 0.0242946
1.0402 0.903265 0.0240344
1.05528 0.89358 0.0237778
1.07035 0.884102 0.0235269
1.08543 0.874718 0.0232783
1.1005 0.865449 0.0230329
1.11558 0.856435 0.0227942
1.13065 0.847481 0.0225572
1.14573 0.838677 0.0223243
1.1608 0.830135 0.0220983
1.17588 0.82162 0.0218731
1.19095 0.813321 0.0216537
1.20603 0.805033 0.0214343
1.22111 0.796984 0.0212215
1.23618 0.788982 0.0210099
1.25126 0.781112 0.0208019
1.26633 0.773439 0.020599
1.28141 0.76577 0.020396
1.29648 0.758208 0.0201961
1.31156 0.750878 0.0200026
1.32663 0.743448 0.0198061
1.34171 0.736249 0.0196157
1.35678 0.729119 0.0194275
1.37186 0.722179 0.0192442
1.38693 0.715266 0.0190614
1.40201 0.708398 0.0188803
1.41709 0.701717 0.0187037
1.43216 0.695024 0.0185267
1.44724 0.688422 0.0183526
1.46231 0.682047 0.0181842
1.47739 0.675547 0.0180127
1.49246 0.669292 0.0178474
1.50754 0.662994 0.0176811
1.52261 0.656923 0.0175209
1.53769 0.650847 0.0173603
1.55276 0.644765 0.0171999
1.56784 0.638948 0.0170463
1.58291 0.632996 0.0168891
1.59799 0.627224 0.0167369
1.61307 0.6216 0.0165884
1.62814 0.615832 0.0164362
1.64322 0.610308 0.0162905
1.65829 0.604755 0.0161438
1.67337 0.59939 0.0160023
1.68844 0.593956 0.0158585
1.70352 0.588584 0.015717
1.71859 0.583409 0.0155804
1.73367 0.578112 0.0154405
1.74874 0.572924 0.0153037
1.76382 0.567942 0.0151723
1.77889 0.562799 0.0150366
1.79397 0.557789 0.0149045
1.80905 0.552875 0.0147748
1.82412 0.548019 0.0146467
1.8392 0.543196 0.0145192
1.85427 0.538366 0.014392
1.86935 0.533767 0.0142705
1.88442 0.529018 0.0141452
1.8995 0.524315 0.0140212
1.91457 0.519858 0.0139036
1.92965 0.515268 0.0137826
1.94472 0.510793 0.0136646
1.9598 0.506347 0.0135473
1.97487 0.501983 0.0134323
1.98995 0.497677 0.0133186
2.00503 0.493312 0.0132036
2.0201 0.489183 0.0130948
2.03518 0.484909 0.012982
2.05025 0.480704 0.0128713
2.06533 0.476678 0.0127651
2.0804 0.472525 0.0126557
2.09548 0.468498 0.0125495
2.11055 0.464472 0.0124433
2.12563 0.460563 0.0123404
2.1407 0.45663 0.0122366
2.15578 0.452697 0.012133
2.17085 0.448973 0.0120348
2.18593 0.445104 0.0119327
2.20101 0.441303 0.0118327
2.21608 0.437666 0.0117369
2.23116 0.433918 0.011638
2.24623 0.430251 0.0115415
2.26131 0.42659 0.0114449
2.27638 0.423025 0.011351
2.29146 0.419481 0.0112574
2.30653 0.41591 0.0111634
2.32161 0.412554 0.0110749
2.33668 0.409028 0.010982
2.35176 0.405563 0.0108908
2.36683 0.40227 0.010804
2.38191 0.398843 0.0107136
2.39698 0.395536 0.0106266
2.41206 0.392214 0.010539
2.42714 0.388983 0.010454
2.44221 0.385765 0.010369
2.45729 0.382513 0.0102835
2.47236 0.379456 0.0102029
2.48744 0.376218 0.0101174
2.50251 0.373087 0.010035
2.51759 0.370103 0.00995636
2.53266 0.366958 0.00987341
2.54774 0.363932 0.00979376
2.56281 0.360954 0.00971509
2.57789 0.357988 0.00963712
2.59296 0.355091 0.00956053
2.60804 0.3521 0.00948186
2.62312 0.349324 0.00940875
2.63819 0.346405 0.00933175
2.65327 0.343553 0.00925669
2.66834 0.340822 0.00918473
2.68342 0.337967 0.00910947
2.69849 0.335229 0.00903747
2.71357 0.332445 0.00896395
2.72864 0.329792 0.00889414
2.74372 0.327125 0.0088237
2.75879 0.324384 0.00875152
2.77387 0.321853 0.00868488
2.78894 0.319178 0.00861427
2.80402 0.316556 0.00854511
2.8191 0.314094 0.00848034
2.83417 0.311443 0.00841041
2.84925 0.308947 0.00834463
2.86432 0.306412 0.00827781
2.8794 0.303991 0.0082141
2.89447 0.301563 0.00815004
2.90955 0.299075 0.00808438
2.92462 0.29677 0.0080237
2.9397 0.294334 0.00795952
2.95477 0.291948 0.00789645
2.96985 0.289682 0.00783688
2.98492 0.287262 0.00777295
3 0.285008 0.00771352
