0 5.855 0.158419
0.0150754 5.018 0.135794
0.0301508 4.40165 0.118964
0.0452261 3.94204 0.106333
0.0603015 3.59773 0.0968676
0.0753769 3.32242 0.0892975
0.0904523 3.10808 0.0834078
0.105528 2.92775 0.0784775
0.120603 2.77711 0.0743601
0.135678 2.64686 0.0708085
0.150754 2.5325 0.0677006
0.165829 2.43304 0.0649985
0.180905 2.34343 0.0625687
0.19598 2.26513 0.060453
0.211055 2.19188 0.0584721
0.226131 2.12481 0.0566642
0.241206 2.06519 0.0550566
0.256281 2.00721 0.0534938
0.271357 1.95512 0.0520934
0.286432 1.90655 0.0507875
0.301508 1.86031 0.0495444
0.316583 1.8175 0.0483958
0.331658 1.77662 0.0472997
0.346734 1.73852 0.046279
0.361809 1.70225 0.0453076
0.376884 1.66718 0.0443677
0.39196 1.63474 0.0434997
0.407035 1.6029 0.0426483
0.422111 1.5731 0.041852
0.437186 1.54465 0.0410905
0.452261 1.51643 0.0403363
0.467337 1.49091 0.0396553
0.482412 1.46528 0.038971
0.497487 1.44078 0.0383176
0.512563 1.41745 0.0376953
0.527638 1.39462 0.0370867
0.542714 1.37306 0.0365121
0.557789 1.35177 0.0359445
0.572864 1.3313 0.0353992
0.58794 1.3116 0.0348747
0.603015 1.2922 0.0343581
0.61809 1.27373 0.0338671
0.633166 1.25549 0.0333814
0.648241 1.23787 0.0329132
0.663317 1.22089 0.0324616
0.678392 1.20428 0.03202
0.693467 1.18829 0.0315949
0.708543 1.17244 0.0311738
0.723618 1.15721 0.030769
0.738693 1.14231 0.0303735
0.753769 1.12757 0.0299814
0.768844 1.11355 0.0296095
0.78392 1.09959 0.0292389
0.798995 1.08598 0.0288778
0.81407 1.0729 0.0285307
0.829146 1.05978 0.0281824
0.844221 1.04703 0.0278446
0.859296 1.03465 0.0275162
0.874372 1.0224 0.0271911
0.889447 1.0106 0.0268783
0.904523 0.99872 0.026563
0.919598 0.987492 0.0262656
0.934673 0.976131 0.0259645
0.949749 0.965104 0.0256722
0.964824 0.954371 0.0253879
0.979899 0.94374 0.0251061
0.994975 0.933331 0.0248305
1.01005 0.923129 0.0245602
1.02513 0.913096 0.0242947
1.0402 0.903279 0.0240348
1.05528 0.893502 0.0237757
1.07035 0.884122 0.0235274
1.08543 0.874689 0.0232775
1.1005 0.865464 0.0230332
1.11558 0.856418 0.0227938
1.13065 0.847488 0.0225574
1.14573 0.838667 0.022324
1.1608 0.830138 0.0220985
1.17588 0.821626 0.0218733
1.19095 0.813335 0.0216541
1.20603 0.805001 0.0214334
1.22111 0.797002 0.021222
1.23618 0.788961 0.0210094
1.25126 0.781117 0.0208019
1.26633 0.773426 0.0205987
1.28141 0.765779 0.0203963
1.29648 0.7582 0.0201959
1.31156 0.750879 0.0200026
1.32663 0.743455 0.0198063
1.34171 0.736254 0.0196159
1.35678 0.729121 0.0194275
1.37186 0.722196 0.0192446
1.38693 0.715244 0.0190608
1.40201 0.7084 0.0188803
1.41709 0.701713 0.0187036
1.43216 0.695027 0.0185268
1.44724 0.688418 0.0183524
1.46231 0.682048 0.0181843
1.47739 0.675556 0.0180129
1.49246 0.669296 0.0178476
1.50754 0.662989 0.0176808
1.52261 0.656942 0.0175214
1.53769 0.650824 0.0173597
1.55276 0.644776 0.0172002
1.56784 0.638937 0.0170461
1.58291 0.632998 0.0168892
1.59799 0.627225 0.016737
1.61307 0.621597 0.0165884
1.62814 0.615842 0.0164365
1.64322 0.610307 0.0162905
1.65829 0.604715 0.0161426
1.67337 0.599406 0.0160027
1.68844 0.593939 0.0158581
1.70352 0.588593 0.0157172
1.71859 0.583399 0.0155801
1.73367 0.578111 0.0154404
1.74874 0.572926 0.0153038
1.76382 0.567939 0.0151723
1.77889 0.562806 0.0150368
1.79397 0.557797 0.0149047
1.80905 0.55284 0.0147737
1.82412 0.548035 0.0146472
1.8392 0.543183 0.0145188
1.85427 0.538373 0.0143921
1.86935 0.533757 0.0142703
1.88442 0.529016 0.0141451
1.8995 0.524313 0.0140211
1.91457 0.519853 0.0139035
1.92965 0.515277 0.0137828
1.94472 0.510801 0.0136648
1.9598 0.506328 0.0135468
1.97487 0.501998 0.0134328
1.98995 0.497662 0.0133182
2.00503 0.493318 0.0132038
2.0201 0.489174 0.0130946
2.03518 0.484909 0.012982
2.05025 0.480704 0.0128713
2.06533 0.476669 0.0127649
2.0804 0.472537 0.012656
2.09548 0.468504 0.0125497
2.11055 0.46445 0.0124427
2.12563 0.460577 0.0123408
2.1407 0.456619 0.0122363
2.15578 0.452701 0.0121331
2.17085 0.448967 0.0120346
2.18593 0.445106 0.0119328
2.20101 0.4413 0.0118326
2.21608 0.43766 0.0117367
2.23116 0.433928 0.0116383
2.24623 0.430258 0.0115417
2.26131 0.426562 0.0114441
2.27638 0.42304 0.0113514
2.29146 0.419469 0.0112571
2.30653 0.415912 0.0111635
2.32161 0.412547 0.0110748
2.33668 0.409031 0.0109821
2.35176 0.405557 0.0108906
2.36683 0.402268 0.0108039
2.38191 0.398849 0.0107138
2.39698 0.395542 0.0106268
2.41206 0.392186 0.0105382
2.42714 0.389 0.0104545
2.44221 0.385753 0.0103686
2.45729 0.382516 0.0102835
2.47236 0.379453 0.0102028
2.48744 0.37622 0.0101174
2.50251 0.373082 0.0100348
2.51759 0.370102 0.00995637
2.53266 0.366963 0.00987352
2.54774 0.36394 0.00979397
2.56281 0.36095 0.009715
2.57789 0.358003 0.00963754
2.59296 0.355078 0.00956018
2.60804 0.352106 0.00948201
2.62312 0.349319 0.00940866
2.63819 0.346405 0.00933176
2.65327 0.34355 0.0092566
2.66834 0.340819 0.00918467
2.68342 0.337975 0.00910967
2.69849 0.335235 0.00903762
2.71357 0.332454 0.0089642
2.72864 0.329806 0.0088945
2.74372 0.327113 0.00882339
2.75879 0.324389 0.00875163
2.77387 0.32185 0.00868481
2.78894 0.319175 0.00861418
2.80402 0.316556 0.00854509
2.8191 0.314088 0.00848019
2.83417 0.311451 0.00841059
2.84925 0.308953 0.00834481
2.86432 0.306417 0.00827794
2.8794 0.304006 0.0082145
2.89447 0.301555 0.00814982
2.90955 0.299077 0.00808444
2.92462 0.296769 0.00802365
2.9397 0.294329 0.00795939
2.95477 0.29195 0.00789649
2.96985 0.289676 0.00783677
2.98492 0.28727 0.00777315
3 0.285013 0.00771368
