0 3.09007 0.0820865
0.0150754 2.99279 0.0795215
0.0301508 2.89954 0.0770601
0.0452261 2.8103 0.0747017
0.0603015 2.72568 0.0724623
0.0753769 2.64402 0.070301
0.0904523 2.56814 0.068289
0.105528 2.49361 0.0663126
0.120603 2.42439 0.0644751
0.135678 2.35888 0.0627376
0.150754 2.295 0.0610401
0.165829 2.23593 0.0594715
0.180905 2.17878 0.0579506
0.19598 2.12568 0.0565396
0.211055 2.07439 0.0551738
0.226131 2.02513 0.0538626
0.241206 1.97972 0.0526554
0.256281 1.93429 0.0514444
0.271357 1.89196 0.0503174
0.286432 1.85225 0.0492616
0.301508 1.81313 0.048217
0.316583 1.77691 0.0472538
0.331658 1.74112 0.0463002
0.346734 1.70756 0.0454077
0.361809 1.67502 0.044541
0.376884 1.6432 0.0436925
0.39196 1.61374 0.0429086
0.407035 1.5844 0.0421273
0.422111 1.55665 0.0413886
0.437186 1.53009 0.0406808
0.452261 1.50356 0.0399738
0.467337 1.47944 0.0393323
0.482412 1.45508 0.0386835
0.497487 1.43173 0.0380629
0.512563 1.40938 0.0374682
0.527638 1.3874 0.0368833
0.542714 1.36661 0.0363304
0.557789 1.34598 0.0357812
0.572864 1.32605 0.0352514
0.58794 1.30693 0.0347432
0.603015 1.28797 0.0342391
0.61809 1.26991 0.0337595
0.633166 1.25205 0.0332846
0.648241 1.23476 0.0328255
0.663317 1.21809 0.0323826
0.678392 1.20174 0.0319483
0.693467 1.18597 0.0315296
0.708543 1.17034 0.0311146
0.723618 1.15531 0.0307152
0.738693 1.14056 0.0303242
0.753769 1.12597 0.0299363
0.768844 1.11209 0.0295682
0.78392 1.09824 0.0292009
0.798995 1.08476 0.0288433
0.81407 1.0718 0.0284995
0.829146 1.05876 0.0281536
0.844221 1.0461 0.0278182
0.859296 1.03381 0.0274923
0.874372 1.02162 0.0271692
0.889447 1.00988 0.0268579
0.904523 0.998069 0.0265446
0.919598 0.986889 0.0262486
0.934673 0.975572 0.0259487
0.949749 0.964591 0.0256577
0.964824 0.953896 0.0253744
0.979899 0.94331 0.0250939
0.994975 0.932935 0.0248193
1.01005 0.922767 0.02455
1.02513 0.912769 0.0242854
1.0402 0.902972 0.0240261
1.05528 0.89322 0.0237677
1.07035 0.883862 0.02352
1.08543 0.874445 0.0232706
1.1005 0.865237 0.0230268
1.11558 0.85621 0.0227879
1.13065 0.847299 0.022552
1.14573 0.838489 0.022319
1.1608 0.829971 0.0220937
1.17588 0.821474 0.021869
1.19095 0.813192 0.02165
1.20603 0.804871 0.0214298
1.22111 0.796881 0.0212186
1.23618 0.78885 0.0210062
1.25126 0.781016 0.020799
1.26633 0.77333 0.020596
1.28141 0.765691 0.0203937
1.29648 0.758119 0.0201935
1.31156 0.7508 0.0200004
1.32663 0.743385 0.0198043
1.34171 0.736188 0.0196141
1.35678 0.72906 0.0194257
1.37186 0.722139 0.019243
1.38693 0.71519 0.0190593
1.40201 0.70835 0.0188789
1.41709 0.701666 0.0187023
1.43216 0.694983 0.0185256
1.44724 0.688378 0.0183513
1.46231 0.682009 0.0181832
1.47739 0.675523 0.0180119
1.49246 0.669265 0.0178467
1.50754 0.66296 0.01768
1.52261 0.656915 0.0175206
1.53769 0.650797 0.0173589
1.55276 0.644752 0.0171995
1.56784 0.638914 0.0170454
1.58291 0.632976 0.0168886
1.59799 0.627206 0.0167364
1.61307 0.621578 0.0165878
1.62814 0.615825 0.016436
1.64322 0.610291 0.01629
1.65829 0.6047 0.0161422
1.67337 0.599391 0.0160023
1.68844 0.593925 0.0158577
1.70352 0.58858 0.0157168
1.71859 0.583387 0.0155798
1.73367 0.5781 0.0154401
1.74874 0.572916 0.0153035
1.76382 0.567929 0.015172
1.77889 0.562798 0.0150366
1.79397 0.557788 0.0149044
1.80905 0.552832 0.0147735
1.82412 0.548027 0.0146469
1.8392 0.543176 0.0145187
1.85427 0.538367 0.014392
1.86935 0.533751 0.0142701
1.88442 0.529011 0.014145
1.8995 0.524308 0.014021
1.91457 0.519848 0.0139033
1.92965 0.515272 0.0137827
1.94472 0.510796 0.0136646
1.9598 0.506324 0.0135466
1.97487 0.501994 0.0134326
1.98995 0.497657 0.0133181
2.00503 0.493314 0.0132037
2.0201 0.489171 0.0130945
2.03518 0.484905 0.0129819
2.05025 0.4807 0.0128712
2.06533 0.476666 0.0127648
2.0804 0.472535 0.0126559
2.09548 0.468502 0.0125496
2.11055 0.464447 0.0124427
2.12563 0.460575 0.0123407
2.1407 0.456617 0.0122362
2.15578 0.452699 0.012133
2.17085 0.448965 0.0120346
2.18593 0.445105 0.0119327
2.20101 0.441298 0.0118326
2.21608 0.437659 0.0117367
2.23116 0.433926 0.0116383
2.24623 0.430257 0.0115416
2.26131 0.42656 0.011444
2.27638 0.423039 0.0113514
2.29146 0.419468 0.0112571
2.30653 0.415911 0.0111634
2.32161 0.412546 0.0110747
2.33668 0.40903 0.0109821
2.35176 0.405556 0.0108906
2.36683 0.402267 0.0108039
2.38191 0.398849 0.0107138
2.39698 0.395541 0.0106268
2.41206 0.392185 0.0105382
2.42714 0.388999 0.0104544
2.44221 0.385752 0.0103686
2.45729 0.382515 0.0102835
2.47236 0.379452 0.0102028
2.48744 0.376219 0.0101174
2.50251 0.373082 0.0100348
2.51759 0.370101 0.00995635
2.53266 0.366963 0.00987351
2.54774 0.363939 0.00979396
2.56281 0.36095 0.00971499
2.57789 0.358003 0.00963753
2.59296 0.355078 0.00956017
2.60804 0.352106 0.009482
2.62312 0.349319 0.00940864
2.63819 0.346405 0.00933175
2.65327 0.34355 0.00925659
2.66834 0.340818 0.00918466
2.68342 0.337975 0.00910966
2.69849 0.335234 0.00903761
2.71357 0.332453 0.0089642
2.72864 0.329805 0.00889449
2.74372 0.327113 0.00882338
2.75879 0.324388 0.00875162
2.77387 0.32185 0.00868481
2.78894 0.319175 0.00861418
2.80402 0.316556 0.00854509
2.8191 0.314088 0.00848019
2.83417 0.311451 0.00841058
2.84925 0.308953 0.00834481
2.86432 0.306417 0.00827794
2.8794 0.304006 0.00821449
2.89447 0.301554 0.00814981
2.90955 0.299077 0.00808444
2.92462 0.296769 0.00802365
2.9397 0.294329 0.00795939
2.95477 0.291949 0.00789648
2.96985 0.289676 0.00783677
2.98492 0.28727 0.00777314
3 0.285013 0.00771368
