0 4.02153 0.107363
0.0150754 3.78653 0.101127
0.0301508 3.57558 0.0955178
0.0452261 3.3842 0.0904099
0.0603015 3.21255 0.0858254
0.0753769 3.05602 0.0816318
0.0904523 2.91678 0.0778984
0.105528 2.78914 0.0744774
0.120603 2.67522 0.0714155
0.135678 2.57171 0.0686348
0.150754 2.47585 0.0660614
0.165829 2.3902 0.063758
0.180905 2.31058 0.0616169
0.19598 2.23953 0.0597108
0.211055 2.17205 0.0578969
0.226131 2.10937 0.0562153
0.241206 2.05276 0.0546963
0.256281 1.99736 0.0532078
0.271357 1.94708 0.0518599
0.286432 1.90015 0.0506018
0.301508 1.85497 0.0493891
0.316583 1.81323 0.0482721
0.331658 1.77302 0.047195
0.346734 1.73557 0.0461939
0.361809 1.69972 0.0452345
0.376884 1.66508 0.0443067
0.39196 1.63302 0.04345
0.407035 1.60142 0.0426056
0.422111 1.57183 0.0418154
0.437186 1.54358 0.0410599
0.452261 1.51552 0.0403102
0.467337 1.49012 0.0396328
0.482412 1.46463 0.0389522
0.497487 1.44021 0.0383013
0.512563 1.41695 0.0376811
0.527638 1.39421 0.0370749
0.542714 1.37272 0.0365021
0.557789 1.35147 0.0359356
0.572864 1.33103 0.0353914
0.58794 1.31137 0.0348679
0.603015 1.292 0.0343522
0.61809 1.27355 0.0338619
0.633166 1.25533 0.033377
0.648241 1.23774 0.0329093
0.663317 1.22078 0.0324583
0.678392 1.20418 0.0320171
0.693467 1.18819 0.0315922
0.708543 1.17236 0.0311715
0.723618 1.15715 0.030767
0.738693 1.14225 0.0303717
0.753769 1.12751 0.0299798
0.768844 1.1135 0.029608
0.78392 1.09954 0.0292376
0.798995 1.08594 0.0288767
0.81407 1.07286 0.0285297
0.829146 1.05975 0.0281815
0.844221 1.04701 0.0278437
0.859296 1.03463 0.0275154
0.874372 1.02238 0.0271904
0.889447 1.01058 0.0268777
0.904523 0.998701 0.0265625
0.919598 0.987475 0.0262651
0.934673 0.976115 0.0259641
0.949749 0.965091 0.0256719
0.964824 0.954359 0.0253875
0.979899 0.94373 0.0251058
0.994975 0.933322 0.0248303
1.01005 0.923121 0.02456
1.02513 0.91309 0.0242945
1.0402 0.903273 0.0240346
1.05528 0.893496 0.0237755
1.07035 0.884117 0.0235272
1.08543 0.874684 0.0232774
1.1005 0.865459 0.0230331
1.11558 0.856414 0.0227937
1.13065 0.847484 0.0225573
1.14573 0.838663 0.0223239
1.1608 0.830134 0.0220984
1.17588 0.821623 0.0218732
1.19095 0.813332 0.021654
1.20603 0.804998 0.0214334
1.22111 0.797 0.021222
1.23618 0.788958 0.0210093
1.25126 0.781116 0.0208019
1.26633 0.773424 0.0205987
1.28141 0.765777 0.0203962
1.29648 0.758199 0.0201958
1.31156 0.750877 0.0200026
1.32663 0.743453 0.0198062
1.34171 0.736253 0.0196159
1.35678 0.72912 0.0194274
1.37186 0.722195 0.0192446
1.38693 0.715243 0.0190608
1.40201 0.7084 0.0188803
1.41709 0.701712 0.0187036
1.43216 0.695026 0.0185268
1.44724 0.688417 0.0183524
1.46231 0.682047 0.0181843
1.47739 0.675555 0.0180129
1.49246 0.669295 0.0178476
1.50754 0.662989 0.0176808
1.52261 0.656942 0.0175214
1.53769 0.650823 0.0173597
1.55276 0.644776 0.0172002
1.56784 0.638937 0.0170461
1.58291 0.632997 0.0168892
1.59799 0.627225 0.016737
1.61307 0.621597 0.0165884
1.62814 0.615841 0.0164365
1.64322 0.610307 0.0162905
1.65829 0.604715 0.0161426
1.67337 0.599406 0.0160027
1.68844 0.593938 0.0158581
1.70352 0.588593 0.0157172
1.71859 0.583399 0.0155801
1.73367 0.57811 0.0154404
1.74874 0.572926 0.0153038
1.76382 0.567939 0.0151723
1.77889 0.562806 0.0150368
1.79397 0.557797 0.0149047
1.80905 0.55284 0.0147737
1.82412 0.548035 0.0146472
1.8392 0.543183 0.0145188
1.85427 0.538373 0.0143921
1.86935 0.533757 0.0142703
1.88442 0.529016 0.0141451
1.8995 0.524313 0.0140211
1.91457 0.519853 0.0139035
1.92965 0.515277 0.0137828
1.94472 0.510801 0.0136648
1.9598 0.506328 0.0135468
1.97487 0.501998 0.0134328
1.98995 0.497662 0.0133182
2.00503 0.493318 0.0132038
2.0201 0.489174 0.0130946
2.03518 0.484909 0.012982
2.05025 0.480704 0.0128713
2.06533 0.476669 0.0127649
2.0804 0.472537 0.012656
2.09548 0.468504 0.0125497
2.11055 0.46445 0.0124427
2.12563 0.460577 0.0123408
2.1407 0.456619 0.0122363
2.15578 0.452701 0.0121331
2.17085 0.448967 0.0120346
2.18593 0.445106 0.0119328
2.20101 0.4413 0.0118326
2.21608 0.43766 0.0117367
2.23116 0.433928 0.0116383
2.24623 0.430258 0.0115417
2.26131 0.426562 0.0114441
2.27638 0.42304 0.0113514
2.29146 0.419469 0.0112571
2.30653 0.415912 0.0111635
2.32161 0.412547 0.0110748
2.33668 0.409031 0.0109821
2.35176 0.405557 0.0108906
2.36683 0.402268 0.0108039
2.38191 0.398849 0.0107138
2.39698 0.395542 0.0106268
2.41206 0.392186 0.0105382
2.42714 0.389 0.0104545
2.44221 0.385753 0.0103686
2.45729 0.382516 0.0102835
2.47236 0.379453 0.0102028
2.48744 0.37622 0.0101174
2.50251 0.373082 0.0100348
2.51759 0.370102 0.00995637
2.53266 0.366963 0.00987352
2.54774 0.36394 0.00979397
2.56281 0.36095 0.009715
2.57789 0.358003 0.00963754
2.59296 0.355078 0.00956018
2.60804 0.352106 0.00948201
2.62312 0.349319 0.00940866
2.63819 0.346405 0.00933176
2.65327 0.34355 0.0092566
2.66834 0.340819 0.00918467
2.68342 0.337975 0.00910967
2.69849 0.335235 0.00903762
2.71357 0.332454 0.0089642
2.72864 0.329806 0.0088945
2.74372 0.327113 0.00882339
2.75879 0.324389 0.00875163
2.77387 0.32185 0.00868481
2.78894 0.319175 0.00861418
2.80402 0.316556 0.00854509
2.8191 0.314088 0.00848019
2.83417 0.311451 0.00841059
2.84925 0.308953 0.00834481
2.86432 0.306417 0.00827794
2.8794 0.304006 0.0082145
2.89447 0.301555 0.00814982
2.90955 0.299077 0.00808444
2.92462 0.296769 0.00802365
2.9397 0.294329 0.00795939
2.95477 0.29195 0.00789649
2.96985 0.289676 0.00783677
2.98492 0.28727 0.00777315
3 0.285013 0.00771368
