0 -6.78564 0.185201
0.0150754 -8.80289 0.238799
0.0301508 -11.2054 0.299776
0.0452261 -12.9331 0.342767
0.0603015 -14.0355 0.370345
0.0753769 -14.7089 0.387508
0.0904523 -15.2206 0.400629
0.105528 -15.6099 0.410681
0.120603 -15.9303 0.418985
0.135678 -16.1949 0.425845
0.150754 -16.4314 0.431989
0.165829 -16.6319 0.437207
0.180905 -16.8022 0.44164
0.19598 -16.9473 0.445435
0.211055 -17.0906 0.449167
0.226131 -17.2202 0.452551
0.241206 -17.3417 0.455713
0.256281 -17.4407 0.458307
0.271357 -17.5405 0.460912
0.286432 -17.6327 0.463316
0.301508 -17.696 0.464987
0.316583 -17.7959 0.467582
0.331658 -17.8442 0.46886
0.346734 -17.9348 0.471216
0.361809 -17.9734 0.472241
0.376884 -18.0345 0.473836
0.39196 -18.1081 0.475754
0.407035 -18.1571 0.477039
0.422111 -18.1758 0.477542
0.437186 -18.2688 0.479956
0.452261 -18.3117 0.481081
0.467337 -18.3553 0.482222
0.482412 -18.3678 0.482559
0.497487 -18.4137 0.483758
0.512563 -18.421 0.48396
0.527638 -18.507 0.486196
0.542714 -18.5139 0.486385
0.557789 -18.5699 0.487847
0.572864 -18.6135 0.488984
0.58794 -18.6332 0.489504
0.603015 -18.5949 0.488513
0.61809 -18.6339 0.489532
0.633166 -18.664 0.49032
0.648241 -18.6128 0.488982
0.663317 -18.6993 0.491248
0.678392 -18.687 0.490925
0.693467 -18.8113 0.494174
0.708543 -18.7517 0.492619
0.723618 -18.8569 0.495369
0.738693 -18.8426 0.494998
0.753769 -18.7014 0.491295
0.768844 -18.923 0.497102
0.78392 -18.8197 0.494396
0.798995 -18.8568 0.495369
0.81407 -18.9698 0.498331
0.829146 -18.8226 0.494465
0.844221 -19.0286 0.499867
0.859296 -18.9752 0.498476
0.874372 -19.0401 0.500171
0.889447 -18.9131 0.496839
0.904523 -18.9244 0.497135
0.919598 -19.0931 0.501561
0.934673 -18.936 0.497443
0.949749 -18.9853 0.498732
0.964824 -19.0303 0.499921
0.979899 -19.0283 0.49986
0.994975 -19.0974 0.501676
1.01005 -19.0466 0.50034
1.02513 -19.0402 0.500173
1.0402 -19.0911 0.501506
1.05528 -19.0859 0.501371
1.07035 -19.1383 0.502748
1.08543 -19.1855 0.503988
1.1005 -19.0984 0.501705
1.11558 -19.0538 0.500527
1.13065 -19.21 0.504631
1.14573 -19.0778 0.501157
1.1608 -19.1804 0.503848
1.17588 -19.1461 0.502951
1.19095 -19.1848 0.503966
1.20603 -19.2399 0.505408
1.22111 -19.2293 0.505135
1.23618 -19.1757 0.503725
1.25126 -19.1826 0.503906
1.26633 -19.1866 0.504011
1.28141 -19.1531 0.503132
1.29648 -19.2985 0.506955
1.31156 -19.27 0.506201
1.32663 -19.259 0.505917
1.34171 -19.2806 0.506481
1.35678 -19.3409 0.50806
1.37186 -19.2381 0.505362
1.38693 -19.293 0.506801
1.40201 -19.3051 0.50712
1.41709 -19.3548 0.508426
1.43216 -19.2888 0.506693
1.44724 -19.2463 0.505577
1.46231 -19.3153 0.507389
1.47739 -19.3036 0.507082
1.49246 -19.2787 0.506428
1.50754 -19.3049 0.507114
1.52261 -19.3065 0.507157
1.53769 -19.435 0.510528
1.55276 -19.3985 0.509569
1.56784 -19.3211 0.50754
1.58291 -19.2786 0.506425
1.59799 -19.3477 0.508237
1.61307 -19.4062 0.509772
1.62814 -19.3117 0.507292
1.64322 -19.3101 0.507251
1.65829 -19.3874 0.509279
1.67337 -19.4018 0.509656
1.68844 -19.3893 0.509333
1.70352 -19.4718 0.511494
1.71859 -19.3722 0.508878
1.73367 -19.3735 0.508914
1.74874 -19.3244 0.507625
1.76382 -19.449 0.510895
1.77889 -19.383 0.509164
1.79397 -19.2769 0.506377
1.80905 -19.365 0.508691
1.82412 -19.4055 0.509754
1.8392 -19.3492 0.50828
1.85427 -19.4867 0.511884
1.86935 -19.4069 0.509791
1.88442 -19.4511 0.510949
1.8995 -19.3561 0.508456
1.91457 -19.3255 0.507654
1.92965 -19.1992 0.50434
1.94472 -19.3699 0.508817
1.9598 -19.4969 0.51215
1.97487 -19.3378 0.507977
1.98995 -19.2794 0.506444
2.00503 -19.4675 0.511379
2.0201 -19.4614 0.51122
2.03518 -19.5289 0.512991
2.05025 -19.433 0.510475
2.06533 -19.4127 0.509942
2.0804 -19.3477 0.508236
2.09548 -19.4465 0.510827
2.11055 -19.5223 0.512818
2.12563 -19.4761 0.511605
2.1407 -19.4449 0.510785
2.15578 -19.489 0.511944
2.17085 -19.5009 0.512257
2.18593 -19.5506 0.51356
2.20101 -19.4808 0.511728
2.21608 -19.4489 0.510892
2.23116 -19.4247 0.510257
2.24623 -19.5107 0.512512
2.26131 -19.5435 0.513374
2.27638 -19.5381 0.513232
2.29146 -19.5117 0.51254
2.30653 -19.5531 0.513627
2.32161 -19.5585 0.513768
2.33668 -19.5941 0.514701
2.35176 -19.5418 0.513329
2.36683 -19.5136 0.512588
2.38191 -19.4922 0.512027
2.39698 -19.5647 0.513929
2.41206 -19.594 0.5147
2.42714 -19.59 0.514595
2.44221 -19.5674 0.514
2.45729 -19.6028 0.514929
2.47236 -19.6073 0.515048
2.48744 -19.6402 0.515912
2.50251 -19.5923 0.514653
2.51759 -19.5939 0.514695
2.53266 -19.5489 0.513517
2.54774 -19.6101 0.515121
2.56281 -19.6371 0.515831
2.57789 -19.6592 0.51641
2.59296 -19.6385 0.515866
2.60804 -19.6184 0.51534
2.62312 -19.6523 0.516229
2.63819 -19.6771 0.51688
2.65327 -19.6354 0.515785
2.66834 -19.6387 0.515872
2.68342 -19.5974 0.514787
2.69849 -19.6266 0.515556
2.71357 -19.6736 0.516788
2.72864 -19.6742 0.516803
2.74372 -19.6972 0.517409
2.75879 -19.6563 0.516334
2.77387 -19.6658 0.516585
2.78894 -19.6887 0.517184
2.80402 -19.6725 0.516759
2.8191 -19.6756 0.51684
2.83417 -19.6571 0.516356
2.84925 -19.6838 0.517056
2.86432 -19.7062 0.517643
2.8794 -19.7076 0.517681
2.89447 -19.7268 0.518185
2.90955 -19.6915 0.517259
2.92462 -19.6975 0.517417
2.9397 -19.6989 0.517451
2.95477 -19.723 0.518086
2.96985 -19.6863 0.517122
2.98492 -19.6902 0.517224
3 -19.7133 0.517831
