0 -4.32796 0.115756
0.0150754 -4.66599 0.124711
0.0301508 -5.03683 0.134465
0.0452261 -5.43051 0.144772
0.0603015 -5.85064 0.155755
0.0753769 -6.26432 0.166476
0.0904523 -6.69405 0.177601
0.105528 -7.07835 0.187524
0.120603 -7.48832 0.198065
0.135678 -7.82139 0.206633
0.150754 -8.08108 0.213305
0.165829 -8.36667 0.220644
0.180905 -8.60149 0.226679
0.19598 -8.82409 0.232399
0.211055 -8.96813 0.236122
0.226131 -9.15754 0.240987
0.241206 -9.28973 0.244406
0.256281 -9.42082 0.247795
0.271357 -9.51787 0.250317
0.286432 -9.61359 0.252802
0.301508 -9.69412 0.254899
0.316583 -9.78087 0.257153
0.331658 -9.85563 0.259099
0.346734 -9.93213 0.261088
0.361809 -9.99557 0.262742
0.376884 -10.0586 0.264383
0.39196 -10.1156 0.265871
0.407035 -10.1696 0.26728
0.422111 -10.2163 0.268502
0.437186 -10.2687 0.269867
0.452261 -10.3123 0.271008
0.467337 -10.3537 0.272088
0.482412 -10.3972 0.273226
0.497487 -10.4368 0.274259
0.512563 -10.4727 0.275198
0.527638 -10.5135 0.276265
0.542714 -10.5447 0.277081
0.557789 -10.5754 0.277883
0.572864 -10.6077 0.27873
0.58794 -10.6393 0.279556
0.603015 -10.6716 0.2804
0.61809 -10.6989 0.281112
0.633166 -10.7281 0.281877
0.648241 -10.7557 0.282598
0.663317 -10.7806 0.28325
0.678392 -10.8064 0.283925
0.693467 -10.8247 0.284404
0.708543 -10.8398 0.284802
0.723618 -10.869 0.285566
0.738693 -10.8888 0.286083
0.753769 -10.9161 0.286797
0.768844 -10.9315 0.287202
0.78392 -10.9509 0.287708
0.798995 -10.9706 0.288226
0.81407 -10.9905 0.288746
0.829146 -11.0137 0.289351
0.844221 -11.0273 0.289708
0.859296 -11.0384 0.290002
0.874372 -11.0623 0.290626
0.889447 -11.0792 0.29107
0.904523 -11.0955 0.291496
0.919598 -11.1112 0.291907
0.934673 -11.116 0.292034
0.949749 -11.1362 0.292562
0.964824 -11.1422 0.292722
0.979899 -11.1509 0.292948
0.994975 -11.18 0.293708
1.01005 -11.1884 0.293929
1.02513 -11.1994 0.294218
1.0402 -11.1814 0.29375
1.05528 -11.2202 0.294765
1.07035 -11.2236 0.294853
1.08543 -11.2542 0.295653
1.1005 -11.267 0.29599
1.11558 -11.2203 0.294768
1.13065 -11.2853 0.296468
1.14573 -11.2852 0.296468
1.1608 -11.303 0.296933
1.17588 -11.2861 0.296492
1.19095 -11.3208 0.297401
1.20603 -11.3328 0.297713
1.22111 -11.3381 0.297852
1.23618 -11.354 0.298271
1.25126 -11.3676 0.298625
1.26633 -11.3603 0.298436
1.28141 -11.3837 0.299049
1.29648 -11.3804 0.298963
1.31156 -11.3846 0.299073
1.32663 -11.3918 0.29926
1.34171 -11.3921 0.299271
1.35678 -11.3895 0.299201
1.37186 -11.3892 0.299194
1.38693 -11.3897 0.299207
1.40201 -11.4381 0.300475
1.41709 -11.4252 0.300137
1.43216 -11.4119 0.299788
1.44724 -11.4044 0.299589
1.46231 -11.4602 0.301055
1.47739 -11.4598 0.301044
1.49246 -11.4677 0.301252
1.50754 -11.4337 0.300358
1.52261 -11.4867 0.301751
1.53769 -11.4937 0.301934
1.55276 -11.5171 0.302544
1.56784 -11.5039 0.302201
1.58291 -11.4751 0.301444
1.59799 -11.517 0.302545
1.61307 -11.4828 0.301646
1.62814 -11.51 0.30236
1.64322 -11.4991 0.302074
1.65829 -11.5449 0.303276
1.67337 -11.5108 0.30238
1.68844 -11.5134 0.302449
1.70352 -11.5248 0.302746
1.71859 -11.5293 0.302865
1.73367 -11.5296 0.302874
1.74874 -11.5398 0.303139
1.76382 -11.5794 0.30418
1.77889 -11.5483 0.303364
1.79397 -11.5579 0.303616
1.80905 -11.5625 0.303737
1.82412 -11.5567 0.303584
1.8392 -11.5864 0.304366
1.85427 -11.5764 0.304101
1.86935 -11.567 0.303855
1.88442 -11.5768 0.304111
1.8995 -11.5919 0.304507
1.91457 -11.555 0.303538
1.92965 -11.576 0.30409
1.94472 -11.5696 0.303921
1.9598 -11.6122 0.305038
1.97487 -11.5765 0.304102
1.98995 -11.6118 0.305029
2.00503 -11.6216 0.305285
2.0201 -11.594 0.304562
2.03518 -11.5953 0.304597
2.05025 -11.6356 0.305652
2.06533 -11.6253 0.305383
2.0804 -11.6004 0.30473
2.09548 -11.6077 0.304921
2.11055 -11.6431 0.30585
2.12563 -11.6293 0.305488
2.1407 -11.6527 0.306103
2.15578 -11.6015 0.304758
2.17085 -11.6509 0.306054
2.18593 -11.6242 0.305355
2.20101 -11.6399 0.305767
2.21608 -11.6461 0.305927
2.23116 -11.6525 0.306098
2.24623 -11.6702 0.306561
2.26131 -11.6592 0.306272
2.27638 -11.6598 0.306289
2.29146 -11.6673 0.306483
2.30653 -11.6795 0.306805
2.32161 -11.655 0.306163
2.33668 -11.6637 0.306391
2.35176 -11.6793 0.306799
2.36683 -11.672 0.306608
2.38191 -11.6756 0.306702
2.39698 -11.6675 0.306491
2.41206 -11.6765 0.306726
2.42714 -11.6495 0.306019
2.44221 -11.6996 0.307332
2.45729 -11.6818 0.306864
2.47236 -11.7102 0.30761
2.48744 -11.6877 0.307023
2.50251 -11.7362 0.308291
2.51759 -11.7114 0.307641
2.53266 -11.6553 0.306169
2.54774 -11.6913 0.307115
2.56281 -11.6823 0.306879
2.57789 -11.6666 0.306466
2.59296 -11.721 0.307894
2.60804 -11.6825 0.306884
2.62312 -11.7349 0.308257
2.63819 -11.6869 0.306999
2.65327 -11.7058 0.307496
2.66834 -11.7275 0.308063
2.68342 -11.6895 0.307067
2.69849 -11.7156 0.307752
2.71357 -11.6947 0.307202
2.72864 -11.6953 0.30722
2.74372 -11.726 0.308025
2.75879 -11.7191 0.307844
2.77387 -11.7295 0.308117
2.78894 -11.6858 0.306969
2.80402 -11.7321 0.308183
2.8191 -11.7329 0.308204
2.83417 -11.6691 0.306532
2.84925 -11.7107 0.307622
2.86432 -11.7073 0.307532
2.8794 -11.7025 0.307407
2.89447 -11.7332 0.308212
2.90955 -11.7319 0.308179
2.92462 -11.7405 0.308405
2.9397 -11.687 0.307
2.95477 -11.7398 0.308387
2.96985 -11.7258 0.308019
2.98492 -11.7212 0.307898
3 -11.7059 0.307496
