0 -4.01979 0.107312
0.0150754 -4.27784 0.114136
0.0301508 -4.56139 0.121594
0.0452261 -4.85113 0.129194
0.0603015 -5.17124 0.13757
0.0753769 -5.47918 0.145562
0.0904523 -5.79899 0.153903
0.105528 -6.1098 0.16196
0.120603 -6.40162 0.169496
0.135678 -6.72691 0.177919
0.150754 -7.00282 0.185048
0.165829 -7.25503 0.191531
0.180905 -7.46292 0.196905
0.19598 -7.7228 0.203588
0.211055 -7.88705 0.207823
0.226131 -8.06083 0.212296
0.241206 -8.18486 0.215509
0.256281 -8.34874 0.219727
0.271357 -8.45994 0.222604
0.286432 -8.56642 0.225361
0.301508 -8.65947 0.227776
0.316583 -8.75564 0.230266
0.331658 -8.82969 0.232191
0.346734 -8.91758 0.234469
0.361809 -8.99127 0.236384
0.376884 -9.04845 0.237875
0.39196 -9.10938 0.239461
0.407035 -9.16624 0.240942
0.422111 -9.2149 0.242212
0.437186 -9.26662 0.24356
0.452261 -9.3012 0.244467
0.467337 -9.35566 0.245885
0.482412 -9.38415 0.246634
0.497487 -9.4354 0.247967
0.512563 -9.47213 0.248927
0.527638 -9.5129 0.24999
0.542714 -9.54577 0.25085
0.557789 -9.57252 0.251551
0.572864 -9.60911 0.252506
0.58794 -9.64368 0.253409
0.603015 -9.66637 0.254004
0.61809 -9.69945 0.254867
0.633166 -9.72707 0.25559
0.648241 -9.75534 0.256328
0.663317 -9.77687 0.256893
0.678392 -9.8061 0.257656
0.693467 -9.82561 0.258168
0.708543 -9.85261 0.258873
0.723618 -9.87496 0.259458
0.738693 -9.89338 0.259941
0.753769 -9.89985 0.260113
0.768844 -9.93638 0.261065
0.78392 -9.95689 0.261602
0.798995 -9.97614 0.262106
0.81407 -9.98683 0.262388
0.829146 -10.0135 0.263085
0.844221 -10.0117 0.263041
0.859296 -10.0465 0.263948
0.874372 -10.0518 0.264089
0.889447 -10.0777 0.264766
0.904523 -10.0914 0.265125
0.919598 -10.1112 0.265643
0.934673 -10.1235 0.265966
0.949749 -10.1407 0.266415
0.964824 -10.1548 0.266786
0.979899 -10.1601 0.266923
0.994975 -10.1793 0.267427
1.01005 -10.1856 0.267594
1.02513 -10.2043 0.268082
1.0402 -10.2188 0.26846
1.05528 -10.2296 0.268745
1.07035 -10.2411 0.269046
1.08543 -10.2447 0.269142
1.1005 -10.2671 0.269727
1.11558 -10.2749 0.269932
1.13065 -10.2822 0.270124
1.14573 -10.2818 0.270114
1.1608 -10.3025 0.270655
1.17588 -10.3061 0.270751
1.19095 -10.3194 0.271097
1.20603 -10.3336 0.271471
1.22111 -10.3152 0.270989
1.23618 -10.3582 0.272113
1.25126 -10.3681 0.272374
1.26633 -10.3607 0.272181
1.28141 -10.3849 0.272813
1.29648 -10.3863 0.272852
1.31156 -10.391 0.272975
1.32663 -10.3987 0.273175
1.34171 -10.4044 0.273326
1.35678 -10.4062 0.273373
1.37186 -10.4268 0.273913
1.38693 -10.4124 0.273536
1.40201 -10.4329 0.274073
1.41709 -10.418 0.273683
1.43216 -10.4639 0.274884
1.44724 -10.4242 0.273844
1.46231 -10.4738 0.275144
1.47739 -10.4778 0.275249
1.49246 -10.49 0.275569
1.50754 -10.4466 0.274431
1.52261 -10.4963 0.275733
1.53769 -10.5062 0.275994
1.55276 -10.4918 0.275616
1.56784 -10.4919 0.275621
1.58291 -10.496 0.275727
1.59799 -10.5137 0.276191
1.61307 -10.4936 0.275664
1.62814 -10.4826 0.275376
1.64322 -10.5258 0.276508
1.65829 -10.5244 0.27647
1.67337 -10.5109 0.276115
1.68844 -10.5541 0.277251
1.70352 -10.5745 0.277784
1.71859 -10.5294 0.276601
1.73367 -10.5471 0.277067
1.74874 -10.5395 0.276867
1.76382 -10.5415 0.27692
1.77889 -10.5486 0.277105
1.79397 -10.557 0.277326
1.80905 -10.568 0.277615
1.82412 -10.6013 0.278487
1.8392 -10.5699 0.277663
1.85427 -10.5796 0.277916
1.86935 -10.5868 0.278106
1.88442 -10.6177 0.278917
1.8995 -10.5939 0.278292
1.91457 -10.6317 0.279284
1.92965 -10.5644 0.27752
1.94472 -10.64 0.279501
1.9598 -10.6136 0.278808
1.97487 -10.5998 0.278447
1.98995 -10.6188 0.278946
2.00503 -10.6421 0.279558
2.0201 -10.6591 0.280002
2.03518 -10.5962 0.278352
2.05025 -10.6373 0.27943
2.06533 -10.6082 0.278666
2.0804 -10.614 0.27882
2.09548 -10.6487 0.27973
2.11055 -10.6192 0.278956
2.12563 -10.6453 0.27964
2.1407 -10.6531 0.279846
2.15578 -10.6579 0.279971
2.17085 -10.6583 0.279981
2.18593 -10.6408 0.279522
2.20101 -10.6781 0.280501
2.21608 -10.6724 0.280351
2.23116 -10.6738 0.280389
2.24623 -10.6916 0.280857
2.26131 -10.6753 0.280427
2.27638 -10.6746 0.28041
2.29146 -10.6913 0.280848
2.30653 -10.7212 0.281631
2.32161 -10.6871 0.280738
2.33668 -10.698 0.281024
2.35176 -10.7085 0.281298
2.36683 -10.6973 0.281006
2.38191 -10.6931 0.280896
2.39698 -10.6899 0.280811
2.41206 -10.6886 0.280775
2.42714 -10.6929 0.28089
2.44221 -10.7159 0.281492
2.45729 -10.7049 0.281203
2.47236 -10.725 0.28173
2.48744 -10.7134 0.281429
2.50251 -10.7366 0.282035
2.51759 -10.7124 0.281399
2.53266 -10.7092 0.281317
2.54774 -10.6943 0.280925
2.56281 -10.7146 0.281459
2.57789 -10.7057 0.281226
2.59296 -10.7307 0.281881
2.60804 -10.7395 0.282111
2.62312 -10.7343 0.281975
2.63819 -10.7357 0.282014
2.65327 -10.7385 0.282085
2.66834 -10.7366 0.282035
2.68342 -10.7324 0.281924
2.69849 -10.7108 0.281358
2.71357 -10.7203 0.281609
2.72864 -10.7282 0.281815
2.74372 -10.7532 0.282471
2.75879 -10.7612 0.282681
2.77387 -10.7506 0.282403
2.78894 -10.753 0.282466
2.80402 -10.75 0.282388
2.8191 -10.7462 0.282287
2.83417 -10.7326 0.28193
2.84925 -10.7367 0.282039
2.86432 -10.7145 0.281456
2.8794 -10.7382 0.282077
2.89447 -10.7581 0.282599
2.90955 -10.756 0.282543
2.92462 -10.747 0.282308
2.9397 -10.7303 0.281871
2.95477 -10.753 0.282465
2.96985 -10.7433 0.28221
2.98492 -10.7287 0.281827
3 -10.7404 0.282135
