0 -10.2974 0.291049
0.0150754 -18.5687 0.495559
0.0301508 -21.7972 0.575045
0.0452261 -23.1821 0.610373
0.0603015 -24.1143 0.63433
0.0753769 -24.6668 0.648795
0.0904523 -25.2266 0.663143
0.105528 -25.6099 0.673121
0.120603 -25.8952 0.680605
0.135678 -26.1934 0.688334
0.150754 -26.4304 0.694514
0.165829 -26.6313 0.699756
0.180905 -26.8014 0.704202
0.19598 -26.9522 0.708152
0.211055 -27.0333 0.710322
0.226131 -27.1845 0.71425
0.241206 -27.3413 0.718317
0.256281 -27.4457 0.721054
0.271357 -27.4884 0.722204
0.286432 -27.3474 0.718604
0.301508 -27.5535 0.723948
0.316583 -27.7839 0.729914
0.331658 -27.8672 0.732088
0.346734 -27.7471 0.729005
0.361809 -27.9632 0.734617
0.376884 -28.0261 0.736269
0.39196 -28.1076 0.738389
0.407035 -28.1557 0.739652
0.422111 -28.1506 0.739534
0.437186 -27.9581 0.734521
0.452261 -28.2042 0.740941
0.467337 -28.2982 0.7434
0.482412 -28.3973 0.74598
0.497487 -28.3478 0.744698
0.512563 -28.0176 0.736028
0.527638 -28.503 0.748754
0.542714 -28.4277 0.7468
0.557789 -28.5597 0.750245
0.572864 -28.348 0.744716
0.58794 -28.3502 0.744757
0.603015 -28.3333 0.744302
0.61809 -28.4952 0.748561
0.633166 -28.6551 0.752751
0.648241 -28.7231 0.754532
0.663317 -28.4856 0.748311
0.678392 -28.5263 0.749363
0.693467 -28.548 0.749932
0.708543 -28.4803 0.748163
0.723618 -28.6239 0.751922
0.738693 -28.6357 0.752234
0.753769 -28.477 0.748075
0.768844 -28.8266 0.757243
0.78392 -28.7451 0.755098
0.798995 -28.7703 0.755762
0.81407 -28.6383 0.752301
0.829146 -28.8143 0.756916
0.844221 -28.6577 0.752807
0.859296 -28.6883 0.753608
0.874372 -28.8699 0.758374
0.889447 -28.8784 0.758598
0.904523 -28.7349 0.754834
0.919598 -28.7936 0.75637
0.934673 -28.9517 0.760521
0.949749 -28.8221 0.757132
0.964824 -28.8599 0.75811
0.979899 -28.8447 0.757721
0.994975 -28.8338 0.757436
1.01005 -28.7282 0.754658
1.02513 -28.8141 0.756909
1.0402 -28.8398 0.757581
1.05528 -28.8503 0.75786
1.07035 -29.0051 0.761919
1.08543 -28.9695 0.760988
1.1005 -28.9298 0.759945
1.11558 -28.9364 0.760118
1.13065 -28.7154 0.754317
1.14573 -29.0517 0.763145
1.1608 -28.9962 0.761686
1.17588 -29.0008 0.761808
1.19095 -28.8672 0.758302
1.20603 -28.9373 0.760141
1.22111 -29.2542 0.768458
1.23618 -28.967 0.760921
1.25126 -29.0026 0.761853
1.26633 -29.0042 0.761898
1.28141 -28.9344 0.760064
1.29648 -29.0529 0.763173
1.31156 -29.2335 0.767914
1.32663 -29.0692 0.763601
1.34171 -29.0829 0.763962
1.35678 -29.0116 0.762091
1.37186 -29.2633 0.768697
1.38693 -29.0607 0.763377
1.40201 -29.1483 0.765677
1.41709 -29.0737 0.76372
1.43216 -29.1038 0.764508
1.44724 -29.1236 0.765028
1.46231 -29.2712 0.768903
1.47739 -29.1723 0.766309
1.49246 -29.2528 0.76842
1.50754 -29.0775 0.763821
1.52261 -29.159 0.765959
1.53769 -29.1968 0.766951
1.55276 -29.1323 0.765258
1.56784 -29.1916 0.766815
1.58291 -29.2944 0.769511
1.59799 -29.2487 0.768311
1.61307 -29.2249 0.767688
1.62814 -29.0897 0.76414
1.64322 -29.3215 0.770222
1.65829 -29.2758 0.769023
1.67337 -29.3384 0.770667
1.68844 -29.3099 0.769917
1.70352 -29.2413 0.768117
1.71859 -29.2674 0.768802
1.73367 -29.2628 0.768683
1.74874 -29.3491 0.770946
1.76382 -29.2238 0.767659
1.77889 -29.2266 0.767732
1.79397 -29.2491 0.768322
1.80905 -29.3638 0.771333
1.82412 -29.3275 0.770381
1.8392 -29.3894 0.772006
1.85427 -29.3443 0.770821
1.86935 -29.2367 0.767996
1.88442 -29.4056 0.77243
1.8995 -29.4234 0.772898
1.91457 -29.3796 0.771749
1.92965 -29.3276 0.770381
1.94472 -29.4383 0.773289
1.9598 -29.3991 0.772259
1.97487 -29.453 0.773674
1.98995 -29.465 0.773989
2.00503 -29.4345 0.773188
2.0201 -29.3504 0.770982
2.03518 -29.4406 0.773348
2.05025 -29.4986 0.774871
2.06533 -29.4695 0.774107
2.0804 -29.415 0.772676
2.09548 -29.4275 0.773005
2.11055 -29.4797 0.774374
2.12563 -29.5151 0.775303
2.1407 -29.5665 0.776655
2.15578 -29.5021 0.774962
2.17085 -29.4314 0.773107
2.18593 -29.5156 0.775317
2.20101 -29.5531 0.776303
2.21608 -29.5226 0.775501
2.23116 -29.4897 0.774638
2.24623 -29.5032 0.774992
2.26131 -29.5358 0.775848
2.27638 -29.5415 0.775997
2.29146 -29.4849 0.774512
2.30653 -29.5582 0.776437
2.32161 -29.4985 0.774867
2.33668 -29.5692 0.776723
2.35176 -29.6023 0.777594
2.36683 -29.5734 0.776834
2.38191 -29.5463 0.776124
2.39698 -29.5569 0.7764
2.41206 -29.5907 0.777289
2.42714 -29.6205 0.778071
2.44221 -29.5722 0.776802
2.45729 -29.6063 0.777699
2.47236 -29.5258 0.775584
2.48744 -29.618 0.778006
2.50251 -29.645 0.778715
2.51759 -29.6182 0.778011
2.53266 -29.5961 0.777432
2.54774 -29.578 0.776955
2.56281 -29.6313 0.778355
2.57789 -29.6594 0.779093
2.59296 -29.6414 0.77862
2.60804 -29.6455 0.778727
2.62312 -29.5822 0.777066
2.63819 -29.6558 0.778998
2.65327 -29.6832 0.779717
2.66834 -29.6547 0.778969
2.68342 -29.6339 0.778425
2.69849 -29.6196 0.778047
2.71357 -29.645 0.778715
2.72864 -29.6777 0.779574
2.74372 -29.6726 0.779439
2.75879 -29.6712 0.779404
2.77387 -29.6223 0.778118
2.78894 -29.6701 0.779373
2.80402 -29.7104 0.780431
2.8191 -29.6752 0.779509
2.83417 -29.6553 0.778985
2.84925 -29.6107 0.777818
2.86432 -29.6541 0.778953
2.8794 -29.6112 0.777835
2.89447 -29.6779 0.779579
2.90955 -29.6258 0.778213
2.92462 -29.6588 0.779078
2.9397 -29.5921 0.777326
2.95477 -29.7219 0.780734
2.96985 -29.5027 0.774979
2.98492 -29.573 0.776825
3 -29.5927 0.777346
