0 -8.81899 0.245647
0.0150754 -14.3995 0.387884
0.0301508 -17.7413 0.469263
0.0452261 -19.1782 0.505476
0.0603015 -20.1136 0.529406
0.0753769 -20.7136 0.544942
0.0904523 -21.227 0.558169
0.105528 -21.6109 0.568142
0.120603 -21.9021 0.575757
0.135678 -22.1943 0.583328
0.150754 -22.431 0.589494
0.165829 -22.6316 0.594726
0.180905 -22.8018 0.599168
0.19598 -22.9566 0.603217
0.211055 -23.0765 0.606368
0.226131 -23.2144 0.609962
0.241206 -23.3415 0.613269
0.256281 -23.4463 0.616013
0.271357 -23.5032 0.617528
0.286432 -23.6102 0.620316
0.301508 -23.7043 0.622772
0.316583 -23.7867 0.624928
0.331658 -23.8674 0.627032
0.346734 -23.8882 0.627599
0.361809 -23.9701 0.629735
0.376884 -24.0047 0.630653
0.39196 -24.1128 0.633459
0.407035 -24.0428 0.631665
0.422111 -24.1726 0.635041
0.437186 -24.1605 0.634737
0.452261 -24.3058 0.638517
0.467337 -24.309 0.638617
0.482412 -24.3985 0.640946
0.497487 -24.4065 0.641163
0.512563 -24.4266 0.641694
0.527638 -24.4947 0.643471
0.542714 -24.1495 0.634424
0.557789 -24.569 0.645418
0.572864 -24.3345 0.639284
0.58794 -24.2942 0.63822
0.603015 -24.6093 0.646481
0.61809 -24.6649 0.647938
0.633166 -24.7158 0.649269
0.648241 -24.7405 0.649914
0.663317 -24.5384 0.644626
0.678392 -24.6137 0.646607
0.693467 -24.5565 0.645088
0.708543 -24.7819 0.651011
0.723618 -24.5701 0.645449
0.738693 -24.8485 0.652749
0.753769 -24.8538 0.652896
0.768844 -24.7888 0.651185
0.78392 -24.7453 0.650036
0.798995 -24.7669 0.650603
0.81407 -24.597 0.646147
0.829146 -24.8172 0.651922
0.844221 -24.7914 0.651249
0.859296 -24.8097 0.651731
0.874372 -24.8885 0.653792
0.889447 -24.8973 0.654025
0.904523 -24.9017 0.654149
0.919598 -24.9151 0.654493
0.934673 -24.9623 0.65573
0.949749 -24.7245 0.649502
0.964824 -24.9304 0.654895
0.979899 -25.0784 0.658782
0.994975 -24.9041 0.654204
1.01005 -24.8577 0.652987
1.02513 -24.9441 0.655259
1.0402 -24.9281 0.654839
1.05528 -24.9413 0.65518
1.07035 -25.0049 0.656844
1.08543 -25.0127 0.657051
1.1005 -25.0201 0.657247
1.11558 -25.0369 0.657686
1.13065 -24.8504 0.652798
1.14573 -25.0194 0.657228
1.1608 -24.9978 0.65666
1.17588 -25.0145 0.657098
1.19095 -24.8786 0.653536
1.20603 -24.9482 0.655358
1.22111 -25.2555 0.66342
1.23618 -24.967 0.655853
1.25126 -25.0029 0.656793
1.26633 -25.0115 0.657018
1.28141 -25.0186 0.657205
1.29648 -25.0521 0.658084
1.31156 -25.2367 0.662928
1.32663 -25.0716 0.658595
1.34171 -25.1792 0.661422
1.35678 -25.0725 0.65862
1.37186 -25.2734 0.663893
1.38693 -25.057 0.658211
1.40201 -25.1522 0.66071
1.41709 -25.1185 0.659826
1.43216 -25.1038 0.659439
1.44724 -25.1538 0.660752
1.46231 -25.272 0.663854
1.47739 -25.2053 0.662104
1.49246 -25.2541 0.663386
1.50754 -25.2518 0.663328
1.52261 -25.241 0.663041
1.53769 -25.1945 0.661821
1.55276 -25.2694 0.663786
1.56784 -25.1934 0.66179
1.58291 -25.2944 0.664441
1.59799 -25.2487 0.663242
1.61307 -25.2264 0.662658
1.62814 -25.1654 0.661057
1.64322 -25.3595 0.666151
1.65829 -25.3243 0.665227
1.67337 -25.3384 0.665597
1.68844 -25.3099 0.664847
1.70352 -25.2413 0.663048
1.71859 -25.2674 0.663732
1.73367 -25.2628 0.663613
1.74874 -25.3491 0.665876
1.76382 -25.2238 0.66259
1.77889 -25.2266 0.662663
1.79397 -25.2491 0.663252
1.80905 -25.3638 0.666263
1.82412 -25.3275 0.665311
1.8392 -25.3895 0.666936
1.85427 -25.3443 0.665752
1.86935 -25.2367 0.662927
1.88442 -25.4056 0.66736
1.8995 -25.4234 0.667828
1.91457 -25.3797 0.666679
1.92965 -25.3276 0.665312
1.94472 -25.4383 0.668218
1.9598 -25.3991 0.66719
1.97487 -25.453 0.668605
1.98995 -25.465 0.668918
2.00503 -25.4345 0.668118
2.0201 -25.3504 0.665912
2.03518 -25.4406 0.668278
2.05025 -25.4986 0.669801
2.06533 -25.4695 0.669037
2.0804 -25.415 0.667606
2.09548 -25.4275 0.667935
2.11055 -25.4798 0.669306
2.12563 -25.5151 0.670233
2.1407 -25.5666 0.671586
2.15578 -25.5021 0.669892
2.17085 -25.4314 0.668037
2.18593 -25.5156 0.670248
2.20101 -25.5531 0.671232
2.21608 -25.5226 0.67043
2.23116 -25.4897 0.669567
2.24623 -25.5034 0.669927
2.26131 -25.5358 0.670778
2.27638 -25.5418 0.670935
2.29146 -25.4849 0.669442
2.30653 -25.5587 0.671379
2.32161 -25.4985 0.669797
2.33668 -25.5692 0.671654
2.35176 -25.6023 0.672523
2.36683 -25.5734 0.671763
2.38191 -25.5464 0.671054
2.39698 -25.5571 0.671337
2.41206 -25.591 0.672226
2.42714 -25.6236 0.673083
2.44221 -25.5722 0.671733
2.45729 -25.6064 0.672631
2.47236 -25.5258 0.670513
2.48744 -25.6181 0.672938
2.50251 -25.645 0.673644
2.51759 -25.6223 0.673048
2.53266 -25.5967 0.672375
2.54774 -25.5793 0.67192
2.56281 -25.6343 0.673363
2.57789 -25.6587 0.674004
2.59296 -25.6417 0.673556
2.60804 -25.647 0.673697
2.62312 -25.5828 0.67201
2.63819 -25.6557 0.673923
2.65327 -25.6832 0.674646
2.66834 -25.6618 0.674084
2.68342 -25.661 0.674063
2.69849 -25.6257 0.673138
2.71357 -25.6456 0.67366
2.72864 -25.6944 0.674942
2.74372 -25.6799 0.674558
2.75879 -25.6822 0.674619
2.77387 -25.6253 0.673126
2.78894 -25.6881 0.674775
2.80402 -25.7145 0.675469
2.8191 -25.6865 0.674735
2.83417 -25.6694 0.674284
2.84925 -25.6517 0.67382
2.86432 -25.6804 0.674573
2.8794 -25.7022 0.675148
2.89447 -25.7033 0.675174
2.90955 -25.7058 0.675241
2.92462 -25.6608 0.674059
2.9397 -25.7035 0.675181
2.95477 -25.7382 0.676089
2.96985 -25.6994 0.675074
2.98492 -25.6909 0.674849
3 -25.6411 0.673543
