0 -11.8474 0.339738
0.0150754 -22.8142 0.605303
0.0301508 -25.8015 0.67986
0.0452261 -27.181 0.715232
0.0603015 -28.1131 0.73926
0.0753769 -28.6061 0.752368
0.0904523 -29.2261 0.768138
0.105528 -29.6087 0.778113
0.120603 -29.8904 0.785516
0.135678 -30.1924 0.79335
0.150754 -30.4298 0.799544
0.165829 -30.6308 0.804794
0.180905 -30.801 0.809243
0.19598 -30.9519 0.813198
0.211055 -31.0339 0.815389
0.226131 -31.1538 0.818528
0.241206 -31.3411 0.823369
0.256281 -31.4448 0.82609
0.271357 -31.2789 0.82187
0.286432 -31.5841 0.829763
0.301508 -31.6807 0.832284
0.316583 -31.781 0.834906
0.331658 -31.867 0.837147
0.346734 -31.8434 0.836559
0.361809 -31.7277 0.833563
0.376884 -32.0262 0.841333
0.39196 -32.0925 0.843063
0.407035 -32.1579 0.844776
0.422111 -32.0616 0.842281
0.437186 -32.2315 0.846713
0.452261 -31.7374 0.833747
0.467337 -32.2247 0.846548
0.482412 -32.3953 0.850995
0.497487 -31.9535 0.839411
0.512563 -32.2873 0.848185
0.527638 -32.0675 0.842403
0.542714 -32.0862 0.842899
0.557789 -32.1958 0.845796
0.572864 -32.2865 0.84815
0.58794 -32.2444 0.847042
0.603015 -32.448 0.852386
0.61809 -32.4527 0.852525
0.633166 -32.3436 0.849644
0.648241 -32.3733 0.850425
0.663317 -32.4885 0.853439
0.678392 -32.5199 0.854266
0.693467 -32.2916 0.848274
0.708543 -32.417 0.851568
0.723618 -32.6234 0.856978
0.738693 -32.4192 0.851619
0.753769 -32.3856 0.850743
0.768844 -32.717 0.85943
0.78392 -32.7447 0.860159
0.798995 -32.5556 0.855196
0.81407 -32.5699 0.855573
0.829146 -32.9157 0.864656
0.844221 -32.6563 0.857838
0.859296 -32.6883 0.858678
0.874372 -32.8622 0.863242
0.889447 -32.8648 0.863312
0.904523 -32.5974 0.856292
0.919598 -32.7938 0.861446
0.934673 -32.914 0.864604
0.949749 -32.6599 0.857934
0.964824 -32.8097 0.861865
0.979899 -32.6246 0.857009
0.994975 -32.6373 0.857342
1.01005 -32.7358 0.859925
1.02513 -32.7835 0.861176
1.0402 -32.8384 0.862615
1.05528 -32.8422 0.862716
1.07035 -33.0051 0.866988
1.08543 -32.8951 0.864102
1.1005 -32.9137 0.864591
1.11558 -32.8053 0.861747
1.13065 -32.7153 0.859385
1.14573 -32.9641 0.865914
1.1608 -32.9959 0.866748
1.17588 -33 0.866857
1.19095 -32.8167 0.862045
1.20603 -32.9348 0.865144
1.22111 -33.2526 0.873485
1.23618 -32.967 0.865989
1.25126 -33.0024 0.866918
1.26633 -32.9103 0.864501
1.28141 -32.9344 0.865133
1.29648 -33.0528 0.868241
1.31156 -33.2171 0.872554
1.32663 -33.0654 0.868572
1.34171 -33.0722 0.86875
1.35678 -32.9366 0.865195
1.37186 -33.213 0.872451
1.38693 -33.0606 0.868446
1.40201 -33.1104 0.869754
1.41709 -32.9766 0.86624
1.43216 -33.1038 0.869577
1.44724 -33.1236 0.870097
1.46231 -33.1802 0.871586
1.47739 -32.9984 0.866814
1.49246 -33.2034 0.872193
1.50754 -33.038 0.867852
1.52261 -33.159 0.871029
1.53769 -33.1968 0.87202
1.55276 -33.0674 0.868625
1.56784 -33.1447 0.870652
1.58291 -33.2944 0.874581
1.59799 -33.2487 0.873381
1.61307 -33.2249 0.872757
1.62814 -33.0897 0.869209
1.64322 -33.3215 0.875292
1.65829 -33.2758 0.874093
1.67337 -33.3384 0.875737
1.68844 -33.3099 0.874987
1.70352 -33.2413 0.873187
1.71859 -33.2674 0.873872
1.73367 -33.2628 0.873753
1.74874 -33.3491 0.876016
1.76382 -33.2238 0.872729
1.77889 -33.2266 0.872802
1.79397 -33.2491 0.873392
1.80905 -33.3638 0.876403
1.82412 -33.3275 0.875451
1.8392 -33.3894 0.877076
1.85427 -33.3443 0.875891
1.86935 -33.2367 0.873066
1.88442 -33.4056 0.8775
1.8995 -33.4234 0.877969
1.91457 -33.3796 0.876819
1.92965 -33.3275 0.875451
1.94472 -33.4383 0.878359
1.9598 -33.3991 0.877329
1.97487 -33.453 0.878745
1.98995 -33.465 0.879059
2.00503 -33.4345 0.878258
2.0201 -33.3504 0.876052
2.03518 -33.4406 0.878418
2.05025 -33.4986 0.879942
2.06533 -33.4695 0.879178
2.0804 -33.415 0.877746
2.09548 -33.4275 0.878075
2.11055 -33.4797 0.879445
2.12563 -33.515 0.880372
2.1407 -33.5665 0.881724
2.15578 -33.5021 0.880032
2.17085 -33.4314 0.878178
2.18593 -33.5155 0.880386
2.20101 -33.5531 0.881374
2.21608 -33.5226 0.880571
2.23116 -33.4897 0.879708
2.24623 -33.5031 0.88006
2.26131 -33.5355 0.880911
2.27638 -33.545 0.881159
2.29146 -33.4849 0.879583
2.30653 -33.5581 0.881505
2.32161 -33.4982 0.879931
2.33668 -33.5689 0.881786
2.35176 -33.6023 0.882665
2.36683 -33.5731 0.881896
2.38191 -33.5458 0.881181
2.39698 -33.5551 0.881427
2.41206 -33.5905 0.882354
2.42714 -33.6194 0.883113
2.44221 -33.5722 0.881873
2.45729 -33.6057 0.882754
2.47236 -33.5253 0.880641
2.48744 -33.618 0.883076
2.50251 -33.645 0.883786
2.51759 -33.6198 0.883125
2.53266 -33.6186 0.883093
2.54774 -33.5731 0.881899
2.56281 -33.63 0.883391
2.57789 -33.6537 0.884015
2.59296 -33.6371 0.883578
2.60804 -33.6344 0.883507
2.62312 -33.5775 0.882014
2.63819 -33.6553 0.884056
2.65327 -33.671 0.884467
2.66834 -33.6348 0.883519
2.68342 -33.6285 0.883352
2.69849 -33.5906 0.882357
2.71357 -33.6354 0.883533
2.72864 -33.6337 0.883493
2.74372 -33.6532 0.884001
2.75879 -33.5956 0.882494
2.77387 -33.6198 0.883123
2.78894 -33.586 0.882237
2.80402 -33.7104 0.885502
2.8191 -33.4826 0.879526
2.83417 -33.5714 0.881856
2.84925 -33.537 0.880952
2.86432 -33.5445 0.881146
2.8794 -33.4798 0.879452
2.89447 -33.618 0.883079
2.90955 -33.4988 0.879948
2.92462 -33.6123 0.882926
2.9397 -33.5408 0.881051
2.95477 -33.6586 0.884142
2.96985 -33.4676 0.879127
2.98492 -33.5492 0.88127
3 -33.4807 0.879473
