0 -9.18744 0.256789
0.0150754 -15.5602 0.417478
0.0301508 -18.7734 0.496066
0.0452261 -20.1802 0.531712
0.0603015 -21.1143 0.555644
0.0753769 -21.7167 0.571247
0.0904523 -22.2269 0.58441
0.105528 -22.6106 0.594383
0.120603 -22.9009 0.601979
0.135678 -23.1941 0.609578
0.150754 -23.4309 0.615748
0.165829 -23.6316 0.620983
0.180905 -23.8018 0.625426
0.19598 -23.9537 0.629404
0.211055 -24.0759 0.632613
0.226131 -24.2098 0.636109
0.241206 -24.3415 0.639531
0.256281 -24.4461 0.64227
0.271357 -24.5017 0.643751
0.286432 -24.6252 0.646964
0.301508 -24.693 0.648745
0.316583 -24.7852 0.651153
0.331658 -24.8674 0.653295
0.346734 -24.8165 0.652012
0.361809 -24.9703 0.656004
0.376884 -25.0128 0.657128
0.39196 -25.1125 0.659717
0.407035 -25.1641 0.661072
0.422111 -24.85 0.652893
0.437186 -25.166 0.661147
0.452261 -25.2848 0.66424
0.467337 -25.3348 0.665551
0.482412 -25.3984 0.66721
0.497487 -25.3447 0.665821
0.512563 -25.3613 0.666257
0.527638 -25.4965 0.669786
0.542714 -25.5362 0.670825
0.557789 -25.5674 0.671643
0.572864 -25.2365 0.662965
0.58794 -25.4968 0.669813
0.603015 -25.5676 0.671658
0.61809 -25.3705 0.666478
0.633166 -25.4129 0.667591
0.648241 -25.5809 0.67202
0.663317 -25.3684 0.666433
0.678392 -25.5243 0.670512
0.693467 -25.5522 0.671243
0.708543 -25.5452 0.671063
0.723618 -25.5701 0.671715
0.738693 -25.8398 0.678787
0.753769 -25.6641 0.674177
0.768844 -25.7115 0.675418
0.78392 -25.8459 0.678948
0.798995 -25.7706 0.676968
0.81407 -25.5976 0.67243
0.829146 -25.769 0.67693
0.844221 -25.6582 0.67402
0.859296 -25.6873 0.674783
0.874372 -25.8878 0.680042
0.889447 -25.974 0.682308
0.904523 -25.8762 0.679742
0.919598 -25.9152 0.680763
0.934673 -25.8084 0.67796
0.949749 -25.7772 0.677148
0.964824 -25.8629 0.679387
0.979899 -25.9974 0.682922
0.994975 -25.892 0.680155
1.01005 -25.8481 0.679003
1.02513 -25.8906 0.680118
1.0402 -25.8843 0.679951
1.05528 -25.9096 0.680615
1.07035 -26.0044 0.6831
1.08543 -26.0124 0.683309
1.1005 -26.0205 0.683523
1.11558 -25.9377 0.681349
1.13065 -25.7967 0.677653
1.14573 -26.052 0.68435
1.1608 -26.0271 0.683698
1.17588 -26.1142 0.68598
1.19095 -25.8612 0.679344
1.20603 -26.0247 0.683634
1.22111 -26.2553 0.689682
1.23618 -25.967 0.68212
1.25126 -26.0024 0.683047
1.26633 -26.0115 0.683285
1.28141 -26.0142 0.683357
1.29648 -26.0521 0.68435
1.31156 -26.2373 0.689211
1.32663 -26.0729 0.684897
1.34171 -26.1286 0.68636
1.35678 -26.0706 0.684836
1.37186 -26.2758 0.690221
1.38693 -26.057 0.684478
1.40201 -26.1522 0.686977
1.41709 -26.1081 0.685821
1.43216 -26.1038 0.685706
1.44724 -26.1236 0.686226
1.46231 -26.2712 0.690101
1.47739 -26.1991 0.68821
1.49246 -26.2541 0.689653
1.50754 -26.2518 0.689594
1.52261 -26.241 0.689308
1.53769 -26.1969 0.688149
1.55276 -26.2407 0.689299
1.56784 -26.1917 0.688013
1.58291 -26.2944 0.690709
1.59799 -26.2487 0.689509
1.61307 -26.2249 0.688886
1.62814 -26.1654 0.687324
1.64322 -26.3215 0.691419
1.65829 -26.3243 0.691494
1.67337 -26.3384 0.691865
1.68844 -26.3099 0.691115
1.70352 -26.2413 0.689315
1.71859 -26.2674 0.689999
1.73367 -26.2628 0.689881
1.74874 -26.3491 0.692143
1.76382 -26.2238 0.688857
1.77889 -26.2266 0.68893
1.79397 -26.2491 0.68952
1.80905 -26.3638 0.692531
1.82412 -26.3275 0.691578
1.8392 -26.3894 0.693203
1.85427 -26.3443 0.692019
1.86935 -26.2367 0.689194
1.88442 -26.4056 0.693627
1.8995 -26.4234 0.694095
1.91457 -26.3797 0.692946
1.92965 -26.3276 0.691579
1.94472 -26.4383 0.694486
1.9598 -26.3991 0.693457
1.97487 -26.453 0.694872
1.98995 -26.465 0.695186
2.00503 -26.4345 0.694386
2.0201 -26.3504 0.692179
2.03518 -26.4406 0.694545
2.05025 -26.4986 0.696068
2.06533 -26.4695 0.695305
2.0804 -26.415 0.693873
2.09548 -26.4275 0.694202
2.11055 -26.4798 0.695573
2.12563 -26.5151 0.696501
2.1407 -26.5666 0.697853
2.15578 -26.5021 0.69616
2.17085 -26.4314 0.694305
2.18593 -26.5156 0.696515
2.20101 -26.5531 0.6975
2.21608 -26.5226 0.696698
2.23116 -26.4897 0.695835
2.24623 -26.5034 0.696193
2.26131 -26.5358 0.697046
2.27638 -26.5416 0.697196
2.29146 -26.4849 0.69571
2.30653 -26.5587 0.697646
2.32161 -26.4985 0.696065
2.33668 -26.5692 0.697922
2.35176 -26.6023 0.698791
2.36683 -26.5734 0.698031
2.38191 -26.5464 0.697321
2.39698 -26.5571 0.697604
2.41206 -26.591 0.698493
2.42714 -26.6236 0.69935
2.44221 -26.5722 0.698001
2.45729 -26.6064 0.698899
2.47236 -26.5258 0.696781
2.48744 -26.6181 0.699205
2.50251 -26.645 0.699912
2.51759 -26.6221 0.699309
2.53266 -26.5967 0.698643
2.54774 -26.5793 0.698187
2.56281 -26.6341 0.699626
2.57789 -26.6584 0.700264
2.59296 -26.6416 0.699822
2.60804 -26.6463 0.699945
2.62312 -26.5822 0.698262
2.63819 -26.6556 0.70019
2.65327 -26.6832 0.700914
2.66834 -26.6582 0.700258
2.68342 -26.6596 0.700296
2.69849 -26.6215 0.699294
2.71357 -26.6454 0.699921
2.72864 -26.6932 0.701178
2.74372 -26.6798 0.700826
2.75879 -26.6822 0.700887
2.77387 -26.6253 0.699394
2.78894 -26.6881 0.701043
2.80402 -26.7105 0.701632
2.8191 -26.6865 0.701003
2.83417 -26.6498 0.700037
2.84925 -26.6349 0.699648
2.86432 -26.6727 0.700639
2.8794 -26.698 0.701307
2.89447 -26.697 0.701278
2.90955 -26.7058 0.701508
2.92462 -26.6608 0.700327
2.9397 -26.6937 0.701191
2.95477 -26.7306 0.70216
2.96985 -26.673 0.700652
2.98492 -26.679 0.700805
3 -26.639 0.699758
