0 -3.71163 0.0989058
0.0150754 -3.90607 0.104042
0.0301508 -4.11209 0.109462
0.0452261 -4.32885 0.115159
0.0603015 -4.55669 0.12113
0.0753769 -4.78906 0.127194
0.0904523 -5.02263 0.133274
0.105528 -5.26765 0.139653
0.120603 -5.50505 0.145823
0.135678 -5.73319 0.151738
0.150754 -5.97818 0.158088
0.165829 -6.18978 0.163568
0.180905 -6.38299 0.168562
0.19598 -6.57297 0.173474
0.211055 -6.76062 0.178327
0.226131 -6.92587 0.182594
0.241206 -7.06086 0.186087
0.256281 -7.20509 0.189808
0.271357 -7.3437 0.193384
0.286432 -7.45044 0.196154
0.301508 -7.57548 0.199386
0.316583 -7.68314 0.202169
0.331658 -7.76644 0.204331
0.346734 -7.86495 0.206881
0.361809 -7.94068 0.208845
0.376884 -8.00762 0.210583
0.39196 -8.06831 0.212161
0.407035 -8.1382 0.213975
0.422111 -8.19551 0.215465
0.437186 -8.23643 0.216534
0.452261 -8.28917 0.217907
0.467337 -8.34396 0.219331
0.482412 -8.39307 0.22061
0.497487 -8.42873 0.221541
0.512563 -8.47198 0.222668
0.527638 -8.49929 0.223384
0.542714 -8.54253 0.224511
0.557789 -8.57688 0.225407
0.572864 -8.60232 0.226074
0.58794 -8.64193 0.227106
0.603015 -8.67069 0.227858
0.61809 -8.69568 0.228512
0.633166 -8.72503 0.229279
0.648241 -8.75398 0.230034
0.663317 -8.77886 0.230685
0.678392 -8.80445 0.231353
0.693467 -8.82731 0.231952
0.708543 -8.85157 0.232586
0.723618 -8.87048 0.233081
0.738693 -8.88807 0.233542
0.753769 -8.90189 0.233905
0.768844 -8.92842 0.234598
0.78392 -8.95582 0.235313
0.798995 -8.97608 0.235842
0.81407 -8.98744 0.236142
0.829146 -9.00771 0.236672
0.844221 -9.02911 0.237231
0.859296 -9.04442 0.237632
0.874372 -9.06267 0.238109
0.889447 -9.06603 0.2382
0.904523 -9.0932 0.238908
0.919598 -9.1109 0.239371
0.934673 -9.12544 0.239752
0.949749 -9.14065 0.24015
0.964824 -9.15024 0.240402
0.979899 -9.16043 0.24067
0.994975 -9.17733 0.241111
1.01005 -9.18899 0.241417
1.02513 -9.2033 0.241792
1.0402 -9.21621 0.242129
1.05528 -9.2304 0.242501
1.07035 -9.24406 0.242858
1.08543 -9.25576 0.243165
1.1005 -9.26742 0.24347
1.11558 -9.25701 0.2432
1.13065 -9.28632 0.243966
1.14573 -9.29863 0.244288
1.1608 -9.30938 0.244569
1.17588 -9.31606 0.244745
1.19095 -9.32852 0.245071
1.20603 -9.33758 0.245308
1.22111 -9.34348 0.245463
1.23618 -9.35888 0.245866
1.25126 -9.36833 0.246114
1.26633 -9.37722 0.246347
1.28141 -9.38186 0.246469
1.29648 -9.39076 0.246702
1.31156 -9.39927 0.246925
1.32663 -9.40207 0.246999
1.34171 -9.41421 0.247316
1.35678 -9.42513 0.247602
1.37186 -9.3953 0.246822
1.38693 -9.4281 0.247682
1.40201 -9.44784 0.248198
1.41709 -9.45621 0.248417
1.43216 -9.46355 0.248609
1.44724 -9.46769 0.248718
1.46231 -9.47407 0.248885
1.47739 -9.47871 0.249007
1.49246 -9.49285 0.249377
1.50754 -9.48375 0.24914
1.52261 -9.49788 0.24951
1.53769 -9.50886 0.249797
1.55276 -9.51787 0.250033
1.56784 -9.49443 0.24942
1.58291 -9.5147 0.249951
1.59799 -9.51277 0.2499
1.61307 -9.54007 0.250615
1.62814 -9.54284 0.250688
1.64322 -9.54749 0.25081
1.65829 -9.55099 0.250902
1.67337 -9.54133 0.250649
1.68844 -9.55247 0.250941
1.70352 -9.57173 0.251445
1.71859 -9.57751 0.251597
1.73367 -9.5296 0.250341
1.74874 -9.54244 0.250677
1.76382 -9.56467 0.251261
1.77889 -9.59634 0.25209
1.79397 -9.59323 0.252009
1.80905 -9.57302 0.251479
1.82412 -9.5605 0.251151
1.8392 -9.6056 0.252334
1.85427 -9.62091 0.252734
1.86935 -9.62572 0.25286
1.88442 -9.58872 0.25189
1.8995 -9.59557 0.25207
1.91457 -9.62065 0.252728
1.92965 -9.60056 0.252201
1.94472 -9.60901 0.252422
1.9598 -9.61749 0.252645
1.97487 -9.61381 0.252548
1.98995 -9.65232 0.253558
2.00503 -9.6595 0.253747
2.0201 -9.61936 0.252694
2.03518 -9.66113 0.25379
2.05025 -9.66394 0.253863
2.06533 -9.66074 0.253779
2.0804 -9.63862 0.253199
2.09548 -9.67629 0.254187
2.11055 -9.65248 0.253562
2.12563 -9.64947 0.253483
2.1407 -9.66073 0.253778
2.15578 -9.67219 0.25408
2.17085 -9.66791 0.253967
2.18593 -9.67177 0.254068
2.20101 -9.67697 0.254204
2.21608 -9.67686 0.254201
2.23116 -9.67427 0.254134
2.24623 -9.65804 0.253708
2.26131 -9.7057 0.254959
2.27638 -9.6626 0.253828
2.29146 -9.67152 0.254061
2.30653 -9.70992 0.255069
2.32161 -9.70289 0.254884
2.33668 -9.72367 0.25543
2.35176 -9.71193 0.255121
2.36683 -9.71359 0.255164
2.38191 -9.71249 0.255136
2.39698 -9.69442 0.254662
2.41206 -9.71252 0.255137
2.42714 -9.7183 0.255288
2.44221 -9.72086 0.255355
2.45729 -9.73803 0.255806
2.47236 -9.71107 0.255098
2.48744 -9.73392 0.255698
2.50251 -9.73821 0.25581
2.51759 -9.71896 0.255305
2.53266 -9.73842 0.255817
2.54774 -9.74331 0.255944
2.56281 -9.7269 0.255514
2.57789 -9.73716 0.255784
2.59296 -9.7482 0.256073
2.60804 -9.75863 0.256347
2.62312 -9.73781 0.2558
2.63819 -9.75923 0.256362
2.65327 -9.76161 0.256424
2.66834 -9.72457 0.255452
2.68342 -9.75569 0.256269
2.69849 -9.7595 0.256369
2.71357 -9.75024 0.256126
2.72864 -9.73087 0.255618
2.74372 -9.75466 0.256242
2.75879 -9.76856 0.256606
2.77387 -9.77443 0.25676
2.78894 -9.7671 0.256569
2.80402 -9.76976 0.256638
2.8191 -9.75256 0.256186
2.83417 -9.75498 0.256251
2.84925 -9.74868 0.256085
2.86432 -9.75667 0.256295
2.8794 -9.7557 0.25627
2.89447 -9.77833 0.256862
2.90955 -9.75612 0.25628
2.92462 -9.7776 0.256843
2.9397 -9.77562 0.256793
2.95477 -9.7592 0.25636
2.96985 -9.76018 0.256386
2.98492 -9.74899 0.256093
3 -9.76664 0.256556
