0 -7.76791 0.214151
0.0150754 -11.1997 0.304078
0.0301508 -14.5851 0.387305
0.0452261 -16.1215 0.425654
0.0603015 -17.1068 0.450613
0.0753769 -17.725 0.466524
0.0904523 -18.2265 0.479445
0.105528 -18.6114 0.489422
0.120603 -18.9092 0.497185
0.135678 -19.1948 0.504583
0.150754 -19.4313 0.510738
0.165829 -19.6319 0.515962
0.180905 -19.8021 0.5204
0.19598 -19.8996 0.523011
0.211055 -20.0703 0.527428
0.226131 -20.2165 0.531234
0.241206 -20.3417 0.534488
0.256281 -20.4467 0.537236
0.271357 -20.5263 0.539331
0.286432 -20.6261 0.541932
0.301508 -20.6685 0.543067
0.316583 -20.7955 0.546361
0.331658 -20.8675 0.548242
0.346734 -20.9345 0.549996
0.361809 -20.9815 0.551234
0.376884 -21.0231 0.552331
0.39196 -20.9387 0.550162
0.407035 -21.1635 0.555997
0.422111 -21.1955 0.556839
0.437186 -21.2563 0.558427
0.452261 -21.3072 0.559757
0.467337 -21.3517 0.560924
0.482412 -21.3987 0.562152
0.497487 -21.4179 0.562662
0.512563 -21.4277 0.562925
0.527638 -21.4637 0.563869
0.542714 -21.5385 0.565821
0.557789 -21.5664 0.566551
0.572864 -21.5648 0.566517
0.58794 -21.6237 0.568056
0.603015 -21.6267 0.568136
0.61809 -21.6127 0.567776
0.633166 -21.5967 0.567359
0.648241 -21.7425 0.571168
0.663317 -21.6721 0.569335
0.678392 -21.7156 0.570472
0.693467 -21.561 0.566408
0.708543 -21.7201 0.570589
0.723618 -21.8291 0.573443
0.738693 -21.7308 0.570884
0.753769 -21.9024 0.575361
0.768844 -21.8018 0.572726
0.78392 -21.954 0.57671
0.798995 -21.7719 0.571936
0.81407 -21.8475 0.573928
0.829146 -21.8578 0.57419
0.844221 -21.8377 0.57366
0.859296 -21.8636 0.57434
0.874372 -21.8886 0.574997
0.889447 -21.9638 0.576978
0.904523 -22.0603 0.579502
0.919598 -22.0525 0.579298
0.934673 -21.9668 0.577045
0.949749 -21.9397 0.576339
0.964824 -22.0054 0.578059
0.979899 -21.9727 0.577206
0.994975 -21.9065 0.575465
1.01005 -22.1092 0.58079
1.02513 -22.0049 0.578048
1.0402 -21.9503 0.576619
1.05528 -22.068 0.579706
1.07035 -22.0256 0.57859
1.08543 -22.1223 0.581127
1.1005 -22.084 0.580126
1.11558 -22.0838 0.580118
1.13065 -22.0687 0.579736
1.14573 -22.0152 0.578315
1.1608 -22.0311 0.578732
1.17588 -22.015 0.57831
1.19095 -22.0596 0.579496
1.20603 -22.0796 0.580009
1.22111 -22.2564 0.584642
1.23618 -22.1418 0.581638
1.25126 -22.0846 0.580136
1.26633 -22.1697 0.582371
1.28141 -22.0987 0.580507
1.29648 -22.0544 0.579342
1.31156 -22.2361 0.58411
1.32663 -22.1637 0.582212
1.34171 -22.2898 0.585521
1.35678 -22.082 0.580068
1.37186 -22.2798 0.585256
1.38693 -22.0552 0.579364
1.40201 -22.1561 0.58201
1.41709 -22.1636 0.582209
1.43216 -22.1672 0.582301
1.44724 -22.153 0.581929
1.46231 -22.276 0.585157
1.47739 -22.2603 0.584745
1.49246 -22.3355 0.586718
1.50754 -22.2892 0.585505
1.52261 -22.279 0.585237
1.53769 -22.1945 0.583019
1.55276 -22.2714 0.585035
1.56784 -22.2701 0.585004
1.58291 -22.2944 0.585639
1.59799 -22.2634 0.584826
1.61307 -22.3483 0.587054
1.62814 -22.3165 0.58622
1.64322 -22.3595 0.587349
1.65829 -22.3243 0.586425
1.67337 -22.3384 0.586795
1.68844 -22.3099 0.586045
1.70352 -22.3068 0.585966
1.71859 -22.3043 0.5859
1.73367 -22.2628 0.584812
1.74874 -22.3491 0.587073
1.76382 -22.2658 0.584889
1.77889 -22.2798 0.585257
1.79397 -22.326 0.586469
1.80905 -22.393 0.588226
1.82412 -22.3275 0.586509
1.8392 -22.3895 0.588134
1.85427 -22.3443 0.58695
1.86935 -22.2818 0.585309
1.88442 -22.4056 0.588557
1.8995 -22.4234 0.589025
1.91457 -22.3797 0.587877
1.92965 -22.3276 0.58651
1.94472 -22.4766 0.59042
1.9598 -22.3991 0.588388
1.97487 -22.453 0.589802
1.98995 -22.465 0.590116
2.00503 -22.4345 0.589316
2.0201 -22.3505 0.58711
2.03518 -22.4406 0.589476
2.05025 -22.4986 0.590998
2.06533 -22.4695 0.590235
2.0804 -22.415 0.588803
2.09548 -22.4275 0.589133
2.11055 -22.4798 0.590503
2.12563 -22.5151 0.591431
2.1407 -22.5666 0.592783
2.15578 -22.5021 0.59109
2.17085 -22.4314 0.589235
2.18593 -22.5157 0.591445
2.20101 -22.5531 0.592429
2.21608 -22.5226 0.591628
2.23116 -22.4897 0.590765
2.24623 -22.5035 0.591127
2.26131 -22.5361 0.591981
2.27638 -22.5418 0.592133
2.29146 -22.4849 0.590639
2.30653 -22.5588 0.592579
2.32161 -22.4985 0.590995
2.33668 -22.5702 0.592878
2.35176 -22.6023 0.59372
2.36683 -22.5734 0.592962
2.38191 -22.5464 0.592253
2.39698 -22.5574 0.59254
2.41206 -22.5913 0.593431
2.42714 -22.6209 0.594209
2.44221 -22.5722 0.592931
2.45729 -22.6068 0.593837
2.47236 -22.5258 0.59171
2.48744 -22.6187 0.59415
2.50251 -22.645 0.594841
2.51759 -22.6227 0.594254
2.53266 -22.5967 0.593572
2.54774 -22.5801 0.593137
2.56281 -22.6349 0.594574
2.57789 -22.6622 0.595293
2.59296 -22.6423 0.594768
2.60804 -22.6479 0.594916
2.62312 -22.5827 0.593206
2.63819 -22.6563 0.595136
2.65327 -22.6832 0.595843
2.66834 -22.6633 0.595321
2.68342 -22.6614 0.595271
2.69849 -22.6264 0.594352
2.71357 -22.6469 0.594891
2.72864 -22.6959 0.596176
2.74372 -22.6803 0.595766
2.75879 -22.6824 0.595823
2.77387 -22.6263 0.59435
2.78894 -22.689 0.595995
2.80402 -22.7148 0.596672
2.8191 -22.6941 0.596131
2.83417 -22.6729 0.595572
2.84925 -22.6599 0.595232
2.86432 -22.682 0.595812
2.8794 -22.725 0.596942
2.89447 -22.7081 0.596498
2.90955 -22.7122 0.596606
2.92462 -22.6619 0.595285
2.9397 -22.7165 0.596717
2.95477 -22.7418 0.59738
2.96985 -22.7173 0.596738
2.98492 -22.7016 0.596326
3 -22.6788 0.595728
