0 -12.5574 0.362658
0.0150754 -24.8504 0.65817
0.0301508 -27.8012 0.732252
0.0452261 -29.1794 0.76766
0.0603015 -30.1124 0.791736
0.0753769 -30.7404 0.808068
0.0904523 -31.2258 0.820641
0.105528 -31.608 0.830613
0.120603 -31.8063 0.835984
0.135678 -32.1918 0.845861
0.150754 -32.4295 0.852062
0.165829 -32.6306 0.857315
0.180905 -32.8007 0.861764
0.19598 -32.9532 0.865761
0.211055 -33.0307 0.867835
0.226131 -33.1316 0.870489
0.241206 -33.341 0.875896
0.256281 -33.4445 0.878614
0.271357 -33.5146 0.880468
0.286432 -33.6182 0.883174
0.301508 -33.6792 0.884777
0.316583 -33.7764 0.887326
0.331658 -33.8669 0.889676
0.346734 -33.6697 0.884578
0.361809 -33.4174 0.877963
0.376884 -33.9282 0.891321
0.39196 -34.1093 0.896034
0.407035 -34.1543 0.897214
0.422111 -33.5634 0.881722
0.437186 -33.889 0.890293
0.452261 -34.2747 0.900375
0.467337 -33.7906 0.887681
0.482412 -34.2055 0.898575
0.497487 -33.9528 0.891925
0.512563 -34.0769 0.895189
0.527638 -34.439 0.904695
0.542714 -34.1141 0.896159
0.557789 -34.358 0.902589
0.572864 -34.2309 0.89922
0.58794 -34.1201 0.896323
0.603015 -34.3302 0.901821
0.61809 -34.5124 0.906614
0.633166 -34.349 0.902319
0.648241 -34.1526 0.897161
0.663317 -34.4728 0.905564
0.678392 -34.486 0.905914
0.693467 -34.2949 0.900892
0.708543 -34.5186 0.906781
0.723618 -34.5956 0.908785
0.738693 -34.4191 0.90415
0.753769 -34.2777 0.900444
0.768844 -34.7164 0.911951
0.78392 -34.7425 0.912635
0.798995 -34.7303 0.912318
0.81407 -34.5317 0.907108
0.829146 -34.5303 0.907073
0.844221 -34.656 0.910364
0.859296 -34.6885 0.911216
0.874372 -34.7097 0.911773
0.889447 -34.7314 0.912343
0.904523 -34.5987 0.90886
0.919598 -34.7939 0.913982
0.934673 -34.7939 0.913984
0.949749 -34.5151 0.906668
0.964824 -34.8096 0.914399
0.979899 -34.542 0.907373
0.994975 -34.6378 0.90989
1.01005 -34.6239 0.909521
1.02513 -34.7831 0.913699
1.0402 -34.8384 0.915148
1.05528 -34.8418 0.915238
1.07035 -35.005 0.919523
1.08543 -34.8951 0.916637
1.1005 -34.9137 0.917125
1.11558 -34.8053 0.91428
1.13065 -34.7153 0.911918
1.14573 -34.964 0.918446
1.1608 -34.9959 0.919282
1.17588 -35 0.91939
1.19095 -34.8167 0.914579
1.20603 -34.9347 0.917678
1.22111 -35.2473 0.925881
1.23618 -34.967 0.918523
1.25126 -35.0024 0.919452
1.26633 -34.9058 0.916917
1.28141 -34.9344 0.917667
1.29648 -35.0233 0.920002
1.31156 -35.208 0.924852
1.32663 -35.0508 0.920726
1.34171 -35.0722 0.921284
1.35678 -34.9339 0.917659
1.37186 -35.1036 0.922114
1.38693 -35.0606 0.920981
1.40201 -35.1094 0.922262
1.41709 -34.9766 0.918775
1.43216 -35.1037 0.922112
1.44724 -35.1236 0.922632
1.46231 -35.1802 0.92412
1.47739 -34.9984 0.919349
1.49246 -35.2034 0.924728
1.50754 -35.038 0.920387
1.52261 -35.159 0.923563
1.53769 -35.1968 0.924555
1.55276 -35.0674 0.921159
1.56784 -35.1447 0.923187
1.58291 -35.2944 0.927116
1.59799 -35.2487 0.925916
1.61307 -35.2249 0.925292
1.62814 -35.0897 0.921744
1.64322 -35.3215 0.927827
1.65829 -35.2758 0.926628
1.67337 -35.3384 0.928272
1.68844 -35.3098 0.927522
1.70352 -35.2413 0.925722
1.71859 -35.2674 0.926407
1.73367 -35.2628 0.926288
1.74874 -35.3491 0.928551
1.76382 -35.2238 0.925264
1.77889 -35.2266 0.925337
1.79397 -35.2491 0.925927
1.80905 -35.3638 0.928938
1.82412 -35.3275 0.927986
1.8392 -35.3894 0.929611
1.85427 -35.3443 0.928427
1.86935 -35.2367 0.925601
1.88442 -35.4056 0.930035
1.8995 -35.4234 0.930504
1.91457 -35.3796 0.929354
1.92965 -35.3275 0.927987
1.94472 -35.4383 0.930894
1.9598 -35.3991 0.929864
1.97487 -35.453 0.93128
1.98995 -35.465 0.931594
2.00503 -35.4345 0.930794
2.0201 -35.3504 0.928587
2.03518 -35.4406 0.930954
2.05025 -35.4986 0.932477
2.06533 -35.4695 0.931713
2.0804 -35.415 0.930281
2.09548 -35.4275 0.930611
2.11055 -35.4797 0.93198
2.12563 -35.515 0.932908
2.1407 -35.5665 0.93426
2.15578 -35.5021 0.932568
2.17085 -35.4314 0.930713
2.18593 -35.5155 0.932921
2.20101 -35.5531 0.933909
2.21608 -35.5226 0.933107
2.23116 -35.4897 0.932243
2.24623 -35.5029 0.932589
2.26131 -35.5355 0.933446
2.27638 -35.5448 0.93369
2.29146 -35.4849 0.932118
2.30653 -35.5578 0.934031
2.32161 -35.4982 0.932466
2.33668 -35.5684 0.93431
2.35176 -35.6023 0.9352
2.36683 -35.573 0.934432
2.38191 -35.5458 0.933716
2.39698 -35.554 0.933932
2.41206 -35.5897 0.934869
2.42714 -35.6181 0.935616
2.44221 -35.5717 0.934396
2.45729 -35.6052 0.935277
2.47236 -35.5247 0.933161
2.48744 -35.618 0.935612
2.50251 -35.645 0.936321
2.51759 -35.6182 0.935619
2.53266 -35.5914 0.934913
2.54774 -35.5729 0.934428
2.56281 -35.623 0.935745
2.57789 -35.6364 0.936098
2.59296 -35.6357 0.936078
2.60804 -35.6254 0.935807
2.62312 -35.5743 0.934464
2.63819 -35.6295 0.935914
2.65327 -35.6622 0.936772
2.66834 -35.6018 0.935193
2.68342 -35.6246 0.935788
2.69849 -35.563 0.93417
2.71357 -35.6354 0.936069
2.72864 -35.5187 0.933013
2.74372 -35.5818 0.934662
2.75879 -35.5296 0.933294
2.77387 -35.5616 0.934131
2.78894 -35.5446 0.933685
2.80402 -35.7104 0.938037
2.8191 -35.3824 0.929429
2.83417 -35.4821 0.932045
2.84925 -35.5208 0.933062
2.86432 -35.5295 0.933289
2.8794 -35.4081 0.930102
2.89447 -35.538 0.933512
2.90955 -35.4988 0.932483
2.92462 -35.6123 0.935462
2.9397 -35.5408 0.933586
2.95477 -35.6586 0.936678
2.96985 -35.4086 0.930114
2.98492 -35.5132 0.93286
3 -35.4223 0.930474
