0 -13.3003 0.38898
0.0150754 -27.8448 0.736437
0.0301508 -30.7751 0.810254
0.0452261 -32.2138 0.847221
0.0603015 -33.0933 0.869969
0.0753769 -33.732 0.886585
0.0904523 -34.2375 0.899726
0.105528 -34.4692 0.906057
0.120603 -34.9243 0.917665
0.135678 -35.2026 0.924918
0.150754 -35.3521 0.928924
0.165829 -35.6296 0.936081
0.180905 -35.7879 0.940237
0.19598 -35.9604 0.944737
0.211055 -36.092 0.948187
0.226131 -36.193 0.950848
0.241206 -36.0752 0.947877
0.256281 -36.3926 0.956096
0.271357 -36.5389 0.959891
0.286432 -36.5012 0.958949
0.301508 -35.5353 0.933594
0.316583 -36.7714 0.965983
0.331658 -36.7964 0.966659
0.346734 -36.5594 0.960493
0.361809 -36.415 0.956702
0.376884 -36.8591 0.968317
0.39196 -36.37 0.955451
0.407035 -37.0496 0.9733
0.422111 -37.1927 0.977032
0.437186 -37.2277 0.977942
0.452261 -36.8994 0.969392
0.467337 -36.792 0.966513
0.482412 -36.8783 0.968775
0.497487 -36.9391 0.970369
0.512563 -36.5448 0.960026
0.527638 -37.0741 0.973908
0.542714 -37.1977 0.977158
0.557789 -37.119 0.975092
0.572864 -37.2286 0.977958
0.58794 -37.2802 0.979309
0.603015 -36.9364 0.970296
0.61809 -37.2447 0.978388
0.633166 -37.3932 0.982277
0.648241 -37.4354 0.983384
0.663317 -37.2025 0.977271
0.678392 -37.4537 0.983876
0.693467 -37.1674 0.97636
0.708543 -37.3251 0.980488
0.723618 -37.5643 0.986773
0.738693 -37.6586 0.989236
0.753769 -37.2219 0.977777
0.768844 -37.3963 0.982359
0.78392 -37.7425 0.991438
0.798995 -37.5246 0.985723
0.81407 -37.5921 0.98749
0.829146 -37.609 0.987933
0.844221 -37.2654 0.978918
0.859296 -37.4596 0.984016
0.874372 -37.5226 0.985665
0.889447 -37.86 0.994524
0.904523 -37.7132 0.990671
0.919598 -37.4559 0.983913
0.934673 -37.8084 0.993166
0.949749 -37.8428 0.994068
0.964824 -37.6052 0.987839
0.979899 -37.8783 0.995
0.994975 -37.7614 0.99193
1.01005 -37.7268 0.991026
1.02513 -37.6212 0.988253
1.0402 -37.3273 0.980542
1.05528 -37.7202 0.990849
1.07035 -37.7571 0.991817
1.08543 -37.8902 0.995312
1.1005 -37.9243 0.996205
1.11558 -37.6641 0.989377
1.13065 -38.0699 1.00003
1.14573 -37.8717 0.994825
1.1608 -38.0843 1.00041
1.17588 -37.7805 0.992433
1.19095 -37.9067 0.995745
1.20603 -37.9361 0.996515
1.22111 -37.9683 0.99736
1.23618 -38.0703 1.00004
1.25126 -38.0813 1.00033
1.26633 -37.8961 0.995466
1.28141 -38.1172 1.00127
1.29648 -38.0466 0.999416
1.31156 -38.0614 0.999804
1.32663 -37.8807 0.995062
1.34171 -37.9634 0.997233
1.35678 -38.1078 1.00102
1.37186 -38.0108 0.998477
1.38693 -37.782 0.992475
1.40201 -38.1935 1.00327
1.41709 -37.8365 0.993907
1.43216 -38.1775 1.00285
1.44724 -37.8824 0.995107
1.46231 -38.1066 1.00099
1.47739 -38.0398 0.999236
1.49246 -38.1358 1.00176
1.50754 -38.2401 1.00449
1.52261 -38.1663 1.00256
1.53769 -38.0409 0.999267
1.55276 -38.3171 1.00652
1.56784 -38.1066 1.00099
1.58291 -38.2321 1.00428
1.59799 -38.2269 1.00415
1.61307 -38.3167 1.0065
1.62814 -38.1878 1.00312
1.64322 -38.2199 1.00396
1.65829 -38.2732 1.00536
1.67337 -38.34 1.00712
1.68844 -38.0648 0.999893
1.70352 -38.4113 1.00899
1.71859 -38.2432 1.00458
1.73367 -38.2663 1.00518
1.74874 -38.1511 1.00216
1.76382 -38.3236 1.00669
1.77889 -38.3055 1.00621
1.79397 -38.2769 1.00546
1.80905 -38.3247 1.00671
1.82412 -38.3097 1.00632
1.8392 -38.1627 1.00246
1.85427 -38.4867 1.01097
1.86935 -38.348 1.00733
1.88442 -38.4152 1.00909
1.8995 -38.3219 1.00664
1.91457 -38.3255 1.00674
1.92965 -38.1949 1.00331
1.94472 -38.3698 1.0079
1.9598 -38.4968 1.01123
1.97487 -38.3103 1.00634
1.98995 -38.2794 1.00552
2.00503 -38.4674 1.01046
2.0201 -38.4322 1.00954
2.03518 -38.5288 1.01207
2.05025 -38.4046 1.00881
2.06533 -38.4127 1.00902
2.0804 -38.3424 1.00718
2.09548 -38.4465 1.00991
2.11055 -38.5222 1.0119
2.12563 -38.4759 1.01068
2.1407 -38.4446 1.00986
2.15578 -38.4888 1.01102
2.17085 -38.5006 1.01133
2.18593 -38.5505 1.01264
2.20101 -38.4808 1.01081
2.21608 -38.4489 1.00998
2.23116 -38.4243 1.00933
2.24623 -38.5107 1.0116
2.26131 -38.5429 1.01244
2.27638 -38.5372 1.01229
2.29146 -38.5115 1.01162
2.30653 -38.5527 1.0127
2.32161 -38.5574 1.01282
2.33668 -38.5934 1.01377
2.35176 -38.5414 1.0124
2.36683 -38.5126 1.01165
2.38191 -38.4909 1.01108
2.39698 -38.5636 1.01299
2.41206 -38.5908 1.0137
2.42714 -38.5625 1.01296
2.44221 -38.5614 1.01293
2.45729 -38.6 1.01394
2.47236 -38.6043 1.01406
2.48744 -38.6313 1.01477
2.50251 -38.5867 1.01359
2.51759 -38.5692 1.01314
2.53266 -38.5415 1.01241
2.54774 -38.6026 1.01401
2.56281 -38.6111 1.01424
2.57789 -38.6506 1.01527
2.59296 -38.5824 1.01348
2.60804 -38.6003 1.01395
2.62312 -38.6402 1.015
2.63819 -38.6135 1.0143
2.65327 -38.5752 1.01329
2.66834 -38.469 1.01051
2.68342 -38.4852 1.01093
2.69849 -38.5712 1.01319
2.71357 -38.5077 1.01152
2.72864 -38.5649 1.01302
2.74372 -38.5273 1.01204
2.75879 -38.5093 1.01156
2.77387 -38.4236 1.00931
2.78894 -38.5033 1.01141
2.80402 -38.5695 1.01314
2.8191 -38.4671 1.01046
2.83417 -38.4637 1.01036
2.84925 -38.5071 1.0115
2.86432 -38.3638 1.00774
2.8794 -38.524 1.01195
2.89447 -38.5086 1.01154
2.90955 -38.5349 1.01223
2.92462 -38.3862 1.00833
2.9397 -38.5269 1.01202
2.95477 -38.6044 1.01406
2.96985 -38.4389 1.00971
2.98492 -38.5125 1.01165
3 -38.5365 1.01228
