0 -6.15512 0.167023
0.0150754 -7.52263 0.203391
0.0301508 -9.09981 0.244231
0.0452261 -10.721 0.285207
0.0603015 -11.9117 0.315034
0.0753769 -12.6523 0.333767
0.0904523 -13.1984 0.347668
0.105528 -13.5994 0.35798
0.120603 -13.929 0.366487
0.135678 -14.1917 0.373291
0.150754 -14.4303 0.379477
0.165829 -14.6312 0.384696
0.180905 -14.8018 0.389132
0.19598 -14.9564 0.393164
0.211055 -15.0915 0.396684
0.226131 -15.2185 0.399993
0.241206 -15.3417 0.403199
0.256281 -15.4432 0.405851
0.271357 -15.5469 0.408556
0.286432 -15.633 0.410804
0.301508 -15.7129 0.412896
0.316583 -15.7897 0.414902
0.331658 -15.8487 0.416453
0.346734 -15.919 0.418289
0.361809 -15.9948 0.420265
0.376884 -16.0312 0.421229
0.39196 -16.1033 0.423104
0.407035 -16.1425 0.424139
0.422111 -16.1991 0.425615
0.437186 -16.269 0.427433
0.452261 -16.2818 0.427782
0.467337 -16.358 0.429764
0.482412 -16.3859 0.4305
0.497487 -16.4184 0.431352
0.512563 -16.4577 0.432381
0.527638 -16.5097 0.433738
0.542714 -16.5384 0.43449
0.557789 -16.5511 0.434828
0.572864 -16.6135 0.436456
0.58794 -16.6409 0.437173
0.603015 -16.6568 0.437595
0.61809 -16.7006 0.438737
0.633166 -16.6761 0.438105
0.648241 -16.6966 0.438644
0.663317 -16.7783 0.440776
0.678392 -16.7504 0.440052
0.693467 -16.8053 0.441485
0.708543 -16.8005 0.441364
0.723618 -16.8685 0.443138
0.738693 -16.8838 0.443541
0.753769 -16.8726 0.443253
0.768844 -16.8981 0.44392
0.78392 -16.9377 0.444954
0.798995 -16.9221 0.44455
0.81407 -16.8741 0.443292
0.829146 -16.9603 0.44555
0.844221 -16.9516 0.445326
0.859296 -17.0444 0.447749
0.874372 -17.0613 0.448193
0.889447 -17.0157 0.447001
0.904523 -16.9306 0.444766
0.919598 -17.097 0.44913
0.934673 -17.0528 0.447973
0.949749 -16.9749 0.445928
0.964824 -17.1276 0.449933
0.979899 -17.1335 0.450087
0.994975 -17.0391 0.44761
1.01005 -17.1852 0.451443
1.02513 -17.0777 0.448621
1.0402 -17.0934 0.449033
1.05528 -17.1061 0.449366
1.07035 -17.2369 0.452799
1.08543 -17.1295 0.44998
1.1005 -17.128 0.449943
1.11558 -17.1677 0.450989
1.13065 -17.1789 0.451274
1.14573 -17.1889 0.451538
1.1608 -17.205 0.451959
1.17588 -17.2505 0.45316
1.19095 -17.2267 0.452531
1.20603 -17.2409 0.452902
1.22111 -17.2022 0.451888
1.23618 -17.2162 0.452254
1.25126 -17.1877 0.451507
1.26633 -17.2269 0.452536
1.28141 -17.2893 0.454172
1.29648 -17.3793 0.456534
1.31156 -17.2851 0.454065
1.32663 -17.3816 0.456593
1.34171 -17.2178 0.452297
1.35678 -17.3466 0.455674
1.37186 -17.347 0.455686
1.38693 -17.2944 0.454304
1.40201 -17.3052 0.454588
1.41709 -17.3661 0.456187
1.43216 -17.3095 0.454701
1.44724 -17.2702 0.453679
1.46231 -17.3657 0.456178
1.47739 -17.3802 0.456558
1.49246 -17.3518 0.45581
1.50754 -17.4205 0.457613
1.52261 -17.2543 0.453252
1.53769 -17.4485 0.458348
1.55276 -17.3984 0.457032
1.56784 -17.3804 0.456561
1.58291 -17.3857 0.456702
1.59799 -17.3976 0.457014
1.61307 -17.3604 0.456036
1.62814 -17.4368 0.458044
1.64322 -17.3131 0.454798
1.65829 -17.4056 0.457221
1.67337 -17.408 0.457283
1.68844 -17.498 0.459647
1.70352 -17.4747 0.459033
1.71859 -17.4569 0.458569
1.73367 -17.3855 0.456695
1.74874 -17.3219 0.455027
1.76382 -17.4892 0.459417
1.77889 -17.3992 0.457055
1.79397 -17.3534 0.455852
1.80905 -17.3977 0.457014
1.82412 -17.4563 0.458552
1.8392 -17.4702 0.458921
1.85427 -17.5339 0.460588
1.86935 -17.4145 0.457454
1.88442 -17.4532 0.45847
1.8995 -17.4228 0.457671
1.91457 -17.4317 0.457908
1.92965 -17.3465 0.455671
1.94472 -17.381 0.456576
1.9598 -17.5258 0.460374
1.97487 -17.4679 0.458858
1.98995 -17.3496 0.455751
2.00503 -17.4675 0.458844
2.0201 -17.4966 0.45961
2.03518 -17.5289 0.460456
2.05025 -17.433 0.457941
2.06533 -17.4127 0.457407
2.0804 -17.3728 0.456361
2.09548 -17.4439 0.458225
2.11055 -17.5168 0.46014
2.12563 -17.509 0.459934
2.1407 -17.4449 0.458251
2.15578 -17.489 0.45941
2.17085 -17.5394 0.460733
2.18593 -17.5506 0.461025
2.20101 -17.505 0.459828
2.21608 -17.4489 0.458357
2.23116 -17.4247 0.457722
2.24623 -17.5087 0.459926
2.26131 -17.5435 0.46084
2.27638 -17.5381 0.460697
2.29146 -17.5113 0.459994
2.30653 -17.5531 0.461092
2.32161 -17.5585 0.461233
2.33668 -17.5941 0.462167
2.35176 -17.5418 0.460794
2.36683 -17.5136 0.460054
2.38191 -17.4922 0.459492
2.39698 -17.5647 0.461394
2.41206 -17.594 0.462165
2.42714 -17.59 0.46206
2.44221 -17.5674 0.461465
2.45729 -17.6027 0.462393
2.47236 -17.6073 0.462514
2.48744 -17.6404 0.463381
2.50251 -17.5923 0.462118
2.51759 -17.594 0.462163
2.53266 -17.5489 0.460982
2.54774 -17.6101 0.462587
2.56281 -17.6372 0.463298
2.57789 -17.6593 0.463877
2.59296 -17.6386 0.463336
2.60804 -17.6189 0.462816
2.62312 -17.6524 0.463698
2.63819 -17.6776 0.464359
2.65327 -17.6355 0.463254
2.66834 -17.637 0.463292
2.68342 -17.5976 0.462258
2.69849 -17.6266 0.463021
2.71357 -17.6739 0.464262
2.72864 -17.6743 0.464271
2.74372 -17.6974 0.464878
2.75879 -17.6567 0.463809
2.77387 -17.6872 0.46461
2.78894 -17.6889 0.464654
2.80402 -17.6726 0.464228
2.8191 -17.6757 0.464307
2.83417 -17.6577 0.463837
2.84925 -17.6843 0.464534
2.86432 -17.7069 0.465127
2.8794 -17.7082 0.465162
2.89447 -17.7274 0.465666
2.90955 -17.6927 0.464755
2.92462 -17.6991 0.464923
2.9397 -17.7024 0.46501
2.95477 -17.7231 0.465552
2.96985 -17.6876 0.46462
2.98492 -17.6929 0.464758
3 -17.7143 0.465321
