0	0.799277		1.23573		-9.50922		0.639963
0.0816327	0.834814		1.31157		-10.089		0.651978
0.163265	0.871646		1.39133		-9.45648		0.663219
0.244898	0.909813		1.48041		-10.0854		0.675607
0.326531	0.949358		1.57393		-9.75391		0.687239
0.408163	0.990329		1.6784		-9.01243		0.699735
0.489796	1.03278		1.77694		-9.43696		0.710605
0.571429	1.07676		1.8992		-9.63218		0.723193
0.653061	1.12234		2.0152		-10.0178		0.734213
0.734694	1.16959		2.14557		-9.10581		0.745912
0.816327	1.21856		2.29096		-9.86174		0.758133
0.897959	1.26933		2.44266		-8.95757		0.769887
0.979592	1.32198		2.59951		-9.30591		0.781255
1.06122	1.37658		2.77307		-8.90997		0.792995
1.14286	1.43321		2.96437		-8.79706		0.805247
1.22449	1.49196		3.16348		-9.50483		0.817049
1.30612	1.5529		3.38291		-9.34548		0.829144
1.38776	1.61612		3.60922		-8.98437		0.840771
1.46939	1.68171		3.85837		-8.71099		0.852834
1.55102	1.74975		4.11599		-10.1537		0.864416
1.63265	1.82034		4.39783		-10.0263		0.876148
1.71429	1.89357		4.70483		-9.28576		0.888153
1.79592	1.96953		5.02553		-8.89506		0.899658
1.87755	2.04833		5.3711		-9.29261		0.911289
1.95918	2.13008		5.74713		-10.0275		0.923207
2.04082	2.21488		6.15784		-8.03555		0.935197
2.12245	2.30284		6.59863		-9.26473		0.947203
2.20408	2.39409		7.05784		-8.89771		0.958775
2.28571	2.48874		7.551		-9.05438		0.970446
2.36735	2.58693		8.08699		-9.11125		0.982231
2.44898	2.68878		8.66356		-7.70521		0.993925
2.53061	2.79443		9.28143		-8.96701		1.00551
2.61224	2.90402		9.94436		-8.17383		1.01726
2.69388	3.01769		10.6823		-8.4591		1.02929
2.77551	3.1356		11.448		-9.51053		1.04086
2.85714	3.2579		12.2651		-8.13596		1.05243
2.93878	3.38476		13.1388		-9.32892		1.06386
3.02041	3.51633		14.1039		-8.16099		1.07545
3.10204	3.65281		15.1296		-8.37378		1.08719
3.18367	3.79435		16.2215		-8.0884		1.09866
3.26531	3.94116		17.4226		-8.90372		1.11019
3.34694	4.09342		18.7007		-12.1534		1.12178
3.42857	4.25134		20.0485		-9.27825		1.13299
3.5102	4.41513		21.5282		-8.27238		1.14458
3.59184	4.58499		23.1282		-7.88777		1.15595
3.67347	4.76115		24.8281		-7.3652		1.16731
3.7551	4.94385		26.6643		-10.4576		1.17868
3.83673	5.13333		28.6182		-9.83985		1.18976
3.91837	5.32982		30.7103		-9.17208		1.201
4	5.53359		33.0197		-9.47791		1.21231
