0	4.51562	3.05591	-0.949393	1.67884
0.0606061	4.51562	3.05614	-0.949186	1.67914
0.121212	4.51562	3.06321	-0.942621	1.68013
0.181818	4.51562	3.06381	-0.942074	1.6824
0.242424	4.51562	3.0713	-0.935194	1.68513
0.30303	4.51562	3.07973	-0.927536	1.68851
0.363636	4.51562	3.08719	-0.920829	1.69322
0.424242	4.51562	3.10147	-0.908168	1.69823
0.484848	4.51562	3.11801	-0.89379	1.70398
0.545455	4.51562	3.13377	-0.880377	1.71084
0.606061	4.51562	3.1552	-0.862561	1.71813
0.666667	4.51562	3.17746	-0.84456	1.72636
0.727273	4.51562	3.19517	-0.83059	1.73596
0.787879	4.51562	3.2258	-0.807156	1.74564
0.848485	4.51562	3.25214	-0.787698	1.75657
0.909091	4.51562	3.28507	-0.76425	1.76807
0.969697	4.51562	3.32142	-0.73943	1.78047
1.0303	4.51562	3.36181	-0.7131	1.79363
1.09091	4.51562	3.4159	-0.679757	1.80685
1.15152	4.51562	3.44909	-0.660321	1.82273
1.21212	4.51562	3.51074	-0.626144	1.83774
1.27273	4.51562	3.56433	-0.598323	1.8546
1.33333	4.51562	3.64583	-0.559087	1.87092
1.39394	4.51562	3.74159	-0.517248	1.88798
1.45455	4.51562	3.86907	-0.467789	1.90493
1.51515	4.51562	4.00699	-0.421127	1.92284
1.57576	4.51562	4.15326	-0.378183	1.94266
1.63636	4.51562	4.45748	-0.305915	1.95821
1.69697	4.51562	4.70672	-0.259845	1.97754
1.75758	4.51562	5.03433	-0.212346	1.99623
1.81818	4.51562	5.48767	-0.163947	2.01214
1.87879	4.51562	5.81817	-0.137566	2.03446
1.93939	4.51562	6.18889	-0.114296	2.05703
2	4.51562	6.52147	-0.0976859	2.08131
2.06061	4.51562	6.49874	-0.0987149	2.10066
2.12121	4.51562	6.38075	-0.104293	2.1229
2.18182	4.51562	6.24968	-0.110993	2.14556
2.24242	4.51562	6.18352	-0.114594	2.16715
2.30303	4.51562	6.21079	-0.113091	2.18544
2.36364	4.51562	6.03916	-0.12301	2.21084
2.42424	4.51562	5.87569	-0.133565	2.2356
2.48485	4.51562	5.75272	-0.142314	2.26059
2.54545	4.51562	5.48184	-0.164472	2.28941
2.60606	4.51562	5.39041	-0.172983	2.31425
2.66667	4.51562	5.31582	-0.180368	2.33865
2.72727	4.51562	5.05102	-0.210247	2.37002
2.78788	4.51562	4.95353	-0.222907	2.39632
2.84848	4.51562	4.88523	-0.232388	2.4226
2.90909	4.51562	4.73543	-0.255147	2.45208
2.9697	4.51562	4.62815	-0.273304	2.48138
3.0303	4.51562	4.53801	-0.289916	2.51027
3.09091	4.51562	4.44111	-0.309311	2.54077
3.15152	4.51562	4.36649	-0.32544	2.5712
3.21212	4.51562	4.29746	-0.341375	2.60197
3.27273	4.51562	4.27075	-0.347823	2.63138
3.33333	4.51562	4.20743	-0.363764	2.66404
3.39394	4.51562	4.16886	-0.373954	2.69605
3.45455	4.51562	4.13457	-0.383334	2.7288
3.51515	4.51562	4.10544	-0.391553	2.76215
3.57576	4.51562	4.07157	-0.401406	2.79704
3.63636	4.51562	4.0518	-0.407309	2.83186
3.69697	4.51562	4.03089	-0.413681	2.86778
3.75758	4.51562	4.01166	-0.419659	2.90464
3.81818	4.51562	3.99816	-0.423925	2.94221
3.87879	4.51562	3.98849	-0.427016	2.98035
3.93939	4.51562	3.97612	-0.431012	3.02032
4	4.51562	3.96657	-0.434133	3.06118
4.06061	4.51562	3.97809	-0.430374	3.08669
4.12121	4.51562	3.98996	-0.426545	3.11188
4.18182	4.51562	4.00091	-0.423051	3.13723
4.24242	4.51562	4.01331	-0.419141	3.16253
4.30303	4.51562	4.02585	-0.415239	3.18767
4.36364	4.51562	4.03872	-0.411279	3.21266
4.42424	4.51562	4.04851	-0.408303	3.23827
4.48485	4.51562	4.059	-0.405145	3.26362
4.54545	4.51562	4.07269	-0.401076	3.28837
4.60606	4.51562	4.08305	-0.398029	3.31371
4.66667	4.51562	4.094	-0.394844	3.33891
4.72727	4.51562	4.10519	-0.391625	3.36386
4.78788	4.51562	4.11786	-0.388021	3.38851
4.84848	4.51562	4.12714	-0.385408	3.41361
4.90909	4.51562	4.14144	-0.38143	3.43774
4.9697	4.51562	4.15338	-0.378149	3.46228
5.0303	4.51562	4.16371	-0.375343	3.4869
5.09091	4.51562	4.17479	-0.372363	3.51132
5.15152	4.51562	4.18565	-0.36947	3.53545
5.21212	4.51562	4.19795	-0.366233	3.55931
5.27273	4.51562	4.20973	-0.363168	3.58328
5.33333	4.51562	4.22206	-0.359994	3.60684
5.39394	4.51562	4.23312	-0.357181	3.63033
5.45455	4.51562	4.24411	-0.354414	3.65387
5.51515	4.51562	4.25504	-0.351687	3.67699
5.57576	4.51562	4.26567	-0.349065	3.70013
5.63636	4.51562	4.27724	-0.346241	3.7229
5.69697	4.51562	4.28946	-0.343291	3.74544
5.75758	4.51562	4.30047	-0.34066	3.76784
5.81818	4.51562	4.31217	-0.337894	3.78995
5.87879	4.51562	4.32318	-0.335319	3.81187
5.93939	4.51562	4.3363	-0.332285	3.83331
6	4.51562	4.34405	-0.33051	3.85537
