0	13.2891	6.79424	-0.254227	2.06192
0.0606061	13.2891	6.7847	-0.255301	2.06347
0.121212	13.2891	6.90492	-0.242198	2.06423
0.181818	13.2891	6.96989	-0.235488	2.07002
0.242424	13.2891	7.01665	-0.230811	2.07679
0.30303	13.2891	7.41064	-0.19592	2.08079
0.363636	13.2891	7.63489	-0.179159	2.0907
0.424242	13.2891	8.50934	-0.129407	2.09615
0.484848	13.2891	9.77051	-0.0854857	2.09986
0.545455	13.2891	11.79	-0.0486519	2.1081
0.606061	13.2891	15.0677	-0.0233081	2.1158
0.666667	13.2891	16.6345	-0.0173228	2.14353
0.727273	13.2891	18.7775	-0.012043	2.16709
0.787879	13.2891	20.4584	-0.00931175	2.19369
0.848485	13.2891	21.5794	-0.00793469	2.23136
0.909091	13.2891	22.8283	-0.00670236	2.26473
0.969697	13.2891	23.915	-0.00582955	2.30381
1.0303	13.2891	25.0012	-0.00510226	2.3411
1.09091	13.2891	26.087	-0.00449132	2.37839
1.15152	13.2891	27.0566	-0.00402555	2.4219
1.21212	13.2891	27.9639	-0.00364629	2.46452
1.27273	13.2891	28.8888	-0.00330717	2.51054
1.33333	13.2891	29.9	-0.00298287	2.55342
1.39394	13.2891	30.8092	-0.00272649	2.60059
1.45455	13.2891	31.5388	-0.00254162	2.65339
1.51515	13.2891	32.6246	-0.00229619	2.70241
1.57576	13.2891	31.9364	-0.00244787	2.77524
1.63636	13.2891	34.1161	-0.00200801	2.81584
1.69697	13.2891	34.8069	-0.00189081	2.87734
1.75758	13.2891	35.831	-0.00173327	2.93592
1.81818	13.2891	36.6202	-0.00162362	3.00065
1.87879	13.2891	37.7057	-0.00148739	3.06167
1.93939	13.2891	38.5338	-0.00139354	3.13334
2	13.2891	38.4788	-0.00139952	3.22297
2.06061	13.2891	39.3186	-0.00131175	3.24028
2.12121	13.2891	39.7092	-0.00127342	3.27057
2.18182	13.2891	38.8702	-0.00135768	3.31927
2.24242	13.2891	39.9274	-0.00125266	3.33924
2.30303	13.2891	39.8185	-0.00126296	3.37428
2.36364	13.2891	39.8741	-0.00125769	3.41145
2.42424	13.2891	39.5618	-0.00128771	3.44965
2.48485	13.2891	39.898	-0.00125543	3.48179
2.54545	13.2891	39.7744	-0.00126717	3.51889
2.60606	13.2891	39.8607	-0.00125896	3.55496
2.66667	13.2891	40.0427	-0.00124187	3.58583
2.72727	13.2891	39.7702	-0.00126757	3.6291
2.78788	13.2891	39.3236	-0.00131125	3.67074
2.84848	13.2891	39.4467	-0.00129901	3.70852
2.90909	13.2891	39.1916	-0.00132454	3.74723
2.9697	13.2891	38.685	-0.00137727	3.79493
3.0303	13.2891	38.56	-0.0013907	3.83518
3.09091	13.2891	38.6501	-0.001381	3.87144
3.15152	13.2891	38.6177	-0.00138447	3.90746
3.21212	13.2891	38.0443	-0.00144803	3.96038
3.27273	13.2891	37.8339	-0.00147232	3.99891
3.33333	13.2891	37.4353	-0.00151985	4.04439
3.39394	13.2891	37.0171	-0.00157195	4.09356
3.45455	13.2891	36.1037	-0.0016943	4.15379
3.51515	13.2891	35.3151	-0.00181035	4.20413
3.57576	13.2891	34.2306	-0.00198793	4.26789
3.63636	13.2891	34.011	-0.00202669	4.31414
3.69697	13.2891	32.9772	-0.00222334	4.38132
3.75758	13.2891	32.0286	-0.00242678	4.44365
3.81818	13.2891	31.0306	-0.00266854	4.50322
3.87879	13.2891	29.7055	-0.00304182	4.58129
3.93939	13.2891	28.2109	-0.00355136	4.65168
4	13.2891	25.9986	-0.00453728	4.75413
4.06061	13.2891	25.2576	-0.00494846	4.82841
4.12121	13.2891	25.3302	-0.00490604	4.8794
4.18182	13.2891	25.2042	-0.00497998	4.94077
4.24242	13.2891	24.5274	-0.0054037	5.01494
4.30303	13.2891	23.2895	-0.00631201	5.09938
4.36364	13.2891	23.4689	-0.00616833	5.15773
4.42424	13.2891	23.6701	-0.00601233	5.21371
4.48485	13.2891	22.527	-0.00697485	5.29942
4.54545	13.2891	22.5377	-0.0069649	5.36326
4.60606	13.2891	20.8408	-0.00880846	5.46545
4.66667	13.2891	21.1565	-0.00842009	5.51986
4.72727	13.2891	20.533	-0.00921059	5.59938
4.78788	13.2891	19.6795	-0.0104617	5.68471
4.84848	13.2891	19.5432	-0.0106822	5.75294
4.90909	13.2891	17.7394	-0.0142833	5.86887
4.9697	13.2891	17.6664	-0.0144611	5.93743
5.0303	13.2891	16.593	-0.0174531	6.03581
5.09091	13.2891	15.9155	-0.019778	6.12461
5.15152	13.2891	15.1968	-0.0227191	6.21695
5.21212	13.2891	14.9508	-0.0238592	6.29755
5.27273	13.2891	14.5625	-0.0258188	6.38175
5.33333	13.2891	13.4961	-0.0324354	6.48917
5.39394	13.2891	12.9258	-0.036921	6.58567
5.45455	13.2891	13.1624	-0.0349654	6.65628
5.51515	13.2891	12.4515	-0.041303	6.75686
5.57576	13.2891	12.3988	-0.0418319	6.84105
5.63636	13.2891	12.1546	-0.0444047	6.92576
5.69697	13.2891	12.0518	-0.0455503	7.0111
5.75758	13.2891	11.9695	-0.0464961	7.09342
5.81818	13.2891	11.8206	-0.0482757	7.18128
5.87879	13.2891	11.6835	-0.0499948	7.27219
5.93939	13.2891	11.6637	-0.05025	7.35452
6	13.2891	11.6495	-0.0504347	7.4345
