0 328895
1 1001305
2 2430581
3 5327450
4 10855541
5 21250596
6 40385758
7 74508129
8 133598740
9 232266682
10 393262697
11 647024860
12 1024126415
13 1545868674
14 -2083348752
15 -1301512592
16 -458087340
17 364677460
18 1065031258
19 1538137935
20 1702139110
21 1528045399
22 1050231615
23 348039455
24 -473070297
25 -1313941937
26 -2092361028
27 1544951570
28 1031013552
29 656488660
30 399986470
31 234610088
32 133539034
33 74340554
34 40648933
35 22028635
36 11809814
37 6096485
38 2760260
39 934616
