0.03568266177720138; -0.9667796610169491
0.08845758239792498; -0.964406779661017
0.1610147131165869; -0.9655932203389831
0.2322637628013059; -0.9608474576271188
0.2731653324985466; -0.9584745762711864
0.32200035776575286; -0.9466101694915255
0.3511962792361701; -0.8552542372881357
0.38708912839318455; -0.7105084745762713
0.41111309869862706; -0.5633898305084746
0.4205290461070614; -0.46728813559322047
0.47479987478198654; -0.3711864406779662
0.5273914404543625; -0.4661016949152543
0.5508273333035194; -0.6310169491525425
0.5756026116899959; -0.7852542372881357
0.6057689727650821; -0.8789830508474578
0.6214860694959974; -0.9394915254237288
0.6874066454988597; -0.9620338983050848
0.786344528420017; -0.9655932203389831
0.8879276418764814; -0.9655932203389831
0.9367313626403111; -0.9703389830508475

