10 0.004040 3.667400 
10 0.008081 3.611589 
10 0.012121 3.574206 
10 0.016162 3.524245 
10 0.020202 3.480483 
10 0.024242 3.432566 
10 0.028283 3.389889 
10 0.032323 3.347549 
10 0.036364 3.304971 
10 0.040404 3.264279 
10 0.044444 3.222366 
10 0.048485 3.184835 
10 0.052525 3.144832 
10 0.056566 3.109125 
10 0.060606 3.071674 
10 0.064646 3.034398 
10 0.068687 3.002234 
10 0.072727 2.965389 
10 0.076768 2.933719 
10 0.080808 2.899756 
10 0.084848 2.868454 
10 0.088889 2.837461 
10 0.092929 2.807120 
10 0.096970 2.778449 
10 0.101010 2.749396 
10 0.105051 2.721109 
10 0.109091 2.693388 
10 0.113131 2.666707 
10 0.117172 2.640977 
10 0.121212 2.614857 
10 0.125253 2.590790 
10 0.129293 2.566177 
10 0.133333 2.541157 
10 0.137374 2.518480 
10 0.141414 2.494780 
10 0.145455 2.473573 
10 0.149495 2.451018 
10 0.153535 2.430109 
10 0.157576 2.410298 
10 0.161616 2.389253 
10 0.165657 2.369029 
10 0.169697 2.348831 
10 0.173737 2.330601 
10 0.177778 2.311712 
10 0.181818 2.293591 
10 0.185859 2.276739 
10 0.189899 2.258559 
10 0.193939 2.240895 
10 0.197980 2.224506 
10 0.202020 2.207924 
10 0.206061 2.191348 
10 0.210101 2.175617 
10 0.214141 2.160202 
10 0.218182 2.145399 
10 0.222222 2.130071 
10 0.226263 2.115512 
10 0.230303 2.100991 
10 0.234343 2.087400 
10 0.238384 2.073315 
10 0.242424 2.059454 
10 0.246465 2.046391 
10 0.250505 2.032715 
10 0.254545 2.020366 
10 0.258586 2.007141 
10 0.262626 1.995082 
10 0.266667 1.982618 
10 0.270707 1.970669 
10 0.274747 1.959674 
10 0.278788 1.947518 
10 0.282828 1.936261 
10 0.286869 1.924888 
10 0.290909 1.913932 
10 0.294949 1.903301 
10 0.298990 1.892191 
10 0.303030 1.882417 
10 0.307071 1.872057 
10 0.311111 1.861792 
10 0.315152 1.851589 
10 0.319192 1.841776 
10 0.323232 1.831897 
10 0.327273 1.822880 
10 0.331313 1.813383 
10 0.335354 1.804754 
10 0.339394 1.794907 
10 0.343434 1.786398 
10 0.347475 1.777492 
10 0.351515 1.769194 
10 0.355556 1.760357 
10 0.359596 1.751931 
10 0.363636 1.743724 
10 0.367677 1.735475 
10 0.371717 1.727583 
10 0.375758 1.719424 
10 0.379798 1.711803 
10 0.383838 1.703985 
10 0.387879 1.696268 
10 0.391919 1.689248 
10 0.395960 1.681832 
10 0.400000 1.674409 
