0 -169803776 0 0 
1 0 0 0 
2 0 0 0 
3 0 0 0 
4 0 0 0 
5 0 0 0 
6 0 0 0 
7 0 0 0 
8 0 0 0 
9 0 0 0 
10 0 0 0 
11 0 0 0 
12 0 0 0 
13 0 0 0 
14 0 0 0 
15 0 0 0 
16 0 0 0 
17 0 0 0 
18 0 0 0 
19 0 0 0 
20 0 0 0 
21 0 1 1 
22 0 9 9 
23 0 74 74 
24 0 313 313 
25 0 1257 1257 
26 0 4922 4922 
27 0 19341 19341 
28 0 69631 69631 
29 0 240912 240912 
30 0 807414 807414 
31 0 2551782 2551782 
32 0 7599777 7599777 
33 0 21237775 21237775 
34 0 55350897 55350897 
35 0 133367553 133367553 
36 0 294634561 294634561 
37 0 591208434 591208434 
38 0 1068380266 1068380266 
39 0 1725862289 1725862289 
40 0 -1817440577 -1817440577 
41 0 -1148415170 -1148415170 
42 0 -769874468 -769874468 
43 0 -813120218 -813120218 
44 0 -1258088458 -1258088458 
45 0 -1947789500 -1947789500 
46 0 1616131226 1616131226 
47 0 998207422 998207422 
48 0 557403497 557403497 
49 0 283730959 283730959 
50 0 132894605 132894605 
51 0 57743705 57743705 
52 0 23480178 23480178 
53 0 9014743 9014743 
54 0 3280500 3280500 
55 0 1140216 1140216 
56 0 381963 381963 
57 0 123135 123135 
58 0 38405 38405 
59 0 11783 11783 
60 0 3521 3521 
61 0 1080 1080 
62 0 330 330 
63 0 105 105 
64 0 22 22 
65 0 11 11 
66 0 0 0 
67 0 1 1 
68 0 0 0 
69 0 0 0 
70 0 0 0 
71 0 0 0 
72 0 0 0 
73 0 0 0 
74 0 0 0 
75 0 0 0 
76 0 0 0 
77 0 0 0 
78 0 0 0 
79 0 0 0 
80 0 0 0 
81 0 0 0 
82 0 0 0 
83 0 0 0 
84 0 0 0 
85 0 0 0 
86 0 0 0 
87 0 0 0 
88 0 0 0 
89 0 0 0 
90 0 0 0 
91 0 0 0 
92 0 0 0 
93 0 0 0 
94 0 0 0 
95 0 0 0 
96 0 0 0 
97 0 0 0 
98 0 0 0 
99 0 0 0 
100 0 0 0 
101 0 0 0 
102 0 0 0 
103 0 0 0 
104 0 0 0 
105 0 0 0 
106 0 0 0 
107 0 0 0 
108 0 0 0 
109 0 0 0 
110 0 0 0 
111 0 0 0 
112 0 0 0 
113 0 0 0 
114 0 0 0 
115 0 0 0 
116 0 0 0 
117 0 0 0 
118 0 0 0 
119 0 0 0 
120 0 0 0 
121 0 0 0 
122 0 0 0 
123 0 0 0 
124 0 0 0 
125 0 0 0 
126 0 0 0 
127 0 0 0 
128 0 0 0 
129 0 0 0 
130 0 0 0 
131 0 0 0 
132 0 0 0 
133 0 0 0 
134 0 0 0 
135 0 0 0 
136 0 0 0 
137 0 0 0 
138 0 0 0 
139 0 0 0 
140 0 0 0 
141 0 0 0 
142 0 0 0 
143 0 0 0 
144 0 0 0 
145 0 0 0 
146 0 0 0 
147 0 0 0 
148 0 0 0 
149 0 0 0 
150 0 0 0 
151 0 0 0 
152 0 0 0 
153 0 0 0 
154 0 0 0 
155 0 0 0 
156 0 0 0 
157 0 0 0 
158 0 0 0 
159 0 0 0 
160 0 0 0 
161 0 0 0 
162 0 0 0 
163 0 0 0 
164 0 0 0 
165 0 0 0 
166 0 0 0 
167 0 0 0 
168 0 0 0 
169 0 0 0 
170 0 0 0 
171 0 0 0 
172 0 0 0 
173 0 0 0 
174 0 0 0 
175 0 0 0 
176 0 0 0 
177 0 0 0 
178 0 0 0 
179 0 0 0 
180 0 0 0 
181 0 0 0 
182 0 0 0 
183 0 0 0 
184 0 0 0 
185 0 0 0 
186 0 0 0 
187 0 0 0 
188 0 0 0 
189 0 0 0 
190 0 0 0 
191 0 0 0 
192 0 0 0 
193 0 0 0 
194 0 0 0 
195 0 0 0 
196 0 0 0 
197 0 0 0 
198 0 0 0 
199 0 0 0 
