0 -169803776 0 0 
1 0 0 0 
2 0 0 0 
3 0 0 0 
4 0 0 0 
5 0 0 0 
6 0 0 0 
7 0 0 0 
8 0 0 0 
9 0 0 0 
10 0 0 0 
11 0 0 0 
12 0 0 0 
13 0 0 0 
14 0 0 0 
15 0 0 0 
16 0 0 0 
17 0 0 0 
18 0 0 0 
19 0 0 0 
20 0 0 0 
21 0 2 2 
22 0 13 13 
23 0 84 84 
24 0 389 389 
25 0 1393 1393 
26 0 5329 5329 
27 0 19822 19822 
28 0 70605 70605 
29 0 244389 244389 
30 0 806612 806612 
31 0 2541339 2541339 
32 0 7575348 7575348 
33 0 21201140 21201140 
34 0 55325605 55325605 
35 0 133391724 133391724 
36 0 294630239 294630239 
37 0 590843168 590843168 
38 0 1067550641 1067550641 
39 0 1725116162 1725116162 
40 0 -1817548407 -1817548407 
41 0 -1148207667 -1148207667 
42 0 -768758600 -768758600 
43 0 -811742069 -811742069 
44 0 -1257197011 -1257197011 
45 0 -1947428592 -1947428592 
46 0 1616103092 1616103092 
47 0 997877090 997877090 
48 0 556911816 556911816 
49 0 283280977 283280977 
50 0 132564965 132564965 
51 0 57588251 57588251 
52 0 23428778 23428778 
53 0 8997345 8997345 
54 0 3282828 3282828 
55 0 1149752 1149752 
56 0 386551 386551 
57 0 125891 125891 
58 0 39743 39743 
59 0 12332 12332 
60 0 3663 3663 
61 0 1081 1081 
62 0 312 312 
63 0 79 79 
64 0 17 17 
65 0 3 3 
66 0 0 0 
67 0 0 0 
68 0 0 0 
69 0 0 0 
70 0 0 0 
71 0 0 0 
72 0 0 0 
73 0 0 0 
74 0 0 0 
75 0 0 0 
76 0 0 0 
77 0 0 0 
78 0 0 0 
79 0 0 0 
80 0 0 0 
81 0 0 0 
82 0 0 0 
83 0 0 0 
84 0 0 0 
85 0 0 0 
86 0 0 0 
87 0 0 0 
88 0 0 0 
89 0 0 0 
90 0 0 0 
91 0 0 0 
92 0 0 0 
93 0 0 0 
94 0 0 0 
95 0 0 0 
96 0 0 0 
97 0 0 0 
98 0 0 0 
99 0 0 0 
100 0 0 0 
101 0 0 0 
102 0 0 0 
103 0 0 0 
104 0 0 0 
105 0 0 0 
106 0 0 0 
107 0 0 0 
108 0 0 0 
109 0 0 0 
110 0 0 0 
111 0 0 0 
112 0 0 0 
113 0 0 0 
114 0 0 0 
115 0 0 0 
116 0 0 0 
117 0 0 0 
118 0 0 0 
119 0 0 0 
120 0 0 0 
121 0 0 0 
122 0 0 0 
123 0 0 0 
124 0 0 0 
125 0 0 0 
126 0 0 0 
127 0 0 0 
128 0 0 0 
129 0 0 0 
130 0 0 0 
131 0 0 0 
132 0 0 0 
133 0 0 0 
134 0 0 0 
135 0 0 0 
136 0 0 0 
137 0 0 0 
138 0 0 0 
139 0 0 0 
140 0 0 0 
141 0 0 0 
142 0 0 0 
143 0 0 0 
144 0 0 0 
145 0 0 0 
146 0 0 0 
147 0 0 0 
148 0 0 0 
149 0 0 0 
150 0 0 0 
151 0 0 0 
152 0 0 0 
153 0 0 0 
154 0 0 0 
155 0 0 0 
156 0 0 0 
157 0 0 0 
158 0 0 0 
159 0 0 0 
160 0 0 0 
161 0 0 0 
162 0 0 0 
163 0 0 0 
164 0 0 0 
165 0 0 0 
166 0 0 0 
167 0 0 0 
168 0 0 0 
169 0 0 0 
170 0 0 0 
171 0 0 0 
172 0 0 0 
173 0 0 0 
174 0 0 0 
175 0 0 0 
176 0 0 0 
177 0 0 0 
178 0 0 0 
179 0 0 0 
180 0 0 0 
181 0 0 0 
182 0 0 0 
183 0 0 0 
184 0 0 0 
185 0 0 0 
186 0 0 0 
187 0 0 0 
188 0 0 0 
189 0 0 0 
190 0 0 0 
191 0 0 0 
192 0 0 0 
193 0 0 0 
194 0 0 0 
195 0 0 0 
196 0 0 0 
197 0 0 0 
198 0 0 0 
199 0 0 0 
