0 12 0 0 
1 71 0 0 
2 483 5 0 
3 4127 263 0 
4 24590 1970 0 
5 123753 13747 0 
6 517199 74007 0 
7 1841779 337032 0 
8 5719307 1317396 0 
9 15670403 4497987 0 
10 38219372 13501262 0 
11 84050535 35964894 0 
12 168032844 85625907 0 
13 307095907 183181935 0 
14 515598094 354309973 0 
15 799328899 622080244 0 
16 1148850733 995494626 0 
17 1535773550 1456494747 0 
18 1915166046 1953979630 6 
19 -2060905640 -1885366713 31 
20 -1851267996 -1558115452 67 
21 -1782944421 -1426131261 387 
22 -1863950129 -1515866884 1421 
23 -2075412562 -1802796125 4445 
24 1914710704 2071429696 14322 
25 1563042187 1597691738 46051 
26 1209382949 1144700698 138975 
27 888394864 762865388 401901 
28 620463986 473361175 1112534 
29 412447896 273669784 2942679 
30 261472560 147664057 7425956 
31 158239255 74397100 17791037 
32 91570871 35057076 40314190 
33 50724588 15470463 85959045 
34 26967123 6399555 171950875 
35 13750710 2490775 321125738 
36 6735452 908638 557733177 
37 3182649 311893 897683235 
38 1451304 101941 1334668419 
39 637407 31642 1829049349 
40 269469 9265 -1988290805 
41 110797 2611 -1619104560 
42 44368 606 -1438984182 
43 17038 179 -1486283133 
44 6556 36 -1744368849 
45 2540 13 2144685129 
46 921 1 1675561400 
47 258 0 1221244637 
48 71 0 833967897 
49 31 0 535842507 
50 8 0 325378855 
51 1 0 187562907 
52 1 0 103069408 
53 0 0 54257865 
54 0 0 27438142 
55 0 0 13373689 
56 0 0 6306901 
57 0 0 2889616 
58 0 0 1288165 
59 0 0 560799 
60 0 0 237630 
61 0 0 99189 
62 0 0 40177 
63 0 0 16111 
64 0 0 6367 
65 0 0 2426 
66 0 0 878 
67 0 0 311 
68 0 0 113 
69 0 0 52 
70 0 0 23 
71 0 0 12 
72 0 0 2 
73 0 0 1 
74 0 0 0 
75 0 0 0 
76 0 0 0 
77 0 0 0 
78 0 0 0 
79 0 0 0 
80 0 0 0 
81 0 0 0 
82 0 0 0 
83 0 0 0 
84 0 0 0 
85 0 0 0 
86 0 0 0 
87 0 0 0 
88 0 0 0 
89 0 0 0 
90 0 0 0 
91 0 0 0 
92 0 0 0 
93 0 0 0 
94 0 0 0 
95 0 0 0 
96 0 0 0 
97 0 0 0 
98 0 0 0 
99 0 0 0 
100 0 0 0 
101 0 0 0 
102 0 0 0 
103 0 0 0 
104 0 0 0 
105 0 0 0 
106 0 0 0 
107 0 0 0 
108 0 0 0 
109 0 0 0 
110 0 0 0 
111 0 0 0 
112 0 0 0 
113 0 0 0 
114 0 0 0 
115 0 0 0 
116 0 0 0 
117 0 0 0 
118 0 0 0 
119 0 0 0 
120 0 0 0 
121 0 0 0 
122 0 0 0 
123 0 0 0 
124 0 0 0 
125 0 0 0 
126 0 0 0 
127 0 0 0 
128 0 0 0 
129 0 0 0 
130 0 0 0 
131 0 0 0 
132 0 0 0 
133 0 0 0 
134 0 0 0 
135 0 0 0 
136 0 0 0 
137 0 0 0 
138 0 0 0 
139 0 0 0 
140 0 0 0 
141 0 0 0 
142 0 0 0 
143 0 0 0 
144 0 0 0 
145 0 0 0 
146 0 0 0 
147 0 0 0 
148 0 0 0 
149 0 0 0 
150 0 0 0 
151 0 0 0 
152 0 0 0 
153 0 0 0 
154 0 0 0 
155 0 0 0 
156 0 0 0 
157 0 0 0 
158 0 0 0 
159 0 0 0 
160 0 0 0 
161 0 0 0 
162 0 0 0 
163 0 0 0 
164 0 0 0 
165 0 0 0 
166 0 0 0 
167 0 0 0 
168 0 0 0 
169 0 0 0 
170 0 0 0 
171 0 0 0 
172 0 0 0 
173 0 0 0 
174 0 0 0 
175 0 0 0 
176 0 0 0 
177 0 0 0 
178 0 0 0 
179 0 0 0 
180 0 0 0 
181 0 0 0 
182 0 0 0 
183 0 0 0 
184 0 0 0 
185 0 0 0 
186 0 0 0 
187 0 0 0 
188 0 0 0 
189 0 0 0 
190 0 0 0 
191 0 0 0 
192 0 0 0 
193 0 0 0 
194 0 0 0 
195 0 0 0 
196 0 0 0 
197 0 0 0 
198 0 0 0 
199 0 0 0 
