0 0 -169803776 0 
1 0 0 0 
2 0 0 0 
3 0 0 0 
4 0 0 0 
5 0 0 0 
6 0 0 0 
7 0 0 0 
8 0 0 0 
9 0 0 0 
10 0 0 0 
11 0 0 0 
12 0 0 0 
13 0 0 0 
14 0 0 0 
15 0 0 0 
16 0 0 0 
17 0 0 0 
18 2 0 2 
19 32 0 32 
20 123 0 123 
21 548 0 548 
22 1914 0 1914 
23 6780 0 6780 
24 21994 0 21994 
25 67535 0 67535 
26 202420 0 202420 
27 574501 0 574501 
28 1552360 0 1552360 
29 4004552 0 4004552 
30 9786081 0 9786081 
31 22667436 0 22667436 
32 49601256 0 49601256 
33 102063386 0 102063386 
34 196902130 0 196902130 
35 355189788 0 355189788 
36 597064239 0 597064239 
37 932964909 0 932964909 
38 1352975423 0 1352975423 
39 1817616793 0 1817616793 
40 -2034915501 0 -2034915501 
41 -1695108271 0 -1695108271 
42 -1526756226 0 -1526756226 
43 -1564376141 0 -1564376141 
44 -1795438041 0 -1795438041 
45 2127552846 0 2127552846 
46 1688114597 0 1688114597 
47 1252013039 0 1252013039 
48 870543327 0 870543327 
49 569366638 0 569366638 
50 351526468 0 351526468 
51 205629781 0 205629781 
52 114411733 0 114411733 
53 60727120 0 60727120 
54 30859594 0 30859594 
55 15040248 0 15040248 
56 7066636 0 7066636 
57 3207589 0 3207589 
58 1411479 0 1411479 
59 602603 0 602603 
60 250541 0 250541 
61 102298 0 102298 
62 40658 0 40658 
63 16023 0 16023 
64 6330 0 6330 
65 2334 0 2334 
66 951 0 951 
67 388 0 388 
68 146 0 146 
69 78 0 78 
70 35 0 35 
71 15 0 15 
72 3 0 3 
73 0 0 0 
74 0 0 0 
75 0 0 0 
76 0 0 0 
77 0 0 0 
78 0 0 0 
79 0 0 0 
80 0 0 0 
81 0 0 0 
82 0 0 0 
83 0 0 0 
84 0 0 0 
85 0 0 0 
86 0 0 0 
87 0 0 0 
88 0 0 0 
89 0 0 0 
90 0 0 0 
91 0 0 0 
92 0 0 0 
93 0 0 0 
94 0 0 0 
95 0 0 0 
96 0 0 0 
97 0 0 0 
98 0 0 0 
99 0 0 0 
100 0 0 0 
101 0 0 0 
102 0 0 0 
103 0 0 0 
104 0 0 0 
105 0 0 0 
106 0 0 0 
107 0 0 0 
108 0 0 0 
109 0 0 0 
110 0 0 0 
111 0 0 0 
112 0 0 0 
113 0 0 0 
114 0 0 0 
115 0 0 0 
116 0 0 0 
117 0 0 0 
118 0 0 0 
119 0 0 0 
120 0 0 0 
121 0 0 0 
122 0 0 0 
123 0 0 0 
124 0 0 0 
125 0 0 0 
126 0 0 0 
127 0 0 0 
128 0 0 0 
129 0 0 0 
130 0 0 0 
131 0 0 0 
132 0 0 0 
133 0 0 0 
134 0 0 0 
135 0 0 0 
136 0 0 0 
137 0 0 0 
138 0 0 0 
139 0 0 0 
140 0 0 0 
141 0 0 0 
142 0 0 0 
143 0 0 0 
144 0 0 0 
145 0 0 0 
146 0 0 0 
147 0 0 0 
148 0 0 0 
149 0 0 0 
150 0 0 0 
151 0 0 0 
152 0 0 0 
153 0 0 0 
154 0 0 0 
155 0 0 0 
156 0 0 0 
157 0 0 0 
158 0 0 0 
159 0 0 0 
160 0 0 0 
161 0 0 0 
162 0 0 0 
163 0 0 0 
164 0 0 0 
165 0 0 0 
166 0 0 0 
167 0 0 0 
168 0 0 0 
169 0 0 0 
170 0 0 0 
171 0 0 0 
172 0 0 0 
173 0 0 0 
174 0 0 0 
175 0 0 0 
176 0 0 0 
177 0 0 0 
178 0 0 0 
179 0 0 0 
180 0 0 0 
181 0 0 0 
182 0 0 0 
183 0 0 0 
184 0 0 0 
185 0 0 0 
186 0 0 0 
187 0 0 0 
188 0 0 0 
189 0 0 0 
190 0 0 0 
191 0 0 0 
192 0 0 0 
193 0 0 0 
194 0 0 0 
195 0 0 0 
196 0 0 0 
197 0 0 0 
198 0 0 0 
199 0 0 0 
