0 0 0 0 
1 0 0 0 
2 2 9 0 
3 197 300 0 
4 2090 2196 0 
5 14417 14190 0 
6 77454 78937 0 
7 353507 356567 0 
8 1384302 1397444 0 
9 4691206 4735356 0 
10 13967620 14102852 0 
11 36980482 37267551 0 
12 87491877 88094182 0 
13 186233963 187160677 0 
14 358639209 359801422 0 
15 627134224 628332121 0 
16 999884386 1000789167 0 
17 1458486104 1458745760 0 
18 1952182965 1951600869 0 
19 -1891663852 -1893204816 0 
20 -1567906858 -1570274416 1 
21 -1437364919 -1439699887 4 
22 -1525215368 -1527245492 11 
23 -1808471204 -1809767789 63 
24 2070245680 2069949232 293 
25 1600279227 1600509844 1180 
26 1149622388 1150188910 4970 
27 768088626 769009689 18820 
28 477658901 478622494 71061 
29 276682913 277445102 245546 
30 149407838 149968581 817649 
31 75245992 75645885 2571934 
32 35367533 35614855 7668675 
33 15522230 15672491 21441862 
34 6377001 6447802 55850721 
35 2450009 2477347 134398294 
36 881205 889389 296192558 
37 297600 299876 592846811 
38 95048 94846 1069405852 
39 28559 28606 1725763147 
40 7822 8286 -1819112239 
41 2307 2222 -1151819152 
42 644 655 -773296432 
43 171 154 -815764809 
44 15 44 -1259052632 
45 5 10 -1947278780 
46 2 0 1617457950 
47 0 0 999826981 
48 0 0 558668293 
49 0 0 284570388 
50 0 0 133268946 
51 0 0 57903633 
52 0 0 23527818 
53 0 0 9015789 
54 0 0 3279076 
55 0 0 1141969 
56 0 0 380602 
57 0 0 123318 
58 0 0 39012 
59 0 0 11896 
60 0 0 3600 
61 0 0 1116 
62 0 0 317 
63 0 0 79 
64 0 0 25 
65 0 0 7 
66 0 0 1 
67 0 0 0 
68 0 0 0 
69 0 0 0 
70 0 0 0 
71 0 0 0 
72 0 0 0 
73 0 0 0 
74 0 0 0 
75 0 0 0 
76 0 0 0 
77 0 0 0 
78 0 0 0 
79 0 0 0 
80 0 0 0 
81 0 0 0 
82 0 0 0 
83 0 0 0 
84 0 0 0 
85 0 0 0 
86 0 0 0 
87 0 0 0 
88 0 0 0 
89 0 0 0 
90 0 0 0 
91 0 0 0 
92 0 0 0 
93 0 0 0 
94 0 0 0 
95 0 0 0 
96 0 0 0 
97 0 0 0 
98 0 0 0 
99 0 0 0 
100 0 0 0 
101 0 0 0 
102 0 0 0 
103 0 0 0 
104 0 0 0 
105 0 0 0 
106 0 0 0 
107 0 0 0 
108 0 0 0 
109 0 0 0 
110 0 0 0 
111 0 0 0 
112 0 0 0 
113 0 0 0 
114 0 0 0 
115 0 0 0 
116 0 0 0 
117 0 0 0 
118 0 0 0 
119 0 0 0 
120 0 0 0 
121 0 0 0 
122 0 0 0 
123 0 0 0 
124 0 0 0 
125 0 0 0 
126 0 0 0 
127 0 0 0 
128 0 0 0 
129 0 0 0 
130 0 0 0 
131 0 0 0 
132 0 0 0 
133 0 0 0 
134 0 0 0 
135 0 0 0 
136 0 0 0 
137 0 0 0 
138 0 0 0 
139 0 0 0 
140 0 0 0 
141 0 0 0 
142 0 0 0 
143 0 0 0 
144 0 0 0 
145 0 0 0 
146 0 0 0 
147 0 0 0 
148 0 0 0 
149 0 0 0 
150 0 0 0 
151 0 0 0 
152 0 0 0 
153 0 0 0 
154 0 0 0 
155 0 0 0 
156 0 0 0 
157 0 0 0 
158 0 0 0 
159 0 0 0 
160 0 0 0 
161 0 0 0 
162 0 0 0 
163 0 0 0 
164 0 0 0 
165 0 0 0 
166 0 0 0 
167 0 0 0 
168 0 0 0 
169 0 0 0 
170 0 0 0 
171 0 0 0 
172 0 0 0 
173 0 0 0 
174 0 0 0 
175 0 0 0 
176 0 0 0 
177 0 0 0 
178 0 0 0 
179 0 0 0 
180 0 0 0 
181 0 0 0 
182 0 0 0 
183 0 0 0 
184 0 0 0 
185 0 0 0 
186 0 0 0 
187 0 0 0 
188 0 0 0 
189 0 0 0 
190 0 0 0 
191 0 0 0 
192 0 0 0 
193 0 0 0 
194 0 0 0 
195 0 0 0 
196 0 0 0 
197 0 0 0 
198 0 0 0 
199 0 0 0 
