0 0 -169803776 0 
1 0 0 0 
2 0 0 0 
3 0 0 0 
4 0 0 0 
5 0 0 0 
6 0 0 0 
7 0 0 0 
8 0 0 0 
9 0 0 0 
10 0 0 0 
11 0 0 0 
12 1 0 1 
13 0 0 0 
14 13 0 13 
15 28 0 28 
16 104 0 104 
17 281 0 281 
18 997 0 997 
19 3034 0 3034 
20 9203 0 9203 
21 26812 0 26812 
22 74870 0 74870 
23 199566 0 199566 
24 506601 0 506601 
25 1229915 0 1229915 
26 2848537 0 2848537 
27 6333476 0 6333476 
28 13380209 0 13380209 
29 26953062 0 26953062 
30 51689398 0 51689398 
31 94254288 0 94254288 
32 163207359 0 163207359 
33 268198624 0 268198624 
34 417817289 0 417817289 
35 617284445 0 617284445 
36 864521191 0 864521191 
37 1148602157 0 1148602157 
38 1447847384 0 1447847384 
39 1732848786 0 1732848786 
40 1970859427 0 1970859427 
41 2132063032 0 2132063032 
42 -2098164068 0 -2098164068 
43 -2136355006 0 -2136355006 
44 2025827097 0 2025827097 
45 1818454757 0 1818454757 
46 1563982015 0 1563982015 
47 1291196748 0 1291196748 
48 1024877948 0 1024877948 
49 783340839 0 783340839 
50 577526785 0 577526785 
51 411479695 0 411479695 
52 283703428 0 283703428 
53 189583261 0 189583261 
54 122955704 0 122955704 
55 77500437 0 77500437 
56 47553928 0 47553928 
57 28427387 0 28427387 
58 16591133 0 16591133 
59 9454581 0 9454581 
60 5274109 0 5274109 
61 2883606 0 2883606 
62 1546403 0 1546403 
63 813914 0 813914 
64 423691 0 423691 
65 215033 0 215033 
66 108518 0 108518 
67 54056 0 54056 
68 26097 0 26097 
69 12489 0 12489 
70 5790 0 5790 
71 2695 0 2695 
72 1277 0 1277 
73 544 0 544 
74 270 0 270 
75 99 0 99 
76 33 0 33 
77 16 0 16 
78 5 0 5 
79 3 0 3 
80 2 0 2 
81 0 0 0 
82 0 0 0 
83 0 0 0 
84 0 0 0 
85 0 0 0 
86 0 0 0 
87 0 0 0 
88 0 0 0 
89 0 0 0 
90 0 0 0 
91 0 0 0 
92 0 0 0 
93 0 0 0 
94 0 0 0 
95 0 0 0 
96 0 0 0 
97 0 0 0 
98 0 0 0 
99 0 0 0 
100 0 0 0 
101 0 0 0 
102 0 0 0 
103 0 0 0 
104 0 0 0 
105 0 0 0 
106 0 0 0 
107 0 0 0 
108 0 0 0 
109 0 0 0 
110 0 0 0 
111 0 0 0 
112 0 0 0 
113 0 0 0 
114 0 0 0 
115 0 0 0 
116 0 0 0 
117 0 0 0 
118 0 0 0 
119 0 0 0 
120 0 0 0 
121 0 0 0 
122 0 0 0 
123 0 0 0 
124 0 0 0 
125 0 0 0 
126 0 0 0 
127 0 0 0 
128 0 0 0 
129 0 0 0 
130 0 0 0 
131 0 0 0 
132 0 0 0 
133 0 0 0 
134 0 0 0 
135 0 0 0 
136 0 0 0 
137 0 0 0 
138 0 0 0 
139 0 0 0 
140 0 0 0 
141 0 0 0 
142 0 0 0 
143 0 0 0 
144 0 0 0 
145 0 0 0 
146 0 0 0 
147 0 0 0 
148 0 0 0 
149 0 0 0 
150 0 0 0 
151 0 0 0 
152 0 0 0 
153 0 0 0 
154 0 0 0 
155 0 0 0 
156 0 0 0 
157 0 0 0 
158 0 0 0 
159 0 0 0 
160 0 0 0 
161 0 0 0 
162 0 0 0 
163 0 0 0 
164 0 0 0 
165 0 0 0 
166 0 0 0 
167 0 0 0 
168 0 0 0 
169 0 0 0 
170 0 0 0 
171 0 0 0 
172 0 0 0 
173 0 0 0 
174 0 0 0 
175 0 0 0 
176 0 0 0 
177 0 0 0 
178 0 0 0 
179 0 0 0 
180 0 0 0 
181 0 0 0 
182 0 0 0 
183 0 0 0 
184 0 0 0 
185 0 0 0 
186 0 0 0 
187 0 0 0 
188 0 0 0 
189 0 0 0 
190 0 0 0 
191 0 0 0 
192 0 0 0 
193 0 0 0 
194 0 0 0 
195 0 0 0 
196 0 0 0 
197 0 0 0 
198 0 0 0 
199 0 0 0 
