0 0 0 0 
1 26 1 0 
2 452 28 0 
3 3628 182 0 
4 21120 2015 0 
5 107681 15066 0 
6 458462 79757 0 
7 1667437 364384 0 
8 5239669 1415526 0 
9 14523846 4777359 0 
10 35905585 14192190 0 
11 79863085 37429820 0 
12 161236777 88280831 0 
13 297441182 187358211 0 
14 503862895 359889255 0 
15 787306099 628434934 0 
16 1139178463 1000869746 0 
17 1531673840 1459108431 3 
18 1919199676 1952064814 12 
19 -2047932364 -1892658843 49 
20 -1830903510 -1569757833 105 
21 -1758923963 -1439496170 382 
22 -1840396404 -1527758464 1483 
23 -2056497422 -1810996723 4630 
24 1926323665 2068145100 15245 
25 1566980401 1599029396 47034 
26 1206700416 1149224261 138835 
27 881160354 768535121 393947 
28 610938321 478711500 1074830 
29 402848949 278038471 2803719 
30 252931730 150690867 7003957 
31 151467427 76315080 16669217 
32 86700209 36139004 37686367 
33 47458205 16021237 80454730 
34 24915323 6660349 161723400 
35 12560349 2596863 304548591 
36 6079969 955191 534609109 
37 2839081 330713 871071451 
38 1279431 108667 1311711176 
39 554741 33825 1819448930 
40 233180 9826 -1976036100 
41 94807 2716 -1583187850 
42 38076 634 -1385932191 
43 14359 130 -1429996439 
44 5275 42 -1699943511 
45 1929 10 -2126426161 
46 742 0 1678189761 
47 209 0 1208084172 
48 82 0 812918502 
49 19 0 513902704 
50 7 0 306826435 
51 3 0 173910172 
52 1 0 93999997 
53 0 0 48671014 
54 0 0 24260715 
55 0 0 11688914 
56 0 0 5458808 
57 0 0 2479880 
58 0 0 1099813 
59 0 0 476607 
60 0 0 201592 
61 0 0 84235 
62 0 0 34503 
63 0 0 14275 
64 0 0 5576 
65 0 0 2215 
66 0 0 894 
67 0 0 317 
68 0 0 118 
69 0 0 39 
70 0 0 10 
71 0 0 3 
72 0 0 3 
73 0 0 0 
74 0 0 0 
75 0 0 0 
76 0 0 0 
77 0 0 0 
78 0 0 0 
79 0 0 0 
80 0 0 0 
81 0 0 0 
82 0 0 0 
83 0 0 0 
84 0 0 0 
85 0 0 0 
86 0 0 0 
87 0 0 0 
88 0 0 0 
89 0 0 0 
90 0 0 0 
91 0 0 0 
92 0 0 0 
93 0 0 0 
94 0 0 0 
95 0 0 0 
96 0 0 0 
97 0 0 0 
98 0 0 0 
99 0 0 0 
100 0 0 0 
101 0 0 0 
102 0 0 0 
103 0 0 0 
104 0 0 0 
105 0 0 0 
106 0 0 0 
107 0 0 0 
108 0 0 0 
109 0 0 0 
110 0 0 0 
111 0 0 0 
112 0 0 0 
113 0 0 0 
114 0 0 0 
115 0 0 0 
116 0 0 0 
117 0 0 0 
118 0 0 0 
119 0 0 0 
120 0 0 0 
121 0 0 0 
122 0 0 0 
123 0 0 0 
124 0 0 0 
125 0 0 0 
126 0 0 0 
127 0 0 0 
128 0 0 0 
129 0 0 0 
130 0 0 0 
131 0 0 0 
132 0 0 0 
133 0 0 0 
134 0 0 0 
135 0 0 0 
136 0 0 0 
137 0 0 0 
138 0 0 0 
139 0 0 0 
140 0 0 0 
141 0 0 0 
142 0 0 0 
143 0 0 0 
144 0 0 0 
145 0 0 0 
146 0 0 0 
147 0 0 0 
148 0 0 0 
149 0 0 0 
150 0 0 0 
151 0 0 0 
152 0 0 0 
153 0 0 0 
154 0 0 0 
155 0 0 0 
156 0 0 0 
157 0 0 0 
158 0 0 0 
159 0 0 0 
160 0 0 0 
161 0 0 0 
162 0 0 0 
163 0 0 0 
164 0 0 0 
165 0 0 0 
166 0 0 0 
167 0 0 0 
168 0 0 0 
169 0 0 0 
170 0 0 0 
171 0 0 0 
172 0 0 0 
173 0 0 0 
174 0 0 0 
175 0 0 0 
176 0 0 0 
177 0 0 0 
178 0 0 0 
179 0 0 0 
180 0 0 0 
181 0 0 0 
182 0 0 0 
183 0 0 0 
184 0 0 0 
185 0 0 0 
186 0 0 0 
187 0 0 0 
188 0 0 0 
189 0 0 0 
190 0 0 0 
191 0 0 0 
192 0 0 0 
193 0 0 0 
194 0 0 0 
195 0 0 0 
196 0 0 0 
197 0 0 0 
198 0 0 0 
199 0 0 0 
