0 0 -169803776 0 
1 0 0 0 
2 0 0 0 
3 0 0 0 
4 0 0 0 
5 0 0 0 
6 0 0 0 
7 0 0 0 
8 0 0 0 
9 1 0 1 
10 1 0 1 
11 4 0 4 
12 43 0 43 
13 166 0 166 
14 406 0 406 
15 1561 0 1561 
16 4720 0 4720 
17 12939 0 12939 
18 34603 0 34603 
19 86096 0 86096 
20 203134 0 203134 
21 459048 0 459048 
22 989196 0 989196 
23 2047748 0 2047748 
24 4074111 0 4074111 
25 7773699 0 7773699 
26 14281793 0 14281793 
27 25334174 0 25334174 
28 43355160 0 43355160 
29 71634536 0 71634536 
30 114338212 0 114338212 
31 176413566 0 176413566 
32 263098384 0 263098384 
33 379297434 0 379297434 
34 528214269 0 528214269 
35 710275955 0 710275955 
36 921135697 0 921135697 
37 1151164108 0 1151164108 
38 1385547049 0 1385547049 
39 1604520086 0 1604520086 
40 1786655172 0 1786655172 
41 1912254976 0 1912254976 
42 1967390547 0 1967390547 
43 1946135647 0 1946135647 
44 1852119069 0 1852119069 
45 1697449798 0 1697449798 
46 1500328182 0 1500328182 
47 1280629021 0 1280629021 
48 1057817741 0 1057817741 
49 846837078 0 846837078 
50 658446056 0 658446056 
51 498083759 0 498083759 
52 367353654 0 367353654 
53 264531282 0 264531282 
54 186279555 0 186279555 
55 128470807 0 128470807 
56 86838169 0 86838169 
57 57643760 0 57643760 
58 37593555 0 37593555 
59 24105968 0 24105968 
60 15205813 0 15205813 
61 9443695 0 9443695 
62 5768686 0 5768686 
63 3474479 0 3474479 
64 2059280 0 2059280 
65 1204830 0 1204830 
66 694760 0 694760 
67 396581 0 396581 
68 222579 0 222579 
69 122822 0 122822 
70 67809 0 67809 
71 36278 0 36278 
72 19725 0 19725 
73 10071 0 10071 
74 5262 0 5262 
75 2806 0 2806 
76 1335 0 1335 
77 677 0 677 
78 397 0 397 
79 209 0 209 
80 102 0 102 
81 70 0 70 
82 23 0 23 
83 10 0 10 
84 3 0 3 
85 3 0 3 
86 0 0 0 
87 0 0 0 
88 0 0 0 
89 0 0 0 
90 0 0 0 
91 0 0 0 
92 0 0 0 
93 0 0 0 
94 0 0 0 
95 0 0 0 
96 0 0 0 
97 0 0 0 
98 0 0 0 
99 0 0 0 
100 0 0 0 
101 0 0 0 
102 0 0 0 
103 0 0 0 
104 0 0 0 
105 0 0 0 
106 0 0 0 
107 0 0 0 
108 0 0 0 
109 0 0 0 
110 0 0 0 
111 0 0 0 
112 0 0 0 
113 0 0 0 
114 0 0 0 
115 0 0 0 
116 0 0 0 
117 0 0 0 
118 0 0 0 
119 0 0 0 
120 0 0 0 
121 0 0 0 
122 0 0 0 
123 0 0 0 
124 0 0 0 
125 0 0 0 
126 0 0 0 
127 0 0 0 
128 0 0 0 
129 0 0 0 
130 0 0 0 
131 0 0 0 
132 0 0 0 
133 0 0 0 
134 0 0 0 
135 0 0 0 
136 0 0 0 
137 0 0 0 
138 0 0 0 
139 0 0 0 
140 0 0 0 
141 0 0 0 
142 0 0 0 
143 0 0 0 
144 0 0 0 
145 0 0 0 
146 0 0 0 
147 0 0 0 
148 0 0 0 
149 0 0 0 
150 0 0 0 
151 0 0 0 
152 0 0 0 
153 0 0 0 
154 0 0 0 
155 0 0 0 
156 0 0 0 
157 0 0 0 
158 0 0 0 
159 0 0 0 
160 0 0 0 
161 0 0 0 
162 0 0 0 
163 0 0 0 
164 0 0 0 
165 0 0 0 
166 0 0 0 
167 0 0 0 
168 0 0 0 
169 0 0 0 
170 0 0 0 
171 0 0 0 
172 0 0 0 
173 0 0 0 
174 0 0 0 
175 0 0 0 
176 0 0 0 
177 0 0 0 
178 0 0 0 
179 0 0 0 
180 0 0 0 
181 0 0 0 
182 0 0 0 
183 0 0 0 
184 0 0 0 
185 0 0 0 
186 0 0 0 
187 0 0 0 
188 0 0 0 
189 0 0 0 
190 0 0 0 
191 0 0 0 
192 0 0 0 
193 0 0 0 
194 0 0 0 
195 0 0 0 
196 0 0 0 
197 0 0 0 
198 0 0 0 
199 0 0 0 
