0 0 -169803776 0 
1 0 0 0 
2 0 0 0 
3 0 0 0 
4 0 0 0 
5 0 0 0 
6 0 0 0 
7 0 0 0 
8 0 0 0 
9 0 0 0 
10 0 0 0 
11 0 0 0 
12 0 0 0 
13 0 0 0 
14 0 0 0 
15 0 0 0 
16 0 0 0 
17 0 0 0 
18 1 0 1 
19 10 0 10 
20 3 0 3 
21 2 0 2 
22 23 0 23 
23 83 0 83 
24 340 0 340 
25 1159 0 1159 
26 4752 0 4752 
27 18142 0 18142 
28 68061 0 68061 
29 238761 0 238761 
30 800708 0 800708 
31 2538270 0 2538270 
32 7608963 0 7608963 
33 21296583 0 21296583 
34 55532156 0 55532156 
35 133724011 0 133724011 
36 295174073 0 295174073 
37 591674072 0 591674072 
38 1068517289 0 1068517289 
39 1725696916 0 1725696916 
40 -1817874552 0 -1817874552 
41 -1149365582 0 -1149365582 
42 -771055516 0 -771055516 
43 -813852036 0 -813852036 
44 -1258271150 0 -1258271150 
45 -1947452008 0 -1947452008 
46 1616696520 0 1616696520 
47 998744013 0 998744013 
48 557682385 0 557682385 
49 283906560 0 283906560 
50 132925404 0 132925404 
51 57741776 0 57741776 
52 23470477 0 23470477 
53 9001398 0 9001398 
54 3284322 0 3284322 
55 1148143 0 1148143 
56 386616 0 386616 
57 126986 0 126986 
58 40458 0 40458 
59 12370 0 12370 
60 3759 0 3759 
61 1076 0 1076 
62 320 0 320 
63 81 0 81 
64 15 0 15 
65 8 0 8 
66 3 0 3 
67 0 0 0 
68 0 0 0 
69 0 0 0 
70 0 0 0 
71 0 0 0 
72 0 0 0 
73 0 0 0 
74 0 0 0 
75 0 0 0 
76 0 0 0 
77 0 0 0 
78 0 0 0 
79 0 0 0 
80 0 0 0 
81 0 0 0 
82 0 0 0 
83 0 0 0 
84 0 0 0 
85 0 0 0 
86 0 0 0 
87 0 0 0 
88 0 0 0 
89 0 0 0 
90 0 0 0 
91 0 0 0 
92 0 0 0 
93 0 0 0 
94 0 0 0 
95 0 0 0 
96 0 0 0 
97 0 0 0 
98 0 0 0 
99 0 0 0 
100 0 0 0 
101 0 0 0 
102 0 0 0 
103 0 0 0 
104 0 0 0 
105 0 0 0 
106 0 0 0 
107 0 0 0 
108 0 0 0 
109 0 0 0 
110 0 0 0 
111 0 0 0 
112 0 0 0 
113 0 0 0 
114 0 0 0 
115 0 0 0 
116 0 0 0 
117 0 0 0 
118 0 0 0 
119 0 0 0 
120 0 0 0 
121 0 0 0 
122 0 0 0 
123 0 0 0 
124 0 0 0 
125 0 0 0 
126 0 0 0 
127 0 0 0 
128 0 0 0 
129 0 0 0 
130 0 0 0 
131 0 0 0 
132 0 0 0 
133 0 0 0 
134 0 0 0 
135 0 0 0 
136 0 0 0 
137 0 0 0 
138 0 0 0 
139 0 0 0 
140 0 0 0 
141 0 0 0 
142 0 0 0 
143 0 0 0 
144 0 0 0 
145 0 0 0 
146 0 0 0 
147 0 0 0 
148 0 0 0 
149 0 0 0 
150 0 0 0 
151 0 0 0 
152 0 0 0 
153 0 0 0 
154 0 0 0 
155 0 0 0 
156 0 0 0 
157 0 0 0 
158 0 0 0 
159 0 0 0 
160 0 0 0 
161 0 0 0 
162 0 0 0 
163 0 0 0 
164 0 0 0 
165 0 0 0 
166 0 0 0 
167 0 0 0 
168 0 0 0 
169 0 0 0 
170 0 0 0 
171 0 0 0 
172 0 0 0 
173 0 0 0 
174 0 0 0 
175 0 0 0 
176 0 0 0 
177 0 0 0 
178 0 0 0 
179 0 0 0 
180 0 0 0 
181 0 0 0 
182 0 0 0 
183 0 0 0 
184 0 0 0 
185 0 0 0 
186 0 0 0 
187 0 0 0 
188 0 0 0 
189 0 0 0 
190 0 0 0 
191 0 0 0 
192 0 0 0 
193 0 0 0 
194 0 0 0 
195 0 0 0 
196 0 0 0 
197 0 0 0 
198 0 0 0 
199 0 0 0 
