0 0 -169803776 0 
1 0 0 0 
2 0 0 0 
3 0 0 0 
4 0 0 0 
5 0 0 0 
6 0 0 0 
7 0 0 0 
8 0 0 0 
9 0 0 0 
10 0 0 0 
11 0 0 0 
12 2 0 2 
13 4 0 4 
14 16 0 16 
15 61 0 61 
16 255 0 255 
17 865 0 865 
18 2994 0 2994 
19 8864 0 8864 
20 25076 0 25076 
21 66110 0 66110 
22 167631 0 167631 
23 410556 0 410556 
24 966025 0 966025 
25 2169528 0 2169528 
26 4679434 0 4679434 
27 9675998 0 9675998 
28 19159958 0 19159958 
29 36365469 0 36365469 
30 66010539 0 66010539 
31 114574015 0 114574015 
32 189698407 0 189698407 
33 299756770 0 299756770 
34 451525851 0 451525851 
35 648222052 0 648222052 
36 886676314 0 886676314 
37 1155494779 0 1155494779 
38 1434919484 0 1434919484 
39 1698758447 0 1698758447 
40 1918176363 0 1918176363 
41 2067012368 0 2067012368 
42 2127789410 0 2127789410 
43 2094676495 0 2094676495 
44 1974327895 0 1974327895 
45 1784490887 0 1784490887 
46 1548892963 0 1548892963 
47 1292895234 0 1292895234 
48 1039462841 0 1039462841 
49 806140116 0 806140116 
50 603992302 0 603992302 
51 437882615 0 437882615 
52 307648601 0 307648601 
53 209732394 0 209732394 
54 139001106 0 139001106 
55 89643883 0 89643883 
56 56306784 0 56306784 
57 34503795 0 34503795 
58 20644311 0 20644311 
59 12080273 0 12080273 
60 6920160 0 6920160 
61 3882084 0 3882084 
62 2136921 0 2136921 
63 1153995 0 1153995 
64 613818 0 613818 
65 322544 0 322544 
66 165820 0 165820 
67 84439 0 84439 
68 42679 0 42679 
69 21273 0 21273 
70 10492 0 10492 
71 5028 0 5028 
72 2438 0 2438 
73 1170 0 1170 
74 545 0 545 
75 223 0 223 
76 120 0 120 
77 58 0 58 
78 26 0 26 
79 17 0 17 
80 8 0 8 
81 1 0 1 
82 1 0 1 
83 0 0 0 
84 0 0 0 
85 0 0 0 
86 0 0 0 
87 0 0 0 
88 0 0 0 
89 0 0 0 
90 0 0 0 
91 0 0 0 
92 0 0 0 
93 0 0 0 
94 0 0 0 
95 0 0 0 
96 0 0 0 
97 0 0 0 
98 0 0 0 
99 0 0 0 
100 0 0 0 
101 0 0 0 
102 0 0 0 
103 0 0 0 
104 0 0 0 
105 0 0 0 
106 0 0 0 
107 0 0 0 
108 0 0 0 
109 0 0 0 
110 0 0 0 
111 0 0 0 
112 0 0 0 
113 0 0 0 
114 0 0 0 
115 0 0 0 
116 0 0 0 
117 0 0 0 
118 0 0 0 
119 0 0 0 
120 0 0 0 
121 0 0 0 
122 0 0 0 
123 0 0 0 
124 0 0 0 
125 0 0 0 
126 0 0 0 
127 0 0 0 
128 0 0 0 
129 0 0 0 
130 0 0 0 
131 0 0 0 
132 0 0 0 
133 0 0 0 
134 0 0 0 
135 0 0 0 
136 0 0 0 
137 0 0 0 
138 0 0 0 
139 0 0 0 
140 0 0 0 
141 0 0 0 
142 0 0 0 
143 0 0 0 
144 0 0 0 
145 0 0 0 
146 0 0 0 
147 0 0 0 
148 0 0 0 
149 0 0 0 
150 0 0 0 
151 0 0 0 
152 0 0 0 
153 0 0 0 
154 0 0 0 
155 0 0 0 
156 0 0 0 
157 0 0 0 
158 0 0 0 
159 0 0 0 
160 0 0 0 
161 0 0 0 
162 0 0 0 
163 0 0 0 
164 0 0 0 
165 0 0 0 
166 0 0 0 
167 0 0 0 
168 0 0 0 
169 0 0 0 
170 0 0 0 
171 0 0 0 
172 0 0 0 
173 0 0 0 
174 0 0 0 
175 0 0 0 
176 0 0 0 
177 0 0 0 
178 0 0 0 
179 0 0 0 
180 0 0 0 
181 0 0 0 
182 0 0 0 
183 0 0 0 
184 0 0 0 
185 0 0 0 
186 0 0 0 
187 0 0 0 
188 0 0 0 
189 0 0 0 
190 0 0 0 
191 0 0 0 
192 0 0 0 
193 0 0 0 
194 0 0 0 
195 0 0 0 
196 0 0 0 
197 0 0 0 
198 0 0 0 
199 0 0 0 
