0 0 0 0 
1 50 3 0 
2 726 79 0 
3 6063 865 0 
4 35044 6328 0 
5 172274 34912 0 
6 696291 162433 0 
7 2411352 669920 0 
8 7245434 2375594 0 
9 19185777 7337303 0 
10 45378480 20156989 0 
11 96866581 49534974 0 
12 188187039 109696543 0 
13 334925461 220243391 0 
14 549289625 403183741 0 
15 833690360 675743653 0 
16 1176099025 1040435381 1 
17 1547176597 1475833091 2 
18 1904170810 1933739527 21 
19 -2095868732 -1949469307 89 
20 -1906562498 -1656608872 286 
21 -1849904841 -1538304432 854 
22 -1930529071 -1616482347 2824 
23 -2130798175 -1871619276 9345 
24 1877650612 2043510332 27746 
25 1547219286 1607278321 79849 
26 1212676432 1180072706 225165 
27 905625960 809473473 604349 
28 645292551 519029311 1557214 
29 439366205 311324646 3847595 
30 286334530 174720219 9096490 
31 178866548 91872085 20579687 
32 107262908 45282697 44403879 
33 61812706 20927217 91019618 
34 34315100 9089149 176514143 
35 18373712 3713877 322573759 
36 9497840 1426831 553002872 
37 4745644 515266 884562257 
38 2297891 175973 1314826059 
39 1078250 56790 1808091633 
40 491502 17546 -2001781879 
41 218639 4942 -1618462592 
42 94582 1277 -1423393541 
43 40648 291 -1462722631 
44 17243 55 -1722225688 
45 6777 21 -2136747320 
46 2686 2 1678758006 
47 1048 0 1216619558 
48 362 0 825850844 
49 142 0 528058056 
50 42 0 319913246 
51 2 0 184596883 
52 0 0 102029530 
53 0 0 54250791 
54 0 0 27890054 
55 0 0 13912061 
56 0 0 6740713 
57 0 0 3194129 
58 0 0 1481580 
59 0 0 675823 
60 0 0 302221 
61 0 0 131415 
62 0 0 57215 
63 0 0 24328 
64 0 0 10490 
65 0 0 4278 
66 0 0 1742 
67 0 0 712 
68 0 0 284 
69 0 0 112 
70 0 0 34 
71 0 0 20 
72 0 0 9 
73 0 0 4 
74 0 0 0 
75 0 0 0 
76 0 0 0 
77 0 0 0 
78 0 0 0 
79 0 0 0 
80 0 0 0 
81 0 0 0 
82 0 0 0 
83 0 0 0 
84 0 0 0 
85 0 0 0 
86 0 0 0 
87 0 0 0 
88 0 0 0 
89 0 0 0 
90 0 0 0 
91 0 0 0 
92 0 0 0 
93 0 0 0 
94 0 0 0 
95 0 0 0 
96 0 0 0 
97 0 0 0 
98 0 0 0 
99 0 0 0 
100 0 0 0 
101 0 0 0 
102 0 0 0 
103 0 0 0 
104 0 0 0 
105 0 0 0 
106 0 0 0 
107 0 0 0 
108 0 0 0 
109 0 0 0 
110 0 0 0 
111 0 0 0 
112 0 0 0 
113 0 0 0 
114 0 0 0 
115 0 0 0 
116 0 0 0 
117 0 0 0 
118 0 0 0 
119 0 0 0 
120 0 0 0 
121 0 0 0 
122 0 0 0 
123 0 0 0 
124 0 0 0 
125 0 0 0 
126 0 0 0 
127 0 0 0 
128 0 0 0 
129 0 0 0 
130 0 0 0 
131 0 0 0 
132 0 0 0 
133 0 0 0 
134 0 0 0 
135 0 0 0 
136 0 0 0 
137 0 0 0 
138 0 0 0 
139 0 0 0 
140 0 0 0 
141 0 0 0 
142 0 0 0 
143 0 0 0 
144 0 0 0 
145 0 0 0 
146 0 0 0 
147 0 0 0 
148 0 0 0 
149 0 0 0 
150 0 0 0 
151 0 0 0 
152 0 0 0 
153 0 0 0 
154 0 0 0 
155 0 0 0 
156 0 0 0 
157 0 0 0 
158 0 0 0 
159 0 0 0 
160 0 0 0 
161 0 0 0 
162 0 0 0 
163 0 0 0 
164 0 0 0 
165 0 0 0 
166 0 0 0 
167 0 0 0 
168 0 0 0 
169 0 0 0 
170 0 0 0 
171 0 0 0 
172 0 0 0 
173 0 0 0 
174 0 0 0 
175 0 0 0 
176 0 0 0 
177 0 0 0 
178 0 0 0 
179 0 0 0 
180 0 0 0 
181 0 0 0 
182 0 0 0 
183 0 0 0 
184 0 0 0 
185 0 0 0 
186 0 0 0 
187 0 0 0 
188 0 0 0 
189 0 0 0 
190 0 0 0 
191 0 0 0 
192 0 0 0 
193 0 0 0 
194 0 0 0 
195 0 0 0 
196 0 0 0 
197 0 0 0 
198 0 0 0 
199 0 0 0 
