0 0 0 0 
1 94 3 0 
2 967 87 0 
3 8084 1190 0 
4 46957 7834 0 
5 223654 45724 0 
6 875304 209600 0 
7 2941019 827627 0 
8 8559870 2818287 0 
9 22089880 8437241 0 
10 51084019 22558476 0 
11 106715205 54128006 0 
12 203314175 117387129 0 
13 355545570 231569602 0 
14 573469739 417432102 0 
15 857500134 690585006 0 
16 1194068313 1051824036 0 
17 1553678245 1479623919 4 
18 1895045119 1926440843 36 
19 -2121784245 -1968387241 95 
20 -1946207296 -1684488838 371 
21 -1896841586 -1569594480 1252 
22 -1977000089 -1644176598 3766 
23 2125183163 -1890908296 11556 
24 1851762781 2035212260 34950 
25 1535977761 1609507374 100791 
26 1214563762 1189627458 277063 
27 917179078 822396394 727221 
28 662316776 531794217 1836463 
29 458217174 322128307 4455506 
30 303969823 182853531 10346686 
31 193641226 97288396 22978515 
32 118667648 48562869 48732310 
33 70076685 22758637 98269956 
34 39907918 10019206 187598052 
35 21935468 4151954 337808404 
36 11672658 1623134 571171297 
37 6008575 595508 902408810 
38 3000247 205806 1326823543 
39 1458400 67720 1808175781 
40 691669 20944 -2017657672 
41 318360 6223 -1649761499 
42 141769 1764 -1464389525 
43 62432 434 -1503269917 
44 26141 99 -1753287207 
45 10818 23 2141826388 
46 4553 2 1677153181 
47 1792 1 1226065340 
48 654 0 841051452 
49 225 0 544351096 
50 94 0 334316577 
51 18 0 195819349 
52 15 0 109966420 
53 1 0 59474104 
54 0 0 31097093 
55 0 0 15783840 
56 0 0 7808455 
57 0 0 3770395 
58 0 0 1782432 
59 0 0 826874 
60 0 0 377307 
61 0 0 167296 
62 0 0 73406 
63 0 0 32040 
64 0 0 13989 
65 0 0 5786 
66 0 0 2429 
67 0 0 1011 
68 0 0 383 
69 0 0 160 
70 0 0 65 
71 0 0 25 
72 0 0 8 
73 0 0 9 
74 0 0 2 
75 0 0 0 
76 0 0 0 
77 0 0 0 
78 0 0 0 
79 0 0 0 
80 0 0 0 
81 0 0 0 
82 0 0 0 
83 0 0 0 
84 0 0 0 
85 0 0 0 
86 0 0 0 
87 0 0 0 
88 0 0 0 
89 0 0 0 
90 0 0 0 
91 0 0 0 
92 0 0 0 
93 0 0 0 
94 0 0 0 
95 0 0 0 
96 0 0 0 
97 0 0 0 
98 0 0 0 
99 0 0 0 
100 0 0 0 
101 0 0 0 
102 0 0 0 
103 0 0 0 
104 0 0 0 
105 0 0 0 
106 0 0 0 
107 0 0 0 
108 0 0 0 
109 0 0 0 
110 0 0 0 
111 0 0 0 
112 0 0 0 
113 0 0 0 
114 0 0 0 
115 0 0 0 
116 0 0 0 
117 0 0 0 
118 0 0 0 
119 0 0 0 
120 0 0 0 
121 0 0 0 
122 0 0 0 
123 0 0 0 
124 0 0 0 
125 0 0 0 
126 0 0 0 
127 0 0 0 
128 0 0 0 
129 0 0 0 
130 0 0 0 
131 0 0 0 
132 0 0 0 
133 0 0 0 
134 0 0 0 
135 0 0 0 
136 0 0 0 
137 0 0 0 
138 0 0 0 
139 0 0 0 
140 0 0 0 
141 0 0 0 
142 0 0 0 
143 0 0 0 
144 0 0 0 
145 0 0 0 
146 0 0 0 
147 0 0 0 
148 0 0 0 
149 0 0 0 
150 0 0 0 
151 0 0 0 
152 0 0 0 
153 0 0 0 
154 0 0 0 
155 0 0 0 
156 0 0 0 
157 0 0 0 
158 0 0 0 
159 0 0 0 
160 0 0 0 
161 0 0 0 
162 0 0 0 
163 0 0 0 
164 0 0 0 
165 0 0 0 
166 0 0 0 
167 0 0 0 
168 0 0 0 
169 0 0 0 
170 0 0 0 
171 0 0 0 
172 0 0 0 
173 0 0 0 
174 0 0 0 
175 0 0 0 
176 0 0 0 
177 0 0 0 
178 0 0 0 
179 0 0 0 
180 0 0 0 
181 0 0 0 
182 0 0 0 
183 0 0 0 
184 0 0 0 
185 0 0 0 
186 0 0 0 
187 0 0 0 
188 0 0 0 
189 0 0 0 
190 0 0 0 
191 0 0 0 
192 0 0 0 
193 0 0 0 
194 0 0 0 
195 0 0 0 
196 0 0 0 
197 0 0 0 
198 0 0 0 
199 0 0 0 
