0 0 -169803776 0 
1 0 0 0 
2 0 0 0 
3 0 0 0 
4 0 0 0 
5 0 0 0 
6 0 0 0 
7 0 0 0 
8 0 0 0 
9 0 0 0 
10 0 0 0 
11 7 0 7 
12 16 0 16 
13 29 0 29 
14 101 0 101 
15 314 0 314 
16 1111 0 1111 
17 3201 0 3201 
18 9339 0 9339 
19 24026 0 24026 
20 61297 0 61297 
21 149122 0 149122 
22 345829 0 345829 
23 770672 0 770672 
24 1647868 0 1647868 
25 3393419 0 3393419 
26 6730323 0 6730323 
27 12828175 0 12828175 
28 23638715 0 23638715 
29 42035307 0 42035307 
30 72187584 0 72187584 
31 119636847 0 119636847 
32 191326056 0 191326056 
33 294744063 0 294744063 
34 437182510 0 437182510 
35 623187999 0 623187999 
36 852410011 0 852410011 
37 1117121308 0 1117121308 
38 1400464963 0 1400464963 
39 1677188515 0 1677188515 
40 1916395795 0 1916395795 
41 2087625825 0 2087625825 
42 -2127444939 0 -2127444939 
43 2145152998 0 2145152998 
44 2025278480 0 2025278480 
45 1826548546 0 1826548546 
46 1576125678 0 1576125678 
47 1303831564 0 1303831564 
48 1036499146 0 1036499146 
49 793794227 0 793794227 
50 587031751 0 587031751 
51 420390510 0 420390510 
52 292151881 0 292151881 
53 197548703 0 197548703 
54 130233625 0 130233625 
55 83869245 0 83869245 
56 52843331 0 52843331 
57 32634333 0 32634333 
58 19772862 0 19772862 
59 11780924 0 11780924 
60 6900892 0 6900892 
61 3969982 0 3969982 
62 2253692 0 2253692 
63 1261684 0 1261684 
64 694383 0 694383 
65 377473 0 377473 
66 200763 0 200763 
67 106998 0 106998 
68 55976 0 55976 
69 28938 0 28938 
70 14371 0 14371 
71 7230 0 7230 
72 3719 0 3719 
73 1810 0 1810 
74 840 0 840 
75 375 0 375 
76 213 0 213 
77 89 0 89 
78 42 0 42 
79 18 0 18 
80 3 0 3 
81 0 0 0 
82 1 0 1 
83 0 0 0 
84 0 0 0 
85 0 0 0 
86 0 0 0 
87 0 0 0 
88 0 0 0 
89 0 0 0 
90 0 0 0 
91 0 0 0 
92 0 0 0 
93 0 0 0 
94 0 0 0 
95 0 0 0 
96 0 0 0 
97 0 0 0 
98 0 0 0 
99 0 0 0 
100 0 0 0 
101 0 0 0 
102 0 0 0 
103 0 0 0 
104 0 0 0 
105 0 0 0 
106 0 0 0 
107 0 0 0 
108 0 0 0 
109 0 0 0 
110 0 0 0 
111 0 0 0 
112 0 0 0 
113 0 0 0 
114 0 0 0 
115 0 0 0 
116 0 0 0 
117 0 0 0 
118 0 0 0 
119 0 0 0 
120 0 0 0 
121 0 0 0 
122 0 0 0 
123 0 0 0 
124 0 0 0 
125 0 0 0 
126 0 0 0 
127 0 0 0 
128 0 0 0 
129 0 0 0 
130 0 0 0 
131 0 0 0 
132 0 0 0 
133 0 0 0 
134 0 0 0 
135 0 0 0 
136 0 0 0 
137 0 0 0 
138 0 0 0 
139 0 0 0 
140 0 0 0 
141 0 0 0 
142 0 0 0 
143 0 0 0 
144 0 0 0 
145 0 0 0 
146 0 0 0 
147 0 0 0 
148 0 0 0 
149 0 0 0 
150 0 0 0 
151 0 0 0 
152 0 0 0 
153 0 0 0 
154 0 0 0 
155 0 0 0 
156 0 0 0 
157 0 0 0 
158 0 0 0 
159 0 0 0 
160 0 0 0 
161 0 0 0 
162 0 0 0 
163 0 0 0 
164 0 0 0 
165 0 0 0 
166 0 0 0 
167 0 0 0 
168 0 0 0 
169 0 0 0 
170 0 0 0 
171 0 0 0 
172 0 0 0 
173 0 0 0 
174 0 0 0 
175 0 0 0 
176 0 0 0 
177 0 0 0 
178 0 0 0 
179 0 0 0 
180 0 0 0 
181 0 0 0 
182 0 0 0 
183 0 0 0 
184 0 0 0 
185 0 0 0 
186 0 0 0 
187 0 0 0 
188 0 0 0 
189 0 0 0 
190 0 0 0 
191 0 0 0 
192 0 0 0 
193 0 0 0 
194 0 0 0 
195 0 0 0 
196 0 0 0 
197 0 0 0 
198 0 0 0 
199 0 0 0 
