0 39 0
1 41 0
2 36 0
3 36 0
4 50 0
5 46 0
6 45 0
7 48 0
8 48 0
9 48 0
10 37 0
11 35 0
12 45 0
13 47 0
14 44 0
15 35 0
16 46 0
17 46 0
18 50 0
19 52 0
20 42 0
21 42 0
22 43 0
23 44 0
24 47 0
25 40 0
26 39 0
27 36 0
28 42 0
29 42 0
30 39 0
31 41 0
32 43 0
33 40 0
34 46 0
35 49 0
36 50 0
37 48 0
38 42 0
39 41 0
40 47 0
41 47 0
42 47 0
43 46 0
44 46 0
45 42 0
46 51 0
47 53 0
48 48 0
49 50 0
50 49 0
51 57 0
52 48 0
53 49 0
54 38 0
55 32 0
56 35 0
57 35 0
58 38 0
59 35 0
60 36 0
61 36 0
62 39 0
63 40 0
64 46 0
65 45 0
66 47 0
67 41 0
68 40 0
69 43 0
70 45 0
71 47 0
72 44 0
73 41 0
74 46 0
75 48 0
76 48 0
77 47 0
78 43 0
79 46 0
80 35 0
81 38 0
82 42 0
83 39 0
84 39 0
85 39 0
86 41 0
87 46 0
88 40 0
89 40 0
90 40 0
91 38 0
92 39 0
93 35 0
94 32 0
95 47 0
96 45 0
97 43 0
98 41 0
99 35 0
100 34 0
101 38 0
102 35 0
103 37 0
104 42 0
105 41 0
106 40 0
107 32 0
108 35 0
109 42 0
110 43 0
111 42 0
112 35 0
113 41 0
114 44 0
115 40 0
116 37 0
117 41 0
118 32 0
119 37 0
120 38 0
121 42 0
122 40 0
123 38 0
124 43 0
125 45 0
126 40 0
127 43 0
128 44 0
129 45 0
130 48 0
131 54 0
132 47 0
133 47 0
134 48 0
135 56 0
136 45 0
137 49 0
138 39 0
139 39 0
140 44 0
141 44 0
142 33 0
143 33 0
144 41 0
145 45 0
146 43 0
147 43 0
148 39 0
149 36 0
150 36 0
151 40 0
152 40 0
153 44 0
154 43 0
155 47 0
156 47 0
157 40 0
158 32 0
159 41 0
160 39 0
161 41 0
162 44 0
163 47 0
164 40 0
165 45 0
166 45 0
167 46 0
168 44 0
169 40 0
170 37 0
171 41 0
172 41 0
173 41 0
174 42 0
175 46 0
176 43 0
177 44 0
178 38 0
179 39 0
180 38 0
181 38 0
182 40 0
183 37 0
184 46 0
185 49 0
186 41 0
187 44 0
188 49 0
189 52 0
190 56 0
191 49 0
192 48 0
193 44 0
194 49 0
195 52 0
196 45 0
197 42 0
198 45 0
199 46 0
200 43 0
201 43 0
202 39 0
203 40 0
204 40 0
205 44 0
206 46 0
207 42 0
208 43 0
209 44 0
210 46 0
211 45 0
212 46 0
213 45 0
214 40 0
215 48 0
216 46 0
217 46 0
218 48 0
219 49 0
220 44 0
221 43 0
222 42 0
223 43 0
224 42 0
225 33 0
226 40 0
227 43 0
228 40 0
229 43 0
230 45 0
231 42 0
232 40 0
233 42 0
234 40 0
235 36 0
236 37 0
237 37 0
238 37 0
239 35 0
240 33 0
241 39 0
242 42 0
243 39 0
244 38 0
245 42 0
246 41 0
247 46 0
248 47 0
249 40 0
250 48 0
251 45 0
252 42 0
253 42 0
254 42 0
255 46 0
