0 28 18
1 23 24
2 23 25
3 24 21
4 24 22
5 25 19
6 18 20
7 19 22
8 15 26
9 27 18
10 19 26
11 24 17
12 21 20
13 21 17
14 16 21
15 20 21
16 20 21
17 30 13
18 19 24
19 19 22
20 20 22
21 18 21
22 15 27
23 17 26
24 23 25
25 24 15
26 25 18
27 19 24
28 22 21
29 25 21
30 22 21
31 18 27
32 25 19
33 16 19
34 20 25
35 18 28
36 19 28
37 27 20
38 22 25
39 23 23
40 29 18
41 27 19
42 26 22
43 17 30
44 21 25
45 21 24
46 17 29
47 12 25
48 15 21
49 28 13
50 19 21
51 16 23
52 18 21
53 18 17
54 18 29
55 22 25
56 22 27
57 27 19
58 30 18
59 19 19
60 25 18
61 24 15
62 17 23
63 21 20
64 24 21
65 29 17
66 17 24
67 23 18
68 15 29
69 21 22
70 22 21
71 22 21
72 24 21
73 24 22
74 29 15
75 22 18
76 20 22
77 16 25
78 22 19
79 19 22
80 22 20
81 16 25
82 19 27
83 25 21
84 16 27
85 22 23
86 24 18
87 18 24
88 23 26
89 22 24
90 21 26
91 24 20
92 24 19
93 18 25
94 23 23
95 20 29
96 25 23
97 18 22
98 14 25
99 23 19
100 21 23
101 21 21
102 22 22
103 20 24
104 22 19
105 26 15
106 19 26
107 25 21
108 16 30
109 14 33
110 26 22
111 21 24
112 26 18
113 21 19
114 19 24
115 23 22
116 22 23
117 23 22
118 21 23
119 33 16
120 21 19
121 21 17
122 16 21
123 20 16
124 20 20
125 22 19
126 22 21
127 24 21
128 22 23
129 23 23
130 21 18
131 17 22
132 22 18
133 25 21
134 24 22
135 22 24
136 22 20
137 26 21
138 26 19
139 18 23
140 20 17
141 21 19
142 16 23
143 21 22
144 26 16
145 23 19
146 18 22
147 27 14
148 21 20
149 29 11
150 19 24
151 25 18
152 21 23
153 21 22
154 26 17
155 17 25
156 22 24
157 19 22
158 19 24
159 24 18
160 22 22
161 27 18
162 18 26
163 19 21
164 18 22
165 26 15
166 22 22
167 18 26
168 27 17
169 16 25
170 22 19
171 19 20
172 23 14
173 19 19
174 17 23
175 18 24
176 23 18
177 21 20
178 16 22
179 22 14
180 17 21
181 16 19
182 22 17
183 15 24
184 22 19
185 25 17
186 24 23
187 24 23
188 25 22
189 24 23
190 21 25
191 21 24
192 22 25
193 27 18
194 18 25
195 22 18
196 21 20
197 23 18
198 17 22
199 24 14
200 19 18
201 12 25
202 21 19
203 25 15
204 18 21
205 21 23
206 27 14
207 20 20
208 16 26
209 20 23
210 23 20
211 23 19
212 24 15
213 16 21
214 21 20
215 22 19
216 16 29
217 24 21
218 22 20
219 20 21
220 25 17
221 22 30
222 35 19
223 27 21
224 19 14
225 20 17
226 16 25
227 24 18
228 20 21
229 22 14
230 12 26
231 27 13
232 17 25
233 20 22
234 14 20
235 15 19
236 15 20
237 16 21
238 22 15
239 22 15
240 17 20
241 19 18
242 20 18
243 16 21
244 15 24
245 22 26
246 27 22
247 23 22
248 15 29
249 24 19
250 17 28
251 27 23
252 29 20
253 22 19
254 18 25
255 21 23
