0 0 37
1 0 38
2 0 37
3 0 38
4 0 38
5 0 38
6 0 37
7 0 40
8 0 39
9 0 38
10 0 39
11 0 40
12 0 41
13 0 39
14 0 43
15 0 42
16 0 44
17 0 44
18 0 46
19 0 42
20 0 47
21 0 44
22 0 43
23 0 45
24 0 44
25 0 40
26 0 45
27 0 46
28 0 42
29 0 42
30 0 39
31 0 39
32 0 41
33 0 43
34 0 43
35 0 40
36 0 41
37 0 44
38 0 45
39 0 48
40 0 48
41 0 50
42 0 49
43 0 48
44 0 45
45 0 48
46 0 48
47 0 48
48 0 48
49 0 42
50 0 42
51 0 42
52 0 42
53 0 44
54 0 47
55 0 45
56 0 42
57 0 42
58 0 43
59 0 43
60 0 42
61 0 39
62 0 42
63 0 38
64 0 41
65 0 41
66 0 40
67 0 42
68 0 45
69 0 44
70 0 44
71 0 48
72 0 47
73 0 43
74 0 44
75 0 47
76 0 47
77 0 43
78 0 43
79 0 43
80 0 38
81 0 38
82 0 36
83 0 36
84 0 39
85 0 40
86 0 41
87 0 41
88 0 41
89 0 37
90 0 37
91 0 37
92 0 38
93 0 35
94 0 42
95 0 43
96 0 42
97 0 44
98 0 45
99 0 46
100 0 47
101 0 44
102 0 44
103 0 47
104 0 48
105 0 47
106 0 45
107 0 46
108 0 46
109 0 41
110 0 40
111 0 40
112 0 43
113 0 43
114 0 43
115 0 42
116 0 44
117 0 38
118 0 37
119 0 38
120 0 43
121 0 44
122 0 42
123 0 45
124 0 46
125 0 46
126 0 45
127 0 44
128 0 42
129 0 43
130 0 45
131 0 46
132 0 47
133 0 46
134 0 46
135 0 46
136 0 44
137 0 43
138 0 42
139 0 42
140 0 37
141 0 42
142 0 43
143 0 44
144 0 40
145 0 42
146 0 42
147 0 42
148 0 43
149 0 40
150 0 36
151 0 35
152 0 44
153 0 45
154 0 44
155 0 44
156 0 44
157 0 46
158 0 41
159 0 37
160 0 38
161 0 38
162 0 44
163 0 44
164 0 41
165 0 43
166 0 43
167 0 39
168 0 39
169 0 39
170 0 41
171 0 42
172 0 42
173 0 43
174 0 43
175 0 44
176 0 45
177 0 45
178 0 45
179 0 45
180 0 46
181 0 39
182 0 39
183 0 38
184 0 42
185 0 42
186 0 43
187 0 43
188 0 41
189 0 42
190 0 42
191 0 42
192 0 42
193 0 44
194 0 43
195 0 44
196 0 45
197 0 43
198 0 43
199 0 39
200 0 43
201 0 43
202 0 47
203 0 39
204 0 39
205 0 40
206 0 40
207 0 42
208 0 44
209 0 43
210 0 43
211 0 45
212 0 52
213 0 48
214 0 44
215 0 45
216 0 40
217 0 40
218 0 42
219 0 42
220 0 43
221 0 42
222 0 39
223 0 38
224 0 36
225 0 39
226 0 38
227 0 44
228 0 48
229 0 45
230 0 42
231 0 42
232 0 41
233 0 43
234 0 45
235 0 45
236 0 45
237 0 44
238 0 41
239 0 44
240 0 45
241 0 43
242 0 45
243 0 45
244 0 39
245 0 39
246 0 41
247 0 40
248 0 41
249 0 39
250 0 40
251 0 44
252 0 43
253 0 42
254 0 42
255 0 41
