0 17 22
1 20 19
2 21 17
3 19 22
4 14 26
5 26 15
6 17 25
7 19 24
8 17 23
9 22 18
10 21 19
11 16 25
12 23 19
13 23 19
14 23 19
15 22 16
16 16 22
17 19 21
18 20 20
19 22 20
20 21 23
21 22 22
22 18 26
23 30 15
24 20 26
25 24 17
26 23 20
27 17 24
28 25 19
29 18 26
30 19 27
31 22 21
32 24 26
33 30 18
34 21 24
35 23 21
36 17 27
37 24 20
38 22 24
39 27 16
40 23 22
41 20 22
42 21 21
43 33 13
44 15 28
45 27 17
46 23 20
47 19 19
48 14 27
49 23 19
50 22 22
51 22 23
52 19 23
53 20 23
54 22 21
55 22 27
56 26 19
57 24 25
58 32 15
59 19 25
60 22 22
61 29 19
62 28 20
63 27 21
64 25 20
65 24 22
66 20 28
67 18 28
68 19 19
69 15 23
70 17 20
71 15 22
72 20 19
73 17 23
74 27 20
75 27 18
76 29 13
77 20 17
78 18 18
79 21 18
80 24 18
81 21 19
82 23 21
83 20 27
84 15 29
85 23 21
86 12 33
87 24 21
88 13 29
89 25 18
90 20 20
91 18 24
92 18 26
93 16 27
94 19 24
95 19 26
96 22 22
97 20 27
98 24 23
99 25 20
100 23 21
101 23 17
102 18 26
103 24 23
104 16 25
105 21 20
106 25 20
107 22 24
108 22 21
109 22 22
110 25 20
111 31 17
112 21 21
113 17 20
114 23 19
115 16 26
116 23 23
117 27 20
118 20 27
119 22 17
120 18 25
121 16 25
122 27 15
123 22 22
124 18 22
125 19 23
126 27 15
127 15 25
128 18 21
129 17 22
130 23 16
131 21 19
132 25 18
133 24 19
134 24 19
135 23 18
136 23 23
137 26 20
138 21 25
139 20 25
140 29 14
141 20 23
142 15 28
143 23 18
144 17 23
145 15 21
146 23 16
147 16 23
148 21 19
149 18 15
150 13 26
151 21 23
152 27 18
153 29 16
154 16 22
155 24 14
156 16 19
157 19 15
158 15 19
159 16 22
160 22 23
161 20 20
162 13 29
163 19 20
164 23 18
165 23 18
166 20 22
167 17 24
168 21 19
169 21 22
170 21 22
171 27 17
172 23 21
173 27 19
174 20 24
175 19 23
176 17 25
177 24 17
178 23 23
179 16 25
180 16 27
181 27 18
182 27 17
183 17 23
184 21 15
185 20 16
186 19 24
187 22 21
188 22 19
189 18 23
190 12 27
191 25 17
192 22 20
193 24 21
194 22 20
195 20 22
196 22 21
197 18 27
198 19 27
199 23 23
200 26 17
201 22 21
202 23 19
203 20 17
204 24 19
205 27 16
206 19 24
207 22 22
208 22 15
209 20 24
210 19 23
211 20 23
212 23 22
213 22 21
214 18 24
215 29 14
216 23 19
217 22 18
218 22 22
219 29 17
220 13 29
221 20 22
222 25 18
223 22 16
224 20 18
225 21 20
226 24 18
227 19 18
228 16 21
229 17 23
230 20 20
231 19 22
232 17 24
233 23 26
234 23 27
235 20 30
236 26 21
237 21 29
238 21 21
239 22 20
240 28 19
241 24 22
242 28 19
243 28 21
244 26 13
245 21 20
246 15 26
247 27 15
248 19 21
249 15 25
250 19 19
251 16 21
252 21 19
253 23 20
254 17 27
255 23 18
