0 19 28
1 25 22
2 25 18
3 22 22
4 18 25
5 22 22
6 26 18
7 21 23
8 24 22
9 18 23
10 20 22
11 15 25
12 20 22
13 19 23
14 26 17
15 18 29
16 25 22
17 21 22
18 22 23
19 17 26
20 25 18
21 14 26
22 20 22
23 16 25
24 19 23
25 20 22
26 17 22
27 18 20
28 22 20
29 18 23
30 19 22
31 16 22
32 16 23
33 22 18
34 16 24
35 18 23
36 23 19
37 20 24
38 18 22
39 17 23
40 19 19
41 21 16
42 14 24
43 17 19
44 18 18
45 22 17
46 24 21
47 21 22
48 27 18
49 29 16
50 20 20
51 17 20
52 17 21
53 19 21
54 17 23
55 19 21
56 22 18
57 16 24
58 21 22
59 18 25
60 19 24
61 26 17
62 20 25
63 20 24
64 28 14
65 28 18
66 25 18
67 28 19
68 31 19
69 26 23
70 29 18
71 26 20
72 25 23
73 25 22
74 23 25
75 26 23
76 19 20
77 21 18
78 20 20
79 25 15
80 18 17
81 17 18
82 23 15
83 20 23
84 18 24
85 23 23
86 26 20
87 20 23
88 23 20
89 22 23
90 18 26
91 29 15
92 17 20
93 23 17
94 21 19
95 15 25
96 13 26
97 24 22
98 23 19
99 17 28
100 21 23
101 24 23
102 23 25
103 21 27
104 23 21
105 15 26
106 26 16
107 21 22
108 27 16
109 20 21
110 21 25
111 21 26
112 23 23
113 25 19
114 23 21
115 24 18
116 17 24
117 20 21
118 19 23
119 24 17
120 12 25
121 19 20
122 19 18
123 19 16
124 18 23
125 20 21
126 26 15
127 18 23
128 18 26
129 21 24
130 20 23
131 24 21
132 22 21
133 21 23
134 10 22
135 15 23
136 17 21
137 21 21
138 19 24
139 25 16
140 20 19
141 24 18
142 16 27
143 21 24
144 32 16
145 25 20
146 21 24
147 24 21
148 19 27
149 21 25
150 21 20
151 21 19
152 21 19
153 21 14
154 22 15
155 17 18
156 20 16
157 21 15
158 21 18
159 17 23
160 22 22
161 25 21
162 24 19
163 28 21
164 20 22
165 21 23
166 22 21
167 19 21
168 20 16
169 17 20
170 21 17
171 22 17
172 20 15
173 15 27
174 25 18
175 15 30
176 32 14
177 22 21
178 19 24
179 26 21
180 24 26
181 27 18
182 28 19
183 31 17
184 27 17
185 23 16
186 21 17
187 19 20
188 19 21
189 14 26
190 21 18
191 28 16
192 23 21
193 23 21
194 24 18
195 28 18
196 25 21
197 21 25
198 25 20
199 20 25
200 26 22
201 24 23
202 16 29
203 16 29
204 22 21
205 21 24
206 18 21
207 15 25
208 29 17
209 20 26
210 20 25
211 16 29
212 24 20
213 24 23
214 22 22
215 27 18
216 22 21
217 15 26
218 21 20
219 22 19
220 24 19
221 22 22
222 21 22
223 18 20
224 23 15
225 18 21
226 20 24
227 26 19
228 25 18
229 21 24
230 19 20
231 22 19
232 20 21
233 18 19
234 20 19
235 21 19
236 27 25
237 22 27
238 17 24
239 22 17
240 18 22
241 19 24
242 10 31
243 22 19
244 24 18
245 28 17
246 22 21
247 20 21
248 19 20
249 17 30
250 23 23
251 20 26
252 23 23
253 19 27
254 28 18
255 27 20
