0 43 0
1 39 0
2 43 0
3 44 0
4 41 0
5 36 0
6 45 0
7 53 0
8 54 0
9 48 0
10 38 0
11 40 0
12 44 0
13 40 0
14 35 0
15 44 0
16 38 0
17 44 0
18 42 0
19 48 0
20 37 0
21 42 0
22 43 0
23 48 0
24 43 0
25 44 0
26 47 0
27 43 0
28 47 0
29 39 0
30 33 0
31 40 0
32 40 0
33 40 0
34 39 0
35 42 0
36 39 0
37 44 0
38 40 0
39 34 0
40 52 0
41 52 0
42 55 0
43 51 0
44 45 0
45 50 0
46 47 0
47 49 0
48 46 0
49 44 0
50 36 0
51 34 0
52 53 0
53 50 0
54 45 0
55 40 0
56 40 0
57 47 0
58 34 0
59 37 0
60 32 0
61 42 0
62 39 0
63 33 0
64 37 0
65 48 0
66 39 0
67 39 0
68 38 0
69 52 0
70 50 0
71 53 0
72 36 0
73 34 0
74 41 0
75 42 0
76 41 0
77 49 0
78 51 0
79 39 0
80 41 0
81 40 0
82 43 0
83 39 0
84 41 0
85 42 0
86 48 0
87 38 0
88 40 0
89 34 0
90 37 0
91 37 0
92 39 0
93 35 0
94 40 0
95 42 0
96 42 0
97 48 0
98 40 0
99 38 0
100 38 0
101 30 0
102 43 0
103 34 0
104 36 0
105 34 0
106 34 0
107 39 0
108 33 0
109 32 0
110 43 0
111 43 0
112 45 0
113 37 0
114 33 0
115 33 0
116 39 0
117 40 0
118 45 0
119 50 0
120 43 0
121 44 0
122 54 0
123 38 0
124 44 0
125 47 0
126 36 0
127 38 0
128 40 0
129 41 0
130 48 0
131 46 0
132 49 0
133 46 0
134 40 0
135 38 0
136 37 0
137 40 0
138 37 0
139 36 0
140 40 0
141 45 0
142 45 0
143 43 0
144 35 0
145 42 0
146 44 0
147 45 0
148 37 0
149 52 0
150 43 0
151 36 0
152 43 0
153 48 0
154 48 0
155 50 0
156 47 0
157 38 0
158 43 0
159 47 0
160 43 0
161 38 0
162 49 0
163 50 0
164 49 0
165 42 0
166 42 0
167 38 0
168 37 0
169 37 0
170 38 0
171 39 0
172 44 0
173 44 0
174 40 0
175 39 0
176 44 0
177 46 0
178 47 0
179 47 0
180 61 0
181 52 0
182 36 0
183 31 0
184 36 0
185 37 0
186 52 0
187 43 0
188 36 0
189 39 0
190 36 0
191 48 0
192 42 0
193 44 0
194 45 0
195 50 0
196 47 0
197 51 0
198 46 0
199 45 0
200 46 0
201 44 0
202 41 0
203 34 0
204 32 0
205 30 0
206 38 0
207 43 0
208 40 0
209 44 0
210 42 0
211 35 0
212 43 0
213 48 0
214 43 0
215 45 0
216 44 0
217 48 0
218 42 0
219 42 0
220 51 0
221 48 0
222 47 0
223 50 0
224 39 0
225 42 0
226 46 0
227 46 0
228 47 0
229 45 0
230 40 0
231 39 0
232 47 0
233 45 0
234 43 0
235 37 0
236 29 0
237 42 0
238 50 0
239 47 0
240 46 0
241 50 0
242 44 0
243 46 0
244 49 0
245 51 0
246 47 0
247 48 0
248 50 0
249 40 0
250 39 0
251 42 0
252 41 0
253 42 0
254 48 0
255 46 0
