0 0 44
1 0 44
2 0 44
3 0 41
4 0 40
5 0 40
6 0 40
7 0 40
8 0 42
9 0 42
10 0 39
11 0 39
12 0 39
13 0 45
14 0 42
15 0 44
16 0 43
17 0 44
18 0 47
19 0 49
20 0 48
21 0 46
22 0 47
23 0 46
24 0 45
25 0 44
26 0 43
27 0 40
28 0 43
29 0 43
30 0 47
31 0 41
32 0 41
33 0 40
34 0 43
35 0 44
36 0 42
37 0 42
38 0 42
39 0 44
40 0 43
41 0 40
42 0 46
43 0 41
44 0 42
45 0 42
46 0 38
47 0 37
48 0 35
49 0 35
50 0 35
51 0 34
52 0 34
53 0 45
54 0 47
55 0 46
56 0 44
57 0 48
58 0 48
59 0 48
60 0 47
61 0 46
62 0 43
63 0 44
64 0 43
65 0 39
66 0 37
67 0 34
68 0 36
69 0 42
70 0 43
71 0 44
72 0 44
73 0 44
74 0 44
75 0 45
76 0 42
77 0 43
78 0 45
79 0 42
80 0 43
81 0 39
82 0 41
83 0 41
84 0 42
85 0 42
86 0 38
87 0 42
88 0 44
89 0 45
90 0 47
91 0 46
92 0 46
93 0 46
94 0 51
95 0 49
96 0 46
97 0 46
98 0 46
99 0 45
100 0 45
101 0 48
102 0 41
103 0 45
104 0 44
105 0 43
106 0 43
107 0 44
108 0 42
109 0 45
110 0 45
111 0 44
112 0 44
113 0 45
114 0 41
115 0 42
116 0 42
117 0 44
118 0 45
119 0 44
120 0 44
121 0 41
122 0 42
123 0 42
124 0 44
125 0 43
126 0 43
127 0 43
128 0 44
129 0 43
130 0 42
131 0 42
132 0 43
133 0 43
134 0 44
135 0 44
136 0 44
137 0 44
138 0 42
139 0 42
140 0 43
141 0 45
142 0 47
143 0 45
144 0 42
145 0 38
146 0 38
147 0 38
148 0 42
149 0 42
150 0 40
151 0 40
152 0 40
153 0 40
154 0 38
155 0 39
156 0 34
157 0 34
158 0 40
159 0 42
160 0 42
161 0 43
162 0 43
163 0 42
164 0 43
165 0 44
166 0 42
167 0 43
168 0 45
169 0 41
170 0 46
171 0 43
172 0 43
173 0 48
174 0 46
175 0 44
176 0 43
177 0 41
178 0 40
179 0 39
180 0 44
181 0 44
182 0 39
183 0 42
184 0 48
185 0 42
186 0 41
187 0 42
188 0 41
189 0 41
190 0 42
191 0 42
192 0 42
193 0 43
194 0 44
195 0 45
196 0 43
197 0 42
198 0 43
199 0 41
200 0 45
201 0 44
202 0 44
203 0 44
204 0 45
205 0 46
206 0 45
207 0 41
208 0 43
209 0 42
210 0 42
211 0 41
212 0 35
213 0 36
214 0 36
215 0 36
216 0 37
217 0 37
218 0 37
219 0 39
220 0 38
221 0 40
222 0 46
223 0 42
224 0 40
225 0 45
226 0 44
227 0 44
228 0 42
229 0 47
230 0 47
231 0 45
232 0 45
233 0 45
234 0 46
235 0 43
236 0 40
237 0 42
238 0 39
239 0 42
240 0 44
241 0 41
242 0 37
243 0 37
244 0 35
245 0 39
246 0 42
247 0 40
248 0 40
249 0 40
250 0 42
251 0 42
252 0 44
253 0 44
254 0 44
255 0 45
