0 17 24
1 17 23
2 17 24
3 24 19
4 13 28
5 18 26
6 29 16
7 24 21
8 21 22
9 18 22
10 22 20
11 24 19
12 18 23
13 16 25
14 19 20
15 25 16
16 22 18
17 23 20
18 23 19
19 18 24
20 20 23
21 17 26
22 24 19
23 20 23
24 25 23
25 18 30
26 21 24
27 22 22
28 23 21
29 21 29
30 15 29
31 22 23
32 23 23
33 20 22
34 20 22
35 20 22
36 21 27
37 25 23
38 22 26
39 23 24
40 23 23
41 25 24
42 25 20
43 26 19
44 28 22
45 19 25
46 18 24
47 23 20
48 24 19
49 24 22
50 16 24
51 24 15
52 20 20
53 21 20
54 19 21
55 23 19
56 19 22
57 21 20
58 24 14
59 18 20
60 26 15
61 18 23
62 21 21
63 20 23
64 23 19
65 16 24
66 23 20
67 17 26
68 22 22
69 24 20
70 25 21
71 19 20
72 27 14
73 28 16
74 22 21
75 25 21
76 20 26
77 26 18
78 20 23
79 23 20
80 18 25
81 24 25
82 20 27
83 21 22
84 20 19
85 23 16
86 14 26
87 18 22
88 20 18
89 20 17
90 17 23
91 18 26
92 18 23
93 23 19
94 25 20
95 24 20
96 22 22
97 18 26
98 22 22
99 19 23
100 19 19
101 21 16
102 21 17
103 19 22
104 15 27
105 22 20
106 19 24
107 23 20
108 23 22
109 30 17
110 29 18
111 21 21
112 23 20
113 26 17
114 26 19
115 25 18
116 21 23
117 22 19
118 19 20
119 22 18
120 21 23
121 20 24
122 22 20
123 24 18
124 25 21
125 20 23
126 22 24
127 25 21
128 22 25
129 27 16
130 21 23
131 19 27
132 21 21
133 29 17
134 23 20
135 27 17
136 22 19
137 14 28
138 18 27
139 21 24
140 31 14
141 18 26
142 25 18
143 22 20
144 23 20
145 24 20
146 22 22
147 31 11
148 21 20
149 23 19
150 17 27
151 21 24
152 26 18
153 26 19
154 16 25
155 28 17
156 28 15
157 14 30
158 19 23
159 24 19
160 16 25
161 26 15
162 16 25
163 22 19
164 20 23
165 23 21
166 20 23
167 19 23
168 15 24
169 22 24
170 23 22
171 12 28
172 25 21
173 19 23
174 19 25
175 24 18
176 22 24
177 23 23
178 22 25
179 20 26
180 24 22
181 22 22
182 19 25
183 22 26
184 23 26
185 27 16
186 21 20
187 17 26
188 15 27
189 19 23
190 20 23
191 15 27
192 22 18
193 23 18
194 19 24
195 21 24
196 21 22
197 23 19
198 20 22
199 20 20
200 14 22
201 19 19
202 19 19
203 19 19
204 21 20
205 24 19
206 27 14
207 23 18
208 19 18
209 16 20
210 22 15
211 19 22
212 23 18
213 15 25
214 20 22
215 21 22
216 25 17
217 18 24
218 19 24
219 22 21
220 20 21
221 18 22
222 25 12
223 11 25
224 23 15
225 26 15
226 23 19
227 20 23
228 18 24
229 20 25
230 26 19
231 23 18
232 23 20
233 22 19
234 15 22
235 15 23
236 18 21
237 16 20
238 19 21
239 21 20
240 21 21
241 20 20
242 19 24
243 22 16
244 24 16
245 24 17
246 25 16
247 19 21
248 17 20
249 19 24
250 22 20
251 24 15
252 14 25
253 17 23
254 20 19
255 31 8
