0 40 0
1 40 0
2 38 0
3 41 0
4 42 0
5 36 0
6 38 0
7 38 0
8 39 0
9 40 0
10 34 0
11 37 0
12 35 0
13 35 0
14 33 0
15 34 0
16 36 0
17 37 0
18 38 0
19 41 0
20 40 0
21 38 0
22 35 0
23 38 0
24 38 0
25 42 0
26 38 0
27 37 0
28 40 0
29 42 0
30 43 0
31 40 0
32 46 0
33 47 0
34 48 0
35 50 0
36 43 0
37 44 0
38 38 0
39 40 0
40 41 0
41 37 0
42 44 0
43 45 0
44 45 0
45 44 0
46 44 0
47 39 0
48 42 0
49 41 0
50 31 0
51 35 0
52 36 0
53 40 0
54 40 0
55 41 0
56 41 0
57 38 0
58 37 0
59 37 0
60 41 0
61 28 0
62 35 0
63 39 0
64 40 0
65 39 0
66 43 0
67 43 0
68 40 0
69 37 0
70 40 0
71 43 0
72 43 0
73 38 0
74 36 0
75 37 0
76 41 0
77 41 0
78 41 0
79 40 0
80 42 0
81 39 0
82 42 0
83 44 0
84 46 0
85 49 0
86 50 0
87 57 0
88 53 0
89 41 0
90 43 0
91 42 0
92 42 0
93 48 0
94 49 0
95 51 0
96 44 0
97 45 0
98 47 0
99 45 0
100 50 0
101 53 0
102 50 0
103 49 0
104 49 0
105 49 0
106 52 0
107 53 0
108 52 0
109 49 0
110 42 0
111 43 0
112 45 0
113 46 0
114 47 0
115 45 0
116 45 0
117 49 0
118 48 0
119 51 0
120 48 0
121 52 0
122 51 0
123 57 0
124 58 0
125 55 0
126 53 0
127 51 0
128 41 0
129 37 0
130 45 0
131 43 0
132 34 0
133 38 0
134 42 0
135 40 0
136 41 0
137 37 0
138 37 0
139 44 0
140 42 0
141 42 0
142 39 0
143 45 0
144 40 0
145 41 0
146 44 0
147 46 0
148 40 0
149 43 0
150 38 0
151 42 0
152 46 0
153 45 0
154 46 0
155 45 0
156 44 0
157 44 0
158 44 0
159 45 0
160 39 0
161 41 0
162 43 0
163 40 0
164 42 0
165 42 0
166 40 0
167 36 0
168 31 0
169 34 0
170 37 0
171 44 0
172 40 0
173 42 0
174 38 0
175 38 0
176 42 0
177 42 0
178 41 0
179 42 0
180 41 0
181 40 0
182 46 0
183 43 0
184 45 0
185 46 0
186 53 0
187 51 0
188 51 0
189 51 0
190 54 0
191 56 0
192 44 0
193 46 0
194 43 0
195 47 0
196 44 0
197 41 0
198 45 0
199 40 0
200 45 0
201 47 0
202 47 0
203 50 0
204 41 0
205 42 0
206 44 0
207 39 0
208 41 0
209 38 0
210 35 0
211 36 0
212 37 0
213 39 0
214 42 0
215 43 0
216 42 0
217 43 0
218 46 0
219 46 0
220 47 0
221 47 0
222 46 0
223 44 0
224 41 0
225 38 0
226 37 0
227 37 0
228 43 0
229 45 0
230 41 0
231 41 0
232 39 0
233 37 0
234 41 0
235 45 0
236 45 0
237 46 0
238 47 0
239 45 0
240 44 0
241 42 0
242 41 0
243 39 0
244 41 0
245 41 0
246 39 0
247 39 0
248 39 0
249 40 0
250 44 0
251 43 0
252 41 0
253 35 0
254 34 0
255 35 0
