0 31 0
1 50 0
2 38 0
3 32 0
4 35 0
5 37 0
6 35 0
7 40 0
8 44 0
9 48 0
10 43 0
11 50 0
12 54 0
13 48 0
14 43 0
15 44 0
16 45 0
17 43 0
18 42 0
19 35 0
20 47 0
21 45 0
22 50 0
23 36 0
24 43 0
25 44 0
26 50 0
27 42 0
28 37 0
29 48 0
30 44 0
31 45 0
32 43 0
33 49 0
34 47 0
35 50 0
36 43 0
37 37 0
38 36 0
39 43 0
40 46 0
41 38 0
42 51 0
43 39 0
44 34 0
45 41 0
46 39 0
47 40 0
48 43 0
49 39 0
50 36 0
51 47 0
52 46 0
53 46 0
54 45 0
55 42 0
56 44 0
57 44 0
58 43 0
59 51 0
60 43 0
61 40 0
62 50 0
63 45 0
64 44 0
65 39 0
66 42 0
67 33 0
68 28 0
69 36 0
70 38 0
71 40 0
72 39 0
73 34 0
74 40 0
75 52 0
76 40 0
77 51 0
78 52 0
79 44 0
80 35 0
81 36 0
82 37 0
83 38 0
84 43 0
85 37 0
86 36 0
87 48 0
88 46 0
89 43 0
90 39 0
91 37 0
92 48 0
93 41 0
94 48 0
95 37 0
96 35 0
97 41 0
98 42 0
99 47 0
100 44 0
101 50 0
102 39 0
103 46 0
104 43 0
105 44 0
106 48 0
107 43 0
108 38 0
109 50 0
110 47 0
111 42 0
112 45 0
113 43 0
114 35 0
115 40 0
116 48 0
117 44 0
118 46 0
119 47 0
120 51 0
121 46 0
122 43 0
123 34 0
124 40 0
125 48 0
126 40 0
127 34 0
128 40 0
129 45 0
130 39 0
131 42 0
132 42 0
133 50 0
134 45 0
135 51 0
136 40 0
137 34 0
138 42 0
139 47 0
140 45 0
141 46 0
142 48 0
143 40 0
144 40 0
145 55 0
146 49 0
147 54 0
148 44 0
149 39 0
150 42 0
151 45 0
152 43 0
153 48 0
154 48 0
155 42 0
156 49 0
157 47 0
158 44 0
159 40 0
160 40 0
161 36 0
162 39 0
163 44 0
164 34 0
165 43 0
166 44 0
167 38 0
168 40 0
169 29 0
170 46 0
171 40 0
172 42 0
173 42 0
174 44 0
175 42 0
176 46 0
177 49 0
178 44 0
179 47 0
180 39 0
181 37 0
182 40 0
183 39 0
184 40 0
185 48 0
186 37 0
187 36 0
188 42 0
189 38 0
190 38 0
191 45 0
192 50 0
193 43 0
194 42 0
195 42 0
196 41 0
197 44 0
198 48 0
199 44 0
200 39 0
201 35 0
202 47 0
203 45 0
204 40 0
205 45 0
206 43 0
207 44 0
208 43 0
209 42 0
210 41 0
211 39 0
212 42 0
213 42 0
214 32 0
215 40 0
216 41 0
217 45 0
218 47 0
219 42 0
220 41 0
221 41 0
222 36 0
223 42 0
224 39 0
225 50 0
226 49 0
227 38 0
228 47 0
229 40 0
230 45 0
231 34 0
232 35 0
233 47 0
234 36 0
235 47 0
236 40 0
237 47 0
238 46 0
239 33 0
240 40 0
241 34 0
242 33 0
243 45 0
244 44 0
245 44 0
246 46 0
247 43 0
248 43 0
249 48 0
250 38 0
251 45 0
252 50 0
253 47 0
254 40 0
255 40 0
