0 22 21
1 25 18
2 13 34
3 25 23
4 26 18
5 19 25
6 30 14
7 20 18
8 17 21
9 25 11
10 17 17
11 17 18
12 19 16
13 14 24
14 25 16
15 23 18
16 28 18
17 26 18
18 22 21
19 20 21
20 19 22
21 24 16
22 20 25
23 17 25
24 22 19
25 24 19
26 21 22
27 20 22
28 24 18
29 21 22
30 21 20
31 24 14
32 20 18
33 22 20
34 19 23
35 20 19
36 19 22
37 19 20
38 22 21
39 24 19
40 13 30
41 17 24
42 18 21
43 21 20
44 22 21
45 22 21
46 22 22
47 26 16
48 23 20
49 21 23
50 18 29
51 22 23
52 25 18
53 17 22
54 21 18
55 26 16
56 26 18
57 20 24
58 28 15
59 20 22
60 25 17
61 23 22
62 18 24
63 28 15
64 22 16
65 26 11
66 23 23
67 21 22
68 22 21
69 22 23
70 27 14
71 22 22
72 22 22
73 23 24
74 24 19
75 24 19
76 22 19
77 21 19
78 22 19
79 23 20
80 23 26
81 23 23
82 24 23
83 30 20
84 24 22
85 29 16
86 17 28
87 32 15
88 25 23
89 21 22
90 24 20
91 22 21
92 19 19
93 23 17
94 21 18
95 17 20
96 19 18
97 19 18
98 20 17
99 18 23
100 14 28
101 21 21
102 17 21
103 22 22
104 28 17
105 20 20
106 18 22
107 14 28
108 19 24
109 15 27
110 32 16
111 16 28
112 23 23
113 19 25
114 18 23
115 13 28
116 22 23
117 20 25
118 27 16
119 27 20
120 27 17
121 24 19
122 26 17
123 26 17
124 21 20
125 22 21
126 19 21
127 24 17
128 23 21
129 28 18
130 23 24
131 29 17
132 21 24
133 22 16
134 23 19
135 23 20
136 25 17
137 22 21
138 23 20
139 22 21
140 21 22
141 16 26
142 17 25
143 22 21
144 19 27
145 28 18
146 19 29
147 26 22
148 25 22
149 25 20
150 21 25
151 23 23
152 21 24
153 19 23
154 21 24
155 26 18
156 28 18
157 15 25
158 24 18
159 22 20
160 14 28
161 22 19
162 21 19
163 18 18
164 15 22
165 23 14
166 20 17
167 14 24
168 15 21
169 13 28
170 16 25
171 21 19
172 21 14
173 11 26
174 22 16
175 18 22
176 18 18
177 21 17
178 17 18
179 21 16
180 14 28
181 22 21
182 22 21
183 24 16
184 18 23
185 13 26
186 18 21
187 21 18
188 14 23
189 20 19
190 17 23
191 15 23
192 18 24
193 19 21
194 18 19
195 17 19
196 17 24
197 20 19
198 24 18
199 21 24
200 20 28
201 19 26
202 25 20
203 26 22
204 23 23
205 29 20
206 18 24
207 21 21
208 26 17
209 18 25
210 18 24
211 25 20
212 20 26
213 24 21
214 20 25
215 19 24
216 17 26
217 21 22
218 23 18
219 16 26
220 18 25
221 17 26
222 16 25
223 20 21
224 22 22
225 22 22
226 15 28
227 23 17
228 24 15
229 26 18
230 17 30
231 21 24
232 18 27
233 20 27
234 23 24
235 20 25
236 25 21
237 19 21
238 20 22
239 19 23
240 21 22
241 26 17
242 19 26
243 20 27
244 20 30
245 24 23
246 24 21
247 26 19
248 17 28
249 28 17
250 25 20
251 22 23
252 19 29
253 23 23
254 24 20
255 20 23
