0 0 42
1 0 42
2 0 43
3 0 43
4 0 41
5 0 41
6 0 41
7 0 42
8 0 43
9 0 43
10 0 44
11 0 45
12 0 43
13 0 42
14 0 40
15 0 40
16 0 41
17 0 39
18 0 34
19 0 38
20 0 42
21 0 44
22 0 47
23 0 45
24 0 45
25 0 45
26 0 44
27 0 44
28 0 45
29 0 46
30 0 43
31 0 44
32 0 43
33 0 41
34 0 46
35 0 41
36 0 42
37 0 43
38 0 43
39 0 42
40 0 44
41 0 40
42 0 39
43 0 39
44 0 41
45 0 41
46 0 42
47 0 41
48 0 42
49 0 40
50 0 43
51 0 39
52 0 40
53 0 41
54 0 41
55 0 40
56 0 41
57 0 45
58 0 44
59 0 44
60 0 44
61 0 40
62 0 44
63 0 44
64 0 40
65 0 40
66 0 38
67 0 39
68 0 45
69 0 45
70 0 49
71 0 47
72 0 39
73 0 42
74 0 42
75 0 45
76 0 44
77 0 43
78 0 43
79 0 38
80 0 38
81 0 39
82 0 40
83 0 42
84 0 41
85 0 44
86 0 41
87 0 38
88 0 40
89 0 40
90 0 42
91 0 43
92 0 44
93 0 44
94 0 42
95 0 42
96 0 43
97 0 43
98 0 42
99 0 44
100 0 45
101 0 44
102 0 44
103 0 45
104 0 42
105 0 42
106 0 47
107 0 40
108 0 40
109 0 41
110 0 40
111 0 43
112 0 42
113 0 39
114 0 39
115 0 43
116 0 43
117 0 43
118 0 41
119 0 38
120 0 41
121 0 44
122 0 40
123 0 42
124 0 40
125 0 40
126 0 43
127 0 40
128 0 40
129 0 40
130 0 37
131 0 42
132 0 44
133 0 44
134 0 41
135 0 42
136 0 39
137 0 40
138 0 40
139 0 42
140 0 46
141 0 46
142 0 46
143 0 46
144 0 39
145 0 41
146 0 42
147 0 43
148 0 43
149 0 40
150 0 42
151 0 43
152 0 40
153 0 38
154 0 37
155 0 43
156 0 39
157 0 38
158 0 39
159 0 39
160 0 38
161 0 37
162 0 45
163 0 43
164 0 47
165 0 45
166 0 44
167 0 42
168 0 40
169 0 42
170 0 39
171 0 38
172 0 38
173 0 41
174 0 42
175 0 43
176 0 43
177 0 46
178 0 36
179 0 41
180 0 41
181 0 41
182 0 43
183 0 42
184 0 42
185 0 43
186 0 45
187 0 44
188 0 44
189 0 48
190 0 48
191 0 46
192 0 46
193 0 43
194 0 43
195 0 47
196 0 51
197 0 47
198 0 36
199 0 39
200 0 39
201 0 41
202 0 41
203 0 40
204 0 45
205 0 41
206 0 41
207 0 41
208 0 42
209 0 46
210 0 46
211 0 49
212 0 47
213 0 48
214 0 49
215 0 46
216 0 46
217 0 47
218 0 47
219 0 45
220 0 44
221 0 45
222 0 45
223 0 45
224 0 44
225 0 44
226 0 42
227 0 45
228 0 47
229 0 47
230 0 46
231 0 47
232 0 44
233 0 41
234 0 41
235 0 40
236 0 41
237 0 41
238 0 39
239 0 40
240 0 42
241 0 41
242 0 40
243 0 40
244 0 45
245 0 46
246 0 45
247 0 45
248 0 43
249 0 44
250 0 46
251 0 46
252 0 43
253 0 44
254 0 45
255 0 43
