0 0 44
1 0 47
2 0 47
3 0 45
4 0 47
5 0 46
6 0 45
7 0 45
8 0 47
9 0 45
10 0 44
11 0 44
12 0 41
13 0 41
14 0 42
15 0 48
16 0 47
17 0 46
18 0 46
19 0 43
20 0 40
21 0 40
22 0 37
23 0 39
24 0 39
25 0 41
26 0 40
27 0 38
28 0 40
29 0 40
30 0 43
31 0 41
32 0 41
33 0 42
34 0 45
35 0 43
36 0 48
37 0 43
38 0 46
39 0 46
40 0 45
41 0 42
42 0 41
43 0 42
44 0 42
45 0 43
46 0 48
47 0 50
48 0 47
49 0 45
50 0 41
51 0 41
52 0 38
53 0 43
54 0 47
55 0 41
56 0 44
57 0 40
58 0 39
59 0 42
60 0 40
61 0 39
62 0 41
63 0 41
64 0 41
65 0 39
66 0 42
67 0 45
68 0 44
69 0 44
70 0 44
71 0 42
72 0 41
73 0 41
74 0 42
75 0 42
76 0 42
77 0 46
78 0 45
79 0 46
80 0 45
81 0 46
82 0 43
83 0 43
84 0 43
85 0 46
86 0 44
87 0 38
88 0 40
89 0 40
90 0 41
91 0 42
92 0 41
93 0 41
94 0 41
95 0 43
96 0 43
97 0 44
98 0 43
99 0 42
100 0 41
101 0 38
102 0 38
103 0 40
104 0 38
105 0 38
106 0 39
107 0 37
108 0 37
109 0 42
110 0 41
111 0 39
112 0 43
113 0 42
114 0 38
115 0 38
116 0 39
117 0 42
118 0 42
119 0 38
120 0 43
121 0 41
122 0 41
123 0 41
124 0 44
125 0 45
126 0 42
127 0 44
128 0 43
129 0 44
130 0 39
131 0 39
132 0 43
133 0 41
134 0 41
135 0 44
136 0 44
137 0 43
138 0 44
139 0 45
140 0 45
141 0 43
142 0 36
143 0 41
144 0 41
145 0 40
146 0 40
147 0 36
148 0 40
149 0 40
150 0 40
151 0 42
152 0 43
153 0 43
154 0 40
155 0 41
156 0 45
157 0 46
158 0 42
159 0 38
160 0 44
161 0 43
162 0 42
163 0 42
164 0 44
165 0 44
166 0 43
167 0 40
168 0 40
169 0 42
170 0 41
171 0 41
172 0 45
173 0 44
174 0 42
175 0 42
176 0 42
177 0 42
178 0 50
179 0 46
180 0 44
181 0 42
182 0 41
183 0 40
184 0 39
185 0 42
186 0 47
187 0 45
188 0 44
189 0 43
190 0 41
191 0 41
192 0 40
193 0 40
194 0 38
195 0 39
196 0 39
197 0 42
198 0 43
199 0 40
200 0 41
201 0 42
202 0 43
203 0 44
204 0 42
205 0 43
206 0 43
207 0 43
208 0 42
209 0 42
210 0 43
211 0 46
212 0 46
213 0 46
214 0 46
215 0 46
216 0 45
217 0 47
218 0 43
219 0 45
220 0 44
221 0 44
222 0 43
223 0 44
224 0 43
225 0 43
226 0 43
227 0 41
228 0 42
229 0 42
230 0 43
231 0 44
232 0 44
233 0 48
234 0 47
235 0 49
236 0 46
237 0 43
238 0 47
239 0 45
240 0 42
241 0 45
242 0 41
243 0 41
244 0 40
245 0 37
246 0 41
247 0 41
248 0 41
249 0 43
250 0 42
251 0 43
252 0 41
253 0 41
254 0 41
255 0 42
