0 15 23
1 19 20
2 32 15
3 24 16
4 22 17
5 16 24
6 30 14
7 26 18
8 22 15
9 23 18
10 15 24
11 17 24
12 19 23
13 21 19
14 19 24
15 26 18
16 17 26
17 16 26
18 24 17
19 27 22
20 31 19
21 27 23
22 20 24
23 25 17
24 20 21
25 20 21
26 26 18
27 18 22
28 23 23
29 22 18
30 14 22
31 23 16
32 28 15
33 18 27
34 20 22
35 14 27
36 18 23
37 17 25
38 16 26
39 27 15
40 23 21
41 24 24
42 23 26
43 23 23
44 25 21
45 19 21
46 22 17
47 23 17
48 19 22
49 17 23
50 22 19
51 24 20
52 24 20
53 21 27
54 19 25
55 23 23
56 17 25
57 21 22
58 23 26
59 25 18
60 25 19
61 24 17
62 21 16
63 24 17
64 18 20
65 16 25
66 22 19
67 21 20
68 19 28
69 21 25
70 21 26
71 22 25
72 29 16
73 28 18
74 26 23
75 22 20
76 25 18
77 18 24
78 16 27
79 26 19
80 27 22
81 25 23
82 21 23
83 30 14
84 17 23
85 18 23
86 22 16
87 25 19
88 21 15
89 18 20
90 16 17
91 18 20
92 16 23
93 21 20
94 19 22
95 17 23
96 21 21
97 23 26
98 22 26
99 24 22
100 20 21
101 24 15
102 13 26
103 27 16
104 20 27
105 17 23
106 21 23
107 19 21
108 17 27
109 17 26
110 22 23
111 22 21
112 18 26
113 18 25
114 19 26
115 21 17
116 19 24
117 14 29
118 22 23
119 20 26
120 20 20
121 23 19
122 18 23
123 16 27
124 20 23
125 19 24
126 17 27
127 27 20
128 24 21
129 22 22
130 18 25
131 29 16
132 25 20
133 16 22
134 15 23
135 23 19
136 25 19
137 17 22
138 22 17
139 22 20
140 14 29
141 25 19
142 26 18
143 22 19
144 15 24
145 26 14
146 16 24
147 20 23
148 20 26
149 26 19
150 17 23
151 17 21
152 21 17
153 24 21
154 17 27
155 25 20
156 35 18
157 28 18
158 19 22
159 21 19
160 18 18
161 17 19
162 16 19
163 22 20
164 20 21
165 28 19
166 20 27
167 27 24
168 24 14
169 19 18
170 25 12
171 17 19
172 18 17
173 19 17
174 17 25
175 19 24
176 18 24
177 11 30
178 28 13
179 14 24
180 14 25
181 27 16
182 19 20
183 20 19
184 14 27
185 26 17
186 18 23
187 14 21
188 22 20
189 22 22
190 20 20
191 28 18
192 23 23
193 17 32
194 23 26
195 25 23
196 23 19
197 22 23
198 24 23
199 32 15
200 26 13
201 21 19
202 19 26
203 24 21
204 26 16
205 18 23
206 22 18
207 14 24
208 23 16
209 13 23
210 21 22
211 21 16
212 14 23
213 17 23
214 18 22
215 19 21
216 22 20
217 23 22
218 21 25
219 27 22
220 26 16
221 22 21
222 28 17
223 18 26
224 20 20
225 20 26
226 23 21
227 22 21
228 23 20
229 25 21
230 23 28
231 24 26
232 34 17
233 21 24
234 13 30
235 24 17
236 20 22
237 18 22
238 22 18
239 25 18
240 15 22
241 19 21
242 23 19
243 22 23
244 18 25
245 26 18
246 26 17
247 23 19
248 18 23
249 20 19
250 22 18
251 24 16
252 14 26
253 19 25
254 27 16
255 26 22
