0 23 22
1 22 22
2 21 20
3 20 21
4 14 28
5 19 21
6 20 21
7 20 21
8 17 24
9 23 17
10 22 18
11 22 19
12 24 18
13 12 30
14 24 18
15 22 15
16 20 18
17 21 18
18 30 13
19 21 26
20 28 19
21 29 20
22 24 20
23 24 19
24 19 25
25 30 18
26 22 26
27 22 19
28 24 17
29 25 17
30 25 20
31 23 20
32 21 23
33 14 29
34 15 25
35 18 20
36 20 19
37 19 22
38 21 22
39 17 27
40 19 24
41 24 16
42 17 21
43 19 18
44 16 22
45 20 23
46 21 22
47 25 19
48 28 15
49 21 21
50 13 26
51 26 13
52 24 14
53 27 15
54 24 20
55 16 27
56 24 22
57 19 26
58 25 21
59 23 23
60 31 15
61 28 19
62 30 17
63 24 18
64 15 28
65 18 24
66 16 26
67 18 24
68 24 25
69 24 18
70 24 18
71 24 18
72 24 18
73 19 19
74 20 18
75 19 21
76 17 26
77 25 18
78 22 21
79 22 22
80 28 16
81 14 29
82 22 17
83 23 20
84 25 20
85 20 22
86 18 20
87 22 17
88 18 20
89 23 20
90 25 21
91 19 24
92 28 15
93 20 23
94 19 26
95 22 25
96 21 26
97 17 29
98 23 20
99 28 15
100 22 21
101 19 21
102 22 19
103 14 28
104 22 20
105 18 19
106 17 22
107 14 24
108 21 21
109 21 24
110 23 21
111 18 26
112 24 20
113 25 16
114 26 21
115 20 27
116 24 23
117 25 24
118 27 22
119 23 26
120 20 23
121 16 26
122 28 13
123 23 21
124 21 24
125 17 26
126 23 18
127 24 17
128 18 22
129 20 21
130 31 14
131 23 23
132 26 20
133 28 19
134 23 24
135 34 18
136 31 21
137 33 15
138 25 23
139 28 20
140 22 26
141 26 20
142 26 18
143 22 21
144 14 25
145 14 25
146 22 17
147 13 28
148 21 20
149 27 19
150 18 29
151 19 22
152 21 22
153 23 18
154 17 27
155 21 22
156 19 25
157 23 22
158 26 18
159 21 21
160 28 15
161 22 19
162 18 24
163 19 22
164 17 24
165 22 20
166 24 18
167 13 26
168 19 22
169 20 21
170 21 20
171 26 15
172 19 24
173 13 27
174 25 16
175 18 21
176 16 22
177 22 19
178 17 25
179 14 29
180 26 17
181 22 19
182 14 27
183 20 23
184 22 22
185 15 28
186 17 22
187 23 20
188 16 27
189 22 20
190 27 18
191 18 25
192 19 20
193 14 27
194 19 22
195 15 26
196 21 20
197 20 25
198 24 22
199 17 29
200 22 23
201 18 23
202 16 25
203 26 16
204 18 20
205 17 21
206 17 22
207 24 20
208 23 20
209 16 28
210 14 28
211 25 16
212 22 19
213 29 12
214 18 20
215 17 25
216 21 24
217 29 16
218 19 26
219 25 22
220 31 15
221 29 15
222 16 27
223 20 22
224 23 17
225 21 18
226 15 24
227 28 15
228 18 18
229 20 17
230 18 19
231 13 23
232 15 26
233 26 15
234 20 20
235 19 24
236 20 20
237 19 19
238 19 18
239 15 26
240 25 16
241 22 21
242 18 24
243 15 27
244 16 24
245 17 22
246 27 14
247 26 18
248 25 17
249 19 23
250 25 17
251 21 20
252 19 25
253 15 28
254 22 21
255 17 23
