0 43 0
1 43 0
2 44 0
3 40 0
4 40 0
5 42 0
6 41 0
7 41 0
8 43 0
9 43 0
10 43 0
11 42 0
12 42 0
13 43 0
14 44 0
15 43 0
16 42 0
17 43 0
18 36 0
19 38 0
20 40 0
21 42 0
22 44 0
23 42 0
24 42 0
25 41 0
26 43 0
27 42 0
28 43 0
29 42 0
30 42 0
31 41 0
32 42 0
33 42 0
34 41 0
35 41 0
36 43 0
37 35 0
38 35 0
39 36 0
40 36 0
41 38 0
42 36 0
43 38 0
44 38 0
45 39 0
46 38 0
47 39 0
48 35 0
49 36 0
50 35 0
51 37 0
52 37 0
53 40 0
54 38 0
55 39 0
56 38 0
57 43 0
58 41 0
59 39 0
60 43 0
61 43 0
62 45 0
63 45 0
64 49 0
65 46 0
66 44 0
67 43 0
68 42 0
69 47 0
70 45 0
71 43 0
72 48 0
73 48 0
74 48 0
75 39 0
76 44 0
77 47 0
78 49 0
79 45 0
80 44 0
81 47 0
82 46 0
83 44 0
84 46 0
85 46 0
86 47 0
87 46 0
88 47 0
89 47 0
90 44 0
91 46 0
92 45 0
93 45 0
94 46 0
95 46 0
96 44 0
97 45 0
98 46 0
99 47 0
100 48 0
101 50 0
102 50 0
103 45 0
104 47 0
105 50 0
106 50 0
107 52 0
108 47 0
109 47 0
110 46 0
111 46 0
112 43 0
113 43 0
114 42 0
115 42 0
116 37 0
117 34 0
118 39 0
119 41 0
120 43 0
121 44 0
122 46 0
123 46 0
124 47 0
125 44 0
126 40 0
127 50 0
128 48 0
129 47 0
130 45 0
131 47 0
132 48 0
133 47 0
134 48 0
135 43 0
136 44 0
137 46 0
138 37 0
139 43 0
140 44 0
141 40 0
142 41 0
143 42 0
144 42 0
145 43 0
146 40 0
147 40 0
148 41 0
149 43 0
150 41 0
151 40 0
152 40 0
153 37 0
154 41 0
155 39 0
156 42 0
157 44 0
158 43 0
159 41 0
160 42 0
161 39 0
162 38 0
163 39 0
164 39 0
165 39 0
166 34 0
167 36 0
168 37 0
169 41 0
170 42 0
171 43 0
172 44 0
173 42 0
174 42 0
175 43 0
176 42 0
177 39 0
178 39 0
179 38 0
180 36 0
181 37 0
182 44 0
183 44 0
184 43 0
185 43 0
186 40 0
187 40 0
188 42 0
189 45 0
190 45 0
191 44 0
192 47 0
193 43 0
194 46 0
195 42 0
196 42 0
197 43 0
198 44 0
199 43 0
200 43 0
201 40 0
202 38 0
203 39 0
204 41 0
205 43 0
206 42 0
207 43 0
208 46 0
209 45 0
210 44 0
211 43 0
212 41 0
213 39 0
214 39 0
215 37 0
216 37 0
217 36 0
218 37 0
219 39 0
220 41 0
221 42 0
222 44 0
223 46 0
224 39 0
225 41 0
226 44 0
227 44 0
228 43 0
229 45 0
230 44 0
231 44 0
232 43 0
233 41 0
234 43 0
235 47 0
236 47 0
237 46 0
238 45 0
239 45 0
240 42 0
241 43 0
242 42 0
243 44 0
244 44 0
245 44 0
246 43 0
247 43 0
248 41 0
249 40 0
250 41 0
251 40 0
252 41 0
253 41 0
254 40 0
255 42 0
