0 43 0
1 44 0
2 43 0
3 44 0
4 46 0
5 43 0
6 45 0
7 43 0
8 42 0
9 42 0
10 42 0
11 42 0
12 39 0
13 38 0
14 38 0
15 40 0
16 42 0
17 41 0
18 43 0
19 44 0
20 41 0
21 41 0
22 41 0
23 41 0
24 41 0
25 39 0
26 40 0
27 46 0
28 43 0
29 46 0
30 46 0
31 46 0
32 44 0
33 45 0
34 46 0
35 44 0
36 44 0
37 44 0
38 45 0
39 45 0
40 48 0
41 48 0
42 44 0
43 49 0
44 48 0
45 48 0
46 48 0
47 45 0
48 46 0
49 40 0
50 38 0
51 37 0
52 46 0
53 45 0
54 42 0
55 44 0
56 43 0
57 44 0
58 48 0
59 39 0
60 38 0
61 39 0
62 39 0
63 43 0
64 45 0
65 42 0
66 45 0
67 43 0
68 42 0
69 44 0
70 39 0
71 41 0
72 41 0
73 42 0
74 42 0
75 44 0
76 46 0
77 49 0
78 48 0
79 49 0
80 46 0
81 45 0
82 45 0
83 45 0
84 45 0
85 42 0
86 43 0
87 44 0
88 44 0
89 43 0
90 43 0
91 42 0
92 42 0
93 45 0
94 47 0
95 46 0
96 46 0
97 49 0
98 46 0
99 40 0
100 42 0
101 42 0
102 40 0
103 39 0
104 40 0
105 40 0
106 40 0
107 40 0
108 41 0
109 41 0
110 41 0
111 42 0
112 41 0
113 40 0
114 40 0
115 40 0
116 42 0
117 42 0
118 44 0
119 44 0
120 42 0
121 42 0
122 43 0
123 43 0
124 48 0
125 46 0
126 46 0
127 40 0
128 40 0
129 40 0
130 40 0
131 41 0
132 42 0
133 46 0
134 44 0
135 43 0
136 47 0
137 48 0
138 47 0
139 40 0
140 42 0
141 43 0
142 43 0
143 41 0
144 40 0
145 42 0
146 43 0
147 43 0
148 45 0
149 45 0
150 41 0
151 41 0
152 42 0
153 44 0
154 42 0
155 39 0
156 39 0
157 39 0
158 42 0
159 43 0
160 42 0
161 42 0
162 40 0
163 35 0
164 35 0
165 35 0
166 37 0
167 41 0
168 42 0
169 42 0
170 40 0
171 41 0
172 46 0
173 46 0
174 45 0
175 42 0
176 44 0
177 40 0
178 43 0
179 43 0
180 43 0
181 40 0
182 40 0
183 38 0
184 38 0
185 38 0
186 38 0
187 36 0
188 39 0
189 41 0
190 41 0
191 38 0
192 39 0
193 42 0
194 41 0
195 41 0
196 39 0
197 42 0
198 41 0
199 42 0
200 45 0
201 44 0
202 43 0
203 44 0
204 36 0
205 37 0
206 37 0
207 37 0
208 39 0
209 37 0
210 40 0
211 42 0
212 40 0
213 40 0
214 39 0
215 39 0
216 39 0
217 41 0
218 42 0
219 35 0
220 35 0
221 46 0
222 46 0
223 45 0
224 44 0
225 45 0
226 44 0
227 41 0
228 40 0
229 40 0
230 42 0
231 42 0
232 43 0
233 45 0
234 49 0
235 44 0
236 42 0
237 42 0
238 43 0
239 47 0
240 48 0
241 45 0
242 44 0
243 44 0
244 42 0
245 43 0
246 41 0
247 41 0
248 48 0
249 49 0
250 44 0
251 44 0
252 43 0
253 43 0
254 44 0
255 45 0
