0.01	3.81652
0.02	4.90865
0.03	5.72954
0.04	6.42308
0.05	6.69947
0.06	6.83073
0.07	6.97774
0.08	7.22058
0.09	7.73419
0.1	7.86422
0.11	7.76919
0.12	7.96089
0.13	8.03367
0.14	8.16732
0.15	8.29587
0.16	8.37484
0.17	8.56815
0.18	8.5888
0.19	8.60312
0.2	8.65351
0.21	8.64699
0.22	8.73753
0.23	8.83815
0.24	8.84943
0.25	8.91663
0.26	8.88914
0.27	8.9612
0.28	9.0958
0.29	9.03952
0.3	9.11324
0.31	9.15583
0.32	9.13596
0.33	9.18182
0.34	9.22973
0.35	9.14458
0.36	9.26665
0.37	9.26403
0.38	9.29582
0.39	9.25961
0.4	9.33507
0.41	9.39057
0.42	9.37602
0.43	9.38888
0.44	9.3943
0.45	9.44675
0.46	9.46141
0.47	9.48121
0.48	9.50126
0.49	9.50506
0.5	9.49113
0.51	9.51494
0.52	9.50998
0.53	9.56611
0.54	9.58511
0.55	9.57105
0.56	9.55419
0.57	9.59442
0.58	9.59576
0.59	9.58043
0.6	9.62053
0.61	9.61854
0.62	9.60308
0.63	9.63859
0.64	9.65008
0.65	9.66604
0.66	9.67589
0.67	9.69328
0.68	9.67195
0.69	9.66299
0.7	9.69724
0.71	9.69844
0.72	9.69275
0.73	9.72659
0.74	9.72147
0.75	9.7041
0.76	9.7224
0.77	9.72111
0.78	9.73559
0.79	9.70356
0.8	9.75424
0.81	9.73835
0.82	9.76279
0.83	9.74569
0.84	9.75786
0.85	9.76354
0.86	9.74442
0.87	9.75898
0.88	9.77276
0.89	9.75987
0.9	9.76369
0.91	9.76188
0.92	9.76003
0.93	9.77022
0.94	9.78261
0.95	9.79293
0.96	9.78436
0.97	9.80089
0.98	9.79299
0.99	9.8091
1	9.81157
