0 -4.022 0.480174
0.0769231 -5.5122 0.654787
0.153846 -7.05745 0.833856
0.230769 -8.12137 0.956406
0.307692 -8.69515 1.02278
0.384615 -9.07503 1.06691
0.461538 -9.33554 1.09729
0.538462 -9.5369 1.1208
0.615385 -9.68373 1.13798
0.692308 -9.82544 1.15454
0.769231 -9.93117 1.16692
0.846154 -10.0285 1.17831
0.923077 -10.1126 1.18816
1 -10.1817 1.19624
1.07692 -10.2391 1.20297
1.15385 -10.2798 1.20775
1.23077 -10.355 1.21655
1.30769 -10.3857 1.22016
1.38462 -10.4297 1.22531
1.46154 -10.4759 1.23073
1.53846 -10.4498 1.22766
1.61538 -10.4896 1.23234
1.69231 -10.5542 1.23992
1.76923 -10.5482 1.23921
1.84615 -10.5699 1.24175
1.92308 -10.6378 1.24971
2 -10.6195 1.24757
2.07692 -10.6466 1.25074
2.15385 -10.633 1.24915
2.23077 -10.6897 1.25581
2.30769 -10.6847 1.25522
2.38462 -10.7037 1.25744
2.46154 -10.724 1.25982
2.53846 -10.7372 1.26137
2.61538 -10.6932 1.25621
2.69231 -10.7225 1.25964
2.76923 -10.7081 1.25796
2.84615 -10.7515 1.26305
2.92308 -10.7197 1.25932
3 -10.7727 1.26554
