0 -9.56406 1.1995
0.0769231 -22.7931 2.68066
0.153846 -24.4421 2.87263
0.230769 -25.2232 2.96386
0.307692 -25.657 3.01468
0.384615 -26.0557 3.06122
0.461538 -26.2979 3.08959
0.538462 -26.1192 3.06859
0.615385 -26.3523 3.09593
0.692308 -26.5476 3.11882
0.769231 -26.6277 3.12827
0.846154 -26.6402 3.12967
0.923077 -26.8312 3.15212
1 -26.8703 3.15666
1.07692 -26.8887 3.15881
1.15385 -26.8842 3.15827
1.23077 -27.0752 3.18069
1.30769 -27.1793 3.19291
1.38462 -27.135 3.18771
1.46154 -27.1626 3.19096
1.53846 -27.1757 3.19248
1.61538 -27.1589 3.19051
1.69231 -27.2847 3.20528
1.76923 -27.2257 3.19835
1.84615 -27.2796 3.20467
1.92308 -27.329 3.21048
2 -27.4254 3.22178
2.07692 -27.3772 3.21613
2.15385 -27.5294 3.234
2.23077 -27.4595 3.22579
2.30769 -27.5841 3.24042
2.38462 -27.5225 3.23319
2.46154 -27.6279 3.24557
2.53846 -27.5767 3.23955
2.61538 -27.665 3.24992
2.69231 -27.6202 3.24466
2.76923 -27.6889 3.25273
2.84615 -27.6402 3.24701
2.92308 -27.6781 3.25147
3 -27.6425 3.24728
