0 -7.09021 0.868357
0.0769231 -15.7841 1.8588
0.153846 -17.461 2.05282
0.230769 -18.2553 2.1454
0.307692 -18.7436 2.20243
0.384615 -19.0579 2.23927
0.461538 -19.3305 2.27113
0.538462 -19.4371 2.28371
0.615385 -19.4937 2.29031
0.692308 -19.7447 2.3197
0.769231 -19.6893 2.31318
0.846154 -19.9939 2.34889
0.923077 -19.9472 2.34342
1 -20.0109 2.35089
1.07692 -20.037 2.35394
1.15385 -20.0769 2.35861
1.23077 -20.1934 2.37228
1.30769 -20.2231 2.37575
1.38462 -20.1932 2.37224
1.46154 -20.2604 2.38013
1.53846 -20.2624 2.38037
1.61538 -20.3222 2.38738
1.69231 -20.38 2.39418
1.76923 -20.2977 2.38451
1.84615 -20.2796 2.38238
1.92308 -20.329 2.38818
2 -20.4254 2.39949
2.07692 -20.3772 2.39384
2.15385 -20.5294 2.41169
2.23077 -20.4595 2.40349
2.30769 -20.5841 2.41811
2.38462 -20.5228 2.41092
2.46154 -20.6286 2.42333
2.53846 -20.577 2.41728
2.61538 -20.6694 2.42812
2.69231 -20.6223 2.4226
2.76923 -20.7032 2.4321
2.84615 -20.6569 2.42666
2.92308 -20.7135 2.4333
3 -20.6761 2.42892
