0 -7.40888 0.910528
0.0769231 -16.7893 1.97647
0.153846 -18.4504 2.16903
0.230769 -19.254 2.2627
0.307692 -19.7424 2.31975
0.384615 -20.051 2.35592
0.461538 -20.3246 2.38791
0.538462 -20.4767 2.40578
0.615385 -20.5892 2.41897
0.692308 -20.7532 2.43817
0.769231 -20.7076 2.43278
0.846154 -20.9111 2.45667
0.923077 -20.9429 2.46036
1 -21.0045 2.4676
1.07692 -20.9963 2.46662
1.15385 -21.1007 2.47889
1.23077 -21.2251 2.49347
1.30769 -21.2171 2.49252
1.38462 -21.193 2.4897
1.46154 -21.1993 2.49043
1.53846 -21.2592 2.49746
1.61538 -21.3067 2.50304
1.69231 -21.38 2.51165
1.76923 -21.2701 2.49874
1.84615 -21.2796 2.49985
1.92308 -21.329 2.50565
2 -21.4254 2.51696
2.07692 -21.3772 2.51131
2.15385 -21.5294 2.52916
2.23077 -21.4595 2.52096
2.30769 -21.5841 2.53559
2.38462 -21.5227 2.52838
2.46154 -21.6285 2.54079
2.53846 -21.577 2.53475
2.61538 -21.6694 2.54559
2.69231 -21.6222 2.54006
2.76923 -21.7016 2.54938
2.84615 -21.6564 2.54407
2.92308 -21.713 2.55072
3 -21.6729 2.54601
