0 -4.6348 0.555483
0.0769231 -7.21502 0.856978
0.153846 -9.30821 1.09709
0.230769 -10.2418 1.2047
0.307692 -10.746 1.26331
0.384615 -11.0881 1.30321
0.461538 -11.3395 1.33258
0.538462 -11.5273 1.35455
0.615385 -11.695 1.37417
0.692308 -11.8232 1.38917
0.769231 -11.9321 1.40193
0.846154 -12.0317 1.41359
0.923077 -12.1088 1.42263
1 -12.1683 1.42961
1.07692 -12.2327 1.43715
1.15385 -12.2866 1.44347
1.23077 -12.3442 1.45022
1.30769 -12.3944 1.4561
1.38462 -12.3649 1.45265
1.46154 -12.4116 1.45812
1.53846 -12.4672 1.46465
1.61538 -12.4816 1.46633
1.69231 -12.5117 1.46986
1.76923 -12.5444 1.4737
1.84615 -12.5376 1.47291
1.92308 -12.591 1.47917
2 -12.5515 1.47453
2.07692 -12.6256 1.48322
2.15385 -12.5993 1.48014
2.23077 -12.59 1.47904
2.30769 -12.6052 1.48083
2.38462 -12.6104 1.48143
2.46154 -12.6479 1.48583
2.53846 -12.6757 1.48909
2.61538 -12.6621 1.4875
2.69231 -12.6673 1.48811
2.76923 -12.6619 1.48747
2.84615 -12.6819 1.48982
2.92308 -12.7175 1.494
3 -12.7139 1.49357
