0 -9.81233 1.23662
0.0769231 -23.7841 2.79714
0.153846 -25.4587 2.99187
0.230769 -26.2542 3.08482
0.307692 -26.6963 3.13666
0.384615 -27.0071 3.17306
0.461538 -27.1476 3.18956
0.538462 -27.1168 3.18578
0.615385 -27.3489 3.213
0.692308 -27.5472 3.23624
0.769231 -27.4498 3.22483
0.846154 -27.7299 3.25769
0.923077 -27.7418 3.25906
1 -27.8611 3.27305
1.07692 -27.8926 3.27674
1.15385 -27.8829 3.2756
1.23077 -28.0755 3.29819
1.30769 -28.1391 3.30566
1.38462 -28.1298 3.30457
1.46154 -28.1626 3.30843
1.53846 -28.1757 3.30995
1.61538 -28.1589 3.30798
1.69231 -28.2847 3.32275
1.76923 -28.2257 3.31582
1.84615 -28.2796 3.32215
1.92308 -28.329 3.32795
2 -28.4253 3.33926
2.07692 -28.3772 3.3336
2.15385 -28.5294 3.35147
2.23077 -28.4595 3.34326
2.30769 -28.5841 3.35789
2.38462 -28.5225 3.35066
2.46154 -28.6279 3.36304
2.53846 -28.5767 3.35702
2.61538 -28.6642 3.3673
2.69231 -28.6182 3.3619
2.76923 -28.6714 3.36815
2.84615 -28.6351 3.36388
2.92308 -28.6694 3.36792
3 -28.6039 3.36022
