0 -9.09985 1.13829
0.0769231 -21.7912 2.56317
0.153846 -23.4448 2.75549
0.230769 -24.2155 2.84552
0.307692 -24.7133 2.90369
0.384615 -25.034 2.94126
0.461538 -24.796 2.91326
0.538462 -25.3269 2.97558
0.615385 -25.4299 2.98761
0.692308 -25.5938 3.00687
0.769231 -25.6723 3.01601
0.846154 -25.8043 3.03148
0.923077 -25.8518 3.03705
1 -25.9015 3.04285
1.07692 -25.8911 3.04162
1.15385 -25.8848 3.04088
1.23077 -26.0752 3.06321
1.30769 -26.1793 3.07544
1.38462 -26.135 3.07024
1.46154 -26.1626 3.07349
1.53846 -26.1757 3.07501
1.61538 -26.1898 3.07667
1.69231 -26.2847 3.08781
1.76923 -26.2257 3.08088
1.84615 -26.2796 3.0872
1.92308 -26.329 3.09301
2 -26.4254 3.10431
2.07692 -26.3772 3.09866
2.15385 -26.5294 3.11652
2.23077 -26.4595 3.10832
2.30769 -26.5841 3.12295
2.38462 -26.5225 3.11572
2.46154 -26.6279 3.12809
2.53846 -26.5767 3.12208
2.61538 -26.6676 3.13275
2.69231 -26.6202 3.12719
2.76923 -26.6901 3.13539
2.84615 -26.6402 3.12954
2.92308 -26.6802 3.13424
3 -26.6627 3.13217
