0 -4.32956 0.517874
0.0769231 -6.31164 0.74991
0.153846 -8.17723 0.964971
0.230769 -9.19239 1.08178
0.307692 -9.73125 1.14425
0.384615 -10.0839 1.18532
0.461538 -10.3368 1.21484
0.538462 -10.5348 1.23798
0.615385 -10.6932 1.25651
0.692308 -10.8205 1.27142
0.769231 -10.9316 1.28442
0.846154 -11.0269 1.29557
0.923077 -11.1038 1.30458
1 -11.1784 1.31332
1.07692 -11.226 1.31891
1.15385 -11.2852 1.32584
1.23077 -11.3483 1.33323
1.30769 -11.3919 1.33834
1.38462 -11.393 1.33847
1.46154 -11.4125 1.34076
1.53846 -11.5025 1.35132
1.61538 -11.5364 1.35529
1.69231 -11.5056 1.35168
1.76923 -11.5488 1.35675
1.84615 -11.5976 1.36247
1.92308 -11.5998 1.36273
2 -11.6091 1.36382
2.07692 -11.6269 1.36591
2.15385 -11.603 1.36309
2.23077 -11.6689 1.37084
2.30769 -11.6645 1.37032
2.38462 -11.6596 1.36974
2.46154 -11.6531 1.36897
2.53846 -11.694 1.37378
2.61538 -11.6678 1.37069
2.69231 -11.6891 1.37319
2.76923 -11.7045 1.37501
2.84615 -11.7188 1.37668
2.92308 -11.7198 1.37679
3 -11.7461 1.37988
