0 -7.77226 0.957878
0.0769231 -17.7921 2.094
0.153846 -19.4633 2.28787
0.230769 -20.2622 2.38103
0.307692 -20.7348 2.43633
0.384615 -21.0877 2.47759
0.461538 -21.3187 2.50468
0.538462 -21.5323 2.52969
0.615385 -21.5715 2.53436
0.692308 -21.7939 2.56038
0.769231 -21.7014 2.54951
0.846154 -21.8438 2.56621
0.923077 -21.8944 2.57217
1 -22.1211 2.59877
1.07692 -22.025 2.58749
1.15385 -22.0648 2.59213
1.23077 -22.0794 2.59384
1.30769 -22.1281 2.59956
1.38462 -22.2313 2.61166
1.46154 -22.1987 2.60784
1.53846 -22.2238 2.61077
1.61538 -22.314 2.62136
1.69231 -22.3221 2.62231
1.76923 -22.2985 2.61954
1.84615 -22.4489 2.63719
1.92308 -22.338 2.62417
2 -22.516 2.64507
2.07692 -22.4634 2.6389
2.15385 -22.5394 2.64781
2.23077 -22.5279 2.64647
2.30769 -22.6203 2.65731
2.38462 -22.582 2.65282
2.46154 -22.6611 2.6621
2.53846 -22.6528 2.66112
2.61538 -22.6964 2.66624
2.69231 -22.6873 2.66517
2.76923 -22.7033 2.66706
2.84615 -22.7024 2.66695
2.92308 -22.7268 2.66982
3 -22.7386 2.6712
