0 -8.1137 1.00334
0.0769231 -18.7927 2.21134
0.153846 -20.46 2.40491
0.230769 -21.2622 2.49846
0.307692 -21.7418 2.55459
0.384615 -22.0876 2.59505
0.461538 -22.1596 2.60365
0.538462 -22.5322 2.64715
0.615385 -22.4609 2.63885
0.692308 -22.5608 2.65049
0.769231 -22.7061 2.66754
0.846154 -22.845 2.68382
0.923077 -22.8008 2.67865
1 -23.1356 2.71792
1.07692 -22.9543 2.69666
1.15385 -23.0656 2.7097
1.23077 -23.0754 2.71084
1.30769 -23.1284 2.71706
1.38462 -23.1355 2.71788
1.46154 -23.1987 2.72531
1.53846 -23.2197 2.72777
1.61538 -23.3122 2.73862
1.69231 -23.3135 2.73877
1.76923 -23.2985 2.73701
1.84615 -23.4489 2.75466
1.92308 -23.338 2.74164
2 -23.516 2.76254
2.07692 -23.4634 2.75637
2.15385 -23.5394 2.76529
2.23077 -23.5279 2.76394
2.30769 -23.6203 2.77478
2.38462 -23.582 2.77028
2.46154 -23.6611 2.77957
2.53846 -23.6528 2.7786
2.61538 -23.6963 2.7837
2.69231 -23.6873 2.78265
2.76923 -23.7033 2.78453
2.84615 -23.7024 2.78442
2.92308 -23.7201 2.7865
3 -23.7315 2.78784
