0 -10.3434 0.413146
0.0030303 -11.929 0.473888
0.00606061 -13.418 0.528069
0.00909091 -15.6772 0.604371
0.0121212 -17.4153 0.661876
0.0151515 -18.6903 0.70507
0.0181818 -19.6057 0.736645
0.0212121 -20.321 0.761357
0.0242424 -20.8596 0.7801
0.0272727 -21.4018 0.799152
0.030303 -21.7425 0.811361
0.0333333 -22.0954 0.824076
0.0363636 -22.4276 0.835963
0.0393939 -22.7389 0.847147
0.0424242 -22.9497 0.854821
0.0454545 -23.2196 0.864528
0.0484848 -23.4154 0.871657
0.0515152 -23.6316 0.879495
0.0545455 -23.7992 0.885662
0.0575758 -23.915 0.88998
0.0606061 -24.0474 0.89487
0.0636364 -24.2291 0.901374
0.0666667 -24.3847 0.90707
0.069697 -24.4592 0.909959
0.0727273 -24.6512 0.916765
0.0757576 -24.7642 0.920894
0.0787879 -24.8458 0.923983
0.0818182 -24.9571 0.927968
0.0848485 -25.0453 0.931256
0.0878788 -25.0918 0.933184
0.0909091 -25.2334 0.938114
0.0939394 -25.316 0.941166
0.0969697 -25.3915 0.943982
0.1 -25.4769 0.947098
0.10303 -25.5324 0.949159
0.106061 -25.6212 0.952398
0.109091 -25.6912 0.954946
0.112121 -25.7637 0.95762
0.115152 -25.8116 0.959439
0.118182 -25.8697 0.961577
0.121212 -25.8735 0.961823
0.124242 -25.9945 0.966149
0.127273 -26.0518 0.968254
0.130303 -26.03 0.967589
0.133333 -26.148 0.971847
0.136364 -26.2138 0.974229
0.139394 -26.1885 0.973447
0.142424 -26.3026 0.97748
0.145455 -26.214 0.974469
0.148485 -26.3969 0.981
0.151515 -26.4347 0.98237
0.154545 -26.4749 0.983855
0.157576 -26.4993 0.984801
0.160606 -26.4401 0.982788
0.163636 -26.5993 0.988456
0.166667 -26.6386 0.989896
0.169697 -26.6706 0.991071
0.172727 -26.7132 0.992645
0.175758 -26.737 0.993538
0.178788 -26.7683 0.994707
0.181818 -26.763 0.994564
0.184848 -26.7744 0.995021
0.187879 -26.8634 0.998224
0.190909 -26.8672 0.998393
0.193939 -26.9381 1.00098
0.19697 -26.9363 1.00095
0.2 -26.9578 1.00175
0.20303 -27.0242 1.00414
0.206061 -27.0325 1.00448
0.209091 -27.0722 1.00595
0.212121 -27.1066 1.00719
0.215152 -27.1326 1.00815
0.218182 -26.7757 0.995313
0.221212 -27.1207 1.0078
0.224242 -27.2103 1.01103
0.227273 -27.2361 1.01199
0.230303 -27.2574 1.01277
0.233333 -27.2849 1.01378
0.236364 -27.291 1.01404
0.239394 -27.2809 1.01369
0.242424 -27.116 1.00775
0.245455 -27.3188 1.0151
0.248485 -27.3845 1.01748
0.251515 -27.3476 1.01617
0.254545 -27.435 1.01935
0.257576 -27.4229 1.01893
0.260606 -27.4245 1.01901
0.263636 -27.4941 1.02152
0.266667 -27.501 1.0218
0.269697 -27.5258 1.02272
0.272727 -27.5509 1.02363
0.275758 -27.5681 1.02427
0.278788 -27.569 1.02431
0.281818 -27.2881 1.01411
0.284848 -27.6239 1.02634
0.287879 -27.6405 1.02695
0.290909 -27.6583 1.0276
0.293939 -27.6775 1.02831
0.29697 -27.5109 1.02228
0.3 -27.6543 1.0275
