0 0 
1 0 
2 0 
3 0 
4 0 
5 0 
6 0 
7 0 
8 0 
9 0 
10 0 
11 0 
12 0 
13 0 
14 0 
15 0 
16 0 
17 0 
18 0 
19 0 
20 0 
21 0 
22 0 
23 0 
24 0 
25 0 
26 0 
27 0 
28 0 
29 0 
30 0 
31 0 
32 0 
33 0 
34 0 
35 0 
36 0 
37 0 
38 0 
39 0 
40 0 
41 0 
42 0 
43 0 
44 0 
45 0 
46 0 
47 0 
48 0 
49 0 
50 0 
51 0 
52 0 
53 0 
54 0 
55 0 
56 0 
57 0 
58 0 
59 0 
60 0 
61 0 
62 0 
63 0 
64 0 
65 0 
66 0 
67 0 
68 0 
69 0 
70 0 
71 0 
72 0 
73 0 
74 0 
75 0 
76 0 
77 0 
78 0 
79 0 
80 0 
81 0 
82 0 
83 0 
84 0 
85 0 
86 0 
87 0 
88 0 
89 0 
90 0 
91 0 
92 0 
93 0 
94 0 
95 0 
96 0 
97 0 
98 0 
99 0 
100 0 
101 0 
102 0 
103 0 
104 0 
105 0 
106 0 
107 0 
108 0 
109 0 
110 0 
111 0 
112 0 
113 0 
114 0 
115 0 
116 0 
117 0 
118 0 
119 0 
120 0 
121 0 
122 0 
123 0 
124 0 
125 0 
126 0 
127 0 
128 0 
129 0 
130 0 
131 0 
132 0 
133 0 
134 0 
135 0 
136 0 
137 0 
138 0 
139 0 
140 0 
141 0 
142 0 
143 0 
144 0 
145 0 
146 0 
147 0 
148 0 
149 0 
150 0 
151 0 
152 0 
153 0 
154 0 
155 0 
156 0 
157 0 
158 0 
159 0 
160 0 
161 0 
162 0 
163 0 
164 0 
165 0 
166 0 
167 0 
168 0 
169 0 
170 0 
171 0 
172 0 
173 0 
174 0 
175 0 
176 0 
177 0 
178 0 
179 0 
180 0 
181 0 
182 0 
183 0 
184 0 
185 0 
186 0 
187 0 
188 0 
189 0 
190 0 
191 0 
192 0 
193 0 
194 0 
195 0 
196 0 
197 0 
198 0 
199 0 
200 0 
201 0 
202 0 
203 0 
204 0 
205 0 
206 0 
207 0 
208 0 
209 0 
210 0 
211 0 
212 0 
213 0 
214 0 
215 0 
216 0 
217 0 
218 0 
219 0 
220 0 
221 0 
222 0 
223 0 
224 0 
225 0 
226 0 
227 0 
228 0 
229 0 
230 0 
231 0 
232 0 
233 0 
234 0 
235 0 
236 0 
237 0 
238 0 
239 0 
240 0 
241 0 
242 0 
243 0 
244 0 
245 0 
246 0 
247 0 
248 0 
249 0 
250 0 
251 0 
252 0 
253 0 
254 0 
255 0 
256 0 
257 0 
258 0 
259 0 
260 0 
261 0 
262 0 
263 0 
264 0 
265 0 
266 0 
267 0 
268 0 
269 0 
270 0 
271 0 
272 0 
273 0 
274 0 
275 0 
276 0 
277 0 
278 0 
279 0 
280 0 
281 0 
282 0 
283 0 
284 0 
285 0 
286 0 
287 0 
288 0 
289 0 
290 0 
291 0 
292 0 
293 0 
294 0 
295 0 
296 0 
297 0 
298 0 
299 0 
300 0 
301 0 
302 0 
303 0 
304 0 
305 0 
306 0 
307 0 
308 0 
309 0 
310 0 
311 0 
312 0 
313 4 
314 42 
315 117 
316 269 
317 560 
318 988 
319 1539 
320 2429 
321 4104 
322 6320 
323 9614 
324 14519 
325 21147 
326 30184 
327 41487 
328 56695 
329 73580 
330 92877 
331 116568 
332 145596 
333 180915 
334 223504 
335 277079 
336 340719 
337 418497 
338 511002 
339 624207 
340 753188 
341 899914 
342 1.07315e+06 
343 1.27247e+06 
344 1.4999e+06 
345 1.76092e+06 
346 2.06548e+06 
347 2.41845e+06 
348 2.83305e+06 
349 3.30309e+06 
350 3.86048e+06 
351 4.4983e+06 
352 5.24552e+06 
353 6.11885e+06 
354 7.13808e+06 
355 8.32511e+06 
356 9.72323e+06 
357 1.1345e+07 
358 1.32542e+07 
359 1.54925e+07 
360 1.81249e+07 
361 2.11981e+07 
362 2.47907e+07 
363 2.89482e+07 
364 3.37226e+07 
365 3.91428e+07 
366 4.53015e+07 
367 5.23089e+07 
368 6.02264e+07 
369 6.91687e+07 
370 7.92663e+07 
371 9.04436e+07 
372 1.02848e+08 
373 1.16475e+08 
374 1.31353e+08 
375 1.47475e+08 
376 1.64986e+08 
377 1.83856e+08 
378 2.042e+08 
379 2.26098e+08 
380 2.49674e+08 
381 2.74883e+08 
382 3.01647e+08 
383 3.30104e+08 
384 3.60089e+08 
385 3.91383e+08 
386 4.23606e+08 
387 4.56506e+08 
388 4.89635e+08 
389 5.22821e+08 
390 5.55514e+08 
391 5.87667e+08 
392 6.18666e+08 
393 6.48021e+08 
394 6.75339e+08 
395 7.00014e+08 
396 7.21574e+08 
397 7.39322e+08 
398 7.52716e+08 
399 7.61283e+08 
400 7.64418e+08 
401 7.60846e+08 
402 7.51907e+08 
403 7.37776e+08 
404 7.19069e+08 
405 6.96378e+08 
406 6.70393e+08 
407 6.41722e+08 
408 6.10966e+08 
409 5.78594e+08 
410 5.45295e+08 
411 5.11566e+08 
412 4.77887e+08 
413 4.44696e+08 
414 4.12138e+08 
415 3.80404e+08 
416 3.4977e+08 
417 3.20499e+08 
418 2.92547e+08 
419 2.66104e+08 
420 2.41197e+08 
421 2.17934e+08 
422 1.96396e+08 
423 1.76469e+08 
424 1.58193e+08 
425 1.41328e+08 
426 1.25917e+08 
427 1.11916e+08 
428 9.92077e+07 
429 8.78009e+07 
430 7.74654e+07 
431 6.81989e+07 
432 5.99063e+07 
433 5.25488e+07 
434 4.5967e+07 
435 4.01195e+07 
436 3.48894e+07 
437 3.03164e+07 
438 2.62732e+07 
439 2.27582e+07 
440 1.96654e+07 
441 1.69899e+07 
442 1.46823e+07 
443 1.27164e+07 
444 1.10405e+07 
445 9.58197e+06 
446 8.33705e+06 
447 7.26698e+06 
448 6.32518e+06 
449 5.49265e+06 
450 4.76517e+06 
451 4.12703e+06 
452 3.56662e+06 
453 3.0752e+06 
454 2.62707e+06 
455 2.2381e+06 
456 1.90068e+06 
457 1.61302e+06 
458 1.36583e+06 
459 1.16469e+06 
460 998096 
461 856553 
462 738940 
463 640981 
464 559322 
465 492177 
466 435762 
467 389388 
468 348155 
469 310857 
470 274689 
471 239420 
472 204540 
473 174252 
474 143221 
475 115423 
476 88823 
477 66877 
478 47442 
479 31669 
480 20468 
481 12676 
482 7500 
483 4590 
484 2783 
485 1546 
486 829 
487 415 
488 237 
489 71 
490 14 
491 0 
492 0 
493 0 
494 0 
495 0 
496 0 
497 0 
498 0 
499 0 
500 0 
501 0 
502 0 
503 0 
504 0 
505 0 
506 0 
507 0 
508 0 
509 0 
510 0 
511 0 
512 0 
513 0 
514 0 
515 0 
516 0 
517 0 
518 0 
519 0 
520 0 
521 0 
522 0 
523 0 
524 0 
525 0 
526 0 
527 0 
528 0 
529 0 
530 0 
531 0 
532 0 
533 0 
534 0 
535 0 
536 0 
537 0 
538 0 
539 0 
540 0 
541 0 
542 0 
543 0 
544 0 
545 0 
546 0 
547 0 
548 0 
549 0 
550 0 
551 0 
552 0 
553 0 
554 0 
555 0 
556 0 
557 0 
558 0 
559 0 
560 0 
561 0 
562 0 
563 0 
564 0 
565 0 
566 0 
567 0 
568 0 
569 0 
570 0 
571 0 
572 0 
573 0 
574 0 
575 0 
576 0 
577 0 
578 0 
579 0 
580 0 
581 0 
582 0 
583 0 
584 0 
585 0 
586 0 
587 0 
588 0 
589 0 
590 0 
591 0 
592 0 
593 0 
594 0 
595 0 
596 0 
597 0 
598 0 
599 0 
600 0 
601 0 
602 0 
603 0 
604 0 
605 0 
606 0 
607 0 
608 0 
609 0 
610 0 
611 0 
612 0 
613 0 
614 0 
615 0 
616 0 
617 0 
618 0 
619 0 
620 0 
621 0 
622 0 
623 0 
624 0 
625 0 
626 0 
627 0 
628 0 
629 0 
630 0 
631 0 
632 0 
633 0 
634 0 
635 0 
636 0 
637 0 
638 0 
639 0 
640 0 
641 0 
642 0 
643 0 
644 0 
645 0 
646 0 
647 0 
648 0 
649 0 
650 0 
651 0 
652 0 
653 0 
654 0 
655 0 
656 0 
657 0 
658 0 
659 0 
660 0 
661 0 
662 0 
663 0 
664 0 
665 0 
666 0 
667 0 
668 0 
669 0 
670 0 
671 0 
672 0 
673 0 
674 0 
675 0 
676 0 
677 0 
678 0 
679 0 
680 0 
681 0 
682 0 
683 0 
684 0 
685 0 
686 0 
687 0 
688 0 
689 0 
690 0 
691 0 
692 0 
693 0 
694 0 
695 0 
696 0 
697 0 
698 0 
699 0 
700 0 
701 0 
702 0 
703 0 
704 0 
705 0 
706 0 
707 0 
708 0 
709 0 
710 0 
711 0 
712 0 
713 0 
714 0 
715 0 
716 0 
717 0 
718 0 
719 0 
720 0 
721 0 
722 0 
723 0 
724 0 
725 0 
726 0 
727 0 
728 0 
729 0 
730 0 
731 0 
732 0 
733 0 
734 0 
735 0 
736 0 
737 0 
738 0 
739 0 
740 0 
741 0 
742 0 
743 0 
744 0 
745 0 
746 0 
747 0 
748 0 
749 0 
750 0 
751 0 
752 0 
753 0 
754 0 
755 0 
756 0 
757 0 
758 0 
759 0 
760 0 
761 0 
762 0 
763 0 
764 0 
765 0 
766 0 
767 0 
768 0 
769 0 
770 0 
771 0 
772 0 
773 0 
774 0 
775 0 
776 0 
777 0 
778 0 
779 0 
780 0 
781 0 
782 0 
783 0 
784 0 
785 0 
786 0 
787 0 
788 0 
789 0 
790 0 
791 0 
792 0 
793 0 
794 0 
795 0 
796 0 
797 0 
798 0 
799 0 
