0 0 
1 0 
2 0 
3 0 
4 0 
5 0 
6 0 
7 0 
8 0 
9 0 
10 0 
11 0 
12 0 
13 0 
14 0 
15 0 
16 0 
17 0 
18 0 
19 0 
20 0 
21 0 
22 0 
23 0 
24 0 
25 0 
26 0 
27 0 
28 0 
29 0 
30 0 
31 0 
32 0 
33 0 
34 0 
35 0 
36 0 
37 0 
38 0 
39 0 
40 0 
41 0 
42 0 
43 0 
44 0 
45 0 
46 0 
47 0 
48 0 
49 0 
50 0 
51 0 
52 0 
53 0 
54 0 
55 0 
56 0 
57 0 
58 0 
59 0 
60 0 
61 0 
62 0 
63 0 
64 0 
65 0 
66 0 
67 0 
68 0 
69 0 
70 0 
71 0 
72 0 
73 0 
74 0 
75 0 
76 0 
77 0 
78 0 
79 0 
80 0 
81 0 
82 0 
83 0 
84 0 
85 0 
86 0 
87 0 
88 0 
89 0 
90 0 
91 0 
92 0 
93 0 
94 0 
95 0 
96 0 
97 0 
98 0 
99 0 
100 0 
101 0 
102 0 
103 0 
104 0 
105 0 
106 0 
107 0 
108 0 
109 0 
110 0 
111 0 
112 0 
113 0 
114 0 
115 0 
116 0 
117 0 
118 0 
119 0 
120 0 
121 0 
122 0 
123 0 
124 0 
125 0 
126 0 
127 0 
128 0 
129 0 
130 0 
131 0 
132 0 
133 0 
134 0 
135 0 
136 0 
137 0 
138 0 
139 0 
140 0 
141 0 
142 0 
143 0 
144 0 
145 0 
146 0 
147 0 
148 0 
149 0 
150 0 
151 0 
152 0 
153 0 
154 0 
155 0 
156 0 
157 0 
158 0 
159 0 
160 0 
161 0 
162 0 
163 0 
164 0 
165 0 
166 0 
167 0 
168 0 
169 0 
170 0 
171 0 
172 0 
173 0 
174 0 
175 0 
176 0 
177 0 
178 0 
179 0 
180 0 
181 0 
182 0 
183 0 
184 0 
185 0 
186 0 
187 0 
188 0 
189 0 
190 0 
191 0 
192 0 
193 0 
194 0 
195 0 
196 0 
197 0 
198 0 
199 0 
200 0 
201 0 
202 0 
203 0 
204 0 
205 0 
206 0 
207 0 
208 0 
209 0 
210 0 
211 0 
212 0 
213 0 
214 0 
215 0 
216 0 
217 0 
218 0 
219 0 
220 0 
221 0 
222 0 
223 0 
224 0 
225 0 
226 0 
227 0 
228 0 
229 0 
230 0 
231 0 
232 0 
233 0 
234 0 
235 0 
236 0 
237 0 
238 0 
239 0 
240 0 
241 0 
242 0 
243 0 
244 0 
245 0 
246 0 
247 0 
248 0 
249 0 
250 0 
251 0 
252 0 
253 0 
254 0 
255 0 
256 0 
257 0 
258 0 
259 0 
260 0 
261 0 
262 0 
263 0 
264 0 
265 0 
266 0 
267 0 
268 0 
269 0 
270 0 
271 0 
272 0 
273 0 
274 0 
275 0 
276 0 
277 0 
278 0 
279 0 
280 0 
281 0 
282 0 
283 0 
284 0 
285 0 
286 0 
287 0 
288 0 
289 0 
290 0 
291 0 
292 0 
293 13 
294 59 
295 125 
296 398 
297 939 
298 1685 
299 2548 
300 3587 
301 5136 
302 7719 
303 11359 
304 16887 
305 24317 
306 35187 
307 48283 
308 64188 
309 85179 
310 111053 
311 145428 
312 188549 
313 236959 
314 294036 
315 359355 
316 431015 
317 512249 
318 599120 
319 690889 
320 795042 
321 911417 
322 1.03968e+06 
323 1.18356e+06 
324 1.33875e+06 
325 1.49729e+06 
326 1.66835e+06 
327 1.84438e+06 
328 2.01889e+06 
329 2.211e+06 
330 2.4117e+06 
331 2.61461e+06 
332 2.79333e+06 
333 2.96558e+06 
334 3.13749e+06 
335 3.30567e+06 
336 3.46151e+06 
337 3.6161e+06 
338 3.75738e+06 
339 3.89264e+06 
340 4.03056e+06 
341 4.18686e+06 
342 4.3774e+06 
343 4.62213e+06 
344 4.90454e+06 
345 5.24551e+06 
346 5.64331e+06 
347 6.11185e+06 
348 6.63903e+06 
349 7.25242e+06 
350 7.94677e+06 
351 8.75391e+06 
352 9.66907e+06 
353 1.07443e+07 
354 1.19912e+07 
355 1.34573e+07 
356 1.51396e+07 
357 1.70958e+07 
358 1.93265e+07 
359 2.18868e+07 
360 2.48299e+07 
361 2.81891e+07 
362 3.1971e+07 
363 3.62553e+07 
364 4.10613e+07 
365 4.64915e+07 
366 5.26294e+07 
367 5.94987e+07 
368 6.71229e+07 
369 7.56214e+07 
370 8.50406e+07 
371 9.54868e+07 
372 1.0708e+08 
373 1.1985e+08 
374 1.34065e+08 
375 1.49723e+08 
376 1.66862e+08 
377 1.85572e+08 
378 2.06034e+08 
379 2.28043e+08 
380 2.51739e+08 
381 2.77034e+08 
382 3.03746e+08 
383 3.31811e+08 
384 3.61197e+08 
385 3.91725e+08 
386 4.23046e+08 
387 4.55035e+08 
388 4.8747e+08 
389 5.20053e+08 
390 5.52365e+08 
391 5.83939e+08 
392 6.14487e+08 
393 6.43573e+08 
394 6.70854e+08 
395 6.95712e+08 
396 7.17522e+08 
397 7.35754e+08 
398 7.49677e+08 
399 7.58606e+08 
400 7.62239e+08 
401 7.59509e+08 
402 7.51173e+08 
403 7.37776e+08 
404 7.19503e+08 
405 6.97209e+08 
406 6.71346e+08 
407 6.42333e+08 
408 6.10722e+08 
409 5.77276e+08 
410 5.42513e+08 
411 5.07257e+08 
412 4.72018e+08 
413 4.37174e+08 
414 4.03133e+08 
415 3.70146e+08 
416 3.38637e+08 
417 3.08663e+08 
418 2.80268e+08 
419 2.53685e+08 
420 2.28921e+08 
421 2.06061e+08 
422 1.85098e+08 
423 1.65841e+08 
424 1.4841e+08 
425 1.3255e+08 
426 1.18225e+08 
427 1.05303e+08 
428 9.36176e+07 
429 8.31271e+07 
430 7.37306e+07 
431 6.524e+07 
432 5.76522e+07 
433 5.08179e+07 
434 4.47497e+07 
435 3.93186e+07 
436 3.44526e+07 
437 3.01446e+07 
438 2.63268e+07 
439 2.29627e+07 
440 2.0012e+07 
441 1.74191e+07 
442 1.51286e+07 
443 1.31467e+07 
444 1.14081e+07 
445 9.86968e+06 
446 8.49815e+06 
447 7.27375e+06 
448 6.20173e+06 
449 5.25867e+06 
450 4.43235e+06 
451 3.72939e+06 
452 3.10822e+06 
453 2.57754e+06 
454 2.12308e+06 
455 1.73481e+06 
456 1.40287e+06 
457 1.12274e+06 
458 892836 
459 706058 
460 562873 
461 445440 
462 355142 
463 282669 
464 229027 
465 185493 
466 147128 
467 116424 
468 90190 
469 70971 
470 54034 
471 41535 
472 31271 
473 22839 
474 16411 
475 11911 
476 8486 
477 5807 
478 3870 
479 2305 
480 1182 
481 550 
482 270 
483 141 
484 62 
485 7 
486 3 
487 0 
488 0 
489 0 
490 0 
491 0 
492 0 
493 0 
494 0 
495 0 
496 0 
497 0 
498 0 
499 0 
500 0 
501 0 
502 0 
503 0 
504 0 
505 0 
506 0 
507 0 
508 0 
509 0 
510 0 
511 0 
512 0 
513 0 
514 0 
515 0 
516 0 
517 0 
518 0 
519 0 
520 0 
521 0 
522 0 
523 0 
524 0 
525 0 
526 0 
527 0 
528 0 
529 0 
530 0 
531 0 
532 0 
533 0 
534 0 
535 0 
536 0 
537 0 
538 0 
539 0 
540 0 
541 0 
542 0 
543 0 
544 0 
545 0 
546 0 
547 0 
548 0 
549 0 
550 0 
551 0 
552 0 
553 0 
554 0 
555 0 
556 0 
557 0 
558 0 
559 0 
560 0 
561 0 
562 0 
563 0 
564 0 
565 0 
566 0 
567 0 
568 0 
569 0 
570 0 
571 0 
572 0 
573 0 
574 0 
575 0 
576 0 
577 0 
578 0 
579 0 
580 0 
581 0 
582 0 
583 0 
584 0 
585 0 
586 0 
587 0 
588 0 
589 0 
590 0 
591 0 
592 0 
593 0 
594 0 
595 0 
596 0 
597 0 
598 0 
599 0 
600 0 
601 0 
602 0 
603 0 
604 0 
605 0 
606 0 
607 0 
608 0 
609 0 
610 0 
611 0 
612 0 
613 0 
614 0 
615 0 
616 0 
617 0 
618 0 
619 0 
620 0 
621 0 
622 0 
623 0 
624 0 
625 0 
626 0 
627 0 
628 0 
629 0 
630 0 
631 0 
632 0 
633 0 
634 0 
635 0 
636 0 
637 0 
638 0 
639 0 
640 0 
641 0 
642 0 
643 0 
644 0 
645 0 
646 0 
647 0 
648 0 
649 0 
650 0 
651 0 
652 0 
653 0 
654 0 
655 0 
656 0 
657 0 
658 0 
659 0 
660 0 
661 0 
662 0 
663 0 
664 0 
665 0 
666 0 
667 0 
668 0 
669 0 
670 0 
671 0 
672 0 
673 0 
674 0 
675 0 
676 0 
677 0 
678 0 
679 0 
680 0 
681 0 
682 0 
683 0 
684 0 
685 0 
686 0 
687 0 
688 0 
689 0 
690 0 
691 0 
692 0 
693 0 
694 0 
695 0 
696 0 
697 0 
698 0 
699 0 
700 0 
701 0 
702 0 
703 0 
704 0 
705 0 
706 0 
707 0 
708 0 
709 0 
710 0 
711 0 
712 0 
713 0 
714 0 
715 0 
716 0 
717 0 
718 0 
719 0 
720 0 
721 0 
722 0 
723 0 
724 0 
725 0 
726 0 
727 0 
728 0 
729 0 
730 0 
731 0 
732 0 
733 0 
734 0 
735 0 
736 0 
737 0 
738 0 
739 0 
740 0 
741 0 
742 0 
743 0 
744 0 
745 0 
746 0 
747 0 
748 0 
749 0 
750 0 
751 0 
752 0 
753 0 
754 0 
755 0 
756 0 
757 0 
758 0 
759 0 
760 0 
761 0 
762 0 
763 0 
764 0 
765 0 
766 0 
767 0 
768 0 
769 0 
770 0 
771 0 
772 0 
773 0 
774 0 
775 0 
776 0 
777 0 
778 0 
779 0 
780 0 
781 0 
782 0 
783 0 
784 0 
785 0 
786 0 
787 0 
788 0 
789 0 
790 0 
791 0 
792 0 
793 0 
794 0 
795 0 
796 0 
797 0 
798 0 
799 0 
