0 0
1 2
2 2
3 3
4 2
5 3
6 0
7 -2
8 0
9 0
10 0
11 -1
12 0
13 0
14 1
15 -1
16 2
17 1
18 -1
19 -2
20 -1
21 0
22 -2
23 -1
24 -1
25 0
26 -2
27 -4
28 -5
29 -4
30 -2
31 0
32 -3
33 -1
34 -1
35 -3
36 -1
37 -3
38 -4
39 -4
40 -6
41 -2
42 0
43 -1
44 -2
45 0
46 0
47 0
48 1
49 1
50 2
51 1
52 0
53 0
54 2
55 2
56 0
57 1
58 -1
59 0
60 -2
61 -1
62 -1
63 0
64 0
65 1
66 2
67 2
68 1
69 2
70 0
71 3
72 0
73 -2
74 0
75 2
76 1
77 1
78 4
79 4
80 5
81 5
82 3
83 3
84 3
85 4
86 5
87 5
88 3
89 2
90 3
91 2
92 1
93 0
94 -1
95 1
96 0
97 0
98 -1
99 0
100 -2
101 -1
102 1
103 3
104 1
105 3
106 2
107 5
108 4
109 1
110 -1
111 2
112 3
113 3
114 5
115 3
116 2
117 -1
118 0
119 -1
120 1
121 4
122 5
123 3
124 2
125 -1
126 -3
127 0
128 0
129 -2
130 -3
131 -3
132 0
133 0
134 -1
135 0
136 1
137 0
138 2
139 -1
140 0
141 1
142 1
143 0
144 -1
145 -2
146 -3
147 0
148 -1
149 1
150 0
151 0
152 0
153 2
154 4
155 1
156 3
157 6
158 6
159 7
160 4
161 5
162 3
163 4
164 3
165 2
166 1
167 2
168 4
169 3
170 1
171 3
172 1
173 -2
174 0
175 0
176 -1
177 -1
178 -1
179 -1
180 -3
181 -2
182 -4
183 -3
184 -5
185 -5
186 -4
187 -5
188 -3
189 -4
190 0
191 0
192 0
193 0
194 -1
195 0
196 -4
197 -5
198 -2
199 -3
200 -2
201 -2
202 -1
203 0
204 -1
205 -1
206 -1
207 0
208 0
209 -1
210 0
211 1
212 0
213 1
214 2
215 1
216 -1
217 0
218 0
219 0
220 0
221 0
222 -3
223 -3
224 -1
225 -4
226 -4
227 -2
228 -4
229 -5
230 -5
231 -2
232 -3
233 -1
234 1
235 -1
236 0
237 -1
238 1
239 1
240 1
241 3
242 2
243 1
244 -1
245 -1
246 2
247 1
248 1
249 1
250 1
251 -1
252 1
253 1
254 1
255 2
