0 0
1 -1
2 0
3 2
4 1
5 0
6 2
7 2
8 4
9 4
10 4
11 3
12 3
13 2
14 3
15 3
16 4
17 4
18 3
19 3
20 4
21 4
22 4
23 3
24 3
25 4
26 4
27 4
28 4
29 6
30 7
31 7
32 5
33 5
34 5
35 5
36 5
37 5
38 5
39 6
40 5
41 6
42 7
43 6
44 5
45 5
46 5
47 6
48 6
49 6
50 7
51 9
52 9
53 9
54 9
55 7
56 7
57 9
58 9
59 7
60 7
61 7
62 7
63 9
64 8
65 8
66 8
67 7
68 6
69 6
70 6
71 5
72 7
73 6
74 5
75 3
76 4
77 4
78 4
79 4
80 4
81 5
82 5
83 5
84 5
85 5
86 4
87 4
88 6
89 7
90 8
91 8
92 8
93 7
94 7
95 8
96 8
97 8
98 9
99 10
100 10
101 10
102 9
103 8
104 9
105 10
106 11
107 11
108 11
109 9
110 8
111 8
112 9
113 8
114 7
115 7
116 6
117 5
118 4
119 4
120 4
121 4
122 3
123 4
124 3
125 4
126 5
127 4
128 5
129 6
130 6
131 6
132 7
133 7
134 9
135 10
136 7
137 6
138 6
139 6
140 6
141 6
142 6
143 7
144 7
145 8
146 6
147 6
148 5
149 5
150 4
151 3
152 4
153 5
154 6
155 6
156 5
157 4
158 4
159 3
160 1
161 2
162 2
163 1
164 0
165 1
166 3
167 4
168 3
169 4
170 5
171 5
172 6
173 7
174 6
175 5
176 5
177 5
178 6
179 5
180 6
181 4
182 3
183 2
184 1
185 2
186 2
187 2
188 1
189 -1
190 -1
191 -2
192 -3
193 -3
194 -4
195 -2
196 -3
197 -3
198 -3
199 -4
200 -5
201 -5
202 -5
203 -6
204 -6
205 -6
206 -6
207 -6
208 -7
209 -5
210 -4
211 -5
212 -5
213 -5
214 -5
215 -5
216 -6
217 -6
218 -5
219 -4
220 -4
221 -3
222 -3
223 -3
224 -3
225 -3
226 -2
227 -3
228 -2
229 -2
230 -2
231 -2
232 -1
233 1
234 0
235 -1
236 -3
237 -3
238 -3
239 -3
240 -4
241 -4
242 -4
243 -3
244 -2
245 -2
246 -1
247 -1
248 0
249 0
250 -1
251 -1
252 -1
253 0
254 0
255 0
