0 4
1 2
2 4
3 4
4 6
5 10
6 9
7 10
8 8
9 7
10 7
11 8
12 5
13 6
14 8
15 7
16 6
17 9
18 11
19 11
20 13
21 11
22 10
23 12
24 11
25 10
26 13
27 16
28 20
29 21
30 18
31 19
32 21
33 20
34 23
35 25
36 25
37 28
38 28
39 29
40 28
41 30
42 28
43 29
44 30
45 31
46 29
47 28
48 31
49 32
50 35
51 36
52 38
53 37
54 39
55 39
56 39
57 38
58 39
59 37
60 37
61 36
62 33
63 31
64 31
65 33
66 33
67 32
68 33
69 35
70 33
71 32
72 29
73 29
74 28
75 28
76 26
77 24
78 22
79 21
80 21
81 20
82 22
83 25
84 27
85 28
86 26
87 24
88 27
89 28
90 27
91 26
92 24
93 21
94 19
95 18
96 18
97 16
98 17
99 17
100 17
101 15
102 12
103 9
104 4
105 4
106 4
107 1
108 0
109 0
110 -1
111 -1
112 1
113 5
114 5
115 2
116 3
117 6
118 4
119 3
120 7
121 3
122 2
123 -1
124 -2
125 -3
126 -6
127 -7
128 -6
129 -9
130 -6
131 -6
132 -6
133 -4
134 -4
135 -4
136 -5
137 -4
138 -3
139 -3
140 -5
141 -3
142 -1
143 1
144 2
145 1
146 0
147 -2
148 -4
149 0
150 -1
151 -5
152 -5
153 -4
154 2
155 4
156 7
157 4
158 5
159 6
160 8
161 9
162 8
163 10
164 12
165 15
166 14
167 13
168 13
169 13
170 10
171 12
172 13
173 14
174 12
175 11
176 9
177 12
178 9
179 8
180 6
181 6
182 6
183 6
184 3
185 4
186 3
187 0
188 1
189 0
190 -1
191 0
192 -1
193 -6
194 -4
195 -1
196 -5
197 -6
198 -5
199 -6
200 -3
201 -6
202 -7
203 -10
204 -10
205 -8
206 -8
207 -10
208 -8
209 -8
210 -10
211 -15
212 -15
213 -17
214 -15
215 -13
216 -10
217 -8
218 -10
219 -9
220 -10
221 -9
222 -14
223 -15
224 -14
225 -15
226 -13
227 -11
228 -11
229 -9
230 -10
231 -11
232 -9
233 -7
234 -8
235 -7
236 -6
237 -2
238 0
239 1
240 -1
241 -2
242 -1
243 -1
244 -2
245 -3
246 -4
247 -2
248 0
249 -1
250 1
251 1
252 2
253 3
254 3
255 5
