0 5
1 3
2 4
3 2
4 2
5 4
6 4
7 3
8 3
9 1
10 -3
11 -5
12 -5
13 -3
14 0
15 0
16 3
17 6
18 8
19 10
20 9
21 9
22 8
23 10
24 8
25 8
26 9
27 12
28 11
29 10
30 14
31 18
32 18
33 16
34 15
35 15
36 13
37 11
38 13
39 15
40 15
41 16
42 12
43 13
44 12
45 10
46 12
47 12
48 11
49 14
50 13
51 10
52 8
53 10
54 13
55 10
56 11
57 9
58 9
59 9
60 9
61 7
62 9
63 9
64 13
65 15
66 17
67 17
68 18
69 19
70 23
71 22
72 24
73 19
74 20
75 21
76 21
77 22
78 21
79 18
80 18
81 24
82 23
83 19
84 22
85 21
86 21
87 23
88 26
89 24
90 22
91 23
92 22
93 20
94 19
95 17
96 14
97 14
98 12
99 13
100 14
101 14
102 12
103 13
104 11
105 12
106 13
107 14
108 15
109 14
110 16
111 18
112 20
113 19
114 20
115 16
116 17
117 17
118 19
119 18
120 19
121 17
122 17
123 21
124 22
125 22
126 21
127 21
128 23
129 23
130 27
131 26
132 29
133 27
134 26
135 21
136 19
137 18
138 17
139 15
140 14
141 14
142 13
143 12
144 10
145 10
146 12
147 10
148 12
149 8
150 6
151 9
152 9
153 5
154 4
155 2
156 5
157 3
158 2
159 6
160 4
161 4
162 3
163 1
164 1
165 -1
166 -1
167 -3
168 -7
169 -7
170 -6
171 -6
172 -2
173 -3
174 -3
175 0
176 1
177 0
178 -1
179 -3
180 -6
181 -3
182 -3
183 -4
184 -4
185 -3
186 -1
187 -1
188 1
189 -2
190 1
191 1
192 6
193 6
194 8
195 9
196 7
197 7
198 7
199 3
200 2
201 4
202 5
203 5
204 7
205 8
206 10
207 11
208 9
209 11
210 14
211 12
212 11
213 13
214 14
215 13
216 12
217 13
218 13
219 13
220 15
221 18
222 15
223 15
224 18
225 16
226 13
227 14
228 12
229 9
230 8
231 6
232 7
233 8
234 9
235 11
236 10
237 10
238 5
239 1
240 4
241 0
242 1
243 1
244 4
245 5
246 6
247 6
248 8
249 5
250 5
251 4
252 6
253 7
254 9
255 7
