0 2
1 1
2 -1
3 0
4 -1
5 -2
6 -1
7 -1
8 0
9 1
10 0
11 0
12 -3
13 -2
14 -2
15 -4
16 -1
17 0
18 -1
19 1
20 1
21 2
22 3
23 2
24 1
25 3
26 4
27 4
28 3
29 1
30 2
31 3
32 3
33 2
34 1
35 3
36 2
37 1
38 1
39 0
40 0
41 0
42 -1
43 -3
44 -3
45 -2
46 -1
47 0
48 -1
49 -2
50 -1
51 -1
52 -1
53 0
54 1
55 0
56 0
57 1
58 0
59 2
60 4
61 2
62 0
63 2
64 1
65 0
66 1
67 -1
68 2
69 2
70 2
71 1
72 0
73 -1
74 1
75 3
76 2
77 2
78 2
79 2
80 2
81 2
82 3
83 2
84 0
85 1
86 0
87 -2
88 -1
89 0
90 0
91 0
92 -1
93 -1
94 0
95 0
96 1
97 1
98 2
99 1
100 2
101 1
102 1
103 3
104 3
105 -1
106 -2
107 0
108 2
109 2
110 1
111 1
112 1
113 0
114 1
115 0
116 0
117 1
118 1
119 3
120 5
121 3
122 1
123 -1
124 -3
125 -2
126 -3
127 -3
128 -3
129 -1
130 -1
131 -1
132 1
133 3
134 1
135 1
136 0
137 0
138 -2
139 -2
140 -2
141 0
142 1
143 1
144 -1
145 -1
146 -1
147 -1
148 -1
149 -1
150 -1
151 1
152 -2
153 -1
154 -1
155 0
156 -2
157 -2
158 1
159 1
160 2
161 -1
162 1
163 0
164 -2
165 -3
166 -2
167 0
168 0
169 -1
170 -1
171 -1
172 -2
173 -1
174 -2
175 1
176 2
177 1
178 4
179 3
180 2
181 0
182 1
183 2
184 3
185 3
186 4
187 0
188 -1
189 -2
190 0
191 0
192 0
193 2
194 2
195 0
196 0
197 -1
198 -2
199 -1
200 -3
201 -2
202 -1
203 -4
204 -2
205 -2
206 -1
207 0
208 -2
209 -2
210 -2
211 -1
212 -1
213 -3
214 -3
215 -2
216 -2
217 -2
218 -2
219 0
220 1
221 -1
222 1
223 1
224 1
225 0
226 -1
227 1
228 1
229 1
230 2
231 2
232 2
233 1
234 1
235 2
236 2
237 3
238 1
239 0
240 0
241 0
242 2
243 4
244 2
245 2
246 -1
247 0
248 0
249 -1
250 1
251 4
252 4
253 1
254 1
255 0
