0 -1
1 -1
2 -1
3 -1
4 0
5 0
6 0
7 0
8 0
9 0
10 0
11 0
12 0
13 -1
14 0
15 0
16 0
17 1
18 1
19 0
20 1
21 0
22 0
23 0
24 -1
25 -1
26 0
27 -1
28 -1
29 0
30 0
31 -1
32 0
33 0
34 0
35 0
36 0
37 0
38 0
39 0
40 0
41 0
42 -1
43 -1
44 -1
45 -1
46 0
47 1
48 1
49 1
50 0
51 0
52 -1
53 -1
54 0
55 0
56 0
57 0
58 1
59 0
60 0
61 -1
62 -1
63 -1
64 0
65 0
66 0
67 0
68 -1
69 -1
70 -1
71 -2
72 -2
73 -1
74 0
75 0
76 0
77 0
78 0
79 0
80 0
81 1
82 1
83 0
84 0
85 0
86 0
87 1
88 0
89 -1
90 0
91 0
92 0
93 0
94 -1
95 0
96 0
97 0
98 0
99 0
100 -1
101 -1
102 0
103 0
104 0
105 1
106 1
107 0
108 0
109 0
110 0
111 0
112 0
113 0
114 0
115 0
116 1
117 1
118 1
119 0
120 0
121 0
122 0
123 0
124 0
125 0
126 1
127 0
128 1
129 1
130 1
131 1
132 1
133 1
134 0
135 1
136 1
137 0
138 0
139 -1
140 -1
141 0
142 0
143 1
144 0
145 0
146 0
147 1
148 1
149 1
150 1
151 0
152 0
153 0
154 -1
155 -1
156 -1
157 -1
158 0
159 0
160 0
161 0
162 0
163 0
164 0
165 0
166 0
167 0
168 0
169 1
170 0
171 0
172 -1
173 0
174 0
175 0
176 0
177 0
178 0
179 0
180 1
181 0
182 0
183 0
184 0
185 0
186 0
187 0
188 -1
189 -1
190 0
191 0
192 0
193 0
194 0
195 0
196 0
197 1
198 0
199 -1
200 -1
201 -1
202 -1
203 -1
204 -1
205 0
206 1
207 0
208 0
209 0
210 0
211 0
212 0
213 0
214 0
215 0
216 0
217 0
218 -1
219 -1
220 0
221 1
222 0
223 0
224 -1
225 0
226 -1
227 0
228 0
229 1
230 1
231 2
232 1
233 1
234 1
235 0
236 0
237 0
238 0
239 -1
240 -1
241 -1
242 -1
243 0
244 1
245 1
246 1
247 1
248 0
249 0
250 0
251 0
252 0
253 0
254 0
255 -1
