0 0
1 0
2 -1
3 -1
4 -1
5 -2
6 -3
7 -3
8 -3
9 -4
10 -5
11 -5
12 -3
13 -3
14 -3
15 -2
16 -2
17 -2
18 -2
19 -2
20 -3
21 -3
22 -3
23 -3
24 -3
25 -4
26 -5
27 -4
28 -5
29 -4
30 -3
31 -4
32 -4
33 -4
34 -4
35 -3
36 -3
37 -3
38 -3
39 -3
40 -3
41 -3
42 -3
43 -3
44 -3
45 -3
46 -3
47 -2
48 -2
49 -2
50 -3
51 -3
52 -3
53 -2
54 -2
55 -3
56 -3
57 -2
58 -2
59 -2
60 -2
61 -2
62 -1
63 -1
64 -1
65 -1
66 -2
67 -2
68 -3
69 -4
70 -3
71 -4
72 -5
73 -4
74 -4
75 -4
76 -4
77 -5
78 -4
79 -4
80 -4
81 -4
82 -4
83 -5
84 -5
85 -4
86 -5
87 -5
88 -6
89 -6
90 -6
91 -6
92 -5
93 -5
94 -5
95 -5
96 -4
97 -3
98 -1
99 -1
100 -1
101 0
102 1
103 1
104 0
105 -1
106 -1
107 -1
108 0
109 0
110 1
111 1
112 1
113 1
114 2
115 1
116 1
117 1
118 1
119 1
120 1
121 0
122 0
123 -1
124 -1
125 0
126 0
127 -1
128 -1
129 -2
130 -3
131 -3
132 -3
133 -3
134 -3
135 -4
136 -4
137 -4
138 -4
139 -4
140 -4
141 -4
142 -5
143 -6
144 -6
145 -5
146 -5
147 -5
148 -4
149 -4
150 -5
151 -5
152 -5
153 -4
154 -4
155 -3
156 -2
157 -1
158 0
159 0
160 1
161 1
162 2
163 2
164 2
165 2
166 2
167 1
168 1
169 1
170 1
171 0
172 0
173 1
174 0
175 -1
176 -2
177 -2
178 -3
179 -4
180 -3
181 -3
182 -1
183 0
184 -1
185 -1
186 -1
187 -2
188 -2
189 -2
190 -3
191 -2
192 -2
193 -1
194 -1
195 -1
196 0
197 -1
198 -2
199 -3
200 -3
201 -2
202 -2
203 -1
204 -1
205 0
206 -1
207 -1
208 -1
209 0
210 0
211 -1
212 -1
213 -1
214 -1
215 -1
216 0
217 0
218 0
219 0
220 0
221 1
222 0
223 0
224 0
225 0
226 0
227 0
228 0
229 0
230 0
231 0
232 0
233 -1
234 -1
235 -1
236 -1
237 0
238 0
239 0
240 0
241 0
242 0
243 0
244 -1
245 -1
246 -1
247 -1
248 -1
249 -1
250 0
251 0
252 -1
253 0
254 0
255 0
