0 -2
1 -3
2 -4
3 -2
4 -1
5 -1
6 1
7 0
8 0
9 0
10 -2
11 -1
12 -2
13 -5
14 -3
15 -3
16 -3
17 -2
18 -1
19 -1
20 0
21 -1
22 1
23 2
24 1
25 0
26 0
27 1
28 1
29 0
30 0
31 -1
32 0
33 0
34 0
35 2
36 3
37 2
38 1
39 1
40 1
41 1
42 -1
43 0
44 0
45 1
46 3
47 2
48 2
49 1
50 1
51 1
52 1
53 0
54 1
55 1
56 -1
57 0
58 1
59 1
60 4
61 4
62 2
63 2
64 2
65 2
66 2
67 0
68 1
69 0
70 -1
71 -2
72 1
73 0
74 0
75 1
76 0
77 0
78 -2
79 -4
80 -1
81 0
82 -2
83 0
84 0
85 0
86 -1
87 -1
88 0
89 0
90 1
91 2
92 3
93 3
94 2
95 -2
96 -1
97 0
98 1
99 3
100 4
101 4
102 2
103 1
104 3
105 1
106 1
107 2
108 2
109 1
110 1
111 -1
112 0
113 0
114 1
115 1
116 1
117 1
118 0
119 2
120 2
121 2
122 1
123 2
124 3
125 5
126 6
127 5
128 1
129 -1
130 -1
131 0
132 0
133 0
134 2
135 3
136 2
137 3
138 4
139 4
140 2
141 1
142 1
143 2
144 2
145 2
146 2
147 2
148 0
149 1
150 1
151 -2
152 -3
153 -1
154 1
155 0
156 0
157 0
158 1
159 0
160 0
161 0
162 0
163 1
164 1
165 2
166 2
167 1
168 1
169 0
170 1
171 2
172 4
173 4
174 3
175 3
176 2
177 2
178 0
179 -1
180 0
181 0
182 0
183 1
184 1
185 1
186 -1
187 -1
188 -1
189 -1
190 0
191 1
192 3
193 3
194 1
195 1
196 1
197 0
198 0
199 1
200 1
201 3
202 2
203 1
204 0
205 1
206 0
207 1
208 3
209 3
210 3
211 5
212 3
213 1
214 0
215 1
216 -1
217 -1
218 -1
219 -1
220 1
221 -1
222 -1
223 -1
224 1
225 2
226 1
227 2
228 3
229 5
230 5
231 6
232 1
233 1
234 -1
235 0
236 -1
237 0
238 2
239 2
240 1
241 2
242 1
243 0
244 1
245 1
246 0
247 0
248 0
249 -3
250 -1
251 -1
252 -1
253 0
254 0
255 -1
