0 -2
1 -3
2 -3
3 -4
4 -3
5 -2
6 -4
7 -2
8 -1
9 -1
10 -1
11 1
12 -1
13 -1
14 -1
15 0
16 1
17 2
18 3
19 2
20 2
21 3
22 3
23 1
24 -1
25 1
26 3
27 6
28 7
29 7
30 9
31 11
32 10
33 9
34 11
35 11
36 11
37 11
38 10
39 11
40 12
41 11
42 12
43 13
44 12
45 14
46 15
47 14
48 12
49 14
50 15
51 14
52 14
53 15
54 16
55 16
56 17
57 19
58 20
59 18
60 17
61 18
62 17
63 15
64 16
65 13
66 14
67 12
68 12
69 12
70 12
71 10
72 8
73 9
74 7
75 6
76 7
77 5
78 5
79 6
80 8
81 7
82 10
83 11
84 10
85 10
86 9
87 10
88 11
89 11
90 10
91 9
92 8
93 6
94 7
95 7
96 6
97 6
98 6
99 10
100 10
101 10
102 13
103 13
104 13
105 13
106 12
107 12
108 14
109 15
110 16
111 14
112 13
113 15
114 14
115 15
116 15
117 18
118 17
119 16
120 14
121 11
122 9
123 7
124 9
125 7
126 6
127 8
128 8
129 9
130 7
131 4
132 3
133 5
134 5
135 8
136 8
137 7
138 6
139 7
140 9
141 9
142 7
143 5
144 4
145 3
146 2
147 -1
148 -5
149 -6
150 -3
151 -4
152 -4
153 -4
154 -3
155 -1
156 -1
157 -1
158 -1
159 0
160 2
161 1
162 1
163 4
164 4
165 3
166 1
167 2
168 5
169 7
170 8
171 9
172 9
173 8
174 5
175 7
176 6
177 5
178 6
179 3
180 6
181 8
182 8
183 9
184 7
185 8
186 7
187 6
188 8
189 6
190 5
191 1
192 0
193 -2
194 -3
195 -1
196 -1
197 1
198 0
199 -1
200 -2
201 -5
202 -4
203 -6
204 -7
205 -6
206 -5
207 -3
208 -4
209 -5
210 -6
211 -4
212 -4
213 -5
214 -6
215 -4
216 -3
217 -3
218 -5
219 -4
220 -6
221 -4
222 -3
223 -5
224 -4
225 -1
226 0
227 1
228 1
229 0
230 3
231 2
232 0
233 0
234 1
235 -1
236 -2
237 0
238 -4
239 -5
240 -3
241 -2
242 -1
243 -2
244 -1
245 0
246 2
247 3
248 2
249 3
250 2
251 0
252 -1
253 0
254 1
255 -1
