0 -13
1 -14
2 -18
3 -19
4 -20
5 -23
6 -23
7 -23
8 -25
9 -22
10 -25
11 -24
12 -21
13 -21
14 -18
15 -15
16 -16
17 -16
18 -14
19 -16
20 -13
21 -14
22 -16
23 -21
24 -20
25 -18
26 -18
27 -15
28 -15
29 -12
30 -12
31 -13
32 -13
33 -13
34 -13
35 -14
36 -11
37 -10
38 -10
39 -13
40 -13
41 -15
42 -10
43 -7
44 -1
45 -2
46 -2
47 -1
48 0
49 -3
50 -5
51 -3
52 -4
53 -1
54 -3
55 -1
56 1
57 3
58 1
59 -2
60 3
61 0
62 -1
63 1
64 0
65 -1
66 4
67 5
68 3
69 5
70 6
71 7
72 7
73 10
74 13
75 12
76 8
77 7
78 6
79 6
80 7
81 6
82 4
83 1
84 -2
85 -2
86 0
87 1
88 0
89 0
90 2
91 0
92 0
93 1
94 2
95 0
96 -1
97 -1
98 -1
99 -2
100 -3
101 -3
102 -3
103 0
104 2
105 2
106 0
107 1
108 3
109 2
110 1
111 2
112 4
113 4
114 2
115 4
116 2
117 3
118 5
119 3
120 1
121 2
122 1
123 3
124 8
125 5
126 8
127 7
128 7
129 1
130 0
131 -2
132 -1
133 -4
134 -8
135 -11
136 -12
137 -14
138 -12
139 -12
140 -10
141 -12
142 -10
143 -10
144 -10
145 -14
146 -17
147 -13
148 -13
149 -14
150 -12
151 -14
152 -12
153 -12
154 -12
155 -14
156 -16
157 -19
158 -22
159 -22
160 -18
161 -16
162 -15
163 -18
164 -20
165 -20
166 -18
167 -17
168 -19
169 -18
170 -11
171 -14
172 -13
173 -11
174 -9
175 -9
176 -8
177 -4
178 -5
179 -6
180 -9
181 -7
182 -7
183 -7
184 -11
185 -9
186 -9
187 -9
188 -8
189 -6
190 -8
191 -5
192 -5
193 -6
194 -7
195 -5
196 -5
197 -9
198 -11
199 -11
200 -8
201 -8
202 -8
203 -7
204 -10
205 -8
206 -9
207 -11
208 -9
209 -10
210 -10
211 -9
212 -6
213 -6
214 -4
215 -4
216 -4
217 -6
218 -8
219 -6
220 -4
221 -3
222 -5
223 -4
224 -5
225 -4
226 -5
227 -8
228 -7
229 -8
230 -9
231 -6
232 -5
233 -4
234 -5
235 -5
236 -4
237 -4
238 -3
239 -6
240 -5
241 -4
242 -6
243 -7
244 -8
245 -8
246 -12
247 -15
248 -18
249 -17
250 -17
251 -17
252 -13
253 -16
254 -12
255 -15
