0 -8
1 -6
2 -7
3 -4
4 -3
5 -3
6 -2
7 0
8 -1
9 -3
10 0
11 2
12 4
13 6
14 4
15 5
16 7
17 8
18 10
19 10
20 9
21 9
22 7
23 6
24 6
25 7
26 6
27 5
28 5
29 3
30 1
31 2
32 3
33 2
34 1
35 -1
36 -2
37 -2
38 -2
39 0
40 1
41 3
42 2
43 -1
44 -2
45 0
46 -1
47 1
48 0
49 -3
50 -6
51 -6
52 -5
53 -4
54 -3
55 -2
56 -1
57 0
58 2
59 -1
60 1
61 0
62 2
63 0
64 1
65 1
66 2
67 2
68 1
69 2
70 1
71 0
72 1
73 2
74 5
75 4
76 3
77 3
78 2
79 2
80 5
81 7
82 7
83 7
84 9
85 7
86 9
87 8
88 7
89 6
90 5
91 6
92 4
93 2
94 3
95 2
96 5
97 1
98 0
99 -2
100 -2
101 -3
102 -2
103 -3
104 -3
105 -5
106 -6
107 -6
108 -7
109 -8
110 -8
111 -6
112 -8
113 -8
114 -9
115 -10
116 -10
117 -10
118 -10
119 -10
120 -11
121 -10
122 -9
123 -5
124 -7
125 -9
126 -7
127 -8
128 -10
129 -9
130 -11
131 -14
132 -14
133 -14
134 -12
135 -14
136 -14
137 -16
138 -15
139 -13
140 -10
141 -10
142 -9
143 -5
144 -5
145 -6
146 -9
147 -9
148 -5
149 -4
150 -2
151 2
152 3
153 2
154 1
155 3
156 0
157 3
158 4
159 4
160 3
161 7
162 5
163 4
164 3
165 0
166 -2
167 -2
168 0
169 1
170 0
171 0
172 -1
173 2
174 1
175 4
176 5
177 3
178 1
179 3
180 4
181 4
182 5
183 4
184 3
185 5
186 7
187 7
188 5
189 5
190 6
191 6
192 7
193 8
194 6
195 2
196 1
197 -1
198 -2
199 -2
200 -5
201 -3
202 -4
203 -3
204 -4
205 -5
206 -4
207 -7
208 -10
209 -7
210 -5
211 -2
212 -3
213 -5
214 -5
215 -3
216 -6
217 -8
218 -6
219 -4
220 -3
221 -3
222 -3
223 -5
224 -5
225 -3
226 0
227 -3
228 -5
229 -8
230 -8
231 -8
232 -10
233 -10
234 -9
235 -10
236 -10
237 -9
238 -9
239 -9
240 -11
241 -17
242 -15
243 -15
244 -15
245 -13
246 -14
247 -13
248 -14
249 -12
250 -12
251 -10
252 -11
253 -8
254 -9
255 -8
