0 -5
1 -2
2 0
3 0
4 0
5 0
6 3
7 0
8 0
9 2
10 0
11 5
12 3
13 2
14 -2
15 0
16 2
17 4
18 2
19 2
20 3
21 3
22 4
23 3
24 0
25 1
26 -1
27 1
28 2
29 3
30 5
31 5
32 5
33 2
34 0
35 2
36 -1
37 1
38 0
39 1
40 0
41 1
42 -1
43 0
44 2
45 4
46 6
47 7
48 6
49 5
50 4
51 2
52 4
53 2
54 1
55 0
56 -3
57 -1
58 1
59 -1
60 -1
61 0
62 -2
63 -3
64 -3
65 -3
66 -3
67 -2
68 -1
69 0
70 1
71 2
72 1
73 1
74 0
75 2
76 3
77 1
78 0
79 -2
80 -2
81 -1
82 0
83 0
84 2
85 2
86 0
87 1
88 0
89 -1
90 1
91 2
92 1
93 -2
94 0
95 5
96 5
97 6
98 7
99 6
100 7
101 3
102 3
103 1
104 4
105 3
106 2
107 -1
108 -2
109 0
110 -1
111 -3
112 -3
113 -5
114 -2
115 -1
116 0
117 -1
118 0
119 -2
120 -2
121 -4
122 -4
123 0
124 0
125 -1
126 -3
127 1
128 1
129 0
130 0
131 -1
132 3
133 -1
134 -3
135 0
136 -3
137 0
138 -1
139 -1
140 -1
141 1
142 2
143 4
144 3
145 0
146 -3
147 0
148 -2
149 -3
150 -2
151 1
152 1
153 0
154 0
155 -1
156 -2
157 1
158 1
159 1
160 -3
161 -1
162 0
163 0
164 1
165 -2
166 -2
167 1
168 0
169 -2
170 -4
171 -3
172 -1
173 -2
174 -4
175 -6
176 -6
177 -1
178 2
179 0
180 1
181 1
182 4
183 1
184 1
185 -1
186 -5
187 -5
188 -5
189 -4
190 -4
191 -6
192 -8
193 -4
194 -2
195 1
196 1
197 2
198 1
199 2
200 2
201 2
202 0
203 2
204 0
205 -1
206 2
207 2
208 2
209 1
210 0
211 -2
212 -1
213 0
214 2
215 4
216 2
217 -1
218 2
219 3
220 3
221 1
222 3
223 1
224 2
225 0
226 -1
227 -1
228 -2
229 -1
230 0
231 0
232 3
233 0
234 0
235 3
236 4
237 3
238 3
239 1
240 0
241 -1
242 -5
243 -4
244 -4
245 -2
246 -2
247 0
248 1
249 1
250 2
251 1
252 0
253 1
254 1
255 -2
