0 15
1 16
2 18
3 17
4 18
5 17
6 18
7 19
8 19
9 19
10 16
11 14
12 14
13 13
14 17
15 16
16 16
17 16
18 18
19 20
20 20
21 23
22 23
23 24
24 22
25 21
26 22
27 24
28 22
29 23
30 24
31 21
32 18
33 18
34 19
35 20
36 20
37 23
38 23
39 22
40 22
41 25
42 26
43 25
44 29
45 27
46 26
47 26
48 22
49 24
50 26
51 27
52 29
53 24
54 22
55 20
56 15
57 17
58 19
59 18
60 13
61 14
62 13
63 13
64 10
65 9
66 6
67 7
68 7
69 7
70 8
71 8
72 8
73 6
74 9
75 9
76 8
77 8
78 9
79 11
80 10
81 11
82 11
83 11
84 16
85 19
86 21
87 23
88 18
89 20
90 20
91 22
92 21
93 22
94 23
95 21
96 20
97 19
98 17
99 16
100 16
101 19
102 18
103 15
104 10
105 10
106 8
107 7
108 9
109 9
110 10
111 8
112 9
113 9
114 9
115 9
116 10
117 12
118 11
119 10
120 10
121 12
122 10
123 11
124 8
125 8
126 4
127 6
128 7
129 8
130 9
131 10
132 9
133 8
134 9
135 9
136 11
137 12
138 9
139 10
140 9
141 10
142 7
143 7
144 7
145 9
146 9
147 10
148 14
149 11
150 9
151 9
152 12
153 13
154 13
155 13
156 12
157 14
158 11
159 8
160 9
161 10
162 8
163 9
164 7
165 9
166 7
167 7
168 7
169 5
170 6
171 7
172 8
173 7
174 2
175 -1
176 1
177 0
178 -3
179 -2
180 0
181 -4
182 -6
183 3
184 4
185 5
186 5
187 8
188 9
189 10
190 11
191 10
192 10
193 10
194 8
195 11
196 12
197 12
198 12
199 10
200 8
201 9
202 7
203 8
204 11
205 14
206 13
207 12
208 16
209 15
210 15
211 16
212 19
213 21
214 20
215 20
216 17
217 16
218 15
219 15
220 15
221 18
222 19
223 24
224 20
225 20
226 21
227 19
228 21
229 19
230 17
231 15
232 13
233 17
234 18
235 20
236 17
237 17
238 14
239 17
240 17
241 15
242 13
243 14
244 14
245 15
246 10
247 10
248 7
249 10
250 13
251 14
252 13
253 14
254 14
255 13
