0 0
1 0
2 0
3 1
4 -1
5 1
6 0
7 -2
8 -4
9 -3
10 -1
11 -2
12 -1
13 -2
14 -2
15 -2
16 -1
17 1
18 1
19 1
20 -1
21 1
22 2
23 4
24 4
25 4
26 3
27 6
28 4
29 5
30 2
31 2
32 1
33 1
34 1
35 -1
36 -1
37 -3
38 -3
39 -1
40 0
41 0
42 2
43 2
44 2
45 2
46 4
47 4
48 4
49 6
50 7
51 6
52 7
53 8
54 9
55 8
56 8
57 7
58 6
59 6
60 6
61 5
62 6
63 7
64 7
65 6
66 7
67 5
68 6
69 5
70 4
71 3
72 2
73 2
74 3
75 4
76 2
77 4
78 3
79 2
80 1
81 0
82 0
83 -2
84 0
85 -2
86 -4
87 -5
88 -5
89 -4
90 -4
91 -3
92 -3
93 -2
94 -3
95 -4
96 -5
97 -3
98 -2
99 -2
100 -1
101 0
102 -1
103 -1
104 -2
105 -2
106 -2
107 -1
108 0
109 0
110 0
111 -1
112 -1
113 -2
114 -1
115 -1
116 -2
117 -3
118 -3
119 -3
120 -2
121 -3
122 -4
123 -3
124 -5
125 -6
126 -7
127 -6
128 -5
129 -6
130 -4
131 -3
132 -2
133 -3
134 -4
135 -6
136 -6
137 -8
138 -9
139 -9
140 -9
141 -9
142 -8
143 -8
144 -9
145 -9
146 -9
147 -8
148 -8
149 -9
150 -9
151 -9
152 -9
153 -10
154 -10
155 -8
156 -7
157 -7
158 -7
159 -8
160 -9
161 -10
162 -10
163 -9
164 -10
165 -10
166 -10
167 -10
168 -9
169 -9
170 -9
171 -8
172 -8
173 -7
174 -6
175 -4
176 -3
177 -1
178 0
179 0
180 0
181 0
182 1
183 -1
184 -3
185 -4
186 -4
187 -3
188 -1
189 -2
190 -3
191 -3
192 -2
193 -1
194 -2
195 -2
196 0
197 -1
198 -1
199 -4
200 -4
201 -2
202 -1
203 -2
204 -1
205 0
206 -1
207 -1
208 -2
209 -2
210 -1
211 0
212 1
213 1
214 1
215 1
216 2
217 0
218 1
219 1
220 0
221 -1
222 -1
223 -2
224 1
225 -1
226 0
227 1
228 3
229 2
230 0
231 2
232 1
233 3
234 1
235 1
236 -1
237 -3
238 -3
239 -1
240 1
241 1
242 0
243 0
244 0
245 0
246 1
247 3
248 2
249 2
250 2
251 -1
252 0
253 0
254 0
255 0
