0 -1
1 -1
2 -1
3 -1
4 -4
5 -4
6 -2
7 0
8 0
9 -1
10 -1
11 -1
12 0
13 0
14 -1
15 1
16 0
17 1
18 1
19 3
20 3
21 3
22 1
23 0
24 1
25 -1
26 1
27 0
28 0
29 1
30 -1
31 -1
32 -3
33 -4
34 -3
35 -2
36 -2
37 -1
38 -2
39 -2
40 -4
41 -4
42 -4
43 -3
44 -3
45 -3
46 -3
47 -3
48 -2
49 -1
50 0
51 0
52 0
53 0
54 -1
55 0
56 0
57 1
58 -1
59 0
60 -1
61 1
62 1
63 0
64 -1
65 -1
66 0
67 0
68 -1
69 1
70 -1
71 -1
72 0
73 -1
74 0
75 0
76 -1
77 -2
78 0
79 0
80 1
81 0
82 1
83 2
84 1
85 0
86 1
87 1
88 1
89 2
90 1
91 1
92 1
93 2
94 2
95 3
96 1
97 2
98 2
99 1
100 1
101 0
102 -1
103 1
104 2
105 1
106 0
107 0
108 -1
109 -1
110 -1
111 0
112 0
113 -1
114 -1
115 0
116 0
117 0
118 0
119 -1
120 -1
121 0
122 0
123 1
124 -1
125 -1
126 0
127 1
128 0
129 0
130 -2
131 -1
132 0
133 0
134 -1
135 0
136 -1
137 -1
138 0
139 1
140 0
141 1
142 1
143 3
144 4
145 4
146 2
147 2
148 1
149 1
150 0
151 -1
152 -2
153 -3
154 -3
155 -1
156 -1
157 -1
158 2
159 3
160 2
161 0
162 1
163 0
164 0
165 0
166 0
167 0
168 0
169 0
170 0
171 0
172 -1
173 1
174 2
175 0
176 -1
177 0
178 1
179 2
180 1
181 1
182 1
183 1
184 1
185 2
186 3
187 2
188 -1
189 0
190 0
191 0
192 1
193 -1
194 0
195 0
196 0
197 -1
198 -1
199 -2
200 -2
201 -2
202 -1
203 -2
204 0
205 2
206 1
207 1
208 -1
209 -1
210 -2
211 -1
212 0
213 0
214 0
215 -1
216 1
217 2
218 1
219 1
220 1
221 0
222 -1
223 0
224 -1
225 -1
226 0
227 -1
228 -1
229 -1
230 0
231 0
232 0
233 -1
234 -2
235 -2
236 -1
237 -1
238 1
239 1
240 1
241 0
242 0
243 0
244 0
245 0
246 -1
247 -2
248 -3
249 -1
250 0
251 0
252 0
253 0
254 -1
255 -1
