0 -12
1 -11
2 -10
3 -11
4 -9
5 -9
6 -10
7 -9
8 -8
9 -6
10 -5
11 -4
12 -4
13 -4
14 -5
15 -3
16 -3
17 -1
18 0
19 0
20 0
21 1
22 0
23 0
24 -1
25 1
26 1
27 1
28 2
29 3
30 3
31 2
32 1
33 0
34 -1
35 -1
36 -1
37 -1
38 1
39 0
40 0
41 0
42 -1
43 -2
44 -3
45 -3
46 -2
47 -2
48 -2
49 -3
50 -3
51 -3
52 -4
53 -3
54 -2
55 -1
56 0
57 -1
58 -1
59 1
60 1
61 2
62 3
63 3
64 3
65 4
66 3
67 1
68 2
69 2
70 3
71 4
72 5
73 4
74 3
75 3
76 3
77 2
78 0
79 0
80 -1
81 -2
82 -1
83 -2
84 -2
85 0
86 1
87 2
88 1
89 1
90 1
91 0
92 1
93 2
94 2
95 3
96 3
97 2
98 3
99 1
100 1
101 0
102 0
103 1
104 2
105 3
106 5
107 5
108 5
109 5
110 5
111 5
112 5
113 6
114 5
115 5
116 7
117 8
118 8
119 9
120 9
121 8
122 7
123 6
124 6
125 7
126 7
127 6
128 6
129 7
130 6
131 6
132 8
133 7
134 5
135 4
136 5
137 3
138 4
139 3
140 5
141 6
142 4
143 4
144 3
145 3
146 1
147 0
148 1
149 1
150 1
151 0
152 0
153 -1
154 -1
155 -2
156 -4
157 -5
158 -5
159 -6
160 -6
161 -6
162 -6
163 -6
164 -8
165 -10
166 -8
167 -6
168 -5
169 -6
170 -6
171 -6
172 -7
173 -5
174 -4
175 -3
176 -2
177 -3
178 -2
179 -1
180 1
181 0
182 2
183 2
184 3
185 4
186 4
187 2
188 2
189 2
190 2
191 1
192 2
193 0
194 -1
195 0
196 2
197 3
198 4
199 3
200 3
201 2
202 2
203 2
204 1
205 1
206 0
207 -1
208 -1
209 -1
210 -2
211 -3
212 -2
213 -2
214 -4
215 -4
216 -4
217 -4
218 -3
219 -2
220 -2
221 -2
222 -2
223 -1
224 -2
225 -2
226 -2
227 -4
228 -2
229 -3
230 -4
231 -4
232 -4
233 -3
234 -5
235 -6
236 -5
237 -5
238 -6
239 -5
240 -8
241 -8
242 -7
243 -9
244 -9
245 -9
246 -10
247 -9
248 -9
249 -9
250 -9
251 -10
252 -13
253 -12
254 -12
255 -12
