0 -2
1 -5
2 -2
3 -2
4 -1
5 -2
6 -2
7 0
8 -1
9 -2
10 -4
11 -5
12 -3
13 -1
14 -2
15 0
16 2
17 2
18 -1
19 2
20 2
21 4
22 4
23 4
24 6
25 9
26 6
27 8
28 7
29 7
30 8
31 10
32 10
33 13
34 15
35 13
36 11
37 8
38 6
39 6
40 5
41 3
42 2
43 0
44 -3
45 -1
46 1
47 1
48 3
49 2
50 1
51 0
52 -2
53 1
54 3
55 1
56 0
57 0
58 3
59 5
60 5
61 5
62 8
63 6
64 6
65 5
66 7
67 7
68 7
69 7
70 5
71 6
72 4
73 3
74 4
75 2
76 0
77 1
78 2
79 0
80 2
81 2
82 5
83 3
84 3
85 3
86 4
87 2
88 3
89 4
90 3
91 8
92 5
93 5
94 6
95 5
96 4
97 4
98 3
99 2
100 3
101 5
102 5
103 8
104 6
105 7
106 7
107 8
108 9
109 9
110 8
111 6
112 4
113 2
114 0
115 -4
116 -3
117 -3
118 -5
119 -7
120 -6
121 -7
122 -7
123 -6
124 -9
125 -8
126 -8
127 -9
128 -13
129 -13
130 -12
131 -13
132 -13
133 -12
134 -12
135 -15
136 -13
137 -16
138 -17
139 -18
140 -16
141 -17
142 -18
143 -21
144 -21
145 -19
146 -22
147 -19
148 -19
149 -23
150 -24
151 -25
152 -25
153 -25
154 -28
155 -29
156 -30
157 -28
158 -30
159 -31
160 -31
161 -29
162 -26
163 -25
164 -25
165 -28
166 -28
167 -25
168 -23
169 -21
170 -22
171 -19
172 -21
173 -19
174 -16
175 -11
176 -12
177 -12
178 -11
179 -9
180 -8
181 -6
182 -7
183 -7
184 -6
185 -5
186 -3
187 -3
188 -6
189 -5
190 -4
191 -4
192 -3
193 -4
194 -5
195 -5
196 -7
197 -7
198 -6
199 -8
200 -8
201 -9
202 -8
203 -9
204 -8
205 -9
206 -9
207 -11
208 -12
209 -14
210 -15
211 -14
212 -13
213 -15
214 -16
215 -16
216 -14
217 -14
218 -11
219 -10
220 -10
221 -10
222 -10
223 -11
224 -9
225 -10
226 -14
227 -14
228 -17
229 -17
230 -14
231 -12
232 -12
233 -11
234 -11
235 -10
236 -11
237 -9
238 -10
239 -9
240 -10
241 -12
242 -10
243 -10
244 -8
245 -7
246 -10
247 -8
248 -9
249 -7
250 -9
251 -8
252 -6
253 -4
254 -4
255 -2
