0 0
1 1
2 1
3 -4
4 -4
5 -2
6 -1
7 1
8 0
9 -1
10 1
11 0
12 1
13 4
14 2
15 2
16 2
17 3
18 4
19 2
20 -3
21 -3
22 0
23 0
24 -1
25 -1
26 -3
27 -4
28 -5
29 -3
30 -6
31 -5
32 -5
33 -5
34 -5
35 -4
36 -4
37 -6
38 -3
39 -3
40 -4
41 -4
42 -4
43 -5
44 -5
45 -3
46 -4
47 -3
48 -4
49 -4
50 -6
51 -6
52 -4
53 0
54 0
55 0
56 -1
57 -1
58 -2
59 -3
60 -1
61 -3
62 -5
63 -6
64 -5
65 -7
66 -5
67 -3
68 -5
69 -6
70 -2
71 -2
72 0
73 1
74 -2
75 -3
76 -2
77 -3
78 1
79 0
80 -1
81 0
82 -1
83 0
84 -1
85 -2
86 -1
87 0
88 3
89 0
90 1
91 3
92 4
93 2
94 3
95 -2
96 0
97 1
98 2
99 0
100 0
101 -6
102 -5
103 -2
104 -4
105 -5
106 -3
107 -4
108 -2
109 0
110 -2
111 -2
112 0
113 2
114 3
115 1
116 1
117 0
118 -1
119 2
120 0
121 -2
122 -3
123 -1
124 -1
125 1
126 1
127 -2
128 0
129 -4
130 -3
131 -2
132 -3
133 -2
134 -1
135 -4
136 -6
137 -7
138 -3
139 1
140 2
141 2
142 0
143 -3
144 -3
145 1
146 0
147 3
148 2
149 2
150 2
151 0
152 -1
153 -6
154 -6
155 -5
156 -4
157 -2
158 -2
159 -2
160 -5
161 0
162 0
163 0
164 4
165 0
166 -1
167 -3
168 -3
169 -4
170 -3
171 1
172 4
173 6
174 4
175 2
176 3
177 2
178 0
179 -2
180 -4
181 -1
182 -1
183 0
184 2
185 6
186 7
187 9
188 3
189 2
190 -2
191 -1
192 0
193 0
194 1
195 5
196 0
197 -4
198 -4
199 -2
200 -3
201 -5
202 -4
203 -3
204 -3
205 -3
206 -1
207 -2
208 0
209 -2
210 -2
211 -3
212 -3
213 -1
214 -3
215 2
216 -2
217 0
218 0
219 -1
220 0
221 -2
222 1
223 3
224 3
225 4
226 4
227 2
228 1
229 1
230 -2
231 1
232 5
233 2
234 2
235 -1
236 -1
237 1
238 0
239 2
240 3
241 2
242 2
243 2
244 0
245 -1
246 -2
247 -2
248 -2
249 -4
250 -3
251 -4
252 -4
253 -1
254 -1
255 -2
