0 1
1 1
2 0
3 2
4 0
5 0
6 -1
7 0
8 1
9 1
10 3
11 5
12 6
13 5
14 3
15 3
16 2
17 4
18 2
19 2
20 -1
21 1
22 0
23 2
24 3
25 3
26 4
27 3
28 1
29 -1
30 -2
31 -1
32 -3
33 -2
34 -1
35 -1
36 -3
37 -1
38 0
39 -2
40 -1
41 -3
42 -4
43 0
44 0
45 1
46 0
47 0
48 1
49 1
50 2
51 4
52 3
53 2
54 0
55 0
56 0
57 0
58 1
59 2
60 1
61 0
62 0
63 0
64 1
65 0
66 0
67 2
68 0
69 1
70 2
71 1
72 -1
73 0
74 0
75 0
76 -1
77 1
78 0
79 0
80 0
81 -1
82 1
83 1
84 2
85 2
86 3
87 1
88 2
89 1
90 3
91 2
92 0
93 -1
94 0
95 2
96 1
97 1
98 -1
99 -3
100 0
101 0
102 0
103 -1
104 -1
105 0
106 -1
107 -1
108 -1
109 1
110 2
111 2
112 -1
113 -1
114 -4
115 -3
116 -1
117 -2
118 -2
119 -2
120 -1
121 -1
122 0
123 -1
124 -3
125 -3
126 0
127 -2
128 -1
129 0
130 -3
131 -1
132 0
133 2
134 2
135 2
136 2
137 3
138 4
139 4
140 3
141 5
142 5
143 4
144 5
145 3
146 2
147 1
148 3
149 1
150 0
151 0
152 0
153 2
154 1
155 2
156 1
157 -1
158 -2
159 -3
160 -2
161 -2
162 -4
163 -2
164 -1
165 -1
166 -2
167 -1
168 1
169 -1
170 -2
171 0
172 0
173 -3
174 -2
175 -2
176 -2
177 -3
178 -2
179 -3
180 -1
181 0
182 0
183 -1
184 -2
185 -2
186 -2
187 -3
188 -2
189 0
190 0
191 -1
192 0
193 1
194 0
195 -1
196 -1
197 1
198 1
199 1
200 1
201 0
202 2
203 -1
204 -2
205 0
206 1
207 1
208 0
209 2
210 0
211 0
212 -1
213 -1
214 -1
215 -3
216 -2
217 -3
218 -2
219 -1
220 0
221 1
222 1
223 1
224 2
225 2
226 2
227 1
228 0
229 0
230 1
231 -1
232 -1
233 -1
234 -2
235 0
236 2
237 2
238 -1
239 -1
240 -1
241 -1
242 -1
243 0
244 -2
245 -3
246 -1
247 -3
248 -2
249 -2
250 -2
251 -3
252 -2
253 -2
254 -1
255 1
