0 -3
1 -1
2 1
3 0
4 -2
5 -3
6 -1
7 -1
8 -7
9 -8
10 -5
11 -1
12 0
13 0
14 2
15 0
16 -2
17 0
18 -1
19 1
20 1
21 2
22 1
23 2
24 2
25 1
26 0
27 -2
28 -3
29 -1
30 0
31 2
32 0
33 -1
34 0
35 -1
36 1
37 4
38 5
39 4
40 4
41 4
42 2
43 2
44 -2
45 -3
46 -2
47 1
48 -1
49 0
50 0
51 0
52 2
53 4
54 2
55 1
56 0
57 1
58 -1
59 -2
60 -3
61 -4
62 -3
63 -4
64 -2
65 -5
66 -3
67 -3
68 -1
69 -2
70 -4
71 -7
72 -7
73 -6
74 -5
75 -1
76 -2
77 0
78 -2
79 -3
80 -3
81 -6
82 -8
83 -9
84 -8
85 -8
86 -6
87 -5
88 -5
89 -4
90 -4
91 -1
92 0
93 -1
94 -3
95 -3
96 -6
97 -6
98 -3
99 1
100 0
101 0
102 -2
103 -1
104 0
105 0
106 1
107 3
108 1
109 1
110 1
111 1
112 3
113 4
114 2
115 5
116 1
117 -2
118 4
119 2
120 3
121 2
122 1
123 -1
124 -3
125 1
126 1
127 1
128 1
129 -1
130 0
131 0
132 0
133 1
134 -1
135 0
136 -1
137 -2
138 -1
139 1
140 1
141 0
142 0
143 0
144 1
145 5
146 2
147 0
148 1
149 1
150 3
151 3
152 2
153 0
154 -1
155 2
156 2
157 -1
158 0
159 2
160 1
161 3
162 1
163 0
164 2
165 -1
166 4
167 4
168 5
169 5
170 5
171 4
172 1
173 1
174 0
175 2
176 3
177 3
178 3
179 4
180 4
181 6
182 10
183 7
184 7
185 6
186 3
187 1
188 0
189 -2
190 -1
191 -1
192 -4
193 -2
194 -1
195 0
196 0
197 2
198 1
199 2
200 2
201 0
202 1
203 1
204 1
205 1
206 -2
207 -1
208 2
209 1
210 -2
211 -2
212 -3
213 -2
214 -2
215 -3
216 0
217 -1
218 0
219 -1
220 -2
221 1
222 3
223 1
224 0
225 -1
226 -1
227 -1
228 -1
229 0
230 -1
231 -2
232 -2
233 -2
234 -4
235 -4
236 -2
237 0
238 1
239 -1
240 -1
241 2
242 4
243 1
244 1
245 -1
246 -1
247 -4
248 -1
249 -3
250 -2
251 -1
252 -1
253 0
254 -1
255 -3
