0 14
1 16
2 17
3 20
4 18
5 13
6 12
7 12
8 14
9 13
10 13
11 12
12 11
13 11
14 13
15 10
16 13
17 11
18 8
19 7
20 7
21 6
22 1
23 0
24 1
25 -1
26 0
27 -1
28 -3
29 3
30 7
31 9
32 12
33 9
34 11
35 16
36 20
37 22
38 21
39 21
40 22
41 20
42 17
43 19
44 17
45 16
46 16
47 14
48 13
49 9
50 5
51 8
52 6
53 4
54 3
55 2
56 5
57 2
58 2
59 2
60 1
61 2
62 -2
63 3
64 1
65 3
66 2
67 1
68 2
69 2
70 1
71 -1
72 -1
73 0
74 1
75 1
76 -2
77 -3
78 -2
79 -5
80 -3
81 -1
82 0
83 3
84 3
85 1
86 -1
87 0
88 -1
89 -3
90 -2
91 -4
92 -5
93 -6
94 -5
95 -7
96 -3
97 -4
98 -4
99 -5
100 -5
101 -6
102 -6
103 -8
104 -7
105 -5
106 -6
107 -7
108 -8
109 -6
110 -7
111 -4
112 0
113 1
114 0
115 2
116 2
117 -2
118 -4
119 -6
120 -5
121 -5
122 -6
123 -4
124 -4
125 -3
126 0
127 3
128 4
129 4
130 3
131 3
132 -1
133 -4
134 -6
135 -4
136 -4
137 -4
138 -3
139 -4
140 -6
141 -5
142 -8
143 -9
144 -10
145 -11
146 -9
147 -10
148 -12
149 -10
150 -10
151 -9
152 -7
153 -7
154 -5
155 -5
156 -8
157 -10
158 -14
159 -14
160 -11
161 -7
162 -7
163 -4
164 -2
165 -4
166 -4
167 -3
168 -2
169 -1
170 -3
171 -1
172 -3
173 -1
174 0
175 -1
176 -1
177 -2
178 -1
179 -3
180 -3
181 -4
182 -3
183 -3
184 -1
185 -2
186 -2
187 -2
188 -3
189 -1
190 2
191 2
192 4
193 4
194 2
195 1
196 1
197 1
198 2
199 5
200 2
201 3
202 2
203 3
204 6
205 7
206 6
207 10
208 12
209 15
210 11
211 14
212 12
213 8
214 8
215 9
216 13
217 11
218 13
219 18
220 18
221 18
222 17
223 16
224 15
225 16
226 17
227 17
228 18
229 19
230 19
231 19
232 21
233 16
234 16
235 19
236 20
237 18
238 22
239 20
240 19
241 18
242 16
243 14
244 15
245 13
246 12
247 11
248 10
249 8
250 7
251 7
252 10
253 11
254 12
255 15
