0 -8
1 -7
2 -6
3 -7
4 -4
5 -2
6 -4
7 -4
8 -4
9 -1
10 -2
11 -6
12 -5
13 -4
14 -2
15 -3
16 -4
17 -6
18 -5
19 -4
20 -4
21 -7
22 -5
23 0
24 -1
25 -5
26 -4
27 -6
28 -10
29 -11
30 -13
31 -14
32 -14
33 -13
34 -14
35 -12
36 -9
37 -9
38 -8
39 -6
40 -5
41 -5
42 -6
43 -6
44 -9
45 -10
46 -11
47 -9
48 -14
49 -14
50 -15
51 -16
52 -15
53 -14
54 -15
55 -13
56 -16
57 -14
58 -17
59 -13
60 -17
61 -18
62 -17
63 -15
64 -13
65 -11
66 -8
67 -8
68 -7
69 -8
70 -7
71 -8
72 -4
73 -6
74 -6
75 -6
76 -6
77 -5
78 1
79 0
80 -1
81 0
82 2
83 1
84 0
85 1
86 1
87 0
88 1
89 0
90 -2
91 1
92 0
93 -2
94 -2
95 -2
96 -4
97 -4
98 -3
99 -4
100 -3
101 -2
102 -1
103 1
104 1
105 0
106 0
107 0
108 0
109 1
110 -4
111 -3
112 -3
113 0
114 0
115 0
116 -1
117 -2
118 -6
119 -8
120 -10
121 -6
122 -5
123 -1
124 1
125 1
126 1
127 2
128 -1
129 0
130 -1
131 0
132 1
133 6
134 2
135 2
136 2
137 6
138 4
139 7
140 4
141 4
142 9
143 8
144 6
145 4
146 5
147 7
148 8
149 8
150 8
151 10
152 10
153 8
154 11
155 12
156 15
157 18
158 20
159 21
160 22
161 23
162 23
163 25
164 25
165 25
166 24
167 23
168 23
169 25
170 25
171 27
172 27
173 24
174 21
175 21
176 23
177 25
178 28
179 24
180 26
181 24
182 24
183 20
184 17
185 18
186 18
187 16
188 18
189 18
190 19
191 14
192 15
193 13
194 11
195 8
196 8
197 10
198 10
199 8
200 6
201 9
202 9
203 6
204 7
205 3
206 -1
207 0
208 -1
209 -2
210 -4
211 -6
212 -4
213 -3
214 -6
215 -6
216 -7
217 -7
218 -4
219 -7
220 -9
221 -9
222 -10
223 -9
224 -6
225 -6
226 -8
227 -12
228 -10
229 -7
230 -8
231 -9
232 -7
233 -6
234 -7
235 -8
236 -12
237 -14
238 -13
239 -14
240 -15
241 -18
242 -18
243 -20
244 -18
245 -18
246 -16
247 -16
248 -13
249 -14
250 -13
251 -12
252 -9
253 -9
254 -9
255 -6
