0 1
1 3
2 4
3 3
4 0
5 0
6 2
7 1
8 1
9 0
10 2
11 -2
12 -1
13 1
14 0
15 -3
16 -2
17 0
18 0
19 0
20 0
21 1
22 -1
23 -2
24 -1
25 1
26 2
27 0
28 0
29 -2
30 -1
31 -2
32 -2
33 0
34 2
35 0
36 -1
37 -1
38 0
39 -1
40 -1
41 -1
42 -1
43 -1
44 -2
45 -2
46 -2
47 -3
48 -2
49 -3
50 -1
51 -4
52 -5
53 -4
54 -4
55 0
56 0
57 -1
58 0
59 0
60 0
61 -1
62 1
63 0
64 -2
65 -2
66 -1
67 -1
68 -2
69 -1
70 0
71 0
72 -3
73 -3
74 -4
75 -4
76 -2
77 -1
78 -2
79 2
80 1
81 -1
82 0
83 -2
84 -3
85 -1
86 -2
87 -2
88 -1
89 -2
90 -4
91 -2
92 -1
93 -4
94 -4
95 -4
96 0
97 -1
98 -1
99 0
100 1
101 1
102 0
103 0
104 1
105 0
106 0
107 0
108 3
109 4
110 3
111 3
112 3
113 1
114 -2
115 0
116 -1
117 -2
118 -1
119 -1
120 0
121 -1
122 -4
123 -3
124 0
125 2
126 1
127 2
128 1
129 0
130 1
131 1
132 2
133 1
134 2
135 3
136 -1
137 -2
138 0
139 -1
140 0
141 0
142 0
143 -1
144 0
145 1
146 1
147 1
148 1
149 1
150 1
151 0
152 -3
153 -3
154 -2
155 0
156 0
157 -1
158 -1
159 0
160 0
161 1
162 -2
163 -2
164 0
165 0
166 3
167 2
168 3
169 4
170 3
171 -2
172 0
173 -1
174 -2
175 -1
176 0
177 -1
178 0
179 0
180 -2
181 -1
182 1
183 0
184 1
185 0
186 0
187 1
188 1
189 1
190 -2
191 -1
192 0
193 -1
194 0
195 0
196 1
197 2
198 3
199 3
200 1
201 0
202 0
203 0
204 3
205 2
206 0
207 0
208 0
209 -1
210 -1
211 -3
212 -2
213 -1
214 0
215 0
216 -1
217 -1
218 2
219 0
220 2
221 1
222 -1
223 1
224 1
225 0
226 0
227 1
228 1
229 0
230 -2
231 0
232 0
233 -1
234 -2
235 -2
236 -3
237 -4
238 -4
239 -3
240 -4
241 -1
242 -1
243 -1
244 -2
245 -3
246 2
247 1
248 1
249 0
250 -3
251 -2
252 1
253 1
254 1
255 -1
