0 4
1 3
2 6
3 5
4 5
5 5
6 2
7 -2
8 -2
9 -2
10 -3
11 0
12 2
13 6
14 4
15 2
16 0
17 2
18 2
19 1
20 4
21 4
22 2
23 2
24 -2
25 0
26 1
27 2
28 3
29 1
30 -1
31 -2
32 -3
33 1
34 1
35 2
36 2
37 1
38 2
39 2
40 -2
41 0
42 1
43 -2
44 -1
45 -3
46 -3
47 -2
48 1
49 -3
50 -4
51 -1
52 0
53 -1
54 1
55 0
56 1
57 0
58 -1
59 -1
60 -3
61 -3
62 -3
63 -2
64 1
65 0
66 -1
67 -2
68 1
69 2
70 -2
71 2
72 5
73 3
74 3
75 2
76 2
77 1
78 -1
79 -3
80 -5
81 -1
82 1
83 3
84 0
85 1
86 0
87 0
88 -1
89 -3
90 -5
91 -3
92 -2
93 2
94 0
95 1
96 0
97 2
98 2
99 4
100 1
101 1
102 -1
103 -1
104 -2
105 -1
106 -1
107 1
108 2
109 5
110 6
111 3
112 5
113 2
114 6
115 4
116 5
117 6
118 5
119 2
120 2
121 3
122 3
123 2
124 1
125 4
126 4
127 3
128 8
129 6
130 5
131 3
132 3
133 1
134 0
135 0
136 1
137 -2
138 -1
139 2
140 -1
141 -2
142 -2
143 -2
144 0
145 -1
146 1
147 0
148 0
149 -3
150 -1
151 1
152 0
153 0
154 -2
155 -1
156 1
157 2
158 5
159 0
160 0
161 -1
162 1
163 0
164 -3
165 0
166 -3
167 -2
168 -1
169 1
170 -3
171 -2
172 -4
173 -5
174 -8
175 -5
176 -5
177 -7
178 -4
179 -4
180 -2
181 -1
182 -1
183 2
184 3
185 0
186 3
187 4
188 3
189 6
190 6
191 5
192 6
193 5
194 7
195 6
196 3
197 5
198 -1
199 0
200 1
201 2
202 0
203 1
204 2
205 2
206 2
207 0
208 -3
209 0
210 -2
211 -5
212 -3
213 -6
214 -5
215 -5
216 -6
217 -3
218 -2
219 -1
220 3
221 -1
222 -3
223 -2
224 0
225 0
226 -4
227 -2
228 1
229 -1
230 1
231 2
232 1
233 -1
234 -1
235 -1
236 5
237 3
238 5
239 1
240 1
241 0
242 1
243 -2
244 -3
245 -5
246 -3
247 -3
248 -2
249 -3
250 0
251 2
252 0
253 3
254 4
255 3
