0 -3
1 -6
2 -5
3 -8
4 -5
5 -5
6 -7
7 -5
8 -4
9 -2
10 -2
11 0
12 2
13 3
14 6
15 7
16 5
17 8
18 7
19 3
20 3
21 4
22 4
23 6
24 9
25 11
26 10
27 12
28 13
29 14
30 12
31 10
32 6
33 7
34 7
35 6
36 3
37 0
38 3
39 2
40 -1
41 -1
42 3
43 1
44 4
45 4
46 1
47 1
48 2
49 0
50 -1
51 0
52 -1
53 -5
54 -4
55 -4
56 -7
57 -11
58 -11
59 -11
60 -8
61 -8
62 -5
63 -5
64 -5
65 -4
66 -2
67 -2
68 -2
69 1
70 3
71 -2
72 2
73 4
74 5
75 5
76 4
77 7
78 11
79 10
80 10
81 11
82 8
83 7
84 9
85 7
86 7
87 12
88 10
89 8
90 9
91 7
92 10
93 11
94 12
95 12
96 13
97 10
98 9
99 7
100 11
101 12
102 10
103 10
104 8
105 7
106 7
107 6
108 4
109 3
110 1
111 0
112 -1
113 -3
114 -1
115 1
116 5
117 8
118 9
119 9
120 9
121 7
122 4
123 4
124 1
125 2
126 6
127 7
128 10
129 9
130 12
131 10
132 12
133 12
134 12
135 12
136 10
137 12
138 10
139 8
140 7
141 4
142 5
143 5
144 4
145 1
146 -4
147 -4
148 -6
149 -7
150 -4
151 -3
152 -7
153 -7
154 -8
155 -8
156 -12
157 -12
158 -12
159 -12
160 -13
161 -16
162 -16
163 -16
164 -16
165 -19
166 -20
167 -19
168 -17
169 -17
170 -20
171 -20
172 -21
173 -22
174 -18
175 -18
176 -24
177 -23
178 -24
179 -24
180 -25
181 -25
182 -25
183 -26
184 -25
185 -27
186 -27
187 -27
188 -25
189 -21
190 -21
191 -21
192 -17
193 -17
194 -16
195 -13
196 -13
197 -11
198 -8
199 -9
200 -10
201 -9
202 -11
203 -12
204 -13
205 -12
206 -14
207 -11
208 -11
209 -9
210 -9
211 -6
212 -4
213 -6
214 0
215 -1
216 -1
217 0
218 -4
219 -4
220 -3
221 -8
222 -10
223 -12
224 -12
225 -9
226 -11
227 -10
228 -12
229 -13
230 -13
231 -12
232 -11
233 -11
234 -12
235 -16
236 -19
237 -19
238 -22
239 -24
240 -22
241 -22
242 -18
243 -17
244 -15
245 -13
246 -10
247 -8
248 -9
249 -7
250 -6
251 -3
252 -3
253 -1
254 0
255 -2
