0 -5
1 -3
2 -4
3 -4
4 -4
5 -5
6 -5
7 -3
8 0
9 -2
10 -2
11 -5
12 -4
13 -4
14 -2
15 -4
16 -4
17 -4
18 -5
19 -6
20 -7
21 -8
22 -8
23 -8
24 -6
25 -5
26 -6
27 -5
28 -4
29 -4
30 -3
31 -4
32 -2
33 -4
34 -3
35 -2
36 -3
37 -4
38 -3
39 -2
40 -1
41 -2
42 -2
43 -3
44 -2
45 -1
46 -3
47 -4
48 -3
49 -3
50 -3
51 -3
52 -4
53 -6
54 -7
55 -6
56 -9
57 -9
58 -8
59 -8
60 -7
61 -8
62 -9
63 -8
64 -9
65 -7
66 -6
67 -5
68 -4
69 -4
70 -3
71 -2
72 -3
73 -5
74 -4
75 -3
76 -3
77 -4
78 -6
79 -6
80 -5
81 -2
82 -1
83 -1
84 0
85 0
86 0
87 0
88 -1
89 -2
90 0
91 -1
92 1
93 2
94 1
95 0
96 -1
97 1
98 0
99 -2
100 -3
101 -3
102 -1
103 -1
104 0
105 0
106 -1
107 -1
108 1
109 3
110 4
111 5
112 4
113 2
114 2
115 2
116 2
117 1
118 2
119 3
120 1
121 -1
122 -1
123 -1
124 1
125 0
126 0
127 0
128 -2
129 -3
130 -3
131 -5
132 -5
133 -6
134 -6
135 -6
136 -6
137 -8
138 -10
139 -12
140 -14
141 -12
142 -12
143 -12
144 -14
145 -14
146 -15
147 -14
148 -12
149 -12
150 -12
151 -11
152 -12
153 -10
154 -8
155 -9
156 -9
157 -10
158 -9
159 -9
160 -7
161 -6
162 -6
163 -7
164 -3
165 -3
166 -5
167 -5
168 -3
169 -3
170 -2
171 -2
172 -2
173 -4
174 -5
175 -4
176 -2
177 -2
178 -1
179 0
180 2
181 1
182 1
183 4
184 3
185 3
186 3
187 2
188 1
189 -1
190 2
191 3
192 2
193 1
194 1
195 3
196 5
197 3
198 3
199 2
200 2
201 -1
202 -1
203 1
204 -1
205 0
206 0
207 -3
208 -5
209 -4
210 -4
211 -6
212 -4
213 -6
214 -6
215 -4
216 -4
217 -1
218 -1
219 -1
220 1
221 1
222 0
223 0
224 -1
225 -1
226 -2
227 -2
228 -2
229 -2
230 -5
231 -5
232 -8
233 -6
234 -7
235 -8
236 -8
237 -8
238 -8
239 -7
240 -6
241 -5
242 -5
243 -6
244 -8
245 -9
246 -7
247 -8
248 -8
249 -7
250 -7
251 -9
252 -7
253 -6
254 -8
255 -6
