0 17
1 17
2 17
3 16
4 16
5 18
6 16
7 16
8 14
9 14
10 13
11 13
12 13
13 15
14 16
15 15
16 16
17 14
18 13
19 12
20 13
21 13
22 14
23 15
24 16
25 16
26 15
27 14
28 12
29 11
30 9
31 9
32 9
33 9
34 8
35 11
36 11
37 10
38 11
39 11
40 13
41 13
42 13
43 9
44 10
45 9
46 10
47 9
48 8
49 6
50 7
51 7
52 9
53 9
54 10
55 8
56 10
57 7
58 7
59 7
60 4
61 4
62 4
63 4
64 5
65 6
66 6
67 6
68 7
69 6
70 5
71 6
72 8
73 7
74 7
75 7
76 5
77 4
78 2
79 1
80 0
81 0
82 2
83 1
84 2
85 2
86 0
87 0
88 -2
89 -2
90 0
91 -1
92 3
93 3
94 2
95 4
96 4
97 1
98 2
99 -1
100 -1
101 0
102 1
103 2
104 2
105 2
106 2
107 4
108 5
109 6
110 6
111 4
112 4
113 3
114 0
115 1
116 2
117 3
118 2
119 2
120 1
121 3
122 2
123 4
124 5
125 5
126 5
127 6
128 5
129 6
130 5
131 6
132 5
133 7
134 7
135 10
136 13
137 12
138 10
139 10
140 13
141 13
142 13
143 11
144 9
145 11
146 11
147 12
148 12
149 11
150 9
151 7
152 4
153 4
154 4
155 5
156 8
157 9
158 9
159 8
160 8
161 9
162 10
163 11
164 11
165 10
166 9
167 9
168 10
169 10
170 6
171 6
172 6
173 4
174 4
175 3
176 2
177 4
178 1
179 3
180 3
181 3
182 3
183 2
184 -1
185 0
186 -1
187 -2
188 -3
189 -2
190 -4
191 -4
192 -4
193 -3
194 -5
195 -3
196 -3
197 1
198 1
199 -1
200 -1
201 0
202 0
203 1
204 -1
205 -2
206 0
207 0
208 0
209 -1
210 1
211 2
212 0
213 0
214 1
215 2
216 1
217 2
218 3
219 5
220 4
221 5
222 4
223 8
224 10
225 9
226 9
227 9
228 11
229 12
230 13
231 10
232 8
233 7
234 9
235 12
236 14
237 16
238 14
239 15
240 17
241 14
242 11
243 14
244 15
245 15
246 15
247 16
248 17
249 19
250 17
251 16
252 17
253 18
254 17
255 16
