0 4
1 2
2 1
3 0
4 -1
5 -1
6 -1
7 2
8 3
9 1
10 2
11 0
12 3
13 0
14 1
15 1
16 1
17 0
18 2
19 0
20 0
21 1
22 2
23 0
24 -1
25 -2
26 -3
27 -4
28 -6
29 -5
30 -3
31 -1
32 -1
33 -1
34 -2
35 -3
36 -3
37 -3
38 -4
39 -3
40 -2
41 -2
42 -3
43 -3
44 -2
45 -2
46 -1
47 -1
48 -2
49 0
50 -3
51 -2
52 -1
53 2
54 4
55 3
56 2
57 1
58 1
59 2
60 3
61 3
62 -1
63 -1
64 0
65 -3
66 -2
67 -1
68 1
69 2
70 4
71 3
72 3
73 6
74 6
75 5
76 4
77 3
78 4
79 2
80 2
81 1
82 0
83 0
84 -2
85 -2
86 -2
87 -1
88 0
89 3
90 3
91 1
92 0
93 0
94 0
95 -1
96 1
97 2
98 0
99 2
100 4
101 3
102 1
103 2
104 -2
105 -2
106 -2
107 1
108 0
109 0
110 0
111 1
112 -2
113 2
114 4
115 4
116 3
117 1
118 -1
119 -2
120 -1
121 0
122 -1
123 -1
124 -1
125 0
126 -1
127 0
128 -1
129 0
130 -2
131 -2
132 0
133 2
134 1
135 0
136 -3
137 -4
138 -3
139 0
140 0
141 1
142 3
143 0
144 -1
145 -2
146 0
147 4
148 2
149 2
150 5
151 1
152 0
153 1
154 0
155 -2
156 -1
157 2
158 0
159 -1
160 -1
161 -1
162 -1
163 -2
164 -4
165 -3
166 -4
167 -3
168 -2
169 -3
170 -2
171 1
172 2
173 -1
174 -1
175 -2
176 -2
177 -4
178 -6
179 -5
180 -5
181 -4
182 -4
183 -3
184 -1
185 0
186 -2
187 -4
188 -3
189 0
190 -1
191 -1
192 -2
193 -5
194 -2
195 -2
196 -2
197 -3
198 -3
199 -3
200 -3
201 0
202 2
203 2
204 4
205 3
206 1
207 1
208 0
209 -1
210 1
211 2
212 2
213 2
214 -2
215 -1
216 -2
217 -2
218 -4
219 -2
220 1
221 2
222 2
223 0
224 -1
225 -1
226 0
227 -1
228 0
229 0
230 0
231 0
232 -1
233 -1
234 2
235 2
236 0
237 4
238 3
239 4
240 4
241 4
242 2
243 3
244 3
245 4
246 5
247 5
248 3
249 3
250 3
251 2
252 1
253 3
254 3
255 4
