0 0
1 0
2 -2
3 -1
4 -2
5 -3
6 -3
7 -2
8 0
9 0
10 0
11 0
12 1
13 2
14 1
15 1
16 0
17 0
18 -2
19 -1
20 -1
21 -2
22 -2
23 -1
24 0
25 -1
26 -2
27 0
28 -2
29 -2
30 0
31 0
32 0
33 1
34 -1
35 0
36 0
37 -1
38 0
39 0
40 0
41 0
42 -1
43 -2
44 -3
45 -1
46 0
47 1
48 2
49 2
50 1
51 1
52 0
53 0
54 1
55 0
56 0
57 0
58 0
59 0
60 0
61 0
62 -1
63 -1
64 0
65 3
66 2
67 2
68 0
69 -1
70 0
71 1
72 2
73 1
74 2
75 2
76 3
77 2
78 2
79 0
80 0
81 -1
82 0
83 2
84 3
85 3
86 3
87 2
88 1
89 1
90 1
91 -1
92 0
93 2
94 4
95 3
96 1
97 2
98 1
99 0
100 -1
101 -1
102 0
103 1
104 1
105 0
106 0
107 0
108 1
109 1
110 -1
111 -1
112 0
113 0
114 1
115 1
116 1
117 -1
118 0
119 1
120 1
121 0
122 1
123 1
124 0
125 0
126 0
127 0
128 -1
129 -2
130 -1
131 0
132 2
133 0
134 1
135 0
136 -2
137 -2
138 -1
139 0
140 1
141 0
142 0
143 0
144 0
145 1
146 1
147 -1
148 -1
149 0
150 0
151 2
152 1
153 1
154 0
155 1
156 0
157 -1
158 0
159 1
160 1
161 3
162 2
163 1
164 1
165 0
166 0
167 -1
168 0
169 1
170 0
171 1
172 0
173 0
174 -1
175 0
176 0
177 1
178 -1
179 -1
180 -2
181 -1
182 0
183 -2
184 -2
185 -2
186 -1
187 -1
188 1
189 0
190 0
191 1
192 0
193 1
194 2
195 1
196 1
197 1
198 0
199 0
200 1
201 0
202 0
203 0
204 2
205 0
206 1
207 1
208 0
209 0
210 1
211 2
212 1
213 2
214 2
215 0
216 0
217 1
218 0
219 0
220 1
221 1
222 3
223 3
224 3
225 1
226 2
227 1
228 2
229 1
230 0
231 0
232 0
233 0
234 0
235 0
236 1
237 0
238 0
239 0
240 -1
241 -1
242 0
243 -1
244 0
245 0
246 0
247 -1
248 0
249 -1
250 0
251 0
252 -2
253 0
254 0
255 -1
