0 -8
1 -7
2 -8
3 -7
4 -7
5 -5
6 -5
7 -7
8 -8
9 -8
10 -6
11 -7
12 -8
13 -7
14 -6
15 -7
16 -5
17 -6
18 -4
19 -3
20 -3
21 -3
22 -6
23 -7
24 -6
25 -6
26 -7
27 -6
28 -5
29 -5
30 -5
31 -4
32 -3
33 -4
34 -3
35 -5
36 -5
37 -6
38 -6
39 -6
40 -5
41 -4
42 -1
43 -3
44 -2
45 -3
46 -3
47 -2
48 -4
49 -4
50 -3
51 -2
52 -3
53 -3
54 -4
55 -3
56 -4
57 -4
58 -4
59 -5
60 -3
61 -5
62 -4
63 -4
64 -4
65 -4
66 -4
67 -4
68 -4
69 -4
70 -3
71 -2
72 -2
73 -2
74 -2
75 -3
76 -3
77 -2
78 -1
79 0
80 -2
81 -2
82 -4
83 -3
84 -4
85 -4
86 -6
87 -6
88 -6
89 -7
90 -6
91 -5
92 -6
93 -6
94 -6
95 -6
96 -5
97 -4
98 -3
99 -3
100 -2
101 -1
102 -1
103 0
104 0
105 -2
106 -1
107 -4
108 -4
109 -3
110 -3
111 -2
112 -4
113 -4
114 -3
115 -2
116 -1
117 2
118 2
119 0
120 0
121 0
122 0
123 1
124 3
125 4
126 3
127 2
128 0
129 -1
130 -1
131 -1
132 -3
133 -3
134 -1
135 0
136 2
137 2
138 4
139 6
140 7
141 8
142 7
143 8
144 7
145 7
146 7
147 5
148 4
149 3
150 4
151 4
152 3
153 3
154 2
155 2
156 4
157 4
158 3
159 3
160 3
161 1
162 0
163 0
164 -1
165 -2
166 0
167 2
168 2
169 3
170 3
171 4
172 5
173 7
174 7
175 7
176 7
177 8
178 9
179 11
180 12
181 11
182 9
183 8
184 7
185 6
186 4
187 1
188 1
189 1
190 0
191 0
192 1
193 -1
194 -2
195 -1
196 -1
197 -1
198 0
199 -2
200 -5
201 -5
202 -5
203 -4
204 -3
205 -4
206 -5
207 -5
208 -5
209 -5
210 -5
211 -6
212 -6
213 -7
214 -7
215 -7
216 -8
217 -6
218 -6
219 -9
220 -10
221 -10
222 -9
223 -9
224 -10
225 -10
226 -10
227 -8
228 -9
229 -9
230 -10
231 -11
232 -11
233 -13
234 -12
235 -13
236 -12
237 -13
238 -11
239 -10
240 -11
241 -12
242 -12
243 -11
244 -11
245 -9
246 -9
247 -8
248 -8
249 -6
250 -6
251 -7
252 -6
253 -6
254 -5
255 -6
