0 2
1 2
2 1
3 -1
4 -1
5 0
6 -3
7 -3
8 -3
9 -3
10 -5
11 -4
12 -1
13 0
14 -1
15 -2
16 -2
17 0
18 -1
19 0
20 -1
21 0
22 3
23 2
24 2
25 2
26 1
27 2
28 2
29 2
30 2
31 1
32 2
33 1
34 -1
35 -2
36 -1
37 -5
38 -3
39 -3
40 -4
41 -5
42 -3
43 -2
44 -2
45 -4
46 -6
47 -6
48 -8
49 -8
50 -9
51 -8
52 -8
53 -7
54 -6
55 -6
56 -10
57 -11
58 -10
59 -11
60 -11
61 -9
62 -8
63 -7
64 -7
65 -7
66 -7
67 -8
68 -8
69 -7
70 -6
71 -4
72 -2
73 -3
74 -3
75 -3
76 -2
77 -3
78 -3
79 2
80 3
81 3
82 2
83 5
84 5
85 6
86 6
87 7
88 6
89 6
90 6
91 5
92 3
93 4
94 2
95 2
96 2
97 2
98 4
99 3
100 3
101 4
102 4
103 5
104 7
105 8
106 9
107 9
108 10
109 8
110 8
111 8
112 8
113 7
114 6
115 6
116 5
117 5
118 5
119 6
120 7
121 8
122 6
123 6
124 5
125 5
126 6
127 6
128 4
129 2
130 3
131 4
132 4
133 4
134 5
135 2
136 2
137 3
138 4
139 4
140 8
141 9
142 9
143 7
144 9
145 8
146 9
147 9
148 8
149 9
150 11
151 11
152 11
153 13
154 13
155 14
156 14
157 14
158 15
159 15
160 14
161 13
162 11
163 10
164 11
165 13
166 16
167 16
168 16
169 15
170 16
171 15
172 13
173 14
174 14
175 15
176 11
177 10
178 10
179 10
180 9
181 10
182 10
183 10
184 9
185 8
186 8
187 8
188 10
189 8
190 8
191 7
192 8
193 5
194 5
195 5
196 5
197 7
198 8
199 9
200 8
201 8
202 6
203 7
204 8
205 7
206 7
207 7
208 7
209 5
210 4
211 6
212 6
213 5
214 4
215 3
216 3
217 3
218 2
219 3
220 4
221 5
222 2
223 3
224 4
225 2
226 3
227 4
228 2
229 1
230 0
231 -1
232 -1
233 -1
234 0
235 1
236 0
237 -1
238 -2
239 0
240 1
241 2
242 2
243 2
244 1
245 1
246 1
247 2
248 3
249 4
250 3
251 1
252 2
253 5
254 4
255 3
