0 4
1 4
2 4
3 5
4 5
5 4
6 3
7 2
8 2
9 2
10 2
11 1
12 1
13 0
14 -2
15 -1
16 0
17 0
18 0
19 0
20 0
21 0
22 0
23 0
24 0
25 1
26 1
27 1
28 1
29 1
30 1
31 3
32 3
33 3
34 3
35 3
36 3
37 3
38 3
39 3
40 3
41 3
42 4
43 4
44 4
45 4
46 5
47 5
48 3
49 3
50 2
51 1
52 3
53 4
54 6
55 6
56 5
57 5
58 6
59 5
60 5
61 5
62 5
63 5
64 5
65 5
66 5
67 6
68 6
69 6
70 5
71 3
72 3
73 2
74 2
75 3
76 3
77 4
78 4
79 4
80 3
81 2
82 2
83 2
84 1
85 3
86 3
87 3
88 3
89 2
90 2
91 2
92 2
93 3
94 3
95 3
96 3
97 2
98 2
99 3
100 3
101 4
102 4
103 4
104 6
105 8
106 8
107 9
108 8
109 9
110 10
111 10
112 10
113 9
114 8
115 8
116 9
117 9
118 8
119 7
120 8
121 8
122 8
123 7
124 8
125 8
126 8
127 6
128 5
129 5
130 6
131 6
132 5
133 4
134 3
135 3
136 2
137 2
138 2
139 2
140 1
141 1
142 1
143 1
144 1
145 2
146 2
147 1
148 1
149 1
150 2
151 2
152 3
153 4
154 4
155 4
156 4
157 3
158 3
159 4
160 5
161 4
162 3
163 3
164 2
165 3
166 3
167 2
168 2
169 3
170 2
171 2
172 3
173 2
174 2
175 2
176 1
177 1
178 2
179 3
180 2
181 1
182 0
183 2
184 2
185 1
186 0
187 0
188 -1
189 0
190 0
191 1
192 1
193 2
194 2
195 3
196 2
197 3
198 3
199 4
200 3
201 3
202 2
203 1
204 2
205 2
206 2
207 2
208 1
209 2
210 3
211 2
212 2
213 1
214 1
215 1
216 0
217 0
218 1
219 1
220 1
221 2
222 2
223 2
224 1
225 2
226 2
227 1
228 1
229 1
230 2
231 3
232 3
233 2
234 3
235 3
236 3
237 3
238 3
239 2
240 2
241 2
242 1
243 1
244 1
245 3
246 3
247 3
248 2
249 1
250 2
251 2
252 3
253 2
254 2
255 3
