0 -8
1 -6
2 -6
3 -5
4 -3
5 -3
6 -1
7 -1
8 -1
9 -1
10 -1
11 -1
12 0
13 -3
14 -4
15 -5
16 -5
17 -5
18 -4
19 -3
20 -4
21 -6
22 -8
23 -9
24 -8
25 -6
26 -5
27 -4
28 -1
29 -1
30 -1
31 -1
32 -3
33 -3
34 -4
35 -4
36 -7
37 -7
38 -6
39 -3
40 -2
41 -1
42 -1
43 -4
44 -5
45 -4
46 -3
47 -2
48 -3
49 -3
50 -4
51 -4
52 -5
53 -4
54 -4
55 -3
56 -3
57 -1
58 -3
59 -3
60 -4
61 -3
62 -4
63 -4
64 -6
65 -6
66 -7
67 -6
68 -7
69 -9
70 -7
71 -8
72 -9
73 -7
74 -8
75 -7
76 -6
77 -4
78 -4
79 -6
80 -4
81 -6
82 -6
83 -5
84 -9
85 -12
86 -10
87 -9
88 -8
89 -5
90 -7
91 -9
92 -9
93 -8
94 -8
95 -9
96 -8
97 -5
98 -4
99 -4
100 -3
101 -4
102 -7
103 -7
104 -5
105 -5
106 -2
107 -1
108 -2
109 -2
110 -5
111 -6
112 -5
113 -8
114 -9
115 -9
116 -10
117 -8
118 -9
119 -8
120 -8
121 -9
122 -8
123 -6
124 -6
125 -4
126 -5
127 -3
128 -1
129 -2
130 -3
131 -7
132 -7
133 -7
134 -9
135 -10
136 -10
137 -12
138 -12
139 -12
140 -13
141 -12
142 -11
143 -9
144 -10
145 -11
146 -11
147 -9
148 -10
149 -8
150 -7
151 -3
152 -2
153 -1
154 0
155 -2
156 0
157 1
158 0
159 0
160 -1
161 -1
162 -1
163 -3
164 -5
165 -6
166 -7
167 -9
168 -7
169 -6
170 -6
171 -6
172 -6
173 -8
174 -8
175 -6
176 -8
177 -9
178 -10
179 -10
180 -10
181 -11
182 -10
183 -8
184 -8
185 -11
186 -11
187 -12
188 -14
189 -13
190 -13
191 -15
192 -16
193 -18
194 -17
195 -15
196 -16
197 -17
198 -19
199 -16
200 -16
201 -16
202 -16
203 -17
204 -18
205 -17
206 -18
207 -17
208 -18
209 -19
210 -17
211 -16
212 -17
213 -16
214 -15
215 -18
216 -15
217 -13
218 -12
219 -13
220 -11
221 -11
222 -13
223 -11
224 -8
225 -9
226 -8
227 -7
228 -10
229 -10
230 -11
231 -12
232 -14
233 -15
234 -13
235 -13
236 -13
237 -16
238 -15
239 -13
240 -12
241 -12
242 -13
243 -11
244 -12
245 -13
246 -12
247 -12
248 -10
249 -12
250 -11
251 -11
252 -10
253 -10
254 -8
255 -7
