0 5
1 5
2 4
3 4
4 3
5 3
6 3
7 2
8 0
9 1
10 0
11 1
12 0
13 -1
14 0
15 0
16 1
17 0
18 0
19 1
20 2
21 3
22 3
23 3
24 4
25 3
26 4
27 4
28 5
29 5
30 5
31 5
32 5
33 5
34 6
35 7
36 7
37 6
38 7
39 7
40 7
41 6
42 5
43 5
44 5
45 5
46 3
47 3
48 3
49 2
50 2
51 2
52 1
53 0
54 0
55 1
56 1
57 2
58 2
59 3
60 3
61 2
62 1
63 2
64 2
65 3
66 3
67 3
68 3
69 3
70 4
71 4
72 4
73 4
74 4
75 4
76 5
77 5
78 6
79 4
80 4
81 5
82 6
83 6
84 6
85 5
86 6
87 6
88 4
89 3
90 2
91 3
92 4
93 4
94 3
95 2
96 3
97 2
98 1
99 1
100 1
101 0
102 0
103 0
104 -1
105 -2
106 -3
107 -4
108 -3
109 -3
110 -3
111 -3
112 -2
113 -2
114 -2
115 -1
116 -1
117 -1
118 -1
119 -1
120 -1
121 -1
122 -1
123 0
124 0
125 0
126 0
127 0
128 1
129 1
130 0
131 1
132 1
133 1
134 3
135 2
136 3
137 3
138 3
139 2
140 3
141 3
142 3
143 3
144 4
145 3
146 3
147 3
148 3
149 3
150 3
151 3
152 2
153 3
154 3
155 2
156 2
157 1
158 1
159 0
160 1
161 1
162 1
163 0
164 0
165 1
166 1
167 0
168 1
169 1
170 0
171 0
172 1
173 0
174 0
175 0
176 -1
177 0
178 0
179 0
180 0
181 0
182 0
183 1
184 0
185 1
186 1
187 1
188 1
189 0
190 0
191 1
192 1
193 2
194 1
195 1
196 1
197 1
198 1
199 2
200 2
201 3
202 2
203 2
204 2
205 1
206 1
207 0
208 0
209 -1
210 -1
211 -2
212 -2
213 -2
214 -1
215 0
216 1
217 1
218 3
219 3
220 3
221 3
222 1
223 1
224 1
225 1
226 2
227 2
228 2
229 1
230 1
231 2
232 2
233 1
234 1
235 2
236 1
237 2
238 2
239 3
240 3
241 3
242 4
243 4
244 4
245 4
246 5
247 5
248 5
249 6
250 6
251 4
252 4
253 3
254 3
255 5
