0 -11
1 -9
2 -7
3 -4
4 -7
5 -5
6 -8
7 -7
8 -10
9 -12
10 -13
11 -17
12 -14
13 -12
14 -11
15 -9
16 -9
17 -12
18 -9
19 -8
20 -7
21 -8
22 -9
23 -10
24 -11
25 -9
26 -7
27 -9
28 -11
29 -9
30 -12
31 -13
32 -15
33 -17
34 -18
35 -16
36 -13
37 -14
38 -12
39 -13
40 -12
41 -12
42 -12
43 -14
44 -13
45 -10
46 -10
47 -8
48 -8
49 -5
50 -8
51 -10
52 -10
53 -8
54 -9
55 -9
56 -8
57 -9
58 -14
59 -13
60 -14
61 -19
62 -19
63 -19
64 -18
65 -17
66 -19
67 -15
68 -17
69 -17
70 -18
71 -15
72 -15
73 -15
74 -12
75 -10
76 -8
77 -5
78 -6
79 -4
80 -4
81 -6
82 -3
83 -2
84 -3
85 -6
86 -3
87 -2
88 -4
89 -5
90 -2
91 -1
92 -2
93 0
94 -1
95 -6
96 -3
97 -2
98 0
99 0
100 4
101 0
102 -6
103 -5
104 -6
105 -6
106 -4
107 -3
108 -2
109 -5
110 -6
111 -5
112 -8
113 -6
114 -4
115 -1
116 0
117 -2
118 -4
119 -6
120 -8
121 -13
122 -14
123 -16
124 -18
125 -20
126 -18
127 -22
128 -22
129 -22
130 -21
131 -21
132 -22
133 -24
134 -25
135 -28
136 -26
137 -28
138 -27
139 -25
140 -26
141 -24
142 -26
143 -25
144 -26
145 -26
146 -27
147 -26
148 -22
149 -23
150 -25
151 -24
152 -22
153 -22
154 -23
155 -24
156 -26
157 -20
158 -18
159 -19
160 -16
161 -14
162 -13
163 -12
164 -13
165 -17
166 -19
167 -17
168 -16
169 -14
170 -13
171 -12
172 -15
173 -12
174 -10
175 -11
176 -11
177 -13
178 -10
179 -10
180 -10
181 -9
182 -11
183 -9
184 -7
185 -6
186 -5
187 -6
188 -6
189 -4
190 -3
191 -2
192 -5
193 -5
194 -6
195 -4
196 -3
197 -6
198 -7
199 -7
200 -6
201 -5
202 -5
203 -7
204 -8
205 -10
206 -10
207 -11
208 -12
209 -11
210 -12
211 -13
212 -10
213 -10
214 -8
215 -9
216 -7
217 -7
218 -4
219 -6
220 -6
221 -7
222 -9
223 -8
224 -5
225 -5
226 -6
227 -9
228 -11
229 -13
230 -14
231 -13
232 -14
233 -12
234 -10
235 -13
236 -11
237 -13
238 -11
239 -11
240 -8
241 -7
242 -7
243 -10
244 -9
245 -8
246 -10
247 -6
248 -8
249 -8
250 -7
251 -9
252 -9
253 -8
254 -8
255 -7
