0 -14
1 -14
2 -16
3 -18
4 -18
5 -18
6 -21
7 -23
8 -23
9 -21
10 -16
11 -16
12 -14
13 -16
14 -13
15 -13
16 -11
17 -11
18 -11
19 -10
20 -7
21 -7
22 -5
23 -6
24 -1
25 1
26 3
27 5
28 4
29 3
30 3
31 4
32 3
33 2
34 -1
35 0
36 -5
37 -6
38 -7
39 -7
40 -9
41 -11
42 -12
43 -15
44 -15
45 -13
46 -13
47 -12
48 -9
49 -11
50 -13
51 -13
52 -13
53 -13
54 -13
55 -14
56 -16
57 -18
58 -19
59 -20
60 -19
61 -18
62 -17
63 -16
64 -15
65 -15
66 -14
67 -17
68 -19
69 -21
70 -23
71 -23
72 -21
73 -20
74 -19
75 -15
76 -13
77 -11
78 -11
79 -14
80 -8
81 -6
82 -10
83 -10
84 -10
85 -11
86 -9
87 -7
88 -5
89 -6
90 -5
91 -4
92 -3
93 -2
94 -1
95 1
96 -1
97 -2
98 -4
99 -4
100 -2
101 -3
102 -2
103 -2
104 -3
105 -2
106 -2
107 2
108 4
109 4
110 6
111 5
112 5
113 8
114 7
115 8
116 8
117 11
118 6
119 5
120 5
121 7
122 5
123 7
124 6
125 4
126 2
127 2
128 0
129 2
130 3
131 1
132 2
133 3
134 6
135 3
136 1
137 -3
138 -3
139 -1
140 -1
141 2
142 4
143 6
144 5
145 4
146 7
147 9
148 6
149 7
150 9
151 11
152 16
153 15
154 13
155 10
156 12
157 14
158 12
159 11
160 9
161 6
162 7
163 9
164 13
165 13
166 14
167 12
168 12
169 12
170 11
171 9
172 13
173 9
174 8
175 7
176 8
177 6
178 7
179 6
180 5
181 4
182 4
183 5
184 2
185 -1
186 0
187 -2
188 -4
189 -4
190 -4
191 -3
192 -2
193 -6
194 -4
195 -3
196 -4
197 -7
198 -9
199 -8
200 -9
201 -11
202 -10
203 -10
204 -14
205 -13
206 -15
207 -16
208 -15
209 -13
210 -16
211 -14
212 -16
213 -18
214 -17
215 -18
216 -18
217 -19
218 -19
219 -15
220 -20
221 -22
222 -22
223 -19
224 -18
225 -20
226 -18
227 -19
228 -19
229 -19
230 -23
231 -19
232 -14
233 -14
234 -11
235 -15
236 -13
237 -15
238 -13
239 -13
240 -14
241 -13
242 -16
243 -14
244 -13
245 -14
246 -15
247 -19
248 -20
249 -21
250 -21
251 -18
252 -16
253 -14
254 -14
255 -16
