0 4
1 6
2 8
3 4
4 3
5 1
6 1
7 0
8 -1
9 -2
10 0
11 -3
12 -4
13 -2
14 -1
15 1
16 1
17 1
18 3
19 3
20 3
21 2
22 1
23 0
24 1
25 2
26 0
27 1
28 0
29 0
30 0
31 0
32 0
33 1
34 1
35 2
36 0
37 -1
38 -1
39 1
40 0
41 0
42 2
43 2
44 3
45 2
46 1
47 2
48 1
49 0
50 -2
51 -1
52 -2
53 -1
54 0
55 3
56 4
57 4
58 4
59 3
60 1
61 0
62 -1
63 -1
64 0
65 -1
66 0
67 -1
68 -2
69 0
70 0
71 -1
72 0
73 1
74 0
75 0
76 1
77 1
78 2
79 4
80 1
81 0
82 1
83 2
84 2
85 -1
86 -2
87 0
88 -1
89 -1
90 2
91 0
92 0
93 0
94 -2
95 -2
96 -1
97 -1
98 1
99 1
100 1
101 2
102 3
103 2
104 1
105 0
106 -2
107 -3
108 -1
109 1
110 -1
111 -1
112 0
113 1
114 1
115 1
116 3
117 3
118 1
119 2
120 1
121 3
122 1
123 0
124 -1
125 0
126 -1
127 0
128 4
129 5
130 4
131 2
132 3
133 1
134 1
135 0
136 -3
137 -4
138 -4
139 -6
140 -4
141 0
142 0
143 0
144 -1
145 -5
146 -3
147 -1
148 -1
149 0
150 0
151 1
152 0
153 2
154 1
155 -1
156 -3
157 -2
158 -1
159 -1
160 1
161 0
162 0
163 -3
164 0
165 -1
166 0
167 -5
168 0
169 0
170 1
171 -2
172 -1
173 -1
174 -1
175 -1
176 0
177 2
178 1
179 -2
180 2
181 2
182 0
183 1
184 0
185 -3
186 -2
187 -2
188 -3
189 -3
190 0
191 0
192 2
193 1
194 0
195 0
196 2
197 4
198 2
199 2
200 0
201 -1
202 1
203 0
204 0
205 1
206 2
207 0
208 -2
209 0
210 0
211 -1
212 -2
213 -2
214 -1
215 0
216 -1
217 -2
218 -6
219 -7
220 -6
221 -2
222 0
223 -2
224 -3
225 0
226 1
227 2
228 1
229 1
230 0
231 -1
232 -3
233 -2
234 -2
235 1
236 -1
237 1
238 0
239 1
240 1
241 2
242 2
243 3
244 4
245 4
246 7
247 6
248 4
249 5
250 3
251 2
252 2
253 0
254 1
255 3
