0 -3
1 0
2 1
3 2
4 2
5 0
6 2
7 5
8 1
9 0
10 0
11 1
12 2
13 3
14 -1
15 0
16 -1
17 4
18 2
19 2
20 0
21 2
22 -1
23 -1
24 3
25 4
26 4
27 3
28 4
29 4
30 3
31 0
32 1
33 -1
34 -2
35 -1
36 -2
37 -3
38 -2
39 -2
40 0
41 1
42 4
43 3
44 2
45 3
46 3
47 1
48 3
49 3
50 1
51 -2
52 -1
53 -2
54 -3
55 -4
56 -3
57 -3
58 0
59 1
60 0
61 0
62 1
63 2
64 4
65 5
66 5
67 4
68 4
69 2
70 2
71 0
72 0
73 0
74 -1
75 -1
76 -2
77 -2
78 -2
79 -1
80 -1
81 -1
82 1
83 -2
84 -4
85 -3
86 0
87 0
88 1
89 -1
90 -1
91 -1
92 -3
93 -2
94 0
95 -2
96 -2
97 -1
98 2
99 2
100 2
101 1
102 0
103 1
104 -1
105 0
106 0
107 2
108 2
109 2
110 -1
111 0
112 -1
113 3
114 0
115 0
116 2
117 3
118 0
119 2
120 -1
121 0
122 2
123 -1
124 -1
125 -1
126 -2
127 -3
128 -1
129 0
130 0
131 -2
132 0
133 1
134 0
135 1
136 2
137 -1
138 0
139 -1
140 0
141 1
142 0
143 3
144 1
145 1
146 -1
147 1
148 1
149 -1
150 -3
151 -1
152 0
153 -1
154 -1
155 -2
156 -1
157 0
158 1
159 -2
160 2
161 1
162 1
163 0
164 0
165 1
166 -2
167 -3
168 -1
169 -3
170 -1
171 0
172 -2
173 -1
174 0
175 2
176 3
177 2
178 3
179 5
180 6
181 1
182 1
183 0
184 -1
185 -1
186 -1
187 0
188 -1
189 -2
190 -1
191 -4
192 -6
193 -5
194 -4
195 -3
196 -3
197 -2
198 0
199 -1
200 -1
201 -1
202 1
203 0
204 1
205 1
206 0
207 -1
208 1
209 2
210 -1
211 0
212 0
213 1
214 -1
215 -2
216 0
217 0
218 0
219 1
220 2
221 0
222 0
223 3
224 0
225 0
226 1
227 1
228 2
229 1
230 1
231 2
232 1
233 2
234 -2
235 -2
236 -2
237 0
238 2
239 0
240 0
241 1
242 0
243 -1
244 0
245 -3
246 -1
247 -2
248 -3
249 -2
250 0
251 -1
252 -2
253 -4
254 -3
255 -3
