0 -1
1 0
2 -1
3 -1
4 0
5 -2
6 -1
7 1
8 1
9 1
10 2
11 3
12 5
13 6
14 5
15 5
16 5
17 6
18 10
19 8
20 7
21 6
22 4
23 4
24 4
25 5
26 6
27 5
28 5
29 7
30 6
31 6
32 4
33 6
34 7
35 7
36 8
37 11
38 10
39 12
40 13
41 14
42 12
43 13
44 11
45 12
46 12
47 11
48 11
49 10
50 10
51 9
52 10
53 10
54 8
55 7
56 5
57 2
58 2
59 1
60 0
61 0
62 2
63 0
64 1
65 -1
66 -2
67 -2
68 -3
69 -4
70 -3
71 -6
72 -8
73 -9
74 -6
75 -6
76 -3
77 -4
78 -3
79 -1
80 1
81 4
82 1
83 4
84 4
85 5
86 7
87 8
88 8
89 7
90 9
91 9
92 8
93 10
94 13
95 13
96 12
97 11
98 10
99 9
100 9
101 9
102 8
103 10
104 10
105 7
106 6
107 7
108 11
109 11
110 11
111 11
112 9
113 8
114 6
115 5
116 7
117 4
118 3
119 4
120 3
121 2
122 2
123 1
124 4
125 3
126 1
127 1
128 0
129 2
130 3
131 6
132 3
133 4
134 3
135 3
136 3
137 2
138 2
139 3
140 4
141 4
142 7
143 5
144 6
145 3
146 4
147 4
148 7
149 10
150 11
151 12
152 11
153 13
154 17
155 15
156 15
157 10
158 13
159 15
160 16
161 17
162 18
163 17
164 16
165 15
166 15
167 14
168 16
169 17
170 17
171 19
172 22
173 25
174 26
175 26
176 24
177 25
178 27
179 30
180 30
181 29
182 26
183 26
184 25
185 26
186 26
187 26
188 26
189 26
190 24
191 22
192 19
193 20
194 21
195 18
196 18
197 15
198 15
199 16
200 14
201 13
202 13
203 13
204 12
205 13
206 13
207 14
208 11
209 12
210 11
211 13
212 13
213 14
214 14
215 11
216 11
217 10
218 10
219 10
220 9
221 6
222 8
223 8
224 7
225 4
226 1
227 -3
228 -3
229 -5
230 -2
231 -2
232 -3
233 -3
234 -2
235 -1
236 1
237 1
238 0
239 1
240 -1
241 -1
242 1
243 0
244 0
245 0
246 -1
247 -3
248 -3
249 -2
250 -1
251 -1
252 0
253 -2
254 -1
255 0
