0 6
1 6
2 5
3 4
4 1
5 0
6 0
7 0
8 1
9 2
10 0
11 2
12 1
13 1
14 1
15 0
16 -1
17 -1
18 -1
19 0
20 1
21 1
22 2
23 1
24 -2
25 -1
26 0
27 -1
28 2
29 3
30 2
31 1
32 0
33 2
34 3
35 5
36 7
37 8
38 4
39 7
40 8
41 9
42 9
43 10
44 6
45 2
46 1
47 -1
48 -2
49 1
50 2
51 4
52 2
53 3
54 4
55 5
56 3
57 3
58 2
59 0
60 0
61 0
62 0
63 1
64 3
65 1
66 -1
67 -1
68 -3
69 -6
70 -5
71 -5
72 -3
73 -3
74 0
75 0
76 0
77 1
78 -1
79 3
80 4
81 2
82 0
83 0
84 -2
85 -4
86 -6
87 -7
88 -9
89 -10
90 -10
91 -9
92 -6
93 -5
94 -7
95 -8
96 -8
97 -8
98 -9
99 -11
100 -12
101 -12
102 -13
103 -12
104 -12
105 -11
106 -10
107 -9
108 -10
109 -9
110 -6
111 -4
112 -2
113 3
114 4
115 6
116 5
117 4
118 5
119 5
120 5
121 5
122 6
123 6
124 7
125 5
126 7
127 7
128 6
129 6
130 6
131 5
132 6
133 7
134 8
135 9
136 8
137 9
138 9
139 10
140 12
141 12
142 12
143 13
144 13
145 11
146 11
147 12
148 14
149 17
150 16
151 13
152 13
153 13
154 12
155 12
156 13
157 13
158 14
159 16
160 16
161 15
162 14
163 14
164 13
165 14
166 13
167 14
168 13
169 12
170 9
171 9
172 9
173 6
174 6
175 4
176 3
177 3
178 4
179 4
180 4
181 5
182 3
183 4
184 5
185 5
186 4
187 5
188 2
189 2
190 5
191 6
192 5
193 6
194 5
195 6
196 4
197 6
198 4
199 4
200 7
201 5
202 8
203 10
204 12
205 13
206 11
207 10
208 13
209 12
210 11
211 11
212 13
213 11
214 9
215 11
216 10
217 9
218 8
219 8
220 9
221 9
222 10
223 9
224 7
225 5
226 5
227 6
228 5
229 7
230 6
231 5
232 4
233 4
234 3
235 3
236 4
237 4
238 6
239 4
240 5
241 4
242 3
243 5
244 6
245 4
246 5
247 5
248 6
249 3
250 4
251 6
252 8
253 8
254 9
255 7
