0 0
1 1
2 3
3 5
4 5
5 4
6 5
7 2
8 2
9 3
10 3
11 4
12 4
13 4
14 4
15 4
16 3
17 3
18 5
19 5
20 5
21 6
22 6
23 7
24 6
25 5
26 5
27 4
28 4
29 3
30 3
31 3
32 2
33 2
34 3
35 3
36 4
37 3
38 2
39 2
40 1
41 0
42 0
43 0
44 1
45 1
46 1
47 0
48 0
49 1
50 1
51 0
52 1
53 3
54 2
55 3
56 5
57 6
58 5
59 5
60 6
61 8
62 8
63 6
64 6
65 4
66 4
67 4
68 4
69 5
70 5
71 3
72 3
73 4
74 3
75 4
76 5
77 4
78 4
79 4
80 3
81 3
82 4
83 5
84 2
85 2
86 3
87 4
88 4
89 3
90 2
91 1
92 0
93 1
94 1
95 1
96 -1
97 -2
98 -1
99 0
100 1
101 2
102 1
103 3
104 3
105 1
106 0
107 0
108 0
109 2
110 3
111 0
112 0
113 -1
114 0
115 1
116 1
117 0
118 -1
119 -2
120 -2
121 -2
122 -3
123 -3
124 -3
125 -4
126 -5
127 -5
128 -6
129 -6
130 -5
131 -4
132 -4
133 -5
134 -4
135 -4
136 -4
137 -4
138 -3
139 -3
140 -3
141 -2
142 -4
143 -4
144 -4
145 -5
146 -6
147 -6
148 -7
149 -6
150 -5
151 -6
152 -5
153 -6
154 -6
155 -6
156 -6
157 -6
158 -7
159 -8
160 -8
161 -8
162 -8
163 -8
164 -8
165 -8
166 -6
167 -5
168 -6
169 -5
170 -5
171 -5
172 -4
173 -5
174 -4
175 -4
176 -3
177 -3
178 -2
179 -2
180 0
181 0
182 0
183 0
184 0
185 2
186 2
187 2
188 4
189 3
190 3
191 3
192 4
193 3
194 3
195 4
196 5
197 6
198 6
199 8
200 6
201 5
202 4
203 4
204 2
205 2
206 2
207 2
208 3
209 3
210 2
211 1
212 1
213 1
214 0
215 -2
216 0
217 0
218 1
219 3
220 2
221 1
222 2
223 1
224 2
225 1
226 2
227 0
228 0
229 -1
230 -1
231 -1
232 -2
233 -2
234 -3
235 -2
236 -1
237 -1
238 -2
239 -1
240 -1
241 -1
242 0
243 0
244 0
245 0
246 0
247 -1
248 -1
249 -2
250 -2
251 -1
252 1
253 0
254 0
255 -1
