0 -2
1 -2
2 -3
3 -3
4 -3
5 -2
6 -1
7 -2
8 -1
9 -1
10 -2
11 -1
12 -3
13 -3
14 -3
15 -2
16 0
17 -1
18 0
19 1
20 1
21 1
22 2
23 2
24 0
25 -1
26 -2
27 -1
28 -2
29 -3
30 -3
31 -3
32 -3
33 -4
34 -6
35 -6
36 -5
37 -3
38 -2
39 -1
40 1
41 0
42 -1
43 -1
44 -1
45 -2
46 0
47 1
48 1
49 1
50 0
51 0
52 0
53 0
54 2
55 1
56 1
57 1
58 3
59 2
60 1
61 0
62 0
63 1
64 1
65 2
66 2
67 4
68 4
69 5
70 6
71 8
72 8
73 8
74 7
75 8
76 8
77 7
78 6
79 5
80 4
81 2
82 0
83 0
84 1
85 2
86 2
87 2
88 2
89 0
90 0
91 -2
92 -3
93 -2
94 -3
95 -3
96 -4
97 -5
98 -4
99 -3
100 -4
101 -3
102 -3
103 -3
104 -2
105 -4
106 -4
107 -5
108 -5
109 -4
110 -4
111 -4
112 -5
113 -5
114 -3
115 -4
116 -5
117 -7
118 -7
119 -7
120 -6
121 -6
122 -4
123 -6
124 -5
125 -7
126 -7
127 -6
128 -5
129 -4
130 -3
131 -2
132 -2
133 -2
134 -1
135 0
136 1
137 2
138 1
139 1
140 1
141 0
142 0
143 0
144 2
145 4
146 4
147 3
148 3
149 4
150 4
151 4
152 3
153 1
154 0
155 -1
156 -2
157 -2
158 -3
159 -2
160 -2
161 -2
162 -3
163 -3
164 -4
165 -5
166 -5
167 -6
168 -7
169 -9
170 -10
171 -10
172 -9
173 -10
174 -9
175 -9
176 -10
177 -10
178 -11
179 -12
180 -11
181 -9
182 -9
183 -10
184 -9
185 -6
186 -6
187 -6
188 -5
189 -7
190 -7
191 -6
192 -6
193 -6
194 -6
195 -5
196 -6
197 -5
198 -4
199 -4
200 -4
201 -6
202 -7
203 -3
204 -1
205 0
206 0
207 -2
208 -3
209 -4
210 -4
211 -4
212 -3
213 -3
214 -3
215 -3
216 -5
217 -4
218 -5
219 -4
220 -4
221 -6
222 -7
223 -4
224 -5
225 -6
226 -7
227 -6
228 -6
229 -6
230 -5
231 -5
232 -4
233 -5
234 -7
235 -7
236 -6
237 -7
238 -8
239 -7
240 -7
241 -5
242 -5
243 -5
244 -6
245 -5
246 -6
247 -6
248 -5
249 -6
250 -6
251 -6
252 -4
253 -4
254 -3
255 -2
