0 14
1 14
2 15
3 14
4 14
5 13
6 12
7 14
8 14
9 16
10 15
11 16
12 13
13 14
14 15
15 12
16 12
17 12
18 10
19 10
20 8
21 9
22 10
23 11
24 9
25 8
26 9
27 8
28 9
29 8
30 8
31 8
32 7
33 9
34 7
35 8
36 8
37 6
38 3
39 2
40 7
41 7
42 8
43 6
44 6
45 7
46 5
47 5
48 3
49 2
50 3
51 3
52 3
53 3
54 4
55 4
56 3
57 3
58 2
59 3
60 3
61 2
62 2
63 0
64 0
65 -1
66 -2
67 -4
68 -3
69 -2
70 -3
71 -2
72 -2
73 -1
74 -2
75 -3
76 -3
77 -2
78 -3
79 -3
80 -4
81 -4
82 -2
83 -2
84 -4
85 -5
86 -5
87 -7
88 -4
89 -4
90 -4
91 -5
92 -6
93 -5
94 -5
95 -4
96 -3
97 -4
98 -4
99 -2
100 -2
101 0
102 0
103 1
104 2
105 0
106 1
107 1
108 3
109 3
110 2
111 3
112 3
113 3
114 5
115 6
116 5
117 6
118 6
119 8
120 7
121 6
122 5
123 4
124 5
125 6
126 4
127 4
128 6
129 6
130 4
131 5
132 8
133 6
134 4
135 3
136 2
137 2
138 2
139 0
140 1
141 -1
142 -4
143 -6
144 -5
145 -5
146 -5
147 -6
148 -5
149 -5
150 -4
151 -3
152 -4
153 -2
154 0
155 -1
156 -2
157 -1
158 -3
159 -5
160 -3
161 -1
162 0
163 0
164 2
165 3
166 4
167 5
168 5
169 5
170 6
171 6
172 6
173 5
174 5
175 6
176 6
177 6
178 6
179 10
180 7
181 10
182 9
183 10
184 10
185 9
186 8
187 9
188 11
189 11
190 11
191 11
192 12
193 13
194 12
195 14
196 15
197 15
198 15
199 16
200 13
201 13
202 13
203 13
204 14
205 12
206 12
207 14
208 13
209 12
210 14
211 17
212 17
213 16
214 18
215 20
216 17
217 17
218 17
219 18
220 19
221 18
222 17
223 16
224 16
225 17
226 17
227 17
228 16
229 16
230 19
231 21
232 19
233 17
234 19
235 20
236 20
237 20
238 20
239 19
240 19
241 17
242 19
243 16
244 17
245 14
246 14
247 12
248 12
249 11
250 13
251 14
252 12
253 12
254 13
255 13
