0 18
1 19
2 19
3 21
4 21
5 19
6 17
7 19
8 20
9 23
10 25
11 23
12 23
13 26
14 29
15 31
16 27
17 26
18 26
19 27
20 25
21 22
22 23
23 24
24 23
25 24
26 25
27 21
28 22
29 18
30 18
31 15
32 16
33 14
34 16
35 14
36 17
37 15
38 17
39 19
40 19
41 20
42 22
43 25
44 26
45 26
46 26
47 28
48 28
49 27
50 28
51 25
52 25
53 24
54 23
55 22
56 20
57 19
58 19
59 17
60 18
61 19
62 18
63 19
64 19
65 18
66 18
67 18
68 18
69 20
70 19
71 19
72 19
73 16
74 14
75 12
76 12
77 16
78 18
79 15
80 17
81 17
82 19
83 20
84 19
85 16
86 16
87 14
88 16
89 13
90 13
91 15
92 14
93 13
94 13
95 13
96 11
97 13
98 12
99 15
100 14
101 14
102 15
103 15
104 19
105 22
106 23
107 24
108 23
109 22
110 19
111 20
112 20
113 19
114 21
115 21
116 21
117 20
118 19
119 18
120 18
121 22
122 23
123 22
124 21
125 20
126 15
127 16
128 16
129 14
130 16
131 19
132 19
133 21
134 21
135 21
136 23
137 24
138 27
139 25
140 24
141 23
142 25
143 25
144 25
145 25
146 25
147 29
148 29
149 28
150 29
151 33
152 30
153 30
154 32
155 33
156 36
157 34
158 37
159 37
160 38
161 36
162 33
163 32
164 35
165 35
166 36
167 37
168 38
169 35
170 39
171 39
172 38
173 36
174 38
175 36
176 32
177 35
178 33
179 35
180 34
181 36
182 35
183 33
184 33
185 33
186 35
187 34
188 35
189 34
190 34
191 34
192 31
193 29
194 32
195 31
196 32
197 35
198 36
199 34
200 34
201 34
202 32
203 31
204 33
205 29
206 27
207 28
208 28
209 27
210 27
211 27
212 27
213 26
214 25
215 26
216 26
217 21
218 22
219 24
220 25
221 24
222 22
223 23
224 22
225 24
226 24
227 25
228 24
229 22
230 22
231 23
232 23
233 23
234 18
235 19
236 20
237 22
238 22
239 26
240 29
241 29
242 28
243 29
244 30
245 27
246 25
247 26
248 28
249 28
250 26
251 21
252 20
253 21
254 22
255 21
