0 -34
1 -38
2 -38
3 -41
4 -42
5 -44
6 -42
7 -42
8 -38
9 -38
10 -38
11 -44
12 -42
13 -44
14 -45
15 -43
16 -42
17 -38
18 -40
19 -40
20 -41
21 -39
22 -39
23 -37
24 -37
25 -38
26 -33
27 -30
28 -27
29 -27
30 -25
31 -21
32 -20
33 -21
34 -23
35 -23
36 -26
37 -26
38 -27
39 -28
40 -29
41 -27
42 -28
43 -29
44 -25
45 -25
46 -24
47 -25
48 -26
49 -26
50 -23
51 -22
52 -20
53 -19
54 -23
55 -20
56 -22
57 -22
58 -21
59 -23
60 -22
61 -23
62 -26
63 -27
64 -27
65 -24
66 -26
67 -22
68 -26
69 -24
70 -21
71 -23
72 -22
73 -19
74 -20
75 -20
76 -22
77 -21
78 -15
79 -9
80 -8
81 -4
82 -3
83 0
84 1
85 0
86 -2
87 -3
88 -2
89 -2
90 -4
91 -5
92 -6
93 -4
94 -2
95 -2
96 -5
97 -2
98 -1
99 -3
100 -6
101 -5
102 -7
103 -4
104 -3
105 -4
106 -8
107 -10
108 -7
109 -6
110 -6
111 -4
112 -5
113 -7
114 -4
115 -8
116 -9
117 -6
118 -2
119 -8
120 -10
121 -11
122 -9
123 -10
124 -8
125 -8
126 -7
127 -5
128 -3
129 -2
130 -3
131 -1
132 3
133 -2
134 -1
135 -1
136 3
137 0
138 -1
139 -1
140 1
141 -2
142 -4
143 -7
144 -8
145 -5
146 -9
147 -3
148 -3
149 -6
150 -4
151 -4
152 -4
153 -2
154 -4
155 -2
156 4
157 4
158 6
159 6
160 5
161 6
162 5
163 4
164 6
165 7
166 7
167 9
168 9
169 8
170 7
171 4
172 6
173 8
174 7
175 10
176 8
177 8
178 8
179 8
180 10
181 8
182 9
183 8
184 8
185 5
186 5
187 5
188 5
189 3
190 0
191 1
192 1
193 2
194 4
195 3
196 4
197 3
198 3
199 5
200 8
201 6
202 8
203 7
204 5
205 6
206 7
207 4
208 2
209 -1
210 -3
211 -5
212 -5
213 -6
214 -8
215 -8
216 -8
217 -10
218 -13
219 -16
220 -15
221 -16
222 -14
223 -15
224 -15
225 -16
226 -19
227 -20
228 -17
229 -15
230 -16
231 -20
232 -23
233 -25
234 -25
235 -23
236 -27
237 -27
238 -30
239 -31
240 -33
241 -31
242 -29
243 -30
244 -27
245 -29
246 -28
247 -28
248 -27
249 -29
250 -32
251 -33
252 -35
253 -31
254 -31
255 -31
