0 1
1 1
2 2
3 2
4 3
5 1
6 0
7 1
8 0
9 2
10 2
11 3
12 1
13 0
14 2
15 0
16 1
17 -2
18 0
19 -2
20 0
21 1
22 -1
23 -2
24 2
25 2
26 0
27 1
28 2
29 1
30 2
31 3
32 6
33 4
34 2
35 2
36 0
37 3
38 3
39 0
40 -2
41 -2
42 -1
43 3
44 3
45 3
46 3
47 4
48 4
49 8
50 7
51 8
52 7
53 6
54 6
55 7
56 5
57 5
58 2
59 -1
60 -2
61 0
62 1
63 2
64 2
65 3
66 2
67 0
68 0
69 -3
70 -4
71 -3
72 -2
73 -1
74 -2
75 -1
76 -2
77 -1
78 -1
79 -4
80 -1
81 3
82 2
83 2
84 0
85 -3
86 -5
87 -2
88 -1
89 -2
90 0
91 4
92 2
93 3
94 1
95 -1
96 -2
97 -5
98 -2
99 -2
100 -1
101 -3
102 -1
103 -2
104 -1
105 -2
106 2
107 3
108 3
109 5
110 7
111 5
112 2
113 2
114 2
115 1
116 -1
117 -3
118 0
119 2
120 3
121 0
122 -1
123 -2
124 -2
125 -2
126 -1
127 0
128 1
129 0
130 0
131 0
132 -2
133 -3
134 -3
135 -3
136 -3
137 -5
138 -3
139 0
140 3
141 3
142 2
143 0
144 0
145 -3
146 -1
147 2
148 0
149 2
150 1
151 1
152 1
153 -1
154 -1
155 0
156 -1
157 -4
158 -1
159 0
160 0
161 0
162 -2
163 -3
164 -3
165 -2
166 -2
167 -2
168 -2
169 -1
170 0
171 -6
172 -4
173 -1
174 -2
175 -4
176 0
177 3
178 1
179 1
180 0
181 -1
182 -3
183 -4
184 -3
185 -3
186 -1
187 0
188 -1
189 3
190 2
191 -1
192 1
193 1
194 1
195 0
196 1
197 -4
198 -1
199 -2
200 -2
201 -3
202 -5
203 -5
204 -2
205 -1
206 0
207 1
208 1
209 0
210 2
211 3
212 3
213 0
214 1
215 2
216 2
217 2
218 2
219 1
220 0
221 1
222 2
223 1
224 0
225 2
226 3
227 5
228 4
229 3
230 0
231 0
232 -2
233 0
234 2
235 2
236 -1
237 0
238 1
239 0
240 2
241 3
242 5
243 5
244 5
245 2
246 0
247 0
248 1
249 3
250 1
251 1
252 2
253 3
254 2
255 1
