0 3
1 2
2 2
3 2
4 3
5 3
6 3
7 3
8 3
9 3
10 1
11 2
12 2
13 2
14 1
15 1
16 0
17 -1
18 -1
19 -1
20 0
21 -2
22 -2
23 -3
24 -3
25 -5
26 -5
27 -3
28 -3
29 -3
30 -5
31 -5
32 -5
33 -5
34 -5
35 -6
36 -6
37 -6
38 -6
39 -5
40 -4
41 -4
42 -5
43 -5
44 -5
45 -4
46 -3
47 -3
48 -3
49 -2
50 -2
51 -4
52 -5
53 -5
54 -4
55 -3
56 -4
57 -4
58 -4
59 -4
60 -4
61 -4
62 -4
63 -4
64 -5
65 -5
66 -5
67 -5
68 -6
69 -5
70 -5
71 -5
72 -6
73 -7
74 -7
75 -7
76 -8
77 -8
78 -8
79 -7
80 -6
81 -7
82 -6
83 -6
84 -5
85 -5
86 -6
87 -7
88 -7
89 -7
90 -7
91 -7
92 -8
93 -8
94 -8
95 -9
96 -9
97 -9
98 -8
99 -9
100 -9
101 -9
102 -9
103 -9
104 -9
105 -8
106 -7
107 -7
108 -7
109 -7
110 -7
111 -8
112 -8
113 -7
114 -8
115 -7
116 -7
117 -6
118 -5
119 -6
120 -6
121 -5
122 -4
123 -5
124 -5
125 -4
126 -4
127 -4
128 -2
129 -2
130 -1
131 -1
132 -1
133 -1
134 -2
135 -1
136 -2
137 -1
138 0
139 0
140 0
141 0
142 -2
143 -2
144 -2
145 -2
146 -2
147 -2
148 -3
149 -2
150 -2
151 -3
152 -2
153 -3
154 -3
155 -3
156 -3
157 -2
158 -2
159 -1
160 -1
161 -1
162 -1
163 -1
164 -1
165 0
166 0
167 1
168 0
169 1
170 1
171 0
172 0
173 0
174 1
175 1
176 1
177 0
178 1
179 1
180 1
181 1
182 1
183 1
184 1
185 0
186 0
187 1
188 1
189 1
190 1
191 1
192 1
193 1
194 1
195 1
196 2
197 3
198 2
199 3
200 3
201 3
202 3
203 4
204 4
205 4
206 3
207 3
208 3
209 3
210 4
211 3
212 3
213 2
214 2
215 2
216 2
217 2
218 1
219 2
220 0
221 -1
222 -1
223 -2
224 0
225 -1
226 -2
227 -2
228 -2
229 -1
230 -1
231 -1
232 0
233 0
234 0
235 -1
236 -1
237 0
238 1
239 1
240 1
241 1
242 0
243 0
244 0
245 1
246 1
247 2
248 2
249 2
250 2
251 4
252 3
253 3
254 2
255 3
