0 1
1 1
2 1
3 0
4 0
5 1
6 -1
7 0
8 1
9 0
10 -1
11 0
12 1
13 0
14 0
15 -1
16 0
17 0
18 1
19 0
20 -2
21 -1
22 -1
23 -1
24 0
25 1
26 2
27 1
28 0
29 0
30 0
31 1
32 0
33 -1
34 -1
35 -1
36 -3
37 -2
38 -1
39 0
40 3
41 2
42 0
43 -1
44 -2
45 -2
46 -1
47 -1
48 0
49 0
50 -2
51 -1
52 -1
53 0
54 1
55 2
56 2
57 3
58 2
59 1
60 3
61 3
62 1
63 1
64 1
65 1
66 -1
67 -1
68 1
69 0
70 -1
71 -3
72 -3
73 -2
74 -1
75 2
76 2
77 1
78 1
79 1
80 0
81 -1
82 -1
83 -1
84 0
85 1
86 0
87 0
88 0
89 1
90 2
91 0
92 0
93 0
94 0
95 -2
96 -1
97 -1
98 0
99 -1
100 -3
101 -3
102 -2
103 -1
104 0
105 -1
106 0
107 0
108 0
109 0
110 1
111 1
112 1
113 0
114 -2
115 0
116 1
117 0
118 -1
119 0
120 0
121 -1
122 -2
123 1
124 0
125 2
126 0
127 1
128 -1
129 0
130 2
131 3
132 3
133 4
134 6
135 6
136 4
137 3
138 4
139 5
140 4
141 5
142 3
143 2
144 0
145 0
146 1
147 3
148 2
149 0
150 -1
151 -1
152 -3
153 -2
154 -1
155 0
156 -1
157 0
158 -1
159 -1
160 -1
161 -1
162 -1
163 0
164 0
165 0
166 0
167 -2
168 -3
169 -1
170 -2
171 -3
172 -3
173 -1
174 0
175 -2
176 -1
177 0
178 1
179 0
180 -1
181 -2
182 -1
183 -2
184 -2
185 0
186 1
187 1
188 2
189 1
190 0
191 0
192 -1
193 0
194 -1
195 0
196 1
197 -1
198 -1
199 0
200 1
201 0
202 -2
203 -2
204 -2
205 0
206 -2
207 -2
208 -4
209 -2
210 -2
211 -2
212 -1
213 -1
214 -2
215 -2
216 -1
217 -1
218 0
219 -1
220 0
221 0
222 0
223 0
224 1
225 0
226 0
227 1
228 1
229 0
230 0
231 0
232 -1
233 -1
234 0
235 -1
236 -1
237 0
238 -1
239 -1
240 -1
241 0
242 0
243 1
244 2
245 1
246 1
247 0
248 0
249 -1
250 -2
251 0
252 1
253 1
254 0
255 1
