0 -8
1 -9
2 -10
3 -9
4 -6
5 -7
6 -5
7 -3
8 -2
9 -5
10 -6
11 -8
12 -8
13 -7
14 -7
15 -6
16 -6
17 -6
18 -4
19 -3
20 -1
21 -1
22 -1
23 -1
24 -3
25 -3
26 -5
27 -6
28 -7
29 -7
30 -4
31 -3
32 -2
33 -1
34 -1
35 -3
36 -3
37 -3
38 -4
39 -2
40 -2
41 -1
42 0
43 -1
44 -3
45 -3
46 -2
47 0
48 0
49 -2
50 -2
51 -2
52 0
53 1
54 2
55 2
56 3
57 3
58 4
59 6
60 5
61 2
62 3
63 2
64 2
65 1
66 0
67 -3
68 -6
69 -6
70 -7
71 -3
72 -6
73 -3
74 -3
75 -2
76 -4
77 -5
78 -7
79 -7
80 -5
81 -6
82 -4
83 -3
84 -4
85 -3
86 -4
87 -3
88 -2
89 -4
90 -3
91 -4
92 -4
93 -5
94 -5
95 -7
96 -3
97 -2
98 -3
99 -2
100 -2
101 -1
102 -1
103 -2
104 -4
105 -4
106 -4
107 -1
108 3
109 3
110 2
111 2
112 3
113 1
114 0
115 0
116 -1
117 0
118 -1
119 0
120 0
121 -1
122 2
123 0
124 1
125 3
126 3
127 1
128 1
129 1
130 0
131 0
132 0
133 -2
134 0
135 0
136 -2
137 -3
138 -3
139 -3
140 -4
141 -5
142 -5
143 -4
144 -2
145 -1
146 -1
147 -2
148 -2
149 -2
150 -3
151 -2
152 -2
153 3
154 1
155 -3
156 -4
157 -3
158 1
159 -2
160 2
161 2
162 5
163 7
164 5
165 6
166 6
167 3
168 1
169 0
170 1
171 2
172 1
173 0
174 1
175 1
176 2
177 0
178 0
179 -1
180 -1
181 -2
182 -3
183 -1
184 -3
185 -5
186 -6
187 -9
188 -10
189 -12
190 -12
191 -11
192 -8
193 -6
194 -4
195 -5
196 -5
197 -6
198 -4
199 -6
200 -8
201 -7
202 -7
203 -5
204 -3
205 -6
206 -6
207 -8
208 -10
209 -10
210 -8
211 -7
212 -8
213 -9
214 -12
215 -16
216 -17
217 -16
218 -16
219 -17
220 -21
221 -21
222 -21
223 -22
224 -21
225 -19
226 -22
227 -21
228 -20
229 -20
230 -21
231 -19
232 -22
233 -21
234 -22
235 -23
236 -20
237 -18
238 -16
239 -16
240 -13
241 -14
242 -14
243 -14
244 -11
245 -14
246 -15
247 -14
248 -14
249 -14
250 -13
251 -14
252 -12
253 -12
254 -10
255 -9
