0 2
1 1
2 2
3 2
4 4
5 1
6 0
7 3
8 3
9 3
10 2
11 0
12 0
13 1
14 1
15 -1
16 1
17 -2
18 -4
19 -5
20 -4
21 -4
22 -3
23 -2
24 0
25 2
26 3
27 1
28 3
29 1
30 -1
31 -3
32 -4
33 -1
34 -1
35 0
36 1
37 0
38 -2
39 -1
40 -1
41 -2
42 -2
43 0
44 -2
45 -2
46 0
47 3
48 -1
49 0
50 1
51 0
52 1
53 -1
54 -1
55 0
56 -2
57 0
58 3
59 2
60 0
61 2
62 2
63 2
64 2
65 1
66 1
67 1
68 -2
69 1
70 1
71 0
72 2
73 2
74 1
75 0
76 0
77 -4
78 -4
79 -3
80 -2
81 -2
82 -3
83 -2
84 1
85 -1
86 -2
87 -2
88 -2
89 1
90 -1
91 -2
92 -1
93 0
94 1
95 0
96 1
97 1
98 0
99 0
100 1
101 1
102 0
103 -4
104 -5
105 -3
106 -2
107 -4
108 -2
109 -1
110 -2
111 -2
112 -2
113 0
114 -1
115 -3
116 -3
117 -2
118 -4
119 -2
120 -2
121 -1
122 -2
123 -1
124 0
125 -1
126 -1
127 2
128 0
129 1
130 0
131 0
132 0
133 0
134 -1
135 -1
136 2
137 3
138 2
139 3
140 3
141 3
142 2
143 3
144 1
145 2
146 5
147 5
148 5
149 4
150 0
151 0
152 -1
153 -3
154 -1
155 -1
156 -2
157 -2
158 -2
159 -2
160 0
161 -1
162 -2
163 0
164 -1
165 -1
166 0
167 -1
168 0
169 3
170 3
171 2
172 2
173 1
174 4
175 3
176 1
177 0
178 1
179 1
180 0
181 -1
182 -4
183 -1
184 -1
185 -1
186 2
187 0
188 0
189 0
190 1
191 0
192 1
193 0
194 -3
195 0
196 1
197 1
198 0
199 1
200 -1
201 -1
202 -3
203 -3
204 -1
205 -1
206 -1
207 -2
208 -1
209 -3
210 -1
211 0
212 0
213 1
214 1
215 1
216 2
217 4
218 3
219 0
220 -1
221 -3
222 -6
223 -5
224 -5
225 -5
226 -3
227 -1
228 0
229 -3
230 -4
231 -2
232 -3
233 -1
234 -1
235 2
236 0
237 1
238 0
239 2
240 2
241 4
242 6
243 4
244 4
245 4
246 3
247 5
248 3
249 1
250 0
251 0
252 0
253 2
254 2
255 2
