0 -5
1 -5
2 -5
3 -4
4 -4
5 -4
6 -4
7 -3
8 -3
9 -3
10 -2
11 -2
12 -3
13 -3
14 -4
15 -4
16 -3
17 -2
18 -3
19 -4
20 -4
21 -4
22 -4
23 -3
24 -3
25 -3
26 -2
27 -2
28 -1
29 -1
30 -1
31 -1
32 -1
33 -1
34 0
35 0
36 0
37 0
38 0
39 1
40 0
41 0
42 0
43 0
44 0
45 0
46 1
47 1
48 1
49 2
50 3
51 3
52 4
53 5
54 5
55 4
56 3
57 3
58 2
59 2
60 3
61 4
62 5
63 5
64 4
65 4
66 3
67 3
68 2
69 2
70 2
71 1
72 0
73 0
74 0
75 0
76 -1
77 -1
78 -2
79 -2
80 -1
81 -1
82 0
83 0
84 0
85 0
86 0
87 0
88 1
89 0
90 -1
91 0
92 0
93 0
94 -1
95 -2
96 -2
97 -2
98 -1
99 -1
100 -1
101 0
102 1
103 1
104 1
105 1
106 1
107 0
108 1
109 2
110 2
111 2
112 1
113 2
114 2
115 3
116 3
117 2
118 1
119 1
120 0
121 0
122 0
123 -1
124 -1
125 -1
126 -1
127 -1
128 -1
129 -1
130 -2
131 -2
132 -2
133 -2
134 -2
135 -2
136 -2
137 0
138 0
139 1
140 1
141 1
142 1
143 1
144 1
145 0
146 0
147 0
148 0
149 0
150 -1
151 -2
152 -2
153 -1
154 -1
155 -2
156 -2
157 -3
158 -3
159 -3
160 -3
161 -3
162 -3
163 -4
164 -4
165 -4
166 -3
167 -3
168 -3
169 -4
170 -4
171 -3
172 -3
173 -3
174 -3
175 -4
176 -4
177 -4
178 -4
179 -4
180 -4
181 -5
182 -5
183 -4
184 -3
185 -3
186 -2
187 -3
188 -1
189 -1
190 0
191 -1
192 -1
193 -1
194 -1
195 -1
196 -1
197 -2
198 -2
199 -2
200 -2
201 -3
202 -3
203 -3
204 -2
205 -2
206 -2
207 -2
208 -2
209 -2
210 -2
211 -2
212 -1
213 -2
214 -1
215 -1
216 0
217 -1
218 -1
219 -1
220 -1
221 -1
222 -1
223 -2
224 -2
225 -2
226 -2
227 -2
228 -3
229 -2
230 -3
231 -3
232 -3
233 -3
234 -4
235 -3
236 -3
237 -3
238 -3
239 -2
240 -2
241 -2
242 -3
243 -3
244 -3
245 -4
246 -3
247 -4
248 -3
249 -3
250 -3
251 -3
252 -3
253 -4
254 -5
255 -5
