0 2
1 3
2 3
3 1
4 -1
5 4
6 5
7 6
8 4
9 0
10 -3
11 -3
12 -1
13 -2
14 0
15 -1
16 -2
17 -1
18 -1
19 -1
20 -1
21 2
22 0
23 -2
24 -2
25 -2
26 1
27 -1
28 -5
29 -6
30 -5
31 -3
32 -2
33 -4
34 -3
35 -4
36 -4
37 -5
38 -3
39 -9
40 -8
41 -5
42 -4
43 -3
44 -6
45 -2
46 -1
47 -3
48 -5
49 -5
50 -2
51 -3
52 -2
53 -2
54 -1
55 0
56 -2
57 -5
58 -2
59 -4
60 -3
61 -2
62 -1
63 -2
64 1
65 0
66 0
67 1
68 0
69 -1
70 -2
71 -4
72 -4
73 -3
74 0
75 2
76 -1
77 1
78 0
79 -3
80 -3
81 -4
82 -2
83 0
84 1
85 0
86 2
87 0
88 0
89 -1
90 0
91 -1
92 -2
93 -4
94 -3
95 -2
96 -2
97 -1
98 -3
99 1
100 1
101 2
102 0
103 -1
104 -1
105 -1
106 0
107 -1
108 1
109 0
110 0
111 0
112 1
113 0
114 -1
115 -1
116 0
117 -3
118 -4
119 -6
120 -7
121 -6
122 -6
123 -6
124 -2
125 -1
126 -2
127 -1
128 -1
129 -3
130 -6
131 -4
132 -1
133 -1
134 0
135 3
136 2
137 2
138 0
139 -1
140 -3
141 -2
142 -1
143 0
144 -2
145 1
146 0
147 -3
148 0
149 -1
150 -2
151 -3
152 -4
153 -4
154 -4
155 -1
156 -1
157 -2
158 0
159 -1
160 -2
161 -2
162 -3
163 -4
164 -4
165 -2
166 -2
167 -2
168 -2
169 3
170 3
171 -2
172 -2
173 -3
174 -3
175 -3
176 -4
177 -6
178 -6
179 -6
180 -5
181 -4
182 -6
183 -6
184 -7
185 -2
186 -1
187 -3
188 -3
189 -2
190 -3
191 0
192 2
193 1
194 -1
195 -1
196 1
197 -1
198 -1
199 -1
200 0
201 0
202 0
203 1
204 -1
205 2
206 0
207 -2
208 -4
209 -2
210 0
211 2
212 1
213 0
214 1
215 1
216 4
217 3
218 1
219 1
220 1
221 1
222 1
223 1
224 1
225 2
226 1
227 1
228 1
229 3
230 2
231 2
232 2
233 2
234 1
235 2
236 0
237 0
238 0
239 -1
240 1
241 0
242 2
243 5
244 6
245 5
246 5
247 6
248 5
249 6
250 2
251 3
252 6
253 5
254 5
255 3
