0 11
1 13
2 11
3 11
4 9
5 12
6 11
7 9
8 9
9 12
10 12
11 13
12 10
13 10
14 9
15 10
16 6
17 5
18 6
19 10
20 8
21 9
22 9
23 8
24 10
25 9
26 7
27 8
28 7
29 6
30 7
31 5
32 5
33 4
34 3
35 4
36 8
37 8
38 10
39 11
40 10
41 10
42 9
43 8
44 9
45 10
46 13
47 13
48 14
49 13
50 13
51 13
52 15
53 15
54 13
55 10
56 8
57 8
58 8
59 9
60 9
61 9
62 8
63 5
64 7
65 7
66 6
67 3
68 5
69 5
70 7
71 8
72 8
73 9
74 9
75 6
76 8
77 8
78 7
79 7
80 7
81 8
82 8
83 8
84 8
85 8
86 9
87 6
88 7
89 6
90 4
91 4
92 4
93 4
94 4
95 5
96 5
97 7
98 7
99 8
100 10
101 10
102 7
103 7
104 7
105 3
106 2
107 0
108 3
109 4
110 7
111 7
112 9
113 9
114 9
115 9
116 8
117 6
118 2
119 1
120 -1
121 -2
122 -1
123 -1
124 -3
125 -4
126 -1
127 0
128 0
129 2
130 4
131 5
132 6
133 8
134 5
135 3
136 3
137 4
138 4
139 2
140 4
141 6
142 6
143 6
144 8
145 6
146 3
147 2
148 1
149 2
150 2
151 2
152 0
153 0
154 1
155 1
156 0
157 2
158 0
159 2
160 3
161 2
162 0
163 -1
164 -1
165 0
166 2
167 -1
168 1
169 2
170 3
171 2
172 2
173 3
174 2
175 2
176 5
177 6
178 9
179 12
180 12
181 11
182 11
183 12
184 10
185 8
186 9
187 10
188 7
189 7
190 6
191 8
192 8
193 8
194 7
195 5
196 3
197 1
198 -1
199 0
200 -1
201 1
202 0
203 -1
204 0
205 1
206 -1
207 1
208 -1
209 3
210 4
211 4
212 5
213 5
214 7
215 5
216 9
217 11
218 11
219 13
220 12
221 12
222 12
223 14
224 15
225 13
226 13
227 10
228 9
229 7
230 5
231 6
232 5
233 6
234 4
235 3
236 3
237 4
238 4
239 5
240 3
241 4
242 4
243 3
244 5
245 5
246 4
247 2
248 4
249 5
250 4
251 5
252 7
253 12
254 9
255 10
