0 3
1 3
2 3
3 1
4 3
5 3
6 4
7 4
8 6
9 6
10 5
11 6
12 7
13 6
14 5
15 7
16 5
17 4
18 4
19 5
20 5
21 8
22 6
23 4
24 5
25 4
26 2
27 3
28 2
29 3
30 1
31 1
32 2
33 2
34 2
35 0
36 -1
37 1
38 1
39 2
40 0
41 -2
42 -5
43 -6
44 -6
45 -6
46 -7
47 -7
48 -7
49 -9
50 -13
51 -14
52 -12
53 -14
54 -12
55 -12
56 -10
57 -11
58 -12
59 -10
60 -9
61 -7
62 -9
63 -8
64 -7
65 -8
66 -6
67 -5
68 -8
69 -9
70 -7
71 -6
72 -6
73 -5
74 -6
75 -9
76 -12
77 -13
78 -13
79 -12
80 -12
81 -10
82 -12
83 -13
84 -16
85 -20
86 -19
87 -18
88 -16
89 -15
90 -16
91 -15
92 -16
93 -13
94 -17
95 -16
96 -14
97 -15
98 -15
99 -15
100 -16
101 -17
102 -17
103 -17
104 -17
105 -13
106 -10
107 -9
108 -11
109 -10
110 -13
111 -12
112 -11
113 -11
114 -12
115 -11
116 -9
117 -11
118 -10
119 -9
120 -10
121 -9
122 -6
123 -2
124 -4
125 -2
126 -1
127 -1
128 0
129 0
130 -1
131 -3
132 -5
133 -1
134 2
135 3
136 2
137 2
138 0
139 0
140 2
141 2
142 -2
143 -4
144 -5
145 -5
146 -3
147 -2
148 -1
149 0
150 -2
151 -3
152 0
153 0
154 2
155 -1
156 1
157 -3
158 -3
159 -5
160 -6
161 -7
162 -5
163 -5
164 -6
165 -7
166 -6
167 -3
168 0
169 -1
170 -1
171 -3
172 -5
173 -6
174 -6
175 -5
176 -4
177 -3
178 -4
179 -3
180 -2
181 -2
182 -1
183 -2
184 -3
185 -3
186 -1
187 -1
188 1
189 1
190 1
191 0
192 0
193 -2
194 -3
195 -2
196 -1
197 -2
198 -2
199 -3
200 -6
201 -4
202 -3
203 -5
204 -4
205 0
206 2
207 3
208 3
209 3
210 3
211 3
212 3
213 -1
214 -3
215 -3
216 -4
217 -3
218 -4
219 -5
220 -3
221 -2
222 -1
223 -1
224 -2
225 -2
226 -3
227 -3
228 -1
229 0
230 -1
231 0
232 2
233 2
234 4
235 4
236 3
237 2
238 0
239 1
240 1
241 1
242 -2
243 -4
244 -4
245 -1
246 -1
247 -2
248 -4
249 -3
250 -4
251 -1
252 -1
253 1
254 0
255 1
