0 -10
1 -10
2 -8
3 -6
4 -5
5 -5
6 -5
7 -5
8 -2
9 1
10 3
11 4
12 2
13 2
14 3
15 4
16 4
17 2
18 4
19 3
20 0
21 -1
22 2
23 2
24 1
25 -1
26 -3
27 -3
28 -1
29 0
30 -4
31 -3
32 -2
33 -3
34 -3
35 -3
36 -3
37 -3
38 -1
39 -3
40 -4
41 -8
42 -8
43 -10
44 -10
45 -12
46 -12
47 -13
48 -13
49 -16
50 -16
51 -14
52 -13
53 -13
54 -13
55 -13
56 -14
57 -15
58 -12
59 -11
60 -14
61 -11
62 -9
63 -8
64 -6
65 -4
66 -4
67 -3
68 -3
69 -5
70 -4
71 -3
72 -3
73 -4
74 -3
75 -3
76 -4
77 -5
78 -6
79 -6
80 -5
81 -8
82 -8
83 -8
84 -9
85 -10
86 -9
87 -10
88 -9
89 -7
90 -9
91 -9
92 -6
93 -7
94 -6
95 -9
96 -10
97 -11
98 -11
99 -11
100 -11
101 -12
102 -12
103 -7
104 -10
105 -9
106 -9
107 -6
108 -4
109 -3
110 -1
111 -1
112 -2
113 -5
114 -7
115 -7
116 -7
117 -8
118 -6
119 -6
120 -6
121 -8
122 -7
123 -9
124 -8
125 -8
126 -12
127 -13
128 -13
129 -15
130 -14
131 -13
132 -16
133 -15
134 -14
135 -15
136 -15
137 -13
138 -14
139 -13
140 -11
141 -11
142 -11
143 -9
144 -9
145 -7
146 -7
147 -6
148 -4
149 -4
150 -5
151 -4
152 -5
153 -6
154 -5
155 -5
156 -3
157 -4
158 -6
159 -3
160 -1
161 -1
162 0
163 -1
164 2
165 2
166 2
167 4
168 2
169 1
170 1
171 5
172 6
173 4
174 5
175 5
176 4
177 1
178 2
179 2
180 4
181 5
182 2
183 3
184 3
185 1
186 4
187 2
188 2
189 2
190 1
191 1
192 0
193 2
194 2
195 0
196 -3
197 -3
198 -5
199 -2
200 -3
201 -1
202 -2
203 -5
204 -7
205 -7
206 -6
207 -8
208 -11
209 -11
210 -10
211 -9
212 -7
213 -8
214 -8
215 -9
216 -8
217 -6
218 -1
219 -3
220 -5
221 -4
222 -7
223 -6
224 -7
225 -8
226 -9
227 -8
228 -10
229 -12
230 -11
231 -9
232 -9
233 -9
234 -8
235 -8
236 -8
237 -8
238 -6
239 -9
240 -8
241 -6
242 -6
243 -6
244 -6
245 -9
246 -11
247 -14
248 -14
249 -15
250 -15
251 -15
252 -14
253 -14
254 -13
255 -9
