0 5
1 4
2 6
3 4
4 2
5 2
6 0
7 1
8 0
9 0
10 0
11 0
12 -1
13 0
14 2
15 4
16 2
17 1
18 4
19 3
20 2
21 1
22 4
23 3
24 2
25 2
26 3
27 5
28 5
29 4
30 4
31 1
32 1
33 2
34 1
35 0
36 0
37 0
38 1
39 2
40 2
41 1
42 -2
43 -4
44 -3
45 -4
46 -3
47 -5
48 -4
49 -4
50 -4
51 -5
52 -6
53 -4
54 -1
55 1
56 1
57 2
58 4
59 7
60 5
61 3
62 2
63 -1
64 1
65 -1
66 -2
67 -3
68 -2
69 -2
70 -2
71 -1
72 0
73 -2
74 -2
75 -2
76 -5
77 0
78 2
79 2
80 3
81 1
82 1
83 0
84 3
85 4
86 3
87 3
88 6
89 4
90 3
91 1
92 1
93 2
94 2
95 3
96 3
97 0
98 0
99 2
100 1
101 3
102 3
103 5
104 3
105 2
106 1
107 1
108 0
109 -1
110 0
111 1
112 -2
113 -2
114 -1
115 -3
116 -2
117 -2
118 0
119 -1
120 -2
121 -2
122 -3
123 -1
124 -2
125 -7
126 -5
127 -3
128 -3
129 -1
130 -2
131 -2
132 0
133 0
134 0
135 1
136 -1
137 2
138 2
139 3
140 5
141 5
142 2
143 3
144 5
145 4
146 6
147 5
148 2
149 3
150 1
151 0
152 -2
153 -2
154 3
155 1
156 2
157 2
158 0
159 1
160 1
161 3
162 1
163 0
164 2
165 -1
166 1
167 -1
168 -1
169 -3
170 -3
171 -2
172 -1
173 -1
174 -2
175 0
176 2
177 0
178 2
179 3
180 2
181 2
182 3
183 4
184 3
185 4
186 0
187 1
188 0
189 0
190 0
191 -3
192 -1
193 -1
194 1
195 0
196 2
197 0
198 -2
199 -3
200 -3
201 -5
202 -5
203 -5
204 -5
205 -3
206 -5
207 -5
208 -3
209 -1
210 1
211 3
212 2
213 0
214 1
215 2
216 2
217 1
218 -2
219 1
220 1
221 2
222 -1
223 -2
224 -4
225 0
226 0
227 -3
228 -3
229 -1
230 -1
231 -2
232 -1
233 -4
234 -5
235 -4
236 -4
237 -4
238 -2
239 -3
240 -5
241 -3
242 1
243 4
244 3
245 1
246 -1
247 1
248 0
249 0
250 0
251 0
252 -1
253 -1
254 0
255 2
