0 -4
1 -5
2 -4
3 -4
4 -4
5 -2
6 0
7 -1
8 -2
9 -2
10 -2
11 -3
12 -3
13 -4
14 -5
15 -5
16 -5
17 -3
18 -2
19 -4
20 -5
21 -5
22 -6
23 -6
24 -6
25 -6
26 -7
27 -6
28 -5
29 -4
30 -4
31 -3
32 -3
33 -3
34 -3
35 -4
36 -3
37 -3
38 -4
39 -4
40 -4
41 -5
42 -4
43 -2
44 -2
45 0
46 1
47 1
48 -2
49 -2
50 -1
51 -2
52 -3
53 -3
54 -3
55 -2
56 -3
57 -3
58 -3
59 -4
60 -1
61 1
62 0
63 0
64 2
65 1
66 0
67 1
68 1
69 1
70 0
71 -1
72 -1
73 -1
74 -1
75 -1
76 0
77 -1
78 -3
79 -4
80 -2
81 -3
82 -2
83 0
84 -4
85 -5
86 -6
87 -6
88 -4
89 -5
90 -4
91 -3
92 -2
93 -1
94 -2
95 -4
96 -4
97 -4
98 -6
99 -4
100 -3
101 -2
102 -2
103 -3
104 0
105 -1
106 -2
107 -1
108 -2
109 -3
110 -3
111 -4
112 -4
113 -5
114 -6
115 -6
116 -6
117 -5
118 -4
119 -4
120 -6
121 -6
122 -8
123 -9
124 -9
125 -10
126 -8
127 -7
128 -8
129 -8
130 -9
131 -8
132 -7
133 -10
134 -7
135 -7
136 -8
137 -7
138 -7
139 -7
140 -7
141 -6
142 -6
143 -6
144 -6
145 -5
146 -6
147 -6
148 -6
149 -5
150 -6
151 -5
152 -6
153 -5
154 -5
155 -2
156 -2
157 -4
158 -3
159 -3
160 -4
161 -3
162 -4
163 -2
164 0
165 -1
166 -4
167 -4
168 -3
169 -2
170 -1
171 -1
172 -1
173 1
174 0
175 1
176 0
177 -2
178 -2
179 -4
180 -2
181 -2
182 -3
183 -1
184 -1
185 -1
186 1
187 0
188 0
189 2
190 1
191 2
192 3
193 3
194 3
195 5
196 7
197 8
198 7
199 7
200 7
201 7
202 5
203 5
204 5
205 4
206 5
207 2
208 1
209 0
210 0
211 -2
212 -2
213 -2
214 -2
215 -2
216 -2
217 -2
218 -2
219 -1
220 1
221 2
222 4
223 4
224 4
225 5
226 4
227 3
228 3
229 3
230 4
231 2
232 0
233 -1
234 0
235 1
236 1
237 2
238 0
239 -2
240 -3
241 -7
242 -8
243 -8
244 -8
245 -8
246 -9
247 -8
248 -9
249 -9
250 -8
251 -7
252 -5
253 -6
254 -6
255 -6
