0 -8
1 -8
2 -7
3 -7
4 -8
5 -7
6 -7
7 -8
8 -10
9 -10
10 -10
11 -10
12 -11
13 -9
14 -10
15 -9
16 -10
17 -11
18 -13
19 -13
20 -12
21 -12
22 -13
23 -12
24 -14
25 -13
26 -13
27 -14
28 -15
29 -15
30 -14
31 -13
32 -15
33 -16
34 -17
35 -18
36 -17
37 -20
38 -22
39 -21
40 -20
41 -20
42 -18
43 -18
44 -18
45 -19
46 -17
47 -17
48 -15
49 -10
50 -10
51 -10
52 -8
53 -6
54 -5
55 -6
56 -5
57 -5
58 -5
59 -5
60 -7
61 -8
62 -9
63 -8
64 -8
65 -6
66 -6
67 -5
68 -5
69 -3
70 -4
71 -6
72 -8
73 -7
74 -6
75 -6
76 -7
77 -7
78 -8
79 -10
80 -10
81 -10
82 -10
83 -12
84 -14
85 -13
86 -13
87 -13
88 -14
89 -14
90 -12
91 -12
92 -12
93 -13
94 -11
95 -10
96 -11
97 -9
98 -8
99 -6
100 -6
101 -6
102 -9
103 -8
104 -5
105 -2
106 -1
107 -4
108 -4
109 -4
110 0
111 -1
112 1
113 0
114 1
115 3
116 3
117 4
118 4
119 5
120 6
121 6
122 6
123 9
124 8
125 8
126 7
127 8
128 7
129 8
130 8
131 8
132 9
133 8
134 6
135 7
136 2
137 3
138 3
139 3
140 1
141 2
142 2
143 4
144 5
145 4
146 6
147 8
148 9
149 6
150 5
151 6
152 6
153 4
154 4
155 4
156 2
157 -1
158 -1
159 -1
160 -2
161 -5
162 -5
163 -5
164 -6
165 -5
166 -6
167 -4
168 -6
169 -5
170 -5
171 -6
172 -6
173 -7
174 -7
175 -7
176 -8
177 -6
178 -4
179 -3
180 -1
181 -4
182 -3
183 -4
184 -1
185 -1
186 -1
187 -3
188 -4
189 -5
190 -5
191 -5
192 -7
193 -6
194 -7
195 -8
196 -6
197 -5
198 -6
199 -5
200 -6
201 -4
202 -3
203 -5
204 -5
205 -5
206 -6
207 -7
208 -5
209 -4
210 -4
211 -5
212 -4
213 -4
214 -4
215 -5
216 -7
217 -7
218 -7
219 -8
220 -9
221 -6
222 -6
223 -4
224 -4
225 -6
226 -7
227 -6
228 -6
229 -6
230 -4
231 -4
232 -3
233 -3
234 -5
235 -5
236 -6
237 -6
238 -5
239 -7
240 -6
241 -6
242 -4
243 -4
244 -5
245 -8
246 -9
247 -10
248 -9
249 -6
250 -5
251 -7
252 -7
253 -6
254 -8
255 -6
