0 -4
1 -3
2 -5
3 -7
4 -4
5 -2
6 -3
7 -5
8 -3
9 -4
10 -3
11 -6
12 -7
13 -7
14 -8
15 -9
16 -11
17 -11
18 -7
19 -8
20 -4
21 -3
22 -4
23 -4
24 -3
25 -4
26 -5
27 -6
28 -7
29 -5
30 -6
31 -3
32 -3
33 -2
34 -1
35 0
36 2
37 2
38 0
39 0
40 -2
41 -2
42 -4
43 -5
44 -5
45 -5
46 -6
47 -7
48 -5
49 -8
50 -6
51 -9
52 -9
53 -5
54 -5
55 -4
56 -3
57 0
58 0
59 -1
60 1
61 2
62 2
63 1
64 3
65 8
66 10
67 12
68 14
69 12
70 9
71 9
72 9
73 9
74 10
75 7
76 6
77 8
78 11
79 11
80 10
81 10
82 12
83 11
84 13
85 10
86 10
87 12
88 11
89 12
90 14
91 14
92 16
93 18
94 18
95 14
96 13
97 15
98 13
99 12
100 9
101 9
102 8
103 7
104 8
105 8
106 12
107 14
108 12
109 10
110 10
111 11
112 8
113 8
114 7
115 3
116 5
117 5
118 5
119 3
120 8
121 9
122 11
123 11
124 11
125 12
126 13
127 12
128 11
129 11
130 9
131 11
132 10
133 11
134 10
135 9
136 8
137 6
138 4
139 4
140 5
141 7
142 7
143 6
144 5
145 3
146 4
147 1
148 4
149 6
150 7
151 9
152 11
153 9
154 6
155 7
156 3
157 5
158 4
159 4
160 4
161 6
162 9
163 9
164 11
165 10
166 10
167 12
168 14
169 13
170 11
171 9
172 10
173 9
174 11
175 10
176 8
177 9
178 10
179 11
180 10
181 10
182 7
183 11
184 11
185 12
186 13
187 13
188 14
189 16
190 17
191 13
192 13
193 14
194 14
195 14
196 12
197 10
198 10
199 7
200 6
201 7
202 5
203 5
204 7
205 8
206 5
207 4
208 3
209 3
210 3
211 3
212 4
213 3
214 3
215 5
216 3
217 5
218 1
219 0
220 0
221 2
222 5
223 5
224 7
225 4
226 1
227 1
228 1
229 0
230 3
231 1
232 0
233 1
234 1
235 2
236 2
237 4
238 3
239 3
240 4
241 3
242 4
243 2
244 0
245 -1
246 -2
247 -3
248 -2
249 -4
250 -5
251 -3
252 -5
253 -1
254 0
255 0
