0 -6
1 -6
2 -5
3 -5
4 -3
5 -3
6 0
7 0
8 1
9 -2
10 -3
11 -2
12 -3
13 -6
14 -6
15 -4
16 0
17 -1
18 -1
19 -1
20 0
21 0
22 0
23 0
24 0
25 3
26 1
27 0
28 1
29 0
30 0
31 0
32 0
33 -2
34 0
35 -1
36 -2
37 -2
38 -2
39 -3
40 -2
41 -5
42 -2
43 -2
44 -2
45 -1
46 -2
47 0
48 -2
49 -1
50 -1
51 -2
52 1
53 1
54 0
55 0
56 0
57 -1
58 0
59 0
60 1
61 -3
62 -1
63 0
64 2
65 4
66 4
67 0
68 -2
69 -3
70 -2
71 -1
72 -2
73 0
74 -3
75 -2
76 -1
77 -2
78 2
79 0
80 0
81 -1
82 -4
83 -3
84 -1
85 -2
86 -2
87 -2
88 -1
89 -1
90 -2
91 -4
92 -5
93 -2
94 -1
95 -2
96 -2
97 -1
98 -4
99 -2
100 -2
101 -1
102 0
103 4
104 4
105 0
106 0
107 -2
108 1
109 3
110 3
111 2
112 -1
113 2
114 2
115 2
116 3
117 3
118 2
119 3
120 1
121 0
122 2
123 1
124 1
125 0
126 1
127 1
128 2
129 0
130 1
131 4
132 4
133 3
134 3
135 2
136 -3
137 -1
138 -3
139 0
140 1
141 1
142 2
143 1
144 1
145 3
146 4
147 2
148 0
149 0
150 0
151 -2
152 -3
153 -2
154 -1
155 -2
156 2
157 1
158 2
159 3
160 4
161 2
162 3
163 1
164 1
165 1
166 1
167 3
168 0
169 3
170 0
171 1
172 4
173 4
174 4
175 3
176 3
177 2
178 1
179 2
180 3
181 4
182 3
183 2
184 1
185 0
186 -2
187 0
188 3
189 3
190 3
191 2
192 3
193 0
194 -1
195 0
196 -1
197 -1
198 -4
199 -1
200 1
201 -1
202 1
203 1
204 2
205 1
206 0
207 1
208 1
209 0
210 1
211 1
212 -3
213 -4
214 -5
215 -4
216 -1
217 -1
218 -3
219 -2
220 -2
221 -2
222 1
223 -1
224 -2
225 -2
226 0
227 1
228 0
229 -2
230 0
231 0
232 -1
233 -1
234 1
235 -2
236 -2
237 0
238 1
239 1
240 2
241 2
242 -2
243 -3
244 -5
245 -5
246 -4
247 -2
248 0
249 0
250 -4
251 -4
252 -2
253 -2
254 -4
255 -3
