0 0
1 0
2 0
3 1
4 0
5 1
6 0
7 0
8 0
9 0
10 -1
11 -1
12 -1
13 -1
14 0
15 -1
16 1
17 2
18 1
19 1
20 3
21 2
22 1
23 1
24 -1
25 -1
26 0
27 1
28 0
29 1
30 1
31 1
32 1
33 1
34 1
35 1
36 0
37 1
38 2
39 0
40 0
41 0
42 -1
43 0
44 0
45 0
46 0
47 0
48 0
49 -1
50 -1
51 -1
52 1
53 1
54 0
55 0
56 1
57 0
58 0
59 0
60 0
61 0
62 1
63 1
64 0
65 0
66 -1
67 -2
68 -1
69 0
70 0
71 -1
72 0
73 0
74 1
75 -1
76 0
77 0
78 -1
79 -1
80 1
81 2
82 2
83 1
84 -1
85 -1
86 -1
87 -2
88 -2
89 -1
90 0
91 0
92 1
93 0
94 1
95 1
96 0
97 -2
98 -2
99 -1
100 -1
101 0
102 0
103 -1
104 -1
105 -1
106 0
107 0
108 -1
109 -2
110 -1
111 -1
112 -1
113 -1
114 -1
115 -1
116 0
117 -1
118 -1
119 0
120 1
121 0
122 -1
123 -1
124 1
125 1
126 0
127 0
128 1
129 1
130 -1
131 -1
132 -1
133 -1
134 0
135 -1
136 0
137 -1
138 0
139 -1
140 0
141 -1
142 0
143 0
144 -1
145 -1
146 1
147 -1
148 0
149 0
150 0
151 0
152 1
153 1
154 1
155 2
156 3
157 2
158 1
159 0
160 0
161 -1
162 -1
163 1
164 0
165 -1
166 -1
167 -1
168 -1
169 0
170 1
171 1
172 0
173 -1
174 -2
175 0
176 0
177 1
178 2
179 2
180 1
181 -1
182 -1
183 -2
184 -2
185 -2
186 -1
187 -3
188 -2
189 -3
190 -1
191 -2
192 -2
193 -1
194 0
195 0
196 -1
197 0
198 0
199 0
200 0
201 1
202 -1
203 0
204 0
205 -2
206 -2
207 -1
208 1
209 1
210 2
211 0
212 -1
213 0
214 1
215 1
216 0
217 1
218 2
219 3
220 1
221 1
222 -1
223 0
224 1
225 1
226 2
227 3
228 3
229 1
230 1
231 1
232 0
233 0
234 1
235 1
236 1
237 0
238 0
239 1
240 2
241 0
242 0
243 0
244 1
245 0
246 0
247 1
248 1
249 1
250 0
251 0
252 0
253 0
254 0
255 0
