0 11
1 15
2 14
3 12
4 12
5 12
6 13
7 11
8 7
9 7
10 2
11 3
12 5
13 7
14 9
15 6
16 8
17 9
18 10
19 11
20 13
21 10
22 11
23 12
24 12
25 11
26 11
27 10
28 13
29 16
30 22
31 25
32 25
33 20
34 22
35 24
36 21
37 22
38 21
39 24
40 23
41 23
42 20
43 18
44 17
45 18
46 20
47 20
48 19
49 21
50 20
51 21
52 18
53 16
54 13
55 13
56 12
57 13
58 16
59 17
60 12
61 13
62 11
63 8
64 8
65 8
66 10
67 7
68 8
69 8
70 7
71 10
72 12
73 17
74 17
75 18
76 19
77 20
78 17
79 15
80 16
81 18
82 17
83 21
84 21
85 19
86 17
87 17
88 15
89 18
90 16
91 17
92 17
93 19
94 18
95 15
96 11
97 9
98 10
99 11
100 10
101 10
102 11
103 11
104 12
105 8
106 6
107 6
108 5
109 5
110 4
111 1
112 -3
113 -2
114 -4
115 -1
116 -1
117 2
118 4
119 5
120 4
121 3
122 4
123 4
124 3
125 2
126 3
127 5
128 5
129 3
130 4
131 5
132 6
133 5
134 7
135 6
136 7
137 8
138 9
139 9
140 8
141 7
142 10
143 8
144 8
145 7
146 4
147 6
148 6
149 2
150 1
151 1
152 1
153 0
154 1
155 1
156 -1
157 0
158 -1
159 2
160 1
161 0
162 1
163 1
164 -1
165 -2
166 -3
167 1
168 2
169 2
170 1
171 -2
172 -5
173 -7
174 -6
175 -5
176 -2
177 0
178 1
179 1
180 2
181 2
182 -2
183 -4
184 -4
185 -2
186 -2
187 -2
188 -3
189 -3
190 0
191 2
192 5
193 7
194 9
195 9
196 12
197 12
198 13
199 16
200 17
201 19
202 23
203 25
204 22
205 23
206 19
207 18
208 17
209 16
210 12
211 10
212 11
213 9
214 10
215 11
216 13
217 11
218 11
219 9
220 9
221 10
222 13
223 10
224 11
225 10
226 7
227 7
228 8
229 9
230 6
231 7
232 8
233 10
234 10
235 9
236 11
237 12
238 11
239 14
240 15
241 13
242 12
243 9
244 11
245 11
246 11
247 14
248 11
249 11
250 12
251 9
252 7
253 8
254 9
255 9
