0 -7
1 -4
2 -2
3 -4
4 -4
5 -4
6 -4
7 -4
8 -4
9 -3
10 -4
11 -3
12 -2
13 -5
14 -5
15 -4
16 -4
17 -3
18 -4
19 -4
20 -4
21 -3
22 -4
23 -5
24 -6
25 -6
26 -6
27 -5
28 -5
29 -6
30 -5
31 -5
32 -5
33 -5
34 -5
35 -4
36 -3
37 -2
38 -3
39 -2
40 0
41 2
42 3
43 3
44 0
45 0
46 1
47 1
48 3
49 1
50 1
51 2
52 0
53 -1
54 0
55 0
56 1
57 3
58 1
59 1
60 2
61 1
62 1
63 1
64 0
65 3
66 1
67 1
68 0
69 3
70 3
71 4
72 3
73 4
74 6
75 8
76 8
77 8
78 10
79 6
80 4
81 4
82 2
83 4
84 2
85 3
86 4
87 3
88 3
89 4
90 7
91 6
92 5
93 6
94 7
95 7
96 4
97 4
98 3
99 2
100 3
101 3
102 3
103 3
104 3
105 2
106 1
107 3
108 1
109 2
110 3
111 2
112 4
113 3
114 4
115 4
116 4
117 3
118 1
119 2
120 2
121 1
122 1
123 0
124 -1
125 0
126 0
127 0
128 -2
129 -1
130 1
131 0
132 0
133 0
134 -1
135 -1
136 -1
137 -1
138 0
139 0
140 0
141 1
142 -1
143 -3
144 -3
145 -3
146 -2
147 -1
148 1
149 -2
150 -4
151 -6
152 -5
153 -3
154 -3
155 -4
156 -5
157 -4
158 -4
159 -4
160 -1
161 0
162 0
163 0
164 3
165 3
166 5
167 6
168 7
169 9
170 6
171 8
172 8
173 9
174 6
175 8
176 8
177 5
178 4
179 4
180 7
181 6
182 7
183 8
184 7
185 8
186 6
187 4
188 4
189 3
190 4
191 2
192 1
193 0
194 1
195 1
196 -1
197 0
198 1
199 2
200 0
201 0
202 0
203 1
204 2
205 2
206 3
207 1
208 2
209 2
210 3
211 3
212 1
213 0
214 -1
215 0
216 0
217 0
218 2
219 2
220 -1
221 -1
222 1
223 2
224 0
225 1
226 1
227 0
228 0
229 1
230 2
231 1
232 2
233 0
234 0
235 1
236 2
237 3
238 2
239 1
240 1
241 1
242 -1
243 0
244 3
245 2
246 2
247 0
248 -1
249 -2
250 -3
251 -6
252 -8
253 -8
254 -7
255 -6
