0 3
1 2
2 0
3 0
4 -2
5 0
6 -2
7 -1
8 0
9 1
10 2
11 -2
12 -4
13 -5
14 -6
15 -7
16 -7
17 -7
18 -5
19 -4
20 -4
21 -4
22 -3
23 -5
24 -5
25 -5
26 -3
27 -4
28 -3
29 -5
30 -5
31 -5
32 -5
33 -3
34 -1
35 1
36 1
37 4
38 4
39 6
40 6
41 5
42 5
43 1
44 -1
45 -2
46 -1
47 -1
48 1
49 1
50 0
51 1
52 -1
53 -3
54 0
55 0
56 0
57 2
58 2
59 3
60 5
61 3
62 1
63 2
64 3
65 5
66 4
67 4
68 2
69 2
70 3
71 2
72 2
73 3
74 3
75 -1
76 -1
77 -1
78 -2
79 -1
80 1
81 3
82 5
83 5
84 5
85 3
86 2
87 2
88 -1
89 1
90 0
91 2
92 3
93 4
94 3
95 0
96 -2
97 -5
98 -5
99 -6
100 -5
101 -5
102 -5
103 -6
104 -7
105 -9
106 -10
107 -10
108 -8
109 -9
110 -9
111 -9
112 -8
113 -6
114 -7
115 -6
116 -4
117 -4
118 -5
119 -5
120 -6
121 -4
122 -3
123 -2
124 -2
125 -4
126 -4
127 -3
128 -3
129 -5
130 -4
131 -5
132 -3
133 -2
134 -2
135 -2
136 -2
137 -3
138 -2
139 -2
140 -3
141 0
142 -1
143 2
144 3
145 3
146 5
147 3
148 3
149 2
150 3
151 5
152 3
153 3
154 4
155 2
156 2
157 0
158 1
159 0
160 0
161 2
162 1
163 1
164 0
165 0
166 -1
167 2
168 4
169 4
170 2
171 4
172 5
173 6
174 4
175 6
176 6
177 6
178 6
179 8
180 9
181 11
182 13
183 13
184 13
185 13
186 13
187 16
188 15
189 17
190 21
191 21
192 21
193 21
194 23
195 23
196 22
197 21
198 21
199 23
200 25
201 23
202 21
203 21
204 24
205 22
206 20
207 20
208 20
209 21
210 18
211 19
212 16
213 13
214 17
215 17
216 18
217 14
218 12
219 11
220 9
221 8
222 9
223 8
224 7
225 8
226 10
227 8
228 8
229 7
230 5
231 6
232 6
233 6
234 8
235 8
236 8
237 9
238 9
239 9
240 7
241 10
242 8
243 7
244 9
245 5
246 4
247 5
248 2
249 3
250 5
251 5
252 5
253 5
254 3
255 3
