0 1
1 -2
2 -3
3 1
4 2
5 2
6 1
7 1
8 0
9 0
10 2
11 1
12 -1
13 0
14 -1
15 -2
16 -2
17 1
18 1
19 4
20 4
21 3
22 3
23 1
24 0
25 -2
26 1
27 1
28 0
29 -2
30 0
31 1
32 3
33 6
34 5
35 4
36 3
37 1
38 2
39 3
40 2
41 1
42 -1
43 -2
44 -2
45 -3
46 -3
47 -3
48 -1
49 -2
50 -2
51 0
52 -1
53 0
54 0
55 -2
56 -1
57 -1
58 1
59 -1
60 -1
61 -1
62 2
63 0
64 0
65 0
66 0
67 -4
68 -7
69 -6
70 -3
71 -3
72 -1
73 0
74 0
75 0
76 0
77 2
78 2
79 1
80 2
81 5
82 7
83 7
84 6
85 3
86 7
87 5
88 2
89 -2
90 -1
91 -3
92 -1
93 -2
94 -1
95 1
96 1
97 3
98 1
99 1
100 1
101 0
102 -1
103 -1
104 -3
105 -4
106 -2
107 -4
108 -1
109 3
110 1
111 -2
112 -3
113 0
114 1
115 1
116 0
117 -2
118 -2
119 0
120 1
121 0
122 -1
123 -1
124 -3
125 -3
126 -1
127 -3
128 -4
129 -1
130 0
131 0
132 -3
133 -1
134 -1
135 0
136 -2
137 -1
138 -2
139 -2
140 -4
141 -4
142 -4
143 -4
144 -3
145 -2
146 -2
147 -1
148 -3
149 -4
150 -3
151 -4
152 -2
153 -3
154 -6
155 -6
156 -7
157 -7
158 -4
159 -3
160 -1
161 1
162 1
163 -2
164 -2
165 -2
166 -4
167 -1
168 -5
169 -5
170 -4
171 -2
172 -2
173 0
174 2
175 2
176 4
177 3
178 0
179 0
180 0
181 -5
182 -3
183 -4
184 -2
185 0
186 -1
187 -1
188 -1
189 -1
190 -2
191 -2
192 -3
193 -3
194 -1
195 1
196 -2
197 -3
198 -1
199 -3
200 -5
201 -7
202 -7
203 -8
204 -7
205 -5
206 -4
207 -3
208 -1
209 -2
210 -2
211 -1
212 -2
213 -2
214 1
215 2
216 2
217 3
218 1
219 3
220 2
221 2
222 1
223 -1
224 -1
225 0
226 0
227 0
228 -2
229 -1
230 -1
231 0
232 1
233 2
234 2
235 4
236 3
237 1
238 2
239 2
240 -2
241 -1
242 -1
243 -2
244 1
245 -1
246 -1
247 -1
248 -3
249 -4
250 -1
251 2
252 3
253 0
254 0
255 0
