0 -1
1 -1
2 -1
3 0
4 0
5 2
6 2
7 3
8 3
9 -1
10 -4
11 -3
12 -2
13 0
14 1
15 -1
16 -2
17 -1
18 -1
19 -2
20 1
21 -1
22 1
23 2
24 0
25 1
26 1
27 -1
28 -4
29 1
30 0
31 -3
32 -2
33 -2
34 -3
35 -1
36 -4
37 -3
38 -2
39 -1
40 -6
41 -6
42 -8
43 -5
44 -3
45 -3
46 -1
47 -2
48 0
49 0
50 0
51 -1
52 -1
53 -4
54 -4
55 -3
56 -3
57 -6
58 -5
59 -3
60 0
61 1
62 2
63 1
64 0
65 -1
66 -3
67 -5
68 -6
69 -9
70 -6
71 -3
72 -5
73 -3
74 -2
75 0
76 -1
77 2
78 1
79 0
80 0
81 1
82 -1
83 -1
84 1
85 -1
86 0
87 1
88 3
89 2
90 2
91 2
92 1
93 2
94 0
95 2
96 1
97 1
98 0
99 -2
100 0
101 3
102 2
103 3
104 4
105 1
106 0
107 -2
108 -3
109 -5
110 -5
111 -2
112 -2
113 -1
114 0
115 0
116 0
117 -2
118 0
119 -2
120 -3
121 -2
122 -1
123 -1
124 1
125 2
126 2
127 -1
128 -2
129 -3
130 -6
131 -4
132 -2
133 -4
134 -1
135 1
136 -2
137 -2
138 -2
139 -1
140 0
141 0
142 1
143 3
144 3
145 3
146 2
147 6
148 7
149 3
150 4
151 4
152 0
153 -1
154 -2
155 1
156 0
157 1
158 2
159 1
160 1
161 2
162 2
163 1
164 0
165 3
166 0
167 -2
168 1
169 0
170 -2
171 0
172 -1
173 -2
174 -2
175 -2
176 -1
177 1
178 3
179 1
180 3
181 3
182 1
183 1
184 -1
185 -2
186 0
187 0
188 -2
189 -2
190 1
191 0
192 -3
193 -1
194 -1
195 3
196 1
197 2
198 -1
199 -2
200 -4
201 0
202 3
203 0
204 -2
205 2
206 2
207 4
208 3
209 4
210 2
211 4
212 5
213 2
214 2
215 4
216 3
217 4
218 1
219 -2
220 -1
221 -3
222 -2
223 -1
224 -1
225 1
226 2
227 -1
228 1
229 -2
230 0
231 1
232 2
233 4
234 4
235 4
236 3
237 0
238 2
239 1
240 1
241 0
242 1
243 -3
244 -5
245 -3
246 -3
247 -4
248 -3
249 -4
250 0
251 5
252 4
253 2
254 0
255 -1
