0 2
1 6
2 6
3 9
4 9
5 7
6 8
7 8
8 8
9 8
10 9
11 9
12 11
13 11
14 11
15 9
16 8
17 8
18 11
19 11
20 13
21 15
22 14
23 15
24 15
25 13
26 14
27 15
28 16
29 19
30 20
31 19
32 19
33 18
34 17
35 18
36 17
37 17
38 19
39 19
40 20
41 22
42 19
43 17
44 18
45 19
46 18
47 19
48 18
49 19
50 20
51 20
52 22
53 22
54 21
55 22
56 20
57 20
58 22
59 22
60 18
61 18
62 19
63 19
64 19
65 19
66 17
67 16
68 18
69 19
70 16
71 18
72 18
73 18
74 19
75 17
76 16
77 18
78 16
79 15
80 14
81 15
82 15
83 14
84 13
85 14
86 14
87 12
88 15
89 14
90 16
91 17
92 18
93 18
94 16
95 17
96 18
97 17
98 16
99 17
100 15
101 13
102 14
103 11
104 12
105 14
106 16
107 14
108 16
109 15
110 16
111 13
112 11
113 12
114 12
115 11
116 9
117 8
118 9
119 11
120 14
121 15
122 14
123 12
124 9
125 11
126 13
127 10
128 8
129 9
130 8
131 7
132 4
133 5
134 6
135 7
136 6
137 3
138 1
139 0
140 1
141 0
142 -2
143 -3
144 -3
145 -1
146 0
147 2
148 2
149 4
150 2
151 4
152 2
153 3
154 4
155 6
156 4
157 1
158 0
159 -1
160 -1
161 -1
162 -1
163 0
164 0
165 2
166 2
167 5
168 4
169 4
170 4
171 3
172 2
173 1
174 0
175 -1
176 0
177 0
178 1
179 2
180 1
181 2
182 2
183 1
184 0
185 2
186 3
187 1
188 4
189 6
190 7
191 7
192 6
193 4
194 4
195 3
196 5
197 7
198 7
199 5
200 6
201 6
202 4
203 6
204 6
205 7
206 10
207 10
208 10
209 9
210 11
211 10
212 10
213 10
214 10
215 10
216 9
217 8
218 8
219 6
220 5
221 8
222 8
223 6
224 5
225 6
226 6
227 5
228 5
229 5
230 4
231 3
232 3
233 3
234 4
235 4
236 4
237 8
238 7
239 7
240 6
241 7
242 8
243 8
244 7
245 7
246 6
247 6
248 6
249 6
250 4
251 5
252 4
253 5
254 4
255 3
