0 6
1 3
2 6
3 5
4 4
5 5
6 4
7 4
8 0
9 2
10 0
11 -3
12 -1
13 -1
14 -1
15 -1
16 0
17 -2
18 -2
19 0
20 -1
21 -1
22 1
23 1
24 0
25 -1
26 -1
27 -2
28 -2
29 -1
30 -1
31 0
32 0
33 1
34 -4
35 -4
36 -3
37 -1
38 -3
39 -4
40 0
41 -2
42 -3
43 0
44 0
45 -1
46 -1
47 -1
48 -5
49 -6
50 -4
51 -3
52 -5
53 -3
54 -1
55 0
56 2
57 -1
58 -1
59 -2
60 -1
61 -2
62 -1
63 0
64 0
65 1
66 0
67 -2
68 1
69 -4
70 -3
71 -1
72 0
73 0
74 0
75 0
76 -3
77 -3
78 -5
79 -3
80 -4
81 -1
82 -2
83 -1
84 0
85 1
86 3
87 1
88 2
89 -2
90 -1
91 -1
92 -2
93 -1
94 -1
95 0
96 0
97 0
98 -1
99 0
100 0
101 1
102 1
103 0
104 0
105 0
106 1
107 0
108 0
109 -2
110 -3
111 -4
112 -5
113 -2
114 0
115 1
116 -4
117 -3
118 -5
119 -5
120 -3
121 -1
122 0
123 -1
124 -2
125 -1
126 0
127 -1
128 -1
129 0
130 0
131 -2
132 0
133 1
134 1
135 1
136 2
137 -1
138 -1
139 -1
140 0
141 0
142 0
143 0
144 -1
145 2
146 -2
147 -3
148 -2
149 0
150 -1
151 -3
152 -3
153 -2
154 -1
155 0
156 0
157 1
158 0
159 -2
160 -1
161 -3
162 -3
163 -1
164 1
165 0
166 0
167 0
168 0
169 0
170 1
171 0
172 0
173 -2
174 -2
175 -3
176 -2
177 -4
178 -4
179 -1
180 0
181 2
182 1
183 1
184 0
185 2
186 2
187 2
188 2
189 2
190 -2
191 -1
192 -1
193 0
194 -1
195 1
196 0
197 -1
198 2
199 2
200 1
201 -1
202 -3
203 -3
204 0
205 -1
206 3
207 2
208 3
209 3
210 1
211 2
212 2
213 3
214 3
215 1
216 0
217 0
218 1
219 1
220 2
221 1
222 4
223 4
224 4
225 6
226 4
227 1
228 0
229 1
230 3
231 3
232 0
233 -1
234 0
235 -1
236 0
237 1
238 2
239 1
240 3
241 3
242 1
243 4
244 2
245 2
246 2
247 6
248 4
249 4
250 5
251 6
252 4
253 6
254 7
255 7
