0 -1
1 -2
2 0
3 3
4 3
5 2
6 1
7 2
8 3
9 2
10 3
11 5
12 6
13 4
14 5
15 5
16 6
17 6
18 7
19 6
20 4
21 4
22 4
23 6
24 6
25 6
26 5
27 4
28 5
29 5
30 5
31 5
32 4
33 3
34 3
35 4
36 3
37 4
38 3
39 4
40 4
41 4
42 3
43 2
44 2
45 0
46 -1
47 -1
48 0
49 0
50 1
51 1
52 1
53 2
54 2
55 2
56 1
57 1
58 2
59 3
60 3
61 2
62 1
63 1
64 1
65 2
66 1
67 -1
68 -1
69 -2
70 -1
71 -2
72 -1
73 0
74 0
75 -1
76 -1
77 1
78 2
79 1
80 1
81 1
82 2
83 1
84 0
85 3
86 3
87 2
88 0
89 2
90 2
91 0
92 -1
93 -1
94 -2
95 -2
96 -2
97 -1
98 0
99 0
100 1
101 -1
102 0
103 0
104 0
105 -1
106 2
107 1
108 1
109 0
110 1
111 0
112 0
113 0
114 0
115 2
116 2
117 1
118 1
119 1
120 1
121 -1
122 -2
123 -3
124 -3
125 -4
126 -4
127 -5
128 -5
129 -6
130 -7
131 -6
132 -6
133 -5
134 -3
135 -3
136 -4
137 -5
138 -5
139 -5
140 -4
141 -4
142 -6
143 -6
144 -6
145 -6
146 -6
147 -5
148 -5
149 -4
150 -2
151 -2
152 -2
153 -2
154 -4
155 -3
156 -3
157 -4
158 -4
159 -6
160 -6
161 -6
162 -5
163 -5
164 -6
165 -5
166 -5
167 -3
168 -3
169 -4
170 -3
171 -3
172 -4
173 -4
174 -4
175 -3
176 -3
177 -3
178 -4
179 -4
180 -5
181 -5
182 -5
183 -5
184 -5
185 -4
186 -3
187 -2
188 -2
189 0
190 -1
191 -1
192 -2
193 -1
194 -2
195 -1
196 0
197 1
198 0
199 0
200 -1
201 0
202 1
203 1
204 2
205 1
206 0
207 1
208 2
209 2
210 3
211 4
212 4
213 4
214 3
215 3
216 4
217 4
218 3
219 3
220 4
221 4
222 3
223 2
224 2
225 1
226 1
227 0
228 1
229 2
230 2
231 3
232 2
233 1
234 -2
235 -2
236 -2
237 -3
238 -4
239 -3
240 -2
241 -2
242 -3
243 -3
244 -4
245 -4
246 -2
247 -1
248 -1
249 0
250 -1
251 -1
252 -2
253 -1
254 -1
255 -1
