0 1
1 -1
2 1
3 1
4 1
5 -2
6 -1
7 -1
8 -1
9 0
10 1
11 1
12 1
13 0
14 2
15 2
16 1
17 1
18 1
19 3
20 3
21 1
22 0
23 -3
24 -4
25 -6
26 -4
27 -3
28 -2
29 -2
30 -2
31 -1
32 3
33 1
34 0
35 1
36 0
37 -2
38 0
39 0
40 2
41 2
42 2
43 2
44 2
45 1
46 -1
47 2
48 -1
49 0
50 1
51 1
52 2
53 2
54 1
55 -1
56 0
57 0
58 3
59 2
60 0
61 3
62 3
63 1
64 -1
65 -2
66 -3
67 -2
68 -2
69 -3
70 -2
71 -3
72 -4
73 -5
74 -5
75 -3
76 -2
77 -1
78 -2
79 -4
80 -3
81 -2
82 -1
83 -2
84 -1
85 -1
86 -1
87 -2
88 -2
89 -3
90 -3
91 -1
92 -1
93 -1
94 0
95 -2
96 -3
97 -1
98 0
99 0
100 -1
101 0
102 1
103 1
104 -2
105 -1
106 0
107 1
108 1
109 1
110 0
111 0
112 0
113 1
114 1
115 1
116 1
117 3
118 0
119 0
120 -1
121 -1
122 -3
123 0
124 -1
125 -1
126 1
127 0
128 -1
129 0
130 -1
131 0
132 0
133 -1
134 -4
135 -4
136 -1
137 -2
138 1
139 2
140 2
141 3
142 1
143 -1
144 -1
145 -2
146 -2
147 -1
148 1
149 3
150 1
151 0
152 0
153 3
154 4
155 5
156 4
157 1
158 1
159 0
160 2
161 -1
162 -2
163 0
164 2
165 -1
166 -1
167 0
168 1
169 1
170 -1
171 0
172 -1
173 0
174 -1
175 2
176 1
177 1
178 1
179 1
180 -1
181 -4
182 -3
183 -2
184 0
185 1
186 2
187 3
188 2
189 2
190 0
191 3
192 2
193 0
194 -1
195 0
196 -1
197 0
198 0
199 -1
200 3
201 2
202 1
203 0
204 1
205 2
206 2
207 3
208 1
209 1
210 4
211 3
212 1
213 -2
214 -1
215 1
216 1
217 -1
218 3
219 1
220 0
221 0
222 1
223 0
224 0
225 -1
226 -2
227 0
228 2
229 4
230 0
231 2
232 3
233 2
234 1
235 -2
236 -1
237 -2
238 2
239 0
240 -1
241 0
242 1
243 3
244 1
245 2
246 1
247 3
248 2
249 2
250 -1
251 -1
252 -1
253 2
254 1
255 0
