0 -3
1 -2
2 -4
3 -4
4 -4
5 -8
6 -9
7 -10
8 -11
9 -12
10 -11
11 -11
12 -12
13 -12
14 -12
15 -12
16 -11
17 -10
18 -9
19 -6
20 -7
21 -7
22 -8
23 -7
24 -7
25 -8
26 -7
27 -5
28 -8
29 -8
30 -10
31 -11
32 -11
33 -13
34 -12
35 -12
36 -10
37 -8
38 -8
39 -7
40 -5
41 -7
42 -7
43 -7
44 -6
45 -5
46 -5
47 -5
48 -4
49 -2
50 -5
51 -8
52 -9
53 -9
54 -10
55 -8
56 -6
57 -6
58 -6
59 -6
60 -6
61 -8
62 -8
63 -10
64 -10
65 -9
66 -11
67 -11
68 -11
69 -11
70 -11
71 -13
72 -12
73 -14
74 -16
75 -15
76 -16
77 -17
78 -17
79 -17
80 -17
81 -17
82 -17
83 -18
84 -16
85 -17
86 -19
87 -18
88 -17
89 -14
90 -13
91 -13
92 -14
93 -14
94 -13
95 -12
96 -10
97 -9
98 -10
99 -10
100 -10
101 -8
102 -9
103 -7
104 -10
105 -11
106 -9
107 -7
108 -6
109 -5
110 -7
111 -7
112 -7
113 -5
114 -4
115 -3
116 -1
117 -1
118 1
119 5
120 4
121 4
122 5
123 7
124 8
125 8
126 10
127 8
128 8
129 10
130 10
131 10
132 9
133 9
134 9
135 9
136 7
137 8
138 8
139 8
140 7
141 7
142 6
143 3
144 3
145 3
146 0
147 1
148 -1
149 -1
150 -1
151 0
152 0
153 -1
154 -2
155 -1
156 -2
157 -2
158 0
159 -1
160 -1
161 -1
162 -1
163 0
164 0
165 0
166 0
167 1
168 1
169 3
170 4
171 4
172 2
173 2
174 0
175 -1
176 -3
177 -3
178 -3
179 -4
180 -2
181 -2
182 -2
183 -2
184 0
185 1
186 1
187 1
188 -1
189 0
190 1
191 1
192 2
193 2
194 2
195 2
196 2
197 3
198 2
199 2
200 0
201 1
202 0
203 2
204 0
205 -1
206 0
207 -1
208 -1
209 -1
210 -1
211 -2
212 -3
213 -4
214 -3
215 -2
216 -2
217 -1
218 -1
219 -2
220 -1
221 -2
222 -1
223 1
224 1
225 -2
226 -3
227 -1
228 1
229 1
230 1
231 1
232 2
233 2
234 2
235 2
236 3
237 0
238 -1
239 -1
240 -1
241 -1
242 1
243 3
244 5
245 3
246 2
247 3
248 0
249 -1
250 -1
251 -3
252 -1
253 -1
254 -3
255 -3
