0 10
1 12
2 12
3 11
4 9
5 9
6 9
7 5
8 5
9 5
10 6
11 6
12 5
13 7
14 5
15 5
16 2
17 -1
18 0
19 2
20 4
21 4
22 3
23 1
24 -1
25 -5
26 -3
27 -2
28 -2
29 -3
30 -3
31 -2
32 -1
33 -1
34 -2
35 -2
36 -1
37 -2
38 -2
39 2
40 0
41 1
42 4
43 4
44 4
45 6
46 7
47 6
48 3
49 6
50 5
51 9
52 9
53 9
54 10
55 12
56 12
57 11
58 11
59 8
60 10
61 10
62 7
63 9
64 8
65 7
66 7
67 4
68 0
69 0
70 -1
71 -1
72 -2
73 -3
74 -2
75 -3
76 -2
77 -3
78 -1
79 0
80 1
81 -2
82 1
83 1
84 2
85 1
86 3
87 4
88 5
89 9
90 8
91 9
92 8
93 8
94 8
95 9
96 7
97 7
98 7
99 5
100 8
101 10
102 11
103 12
104 12
105 14
106 9
107 9
108 9
109 9
110 10
111 8
112 3
113 7
114 3
115 6
116 5
117 4
118 6
119 5
120 4
121 2
122 3
123 3
124 0
125 1
126 2
127 1
128 1
129 -1
130 -2
131 -2
132 -4
133 -4
134 -3
135 -2
136 -4
137 -2
138 -1
139 1
140 2
141 1
142 2
143 3
144 5
145 11
146 11
147 11
148 10
149 10
150 10
151 9
152 9
153 8
154 6
155 6
156 4
157 5
158 2
159 5
160 5
161 7
162 1
163 -3
164 -7
165 -8
166 -10
167 -10
168 -10
169 -8
170 -8
171 -7
172 -10
173 -8
174 -10
175 -10
176 -10
177 -10
178 -8
179 -4
180 -1
181 0
182 -1
183 2
184 3
185 2
186 2
187 2
188 7
189 11
190 9
191 8
192 6
193 7
194 7
195 10
196 8
197 8
198 9
199 11
200 12
201 12
202 10
203 10
204 10
205 10
206 12
207 16
208 16
209 15
210 11
211 11
212 8
213 7
214 9
215 10
216 11
217 15
218 13
219 17
220 14
221 16
222 14
223 15
224 14
225 15
226 11
227 11
228 8
229 9
230 12
231 10
232 9
233 8
234 8
235 11
236 14
237 14
238 14
239 14
240 14
241 13
242 11
243 11
244 13
245 13
246 15
247 16
248 18
249 14
250 12
251 13
252 13
253 12
254 13
255 12
