0 0
1 -1
2 -1
3 0
4 -1
5 -2
6 -2
7 -4
8 0
9 4
10 2
11 0
12 2
13 0
14 1
15 -3
16 -3
17 -1
18 0
19 0
20 1
21 3
22 6
23 6
24 1
25 1
26 -1
27 -1
28 0
29 -2
30 1
31 1
32 0
33 1
34 2
35 1
36 2
37 3
38 2
39 0
40 2
41 3
42 4
43 7
44 4
45 6
46 3
47 5
48 4
49 5
50 4
51 4
52 7
53 7
54 5
55 2
56 3
57 3
58 2
59 0
60 0
61 0
62 0
63 -2
64 -1
65 -1
66 1
67 1
68 1
69 1
70 2
71 3
72 2
73 4
74 5
75 5
76 3
77 -1
78 1
79 1
80 3
81 0
82 1
83 2
84 2
85 1
86 -2
87 -4
88 -2
89 -4
90 -6
91 -6
92 -3
93 -3
94 1
95 1
96 1
97 1
98 3
99 4
100 4
101 4
102 3
103 2
104 1
105 4
106 3
107 0
108 0
109 -2
110 -2
111 -2
112 -4
113 -5
114 -5
115 0
116 3
117 6
118 6
119 8
120 4
121 2
122 0
123 -2
124 -2
125 -2
126 2
127 2
128 3
129 3
130 2
131 0
132 0
133 -1
134 3
135 3
136 -1
137 3
138 0
139 -1
140 0
141 -1
142 -2
143 -3
144 -5
145 -2
146 -3
147 -3
148 -4
149 -6
150 -2
151 -4
152 -2
153 -3
154 -1
155 2
156 0
157 3
158 4
159 6
160 7
161 5
162 5
163 7
164 6
165 1
166 1
167 1
168 -3
169 -3
170 2
171 3
172 4
173 1
174 0
175 -3
176 -1
177 -1
178 -4
179 -2
180 -2
181 0
182 0
183 -3
184 -3
185 -1
186 -2
187 0
188 -1
189 0
190 0
191 0
192 -1
193 -1
194 0
195 -2
196 -4
197 -4
198 -5
199 -4
200 -2
201 -2
202 0
203 1
204 -1
205 -1
206 0
207 1
208 2
209 0
210 1
211 -1
212 0
213 -1
214 -2
215 -3
216 -3
217 -3
218 -3
219 -1
220 -1
221 -3
222 -3
223 -3
224 -1
225 2
226 3
227 0
228 2
229 0
230 0
231 -2
232 -1
233 1
234 4
235 5
236 4
237 0
238 1
239 -1
240 -2
241 -4
242 -2
243 0
244 0
245 1
246 2
247 -1
248 -5
249 -5
250 -6
251 -4
252 1
253 1
254 0
255 0
