0 -7
1 -6
2 -6
3 -4
4 -4
5 -5
6 -5
7 -7
8 -3
9 -6
10 -3
11 -2
12 0
13 1
14 -1
15 0
16 0
17 2
18 1
19 2
20 3
21 2
22 -1
23 1
24 3
25 5
26 7
27 9
28 10
29 10
30 8
31 8
32 10
33 10
34 9
35 6
36 5
37 5
38 4
39 3
40 3
41 4
42 6
43 7
44 9
45 9
46 11
47 11
48 13
49 13
50 16
51 16
52 17
53 20
54 20
55 22
56 19
57 19
58 22
59 22
60 21
61 22
62 20
63 20
64 17
65 13
66 11
67 12
68 16
69 13
70 15
71 12
72 9
73 8
74 8
75 6
76 7
77 8
78 9
79 11
80 10
81 13
82 15
83 16
84 18
85 16
86 15
87 17
88 15
89 12
90 11
91 12
92 12
93 13
94 13
95 12
96 8
97 7
98 6
99 4
100 5
101 3
102 7
103 6
104 3
105 2
106 3
107 2
108 1
109 3
110 1
111 2
112 3
113 2
114 1
115 2
116 5
117 5
118 5
119 0
120 3
121 -3
122 -3
123 -4
124 -3
125 -3
126 -4
127 -6
128 -7
129 -9
130 -8
131 -4
132 -3
133 -4
134 -2
135 1
136 3
137 1
138 1
139 1
140 5
141 6
142 5
143 3
144 1
145 0
146 1
147 2
148 2
149 -1
150 0
151 -2
152 -1
153 -6
154 -8
155 -9
156 -6
157 -7
158 -6
159 -6
160 -6
161 -4
162 -3
163 -5
164 -6
165 -5
166 -4
167 -7
168 -8
169 -8
170 -10
171 -9
172 -6
173 -8
174 -9
175 -7
176 -6
177 -10
178 -9
179 -9
180 -4
181 -2
182 -1
183 -4
184 -1
185 0
186 0
187 1
188 2
189 5
190 3
191 4
192 5
193 3
194 3
195 1
196 0
197 -1
198 1
199 4
200 5
201 8
202 9
203 7
204 5
205 5
206 5
207 6
208 6
209 6
210 8
211 10
212 13
213 11
214 10
215 11
216 15
217 17
218 16
219 17
220 15
221 14
222 14
223 12
224 10
225 10
226 10
227 9
228 10
229 9
230 8
231 6
232 5
233 2
234 2
235 -1
236 -4
237 -3
238 -5
239 -5
240 -4
241 -7
242 -2
243 -5
244 -4
245 -4
246 -5
247 -7
248 -8
249 -9
250 -14
251 -11
252 -9
253 -8
254 -7
255 -4
