0 1
1 1
2 2
3 2
4 3
5 3
6 1
7 -1
8 1
9 1
10 1
11 0
12 -1
13 -2
14 -2
15 0
16 1
17 0
18 2
19 1
20 0
21 1
22 1
23 2
24 2
25 2
26 1
27 0
28 0
29 2
30 1
31 0
32 0
33 1
34 0
35 0
36 0
37 -1
38 0
39 3
40 5
41 3
42 2
43 1
44 0
45 1
46 1
47 -1
48 -2
49 -1
50 0
51 -2
52 -1
53 -2
54 -1
55 0
56 0
57 -2
58 -2
59 -1
60 -1
61 -4
62 -1
63 -2
64 0
65 -1
66 2
67 1
68 4
69 4
70 2
71 1
72 3
73 2
74 3
75 2
76 1
77 1
78 1
79 2
80 0
81 -3
82 -2
83 -2
84 0
85 -2
86 -1
87 0
88 0
89 0
90 3
91 0
92 3
93 2
94 0
95 1
96 2
97 0
98 0
99 -1
100 0
101 2
102 1
103 -2
104 -3
105 -3
106 -1
107 -4
108 -4
109 -3
110 -1
111 0
112 0
113 -1
114 0
115 1
116 4
117 4
118 0
119 1
120 1
121 1
122 1
123 0
124 0
125 1
126 3
127 1
128 -2
129 -2
130 -4
131 -2
132 -4
133 -1
134 2
135 2
136 2
137 3
138 2
139 1
140 1
141 -1
142 -1
143 -1
144 -5
145 -2
146 0
147 1
148 2
149 2
150 1
151 -1
152 1
153 0
154 -1
155 -1
156 -2
157 -3
158 -3
159 -2
160 -2
161 -2
162 0
163 -1
164 0
165 -1
166 -1
167 2
168 2
169 1
170 0
171 1
172 1
173 1
174 1
175 3
176 5
177 5
178 6
179 8
180 5
181 3
182 1
183 -1
184 -2
185 -3
186 -3
187 -2
188 -1
189 -1
190 2
191 2
192 1
193 0
194 1
195 3
196 0
197 0
198 -1
199 2
200 1
201 3
202 3
203 4
204 3
205 1
206 1
207 0
208 -3
209 -2
210 -3
211 -4
212 -2
213 0
214 1
215 0
216 -1
217 0
218 1
219 2
220 1
221 2
222 3
223 4
224 1
225 0
226 -2
227 -2
228 -2
229 -3
230 -4
231 -1
232 -1
233 0
234 -1
235 1
236 0
237 -1
238 -3
239 -3
240 -3
241 -1
242 -1
243 2
244 5
245 2
246 3
247 4
248 3
249 1
250 3
251 1
252 3
253 1
254 3
255 0
