0 -1
1 0
2 1
3 1
4 3
5 4
6 1
7 0
8 -1
9 -1
10 0
11 -3
12 0
13 -1
14 0
15 1
16 0
17 1
18 1
19 2
20 1
21 2
22 2
23 0
24 1
25 3
26 2
27 3
28 3
29 3
30 4
31 2
32 1
33 1
34 0
35 -1
36 1
37 0
38 0
39 4
40 3
41 3
42 2
43 2
44 1
45 0
46 1
47 0
48 1
49 1
50 0
51 1
52 0
53 -1
54 2
55 1
56 1
57 1
58 2
59 2
60 1
61 1
62 -1
63 -3
64 -3
65 -3
66 -1
67 1
68 1
69 1
70 1
71 1
72 1
73 2
74 0
75 -1
76 0
77 0
78 1
79 5
80 4
81 4
82 4
83 3
84 2
85 4
86 3
87 3
88 3
89 3
90 4
91 5
92 5
93 3
94 4
95 2
96 0
97 -2
98 -1
99 -1
100 0
101 -3
102 -2
103 -1
104 -3
105 -4
106 -2
107 0
108 0
109 -1
110 -1
111 -1
112 0
113 0
114 0
115 -1
116 -1
117 -1
118 -1
119 -1
120 1
121 -2
122 0
123 -1
124 -1
125 0
126 2
127 3
128 2
129 2
130 3
131 3
132 3
133 3
134 2
135 3
136 2
137 2
138 3
139 0
140 1
141 -2
142 0
143 -2
144 -1
145 0
146 0
147 0
148 0
149 0
150 1
151 0
152 1
153 0
154 0
155 2
156 3
157 3
158 4
159 4
160 4
161 4
162 2
163 2
164 1
165 0
166 -2
167 -5
168 -2
169 0
170 -1
171 -1
172 -3
173 -3
174 -2
175 -1
176 -1
177 0
178 1
179 1
180 2
181 1
182 0
183 -1
184 0
185 -1
186 0
187 -1
188 -1
189 -1
190 0
191 0
192 -1
193 0
194 3
195 0
196 0
197 -1
198 -1
199 -2
200 -1
201 0
202 -3
203 -4
204 -5
205 -5
206 -3
207 -3
208 -1
209 0
210 0
211 0
212 0
213 0
214 1
215 -1
216 -1
217 -1
218 -1
219 2
220 2
221 2
222 2
223 -1
224 -1
225 -2
226 -2
227 -2
228 -1
229 1
230 1
231 2
232 3
233 2
234 0
235 -1
236 -1
237 -1
238 -1
239 2
240 0
241 -1
242 -2
243 -1
244 -1
245 -2
246 -3
247 -3
248 -2
249 -1
250 0
251 -2
252 -2
253 -2
254 -3
255 -1
