0 0
1 -1
2 0
3 1
4 3
5 -2
6 -2
7 -3
8 0
9 0
10 2
11 2
12 -2
13 2
14 -1
15 3
16 3
17 0
18 1
19 1
20 2
21 1
22 -2
23 1
24 1
25 0
26 1
27 3
28 2
29 3
30 0
31 -1
32 2
33 2
34 1
35 2
36 3
37 0
38 0
39 1
40 1
41 0
42 -1
43 -3
44 -1
45 3
46 5
47 3
48 -3
49 -2
50 -2
51 0
52 2
53 3
54 0
55 2
56 0
57 3
58 3
59 2
60 3
61 4
62 5
63 3
64 2
65 -1
66 -1
67 0
68 -2
69 -6
70 -5
71 -6
72 -2
73 1
74 -3
75 -1
76 2
77 1
78 -1
79 0
80 0
81 -3
82 -1
83 -1
84 -1
85 -1
86 -1
87 -3
88 -3
89 -2
90 -4
91 -6
92 -3
93 -2
94 -1
95 -2
96 1
97 -3
98 -4
99 -1
100 -4
101 0
102 0
103 1
104 -1
105 -5
106 -3
107 -4
108 -5
109 -6
110 -8
111 -4
112 -5
113 -4
114 -4
115 -3
116 -4
117 0
118 1
119 2
120 4
121 1
122 -1
123 -1
124 -3
125 -4
126 -5
127 -3
128 -1
129 1
130 -1
131 -1
132 -1
133 0
134 0
135 1
136 0
137 4
138 1
139 1
140 0
141 -1
142 1
143 2
144 1
145 4
146 5
147 3
148 3
149 0
150 -3
151 -1
152 -1
153 -2
154 -2
155 -1
156 0
157 3
158 3
159 2
160 0
161 0
162 0
163 -2
164 -1
165 0
166 0
167 -2
168 -2
169 -2
170 0
171 -2
172 0
173 2
174 1
175 1
176 0
177 2
178 3
179 5
180 5
181 4
182 5
183 5
184 2
185 3
186 1
187 -2
188 -3
189 -2
190 -3
191 -4
192 0
193 -1
194 0
195 -1
196 -1
197 0
198 3
199 1
200 -1
201 1
202 0
203 0
204 -2
205 1
206 -1
207 -2
208 -2
209 0
210 -1
211 -2
212 -2
213 1
214 1
215 -2
216 -3
217 -1
218 -1
219 -1
220 0
221 -3
222 -2
223 0
224 -3
225 -2
226 -4
227 -4
228 -8
229 -6
230 -6
231 -5
232 -3
233 -4
234 -4
235 -3
236 -1
237 -1
238 -2
239 -3
240 -3
241 -1
242 -1
243 1
244 -1
245 -1
246 -3
247 -3
248 -1
249 1
250 4
251 2
252 -1
253 -1
254 -1
255 0
