0 1
1 1
2 0
3 -1
4 -2
5 -2
6 -1
7 0
8 0
9 0
10 0
11 -1
12 -2
13 -1
14 -1
15 0
16 -2
17 -2
18 -3
19 -3
20 -3
21 -2
22 -1
23 -2
24 -1
25 -1
26 -2
27 0
28 0
29 0
30 -1
31 -1
32 -1
33 -2
34 -1
35 0
36 -1
37 0
38 0
39 0
40 0
41 0
42 1
43 2
44 0
45 0
46 -2
47 -1
48 0
49 0
50 -1
51 1
52 1
53 1
54 1
55 1
56 0
57 -1
58 1
59 3
60 2
61 1
62 1
63 2
64 3
65 3
66 2
67 2
68 2
69 2
70 1
71 -1
72 -1
73 -1
74 -1
75 0
76 -1
77 0
78 1
79 2
80 0
81 2
82 2
83 1
84 2
85 2
86 2
87 2
88 1
89 -1
90 -1
91 1
92 0
93 1
94 0
95 0
96 0
97 -1
98 -1
99 0
100 1
101 1
102 0
103 1
104 1
105 0
106 0
107 1
108 0
109 -1
110 -1
111 -1
112 2
113 1
114 3
115 2
116 0
117 0
118 -1
119 1
120 -1
121 -1
122 0
123 1
124 2
125 1
126 2
127 0
128 1
129 1
130 3
131 1
132 0
133 1
134 1
135 0
136 0
137 0
138 0
139 -1
140 -1
141 -1
142 -2
143 0
144 1
145 1
146 0
147 0
148 0
149 0
150 0
151 -1
152 1
153 0
154 0
155 -1
156 0
157 0
158 0
159 0
160 0
161 2
162 2
163 2
164 0
165 1
166 0
167 -1
168 -2
169 -2
170 -1
171 -1
172 0
173 0
174 0
175 -1
176 -2
177 -2
178 -2
179 -2
180 -1
181 0
182 -1
183 0
184 1
185 1
186 0
187 0
188 0
189 0
190 0
191 0
192 0
193 -1
194 -3
195 -3
196 -3
197 -3
198 -1
199 -2
200 -2
201 0
202 0
203 0
204 0
205 1
206 1
207 2
208 2
209 2
210 2
211 0
212 0
213 0
214 -1
215 0
216 0
217 -1
218 -2
219 -2
220 -2
221 -1
222 0
223 -1
224 -2
225 -2
226 0
227 2
228 1
229 3
230 3
231 2
232 1
233 0
234 0
235 0
236 0
237 -1
238 0
239 1
240 0
241 0
242 0
243 1
244 1
245 1
246 1
247 1
248 -1
249 -1
250 0
251 0
252 1
253 0
254 2
255 2
