0 -3
1 -5
2 -4
3 -3
4 -4
5 -5
6 -7
7 -8
8 -9
9 -10
10 -9
11 -10
12 -10
13 -8
14 -7
15 -8
16 -10
17 -9
18 -8
19 -6
20 -6
21 -7
22 -6
23 -6
24 -6
25 -8
26 -10
27 -11
28 -13
29 -14
30 -11
31 -12
32 -12
33 -13
34 -12
35 -15
36 -15
37 -13
38 -14
39 -12
40 -12
41 -14
42 -12
43 -14
44 -10
45 -10
46 -9
47 -8
48 -7
49 -7
50 -8
51 -9
52 -8
53 -11
54 -9
55 -10
56 -10
57 -9
58 -8
59 -7
60 -10
61 -7
62 -6
63 -4
64 -5
65 -4
66 -7
67 -7
68 -4
69 -7
70 -7
71 -8
72 -10
73 -9
74 -11
75 -11
76 -10
77 -8
78 -8
79 -10
80 -12
81 -11
82 -8
83 -8
84 -6
85 -6
86 -9
87 -4
88 -5
89 -3
90 -2
91 0
92 -1
93 -4
94 -2
95 -2
96 -2
97 -3
98 -5
99 -6
100 -4
101 -2
102 -1
103 1
104 1
105 0
106 0
107 4
108 4
109 5
110 3
111 6
112 6
113 7
114 6
115 6
116 5
117 5
118 4
119 4
120 4
121 3
122 1
123 0
124 -2
125 -2
126 1
127 1
128 2
129 3
130 5
131 7
132 5
133 5
134 5
135 4
136 7
137 8
138 8
139 7
140 9
141 9
142 7
143 5
144 5
145 3
146 3
147 4
148 5
149 3
150 3
151 3
152 0
153 -2
154 -3
155 -1
156 0
157 0
158 -2
159 0
160 0
161 1
162 2
163 3
164 3
165 4
166 3
167 3
168 2
169 0
170 -2
171 -5
172 -6
173 -5
174 -9
175 -8
176 -7
177 -6
178 1
179 0
180 -1
181 2
182 0
183 0
184 0
185 0
186 3
187 5
188 3
189 4
190 4
191 5
192 8
193 9
194 9
195 5
196 7
197 7
198 10
199 11
200 12
201 8
202 7
203 7
204 8
205 12
206 11
207 9
208 7
209 6
210 6
211 5
212 4
213 3
214 2
215 2
216 5
217 5
218 4
219 5
220 3
221 3
222 4
223 5
224 6
225 5
226 5
227 6
228 6
229 8
230 11
231 12
232 10
233 9
234 10
235 7
236 7
237 2
238 1
239 -1
240 -1
241 2
242 1
243 1
244 -1
245 -1
246 0
247 0
248 0
249 -2
250 0
251 -2
252 0
253 -2
254 -1
255 -2
