0 1
1 0
2 2
3 2
4 -1
5 -1
6 -2
7 -3
8 -1
9 -1
10 -2
11 0
12 -2
13 -2
14 0
15 0
16 -1
17 -1
18 -1
19 1
20 -2
21 -2
22 -2
23 -1
24 -1
25 0
26 -2
27 -1
28 -1
29 -3
30 -3
31 -5
32 -3
33 -1
34 0
35 2
36 0
37 -1
38 1
39 3
40 2
41 2
42 4
43 2
44 3
45 1
46 -1
47 0
48 0
49 2
50 2
51 1
52 0
53 3
54 1
55 1
56 2
57 1
58 -1
59 0
60 0
61 -2
62 -2
63 0
64 1
65 0
66 1
67 -1
68 -3
69 -3
70 -3
71 -1
72 0
73 -1
74 -1
75 -1
76 0
77 1
78 2
79 0
80 0
81 0
82 -1
83 0
84 1
85 2
86 4
87 5
88 1
89 0
90 0
91 0
92 1
93 1
94 2
95 1
96 2
97 3
98 6
99 3
100 0
101 -1
102 -3
103 -1
104 -1
105 0
106 -1
107 1
108 0
109 1
110 1
111 3
112 4
113 4
114 2
115 -1
116 -1
117 -1
118 -1
119 0
120 -2
121 0
122 1
123 0
124 1
125 2
126 2
127 1
128 3
129 1
130 0
131 0
132 2
133 3
134 2
135 0
136 1
137 1
138 2
139 1
140 1
141 0
142 -3
143 -1
144 1
145 2
146 0
147 -1
148 -2
149 -2
150 -3
151 1
152 0
153 -1
154 0
155 0
156 1
157 0
158 0
159 -1
160 1
161 2
162 2
163 4
164 4
165 1
166 -1
167 -2
168 -2
169 -2
170 0
171 1
172 -1
173 0
174 0
175 0
176 0
177 0
178 -1
179 1
180 3
181 2
182 0
183 -2
184 -2
185 -1
186 -2
187 -3
188 -2
189 1
190 2
191 0
192 0
193 0
194 0
195 2
196 1
197 0
198 0
199 0
200 1
201 0
202 0
203 2
204 3
205 3
206 1
207 3
208 2
209 -1
210 -1
211 -3
212 -4
213 -1
214 1
215 3
216 2
217 1
218 2
219 0
220 1
221 -1
222 0
223 2
224 1
225 0
226 3
227 2
228 1
229 1
230 1
231 2
232 0
233 1
234 -1
235 0
236 -2
237 -1
238 1
239 -1
240 2
241 -1
242 1
243 1
244 3
245 2
246 3
247 2
248 3
249 2
250 2
251 2
252 1
253 0
254 -1
255 2
