0 -1
1 2
2 1
3 2
4 2
5 2
6 2
7 0
8 -1
9 -4
10 -1
11 0
12 2
13 2
14 0
15 -1
16 -1
17 -2
18 -2
19 -3
20 -4
21 -7
22 -4
23 -4
24 -2
25 0
26 3
27 5
28 4
29 1
30 0
31 -1
32 -2
33 -1
34 -1
35 -2
36 -3
37 -2
38 2
39 2
40 2
41 3
42 5
43 5
44 2
45 1
46 0
47 -1
48 3
49 3
50 3
51 1
52 2
53 0
54 -2
55 -4
56 -3
57 -2
58 0
59 4
60 1
61 1
62 1
63 0
64 2
65 1
66 1
67 2
68 2
69 -1
70 -2
71 -4
72 -1
73 -1
74 -1
75 0
76 -3
77 -2
78 -1
79 0
80 2
81 3
82 0
83 0
84 4
85 3
86 3
87 4
88 3
89 1
90 3
91 3
92 3
93 1
94 2
95 2
96 1
97 -1
98 1
99 -3
100 -1
101 0
102 -3
103 -1
104 -1
105 0
106 1
107 -5
108 -3
109 -1
110 0
111 -2
112 -2
113 -3
114 -1
115 -3
116 -2
117 -1
118 -1
119 -4
120 -2
121 1
122 1
123 2
124 0
125 1
126 -3
127 -2
128 -3
129 -5
130 -4
131 -6
132 -8
133 -5
134 -3
135 -5
136 -8
137 -5
138 -1
139 -1
140 -1
141 0
142 -1
143 2
144 -1
145 -1
146 0
147 1
148 0
149 0
150 2
151 4
152 3
153 2
154 3
155 1
156 0
157 0
158 0
159 -1
160 -7
161 -4
162 -4
163 -6
164 -3
165 1
166 -2
167 -3
168 -2
169 -3
170 -2
171 -2
172 1
173 -1
174 -2
175 0
176 0
177 3
178 2
179 3
180 0
181 2
182 1
183 0
184 -2
185 1
186 1
187 1
188 0
189 2
190 0
191 1
192 -1
193 -1
194 0
195 -1
196 2
197 2
198 -1
199 -4
200 -3
201 0
202 2
203 2
204 0
205 3
206 2
207 2
208 1
209 0
210 0
211 -2
212 1
213 2
214 1
215 3
216 1
217 0
218 0
219 0
220 -1
221 -1
222 -4
223 -1
224 -1
225 0
226 2
227 1
228 1
229 1
230 3
231 3
232 -1
233 -2
234 0
235 2
236 3
237 -2
238 1
239 1
240 0
241 -2
242 0
243 -3
244 3
245 4
246 5
247 6
248 7
249 6
250 4
251 4
252 1
253 0
254 0
255 3
