0 1
1 1
2 1
3 0
4 0
5 -1
6 0
7 0
8 0
9 0
10 -1
11 0
12 0
13 -1
14 -2
15 -1
16 -1
17 -1
18 -1
19 -1
20 -1
21 -1
22 -2
23 -1
24 0
25 0
26 0
27 1
28 0
29 0
30 0
31 1
32 1
33 0
34 0
35 -1
36 -1
37 -2
38 -1
39 0
40 0
41 -1
42 -1
43 0
44 0
45 1
46 0
47 1
48 1
49 0
50 1
51 1
52 1
53 0
54 1
55 0
56 1
57 1
58 0
59 0
60 0
61 2
62 1
63 2
64 1
65 0
66 0
67 -1
68 1
69 1
70 1
71 1
72 0
73 -1
74 0
75 0
76 1
77 2
78 3
79 3
80 1
81 2
82 2
83 1
84 0
85 -1
86 -1
87 -1
88 0
89 0
90 0
91 0
92 0
93 0
94 -1
95 -1
96 1
97 0
98 0
99 0
100 -2
101 -2
102 -3
103 -2
104 -1
105 -1
106 0
107 1
108 1
109 0
110 -1
111 -1
112 -1
113 -1
114 0
115 -1
116 0
117 0
118 0
119 0
120 0
121 0
122 0
123 0
124 0
125 0
126 0
127 0
128 0
129 0
130 1
131 0
132 1
133 0
134 1
135 1
136 1
137 2
138 1
139 0
140 0
141 0
142 0
143 -1
144 -1
145 -1
146 0
147 0
148 0
149 0
150 0
151 1
152 1
153 2
154 1
155 0
156 0
157 1
158 0
159 -1
160 -1
161 0
162 0
163 1
164 2
165 1
166 1
167 0
168 0
169 0
170 0
171 -1
172 0
173 0
174 0
175 -2
176 -2
177 -1
178 0
179 0
180 -1
181 -1
182 0
183 0
184 0
185 0
186 0
187 -1
188 0
189 0
190 2
191 0
192 -1
193 0
194 1
195 1
196 1
197 1
198 0
199 0
200 0
201 0
202 0
203 0
204 0
205 0
206 -1
207 -1
208 -1
209 -1
210 0
211 0
212 0
213 -1
214 0
215 -1
216 0
217 0
218 0
219 0
220 0
221 0
222 0
223 0
224 0
225 0
226 0
227 0
228 0
229 0
230 1
231 0
232 0
233 0
234 -1
235 -2
236 0
237 0
238 0
239 1
240 0
241 0
242 0
243 0
244 0
245 -1
246 -2
247 -2
248 -1
249 -1
250 -1
251 -1
252 -1
253 0
254 0
255 1
