0 -3
1 -3
2 0
3 1
4 4
5 5
6 4
7 4
8 3
9 3
10 2
11 4
12 4
13 5
14 5
15 4
16 7
17 3
18 1
19 1
20 1
21 3
22 4
23 7
24 9
25 6
26 6
27 6
28 6
29 6
30 8
31 8
32 9
33 6
34 7
35 6
36 7
37 11
38 8
39 8
40 9
41 10
42 9
43 8
44 8
45 9
46 10
47 8
48 8
49 8
50 9
51 11
52 10
53 9
54 8
55 9
56 9
57 8
58 6
59 5
60 6
61 6
62 3
63 6
64 5
65 3
66 3
67 2
68 2
69 3
70 4
71 5
72 4
73 6
74 6
75 3
76 5
77 8
78 9
79 8
80 9
81 9
82 9
83 9
84 8
85 11
86 8
87 8
88 7
89 8
90 7
91 6
92 6
93 6
94 7
95 7
96 4
97 4
98 3
99 6
100 4
101 5
102 3
103 5
104 4
105 5
106 6
107 5
108 4
109 3
110 4
111 3
112 2
113 2
114 2
115 2
116 2
117 2
118 0
119 1
120 3
121 2
122 1
123 2
124 5
125 7
126 10
127 12
128 10
129 10
130 9
131 9
132 7
133 6
134 5
135 3
136 4
137 3
138 1
139 0
140 1
141 0
142 2
143 2
144 1
145 0
146 -1
147 -3
148 -4
149 -2
150 -2
151 -5
152 -3
153 -2
154 -1
155 0
156 2
157 1
158 -1
159 0
160 -3
161 -3
162 -2
163 -2
164 -1
165 -5
166 -3
167 -3
168 -3
169 -5
170 -4
171 -5
172 -7
173 -8
174 -10
175 -11
176 -11
177 -12
178 -12
179 -10
180 -12
181 -13
182 -14
183 -12
184 -10
185 -9
186 -9
187 -10
188 -10
189 -9
190 -11
191 -10
192 -9
193 -9
194 -7
195 -8
196 -7
197 -10
198 -12
199 -12
200 -12
201 -12
202 -13
203 -13
204 -14
205 -14
206 -13
207 -12
208 -9
209 -8
210 -4
211 -3
212 -2
213 2
214 2
215 1
216 0
217 2
218 2
219 4
220 4
221 5
222 9
223 7
224 8
225 8
226 6
227 4
228 3
229 3
230 2
231 2
232 4
233 5
234 4
235 4
236 4
237 7
238 7
239 8
240 6
241 4
242 5
243 2
244 3
245 2
246 0
247 2
248 3
249 2
250 2
251 0
252 -2
253 -2
254 -1
255 -2
