0 3
1 5
2 4
3 3
4 0
5 2
6 3
7 2
8 3
9 2
10 3
11 4
12 3
13 4
14 2
15 2
16 3
17 3
18 1
19 2
20 4
21 6
22 7
23 8
24 7
25 7
26 8
27 8
28 7
29 6
30 5
31 5
32 7
33 6
34 6
35 8
36 8
37 10
38 10
39 9
40 10
41 9
42 9
43 8
44 7
45 8
46 10
47 11
48 8
49 7
50 7
51 7
52 7
53 8
54 10
55 9
56 7
57 9
58 10
59 10
60 12
61 12
62 12
63 12
64 13
65 13
66 12
67 11
68 11
69 9
70 11
71 11
72 10
73 8
74 8
75 7
76 7
77 5
78 6
79 7
80 4
81 2
82 2
83 -1
84 1
85 2
86 1
87 1
88 -2
89 0
90 -2
91 -5
92 -7
93 -7
94 -10
95 -7
96 -8
97 -9
98 -9
99 -8
100 -7
101 -7
102 -8
103 -7
104 -8
105 -8
106 -8
107 -7
108 -5
109 -5
110 -3
111 -3
112 -5
113 -6
114 -3
115 -5
116 -2
117 -2
118 -2
119 -3
120 -3
121 -1
122 0
123 1
124 0
125 0
126 1
127 1
128 3
129 2
130 3
131 2
132 3
133 5
134 7
135 7
136 5
137 6
138 6
139 8
140 8
141 9
142 7
143 5
144 4
145 4
146 0
147 1
148 3
149 2
150 2
151 0
152 -2
153 -4
154 -4
155 -3
156 -2
157 -5
158 -3
159 -3
160 -5
161 -4
162 -4
163 -5
164 -9
165 -8
166 -8
167 -9
168 -7
169 -5
170 -2
171 -1
172 -1
173 -3
174 -2
175 -1
176 1
177 -1
178 -1
179 -2
180 -3
181 -2
182 -1
183 -1
184 0
185 -1
186 -3
187 -9
188 -9
189 -9
190 -9
191 -12
192 -11
193 -13
194 -15
195 -15
196 -15
197 -14
198 -13
199 -11
200 -11
201 -10
202 -11
203 -10
204 -10
205 -10
206 -9
207 -6
208 -8
209 -7
210 -6
211 -6
212 -4
213 -4
214 -3
215 -3
216 -2
217 0
218 2
219 2
220 1
221 0
222 2
223 3
224 0
225 -1
226 -1
227 -4
228 -4
229 -3
230 -5
231 -5
232 -5
233 -4
234 -4
235 -3
236 -2
237 -1
238 3
239 3
240 4
241 3
242 1
243 1
244 0
245 -1
246 -3
247 -2
248 0
249 -1
250 -1
251 -1
252 1
253 -1
254 1
255 3
