0 -11
1 -9
2 -8
3 -8
4 -5
5 -5
6 -4
7 -2
8 -1
9 1
10 1
11 1
12 1
13 0
14 -1
15 1
16 -1
17 -1
18 -2
19 -4
20 -4
21 -5
22 -6
23 -3
24 -6
25 -6
26 -4
27 -3
28 -5
29 -7
30 -8
31 -8
32 -7
33 -6
34 -5
35 -7
36 -7
37 -8
38 -10
39 -11
40 -10
41 -10
42 -12
43 -11
44 -6
45 -10
46 -9
47 -7
48 -6
49 -5
50 -4
51 -3
52 -1
53 1
54 -1
55 -4
56 -4
57 -2
58 0
59 3
60 3
61 1
62 -1
63 1
64 -2
65 -3
66 -2
67 -1
68 -1
69 -2
70 -1
71 -1
72 0
73 2
74 5
75 5
76 3
77 3
78 2
79 2
80 2
81 0
82 0
83 0
84 -1
85 -3
86 -4
87 -4
88 -5
89 -4
90 -7
91 -9
92 -7
93 -7
94 -5
95 -7
96 -9
97 -10
98 -9
99 -7
100 -8
101 -6
102 -6
103 -7
104 -4
105 -4
106 -4
107 -7
108 -5
109 -4
110 -3
111 -4
112 -6
113 -5
114 -1
115 -3
116 -3
117 -3
118 -2
119 -2
120 -4
121 -3
122 -7
123 -6
124 -3
125 -7
126 -6
127 -8
128 -5
129 -4
130 -7
131 -9
132 -7
133 -4
134 -3
135 -3
136 -1
137 -2
138 -1
139 2
140 4
141 6
142 8
143 6
144 3
145 3
146 1
147 -1
148 -1
149 -1
150 0
151 1
152 -4
153 -2
154 -3
155 -3
156 2
157 1
158 -1
159 -2
160 -4
161 -2
162 -2
163 -2
164 -3
165 -3
166 -2
167 -4
168 -4
169 -6
170 -6
171 -4
172 -4
173 -8
174 -6
175 -5
176 -4
177 -4
178 -2
179 -3
180 -2
181 0
182 2
183 1
184 -1
185 3
186 4
187 3
188 3
189 4
190 2
191 1
192 1
193 -1
194 -2
195 -3
196 -4
197 -7
198 -7
199 -6
200 -8
201 -9
202 -9
203 -7
204 -7
205 -7
206 -6
207 -7
208 -3
209 -3
210 1
211 1
212 2
213 1
214 0
215 -3
216 -4
217 -6
218 -5
219 -5
220 -6
221 -8
222 -8
223 -9
224 -10
225 -11
226 -13
227 -15
228 -18
229 -16
230 -18
231 -17
232 -16
233 -16
234 -16
235 -17
236 -14
237 -13
238 -14
239 -15
240 -14
241 -12
242 -10
243 -8
244 -9
245 -9
246 -8
247 -8
248 -9
249 -9
250 -8
251 -7
252 -8
253 -7
254 -10
255 -11
