0 0
1 0
2 1
3 2
4 1
5 1
6 1
7 -1
8 -3
9 0
10 3
11 2
12 0
13 -2
14 0
15 -2
16 0
17 2
18 3
19 -1
20 0
21 0
22 1
23 -1
24 0
25 -1
26 -2
27 -2
28 -2
29 -2
30 0
31 2
32 3
33 3
34 1
35 0
36 1
37 1
38 0
39 -1
40 0
41 -1
42 -2
43 -1
44 1
45 0
46 -1
47 0
48 -1
49 0
50 -1
51 0
52 -2
53 1
54 0
55 1
56 1
57 1
58 0
59 1
60 -1
61 -2
62 0
63 1
64 3
65 -1
66 -2
67 -1
68 4
69 3
70 3
71 2
72 1
73 2
74 2
75 2
76 2
77 -1
78 1
79 0
80 -2
81 -2
82 -1
83 -2
84 -2
85 -1
86 -1
87 -2
88 -3
89 -6
90 -5
91 -2
92 -1
93 0
94 3
95 2
96 -1
97 1
98 2
99 2
100 1
101 2
102 1
103 1
104 1
105 -1
106 0
107 1
108 2
109 2
110 -1
111 0
112 1
113 1
114 -1
115 -1
116 -4
117 -3
118 -4
119 -1
120 -4
121 -3
122 -5
123 -6
124 -6
125 -4
126 -3
127 -4
128 -3
129 -3
130 -6
131 -3
132 -3
133 -5
134 -5
135 -4
136 -6
137 -1
138 1
139 -2
140 -4
141 -1
142 -1
143 0
144 0
145 -1
146 1
147 3
148 4
149 0
150 -1
151 -3
152 -2
153 -2
154 -2
155 -1
156 -1
157 -1
158 -2
159 -4
160 -6
161 -2
162 -5
163 -2
164 -2
165 -4
166 -4
167 -3
168 -3
169 -3
170 -2
171 -3
172 -5
173 -3
174 -4
175 -4
176 -3
177 -3
178 -5
179 -4
180 -1
181 -2
182 -1
183 -1
184 -1
185 -3
186 -2
187 -3
188 -3
189 -4
190 -7
191 -7
192 -5
193 -4
194 -4
195 -4
196 -3
197 2
198 4
199 5
200 3
201 4
202 6
203 3
204 2
205 3
206 3
207 1
208 4
209 5
210 2
211 4
212 3
213 3
214 5
215 8
216 10
217 10
218 7
219 2
220 0
221 0
222 0
223 -2
224 -2
225 -1
226 -2
227 -1
228 -1
229 1
230 0
231 -1
232 -2
233 -1
234 -1
235 -2
236 -1
237 0
238 -1
239 0
240 0
241 -4
242 -4
243 -5
244 -4
245 0
246 0
247 -1
248 -2
249 -4
250 -4
251 -3
252 -1
253 -3
254 -2
255 -2
