0 -4
1 -4
2 -4
3 -2
4 0
5 0
6 -2
7 -1
8 -1
9 -1
10 -2
11 -2
12 -1
13 -3
14 -2
15 -2
16 -2
17 -1
18 0
19 -1
20 1
21 1
22 3
23 4
24 3
25 2
26 0
27 1
28 2
29 1
30 -1
31 -3
32 0
33 0
34 0
35 -1
36 0
37 0
38 0
39 0
40 0
41 2
42 0
43 0
44 1
45 1
46 1
47 1
48 1
49 1
50 0
51 0
52 1
53 1
54 2
55 1
56 1
57 0
58 0
59 -1
60 1
61 4
62 2
63 3
64 4
65 2
66 2
67 0
68 1
69 0
70 1
71 0
72 1
73 -1
74 -1
75 -1
76 -2
77 0
78 0
79 -1
80 1
81 0
82 1
83 1
84 -1
85 -2
86 -1
87 -1
88 -1
89 -1
90 -2
91 -2
92 -1
93 -1
94 0
95 -1
96 -2
97 -3
98 -2
99 -1
100 -3
101 -2
102 -2
103 -2
104 -2
105 -1
106 0
107 -1
108 2
109 4
110 3
111 5
112 4
113 2
114 2
115 2
116 1
117 1
118 3
119 1
120 0
121 0
122 -2
123 -6
124 -4
125 -4
126 -2
127 -4
128 -3
129 -2
130 -1
131 -3
132 -1
133 -1
134 -1
135 -2
136 -1
137 -2
138 1
139 2
140 2
141 1
142 0
143 1
144 1
145 1
146 1
147 0
148 1
149 1
150 -2
151 -2
152 -1
153 0
154 1
155 0
156 1
157 2
158 6
159 5
160 3
161 5
162 3
163 3
164 2
165 2
166 2
167 2
168 2
169 1
170 2
171 0
172 0
173 -1
174 -3
175 0
176 0
177 1
178 1
179 1
180 1
181 0
182 0
183 3
184 3
185 1
186 1
187 1
188 0
189 -3
190 0
191 0
192 -1
193 -1
194 -2
195 0
196 0
197 -2
198 0
199 1
200 2
201 1
202 0
203 0
204 1
205 -1
206 0
207 0
208 -1
209 0
210 -1
211 -1
212 0
213 0
214 -2
215 -2
216 -2
217 -2
218 -3
219 -2
220 0
221 -2
222 -2
223 -1
224 0
225 -1
226 -2
227 -1
228 1
229 2
230 2
231 3
232 1
233 1
234 0
235 -2
236 -1
237 2
238 -1
239 1
240 0
241 -2
242 -1
243 -2
244 -3
245 -1
246 -3
247 -2
248 -2
249 -1
250 0
251 0
252 0
253 -1
254 -2
255 -3
