0 1
1 2
2 2
3 3
4 -1
5 -2
6 -1
7 -2
8 -1
9 0
10 2
11 2
12 1
13 0
14 1
15 0
16 -1
17 0
18 -1
19 -1
20 1
21 1
22 -1
23 0
24 0
25 1
26 1
27 -1
28 0
29 -1
30 -3
31 -3
32 -1
33 -1
34 -2
35 -2
36 0
37 1
38 -1
39 -1
40 -2
41 0
42 1
43 0
44 0
45 0
46 0
47 -2
48 -2
49 -3
50 -3
51 -2
52 -1
53 -2
54 0
55 1
56 0
57 0
58 0
59 -2
60 -1
61 -1
62 0
63 -1
64 1
65 1
66 0
67 1
68 1
69 -1
70 -1
71 0
72 -1
73 0
74 0
75 2
76 -1
77 0
78 0
79 0
80 -1
81 0
82 -3
83 -1
84 0
85 0
86 0
87 0
88 -1
89 -1
90 0
91 -1
92 -2
93 -2
94 0
95 0
96 0
97 0
98 -1
99 -1
100 -1
101 -1
102 -3
103 -1
104 0
105 1
106 -1
107 -3
108 -3
109 -1
110 0
111 0
112 -1
113 1
114 -1
115 -2
116 -1
117 -1
118 -1
119 -1
120 -3
121 -4
122 -3
123 -1
124 -1
125 0
126 -1
127 1
128 0
129 1
130 -1
131 1
132 2
133 1
134 0
135 0
136 -1
137 0
138 -1
139 0
140 0
141 3
142 4
143 3
144 0
145 -1
146 0
147 1
148 1
149 2
150 1
151 1
152 2
153 2
154 0
155 -2
156 0
157 0
158 0
159 0
160 2
161 2
162 3
163 3
164 2
165 0
166 1
167 1
168 1
169 2
170 1
171 0
172 1
173 2
174 0
175 0
176 -1
177 0
178 -1
179 0
180 1
181 1
182 2
183 4
184 3
185 2
186 1
187 2
188 0
189 -1
190 -1
191 -1
192 0
193 0
194 1
195 0
196 -1
197 0
198 -1
199 -1
200 2
201 -1
202 -3
203 0
204 0
205 -2
206 0
207 -1
208 1
209 1
210 1
211 -1
212 0
213 1
214 1
215 0
216 3
217 1
218 0
219 -1
220 -2
221 -3
222 -3
223 -2
224 -1
225 -1
226 -1
227 0
228 1
229 2
230 3
231 3
232 1
233 1
234 1
235 1
236 -2
237 -2
238 -2
239 -1
240 -3
241 -2
242 -1
243 -1
244 1
245 -1
246 -2
247 0
248 1
249 0
250 0
251 0
252 1
253 2
254 2
255 2
