0 -2
1 -1
2 -1
3 0
4 -1
5 -1
6 -1
7 0
8 0
9 0
10 -1
11 0
12 0
13 0
14 0
15 -1
16 -1
17 -1
18 -1
19 1
20 1
21 1
22 -1
23 0
24 -1
25 1
26 0
27 1
28 2
29 1
30 0
31 0
32 1
33 0
34 0
35 0
36 0
37 2
38 1
39 1
40 2
41 2
42 1
43 1
44 1
45 2
46 0
47 0
48 0
49 -1
50 0
51 0
52 0
53 0
54 -1
55 -1
56 -1
57 1
58 1
59 3
60 3
61 2
62 3
63 2
64 -1
65 0
66 1
67 0
68 -1
69 -1
70 -1
71 -1
72 -2
73 -2
74 -1
75 1
76 2
77 0
78 0
79 0
80 -2
81 0
82 0
83 1
84 0
85 1
86 1
87 1
88 0
89 1
90 1
91 1
92 0
93 0
94 -1
95 -2
96 -1
97 -1
98 -1
99 -2
100 -1
101 0
102 0
103 0
104 1
105 -1
106 0
107 -1
108 0
109 -1
110 -1
111 -1
112 -1
113 0
114 -1
115 -3
116 -3
117 -1
118 -2
119 -2
120 0
121 0
122 0
123 -1
124 -2
125 -1
126 0
127 -1
128 -1
129 -1
130 0
131 0
132 -2
133 0
134 0
135 -2
136 -1
137 -1
138 -2
139 -1
140 0
141 0
142 -1
143 0
144 -2
145 -2
146 -2
147 -2
148 -1
149 -1
150 -1
151 -3
152 -2
153 -1
154 -1
155 0
156 0
157 1
158 1
159 1
160 -1
161 -2
162 -1
163 0
164 -1
165 -1
166 -1
167 0
168 0
169 -1
170 0
171 0
172 -1
173 0
174 1
175 0
176 1
177 -1
178 -2
179 -1
180 -3
181 -1
182 0
183 -1
184 0
185 -2
186 0
187 1
188 1
189 -1
190 0
191 -1
192 0
193 0
194 0
195 0
196 -1
197 -1
198 0
199 -1
200 -2
201 0
202 0
203 -1
204 0
205 1
206 2
207 1
208 0
209 -1
210 -2
211 -3
212 -2
213 -2
214 -2
215 -1
216 -2
217 -2
218 -1
219 0
220 1
221 1
222 2
223 3
224 2
225 2
226 2
227 1
228 1
229 2
230 1
231 2
232 1
233 1
234 1
235 0
236 1
237 1
238 1
239 1
240 2
241 1
242 1
243 1
244 0
245 -1
246 -2
247 -1
248 0
249 -2
250 -1
251 0
252 0
253 0
254 0
255 -1
