0 0
1 -2
2 -1
3 -2
4 -1
5 1
6 0
7 0
8 -1
9 -1
10 -1
11 -2
12 -2
13 0
14 0
15 -1
16 -1
17 1
18 0
19 0
20 0
21 1
22 0
23 0
24 -1
25 -1
26 -1
27 0
28 0
29 0
30 -1
31 -1
32 0
33 0
34 0
35 1
36 1
37 2
38 2
39 2
40 3
41 1
42 2
43 0
44 1
45 1
46 0
47 0
48 -1
49 1
50 1
51 0
52 0
53 -1
54 -2
55 -1
56 0
57 0
58 0
59 -1
60 -2
61 -1
62 -1
63 0
64 1
65 1
66 1
67 0
68 0
69 -1
70 0
71 1
72 0
73 -2
74 -1
75 0
76 0
77 -1
78 -3
79 -4
80 -1
81 -1
82 0
83 2
84 2
85 2
86 1
87 0
88 -1
89 1
90 1
91 0
92 0
93 -1
94 -1
95 -1
96 -3
97 0
98 -1
99 -1
100 1
101 1
102 0
103 1
104 0
105 0
106 0
107 -1
108 -1
109 -1
110 1
111 -1
112 0
113 0
114 0
115 0
116 0
117 -2
118 -1
119 0
120 2
121 1
122 -1
123 0
124 -3
125 -2
126 -2
127 -1
128 0
129 0
130 0
131 1
132 1
133 1
134 1
135 0
136 -2
137 -1
138 0
139 -1
140 0
141 1
142 0
143 0
144 0
145 2
146 3
147 4
148 2
149 2
150 1
151 2
152 1
153 2
154 1
155 1
156 1
157 1
158 1
159 0
160 1
161 0
162 1
163 2
164 0
165 0
166 -1
167 -1
168 0
169 -1
170 -2
171 0
172 -1
173 -1
174 -1
175 0
176 2
177 2
178 2
179 0
180 0
181 1
182 1
183 1
184 -1
185 0
186 -1
187 -1
188 0
189 1
190 1
191 1
192 0
193 0
194 1
195 1
196 3
197 2
198 2
199 2
200 1
201 0
202 -1
203 0
204 2
205 1
206 0
207 0
208 0
209 -2
210 -2
211 -2
212 -2
213 -1
214 -2
215 -1
216 0
217 1
218 1
219 0
220 -1
221 -2
222 -2
223 0
224 0
225 -1
226 -2
227 0
228 0
229 -2
230 0
231 1
232 0
233 0
234 1
235 0
236 -2
237 0
238 0
239 0
240 0
241 0
242 1
243 1
244 0
245 -1
246 -2
247 1
248 0
249 0
250 1
251 1
252 1
253 -1
254 -1
255 -2
