0 1
1 0
2 2
3 1
4 1
5 1
6 0
7 1
8 0
9 -1
10 1
11 2
12 2
13 2
14 1
15 -3
16 -3
17 -2
18 1
19 2
20 1
21 1
22 0
23 2
24 0
25 2
26 1
27 1
28 2
29 0
30 0
31 1
32 -1
33 -2
34 -1
35 0
36 1
37 2
38 2
39 0
40 -1
41 1
42 1
43 1
44 0
45 0
46 0
47 2
48 1
49 2
50 0
51 0
52 0
53 0
54 -1
55 -1
56 0
57 1
58 0
59 1
60 0
61 1
62 0
63 0
64 1
65 1
66 1
67 0
68 1
69 0
70 0
71 0
72 -1
73 -1
74 -1
75 -3
76 -2
77 -1
78 -1
79 -1
80 -1
81 -1
82 0
83 0
84 -1
85 -2
86 -2
87 -1
88 0
89 -2
90 0
91 0
92 0
93 0
94 1
95 0
96 -1
97 -2
98 -2
99 1
100 1
101 1
102 0
103 -1
104 -2
105 -4
106 -1
107 -2
108 -1
109 -1
110 1
111 0
112 0
113 1
114 2
115 3
116 2
117 1
118 1
119 0
120 -1
121 -1
122 -1
123 -1
124 1
125 2
126 0
127 1
128 2
129 3
130 2
131 2
132 1
133 2
134 0
135 -1
136 -1
137 -1
138 -1
139 -1
140 1
141 0
142 0
143 -1
144 0
145 1
146 -1
147 0
148 1
149 1
150 0
151 0
152 1
153 2
154 2
155 0
156 0
157 0
158 0
159 -2
160 -3
161 -4
162 -4
163 -5
164 -2
165 0
166 -1
167 -1
168 -1
169 0
170 2
171 1
172 2
173 1
174 0
175 0
176 -1
177 -1
178 0
179 -1
180 0
181 -1
182 0
183 1
184 1
185 2
186 1
187 1
188 0
189 -1
190 0
191 0
192 2
193 0
194 0
195 1
196 1
197 0
198 1
199 1
200 2
201 3
202 3
203 2
204 0
205 0
206 0
207 0
208 -1
209 -1
210 -3
211 -3
212 -3
213 -2
214 -1
215 1
216 1
217 1
218 0
219 -1
220 0
221 -1
222 -3
223 -3
224 -2
225 0
226 -1
227 -2
228 0
229 0
230 1
231 2
232 1
233 1
234 1
235 1
236 -1
237 0
238 1
239 0
240 -1
241 -2
242 0
243 0
244 1
245 1
246 1
247 0
248 -1
249 -3
250 -2
251 -2
252 0
253 -1
254 0
255 0
