0 0
1 0
2 0
3 0
4 0
5 0
6 0
7 0
8 0
9 0
10 -1
11 0
12 1
13 1
14 1
15 1
16 1
17 0
18 1
19 0
20 1
21 0
22 0
23 0
24 0
25 -1
26 0
27 0
28 0
29 0
30 1
31 0
32 -1
33 -1
34 0
35 1
36 1
37 1
38 1
39 1
40 2
41 1
42 1
43 0
44 0
45 -1
46 -1
47 0
48 0
49 0
50 -1
51 -1
52 0
53 0
54 0
55 0
56 1
57 0
58 0
59 0
60 0
61 0
62 0
63 0
64 0
65 -1
66 0
67 0
68 -1
69 0
70 0
71 0
72 0
73 0
74 0
75 0
76 0
77 0
78 0
79 -1
80 0
81 1
82 0
83 0
84 0
85 0
86 0
87 -1
88 0
89 0
90 0
91 0
92 -1
93 0
94 0
95 -1
96 0
97 0
98 1
99 1
100 2
101 0
102 0
103 -1
104 -1
105 0
106 0
107 0
108 0
109 0
110 0
111 0
112 -1
113 0
114 0
115 0
116 0
117 0
118 0
119 0
120 -1
121 0
122 0
123 -1
124 0
125 -1
126 -1
127 0
128 0
129 0
130 0
131 0
132 0
133 -1
134 1
135 1
136 2
137 2
138 1
139 1
140 0
141 0
142 0
143 0
144 0
145 0
146 0
147 -1
148 0
149 0
150 0
151 -1
152 0
153 0
154 0
155 -1
156 -1
157 -2
158 -1
159 0
160 0
161 0
162 0
163 0
164 1
165 0
166 0
167 -1
168 -1
169 0
170 -1
171 -1
172 -1
173 -1
174 0
175 -1
176 0
177 0
178 0
179 1
180 0
181 0
182 -1
183 0
184 0
185 0
186 1
187 0
188 0
189 0
190 0
191 0
192 1
193 0
194 0
195 0
196 1
197 2
198 1
199 -1
200 -1
201 1
202 0
203 0
204 0
205 0
206 0
207 0
208 0
209 -1
210 -2
211 -2
212 -2
213 -2
214 -1
215 1
216 0
217 0
218 0
219 0
220 -1
221 -1
222 -1
223 0
224 0
225 0
226 0
227 -1
228 0
229 1
230 1
231 1
232 0
233 0
234 0
235 0
236 0
237 0
238 -1
239 0
240 0
241 0
242 0
243 0
244 0
245 -1
246 0
247 0
248 0
249 0
250 0
251 1
252 0
253 0
254 1
255 0
