0 1
1 1
2 2
3 1
4 1
5 0
6 0
7 1
8 0
9 0
10 0
11 0
12 0
13 0
14 1
15 1
16 1
17 1
18 1
19 0
20 1
21 1
22 2
23 0
24 0
25 0
26 -2
27 -1
28 -2
29 -4
30 -3
31 -1
32 0
33 3
34 1
35 1
36 0
37 1
38 1
39 3
40 2
41 1
42 -1
43 0
44 1
45 1
46 0
47 -2
48 0
49 -1
50 -2
51 -2
52 -1
53 -3
54 -2
55 -2
56 -2
57 -3
58 -1
59 1
60 3
61 3
62 2
63 1
64 1
65 1
66 -2
67 -4
68 -5
69 -2
70 0
71 0
72 1
73 0
74 0
75 1
76 3
77 3
78 1
79 4
80 5
81 6
82 3
83 1
84 -1
85 0
86 1
87 0
88 2
89 3
90 2
91 2
92 3
93 2
94 1
95 1
96 -1
97 2
98 -1
99 -2
100 -3
101 -3
102 -2
103 -2
104 -1
105 -1
106 1
107 0
108 0
109 1
110 1
111 0
112 0
113 -1
114 1
115 -1
116 -1
117 0
118 -1
119 0
120 -1
121 0
122 2
123 1
124 -1
125 0
126 0
127 -1
128 0
129 -1
130 -1
131 1
132 1
133 -1
134 2
135 1
136 0
137 -1
138 -1
139 -2
140 -2
141 -1
142 0
143 2
144 0
145 1
146 2
147 2
148 1
149 1
150 2
151 2
152 1
153 1
154 2
155 2
156 2
157 1
158 0
159 -2
160 -3
161 -2
162 -1
163 -1
164 -1
165 -1
166 -4
167 -5
168 -5
169 -3
170 -4
171 -5
172 -4
173 -1
174 -3
175 -2
176 -1
177 -1
178 -2
179 -2
180 -1
181 2
182 0
183 -2
184 -2
185 -3
186 -2
187 -2
188 1
189 0
190 1
191 1
192 2
193 0
194 -1
195 1
196 0
197 1
198 0
199 1
200 0
201 0
202 -1
203 -1
204 -1
205 -2
206 0
207 -1
208 1
209 -1
210 1
211 1
212 1
213 0
214 1
215 3
216 4
217 3
218 0
219 1
220 -2
221 -2
222 -3
223 0
224 1
225 1
226 1
227 1
228 1
229 0
230 0
231 1
232 2
233 1
234 1
235 0
236 -1
237 -1
238 1
239 0
240 -2
241 -1
242 0
243 -2
244 -2
245 -2
246 -2
247 -1
248 -1
249 1
250 1
251 0
252 0
253 -1
254 1
255 2
