0 0
1 -1
2 0
3 2
4 3
5 2
6 1
7 3
8 2
9 4
10 5
11 7
12 9
13 11
14 11
15 12
16 10
17 7
18 8
19 3
20 3
21 6
22 5
23 6
24 6
25 9
26 9
27 5
28 3
29 3
30 1
31 2
32 5
33 4
34 2
35 0
36 1
37 -1
38 0
39 2
40 3
41 1
42 -2
43 -2
44 -2
45 -6
46 -7
47 -5
48 -5
49 -8
50 -8
51 -5
52 -3
53 -4
54 -3
55 -2
56 -4
57 -3
58 -1
59 -3
60 -3
61 -3
62 -2
63 -5
64 -5
65 -6
66 -5
67 -8
68 -10
69 -11
70 -11
71 -12
72 -15
73 -15
74 -14
75 -12
76 -11
77 -9
78 -7
79 -5
80 -4
81 -5
82 -5
83 -7
84 -3
85 -7
86 -9
87 -8
88 -7
89 -6
90 -1
91 -1
92 -2
93 0
94 1
95 2
96 1
97 1
98 1
99 -1
100 1
101 -1
102 -4
103 -5
104 -5
105 -7
106 -6
107 -9
108 -7
109 -10
110 -14
111 -16
112 -17
113 -16
114 -15
115 -15
116 -16
117 -15
118 -16
119 -12
120 -13
121 -11
122 -10
123 -11
124 -13
125 -18
126 -19
127 -17
128 -18
129 -22
130 -22
131 -20
132 -21
133 -19
134 -21
135 -20
136 -18
137 -20
138 -20
139 -20
140 -19
141 -19
142 -15
143 -17
144 -20
145 -19
146 -20
147 -20
148 -22
149 -16
150 -15
151 -18
152 -16
153 -16
154 -12
155 -13
156 -13
157 -12
158 -11
159 -13
160 -10
161 -11
162 -9
163 -10
164 -9
165 -8
166 -8
167 -7
168 -7
169 -7
170 -9
171 -12
172 -10
173 -10
174 -9
175 -10
176 -8
177 -10
178 -13
179 -12
180 -16
181 -17
182 -18
183 -19
184 -18
185 -17
186 -16
187 -15
188 -18
189 -17
190 -16
191 -10
192 -10
193 -8
194 -11
195 -8
196 -10
197 -10
198 -10
199 -13
200 -13
201 -13
202 -11
203 -10
204 -10
205 -10
206 -11
207 -13
208 -11
209 -9
210 -4
211 -2
212 -3
213 -2
214 -2
215 1
216 0
217 0
218 -1
219 -4
220 -4
221 -4
222 -5
223 -6
224 -5
225 -3
226 0
227 2
228 2
229 3
230 3
231 4
232 1
233 2
234 1
235 2
236 0
237 3
238 4
239 7
240 8
241 6
242 6
243 4
244 5
245 5
246 4
247 2
248 4
249 4
250 4
251 4
252 1
253 0
254 1
255 2
