0 -26.6264
0.1 -27.0593
0.2 -26.5904
0.3 -25.8836
0.4 -25.5103
0.5 -24.1981
0.6 -24.1932
0.7 -25.0603
0.8 -24.8671
0.9 -23.9292
1 -22.813
1.1 -23.1224
1.2 -24.2864
1.3 -25.9842
1.4 -26.742
1.5 -29.435
1.6 -29.0744
1.7 -30.171
1.8 -31.1166
1.9 -30.3022
2 -32.84
2.1 -29.833
2.2 -31.1574
2.3 -31.463
2.4 -27.6757
2.5 -28.5097
2.6 -28.1899
2.7 -28.2783
2.8 -29.5048
2.9 -31.7357
3 -30.9702
3.1 -30.2738
3.2 -29.034
3.3 -27.9473
3.4 -27.9224
3.5 -31.2389
3.6 -28.0032
3.7 -31.997
3.8 -31.8053
3.9 -31.5227
4 -32.308
4.1 -33.4733
4.2 -30.834
4.3 -30.6379
4.4 -31.1036
4.5 -29.6192
4.6 -27.7519
4.7 -26.7777
4.8 -25.5753
4.9 -25.8307
5 -27.0801
5.1 -28.2171
5.2 -26.3088
5.3 -24.8124
5.4 -22.5567
5.5 -23.0306
5.6 -26.4872
5.7 -26.0165
5.8 -24.2517
5.9 -24.1986
6 -23.3868
6.1 -23.9683
6.2 -23.3859
6.3 -23.1141
6.4 -25.4184
6.5 -22.5081
6.6 -20.7014
6.7 -20.6743
6.8 -19.0593
6.9 -18.8003
7 -20.3994
7.1 -21.3656
7.2 -20.9309
7.3 -23.6996
7.4 -23.8526
7.5 -26.3757
7.6 -23.9417
7.7 -26.0635
7.8 -26.9974
7.9 -25.6536
8 -26.6597
8.1 -25.797
8.2 -26.7252
8.3 -27.7564
8.4 -27.3092
8.5 -26.2668
8.6 -26.9092
8.7 -26.5643
8.8 -24.6932
8.9 -26.241
9 -26.2023
9.1 -25.3274
9.2 -25.8671
9.3 -22.6451
9.4 -26.4081
9.5 -24.2558
9.6 -22.6889
9.7 -22.6414
9.8 -20.1423
9.9 -19.964
10 -19.1419
10.1 -19.4713
10.2 -19.781
10.3 -20.6077
10.4 -19.1004
10.5 -18.7867
10.6 -19.0209
10.7 -20.6851
10.8 -24.1292
10.9 -23.6178
11 -25.311
11.1 -28.0357
11.2 -27.8531
11.3 -26.6365
11.4 -25.7101
11.5 -25.8818
11.6 -25.0893
11.7 -24.3454
11.8 -22.6242
11.9 -21.9422
12 -21.6557
12.1 -20.4336
12.2 -21.5564
12.3 -22.5726
12.4 -21.8585
12.5 -21.1888
12.6 -20.8666
12.7 -20.2187
12.8 -22.3864
12.9 -22.8111
13 -22.9595
13.1 -22.3722
13.2 -22.7995
13.3 -21.4828
13.4 -22.647
13.5 -21.5366
13.6 -21.7927
13.7 -20.923
13.8 -20.8921
13.9 -20.3014
14 -18.7024
14.1 -18.1353
14.2 -17.6852
14.3 -16.5387
14.4 -16.2548
14.5 -15.3543
14.6 -15.0344
14.7 -15.1194
14.8 -14.0629
14.9 -14.1701
15 -18.3504
15.1 -16.5429
15.2 -15.8775
15.3 -16.3073
15.4 -16.7233
15.5 -17.145
15.6 -18.5276
15.7 -19.7129
15.8 -20.0838
15.9 -21.165
16 -20.1007
16.1 -25.0254
16.2 -26.757
16.3 -25.8876
16.4 -25.2005
16.5 -26.0264
16.6 -25.2427
16.7 -24.26
16.8 -26.7906
16.9 -27.6798
17 -26.5852
17.1 -31.2046
17.2 -32.1075
17.3 -32.8016
17.4 -32.739
17.5 -30.8394
17.6 -29.1968
17.7 -28.9296
17.8 -26.4225
17.9 -26.9188
18 -26.7268
18.1 -28.4775
18.2 -27.6393
18.3 -26.0607
18.4 -25.349
18.5 -25.3054
18.6 -24.1605
18.7 -24.5803
18.8 -25.1167
18.9 -22.327
19 -23.1242
19.1 -21.7223
19.2 -21.2959
19.3 -19.319
19.4 -21.4392
19.5 -22.514
19.6 -21.8523
19.7 -22.5356
19.8 -19.6982
19.9 -21.2884
20 -22.5444
20.1 -21.9736
20.2 -21.2961
20.3 -21.5742
20.4 -21.7053
20.5 -22.5982
20.6 -22.3429
20.7 -23.588
20.8 -24.745
20.9 -25.6751
21 -21.5495
21.1 -20.9895
21.2 -19.8892
21.3 -21.172
21.4 -18.9765
21.5 -18.2126
21.6 -20.8873
21.7 -22.8444
21.8 -23.4858
21.9 -22.6234
22 -22.5705
22.1 -21.9265
22.2 -22.271
22.3 -23.4412
22.4 -22.975
22.5 -22.8678
22.6 -23.1595
22.7 -24.2756
22.8 -24.2362
22.9 -25.3047
23 -23.9408
23.1 -23.0602
23.2 -22.1346
23.3 -23.568
23.4 -24.2493
23.5 -23.4252
23.6 -22.7092
23.7 -23.7485
23.8 -28.0695
23.9 -26.7714
24 -26.2987
24.1 -27.7817
24.2 -28.9939
24.3 -28.5176
24.4 -28.7596
24.5 -30.5116
24.6 -31.7026
24.7 -32.5353
24.8 -30.9712
24.9 -32.2175
25 -30.8443
25.1 -29.8643
25.2 -32.52
25.3 -31.0994
25.4 -31.435
25.5 -33.5905
25.6 -34.3362
25.7 -36.0479
25.8 -37.7517
25.9 -36.385
26 -33.7256
26.1 -33.4561
26.2 -34.8668
26.3 -34.7452
26.4 -35.3197
26.5 -37.8728
26.6 -37.4325
26.7 -39.4206
26.8 -39.0898
26.9 -42.6575
27 -43.8559
27.1 -40.4088
27.2 -40.5641
27.3 -40.5208
27.4 -39.1953
27.5 -39.9281
27.6 -39.1606
27.7 -40.1057
27.8 -40.0946
27.9 -39.4915
28 -37.3797
28.1 -35.5298
28.2 -38.3516
28.3 -38.4613
28.4 -36.5965
28.5 -38.5286
28.6 -38.9188
28.7 -36.4491
28.8 -36.4672
28.9 -36.9872
29 -36.215
29.1 -35.1944
29.2 -36.3239
29.3 -35.0501
29.4 -36.0356
29.5 -35.4053
29.6 -36.623
29.7 -36.4469
29.8 -34.6321
29.9 -34.5484
30 -34.4036
30.1 -34.1537
30.2 -32.11
30.3 -31.8642
30.4 -28.6911
30.5 -29.006
30.6 -28.0456
30.7 -28.8315
30.8 -29.4754
30.9 -30.4704
31 -28.9558
31.1 -30.7599
31.2 -34.7389
31.3 -34.4734
31.4 -36.702
31.5 -37.564
31.6 -37.1414
31.7 -35.3377
31.8 -35.5669
31.9 -38.4872
32 -40.1533
32.1 -39.4056
32.2 -39.0136
32.3 -39.2138
32.4 -40.2894
32.5 -38.2649
32.6 -39.5364
32.7 -39.0615
32.8 -37.2782
32.9 -36.4564
33 -38.1785
33.1 -37.6068
33.2 -36.2454
33.3 -38.8291
33.4 -40.9603
33.5 -42.8818
33.6 -43.5091
33.7 -45.5039
33.8 -47.8165
33.9 -45.738
34 -45.8055
34.1 -46.0006
34.2 -45.9561
34.3 -46.5879
34.4 -45.8297
34.5 -46.9138
34.6 -44.8517
34.7 -46.2996
34.8 -44.8
34.9 -46.3826
35 -45.4751
35.1 -44.812
35.2 -43.7351
35.3 -46.3402
35.4 -45.6095
35.5 -44.4911
35.6 -44.4522
35.7 -45.2768
35.8 -44.6399
35.9 -45.5585
36 -44.0173
36.1 -45.1163
36.2 -48.0236
36.3 -44.0207
36.4 -42.3069
36.5 -42.155
36.6 -43.8595
36.7 -45.3216
36.8 -45.373
36.9 -47.5913
37 -48.6295
37.1 -48.0485
37.2 -42.9564
37.3 -43.8061
37.4 -45.2976
37.5 -47.8059
37.6 -46.1412
37.7 -46.7606
37.8 -46.9183
37.9 -46.9649
38 -46.3047
38.1 -45.3758
38.2 -44.296
38.3 -44.5877
38.4 -46.3471
38.5 -46.0543
38.6 -41.9881
38.7 -42.7289
38.8 -41.6497
38.9 -40.6032
39 -39.4413
39.1 -38.0323
39.2 -39.1264
39.3 -40.9731
39.4 -40.4979
39.5 -41.9977
39.6 -42.5483
39.7 -41.5504
39.8 -43.144
39.9 -39.4765
40 -40.2289
40.1 -41.439
40.2 -41.6572
40.3 -38.4488
40.4 -38.6912
40.5 -43.3087
40.6 -44.5522
40.7 -43.4535
40.8 -40.8765
40.9 -41.7335
41 -39.303
41.1 -38.7027
41.2 -37.9597
41.3 -38.3751
41.4 -37.0726
41.5 -36.0412
41.6 -36.6071
41.7 -35.4613
41.8 -33.3378
41.9 -35.8103
42 -34.3789
42.1 -31.5275
42.2 -32.9178
42.3 -32.7691
42.4 -34.4883
42.5 -31.8631
42.6 -30.9687
42.7 -29.0106
42.8 -29.5007
42.9 -27.6938
43 -26.2849
43.1 -27.8996
43.2 -24.8885
43.3 -26.496
43.4 -27.038
43.5 -28.0375
43.6 -28.8527
43.7 -31.7986
43.8 -30.9997
43.9 -30.4872
44 -31.649
44.1 -31.2339
44.2 -31.5265
44.3 -26.263
44.4 -29.5008
44.5 -30.8214
44.6 -32.6119
44.7 -34.1174
44.8 -33.7611
44.9 -33.4717
45 -34.8966
45.1 -37.8675
45.2 -36.435
45.3 -34.9119
45.4 -35.3155
45.5 -34.5217
45.6 -34.1151
45.7 -35.2147
45.8 -35.4881
45.9 -37.2113
46 -36.4058
46.1 -37.4507
46.2 -36.4286
46.3 -36.3148
46.4 -37.6008
46.5 -36.4521
46.6 -38.5644
46.7 -38.7131
46.8 -40.0804
46.9 -37.9807
47 -38.2295
47.1 -37.2066
47.2 -37.0603
47.3 -36.8211
47.4 -35.6218
47.5 -33.076
47.6 -34.0227
47.7 -32.5239
47.8 -33.3738
47.9 -36.3081
48 -36.274
48.1 -36.1297
48.2 -36.1439
48.3 -35.6897
48.4 -36.1058
48.5 -35.0358
48.6 -35.6903
48.7 -35.9485
48.8 -35.1782
48.9 -35.0203
49 -35.2036
49.1 -36.2461
49.2 -35.5266
49.3 -32.8748
49.4 -29.1086
49.5 -28.7134
49.6 -28.4013
49.7 -28.867
49.8 -30.4796
49.9 -32.0026
50 -35.9931
50.1 -35.0633
50.2 -34.9499
50.3 -37.7701
50.4 -36.4791
50.5 -34.6054
50.6 -32.7639
50.7 -32.8361
50.8 -33.9358
50.9 -34.407
51 -31.1088
51.1 -33.8454
51.2 -32.4779
51.3 -33.9266
51.4 -33.206
51.5 -35.2731
51.6 -39.339
51.7 -38.0435
51.8 -37.8309
51.9 -35.7266
52 -36.0697
52.1 -35.7162
52.2 -38.4225
52.3 -39.6111
52.4 -39.3712
52.5 -37.031
52.6 -37.1631
52.7 -38.2619
52.8 -36.9908
52.9 -35.8793
53 -34.3572
53.1 -34.9815
53.2 -36.0343
53.3 -34.4611
53.4 -34.5369
53.5 -34.5382
53.6 -34.6315
53.7 -34.6968
53.8 -35.7124
53.9 -37.3936
54 -39.7523
54.1 -40.1475
54.2 -37.4913
54.3 -38.5954
54.4 -39.8161
54.5 -37.2913
54.6 -39.9386
54.7 -38.1189
54.8 -38.0228
54.9 -38.0102
55 -38.0704
55.1 -39.9561
55.2 -43.2204
55.3 -41.547
55.4 -47.6351
55.5 -47.8874
55.6 -47.1046
55.7 -49.1682
55.8 -49.7397
55.9 -47.8747
56 -51.0865
56.1 -48.8663
56.2 -49.4414
56.3 -49.9707
56.4 -47.7702
56.5 -49.1502
56.6 -48.7294
56.7 -49.2456
56.8 -49.1262
56.9 -49.3807
57 -49.6819
57.1 -49.4731
57.2 -49.6874
57.3 -50.5524
57.4 -50.868
57.5 -53.9806
57.6 -54.7559
57.7 -55.6587
57.8 -56.3415
57.9 -53.7218
58 -53.2359
58.1 -50.5305
58.2 -47.4716
58.3 -48.4607
58.4 -50.7643
58.5 -50.6906
58.6 -49.2339
58.7 -50.0607
58.8 -49.8042
58.9 -49.3548
59 -48.2698
59.1 -49.8942
59.2 -48.6689
59.3 -48.9676
59.4 -50.4962
59.5 -50.5094
59.6 -51.2591
59.7 -50.5856
59.8 -50.4746
59.9 -51.3629
60 -53.1085
60.1 -50.7348
60.2 -52.1118
60.3 -51.411
60.4 -52.9508
60.5 -49.9637
60.6 -49.3974
60.7 -48.6324
60.8 -49.8236
60.9 -52.7082
61 -50.2566
61.1 -50.7518
61.2 -52.1139
61.3 -52.9388
61.4 -52.4634
61.5 -51.0102
61.6 -52.3473
61.7 -53.1746
61.8 -54.9174
61.9 -54.7422
62 -51.9506
62.1 -50.0552
62.2 -49.8261
62.3 -49.0914
62.4 -45.6605
62.5 -45.0352
62.6 -43.9916
62.7 -43.8112
62.8 -45.3286
62.9 -46.1833
63 -47.4151
63.1 -47.3333
63.2 -44.6038
63.3 -43.2844
63.4 -42.5077
63.5 -43.4566
63.6 -41.0698
63.7 -41.3174
63.8 -41.4011
63.9 -40.2617
64 -40.4698
64.1 -42.0838
64.2 -43.1846
64.3 -42.2287
64.4 -40.8615
64.5 -40.4886
64.6 -40.5744
64.7 -40.8181
64.8 -38.8609
64.9 -38.8177
65 -38.5464
65.1 -38.2179
65.2 -35.8041
65.3 -35.8
65.4 -36.3329
65.5 -35.7466
65.6 -35.9669
65.7 -35.4963
65.8 -35.7311
65.9 -34.44
66 -36.2748
66.1 -33.8565
66.2 -34.9429
66.3 -36.0986
66.4 -37.9271
66.5 -41.0079
66.6 -41.3835
66.7 -41.7822
66.8 -41.5472
66.9 -39.0675
67 -41.5792
67.1 -40.4044
67.2 -40.0331
67.3 -40.4615
67.4 -39.0067
67.5 -42.8407
67.6 -42.8878
67.7 -42.7671
67.8 -44.9551
67.9 -42.3754
68 -44.9937
68.1 -45.3555
68.2 -46.4163
68.3 -45.6753
68.4 -44.1212
68.5 -45.6583
68.6 -44.5252
68.7 -44.9243
68.8 -44.608
68.9 -45.9137
69 -42.1019
69.1 -44.0905
69.2 -44.179
69.3 -43.3881
69.4 -41.8407
69.5 -40.4609
69.6 -39.4626
69.7 -38.5101
69.8 -36.9111
69.9 -36.8612
70 -36.0344
70.1 -34.7685
70.2 -32.7677
70.3 -31.9584
70.4 -34.5031
70.5 -33.192
70.6 -34.8894
70.7 -33.0934
70.8 -32.4111
70.9 -31.3454
71 -31.1324
71.1 -30.9259
71.2 -33.5563
71.3 -32.1626
71.4 -32.9663
71.5 -32.8758
71.6 -30.3819
71.7 -31.8311
71.8 -33.9441
71.9 -33.8861
72 -36.1784
72.1 -36.3773
72.2 -37.7352
72.3 -39.1533
72.4 -40.0303
72.5 -40.4044
72.6 -44.2129
72.7 -42.9826
72.8 -44.0149
72.9 -43.6561
73 -43.5303
73.1 -44.1553
73.2 -42.8529
73.3 -42.8881
73.4 -45.07
73.5 -46.9004
73.6 -45.2894
73.7 -45.7903
73.8 -46.4895
73.9 -43.9502
74 -45.9051
74.1 -45.6505
74.2 -44.466
74.3 -46.4082
74.4 -47.1335
74.5 -47.0097
74.6 -44.6197
74.7 -47.848
74.8 -48.0662
74.9 -48.8348
75 -45.8541
75.1 -45.0396
75.2 -44.5149
75.3 -43.9845
75.4 -43.587
75.5 -42.012
75.6 -42.7094
75.7 -42.6831
75.8 -42.1941
75.9 -40.4551
76 -39.7674
76.1 -37.4369
76.2 -35.4836
76.3 -39.1835
76.4 -36.9261
76.5 -37.1352
76.6 -37.949
76.7 -34.8927
76.8 -35.9249
76.9 -36.3182
77 -35.3511
77.1 -35.19
77.2 -35.6078
77.3 -35.5648
77.4 -35.1592
77.5 -36.6167
77.6 -37.8867
77.7 -36.5151
77.8 -36.123
77.9 -35.4588
78 -35.1664
78.1 -36.457
78.2 -36.9177
78.3 -35.9081
78.4 -34.1441
78.5 -35.9613
78.6 -33.4042
78.7 -33.2164
78.8 -35.7051
78.9 -37.6513
79 -37.8476
79.1 -38.2406
79.2 -39.3006
79.3 -40.4467
79.4 -39.3056
79.5 -40.1901
79.6 -40.0873
79.7 -39.5019
79.8 -39.9109
79.9 -38.6539
80 -40.8319
80.1 -40.5906
80.2 -38.9278
80.3 -39.5994
80.4 -38.4998
80.5 -40.0105
80.6 -37.8939
80.7 -37.9944
80.8 -36.8827
80.9 -36.5005
81 -35.2972
81.1 -36.2019
81.2 -33.0351
81.3 -31.4499
81.4 -28.5255
81.5 -29.5784
81.6 -29.0817
81.7 -27.4803
81.8 -28.7082
81.9 -26.3169
82 -26.3829
82.1 -22.1069
82.2 -20.1483
82.3 -21.5451
82.4 -21.7422
82.5 -20.6545
82.6 -22.7898
82.7 -20.5383
82.8 -21.8792
82.9 -23.6172
83 -24.0263
83.1 -24.0347
83.2 -22.0985
83.3 -20.435
83.4 -22.0387
83.5 -21.6029
83.6 -22.2779
83.7 -20.4751
83.8 -20.9737
83.9 -21.4751
84 -23.0027
84.1 -21.8168
84.2 -21.5099
84.3 -22.5342
84.4 -22.6068
84.5 -23.9915
84.6 -23.4139
84.7 -22.4595
84.8 -22.3987
84.9 -22.8986
85 -22.5576
85.1 -23.0127
85.2 -21.7064
85.3 -22.0255
85.4 -22.9784
85.5 -22.1636
85.6 -21.206
85.7 -21.9494
85.8 -23.8978
85.9 -22.3601
86 -19.9329
86.1 -22.2928
86.2 -20.2723
86.3 -20.206
86.4 -20.0347
86.5 -19.8682
86.6 -18.5539
86.7 -18.8266
86.8 -16.1532
86.9 -15.9361
87 -20.5446
87.1 -19.6855
87.2 -22.7644
87.3 -24.4275
87.4 -24.2132
87.5 -24.3594
87.6 -23.1168
87.7 -22.0839
87.8 -22.8078
87.9 -21.8215
88 -20.1435
88.1 -18.4803
88.2 -17.7503
88.3 -17.9506
88.4 -17.6837
88.5 -15.6514
88.6 -16.4637
88.7 -18.6422
88.8 -17.1622
88.9 -19.4703
89 -20.7464
89.1 -21.3435
89.2 -21.4814
89.3 -18.4244
89.4 -17.2804
89.5 -15.4958
89.6 -17.0124
89.7 -16.8498
89.8 -15.7147
89.9 -14.923
90 -13.7003
90.1 -14.2564
90.2 -18.6816
90.3 -18.9853
90.4 -20.1174
90.5 -16.4421
90.6 -16.0812
90.7 -16.9014
90.8 -16.444
90.9 -15.3189
91 -15.1087
91.1 -15.4982
91.2 -13.1219
91.3 -11.8324
91.4 -9.35941
91.5 -8.09654
91.6 -9.89774
91.7 -10.334
91.8 -9.74867
91.9 -9.29971
92 -13.0962
92.1 -15.3895
92.2 -14.9362
92.3 -15.0414
92.4 -14.9412
92.5 -12.5293
92.6 -14.6105
92.7 -12.0673
92.8 -14.7864
92.9 -17.9261
93 -18.1017
93.1 -17.9646
93.2 -16.3717
93.3 -13.4878
93.4 -14.7786
93.5 -15.3442
93.6 -16.9346
93.7 -18.5208
93.8 -18.6191
93.9 -18.452
94 -16.609
94.1 -15.6427
94.2 -12.732
94.3 -11.4401
94.4 -9.93256
94.5 -8.16775
94.6 -7.25419
94.7 -5.93605
94.8 -7.39193
94.9 -7.11676
95 -7.87351
95.1 -7.13086
95.2 -6.2158
95.3 -6.51137
95.4 -6.97622
95.5 -8.81597
95.6 -11.7646
95.7 -11.827
95.8 -12.5233
95.9 -11.894
96 -13.4487
96.1 -13.3688
96.2 -14.3768
96.3 -14.7455
96.4 -15.244
96.5 -13.6226
96.6 -13.9036
96.7 -17.3196
96.8 -16.6385
96.9 -15.0108
97 -15.1175
97.1 -14.5326
97.2 -13.2985
97.3 -11.6804
97.4 -10.9007
97.5 -10.787
97.6 -11.6097
97.7 -13.6953
97.8 -13.1218
97.9 -12.6954
98 -14.85
98.1 -16.1091
98.2 -16.6379
98.3 -16.4814
98.4 -16.8691
98.5 -15.5867
98.6 -19.1739
98.7 -19.5757
98.8 -15.4835
98.9 -14.7891
99 -15.8637
99.1 -13.1166
99.2 -13.4838
99.3 -14.0222
99.4 -12.5707
99.5 -11.2892
99.6 -11.7929
99.7 -11.5863
99.8 -13.0672
99.9 -11.2245
100 -9.59962
100.1 -11.0423
100.2 -13.816
100.3 -13.5927
100.4 -15.7321
100.5 -16.3704
100.6 -20.1925
100.7 -20.7761
100.8 -20.8182
100.9 -17.3699
101 -16.78
101.1 -18.9778
101.2 -22.5844
101.3 -21.5746
101.4 -19.7349
101.5 -19.0925
101.6 -20.0382
101.7 -20.1309
101.8 -21.4896
101.9 -22.5718
102 -23.606
102.1 -24.8775
102.2 -24.3377
102.3 -24.4016
102.4 -24.6554
102.5 -24.8853
102.6 -25.1109
102.7 -25.325
102.8 -25.3458
102.9 -25.5981
103 -25.2259
103.1 -23.1793
103.2 -25.937
103.3 -26.4867
103.4 -28.3404
103.5 -26.9216
103.6 -27.5194
103.7 -26.5143
103.8 -29.5263
103.9 -26.3679
104 -27.1151
104.1 -28.8206
104.2 -25.9861
104.3 -23.2022
104.4 -20.5119
104.5 -20.9215
104.6 -18.5108
104.7 -19.2795
104.8 -17.6945
104.9 -17.4316
105 -17.8687
105.1 -18.3672
105.2 -19.2442
105.3 -19.7253
105.4 -15.0444
105.5 -13.8392
105.6 -13.1251
105.7 -14.6896
105.8 -15.0038
105.9 -15.6706
106 -15.9613
106.1 -15.5657
106.2 -15.1294
106.3 -14.8304
106.4 -13.9597
106.5 -12.9097
106.6 -14.1982
106.7 -14.7471
106.8 -14.4263
106.9 -13.1213
107 -13.3322
107.1 -12.886
107.2 -12.8295
107.3 -13.4847
107.4 -13.5688
107.5 -16.376
107.6 -13.7674
107.7 -14.2113
107.8 -15.7681
107.9 -17.4033
108 -19.503
108.1 -15.5478
108.2 -14.572
108.3 -16.6201
108.4 -13.2591
108.5 -12.4067
108.6 -12.9826
108.7 -14.6612
108.8 -14.1054
108.9 -14.693
109 -14.3019
109.1 -15.124
109.2 -15.2342
109.3 -15.8488
109.4 -16.0574
109.5 -18.5812
109.6 -19.42
109.7 -22.1464
109.8 -23.8572
109.9 -25.7769
110 -25.2389
110.1 -26.2933
110.2 -23.1166
110.3 -23.722
110.4 -24.1336
110.5 -26.2675
110.6 -27.6929
110.7 -24.9345
110.8 -26.083
110.9 -27.3903
111 -27.5108
111.1 -26.3328
111.2 -24.7364
111.3 -25.3422
111.4 -23.4506
111.5 -22.7502
111.6 -22.9393
111.7 -23.7494
111.8 -23.8727
111.9 -23.0097
112 -19.9829
112.1 -18.1696
112.2 -17.6475
112.3 -17.6796
112.4 -17.0994
112.5 -17.0196
112.6 -15.7614
112.7 -15.6843
112.8 -16.0981
112.9 -17.2046
113 -16.7255
113.1 -13.4793
113.2 -14.0099
113.3 -11.934
113.4 -9.72458
113.5 -10.4841
113.6 -8.1812
113.7 -8.96559
113.8 -8.73109
113.9 -8.44568
114 -8.60493
114.1 -10.378
114.2 -12.6678
114.3 -14.3784
114.4 -14.9664
114.5 -13.5044
114.6 -10.5918
114.7 -10.816
114.8 -11.0995
114.9 -11.6939
115 -10.9488
115.1 -12.1106
115.2 -10.2848
115.3 -12.9178
115.4 -12.1428
115.5 -13.1203
115.6 -13.1407
115.7 -13.585
115.8 -15.2378
115.9 -16.7138
116 -16.4599
116.1 -15.8585
116.2 -17.2109
116.3 -17.449
116.4 -19.0881
116.5 -16.3034
116.6 -16.8859
116.7 -16.4098
116.8 -17.178
116.9 -17.5648
117 -18.2195
117.1 -18.3431
117.2 -19.8773
117.3 -18.6807
117.4 -16.632
117.5 -15.4302
117.6 -13.9894
117.7 -15.8565
117.8 -15.0288
117.9 -13.0527
118 -13.639
118.1 -11.7249
118.2 -12.1126
118.3 -13.6166
118.4 -14.8133
118.5 -16.9337
118.6 -15.062
118.7 -12.711
118.8 -13.3155
118.9 -13.8161
119 -13.9947
119.1 -11.7596
119.2 -11.7778
119.3 -11.6634
119.4 -12.629
119.5 -12.3171
119.6 -12.9977
119.7 -14.5264
119.8 -15.6417
119.9 -13.6776
120 -15.0648
120.1 -14.6679
120.2 -13.4663
120.3 -12.7702
120.4 -14.4472
120.5 -13.3725
120.6 -13.759
120.7 -13.1341
120.8 -11.9414
120.9 -12.8893
121 -12.4354
121.1 -12.9721
121.2 -13.9039
121.3 -14.2881
121.4 -15.9118
121.5 -18.3781
121.6 -19.0367
121.7 -18.8208
121.8 -17.5101
121.9 -20.8382
122 -21.9328
122.1 -20.5677
122.2 -21.1006
122.3 -21.807
122.4 -23.0245
122.5 -21.6586
122.6 -21.4642
122.7 -19.9619
122.8 -17.2677
122.9 -18.582
123 -15.7633
123.1 -12.1326
123.2 -9.57259
123.3 -9.9963
123.4 -8.3986
123.5 -8.16436
123.6 -6.05785
123.7 -5.66923
123.8 -6.15733
123.9 -6.01784
124 -4.80696
124.1 -5.66143
124.2 -5.12094
124.3 -4.88966
124.4 -2.51127
124.5 -6.35283
124.6 -5.24598
124.7 -2.6468
124.8 -3.08084
124.9 -2.91896
125 -2.88923
125.1 -0.286249
125.2 0.734496
125.3 0.40425
125.4 -0.226108
125.5 0.386124
125.6 -1.62475
125.7 2.04628
125.8 2.09036
125.9 1.62525
126 2.20198
126.1 1.76017
126.2 0.41673
126.3 -0.146021
126.4 1.44855
126.5 1.09648
126.6 -1.11363
126.7 -5.15059
126.8 -4.08739
126.9 -5.78394
127 -7.60493
127.1 -6.9329
127.2 -6.29059
127.3 -4.43412
127.4 -4.17967
127.5 -3.30002
127.6 -5.44114
127.7 -3.72089
127.8 -1.58456
127.9 -1.9191
128 -2.7514
128.1 -3.76573
128.2 -4.23582
128.3 -6.57872
128.4 -6.68339
128.5 -4.89307
128.6 -4.23318
128.7 -5.47068
128.8 -5.40712
128.9 -8.64025
129 -8.86866
129.1 -7.32791
129.2 -7.12605
129.3 -7.67502
129.4 -6.45377
129.5 -4.87457
129.6 -4.87755
129.7 -7.96647
129.8 -8.35074
129.9 -6.02846
130 -7.51314
130.1 -8.76871
130.2 -6.84654
130.3 -7.20937
130.4 -6.04017
130.5 -6.80669
130.6 -7.15753
130.7 -2.16209
130.8 -4.10997
130.9 -4.68406
131 -3.10426
131.1 -1.36453
131.2 -2.36695
131.3 -2.75727
131.4 -0.441779
131.5 0.109427
131.6 0.866277
131.7 -0.400925
131.8 -1.71461
131.9 -3.29942
132 -3.63018
132.1 -6.78452
132.2 -7.7254
132.3 -6.51058
132.4 -6.00985
132.5 -6.53248
132.6 -5.60976
132.7 -5.42114
132.8 -3.49088
132.9 -3.73546
133 -3.68985
133.1 -3.45281
133.2 -2.20999
133.3 -0.0964881
133.4 -0.0804068
133.5 -0.76849
133.6 0.146192
133.7 2.86451
133.8 2.67843
133.9 4.59101
134 5.0944
134.1 7.81793
134.2 6.11497
134.3 4.38469
134.4 3.59749
134.5 5.69625
134.6 4.82784
134.7 6.14546
134.8 5.12151
134.9 3.58797
135 4.17514
135.1 6.82855
135.2 5.39585
135.3 8.19335
135.4 8.69393
135.5 7.57233
135.6 6.71364
135.7 9.02173
135.8 7.76032
135.9 7.83294
136 8.56634
136.1 9.33084
136.2 7.81055
136.3 7.01627
136.4 5.32283
136.5 5.22418
136.6 6.52401
136.7 5.09479
136.8 6.84698
136.9 6.36528
137 5.22885
137.1 7.46257
137.2 7.37236
137.3 6.34317
137.4 6.95147
137.5 6.25392
137.6 5.41069
137.7 6.65045
137.8 8.71817
137.9 6.85101
138 8.67907
138.1 6.60565
138.2 5.90955
138.3 3.28929
138.4 4.42537
138.5 4.47566
138.6 4.39867
138.7 4.50072
138.8 5.83501
138.9 5.67559
139 8.34986
139.1 6.79463
139.2 9.8153
139.3 12.8223
139.4 11.288
139.5 8.39677
139.6 7.58694
139.7 6.48801
139.8 8.40123
139.9 9.14137
140 6.98449
140.1 6.28945
140.2 6.34376
140.3 5.56067
140.4 6.91974
140.5 5.099
140.6 3.36022
140.7 5.27094
140.8 6.4017
140.9 4.88684
141 5.43584
141.1 4.99836
141.2 3.83162
141.3 3.50255
141.4 4.16664
141.5 3.63266
141.6 2.32565
141.7 2.43109
141.8 2.74909
141.9 4.01313
142 4.86347
142.1 4.58424
142.2 5.76592
142.3 5.26457
142.4 5.36407
142.5 7.41584
142.6 7.10473
142.7 6.14714
142.8 8.13726
142.9 8.29441
143 8.45623
143.1 7.02222
143.2 8.40083
143.3 9.23548
143.4 8.98759
143.5 10.8457
143.6 9.19186
143.7 8.58331
143.8 6.00749
143.9 4.9372
144 4.24479
144.1 5.72622
144.2 6.17972
144.3 8.198
144.4 8.8801
144.5 11.733
144.6 11.9547
144.7 10.63
144.8 10.8393
144.9 14.7671
145 13.7645
145.1 12.4267
145.2 15.2927
145.3 14.9371
145.4 17.2743
145.5 16.6707
145.6 16.179
145.7 14.3228
145.8 13.5843
145.9 14.7451
146 10.7381
146.1 12.6271
146.2 12.7719
146.3 13.2908
146.4 11.8943
146.5 9.05917
146.6 8.80423
146.7 11.0705
146.8 10.339
146.9 8.04463
147 8.03291
147.1 5.44132
147.2 4.86981
147.3 3.48133
147.4 4.02434
147.5 3.96606
147.6 5.09952
147.7 3.92132
147.8 2.329
147.9 0.626421
148 0.938279
148.1 -1.31184
148.2 -0.263285
148.3 0.112067
148.4 -1.99233
148.5 -3.54349
148.6 -6.54669
148.7 -7.55133
148.8 -7.50149
148.9 -8.42406
149 -8.08332
149.1 -7.74114
149.2 -7.30686
149.3 -8.39604
149.4 -9.91551
149.5 -14.0256
149.6 -11.8658
149.7 -11.6992
149.8 -11.55
149.9 -12.9782
150 -12.4298
150.1 -10.3375
150.2 -10.4776
150.3 -11.2428
150.4 -14.1855
150.5 -14.7136
150.6 -15.2084
150.7 -13.4273
150.8 -14.8786
150.9 -13.634
151 -16.2996
151.1 -15.313
151.2 -15.9845
151.3 -16.83
151.4 -16.76
151.5 -19.3586
151.6 -18.9607
151.7 -18.8188
151.8 -18.5226
151.9 -16.5835
152 -15.1423
152.1 -14.3431
152.2 -14.4719
152.3 -13.7375
152.4 -12.4996
152.5 -13.3396
152.6 -11.9203
152.7 -11.0783
152.8 -12.3941
152.9 -11.5655
153 -12.9076
153.1 -13.9323
153.2 -14.7052
153.3 -13.3799
153.4 -15.0659
153.5 -14.6336
153.6 -12.9279
153.7 -14.3657
153.8 -15.9083
153.9 -16.3092
154 -14.7024
154.1 -14.254
154.2 -15.6734
154.3 -14.7579
154.4 -13.3083
154.5 -15.7131
154.6 -16.04
154.7 -17.4279
154.8 -15.3077
154.9 -15.9171
155 -14.9767
155.1 -13.7856
155.2 -12.4695
155.3 -12.9078
155.4 -12.1234
155.5 -9.87391
155.6 -11.5116
155.7 -12.6447
155.8 -12.5747
155.9 -9.12387
156 -9.85415
156.1 -7.30615
156.2 -7.06333
156.3 -8.34689
156.4 -7.08179
156.5 -8.60282
156.6 -8.45817
156.7 -8.15765
156.8 -8.85892
156.9 -10.0322
157 -7.26061
157.1 -6.11063
157.2 -3.68693
157.3 -2.15679
157.4 -0.864619
157.5 -0.419751
157.6 -3.97281
157.7 -4.70126
157.8 -3.84842
157.9 -5.49782
158 -4.26857
158.1 -4.23327
158.2 -3.73137
158.3 -2.05583
158.4 -3.12033
158.5 -0.20754
158.6 -3.70229
158.7 -4.54271
158.8 -7.03838
158.9 -8.51467
159 -7.45775
159.1 -5.73443
159.2 -4.92014
159.3 -5.78615
159.4 -3.32369
159.5 -2.69646
159.6 -2.79802
159.7 -4.44783
159.8 -5.00801
159.9 -2.88696
160 -4.64031
160.1 -7.43387
160.2 -7.38917
160.3 -10.1806
160.4 -10.7153
160.5 -11.9501
160.6 -13.5368
160.7 -14.8954
160.8 -14.7047
160.9 -17.2055
161 -15.9517
161.1 -15.9145
161.2 -19.0409
161.3 -18.0661
161.4 -16.7673
161.5 -16.541
161.6 -15.3996
161.7 -15.208
161.8 -14.6759
161.9 -14.4402
162 -16.8899
162.1 -15.4639
162.2 -16.5766
162.3 -17.3125
162.4 -16.7446
162.5 -13.5073
162.6 -13.0805
162.7 -11.5039
162.8 -12.1804
162.9 -12.9524
163 -12.4439
163.1 -11.2436
163.2 -10.6725
163.3 -9.63548
163.4 -9.7102
163.5 -10.1986
163.6 -9.91897
163.7 -10.0048
163.8 -11.2292
163.9 -9.27103
164 -9.04676
164.1 -10.3678
164.2 -9.7915
164.3 -8.0533
164.4 -9.63008
164.5 -9.86219
164.6 -10.7329
164.7 -10.2464
164.8 -10.2441
164.9 -8.42259
165 -6.32922
165.1 -5.75676
165.2 -6.84703
165.3 -7.1585
165.4 -4.90496
165.5 -5.08469
165.6 -5.66179
165.7 -6.38187
165.8 -5.01366
165.9 -8.04872
166 -8.16807
166.1 -7.7818
166.2 -7.21024
166.3 -7.77521
166.4 -6.91837
166.5 -6.25849
166.6 -7.51345
166.7 -4.86353
166.8 -7.98697
166.9 -6.33845
167 -7.28576
167.1 -8.89419
167.2 -8.85312
167.3 -9.98478
167.4 -10.8735
167.5 -11.1169
167.6 -9.83862
167.7 -9.06949
167.8 -8.28778
167.9 -9.36752
168 -11.265
168.1 -13.7161
168.2 -12.5799
168.3 -10.7597
168.4 -11.8442
168.5 -11.5702
168.6 -12.8926
168.7 -12.1425
168.8 -14.293
168.9 -14.6959
169 -13.4286
169.1 -12.6433
169.2 -11.409
169.3 -11.4119
169.4 -10.1387
169.5 -8.9557
169.6 -8.8227
169.7 -6.00582
169.8 -7.45113
169.9 -8.44374
170 -8.41937
170.1 -6.83464
170.2 -4.21622
170.3 -2.40096
170.4 0.0252666
170.5 0.0269297
170.6 -0.00462315
170.7 0.20588
170.8 1.06507
170.9 1.14964
171 -0.530736
171.1 -2.88283
171.2 -3.21007
171.3 -3.91976
171.4 -4.60069
171.5 -8.13413
171.6 -9.6038
171.7 -8.29921
171.8 -5.6157
171.9 -4.83441
172 -7.51663
172.1 -8.11137
172.2 -8.42935
172.3 -7.89334
172.4 -8.95215
172.5 -8.93792
172.6 -7.96815
172.7 -4.34768
172.8 -3.07522
172.9 -3.27428
173 -2.73531
173.1 0.51113
173.2 -0.874498
173.3 -0.344807
173.4 0.555041
173.5 -2.77382
173.6 -6.17897
173.7 -5.89539
173.8 -5.49182
173.9 -4.55002
174 -3.85119
174.1 -3.10216
174.2 -4.25714
174.3 -1.63597
174.4 -3.48983
174.5 -5.19032
174.6 -7.28653
174.7 -7.39034
174.8 -8.38887
174.9 -8.46787
175 -5.50643
175.1 -7.68945
175.2 -5.67106
175.3 -7.61662
175.4 -7.35886
175.5 -2.60848
175.6 -6.28359
175.7 -7.22092
175.8 -5.83114
175.9 -6.32719
176 -7.24941
176.1 -7.92987
176.2 -11.4488
176.3 -10.9866
176.4 -8.47235
176.5 -6.49478
176.6 -6.1554
176.7 -6.79881
176.8 -5.5885
176.9 -3.34634
177 -3.47375
177.1 -3.01712
177.2 -4.64514
177.3 -5.38429
177.4 -6.38117
177.5 -7.26515
177.6 -6.76034
177.7 -5.54276
177.8 -7.50666
177.9 -8.70057
178 -7.79426
178.1 -9.21445
178.2 -9.71541
178.3 -10.5322
178.4 -10.2703
178.5 -12.27
178.6 -14.1805
178.7 -13.8483
178.8 -16.0987
178.9 -16.5202
179 -18.7107
179.1 -20.517
179.2 -19.1259
179.3 -19.4105
179.4 -21.0342
179.5 -20.2889
179.6 -19.3988
179.7 -20.7015
179.8 -21.3669
179.9 -24.1602
180 -24.436
180.1 -22.9878
180.2 -20.4421
180.3 -18.4011
180.4 -17.1266
180.5 -18.928
180.6 -22.117
180.7 -20.414
180.8 -22.2089
180.9 -23.0795
181 -25.8485
181.1 -29.2859
181.2 -31.1845
181.3 -31.1738
181.4 -30.9021
181.5 -31.2248
181.6 -30.9103
181.7 -32.8365
181.8 -34.38
181.9 -35.2471
182 -35.6879
182.1 -37.6104
182.2 -37.8056
182.3 -37.4295
182.4 -38.3215
182.5 -40.6916
182.6 -39.8137
182.7 -40.0104
182.8 -37.6809
182.9 -35.6168
183 -35.6066
183.1 -31.7216
183.2 -32.2602
183.3 -33.6971
183.4 -34.053
183.5 -35.3355
183.6 -34.751
183.7 -33.7848
183.8 -34.318
183.9 -36.5387
184 -35.4077
184.1 -36.8339
184.2 -38.2777
184.3 -39.519
184.4 -39.7073
184.5 -40.0565
184.6 -42.0274
184.7 -43.0333
184.8 -40.7281
184.9 -39.071
185 -41.7034
185.1 -41.969
185.2 -39.274
185.3 -39.3226
185.4 -40.0742
185.5 -39.7911
185.6 -38.8729
185.7 -39.3033
185.8 -39.2917
185.9 -39.2883
186 -39.3744
186.1 -39.7172
186.2 -36.6838
186.3 -36.3468
186.4 -37.3634
186.5 -38.57
186.6 -36.7468
186.7 -38.6438
186.8 -38.9079
186.9 -40.4105
187 -40.3343
187.1 -37.3005
187.2 -36.6967
187.3 -35.8439
187.4 -37.0971
187.5 -37.2436
187.6 -34.1681
187.7 -34.8295
187.8 -33.7852
187.9 -33.8099
188 -29.9659
188.1 -28.2355
188.2 -28.7177
188.3 -28.2876
188.4 -27.6973
188.5 -28.8861
188.6 -31.2392
188.7 -32.1662
188.8 -28.331
188.9 -29.0221
189 -27.4414
189.1 -26.9272
189.2 -27.8278
189.3 -30.2659
189.4 -28.1162
189.5 -29.2842
189.6 -30.375
189.7 -30.3396
189.8 -31.5935
189.9 -30.7279
190 -28.8123
190.1 -26.5045
190.2 -25.6969
190.3 -25.4905
190.4 -24.9371
190.5 -27.1135
190.6 -27.6579
190.7 -27.5319
190.8 -27.4434
190.9 -27.2092
191 -27.7758
191.1 -28.1636
191.2 -27.8737
191.3 -28.7009
191.4 -27.9126
191.5 -29.8082
191.6 -29.6285
191.7 -30.5334
191.8 -32.5342
191.9 -31.7673
192 -29.7177
192.1 -32.5497
192.2 -32.4233
192.3 -30.9697
192.4 -29.9062
192.5 -32.5109
192.6 -32.601
192.7 -33.2274
192.8 -31.2536
192.9 -31.8023
193 -32.9414
193.1 -32.5362
193.2 -34.9364
193.3 -32.6949
193.4 -33.3397
193.5 -33.9578
193.6 -34.5839
193.7 -35.7492
193.8 -36.1245
193.9 -38.8504
194 -40.1167
194.1 -39.3531
194.2 -40.1649
194.3 -38.048
194.4 -37.6427
194.5 -40.1761
194.6 -37.3295
194.7 -38.6191
194.8 -40.3804
194.9 -38.7721
195 -41.4643
195.1 -41.9937
195.2 -43.3175
195.3 -41.9803
195.4 -41.0653
195.5 -38.7671
195.6 -38.313
195.7 -38.2018
195.8 -39.9609
195.9 -39.4959
196 -39.2756
196.1 -38.3955
196.2 -39.494
196.3 -41.4091
196.4 -40.7482
196.5 -41.9545
196.6 -43.0633
196.7 -44.0588
196.8 -43.8308
196.9 -43.5008
197 -41.9953
197.1 -41.8769
197.2 -41.5269
197.3 -41.2454
197.4 -44.0507
197.5 -38.8728
197.6 -39.8793
197.7 -36.5534
197.8 -35.4188
197.9 -35.4188
198 -38.1779
198.1 -37.2156
198.2 -36.4248
198.3 -38.8832
198.4 -35.8559
198.5 -36.1892
198.6 -33.3645
198.7 -32.5705
198.8 -36.7197
198.9 -33.163
199 -33.8688
199.1 -33.1095
199.2 -35.8212
199.3 -36.0591
199.4 -34.0985
199.5 -34.5382
199.6 -34.8654
199.7 -33.9133
199.8 -33.1403
199.9 -31.5291
200 -26.9632
200.1 -27.004
200.2 -25.329
200.3 -23.7296
200.4 -25.6377
200.5 -23.4654
200.6 -21.6521
200.7 -24.7322
200.8 -26.5988
200.9 -29.9957
201 -32.7991
201.1 -33.3234
201.2 -36.5348
201.3 -37.4631
201.4 -35.6895
201.5 -34.889
201.6 -34.6449
201.7 -33.121
201.8 -32.3692
201.9 -32.45
202 -30.7455
202.1 -31.8606
202.2 -33.4539
202.3 -33.2909
202.4 -34.4842
202.5 -37.2788
202.6 -38.8721
202.7 -40.5379
202.8 -39.1674
202.9 -37.626
203 -39.6245
203.1 -36.6669
203.2 -33.8849
203.3 -33.9714
203.4 -31.4317
203.5 -31.4347
203.6 -30.1764
203.7 -28.4414
203.8 -29.9047
203.9 -29.9247
204 -29.8931
204.1 -30.3727
204.2 -28.0261
204.3 -26.8839
204.4 -23.9849
204.5 -26.0751
204.6 -23.7804
204.7 -24.3111
204.8 -24.9299
204.9 -27.1047
205 -28.9747
205.1 -31.3321
205.2 -31.2389
205.3 -30.7708
205.4 -29.2909
205.5 -28.6391
205.6 -31.2812
205.7 -31.4302
205.8 -30.8594
205.9 -32.3236
206 -29.8073
206.1 -31.3128
206.2 -31.2985
206.3 -33.2928
206.4 -31.9748
206.5 -32.425
206.6 -32.2628
206.7 -31.9774
206.8 -32.4166
206.9 -33.623
207 -35.0066
207.1 -34.5998
207.2 -35.4275
207.3 -34.0915
207.4 -38.3512
207.5 -36.151
207.6 -35.4395
207.7 -35.2762
207.8 -34.6373
207.9 -35.4606
208 -38.2279
208.1 -39.0191
208.2 -35.6923
208.3 -36.0919
208.4 -35.9621
208.5 -36.1437
208.6 -36.234
208.7 -34.1504
208.8 -31.3662
208.9 -31.9276
209 -30.6403
209.1 -30.0208
209.2 -30.1317
209.3 -31.2422
209.4 -29.5489
209.5 -27.2925
209.6 -30.1322
209.7 -28.8684
209.8 -30.7593
209.9 -33.9707
210 -32.9613
210.1 -34.4121
210.2 -32.258
210.3 -33.1384
210.4 -34.4142
210.5 -35.2314
210.6 -36.3774
210.7 -36.9553
210.8 -35.3692
210.9 -34.2826
211 -33.6738
211.1 -35.1779
211.2 -34.5298
211.3 -36.5199
211.4 -35.3815
211.5 -35.9571
211.6 -36.9488
211.7 -38.9156
211.8 -39.3656
211.9 -40.0892
212 -40.5076
212.1 -40.975
212.2 -40.2019
212.3 -39.2891
212.4 -38.4753
212.5 -39.673
212.6 -38.0624
212.7 -38.0785
212.8 -37.5204
212.9 -38.0699
213 -38.9788
213.1 -36.6693
213.2 -38.8214
213.3 -37.8592
213.4 -38.5396
213.5 -41.0055
213.6 -43.0815
213.7 -40.9427
213.8 -39.8662
213.9 -43.0267
214 -41.8018
214.1 -39.4236
214.2 -42.6249
214.3 -41.6496
214.4 -42.1474
214.5 -42.1813
214.6 -40.8437
214.7 -40.0194
214.8 -40.8021
214.9 -39.0734
215 -38.9346
215.1 -40.8338
215.2 -40.8897
215.3 -42.1389
215.4 -45.1447
215.5 -46.6004
215.6 -45.0732
215.7 -45.986
215.8 -47.8512
215.9 -48.5068
216 -48.6932
216.1 -49.8791
216.2 -48.414
216.3 -51.2502
216.4 -52.3512
216.5 -53.4027
216.6 -52.5672
216.7 -54.7188
216.8 -52.2119
216.9 -53.5387
217 -53.394
217.1 -49.0054
217.2 -48.8371
217.3 -48.5376
217.4 -50.6935
217.5 -47.3334
217.6 -46.4506
217.7 -47.2695
217.8 -44.6667
217.9 -46.4592
218 -44.5838
218.1 -41.8875
218.2 -43.2432
218.3 -45.0491
218.4 -46.0308
218.5 -46.7143
218.6 -45.8303
218.7 -44.8501
218.8 -48.7181
218.9 -44.6122
219 -44.0448
219.1 -43.9783
219.2 -44.7182
219.3 -43.8776
219.4 -42.2442
219.5 -41.4841
219.6 -41.1326
219.7 -42.4952
219.8 -42.6711
219.9 -44.2291
220 -44.3259
220.1 -45.5741
220.2 -45.0013
220.3 -43.732
220.4 -43.0468
220.5 -42.0955
220.6 -41.5518
220.7 -39.8773
220.8 -39.0516
220.9 -39.51
221 -41.6241
221.1 -43.0946
221.2 -44.3503
221.3 -44.0873
221.4 -46.4921
221.5 -42.8991
221.6 -44.2373
221.7 -46.0849
221.8 -42.4851
221.9 -40.7192
222 -42.1628
222.1 -42.2707
222.2 -44.0484
222.3 -42.591
222.4 -44.3962
222.5 -47.6987
222.6 -49.992
222.7 -52.1712
222.8 -48.6235
222.9 -51.422
223 -52.2566
223.1 -51.4577
223.2 -52.9095
223.3 -52.8303
223.4 -54.6575
223.5 -54.2285
223.6 -52.3577
223.7 -53.7685
223.8 -51.8662
223.9 -52.405
224 -50.1048
224.1 -48.3516
224.2 -46.3107
224.3 -47.9556
224.4 -48.1978
224.5 -49.326
224.6 -50.1493
224.7 -52.1577
224.8 -52.2215
224.9 -51.8941
225 -52.0917
225.1 -54.4547
225.2 -56.1421
225.3 -57.0716
225.4 -55.6571
225.5 -56.0169
225.6 -57.1224
225.7 -56.7194
225.8 -55.5363
225.9 -54.701
226 -56.2056
226.1 -52.9189
226.2 -53.4057
226.3 -54.4172
226.4 -54.8959
226.5 -52.5035
226.6 -52.6346
226.7 -53.3184
226.8 -53.2247
226.9 -54.9052
227 -57.3464
227.1 -53.1948
227.2 -57.7133
227.3 -57.8251
227.4 -54.6534
227.5 -54.9582
227.6 -55.8378
227.7 -54.0516
227.8 -52.9848
227.9 -51.6723
228 -51.6103
228.1 -51.584
228.2 -53.1507
228.3 -55.4481
228.4 -58.6748
228.5 -58.7098
228.6 -59.0458
228.7 -63.5833
228.8 -64.6449
228.9 -60.7067
229 -64.2338
229.1 -64.9335
229.2 -64.1479
229.3 -62.6675
229.4 -62.5565
229.5 -64.3495
229.6 -64.2234
229.7 -65.2794
229.8 -61.7134
229.9 -61.0919
230 -58.9644
230.1 -58.1799
230.2 -57.2191
230.3 -57.8418
230.4 -57.7787
230.5 -59.4109
230.6 -57.3015
230.7 -58.3273
230.8 -55.2946
230.9 -56.0805
231 -56.6218
231.1 -56.8273
231.2 -58.5046
231.3 -57.5795
231.4 -60.9544
231.5 -60.0685
231.6 -60.5068
231.7 -59.3238
231.8 -58.1982
231.9 -57.6197
232 -55.6775
232.1 -58.5881
232.2 -59.7039
232.3 -60.6005
232.4 -59.9903
232.5 -60.0425
232.6 -61.5727
232.7 -60.2067
232.8 -59.5683
232.9 -57.7178
233 -54.6746
233.1 -55.1637
233.2 -53.6557
233.3 -53.3265
233.4 -52.6276
233.5 -54.582
233.6 -55.0326
233.7 -54.5074
233.8 -54.7443
233.9 -56.2675
234 -57.9402
234.1 -57.7112
234.2 -57.1424
234.3 -56.7498
234.4 -59.1171
234.5 -58.0209
234.6 -59.2799
234.7 -57.1951
234.8 -60.0688
234.9 -60.0763
235 -58.6071
235.1 -60.9365
235.2 -62.594
235.3 -61.9514
235.4 -62.0499
235.5 -63.5173
235.6 -65.9765
235.7 -69.8382
235.8 -68.9871
235.9 -66.712
236 -67.4306
236.1 -68.5874
236.2 -70.3237
236.3 -71.1414
236.4 -69.8278
236.5 -71.5983
236.6 -70.5429
236.7 -68.2751
236.8 -69.7874
236.9 -66.9767
237 -67.699
237.1 -67.5751
237.2 -66.2478
237.3 -68.6064
237.4 -67.4059
237.5 -70.691
237.6 -70.5358
237.7 -70.1057
237.8 -68.3728
237.9 -65.6393
238 -64.4687
238.1 -67.8355
238.2 -68.4864
238.3 -69.1247
238.4 -70.3557
238.5 -68.5611
238.6 -68.2553
238.7 -65.5927
238.8 -65.1369
238.9 -64.8958
239 -65.77
239.1 -64.3237
239.2 -63.3345
239.3 -64.1378
239.4 -61.8581
239.5 -60.249
239.6 -58.5904
239.7 -59.0224
239.8 -58.1877
239.9 -57.7389
240 -57.0612
240.1 -55.5222
240.2 -54.9469
240.3 -55.9255
240.4 -55.0385
240.5 -57.0036
240.6 -57.0685
240.7 -54.7757
240.8 -55.5468
240.9 -56.9844
241 -54.9971
241.1 -55.3493
241.2 -52.7773
241.3 -55.6705
241.4 -56.8506
241.5 -57.2622
241.6 -58.9571
241.7 -59.0938
241.8 -59.5539
241.9 -58.3116
242 -59.0716
242.1 -58.8973
242.2 -56.0888
242.3 -54.1178
242.4 -52.0698
242.5 -52.0323
242.6 -53.5598
242.7 -53.4158
242.8 -52.2393
242.9 -51.4162
243 -51.7255
243.1 -53.2952
243.2 -52.9211
243.3 -51.4645
243.4 -54.3078
243.5 -55.299
243.6 -56.8449
243.7 -54.927
243.8 -56.5035
243.9 -53.9359
244 -52.6244
244.1 -49.4795
244.2 -49.6168
244.3 -51.0579
244.4 -50.1923
244.5 -51.2202
244.6 -51.4979
244.7 -52.6845
244.8 -52.4627
244.9 -52.0859
245 -49.8232
245.1 -50.1694
245.2 -49.3237
245.3 -47.991
245.4 -48.286
245.5 -47.0114
245.6 -46.1102
245.7 -43.4553
245.8 -42.8048
245.9 -42.2253
246 -39.9362
246.1 -39.6881
246.2 -39.3109
246.3 -40.6547
246.4 -41.1457
246.5 -40.7567
246.6 -39.5367
246.7 -40.812
246.8 -37.7843
246.9 -38.4139
247 -38.5894
247.1 -42.7549
247.2 -44.2223
247.3 -41.8384
247.4 -42.3184
247.5 -43.9819
247.6 -42.3917
247.7 -41.2542
247.8 -40.167
247.9 -42.7578
248 -43.1681
248.1 -43.8485
248.2 -40.5618
248.3 -40.8358
248.4 -38.9748
248.5 -41.0371
248.6 -39.968
248.7 -38.496
248.8 -41.9321
248.9 -41.5858
249 -43.9446
249.1 -45.0606
249.2 -46.4507
249.3 -49.3462
249.4 -50.0427
249.5 -49.1946
249.6 -51.3121
249.7 -51.6998
249.8 -51.3654
249.9 -49.8812
250 -49.7512
250.1 -50.7025
250.2 -51.4877
250.3 -51.5706
250.4 -51.7042
250.5 -50.595
250.6 -50.4252
250.7 -51.7143
250.8 -50.9096
250.9 -51.5893
251 -50.2671
251.1 -48.984
251.2 -46.9921
251.3 -48.9299
251.4 -47.3403
251.5 -48.4062
251.6 -46.8855
251.7 -47.5787
251.8 -48.0248
251.9 -47.3644
252 -47.4596
252.1 -45.5105
252.2 -44.8619
252.3 -42.8038
252.4 -44.2794
252.5 -43.4881
252.6 -43.3303
252.7 -40.7361
252.8 -41.5081
252.9 -42.008
253 -41.9068
253.1 -42.4148
253.2 -38.3699
253.3 -37.6606
253.4 -38.6659
253.5 -35.716
253.6 -33.341
253.7 -34.7467
253.8 -35.3962
253.9 -37.2447
254 -37.6935
254.1 -38.5883
254.2 -37.6317
254.3 -35.6019
254.4 -36.8328
254.5 -39.0052
254.6 -36.8493
254.7 -37.2269
254.8 -37.7858
254.9 -36.4929
255 -36.1624
255.1 -36.6098
255.2 -36.1564
255.3 -34.3453
255.4 -33.8307
255.5 -35.2389
255.6 -37.7793
255.7 -37.8695
255.8 -37.6637
255.9 -39.6034
256 -41.1134
256.1 -40.9443
256.2 -39.4504
256.3 -39.7503
256.4 -38.786
256.5 -40.2957
256.6 -40.3588
256.7 -39.0601
256.8 -40.0728
256.9 -39.4914
257 -41.5093
257.1 -41.5122
257.2 -41.7598
257.3 -40.2406
257.4 -41.2753
257.5 -39.7965
257.6 -37.5748
257.7 -39.2092
257.8 -38.2264
257.9 -39.4335
258 -40.132
258.1 -38.1947
258.2 -40.7023
258.3 -40.4754
258.4 -39.9428
258.5 -42.942
258.6 -42.6801
258.7 -43.7399
258.8 -43.4211
258.9 -43.2467
259 -41.6875
259.1 -42.1283
259.2 -41.4141
259.3 -40.1677
259.4 -41.0228
259.5 -41.794
259.6 -39.8211
259.7 -36.4647
259.8 -35.4107
259.9 -36.8905
260 -38.7556
260.1 -35.8764
260.2 -38.3203
260.3 -35.7794
260.4 -34.8939
260.5 -35.0522
260.6 -35.475
260.7 -34.269
260.8 -33.3807
260.9 -31.2673
261 -32.9763
261.1 -31.2982
261.2 -30.4566
261.3 -29.8255
261.4 -30.6454
261.5 -31.5654
261.6 -28.984
261.7 -27.1222
261.8 -26.5682
261.9 -28.6936
262 -25.004
262.1 -25.7239
262.2 -23.6822
262.3 -24.4584
262.4 -22.6865
262.5 -22.3877
262.6 -20.5259
262.7 -18.8387
262.8 -16.7724
262.9 -17.3624
263 -19.0371
263.1 -20.7349
263.2 -21.9472
263.3 -20.2628
263.4 -19.8851
263.5 -20.8272
263.6 -21.8017
263.7 -21.6218
263.8 -18.9747
263.9 -18.3344
264 -20.6405
264.1 -20.3195
264.2 -17.7877
264.3 -18.8648
264.4 -19.1497
264.5 -18.7612
264.6 -17.9669
264.7 -16.8962
264.8 -18.1236
264.9 -17.0463
265 -19.0855
265.1 -17.6513
265.2 -20.0754
265.3 -20.5758
265.4 -21.9882
265.5 -20.3241
265.6 -20.1179
265.7 -20.5823
265.8 -22.6009
265.9 -25.2345
266 -26.4132
266.1 -26.4628
266.2 -26.5191
266.3 -24.6619
266.4 -25.3394
266.5 -27.0308
266.6 -25.3332
266.7 -22.9056
266.8 -24.3337
266.9 -24.4744
267 -27.691
267.1 -26.4842
267.2 -27.193
267.3 -27.1668
267.4 -28.7102
267.5 -27.9366
267.6 -28.7781
267.7 -26.9961
267.8 -27.9355
267.9 -27.4165
268 -29.4587
268.1 -30.1735
268.2 -31.7225
268.3 -31.9884
268.4 -34.0125
268.5 -35.7426
268.6 -33.3663
268.7 -35.5553
268.8 -37.9564
268.9 -39.9565
269 -39.313
269.1 -38.2309
269.2 -38.2555
269.3 -39.3824
269.4 -35.5079
269.5 -32.3073
269.6 -31.029
269.7 -32.2669
269.8 -33.2972
269.9 -32.7428
270 -32.8836
270.1 -33.0891
270.2 -30.8814
270.3 -30.7951
270.4 -29.3358
270.5 -28.8267
270.6 -29.0199
270.7 -28.9367
270.8 -29.4127
270.9 -29.3145
271 -26.7921
271.1 -31.0181
271.2 -31.7222
271.3 -31.0839
271.4 -29.7087
271.5 -31.2662
271.6 -32.8471
271.7 -30.4449
271.8 -28.9073
271.9 -29.1956
272 -30.3597
272.1 -30.0002
272.2 -30.457
272.3 -31.6896
272.4 -30.4626
272.5 -29.8712
272.6 -29.0419
272.7 -29.2077
272.8 -31.7628
272.9 -33.9977
273 -34.4555
273.1 -33.2494
273.2 -34.3111
273.3 -31.8574
273.4 -33.4636
273.5 -32.4083
273.6 -32.4415
273.7 -32.5103
273.8 -29.8797
273.9 -28.2607
274 -27.7477
274.1 -27.4521
274.2 -28.0395
274.3 -28.5399
274.4 -27.9709
274.5 -27.5456
274.6 -27.2966
274.7 -27.1394
274.8 -28.4344
274.9 -26.0478
275 -25.0693
275.1 -23.8212
275.2 -24.2771
275.3 -25.3416
275.4 -25.4849
275.5 -25.4259
275.6 -24.772
275.7 -23.5634
275.8 -23.4453
275.9 -22.9169
276 -22.5469
276.1 -22.8341
276.2 -22.3726
276.3 -17.9829
276.4 -18.0264
276.5 -19.1007
276.6 -20.7338
276.7 -19.0195
276.8 -21.8557
276.9 -22.9881
277 -21.1827
277.1 -21.6523
277.2 -17.2127
277.3 -18.0104
277.4 -18.0159
277.5 -16.6816
277.6 -17.5654
277.7 -16.8721
277.8 -17.4409
277.9 -16.8288
278 -16.703
278.1 -16.9609
278.2 -14.7048
278.3 -12.5416
278.4 -12.1284
278.5 -11.4319
278.6 -13.7513
278.7 -13.3463
278.8 -13.2775
278.9 -11.6256
279 -11.7803
279.1 -10.0588
279.2 -9.93273
279.3 -9.74467
279.4 -7.61502
279.5 -6.59418
279.6 -6.34099
279.7 -5.85458
279.8 -4.57915
279.9 -3.24437
280 -1.11923
280.1 -1.1633
280.2 -0.0952571
280.3 0.447683
280.4 1.38072
280.5 0.209006
280.6 -0.00832194
280.7 -3.67794
280.8 -2.42266
280.9 -1.41139
281 -3.10243
281.1 -1.91789
281.2 -4.60182
281.3 -4.03446
281.4 -4.75109
281.5 -2.5278
281.6 -3.93527
281.7 -5.37631
281.8 -4.37186
281.9 -4.75024
282 -4.57164
282.1 -4.48153
282.2 -6.63088
282.3 -5.58868
282.4 -4.28656
282.5 -7.59301
282.6 -8.29928
282.7 -5.37876
282.8 -3.61306
282.9 -6.09421
283 -4.37195
283.1 -1.16291
283.2 0.0668037
283.3 0.512768
283.4 0.913554
283.5 1.96378
283.6 2.08026
283.7 3.88686
283.8 4.78637
283.9 2.01197
284 5.03652
284.1 5.72104
284.2 6.00023
284.3 8.3617
284.4 8.3466
284.5 7.6686
284.6 7.97933
284.7 12.2388
284.8 13.6621
284.9 15.8139
285 13.7912
285.1 16.0049
285.2 15.358
285.3 14.6957
285.4 11.4668
285.5 10.6709
285.6 12.3672
285.7 11.9272
285.8 11.7146
285.9 11.1405
286 10.6651
286.1 12.0989
286.2 10.0684
286.3 11.2547
286.4 11.2406
286.5 12.4895
286.6 13.7705
286.7 15.578
286.8 15.8111
286.9 17.2773
287 19.8086
287.1 21.3288
287.2 20.4389
287.3 21.0878
287.4 18.7434
287.5 20.5175
287.6 23.5859
287.7 24.0338
287.8 25.5199
287.9 24.77
288 25.0145
288.1 22.5455
288.2 21.2316
288.3 20.3055
288.4 18.9425
288.5 20.5875
288.6 19.7464
288.7 19.6873
288.8 19.8087
288.9 23.3263
289 23.2972
289.1 20.2339
289.2 22.0529
289.3 21.1468
289.4 21.9948
289.5 22.887
289.6 23.6113
289.7 21.758
289.8 22.0917
289.9 18.8113
290 16.3441
290.1 16.6915
290.2 13.6442
290.3 16.7067
290.4 17.88
290.5 15.9295
290.6 15.4039
290.7 14.5081
290.8 17.7123
290.9 16.708
291 14.3801
291.1 12.1882
291.2 12.1451
291.3 12.1724
291.4 11.9033
291.5 12.2233
291.6 13.4543
291.7 12.5412
291.8 9.64638
291.9 10.5254
292 12.3729
292.1 12.1336
292.2 12.6189
292.3 12.5902
292.4 13.0759
292.5 15.6968
292.6 13.1693
292.7 14.7943
292.8 16.4998
292.9 12.7294
293 15.4525
293.1 15.573
293.2 15.2635
293.3 13.8629
293.4 13.1761
293.5 11.2326
293.6 12.3635
293.7 14.4698
293.8 14.0009
293.9 14.5297
294 17.0205
294.1 17.3067
294.2 14.7714
294.3 14.8376
294.4 15.6513
294.5 13.9453
294.6 13.765
294.7 13.3404
294.8 13.7768
294.9 12.2643
295 12.2944
295.1 10.55
295.2 11.2573
295.3 10.6374
295.4 8.88742
295.5 8.76246
295.6 10.9658
295.7 10.4936
295.8 11.4049
295.9 14.9563
296 17.893
296.1 16.9871
296.2 15.4591
296.3 14.4285
296.4 15.8923
296.5 16.0466
296.6 16.4867
296.7 14.0651
296.8 11.3348
296.9 12.2463
297 11.9709
297.1 12.1038
297.2 12.3617
297.3 12.6881
297.4 12.4119
297.5 13.4404
297.6 13.63
297.7 11.5217
297.8 12.3452
297.9 13.1474
298 11.2706
298.1 10.6045
298.2 10.895
298.3 12.3658
298.4 10.953
298.5 10.6415
298.6 11.1255
298.7 10.0599
298.8 9.43149
298.9 11.2709
299 10.9593
299.1 13.2141
299.2 13.4936
299.3 13.8629
299.4 12.8942
299.5 12.4468
299.6 14.9628
299.7 13.2989
299.8 11.9863
299.9 10.5313
300 8.72835
300.1 10.7508
300.2 10.7229
300.3 12.8976
300.4 12.9935
300.5 9.92026
300.6 9.89262
300.7 8.42546
300.8 7.79145
300.9 7.87599
301 11.0022
301.1 11.0022
301.2 13.0748
301.3 15.3201
301.4 14.0321
301.5 16.3099
301.6 14.384
301.7 13.7582
301.8 15.1835
301.9 13.6503
302 14.2402
302.1 14.1696
302.2 13.1161
302.3 13.3198
302.4 17.23
302.5 18.7089
302.6 21.3927
302.7 21.8236
302.8 23.326
302.9 24.4061
303 25.3255
303.1 27.8402
303.2 28.1485
303.3 31.8977
303.4 33.5847
303.5 34.2554
303.6 36.6271
303.7 34.1391
303.8 35.86
303.9 36.8447
304 35.4797
304.1 34.3075
304.2 36.1972
304.3 34.6718
304.4 36.0833
304.5 39.8129
304.6 40.262
304.7 38.6297
304.8 37.6901
304.9 39.2099
305 37.8125
305.1 34.948
305.2 34.1114
305.3 31.7035
305.4 29.2993
305.5 26.5704
305.6 24.6716
305.7 23.988
305.8 26.5605
305.9 25.2459
306 24.7992
306.1 25.293
306.2 24.3179
306.3 24.2168
306.4 25.3614
306.5 27.286
306.6 27.0894
306.7 25.4637
306.8 25.2785
306.9 23.0952
307 25.4985
307.1 25.447
307.2 27.5433
307.3 27.4412
307.4 27.6061
307.5 24.6085
307.6 23.6049
307.7 21.78
307.8 22.2535
307.9 19.996
308 22.0086
308.1 21.6724
308.2 21.2928
308.3 20.557
308.4 19.3581
308.5 20.2688
308.6 19.4428
308.7 17.1517
308.8 16.2412
308.9 15.6599
309 18.8494
309.1 20.1651
309.2 20.0744
309.3 16.6438
309.4 18.7167
309.5 19.6085
309.6 19.6286
309.7 16.0852
309.8 19.6978
309.9 21.0496
310 18.8534
310.1 20.4344
310.2 17.3771
310.3 17.1221
310.4 21.5198
310.5 19.2551
310.6 20.0194
310.7 18.4189
310.8 19.334
310.9 19.2476
311 21.3026
311.1 20.8333
311.2 19.4235
311.3 21.7086
311.4 21.383
311.5 21.6624
311.6 22.7945
311.7 22.1726
311.8 21.4356
311.9 22.3926
312 22.7448
312.1 23.5453
312.2 23.1477
312.3 23.1586
312.4 24.106
312.5 26.1792
312.6 27.2404
312.7 26.8134
312.8 27.2819
312.9 25.5301
313 24.4503
313.1 22.6204
313.2 22.9281
313.3 24.3045
313.4 25.9621
313.5 30.1433
313.6 30.1478
313.7 27.7577
313.8 29.0587
313.9 33.1611
314 31.8461
314.1 30.8132
314.2 29.2735
314.3 30.0578
314.4 29.6655
314.5 29.2832
314.6 25.5955
314.7 26.0189
314.8 27.445
314.9 28.9647
315 31.7151
315.1 34.5354
315.2 36.8382
315.3 35.8785
315.4 36.6823
315.5 33.7072
315.6 33.624
315.7 32.5393
315.8 32.7289
315.9 31.2678
316 32.0975
316.1 30.7298
316.2 31.8442
316.3 30.0144
316.4 30.7001
316.5 30.7521
316.6 28.7746
316.7 29.1817
316.8 30.6645
316.9 30.7158
317 31.0335
317.1 31.4312
317.2 27.9279
317.3 29.0163
317.4 27.6518
317.5 27.7308
317.6 28.9555
317.7 29.8383
317.8 31.7116
317.9 31.073
318 33.3415
318.1 33.1692
318.2 33.6257
318.3 34.6733
318.4 37.21
318.5 40.1562
318.6 41.3204
318.7 43.2798
318.8 42.3868
318.9 40.7523
319 39.9506
319.1 38.3524
319.2 36.4954
319.3 36.9346
319.4 36.6711
319.5 36.0415
319.6 35.8304
319.7 33.9737
319.8 33.3583
319.9 33.8671
320 33.7256
320.1 33.3936
320.2 34.0022
320.3 34.9824
320.4 36.1999
320.5 33.9733
320.6 37.5388
320.7 37.5381
320.8 37.2211
320.9 38.3636
321 36.5094
321.1 37.635
321.2 38.3175
321.3 39.4117
321.4 41.7554
321.5 40.7784
321.6 42.0014
321.7 43.3968
321.8 42.9318
321.9 42.5407
322 45.3242
322.1 47.3267
322.2 49.2456
322.3 48.5425
322.4 49.9094
322.5 49.0621
322.6 49.2347
322.7 51.2514
322.8 51.6238
322.9 51.045
323 52.6548
323.1 52.8076
323.2 51.4643
323.3 49.3719
323.4 50.9786
323.5 50.0555
323.6 48.3167
323.7 46.9888
323.8 47.5901
323.9 48.9606
324 51.1897
324.1 54.0251
324.2 55.2285
324.3 52.5873
324.4 56.8295
324.5 60.8061
324.6 61.1302
324.7 59.2034
324.8 61.6207
324.9 61.4872
325 58.8408
325.1 59.5791
325.2 56.8894
325.3 56.4126
325.4 59.4852
325.5 61.6024
325.6 61.4145
325.7 60.8375
325.8 59.5231
325.9 59.8113
326 59.2621
326.1 62.7537
326.2 62.9338
326.3 62.8337
326.4 63.2724
326.5 58.6311
326.6 59.1925
326.7 61.7494
326.8 62.0551
326.9 62.7047
327 62.6053
327.1 58.7171
327.2 61.8646
327.3 61.3135
327.4 59.2043
327.5 59.3442
327.6 59.8185
327.7 59.1945
327.8 60.2953
327.9 60.1049
328 63.0221
328.1 62.3171
328.2 62.4036
328.3 63.5572
328.4 62.7265
328.5 59.1865
328.6 57.1308
328.7 57.2786
328.8 54.9527
328.9 56.3979
329 54.579
329.1 54.1348
329.2 55.4676
329.3 56.1494
329.4 55.453
329.5 56.9338
329.6 59.4926
329.7 57.0709
329.8 57.5114
329.9 57.7711
330 57.3988
330.1 56.21
330.2 57.0069
330.3 57.9744
330.4 59.8399
330.5 58.7561
330.6 57.3402
330.7 58.875
330.8 61.2319
330.9 60.3499
331 61.0054
331.1 58.9938
331.2 56.4167
331.3 53.8909
331.4 52.0944
331.5 51.1477
331.6 51.2837
331.7 52.102
331.8 51.5409
331.9 51.0561
332 51.7882
332.1 49.9349
332.2 49.9028
332.3 49.4744
332.4 47.3169
332.5 48.4947
332.6 48.6328
332.7 47.8785
332.8 50.5238
332.9 48.4766
333 48.0933
333.1 49.0908
333.2 46.4482
333.3 43.5814
333.4 41.973
333.5 40.601
333.6 42.0063
333.7 40.2527
333.8 39.0146
333.9 36.9545
334 40.3516
334.1 39.2588
334.2 38.5951
334.3 41.0921
334.4 42.8768
334.5 43.1521
334.6 40.6788
334.7 42.9753
334.8 44.5635
334.9 42.8986
335 42.986
335.1 44.5912
335.2 42.3939
335.3 42.6612
335.4 41.5711
335.5 40.3873
335.6 37.353
335.7 37.5171
335.8 35.495
335.9 35.3179
336 33.6461
336.1 35.7623
336.2 34.8369
336.3 33.7128
336.4 33.046
336.5 34.2147
336.6 35.8632
336.7 35.5199
336.8 37.8332
336.9 38.3775
337 38.7747
337.1 36.2572
337.2 36.7357
337.3 35.1545
337.4 36.8854
337.5 34.8544
337.6 33.5616
337.7 32.6304
337.8 32.6234
337.9 31.9504
338 31.6696
338.1 34.092
338.2 35.0523
338.3 34.1491
338.4 34.2694
338.5 33.5184
338.6 33.7483
338.7 35.7216
338.8 37.6638
338.9 38.6359
339 39.3947
339.1 39.9074
339.2 37.9542
339.3 37.4928
339.4 40.238
339.5 38.6745
339.6 38.651
339.7 38.0876
339.8 35.2937
339.9 34.018
340 30.7185
340.1 29.9675
340.2 29.0724
340.3 30.1295
340.4 28.7335
340.5 31.8424
340.6 31.8209
340.7 31.4779
340.8 30.4374
340.9 30.8287
341 29.1106
341.1 26.2863
341.2 25.0696
341.3 27.2649
341.4 27.7396
341.5 28.0969
341.6 29.8448
341.7 30.4303
341.8 30.2896
341.9 32.7917
342 34.2583
342.1 35.7855
342.2 39.5739
342.3 42.7927
342.4 42.1627
342.5 44.3354
342.6 41.9761
342.7 40.5838
342.8 40.2984
342.9 39.5712
343 38.2902
343.1 37.2362
343.2 37.9571
343.3 37.0979
343.4 36.1488
343.5 36.9209
343.6 35.6969
343.7 36.667
343.8 37.2212
343.9 38.6115
344 38.5911
344.1 38.1098
344.2 36.6743
344.3 39.105
344.4 37.0446
344.5 36.144
344.6 36.0771
344.7 34.446
344.8 31.9798
344.9 33.3009
345 34.7341
345.1 32.5153
345.2 32.2131
345.3 31.865
345.4 31.9555
345.5 32.268
345.6 32.9437
345.7 33.4166
345.8 34.2979
345.9 32.8601
346 36.2914
346.1 37.6157
346.2 35.1991
346.3 35.445
346.4 34.3432
346.5 29.673
346.6 30.6603
346.7 34.0065
346.8 33.4071
346.9 35.7723
347 35.6333
347.1 35.2396
347.2 35.7408
347.3 36.9705
347.4 38.6493
347.5 38.2476
347.6 39.1913
347.7 40.9462
347.8 40.3047
347.9 39.7408
348 37.1723
348.1 35.3353
348.2 35.4683
348.3 32.7047
348.4 32.3675
348.5 32.28
348.6 27.81
348.7 26.6035
348.8 22.662
348.9 25.2242
349 24.7935
349.1 24.6534
349.2 24.8678
349.3 23.1335
349.4 20.9262
349.5 24.3423
349.6 23.72
349.7 25.1852
349.8 24.2455
349.9 22.1742
350 23.0221
350.1 19.7807
350.2 18.9947
350.3 20.1198
350.4 18.8676
350.5 17.592
350.6 18.3134
350.7 18.6724
350.8 19.8091
350.9 19.3204
351 20.7819
351.1 19.5862
351.2 18.2258
351.3 18.6928
351.4 17.7502
351.5 15.3575
351.6 15.0895
351.7 16.3507
351.8 16.9667
351.9 17.8079
352 17.0989
352.1 18.1507
352.2 19.102
352.3 18.8949
352.4 18.2337
352.5 15.2452
352.6 14.4474
352.7 16.3661
352.8 15.9202
352.9 15.7446
353 14.1277
353.1 11.4316
353.2 13.741
353.3 15.3718
353.4 17.5033
353.5 16.0354
353.6 16.4122
353.7 12.9978
353.8 13.5547
353.9 14.0926
354 12.4874
354.1 12.831
354.2 13.4125
354.3 12.9427
354.4 15.6616
354.5 13.9357
354.6 15.3733
354.7 16.0266
354.8 13.6864
354.9 10.3569
355 7.97527
355.1 6.75129
355.2 5.45933
355.3 5.58463
355.4 6.58493
355.5 3.09858
355.6 3.02052
355.7 1.21133
355.8 -1.39859
355.9 -1.28095
356 1.6024
356.1 -1.6948
356.2 1.06428
356.3 -0.407404
356.4 -1.38951
356.5 2.46611
356.6 2.89012
356.7 3.98942
356.8 2.99265
356.9 3.10758
357 1.60041
357.1 3.01064
357.2 6.02334
357.3 7.43142
357.4 6.48124
357.5 6.59825
357.6 7.55452
357.7 5.83908
357.8 6.49403
357.9 5.40797
358 1.88827
358.1 1.66411
358.2 2.36516
358.3 3.46847
358.4 1.6872
358.5 2.09084
358.6 3.11962
358.7 1.05407
358.8 0.195194
358.9 -0.824613
359 0.0857177
359.1 -1.86514
359.2 1.25124
359.3 0.56502
359.4 3.39499
359.5 0.992916
359.6 2.28552
359.7 5.01982
359.8 6.51121
359.9 9.68162
360 11.2939
360.1 11.5366
360.2 11.6961
360.3 11.2112
360.4 11.1378
360.5 11.0423
360.6 11.6075
360.7 12.3686
360.8 10.7934
360.9 10.3757
361 10.1311
361.1 11.4509
361.2 12.5073
361.3 14.3654
361.4 13.3253
361.5 14.0897
361.6 16.6971
361.7 19.7586
361.8 22.3885
361.9 22.0858
362 23.7476
362.1 22.6242
362.2 18.5587
362.3 17.0374
362.4 15.2833
362.5 14.6329
362.6 15.2579
362.7 17.6655
362.8 18.3805
362.9 18.9678
363 17.3248
363.1 19.0228
363.2 17.8265
363.3 17.4619
363.4 16.9505
363.5 20.0938
363.6 20.9952
363.7 19.8128
363.8 18.8594
363.9 18.9694
364 16.3672
364.1 17.3069
364.2 20.0717
364.3 20.8826
364.4 20.3171
364.5 21.0938
364.6 24.7172
364.7 23.3334
364.8 22.4595
364.9 24.2738
365 25.8971
365.1 29.0081
365.2 29.8184
365.3 31.5991
365.4 28.4746
365.5 26.5554
365.6 24.7875
365.7 24.4914
365.8 23.2819
365.9 21.7291
366 22.1481
366.1 21.1625
366.2 23.11
366.3 23.0157
366.4 25.2868
366.5 25.6337
366.6 26.5905
366.7 27.9756
366.8 28.7299
366.9 27.8701
367 24.5717
367.1 24.1003
367.2 23.4895
367.3 23.1218
367.4 22.9484
367.5 23.9406
367.6 22.9453
367.7 22.9398
367.8 21.4339
367.9 22.8534
368 23.6007
368.1 23.9016
368.2 24.0798
368.3 25.5539
368.4 26.2168
368.5 26.6557
368.6 23.4201
368.7 24.127
368.8 24.9884
368.9 25.0012
369 28.0011
369.1 24.7021
369.2 25.4788
369.3 23.7135
369.4 22.712
369.5 23.3497
369.6 25.1634
369.7 22.7666
369.8 20.5872
369.9 22.2654
370 23.8639
370.1 24.826
370.2 23.675
370.3 23.1114
370.4 23.651
370.5 23.8006
370.6 24.082
370.7 23.7334
370.8 24.0597
370.9 24.101
371 25.4127
371.1 25.915
371.2 25.438
371.3 23.5148
371.4 24.4929
371.5 23.3323
371.6 23.2318
371.7 24.6463
371.8 23.2451
371.9 25.3068
372 26.7027
372.1 26.42
372.2 29.1188
372.3 29.0076
372.4 27.405
372.5 27.5583
372.6 29.2688
372.7 26.8527
372.8 25.3233
372.9 24.6341
373 27.3074
373.1 26.4007
373.2 26.9195
373.3 28.897
373.4 27.5777
373.5 25.9933
373.6 23.6509
373.7 23.7158
373.8 21.876
373.9 22.9937
374 22.4865
374.1 20.9724
374.2 23.5761
374.3 23.022
374.4 23.5885
374.5 23.0852
374.6 23.9845
374.7 26.9985
374.8 27.0035
374.9 27.0622
375 29.2071
375.1 30.7482
375.2 32.6291
375.3 31.3821
375.4 30.2048
375.5 29.7693
375.6 31.5334
375.7 28.8256
375.8 29.0065
375.9 31.0668
376 33.7261
376.1 34.8989
376.2 36.5797
376.3 35.3329
376.4 38.5952
376.5 37.1441
376.6 35.5977
376.7 37.6978
376.8 38.2581
376.9 35.7105
377 34.6837
377.1 34.0321
377.2 32.9781
377.3 33.3547
377.4 31.995
377.5 29.383
377.6 33.0474
377.7 34.3612
377.8 34.9124
377.9 36.4942
378 34.834
378.1 34.0291
378.2 32.5536
378.3 34.1367
378.4 34.3668
378.5 35.4693
378.6 37.5019
378.7 38.3746
378.8 36.8528
378.9 33.3789
379 34.2693
379.1 34.0222
379.2 31.0313
379.3 32.4979
379.4 32.2486
379.5 32.3632
379.6 33.0019
379.7 32.9363
379.8 30.4587
379.9 27.8471
380 27.8638
380.1 24.6831
380.2 24.3579
380.3 24.0478
380.4 23.836
380.5 26.0857
380.6 25.8613
380.7 24.7365
380.8 22.5446
380.9 22.8351
381 19.6221
381.1 20.1305
381.2 21.1874
381.3 20.4134
381.4 19.6325
381.5 18.6124
381.6 19.7457
381.7 20.3362
381.8 18.11
381.9 16.5353
382 16.6403
382.1 18.0647
382.2 16.6561
382.3 15.8901
382.4 17.6684
382.5 15.8007
382.6 19.0987
382.7 16.6329
382.8 16.0858
382.9 17.5805
383 15.8265
383.1 15.0854
383.2 15.5951
383.3 18.2026
383.4 15.9157
383.5 17.9013
383.6 17.8378
383.7 17.5767
383.8 16.4883
383.9 15.0342
384 15.5439
384.1 13.5661
384.2 14.1398
384.3 14.6527
384.4 17.3372
384.5 15.5953
384.6 16.6806
384.7 17.5309
384.8 18.9266
384.9 17.2878
385 14.1996
385.1 12.9836
385.2 11.8123
385.3 14.9238
385.4 11.9576
385.5 11.0302
385.6 11.2855
385.7 13.002
385.8 11.6609
385.9 8.19602
386 11.5022
386.1 10.8984
386.2 12.2346
386.3 14.2634
386.4 16.2002
386.5 16.3748
386.6 16.9486
386.7 16.6815
386.8 16.9565
386.9 14.7614
387 15.6265
387.1 16.6263
387.2 18.1648
387.3 17.4489
387.4 16.8432
387.5 18.4185
387.6 21.439
387.7 21.7146
387.8 22.6698
387.9 19.995
388 17.9588
388.1 20.6797
388.2 21.9194
388.3 15.9698
388.4 17.6197
388.5 15.1187
388.6 13.0859
388.7 14.3594
388.8 12.5648
388.9 14.2239
389 13.8858
389.1 13.4348
389.2 11.8208
389.3 14.8355
389.4 13.9167
389.5 14.3591
389.6 17.6733
389.7 18.8169
389.8 19.5898
389.9 20.1064
390 18.8477
390.1 19.5481
390.2 19.1282
390.3 17.8627
390.4 16.6529
390.5 15.539
390.6 13.3226
390.7 16.7281
390.8 14.4692
390.9 16.0125
391 18.034
391.1 19.5827
391.2 17.292
391.3 18.4866
391.4 21.2058
391.5 20.0676
391.6 21.5872
391.7 23.378
391.8 22.5393
391.9 22.562
392 23.8062
392.1 22.9369
392.2 19.8934
392.3 20.1465
392.4 18.3639
392.5 16.7124
392.6 13.0347
392.7 14.0676
392.8 13.7291
392.9 14.9852
393 12.8915
393.1 10.8776
393.2 10.9575
393.3 10.0978
393.4 13.9843
393.5 12.5237
393.6 13.4328
393.7 14.3073
393.8 15.3744
393.9 14.5306
394 18.8173
394.1 15.3366
394.2 15.5398
394.3 14.6365
394.4 12.9188
394.5 15.6371
394.6 15.9488
394.7 16.9315
394.8 18.7514
394.9 18.3009
395 17.757
395.1 16.9534
395.2 18.0884
395.3 17.5775
395.4 18.5856
395.5 18.5686
395.6 18.1108
395.7 17.7169
395.8 19.089
395.9 18.2408
396 14.4612
396.1 17.4443
396.2 17.7426
396.3 19.4449
396.4 18.6662
396.5 20.5996
396.6 21.5595
396.7 20.391
396.8 21.1313
396.9 21.1362
397 19.8391
397.1 22.5997
397.2 21.3622
397.3 21.663
397.4 21.6021
397.5 18.9377
397.6 19.2502
397.7 17.8336
397.8 18.4738
397.9 19.0392
398 17.8783
398.1 19.121
398.2 19.7361
398.3 18.2858
398.4 16.334
398.5 13.5373
398.6 17.8954
398.7 16.6425
398.8 15.9799
398.9 13.2591
399 11.5572
399.1 8.47486
399.2 9.52607
399.3 9.50291
399.4 11.9036
399.5 15.4004
399.6 16.8128
399.7 15.5165
399.8 14.6381
399.9 12.4928
400 10.205
400.1 9.37348
400.2 10.2837
400.3 9.89989
400.4 8.56657
400.5 8.29953
400.6 9.04385
400.7 8.56502
400.8 9.20217
400.9 7.68924
401 6.94133
401.1 7.7208
401.2 6.9564
401.3 7.09974
401.4 7.46256
401.5 6.265
401.6 4.36779
401.7 6.61491
401.8 8.26904
401.9 6.74037
402 7.29136
402.1 4.56738
402.2 5.95861
402.3 4.08732
402.4 4.21194
402.5 3.56386
402.6 1.30491
402.7 -1.98055
402.8 -2.1339
402.9 0.0401614
403 -1.44105
403.1 -3.30791
403.2 -1.93338
403.3 -4.3363
403.4 -5.38123
403.5 -7.09069
403.6 -8.98012
403.7 -9.74013
403.8 -9.97432
403.9 -7.71405
404 -7.48382
404.1 -7.60807
404.2 -8.35093
404.3 -6.44455
404.4 -7.43947
404.5 -6.88164
404.6 -4.54788
404.7 -6.49693
404.8 -7.00977
404.9 -7.1453
405 -5.90399
405.1 -7.14475
405.2 -5.55478
405.3 -3.25226
405.4 -2.23427
405.5 -0.886424
405.6 -2.07875
405.7 -2.91254
405.8 -2.1664
405.9 -0.787698
406 0.455745
406.1 0.740244
406.2 2.35215
406.3 -0.0149311
406.4 -0.271779
406.5 0.101218
406.6 -1.91496
406.7 -4.23219
406.8 -2.69609
406.9 -4.55495
407 -5.86062
407.1 -9.48774
407.2 -10.919
407.3 -9.12439
407.4 -4.39708
407.5 -4.83384
407.6 -3.46283
407.7 -4.39907
407.8 -4.70065
407.9 -6.67289
408 -5.23247
408.1 -4.91836
408.2 -3.30198
408.3 -3.51839
408.4 -2.4808
408.5 -2.29277
408.6 -4.1352
408.7 -6.21906
408.8 -6.35565
408.9 -6.00267
409 -4.711
409.1 -7.29511
409.2 -4.75587
409.3 -3.42387
409.4 -2.79968
409.5 -3.1165
409.6 -3.90748
409.7 -3.88345
409.8 -5.52293
409.9 -5.97216
410 -8.88608
410.1 -7.36938
410.2 -6.61728
410.3 -7.19321
410.4 -8.38997
410.5 -8.7609
410.6 -8.35468
410.7 -9.50957
410.8 -8.85502
410.9 -11.2566
411 -10.5121
411.1 -8.64099
411.2 -7.53181
411.3 -7.01983
411.4 -9.08804
411.5 -8.00467
411.6 -6.59034
411.7 -7.27149
411.8 -5.21571
411.9 -2.77721
412 -3.38419
412.1 -2.97035
412.2 -5.53433
412.3 -2.6841
412.4 -2.05758
412.5 -4.8011
412.6 -6.97129
412.7 -4.70071
412.8 -6.29394
412.9 -6.80036
413 -8.96369
413.1 -10.7091
413.2 -10.5799
413.3 -9.88778
413.4 -9.94598
413.5 -11.6986
413.6 -14.1033
413.7 -13.8068
413.8 -15.9218
413.9 -16.1429
414 -16.5045
414.1 -16.9297
414.2 -19.4009
414.3 -18.9067
414.4 -19.4251
414.5 -16.9034
414.6 -16.3783
414.7 -15.2848
414.8 -12.8414
414.9 -10.9893
415 -12.831
415.1 -12.9874
415.2 -13.9699
415.3 -14.5334
415.4 -15.5249
415.5 -16.9547
415.6 -14.2855
415.7 -13.083
415.8 -16.2437
415.9 -14.8905
416 -14.4889
416.1 -12.4458
416.2 -10.4395
416.3 -8.79367
416.4 -5.89088
416.5 -7.52886
416.6 -8.72121
416.7 -6.35839
416.8 -7.6299
416.9 -8.08536
417 -8.58552
417.1 -8.3532
417.2 -8.04863
417.3 -8.34045
417.4 -9.71686
417.5 -8.36351
417.6 -10.5688
417.7 -11.5763
417.8 -10.5603
417.9 -8.88926
418 -7.73954
418.1 -11.1014
418.2 -8.54926
418.3 -5.3935
418.4 -6.32072
418.5 -5.3512
418.6 -5.81543
418.7 -3.1116
418.8 -2.55178
418.9 -6.78987
419 -5.76385
419.1 -6.39151
419.2 -4.78755
419.3 -5.82267
419.4 -6.91315
419.5 -6.6242
419.6 -6.23193
419.7 -4.61866
419.8 -2.8826
419.9 -1.71312
420 -1.35042
420.1 -0.432871
420.2 -3.34264
420.3 -4.77347
420.4 -6.15003
420.5 -3.59493
420.6 -4.62088
420.7 -2.82081
420.8 -2.75149
420.9 -2.47906
421 -0.547753
421.1 -1.16595
421.2 -4.14995
421.3 -6.43154
421.4 -7.09089
421.5 -5.00978
421.6 -4.08862
421.7 -6.57415
421.8 -7.92303
421.9 -9.28918
422 -6.17346
422.1 -7.24352
422.2 -6.26497
422.3 -8.60949
422.4 -7.85786
422.5 -8.48562
422.6 -6.67101
422.7 -8.42816
422.8 -9.51139
422.9 -8.03377
423 -8.07946
423.1 -9.46099
423.2 -8.068
423.3 -10.9426
423.4 -11.9069
423.5 -11.2502
423.6 -13.1453
423.7 -12.257
423.8 -13.6539
423.9 -12.8188
424 -12.4441
424.1 -14.171
424.2 -13.4135
424.3 -14.0211
424.4 -16.1966
424.5 -15.7491
424.6 -17.9137
424.7 -18.7035
424.8 -17.581
424.9 -16.8424
425 -16.3062
425.1 -16.2025
425.2 -16.197
425.3 -15.8473
425.4 -16.0343
425.5 -13.9355
425.6 -14.9197
425.7 -16.7224
425.8 -16.5039
425.9 -15.4497
426 -15.0576
426.1 -19.9179
426.2 -19.4043
426.3 -19.0867
426.4 -18.6403
426.5 -20.8761
426.6 -23.3552
426.7 -22.4834
426.8 -22.517
426.9 -24.0858
427 -25.0122
427.1 -27.16
427.2 -25.7992
427.3 -27.4517
427.4 -27.2505
427.5 -25.9527
427.6 -28.2765
427.7 -25.1139
427.8 -23.5351
427.9 -21.7166
428 -21.8699
428.1 -19.7528
428.2 -20.6338
428.3 -22.1292
428.4 -23.7208
428.5 -22.0365
428.6 -20.3028
428.7 -21.0023
428.8 -20.392
428.9 -21.4374
429 -25.1577
429.1 -25.8447
429.2 -24.8826
429.3 -25.034
429.4 -24.7696
429.5 -26.0658
429.6 -24.0288
429.7 -24.3041
429.8 -25.358
429.9 -23.5011
430 -25.8513
430.1 -28.1228
430.2 -27.6519
430.3 -27.1356
430.4 -28.0604
430.5 -29.4456
430.6 -25.8667
430.7 -26.5719
430.8 -27.8397
430.9 -29.2008
431 -31.5267
431.1 -30.8186
431.2 -28.7366
431.3 -31.0509
431.4 -29.2061
431.5 -28.5974
431.6 -26.6568
431.7 -28.3961
431.8 -29.3674
431.9 -29.3423
432 -27.565
432.1 -28.4387
432.2 -27.4509
432.3 -24.6349
432.4 -26.4971
432.5 -26.0328
432.6 -25.1955
432.7 -25.5724
432.8 -27.7884
432.9 -26.3848
433 -25.3407
433.1 -23.685
433.2 -25.1558
433.3 -24.1433
433.4 -25.0736
433.5 -25.8213
433.6 -23.1505
433.7 -22.2923
433.8 -25.1373
433.9 -25.0879
434 -24.0045
434.1 -25.1107
434.2 -24.7883
434.3 -25.0976
434.4 -25.3514
434.5 -23.7082
434.6 -22.8649
434.7 -24.4281
434.8 -25.0949
434.9 -27.6555
435 -27.7054
435.1 -27.8823
435.2 -28.5944
435.3 -29.4188
435.4 -30.4557
435.5 -30.8799
435.6 -31.1718
435.7 -30.4772
435.8 -31.5461
435.9 -32.67
436 -30.3878
436.1 -29.0217
436.2 -31.0908
436.3 -30.4046
436.4 -30.9254
436.5 -30.5959
436.6 -31.2204
436.7 -31.3512
436.8 -31.6132
436.9 -32.2772
437 -31.507
437.1 -31.9228
437.2 -33.3969
437.3 -34.2844
437.4 -34.632
437.5 -34.832
437.6 -33.5581
437.7 -35.087
437.8 -34.6557
437.9 -33.9533
438 -33.8629
438.1 -33.4984
438.2 -33.1103
438.3 -35.8677
438.4 -37.4144
438.5 -37.6239
438.6 -36.8623
438.7 -36.7713
438.8 -38.7701
438.9 -37.0672
439 -39.6526
439.1 -39.181
439.2 -42.2169
439.3 -43.2198
439.4 -43.0622
439.5 -42.1242
439.6 -41.6038
439.7 -44.8351
439.8 -44.796
439.9 -47.1192
440 -47.4337
440.1 -44.7067
440.2 -45.9509
440.3 -47.4779
440.4 -46.9098
440.5 -46.7991
440.6 -47.3122
440.7 -43.916
440.8 -47.2555
440.9 -47.1112
441 -46.1596
441.1 -45.5953
441.2 -48.1364
441.3 -47.1593
441.4 -47.295
441.5 -46.1822
441.6 -46.9616
441.7 -50.0878
441.8 -52.48
441.9 -52.4329
442 -53.2661
442.1 -49.0572
442.2 -48.0362
442.3 -48.3086
442.4 -51.7733
442.5 -52.047
442.6 -50.9292
442.7 -53.8357
442.8 -56.4441
442.9 -56.7776
443 -57.3816
443.1 -58.1769
443.2 -56.3013
443.3 -56.5196
443.4 -57.6329
443.5 -55.1638
443.6 -57.8299
443.7 -57.5067
443.8 -55.7619
443.9 -55.4877
444 -55.227
444.1 -53.9961
444.2 -53.1971
444.3 -52.8814
444.4 -52.2819
444.5 -54.0806
444.6 -56.4522
444.7 -53.7179
444.8 -54.5805
444.9 -55.4551
445 -56.0711
445.1 -57.1673
445.2 -56.5884
445.3 -54.2937
445.4 -54.0296
445.5 -54.8475
445.6 -54.2153
445.7 -55.7176
445.8 -52.5507
445.9 -51.9656
446 -50.2205
446.1 -50.2527
446.2 -50.971
446.3 -52.3983
446.4 -54.382
446.5 -54.409
446.6 -53.1608
446.7 -53.8453
446.8 -57.8122
446.9 -56.7761
447 -58.4973
447.1 -58.8061
447.2 -59.3087
447.3 -61.5636
447.4 -62.3025
447.5 -58.9789
447.6 -57.9248
447.7 -55.8361
447.8 -52.94
447.9 -51.3979
448 -52.1049
448.1 -53.5171
448.2 -52.7326
448.3 -49.9231
448.4 -52.7454
448.5 -51.2248
448.6 -49.6726
448.7 -49.3885
448.8 -49.0866
448.9 -48.7156
449 -51.1535
449.1 -54.049
449.2 -54.5267
449.3 -53.3308
449.4 -51.7899
449.5 -52.4247
449.6 -51.2255
449.7 -52.0557
449.8 -53.7851
449.9 -54.533
450 -52.3957
450.1 -52.2681
450.2 -50.0045
450.3 -52.6236
450.4 -54.7486
450.5 -54.6458
450.6 -54.9477
450.7 -53.7664
450.8 -54.9329
450.9 -55.2219
451 -56.1177
451.1 -55.7478
451.2 -56.6623
451.3 -54.6534
451.4 -52.2749
451.5 -51.1365
451.6 -52.5749
451.7 -52.2424
451.8 -53.2789
451.9 -52.0439
452 -51.5835
452.1 -51.4812
452.2 -51.6297
452.3 -51.2821
452.4 -53.4515
452.5 -51.7888
452.6 -51.4558
452.7 -54.5755
452.8 -52.2207
452.9 -51.5703
453 -51.4651
453.1 -50.2819
453.2 -51.312
453.3 -51.4917
453.4 -54.4025
453.5 -53.8167
453.6 -50.4975
453.7 -50.7945
453.8 -47.4122
453.9 -48.6379
454 -49.9164
454.1 -49.3828
454.2 -44.9785
454.3 -47.7345
454.4 -49.5045
454.5 -50.9203
454.6 -51.8902
454.7 -51.9434
454.8 -52.2943
454.9 -50.0326
455 -50.6591
455.1 -51.0019
455.2 -53.3351
455.3 -50.6876
455.4 -50.4753
455.5 -51.572
455.6 -52.3311
455.7 -54.296
455.8 -52.9759
455.9 -51.7198
456 -50.4631
456.1 -50.8176
456.2 -51.4351
456.3 -49.5406
456.4 -49.0754
456.5 -47.5119
456.6 -45.048
456.7 -45.6273
456.8 -47.4376
456.9 -49.6567
457 -46.503
457.1 -48.7976
457.2 -43.9275
457.3 -42.8627
457.4 -45.4034
457.5 -44.7342
457.6 -48.1605
457.7 -49.7218
457.8 -47.6328
457.9 -47.8045
458 -45.7569
458.1 -43.9256
458.2 -42.8762
458.3 -41.859
458.4 -40.5624
458.5 -42.6724
458.6 -42.1752
458.7 -41.5464
458.8 -40.0056
458.9 -38.3853
459 -42.0956
459.1 -42.4366
459.2 -39.8678
459.3 -40.4932
459.4 -39.3817
459.5 -40.707
459.6 -39.0222
459.7 -40.8848
459.8 -39.1671
459.9 -40.8853
460 -41.3183
460.1 -39.1074
460.2 -40.6088
460.3 -41.9971
460.4 -44.0077
460.5 -43.8877
460.6 -43.857
460.7 -45.4566
460.8 -44.4632
460.9 -44.6697
461 -39.6463
461.1 -40.244
461.2 -38.2497
461.3 -39.3395
461.4 -39.3331
461.5 -39.3488
461.6 -40.8461
461.7 -39.9849
461.8 -39.5171
461.9 -39.1798
462 -39.0476
462.1 -37.8919
462.2 -38.4691
462.3 -40.073
462.4 -39.5381
462.5 -41.8099
462.6 -43.4741
462.7 -45.0317
462.8 -45.2147
462.9 -43.7676
463 -44.4559
463.1 -47.3155
463.2 -47.9538
463.3 -47.6428
463.4 -44.025
463.5 -47.0603
463.6 -47.136
463.7 -45.2952
463.8 -45.1153
463.9 -43.0269
464 -43.3015
464.1 -44.2366
464.2 -44.1303
464.3 -44.7296
464.4 -46.0189
464.5 -43.9192
464.6 -44.6394
464.7 -42.2723
464.8 -40.9639
464.9 -42.2034
465 -39.8821
465.1 -41.379
465.2 -40.0302
465.3 -39.1703
465.4 -34.5022
465.5 -33.7948
465.6 -35.8459
465.7 -39.2935
465.8 -39.3478
465.9 -39.9627
466 -37.1697
466.1 -36.5921
466.2 -35.6348
466.3 -35.7409
466.4 -36.1604
466.5 -39.1783
466.6 -39.0683
466.7 -38.5567
466.8 -39.9442
466.9 -41.6851
467 -41.5942
467.1 -42.0094
467.2 -40.2255
467.3 -39.836
467.4 -40.9966
467.5 -41.3832
467.6 -39.9693
467.7 -39.8274
467.8 -38.913
467.9 -37.7324
468 -37.9892
468.1 -34.8764
468.2 -34.7369
468.3 -34.4017
468.4 -32.4004
468.5 -31.3869
468.6 -27.7037
468.7 -29.4514
468.8 -29.2075
468.9 -29.3409
469 -29.0451
469.1 -31.0342
469.2 -27.8834
469.3 -30.8028
469.4 -29.2448
469.5 -33.7675
469.6 -35.0486
469.7 -37.2312
469.8 -38.3354
469.9 -38.7666
470 -37.5581
470.1 -36.6128
470.2 -36.8124
470.3 -38.5427
470.4 -39.217
470.5 -40.7991
470.6 -40.7691
470.7 -42.9996
470.8 -43.4275
470.9 -44.2332
471 -43.3731
471.1 -41.213
471.2 -42.1324
471.3 -44.086
471.4 -43.7025
471.5 -42.6935
471.6 -42.6291
471.7 -42.3943
471.8 -42.2152
471.9 -40.2692
472 -39.057
472.1 -38.7859
472.2 -39.0948
472.3 -41.4835
472.4 -42.8124
472.5 -43.5293
472.6 -46.2791
472.7 -43.3238
472.8 -42.8083
472.9 -42.7435
473 -45.0092
473.1 -47.8325
473.2 -47.5644
473.3 -45.5489
473.4 -46.0637
473.5 -43.5546
473.6 -43.3807
473.7 -45.9085
473.8 -46.8879
473.9 -43.3101
474 -46.0713
474.1 -44.9423
474.2 -47.1445
474.3 -45.4759
474.4 -45.2347
474.5 -44.8016
474.6 -46.4382
474.7 -46.9193
474.8 -43.7247
474.9 -44.2138
475 -44.9948
475.1 -47.5664
475.2 -47.0891
475.3 -48.3824
475.4 -48.8756
475.5 -50.1587
475.6 -50.3579
475.7 -51.7452
475.8 -50.4555
475.9 -46.9815
476 -46.9214
476.1 -46.5135
476.2 -51.4143
476.3 -49.0471
476.4 -47.931
476.5 -49.4805
476.6 -48.3742
476.7 -49.7273
476.8 -49.1848
476.9 -49.1064
477 -48.2091
477.1 -50.038
477.2 -48.9543
477.3 -49.647
477.4 -50.3462
477.5 -49.2456
477.6 -47.8155
477.7 -48.579
477.8 -47.6551
477.9 -49.009
478 -49.1276
478.1 -48.4237
478.2 -48.7569
478.3 -47.664
478.4 -48.3977
478.5 -48.2775
478.6 -47.056
478.7 -46.0022
478.8 -46.3955
478.9 -47.0701
479 -47.4876
479.1 -47.2709
479.2 -48.7687
479.3 -49.3726
479.4 -47.7296
479.5 -51.5506
479.6 -50.816
479.7 -50.9194
479.8 -50.6734
479.9 -49.108
480 -46.5973
480.1 -48.4596
480.2 -46.5666
480.3 -48.895
480.4 -49.3402
480.5 -50.8909
480.6 -50.1218
480.7 -48.5114
480.8 -46.7566
480.9 -45.2763
481 -46.9225
481.1 -46.2184
481.2 -46.3225
481.3 -45.0726
481.4 -43.3863
481.5 -41.792
481.6 -43.208
481.7 -43.5259
481.8 -42.7482
481.9 -39.9457
482 -38.174
482.1 -35.9683
482.2 -38.5468
482.3 -38.755
482.4 -36.6635
482.5 -35.3545
482.6 -38.1419
482.7 -36.132
482.8 -34.8976
482.9 -34.6829
483 -35.8402
483.1 -34.6351
483.2 -34.142
483.3 -33.7171
483.4 -34.6949
483.5 -33.7442
483.6 -33.3015
483.7 -36.0021
483.8 -36.0243
483.9 -36.1436
484 -37.3449
484.1 -37.0237
484.2 -37.7065
484.3 -36.7566
484.4 -36.6457
484.5 -35.2046
484.6 -35.0534
484.7 -34.7207
484.8 -33.4716
484.9 -30.9779
485 -29.8399
485.1 -29.8319
485.2 -28.3121
485.3 -26.2884
485.4 -25.594
485.5 -23.6273
485.6 -24.8271
485.7 -21.8432
485.8 -22.9407
485.9 -23.9193
486 -21.6765
486.1 -20.1456
486.2 -19.2933
486.3 -18.2155
486.4 -19.8101
486.5 -20.694
486.6 -21.6383
486.7 -21.9633
486.8 -22.605
486.9 -20.8725
487 -22.3966
487.1 -20.6415
487.2 -19.0635
487.3 -20.5725
487.4 -19.9588
487.5 -16.5266
487.6 -16
487.7 -20.0433
487.8 -17.9169
487.9 -18.4991
488 -20.3949
488.1 -20.8871
488.2 -22.2067
488.3 -21.5974
488.4 -22.3971
488.5 -22.8512
488.6 -22.9379
488.7 -22.8504
488.8 -23.2814
488.9 -23.9213
489 -25.5867
489.1 -26.2919
489.2 -27.7994
489.3 -27.9513
489.4 -28.4753
489.5 -29.3229
489.6 -30.5048
489.7 -28.6364
489.8 -30.8702
489.9 -28.6138
490 -30.0502
490.1 -30.7867
490.2 -32.7243
490.3 -34.543
490.4 -35.7617
490.5 -33.992
490.6 -29.6069
490.7 -28.4878
490.8 -27.3336
490.9 -31.6825
491 -32.475
491.1 -33.4267
491.2 -34.251
491.3 -31.7955
491.4 -30.4735
491.5 -29.3395
491.6 -28.1199
491.7 -26.9421
491.8 -24.0184
491.9 -25.553
492 -26.08
492.1 -28.4328
492.2 -28.4237
492.3 -27.8312
492.4 -30.4232
492.5 -31.015
492.6 -32.5171
492.7 -30.4462
492.8 -33.2321
492.9 -32.9237
493 -34.0896
493.1 -36.406
493.2 -35.4072
493.3 -36.9658
493.4 -37.0671
493.5 -37.3231
493.6 -35.4227
493.7 -33.3257
493.8 -34.4712
493.9 -32.3709
494 -31.7789
494.1 -33.3691
494.2 -35.4912
494.3 -34.8384
494.4 -32.5287
494.5 -31.1409
494.6 -29.0499
494.7 -31.5874
494.8 -34.7387
494.9 -31.9208
495 -31.721
495.1 -32.4765
495.2 -33.0606
495.3 -33.83
495.4 -33.9139
495.5 -37.0451
495.6 -37.0473
495.7 -38.6518
495.8 -37.9912
495.9 -35.6593
496 -34.3901
496.1 -30.7118
496.2 -32.5079
496.3 -31.283
496.4 -30.5901
496.5 -35.9956
496.6 -36.262
496.7 -37.4253
496.8 -36.0723
496.9 -35.2488
497 -37.661
497.1 -37.8149
497.2 -37.4139
497.3 -35.653
497.4 -34.0116
497.5 -31.9745
497.6 -31.8384
497.7 -32.3236
497.8 -33.6877
497.9 -33.9334
498 -34.1188
498.1 -31.982
498.2 -31.7566
498.3 -29.668
498.4 -27.1214
498.5 -26.3196
498.6 -25.254
498.7 -24.0176
498.8 -22.5153
498.9 -24.436
499 -24.1809
499.1 -23.2656
499.2 -23.0789
499.3 -22.2914
499.4 -24.9754
499.5 -23.8107
499.6 -25.77
499.7 -26.0703
499.8 -26.6821
499.9 -25.7184
