0 0.120725
0.1 0.537415
0.2 -0.301114
0.3 -2.3276
0.4 0.958537
0.5 0.405645
0.6 0.180454
0.7 0.573311
0.8 -0.838023
0.9 -0.0599008
1 0.683177
1.1 2.98437
1.2 1.04206
1.3 0.431891
1.4 1.12686
1.5 0.576122
1.6 -0.703439
1.7 0.278024
1.8 0.592755
1.9 -0.629122
2 -1.6577
2.1 -1.87744
2.2 -0.120453
2.3 -0.0691414
2.4 -1.62944
2.5 -1.20029
2.6 0.973814
2.7 0.18286
2.8 0.0463018
2.9 1.03003
3 0.169104
3.1 -0.215225
3.2 -0.0361606
3.3 -0.286668
3.4 -0.104999
3.5 1.74054
3.6 -0.726495
3.7 -0.347845
3.8 0.701193
3.9 -0.480411
4 1.00603
4.1 1.26195
4.2 -0.889379
4.3 0.308313
4.4 0.021867
4.5 -0.608469
4.6 -1.64625
4.7 -0.786606
4.8 0.127211
4.9 0.178842
5 -0.175181
5.1 -0.840862
5.2 -0.194038
5.3 -0.206888
5.4 -0.214402
5.5 -0.399151
5.6 -0.656277
5.7 1.01547
5.8 -0.331053
5.9 -0.619053
6 0.323645
6.1 -1.5276
6.2 1.48784
6.3 -1.64482
6.4 0.205731
6.5 0.353072
6.6 0.265425
6.7 0.711518
6.8 -0.272742
6.9 0.199971
7 -0.329209
7.1 -0.431867
7.2 -0.413646
7.3 1.01297
7.4 -0.0971406
7.5 1.07357
7.6 -0.901375
7.7 0.544779
7.8 -0.473797
7.9 0.89614
8 3.18562
8.1 -0.805039
8.2 -0.511057
8.3 -0.0220708
8.4 1.3085
8.5 0.0966427
8.6 -0.448979
8.7 -0.22294
8.8 -0.652483
8.9 0.474029
9 -0.725039
9.1 -1.37048
9.2 -0.188703
9.3 0.319617
9.4 0.120315
9.5 0.0161107
9.6 0.676702
9.7 0.154122
9.8 -0.13531
9.9 1.18984
10 -0.81753
10.1 0.0903467
10.2 0.522273
10.3 1.63751
10.4 -0.0122852
10.5 -0.678992
10.6 -0.243304
10.7 -0.212233
10.8 0.705261
10.9 1.1202
11 -2.40695
11.1 -0.565074
11.2 -0.851318
11.3 -0.907107
11.4 -0.0704624
11.5 -0.179438
11.6 -0.136134
11.7 0.033278
11.8 -0.357792
11.9 0.233969
12 -0.600599
12.1 -1.35972
12.2 -0.0763165
12.3 -0.668532
12.4 0.215183
12.5 0.0120077
12.6 2.5191
12.7 2.2792
12.8 0.986081
12.9 0.541039
13 -0.395332
13.1 0.142558
13.2 -0.228268
13.3 0.292424
13.4 -1.78376
13.5 0.24168
13.6 -1.52801
13.7 -0.329561
13.8 -2.31623
13.9 -1.93466
14 -1.02975
14.1 0.921288
14.2 -0.564791
14.3 -0.167845
14.4 1.51358
14.5 -0.512097
14.6 0.160843
14.7 0.42993
14.8 0.968597
14.9 -1.66309
15 -1.97676
15.1 -0.775479
15.2 -0.415321
15.3 0.0486976
15.4 0.408742
15.5 0.609509
15.6 1.09668
15.7 0.846271
15.8 1.04293
15.9 1.44683
16 -1.60453
16.1 1.02464
16.2 0.721745
16.3 -1.86523
16.4 -1.77295
16.5 -0.757783
16.6 0.360268
16.7 0.394847
16.8 -1.03781
16.9 0.427722
17 -0.495019
17.1 -0.7304
17.2 -0.382713
17.3 0.738474
17.4 -0.168184
17.5 -0.25239
17.6 0.737166
17.7 0.590832
17.8 -1.18952
17.9 -0.804389
18 0.0794056
18.1 1.09252
18.2 0.784467
18.3 -0.649976
18.4 -0.723149
18.5 0.700568
18.6 0.564081
18.7 0.930777
18.8 -0.60264
18.9 -0.21149
19 -0.333085
19.1 -0.57573
19.2 -2.44139
19.3 -1.74321
19.4 0.413841
19.5 2.14005
19.6 0.844742
19.7 -1.03874
19.8 -1.60317
19.9 -1.92571
20 0.193459
20.1 0.38327
20.2 0.821326
20.3 -0.56927
20.4 -0.191357
20.5 0.19436
20.6 0.940553
20.7 -0.46109
20.8 -0.87408
20.9 -0.440181
21 0.768834
21.1 0.043402
21.2 1.79589
21.3 -1.13972
21.4 0.611464
21.5 1.51214
21.6 -0.179573
21.7 -0.236836
21.8 -0.803432
21.9 0.717135
22 0.889498
22.1 2.48683
22.2 1.62297
22.3 0.161207
22.4 -1.0568
22.5 0.416361
22.6 0.975994
22.7 -0.677575
22.8 -2.47497
22.9 -1.12812
23 1.70171
23.1 1.17842
23.2 -1.80637
23.3 0.457954
23.4 0.665078
23.5 0.693484
23.6 1.2198
23.7 0.731379
23.8 -0.531151
23.9 -1.37888
24 -0.507015
24.1 1.13618
24.2 -0.213096
24.3 0.192331
24.4 0.724307
24.5 -0.719946
24.6 0.0363558
24.7 -0.736471
24.8 1.11618
24.9 0.634804
25 -0.191496
25.1 0.167422
25.2 -0.62826
25.3 1.16305
25.4 0.157358
25.5 0.624405
25.6 0.23829
25.7 0.184972
25.8 -0.65795
25.9 0.17387
26 0.744859
26.1 -0.178161
26.2 -1.20624
26.3 -1.35014
26.4 -0.193908
26.5 0.554061
26.6 0.619763
26.7 -0.367559
26.8 0.0427945
26.9 0.588652
27 1.39325
27.1 0.755128
27.2 -0.307744
27.3 1.04952
27.4 0.579757
27.5 -0.0411579
27.6 -0.882516
27.7 1.58355
27.8 -1.17207
27.9 0.751582
28 0.163336
28.1 0.699586
28.2 -0.877097
28.3 -0.387679
28.4 -0.903457
28.5 0.786155
28.6 0.39314
28.7 0.401481
28.8 0.50905
28.9 1.85995
29 1.94254
29.1 1.67317
29.2 0.252222
29.3 -0.150169
29.4 0.525163
29.5 0.106439
29.6 0.600847
29.7 -0.408132
29.8 0.0881295
29.9 1.61454
30 2.12507
30.1 0.406879
30.2 0.888048
30.3 -0.0629406
30.4 0.928031
30.5 -0.0865391
30.6 -2.55375
30.7 -2.96344
30.8 -1.62056
30.9 -2.91565
31 -2.61159
31.1 0.226493
31.2 0.515339
31.3 0.979272
31.4 1.20198
31.5 -0.0011908
31.6 -0.126105
31.7 -1.42248
31.8 0.702564
31.9 1.22025
32 0.649257
32.1 -0.126202
32.2 0.011938
32.3 -1.04129
32.4 0.686607
32.5 1.35926
32.6 1.48729
32.7 0.344775
32.8 -0.248791
32.9 -0.98509
33 -0.241078
33.1 2.98579
33.2 1.57027
33.3 0.5586
33.4 -0.431615
33.5 -0.266266
33.6 0.76771
33.7 1.85471
33.8 -1.10015
33.9 -0.573995
34 0.23602
34.1 0.0387377
34.2 -0.296217
34.3 -0.0153274
34.4 0.21862
34.5 0.644099
34.6 0.476478
34.7 0.378052
34.8 -0.944697
34.9 -0.895107
35 0.430809
35.1 0.771639
35.2 0.110365
35.3 -0.504738
35.4 0.648567
35.5 1.19927
35.6 -0.0193467
35.7 0.425004
35.8 2.34822
35.9 -0.404341
36 -0.705108
36.1 -0.835299
36.2 1.44313
36.3 0.146604
36.4 0.531662
36.5 -0.653469
36.6 0.921545
36.7 -0.0160629
36.8 0.912678
36.9 1.11018
37 0.0984084
37.1 0.661923
37.2 -0.265235
37.3 0.083102
37.4 -0.212245
37.5 1.05341
37.6 -0.2603
37.7 0.611519
37.8 -1.06905
37.9 0.192254
38 0.0707231
38.1 0.404683
38.2 -0.793754
38.3 0.367918
38.4 0.323801
38.5 -0.584615
38.6 -2.05246
38.7 0.371055
38.8 0.03535
38.9 -0.870857
39 -1.91134
39.1 0.500164
39.2 1.29557
39.3 -0.632767
39.4 -0.423987
39.5 -0.189841
39.6 -0.441624
39.7 -0.470885
39.8 -0.0407181
39.9 -0.876149
40 -1.51721
40.1 -0.576288
40.2 -0.3012
40.3 0.269727
40.4 0.747896
40.5 -0.560032
40.6 0.0783858
40.7 0.375836
40.8 0.0148506
40.9 -1.40462
41 0.871641
41.1 -0.688476
41.2 -0.805261
41.3 1.04877
41.4 1.55719
41.5 1.75161
41.6 -0.353286
41.7 -0.769081
41.8 -1.08278
41.9 0.0492985
42 0.332528
42.1 -0.263719
42.2 2.64957
42.3 0.582089
42.4 -0.778093
42.5 0.0937397
42.6 1.05454
42.7 -0.592165
42.8 1.46948
42.9 -0.0210421
43 -0.0875509
43.1 0.789686
43.2 0.483432
43.3 -0.266225
43.4 -0.652739
43.5 0.354845
43.6 -0.843648
43.7 0.657119
43.8 -0.291229
43.9 -0.107216
44 0.0986615
44.1 -0.594144
44.2 -0.426901
44.3 0.874104
44.4 -0.528947
44.5 0.16476
44.6 -0.351553
44.7 1.40629
44.8 1.71214
44.9 0.531683
45 -0.423444
45.1 0.88802
45.2 -2.49857
45.3 -0.459538
45.4 1.42826
45.5 1.93819
45.6 0.893116
45.7 0.548044
45.8 0.494279
45.9 -0.0830559
46 0.318906
46.1 0.631932
46.2 0.67759
46.3 -2.00263
46.4 -1.0814
46.5 0.048128
46.6 1.05487
46.7 0.341233
46.8 -0.513072
46.9 0.225372
47 0.359947
47.1 0.0991088
47.2 -0.765889
47.3 0.182991
47.4 0.369743
47.5 0.60919
47.6 -0.270278
47.7 1.15413
47.8 1.9247
47.9 -1.03977
48 -0.132876
48.1 1.37987
48.2 0.306747
48.3 0.352239
48.4 0.012763
48.5 -0.244898
48.6 -0.000163468
48.7 0.902842
48.8 -0.722384
48.9 -0.342834
49 1.00422
49.1 0.601007
49.2 -1.00394
49.3 0.0448794
49.4 0.615083
49.5 -0.681546
49.6 -0.823196
49.7 -0.757337
49.8 -0.13061
49.9 -2.06277
50 -0.520055
50.1 -0.501966
50.2 0.355804
50.3 0.314243
50.4 0.718324
50.5 -0.730841
50.6 0.387787
50.7 0.989475
50.8 -1.93499
50.9 0.109398
51 -0.742179
51.1 0.452802
51.2 -0.0933141
51.3 -0.847383
51.4 -0.888463
51.5 -0.181793
51.6 0.930243
51.7 -0.159573
51.8 0.216412
51.9 -0.194271
52 -0.36257
52.1 0.363272
52.2 0.225437
52.3 -0.757923
52.4 0.744253
52.5 1.14825
52.6 -0.868794
52.7 0.743781
52.8 1.21787
52.9 -1.28997
53 -1.61748
53.1 -0.324096
53.2 0.859748
53.3 -0.385567
53.4 -1.49158
53.5 -0.843007
53.6 -1.29786
53.7 0.818616
53.8 -0.872297
53.9 -0.696607
54 0.372352
54.1 -0.113111
54.2 -0.0835236
54.3 -0.404537
54.4 0.813852
54.5 0.363288
54.6 0.705925
54.7 0.345065
54.8 1.01244
54.9 0.017078
55 -0.705179
55.1 -0.760626
55.2 -0.170532
55.3 -2.2029
55.4 -0.169389
55.5 1.84116
55.6 -0.360276
55.7 -0.769315
55.8 0.284026
55.9 0.733167
56 1.18022
56.1 0.86213
56.2 0.851918
56.3 -0.997771
56.4 0.262081
56.5 -0.254888
56.6 1.49287
56.7 0.465604
56.8 1.79642
56.9 2.05601
57 -0.476786
57.1 -0.225891
57.2 -0.213975
57.3 1.24428
57.4 0.179276
57.5 0.10569
57.6 0.0837711
57.7 0.306704
57.8 -0.940332
57.9 -0.656687
58 -0.32449
58.1 0.839787
58.2 0.394757
58.3 -0.0947416
58.4 1.04577
58.5 -0.82441
58.6 0.254362
58.7 -0.927619
58.8 0.229647
58.9 -0.926754
59 -1.09416
59.1 -3.04439
59.2 -1.93098
59.3 -0.907308
59.4 0.219958
59.5 2.35941
59.6 -0.155631
59.7 0.349794
59.8 0.190628
59.9 -0.552401
60 0.203527
60.1 0.395092
60.2 0.26563
60.3 -0.987598
60.4 0.235364
60.5 -0.692687
60.6 -1.19625
60.7 -0.107857
60.8 0.730265
60.9 0.856379
61 -0.714831
61.1 -0.423543
61.2 0.0669827
61.3 -0.79002
61.4 0.164405
61.5 -0.101052
61.6 0.934992
61.7 0.110037
61.8 0.0859467
61.9 0.156154
62 -1.82626
62.1 -1.67495
62.2 -0.509226
62.3 -1.22531
62.4 1.30351
62.5 0.741486
62.6 0.882445
62.7 0.625783
62.8 0.616669
62.9 1.93382
63 0.154992
63.1 -0.804982
63.2 -1.18015
63.3 0.308043
63.4 0.336299
63.5 0.370372
63.6 1.13672
63.7 0.743934
63.8 2.28278
63.9 0.823112
64 -0.277092
64.1 1.60865
64.2 -0.632752
64.3 -1.44456
64.4 1.35088
64.5 -0.620977
64.6 -0.532653
64.7 0.934567
64.8 0.396296
64.9 0.759096
65 0.414492
65.1 0.31974
65.2 -0.59522
65.3 0.574336
65.4 -0.464807
65.5 -1.3633
65.6 0.0424175
65.7 0.469306
65.8 -0.103891
65.9 -1.32166
66 0.933283
66.1 0.898453
66.2 0.387565
66.3 1.31187
66.4 1.76458
66.5 0.183991
66.6 -0.256327
66.7 -0.393766
66.8 -0.486488
66.9 0.579342
67 -0.827158
67.1 1.28051
67.2 1.2414
67.3 -0.490625
67.4 0.730825
67.5 -0.69998
67.6 -1.30932
67.7 -0.219056
67.8 0.50795
67.9 0.843707
68 0.713446
68.1 1.94775
68.2 2.10265
68.3 0.492382
68.4 0.344212
68.5 -0.81662
68.6 -0.165789
68.7 1.5756
68.8 0.192664
68.9 1.32038
69 0.0544598
69.1 0.690525
69.2 0.0896443
69.3 1.33823
69.4 -0.0039918
69.5 0.0387456
69.6 -0.731648
69.7 -1.30819
69.8 0.747049
69.9 1.27457
70 0.372438
70.1 -1.30666
70.2 -0.722691
70.3 0.894224
70.4 -2.01735
70.5 0.452518
70.6 -1.22073
70.7 -0.473745
70.8 0.700519
70.9 -0.172702
71 0.692613
71.1 0.0156659
71.2 0.134376
71.3 1.40337
71.4 -1.37895
71.5 -0.0396582
71.6 -1.45189
71.7 -0.358953
71.8 1.35312
71.9 -0.124989
72 -2.09997
72.1 -0.422496
72.2 0.457765
72.3 0.0645037
72.4 -0.934671
72.5 -0.194249
72.6 -0.921253
72.7 -0.325971
72.8 0.874895
72.9 0.00168456
73 -0.176921
73.1 1.41744
73.2 -0.864028
73.3 0.917403
73.4 0.404792
73.5 0.059185
73.6 -0.94578
73.7 -0.626448
73.8 0.436733
73.9 -0.235097
74 -0.969447
74.1 -0.912132
74.2 -1.20892
74.3 -1.09385
74.4 -1.46282
74.5 -0.681014
74.6 0.678417
74.7 0.246599
74.8 0.560204
74.9 1.75586
75 0.486594
75.1 -0.790573
75.2 -0.855489
75.3 -0.607369
75.4 1.08069
75.5 0.939937
75.6 -0.152388
75.7 0.383589
75.8 0.881547
75.9 2.70372
76 0.661822
76.1 0.967089
76.2 1.29695
76.3 -0.0727421
76.4 -0.401223
76.5 -0.802862
76.6 -0.822254
76.7 1.46106
76.8 -0.0897966
76.9 -1.18027
77 -0.415993
77.1 1.3048
77.2 0.270925
77.3 1.74918
77.4 0.134024
77.5 0.158306
77.6 -1.4681
77.7 0.847872
77.8 -0.61519
77.9 0.247032
78 1.09077
78.1 -0.588931
78.2 0.516959
78.3 0.748327
78.4 0.668289
78.5 1.80665
78.6 -0.0314923
78.7 -0.552067
78.8 0.601515
78.9 0.984334
79 1.52181
79.1 0.191672
79.2 0.94163
79.3 1.59542
79.4 0.77595
79.5 -0.470375
79.6 -0.373695
79.7 1.77026
79.8 0.710938
79.9 0.133416
80 -0.611284
80.1 -2.10752
80.2 -1.10095
80.3 -0.958257
80.4 -0.923069
80.5 -0.33656
80.6 -0.861389
80.7 -1.18266
80.8 -0.473242
80.9 0.455935
81 0.465407
81.1 0.601876
81.2 0.636948
81.3 0.506622
81.4 0.161547
81.5 0.269777
81.6 1.09876
81.7 -0.169067
81.8 -0.126147
81.9 -1.41187
82 -0.668158
82.1 -0.902761
82.2 -0.148891
82.3 -0.346466
82.4 -0.823134
82.5 -0.500816
82.6 -0.12151
82.7 0.386681
82.8 -0.036378
82.9 0.360169
83 0.146089
83.1 0.520127
83.2 1.93753
83.3 0.953123
83.4 0.537806
83.5 -0.897022
83.6 0.994936
83.7 1.27032
83.8 0.12373
83.9 -0.677504
84 -0.0160229
84.1 -1.21602
84.2 -0.265599
84.3 0.949435
84.4 -0.466192
84.5 -0.374774
84.6 0.473959
84.7 -0.278071
84.8 0.0230546
84.9 -0.720549
85 0.857983
85.1 1.98327
85.2 0.398915
85.3 0.00245173
85.4 -1.05047
85.5 -0.463
85.6 -0.327462
85.7 2.21631
85.8 -0.727576
85.9 -2.78905
86 1.39984
86.1 -0.765781
86.2 -1.29349
86.3 -1.81132
86.4 -1.42031
86.5 -0.513075
86.6 -0.0192974
86.7 0.0872544
86.8 -0.75043
86.9 -1.32702
87 -1.0831
87.1 0.258554
87.2 -1.5416
87.3 -0.526314
87.4 0.145461
87.5 1.10088
87.6 0.229334
87.7 0.367581
87.8 0.873081
87.9 -0.371093
88 0.0239493
88.1 0.342074
88.2 -0.0911525
88.3 0.00228526
88.4 0.038043
88.5 -0.623311
88.6 1.56476
88.7 0.0165212
88.8 0.172185
88.9 -0.552583
89 -0.185277
89.1 1.09419
89.2 0.883849
89.3 -0.878666
89.4 0.808528
89.5 -0.477338
89.6 0.256518
89.7 -0.526726
89.8 -1.1174
89.9 -0.739853
90 1.04555
90.1 -0.157974
90.2 -3.0595
90.3 -0.83981
90.4 0.27901
90.5 -0.461838
90.6 0.875167
90.7 0.668831
90.8 0.599565
90.9 0.64536
91 0.271471
91.1 -0.578265
91.2 -1.27216
91.3 0.0575308
91.4 -1.68072
91.5 0.0375397
91.6 0.726501
91.7 0.945715
91.8 0.526246
91.9 1.72278
92 0.0409522
92.1 0.971581
92.2 1.07788
92.3 0.134177
92.4 -0.62923
92.5 -0.482872
92.6 0.0124375
92.7 -0.331053
92.8 -0.580912
92.9 -0.372805
93 1.11423
93.1 -0.214065
93.2 0.813919
93.3 -0.318611
93.4 1.10535
93.5 0.992743
93.6 0.746503
93.7 0.400289
93.8 0.568246
93.9 0.383751
94 0.287967
94.1 -0.028421
94.2 1.38422
94.3 -0.567864
94.4 0.632229
94.5 -1.13917
94.6 0.00268513
94.7 1.42994
94.8 1.15453
94.9 -0.24888
95 -0.809465
95.1 -1.62869
95.2 -1.01532
95.3 0.0185033
95.4 0.701877
95.5 1.36734
95.6 -0.488739
95.7 -0.289598
95.8 0.574703
95.9 0.0855239
96 -0.658016
96.1 -1.23362
96.2 -0.33142
96.3 0.661709
96.4 -0.430782
96.5 -0.481066
96.6 -0.982066
96.7 0.0901574
96.8 1.85993
96.9 0.496192
97 0.682419
97.1 -0.19262
97.2 1.34475
97.3 -0.230258
97.4 -0.567366
97.5 -0.631905
97.6 -0.196826
97.7 -0.366599
97.8 0.539185
97.9 -0.244033
98 1.68967
98.1 0.646764
98.2 0.159551
98.3 -0.430445
98.4 -1.15242
98.5 -0.650536
98.6 -1.21131
98.7 -1.23623
98.8 -0.877677
98.9 -1.40779
99 -0.265077
99.1 -1.08017
99.2 1.49453
99.3 0.679735
99.4 -0.29675
99.5 1.01725
99.6 0.331451
99.7 0.860727
99.8 -0.689653
99.9 -1.6436
100 -0.715364
100.1 0.186829
100.2 -0.522504
100.3 0.519624
100.4 -0.113196
100.5 -0.690701
100.6 -0.233896
100.7 -0.3046
100.8 0.395241
100.9 -3.50013
101 -0.346227
101.1 0.333948
101.2 -0.647431
101.3 0.237981
101.4 -0.169106
101.5 0.0227621
101.6 -1.69771
101.7 0.5037
101.8 0.307982
101.9 -2.4881
102 -0.436582
102.1 0.843857
102.2 0.268428
102.3 1.03527
102.4 -0.0463036
102.5 -0.741634
102.6 -0.981548
102.7 -0.123041
102.8 0.464469
102.9 0.764036
103 -1.75463
103.1 -0.130329
103.2 -0.497445
103.3 0.0521187
103.4 -1.29144
103.5 0.0258507
103.6 1.0665
103.7 -0.739166
103.8 -0.296811
103.9 1.00464
104 0.797976
104.1 -1.08734
104.2 1.02303
104.3 -0.151556
104.4 0.285797
104.5 -0.347138
104.6 -0.342971
104.7 -1.08953
104.8 -0.0439885
104.9 0.810127
105 0.0310561
105.1 0.909104
105.2 1.12896
105.3 -0.713959
105.4 0.0202885
105.5 -0.127551
105.6 -0.637311
105.7 -0.590014
105.8 -0.389298
105.9 0.412784
106 -0.930257
106.1 -0.170187
106.2 1.17899
106.3 -0.105497
106.4 -0.875536
106.5 -0.947512
106.6 -0.177387
106.7 -0.401876
106.8 1.01545
106.9 1.31223
107 -0.802187
107.1 0.115358
107.2 -1.939
107.3 -2.76222
107.4 -1.22353
107.5 0.589513
107.6 0.221569
107.7 0.119546
107.8 -0.410909
107.9 1.70117
108 0.610312
108.1 0.321767
108.2 1.19673
108.3 -2.06972
108.4 -0.504866
108.5 1.69343
108.6 0.483328
108.7 1.57359
108.8 0.334632
108.9 0.818924
109 -0.436074
109.1 2.22061
109.2 0.225143
109.3 1.68854
109.4 -1.07806
109.5 -1.42442
109.6 0.558467
109.7 0.0520564
109.8 -0.221889
109.9 -0.0332437
110 -0.177214
110.1 -0.720562
110.2 1.19159
110.3 0.371493
110.4 -0.747665
110.5 -0.488671
110.6 -0.135738
110.7 -1.13253
110.8 1.54573
110.9 0.00369081
111 -0.583063
111.1 -0.0016482
111.2 0.91588
111.3 0.775795
111.4 0.946813
111.5 0.924928
111.6 -0.248117
111.7 -0.0693744
111.8 -0.14536
111.9 1.08826
112 0.729822
112.1 -1.0897
112.2 -0.00483064
112.3 0.468108
112.4 0.248098
112.5 -0.380009
112.6 -0.682102
112.7 0.0595104
112.8 1.11946
112.9 -0.699563
113 0.109739
113.1 0.840298
113.2 1.2211
113.3 -1.08271
113.4 0.31811
113.5 -0.489088
113.6 -0.399136
113.7 0.531286
113.8 0.565411
113.9 -1.11063
114 2.14273
114.1 -0.274684
114.2 -0.516959
114.3 0.958961
114.4 1.0979
114.5 0.869063
114.6 1.98629
114.7 2.04606
114.8 1.78863
114.9 0.0576717
115 -0.539287
115.1 0.118586
115.2 -0.916323
115.3 1.16009
115.4 0.441014
115.5 1.9517
115.6 0.859881
115.7 1.00289
115.8 0.992356
115.9 0.617762
116 -1.05471
116.1 -0.35646
116.2 0.630172
116.3 1.56594
116.4 0.537504
116.5 -0.0644745
116.6 -0.831607
116.7 -0.00597372
116.8 -0.292092
116.9 0.165446
117 2.54486
117.1 -0.300639
117.2 0.899575
117.3 1.48759
117.4 -0.0340987
117.5 1.07557
117.6 1.04128
117.7 0.596366
117.8 2.42681
117.9 1.41382
118 0.184955
118.1 0.102636
118.2 -0.194059
118.3 -0.269387
118.4 0.249239
118.5 -0.256263
118.6 -0.503239
118.7 -0.538924
118.8 -1.73783
118.9 1.21335
119 0.916428
119.1 0.458817
119.2 1.35442
119.3 0.789229
119.4 -0.395491
119.5 1.13686
119.6 0.837115
119.7 1.145
119.8 0.762958
119.9 0.621578
120 0.368223
120.1 -0.441879
120.2 -0.991739
120.3 -2.7987
120.4 0.513623
120.5 -0.353472
120.6 0.515085
120.7 0.0949514
120.8 0.000962331
120.9 1.02291
121 0.0986305
121.1 -1.62537
121.2 -0.323355
121.3 -0.480909
121.4 0.972827
121.5 0.672309
121.6 0.263425
121.7 -0.511192
121.8 -0.927778
121.9 0.810246
122 1.83535
122.1 -0.689674
122.2 -0.019485
122.3 -1.38929
122.4 -0.243892
122.5 -0.768922
122.6 -0.332024
122.7 0.119316
122.8 0.108711
122.9 0.393958
123 0.151459
123.1 1.03792
123.2 -1.0098
123.3 0.115465
123.4 -1.37427
123.5 -1.22275
123.6 0.0892461
123.7 0.527575
123.8 0.314888
123.9 -0.377317
124 1.18244
124.1 1.44055
124.2 1.24886
124.3 0.242309
124.4 -1.11549
124.5 0.731113
124.6 -0.496056
124.7 -0.243634
124.8 0.208854
124.9 0.0736823
125 -0.139394
125.1 -0.222059
125.2 0.850563
125.3 -0.825604
125.4 0.298004
125.5 0.763939
125.6 0.823393
125.7 1.20491
125.8 -0.800287
125.9 -0.81689
126 1.05389
126.1 -1.27806
126.2 -0.550728
126.3 0.0452025
126.4 0.422092
126.5 -0.714127
126.6 -0.0266484
126.7 -0.0179655
126.8 0.016157
126.9 0.83966
127 -0.0786039
127.1 0.628776
127.2 -0.871575
127.3 0.467015
127.4 -0.0389177
127.5 0.780788
127.6 0.220053
127.7 1.1604
127.8 1.02405
127.9 0.593996
128 -0.387893
128.1 -0.590578
128.2 0.00279758
128.3 -1.25938
128.4 -1.07477
128.5 -0.509642
128.6 -1.6433
128.7 -0.363959
128.8 0.609853
128.9 -0.516582
129 -1.98451
129.1 0.265517
129.2 1.73476
129.3 1.35234
129.4 0.0546523
129.5 -1.33871
129.6 -1.87988
129.7 -0.897029
129.8 -0.0741943
129.9 -0.39061
130 1.23468
130.1 1.59113
130.2 -0.36519
130.3 0.989332
130.4 0.342745
130.5 0.805209
130.6 -0.687932
130.7 0.514921
130.8 2.24847
130.9 1.27645
131 1.41922
131.1 -0.122764
131.2 0.0345842
131.3 -1.12745
131.4 0.201681
131.5 0.513601
131.6 0.286483
131.7 1.70773
131.8 -0.593609
131.9 -0.801017
132 -0.740485
132.1 0.964387
132.2 0.337822
132.3 -1.03246
132.4 0.107326
132.5 -0.661776
132.6 -0.633918
132.7 -0.334866
132.8 0.770757
132.9 0.417382
133 0.120635
133.1 -1.51247
133.2 0.940938
133.3 -0.152887
133.4 1.08783
133.5 -0.212379
133.6 0.197906
133.7 -1.18464
133.8 0.892122
133.9 -1.25141
134 -2.37445
134.1 -0.258768
134.2 0.656872
134.3 0.588253
134.4 0.715744
134.5 0.947387
134.6 -0.294094
134.7 0.305073
134.8 -1.58994
134.9 -1.31098
135 0.14014
135.1 -0.222807
135.2 1.70806
135.3 0.0924033
135.4 0.706539
135.5 0.426896
135.6 -0.200195
135.7 -0.65086
135.8 1.16982
135.9 -0.278346
136 0.655384
136.1 -0.200557
136.2 -0.0400232
136.3 1.35672
136.4 0.144654
136.5 0.233512
136.6 0.973962
136.7 -0.73781
136.8 0.316755
136.9 0.177948
137 1.53685
137.1 0.313228
137.2 1.00867
137.3 0.592697
137.4 -0.671859
137.5 -1.33666
137.6 -0.0642724
137.7 0.494863
137.8 1.13618
137.9 -0.165398
138 0.148332
138.1 0.544049
138.2 -0.0970767
138.3 -0.779694
138.4 0.465365
138.5 -0.133805
138.6 -0.536769
138.7 -0.0256537
138.8 -0.555883
138.9 -0.319998
139 -0.0731293
139.1 0.521942
139.2 -0.837994
139.3 -0.572895
139.4 -0.717797
139.5 0.0705822
139.6 -1.29046
139.7 -1.55458
139.8 -0.811641
139.9 0.986876
140 0.646454
140.1 1.18632
140.2 0.168449
140.3 0.180349
140.4 0.893988
140.5 2.00267
140.6 0.633265
140.7 0.608542
140.8 0.368673
140.9 2.10393
141 -0.573797
141.1 0.0254294
141.2 1.11619
141.3 0.96773
141.4 0.307257
141.5 2.36945
141.6 1.46608
141.7 -0.29331
141.8 -0.633581
141.9 0.183409
142 0.559627
142.1 -0.401045
142.2 0.522292
142.3 0.563414
142.4 -0.757518
142.5 -0.536797
142.6 -0.552979
142.7 -0.15956
142.8 -2.1526
142.9 -0.0812183
143 -1.45299
143.1 -0.671274
143.2 2.54944
143.3 2.59969
143.4 1.66176
143.5 2.11269
143.6 0.923863
143.7 0.278003
143.8 -2.22748
143.9 1.87677
144 -1.0068
144.1 -0.954883
144.2 -1.06172
144.3 1.49126
144.4 0.356777
144.5 1.94045
144.6 1.03365
144.7 -0.912799
144.8 0.368605
144.9 -0.610277
145 -1.43322
145.1 -0.613026
145.2 0.311349
145.3 -0.0821049
145.4 -0.585732
145.5 0.436373
145.6 0.237741
145.7 0.399852
145.8 -0.205766
145.9 -0.956011
146 0.252964
146.1 -0.535669
146.2 -0.515396
146.3 -0.261116
146.4 -0.849083
146.5 -1.36353
146.6 -0.726793
146.7 -0.816827
146.8 -2.38836
146.9 0.202538
147 -1.11753
147.1 1.47158
147.2 0.626793
147.3 -0.227945
147.4 -0.552571
147.5 1.18015
147.6 0.0159497
147.7 -0.797592
147.8 -0.924267
147.9 0.231614
148 -0.792992
148.1 0.629857
148.2 1.00842
148.3 0.236559
148.4 2.29075
148.5 -0.640841
148.6 0.896331
148.7 -1.35139
148.8 0.593227
148.9 -0.535657
149 0.39712
149.1 -1.51829
149.2 -0.762203
149.3 -1.36779
149.4 -3.69236
149.5 -0.526024
149.6 0.875368
149.7 -0.251597
149.8 -0.141034
149.9 -0.715386
150 0.0442968
150.1 0.79759
150.2 0.664119
150.3 0.401345
150.4 0.943407
150.5 0.390137
150.6 -0.332443
150.7 -1.4229
150.8 0.91944
150.9 0.623887
151 -1.03479
151.1 0.166071
151.2 -0.793585
151.3 -0.257765
151.4 0.891533
151.5 -0.0958587
151.6 0.930518
151.7 0.943942
151.8 0.401588
151.9 -0.980961
152 -0.0124478
152.1 0.173618
152.2 0.111415
152.3 0.659116
152.4 0.0430026
152.5 0.878123
152.6 1.14416
152.7 0.278868
152.8 -0.301029
152.9 -0.191211
153 0.544862
153.1 0.0626301
153.2 -0.538145
153.3 -1.14983
153.4 -0.255529
153.5 -1.07869
153.6 1.05212
153.7 0.964522
153.8 1.39701
153.9 1.48026
154 0.00251516
154.1 0.389388
154.2 -0.0146868
154.3 1.0194
154.4 0.407838
154.5 0.424434
154.6 -0.0521821
154.7 0.73952
154.8 0.46758
154.9 0.68469
155 -1.13582
155.1 1.2045
155.2 -1.41424
155.3 -1.44756
155.4 0.255241
155.5 -0.310432
155.6 0.665008
155.7 -0.568573
155.8 -0.213227
155.9 -0.55421
156 -0.504165
156.1 -2.00274
156.2 -0.15797
156.3 -0.851308
156.4 -0.0542355
156.5 -0.665674
156.6 2.30764
156.7 1.54191
156.8 0.773428
156.9 1.61358
157 0.121686
157.1 -0.683378
157.2 0.395936
157.3 0.24763
157.4 0.346028
157.5 0.539715
157.6 0.221859
157.7 0.646432
157.8 1.64273
157.9 2.10903
158 0.282638
158.1 -0.693474
158.2 0.770014
158.3 -0.6023
158.4 0.17239
158.5 1.54633
158.6 -0.804097
158.7 -0.513203
158.8 0.588554
158.9 0.428676
159 0.33047
159.1 1.42383
159.2 1.01057
159.3 -0.845155
159.4 1.03424
159.5 0.467615
159.6 -1.19617
159.7 -0.86359
159.8 0.352011
159.9 1.45513
160 0.422593
160.1 -0.5615
160.2 -1.49179
160.3 -1.92907
160.4 -0.231839
160.5 -0.804305
160.6 0.139012
160.7 -0.0622812
160.8 -0.497299
160.9 1.01865
161 0.894502
161.1 -0.0391221
161.2 0.0282884
161.3 0.447983
161.4 -0.713867
161.5 -1.0798
161.6 0.814181
161.7 1.17133
161.8 0.631559
161.9 0.83388
162 1.19384
162.1 -0.649828
162.2 0.153476
162.3 -0.890084
162.4 0.36966
162.5 1.46259
162.6 -0.164902
162.7 -1.11237
162.8 -0.968488
162.9 -0.429042
163 -0.509034
163.1 -1.92534
163.2 -2.94066
163.3 -1.6053
163.4 -0.866483
163.5 0.374818
163.6 1.09477
163.7 0.538293
163.8 0.404997
163.9 -0.419979
164 -1.66688
164.1 -1.25576
164.2 -0.635153
164.3 -0.329634
164.4 -0.127292
164.5 -1.36073
164.6 -1.61864
164.7 -1.09456
164.8 -0.401535
164.9 -0.548655
165 0.524467
165.1 -0.184977
165.2 0.705584
165.3 -0.536821
165.4 2.11427
165.5 -1.21618
165.6 -1.27182
165.7 -0.265511
165.8 0.607502
165.9 0.926702
166 0.167792
166.1 -0.0800667
166.2 -1.23511
166.3 0.286201
166.4 -0.560629
166.5 -0.307128
166.6 -1.72198
166.7 -2.01988
166.8 -0.14473
166.9 1.79233
167 1.18509
167.1 0.465637
167.2 0.422021
167.3 1.40339
167.4 0.216639
167.5 -0.719645
167.6 0.659558
167.7 -0.452082
167.8 0.310943
167.9 1.56625
168 -0.581683
168.1 -0.219374
168.2 0.228124
168.3 1.3557
168.4 -0.0802821
168.5 -0.712167
168.6 -0.00617081
168.7 -1.12799
168.8 0.00961059
168.9 -1.49349
169 -0.730017
169.1 0.702501
169.2 -1.3187
169.3 -0.446351
169.4 -0.457426
169.5 0.235217
169.6 0.678871
169.7 -0.393957
169.8 0.161642
169.9 0.0655092
170 0.302127
170.1 -0.124229
170.2 -0.575812
170.3 -0.248722
170.4 -0.0209727
170.5 0.329869
170.6 -0.0267708
170.7 -0.399414
170.8 -0.558311
170.9 0.219326
171 1.30933
171.1 -0.697464
171.2 -1.22157
171.3 -0.709792
171.4 -1.21985
171.5 0.17352
171.6 1.3573
171.7 -0.971719
171.8 -0.608603
171.9 -0.812469
172 0.437484
172.1 0.94764
172.2 1.09288
172.3 1.03117
172.4 0.149966
172.5 -0.854251
172.6 -0.321446
172.7 0.903435
172.8 0.0773579
172.9 0.809099
173 -0.177218
173.1 -1.30406
173.2 -0.927884
173.3 -1.96041
173.4 0.171885
173.5 0.980983
173.6 0.526038
173.7 1.87924
173.8 2.23754
173.9 1.24925
174 1.77358
174.1 0.413556
174.2 -0.762677
174.3 0.826606
174.4 0.477725
174.5 2.01308
174.6 0.891661
174.7 0.41585
174.8 0.345272
174.9 -0.472331
175 0.318811
175.1 0.07917
175.2 0.769515
175.3 -0.563431
175.4 0.545421
175.5 0.934796
175.6 0.423923
175.7 1.10592
175.8 0.244757
175.9 -0.453602
176 0.013401
176.1 -0.713731
176.2 -0.0409252
176.3 0.849045
176.4 3.23062
176.5 0.761743
176.6 1.01033
176.7 0.898279
176.8 1.94213
176.9 0.142638
177 -2.42168
177.1 -1.67383
177.2 -0.83412
177.3 -2.62805
177.4 0.386433
177.5 0.416204
177.6 1.13339
177.7 -0.183577
177.8 0.271159
177.9 -0.596923
178 -0.249709
178.1 1.27517
178.2 2.48303
178.3 0.927484
178.4 0.0545903
178.5 0.648658
178.6 1.49433
178.7 -0.194698
178.8 1.15444
178.9 0.391375
179 0.413903
179.1 0.937343
179.2 1.23317
179.3 -0.260426
179.4 0.797189
179.5 0.131227
179.6 0.404884
179.7 -0.0284507
179.8 -0.223756
179.9 -0.383277
180 -0.243536
180.1 -0.54571
180.2 -1.42729
180.3 0.0598741
180.4 0.736696
180.5 1.17298
180.6 0.814491
180.7 -0.232946
180.8 -1.08798
180.9 -0.379686
181 -1.15772
181.1 0.834173
181.2 0.777013
181.3 -1.08751
181.4 -0.670249
181.5 0.283369
181.6 -0.89353
181.7 -0.908112
181.8 0.893334
181.9 0.494868
182 1.24129
182.1 -1.73933
182.2 0.986434
182.3 0.147926
182.4 0.213806
182.5 0.65903
182.6 -0.447319
182.7 -0.683544
182.8 -0.84993
182.9 0.852371
183 0.285425
183.1 0.906874
183.2 -1.53656
183.3 1.61578
183.4 0.965691
183.5 0.898768
183.6 -1.00605
183.7 1.16503
183.8 1.21263
183.9 1.2585
184 -1.09572
184.1 -0.602062
184.2 -0.953988
184.3 -0.112598
184.4 -0.207116
184.5 -0.335928
184.6 -0.0695651
184.7 -1.23705
184.8 -1.26519
184.9 -2.38473
185 -1.12607
185.1 0.26832
185.2 -0.605346
185.3 0.853133
185.4 0.114754
185.5 -0.751983
185.6 -0.62351
185.7 0.211367
185.8 -0.416811
185.9 -0.0647637
186 0.605644
186.1 0.490208
186.2 0.2046
186.3 0.144325
186.4 -0.364717
186.5 0.836443
186.6 -0.408957
186.7 0.19076
186.8 1.34012
186.9 -0.992203
187 0.832192
187.1 -1.9403
187.2 -1.77126
187.3 1.82187
187.4 0.532867
187.5 0.971401
187.6 1.31099
187.7 -0.576351
187.8 -0.0637495
187.9 -0.112457
188 1.70555
188.1 0.871679
188.2 0.355961
188.3 1.20405
188.4 0.852437
188.5 0.287949
188.6 0.227013
188.7 0.580321
188.8 -0.183752
188.9 0.895798
189 -0.36495
189.1 -0.520551
189.2 -0.419828
189.3 1.28719
189.4 1.29001
189.5 -0.533355
189.6 -0.321136
189.7 0.752959
189.8 -0.927933
189.9 -0.966374
190 0.304661
190.1 0.802254
190.2 0.157517
190.3 0.713588
190.4 0.639598
190.5 -2.45897
190.6 -2.79147
190.7 -2.09652
190.8 -0.287327
190.9 0.162354
191 -1.85719
191.1 -0.189232
191.2 1.02271
191.3 -1.49809
191.4 -0.648631
191.5 0.242994
191.6 0.886519
191.7 -0.732099
191.8 -0.419704
191.9 0.382298
192 1.09517
192.1 -0.448406
192.2 -0.128499
192.3 -0.628963
192.4 0.351439
192.5 0.378371
192.6 -0.286527
192.7 -0.383173
192.8 -0.298136
192.9 -0.52318
193 -0.474159
193.1 -0.168467
193.2 -0.05108
193.3 0.402759
193.4 1.0339
193.5 0.470627
193.6 1.6125
193.7 0.131858
193.8 1.31577
193.9 1.11643
194 1.04763
194.1 0.733952
194.2 -0.70293
194.3 -1.24969
194.4 -0.927244
194.5 -0.426075
194.6 0.0364318
194.7 -0.950902
194.8 -0.130651
194.9 -0.354579
195 -0.0932142
195.1 0.919333
195.2 0.24432
195.3 0.983576
195.4 -0.46945
195.5 -1.46737
195.6 0.116408
195.7 0.251781
195.8 0.69829
195.9 0.84096
196 1.63315
196.1 1.3639
196.2 0.941737
196.3 1.31626
196.4 0.753341
196.5 -1.4878
196.6 0.329055
196.7 1.12601
196.8 -0.782732
196.9 0.95546
197 -0.971705
197.1 -0.620595
197.2 -0.58089
197.3 -0.178256
197.4 0.509415
197.5 -0.426904
197.6 0.580163
197.7 1.89039
197.8 -0.0482306
197.9 -0.221135
198 -0.11347
198.1 -1.01398
198.2 0.5759
198.3 0.280825
198.4 -0.0535172
198.5 -0.218951
198.6 -1.78365
198.7 -0.955889
198.8 -2.08901
198.9 -0.18224
199 -0.890968
199.1 -0.132456
199.2 -0.680831
199.3 1.66378
199.4 0.209191
199.5 0.063004
199.6 1.09971
199.7 -1.32931
199.8 -0.0988563
199.9 -0.595505
200 -0.259378
200.1 1.55007
200.2 -0.823615
200.3 0.339015
200.4 -0.793327
200.5 0.318147
200.6 0.925903
200.7 -0.497908
200.8 -1.40076
200.9 -1.4429
201 0.0576942
201.1 -0.169306
201.2 0.657605
201.3 0.467935
201.4 0.433577
201.5 0.919614
201.6 0.0477348
201.7 0.718502
201.8 -0.166522
201.9 -0.972808
202 0.369212
202.1 0.0693733
202.2 1.85739
202.3 -0.266738
202.4 -0.308164
202.5 0.578857
202.6 -0.621468
202.7 -0.836635
202.8 -0.3961
202.9 0.0519336
203 -0.757107
203.1 -0.823197
203.2 -1.07956
203.3 1.1249
203.4 -0.250044
203.5 -0.454968
203.6 -0.122365
203.7 -0.743556
203.8 -0.642404
203.9 -0.59373
204 -1.32368
204.1 -0.938935
204.2 -1.73607
204.3 -2.09746
204.4 -0.0230616
204.5 0.643653
204.6 -0.809758
204.7 0.421701
204.8 0.389671
204.9 -0.770389
205 0.780718
205.1 -1.69725
205.2 -0.158958
205.3 -0.14009
205.4 -0.969762
205.5 -1.14329
205.6 -0.459085
205.7 0.31569
205.8 0.261517
205.9 0.501732
206 -0.633615
206.1 -0.227824
206.2 -1.67339
206.3 -2.29543
206.4 0.613141
206.5 -0.952769
206.6 -2.07831
206.7 -1.68169
206.8 -0.883958
206.9 -1.35388
207 -0.885149
207.1 1.67575
207.2 1.08086
207.3 -0.0551862
207.4 0.500721
207.5 -0.466942
207.6 -0.0161104
207.7 -0.92987
207.8 0.0122047
207.9 1.01426
208 -0.00584698
208.1 -0.456277
208.2 -0.666264
208.3 -0.307359
208.4 -0.487139
208.5 -0.134105
208.6 0.164816
208.7 -0.553027
208.8 -0.115421
208.9 -0.124611
209 0.218182
209.1 -0.232869
209.2 -1.45957
209.3 0.151798
209.4 0.91488
209.5 -0.0697675
209.6 -0.285083
209.7 -0.63505
209.8 -0.715824
209.9 1.43843
210 -0.152874
210.1 -0.212538
210.2 1.18012
210.3 -0.265042
210.4 0.42233
210.5 0.956159
210.6 0.355438
210.7 -1.64085
210.8 -0.525594
210.9 -1.16688
211 -0.0240107
211.1 2.57717
211.2 2.2436
211.3 1.73885
211.4 0.301869
211.5 -0.809992
211.6 0.794858
211.7 -1.24656
211.8 1.31771
211.9 0.385841
212 -0.91989
212.1 -0.224177
212.2 -0.0721382
212.3 -0.502073
212.4 0.00937743
212.5 -0.72632
212.6 -1.63998
212.7 -2.99218
212.8 1.98259
212.9 0.897347
213 -0.851977
213.1 0.543672
213.2 -0.475755
213.3 -0.438613
213.4 0.0843541
213.5 -1.19653
213.6 1.0258
213.7 -0.603818
213.8 -1.33129
213.9 -0.772915
214 -0.492736
214.1 -0.713713
214.2 -0.541172
214.3 -0.0792335
214.4 -0.240217
214.5 -2.38646
214.6 -0.084171
214.7 -1.50118
214.8 -0.0882803
214.9 0.146841
215 0.951348
215.1 -0.912858
215.2 0.690717
215.3 0.00165058
215.4 0.667383
215.5 -0.882835
215.6 1.65125
215.7 1.62456
215.8 0.945605
215.9 0.818171
216 -0.983663
216.1 -1.00033
216.2 -1.93152
216.3 0.184644
216.4 -0.0932371
216.5 1.34407
216.6 -0.0358211
216.7 1.00531
216.8 -0.396872
216.9 -0.954439
217 1.34626
217.1 0.299198
217.2 -0.0905796
217.3 0.444323
217.4 0.749284
217.5 0.0385365
217.6 0.0432671
217.7 -0.296486
217.8 0.202298
217.9 0.445799
218 0.449175
218.1 -0.762926
218.2 0.0586739
218.3 -0.346098
218.4 0.0896987
218.5 -0.565933
218.6 -0.149948
218.7 -0.756732
218.8 0.494085
218.9 0.0296245
219 0.0301982
219.1 0.372899
219.2 -0.111784
219.3 -0.599105
219.4 2.15613
219.5 0.813661
219.6 0.263027
219.7 0.414817
219.8 0.489958
219.9 0.0801374
220 0.0178676
220.1 -0.0236789
220.2 0.0678132
220.3 -0.264437
220.4 -0.753401
220.5 -2.28146
220.6 -0.205963
220.7 1.33988
220.8 -0.0820034
220.9 0.175661
221 -1.85354
221.1 -1.01794
221.2 -0.963619
221.3 1.67415
221.4 0.308888
221.5 0.653206
221.6 -0.24348
221.7 0.0499837
221.8 -1.19225
221.9 -1.28727
222 -2.21462
222.1 0.0991397
222.2 -2.105
222.3 0.494487
222.4 1.06463
222.5 -0.57503
222.6 -1.27233
222.7 -0.252153
222.8 0.158243
222.9 -0.190242
223 0.00536622
223.1 -0.701842
223.2 0.038235
223.3 0.405024
223.4 -0.930396
223.5 -0.557488
223.6 -1.13191
223.7 0.223224
223.8 -0.439805
223.9 1.1793
224 -0.356508
224.1 0.479563
224.2 -0.888335
224.3 0.599317
224.4 -0.0208586
224.5 -0.845316
224.6 -1.2327
224.7 0.090876
224.8 -0.16428
224.9 -0.47393
225 2.06476
225.1 0.538233
225.2 0.6663
225.3 0.220957
225.4 -0.26604
225.5 -0.343294
225.6 -0.987358
225.7 -0.995942
225.8 0.903522
225.9 0.714241
226 -0.448329
226.1 -0.518661
226.2 0.341855
226.3 0.477903
226.4 0.880486
226.5 0.810229
226.6 0.359647
226.7 -0.350352
226.8 0.739306
226.9 -0.810491
227 0.637699
227.1 1.32411
227.2 1.03417
227.3 0.226054
227.4 -1.21739
227.5 0.18061
227.6 0.559431
227.7 -0.408221
227.8 -0.00467338
227.9 1.69658
228 -0.0319577
228.1 1.60454
228.2 0.864166
228.3 -1.23451
228.4 -0.996368
228.5 -0.177791
228.6 0.53746
228.7 0.7501
228.8 -0.91386
228.9 0.118538
229 0.149156
229.1 0.561723
229.2 1.47422
229.3 -0.461855
229.4 1.42393
229.5 0.138119
229.6 -0.447437
229.7 0.125778
229.8 0.716759
229.9 0.658954
230 0.0860297
230.1 0.455599
230.2 0.253584
230.3 -0.288383
230.4 0.0597847
230.5 1.01049
230.6 0.270963
230.7 0.263523
230.8 -0.396652
230.9 1.95594
231 -2.45311
231.1 -0.323819
231.2 -0.803326
231.3 0.250267
231.4 0.0633009
231.5 0.0979604
231.6 -0.807942
231.7 0.0187464
231.8 -1.26763
231.9 0.226656
232 -0.246799
232.1 -0.846856
232.2 -0.773944
232.3 -0.0761341
232.4 -0.545777
232.5 0.764267
232.6 1.02549
232.7 0.0471997
232.8 -0.386156
232.9 -1.90548
233 -0.449505
233.1 -0.242251
233.2 -0.161946
233.3 0.175048
233.4 -1.71209
233.5 -0.626393
233.6 -0.0885782
233.7 1.0224
233.8 1.186
233.9 -0.21594
234 -0.685832
234.1 -0.681427
234.2 -0.471803
234.3 0.891377
234.4 -0.839238
234.5 -0.263943
234.6 -0.263184
234.7 2.34275
234.8 -1.73264
234.9 0.547928
235 -0.137098
235.1 -0.400906
235.2 -0.173197
235.3 -0.820387
235.4 0.422071
235.5 0.34835
235.6 0.263974
235.7 0.00539109
235.8 -0.730967
235.9 -0.193141
236 -0.296548
236.1 -0.252359
236.2 -0.44232
236.3 1.06149
236.4 2.1647
236.5 -0.533111
236.6 0.686216
236.7 0.0614329
236.8 -0.227512
236.9 -2.28414
237 -0.855871
237.1 0.921487
237.2 -0.401538
237.3 0.418469
237.4 -0.509291
237.5 0.905035
237.6 1.0507
237.7 -0.113948
237.8 -0.110084
237.9 -1.0218
238 0.966782
238.1 0.659386
238.2 1.36456
238.3 0.561638
238.4 0.462287
238.5 -0.080738
238.6 -0.609662
238.7 0.40332
238.8 -0.261096
238.9 1.2571
239 -0.164442
239.1 0.385944
239.2 1.35405
239.3 -1.36087
239.4 0.134511
239.5 -0.992196
239.6 0.165928
239.7 -1.44682
239.8 -0.181376
239.9 1.53532
240 0.221185
240.1 0.104299
240.2 -0.39555
240.3 -0.289858
240.4 0.447797
240.5 -1.00596
240.6 0.569521
240.7 -0.0148517
240.8 -0.551973
240.9 0.356938
241 0.481675
241.1 -0.696023
241.2 0.50344
241.3 -0.436564
241.4 -0.0251527
241.5 -1.47785
241.6 -1.0532
241.7 -1.09827
241.8 -1.36418
241.9 -0.952409
242 -0.155446
242.1 0.166922
242.2 -0.894937
242.3 0.450972
242.4 0.336366
242.5 0.171358
242.6 0.646452
242.7 -0.693195
242.8 1.29203
242.9 -0.563664
243 1.13583
243.1 0.879003
243.2 0.471638
243.3 0.272147
243.4 -0.256262
243.5 -0.816872
243.6 0.119525
243.7 -0.954793
243.8 0.20204
243.9 0.794984
244 -0.688197
244.1 -0.209476
244.2 -0.512742
244.3 -0.557665
244.4 -0.330489
244.5 -0.182198
244.6 1.39551
244.7 -0.621284
244.8 -0.340338
244.9 -1.47007
245 -0.765317
245.1 1.67185
245.2 1.14524
245.3 1.27618
245.4 1.08519
245.5 -0.197598
245.6 -0.983133
245.7 0.0996489
245.8 -0.00202316
245.9 0.970962
246 0.255089
246.1 0.326364
246.2 -0.413139
246.3 -1.49453
246.4 0.197489
246.5 -0.662146
246.6 -0.522332
246.7 0.838961
246.8 -1.88796
246.9 -1.03942
247 0.107041
247.1 0.470124
247.2 0.275462
247.3 0.266255
247.4 -0.970869
247.5 -0.849692
247.6 -0.447023
247.7 0.958531
247.8 0.888799
247.9 0.772367
248 3.48405
248.1 -0.80406
248.2 -1.49516
248.3 0.494086
248.4 0.620287
248.5 1.56549
248.6 -2.01963
248.7 -1.4735
248.8 0.289284
248.9 0.475955
249 -0.352767
249.1 1.25425
249.2 1.34836
249.3 0.961032
249.4 1.23343
249.5 0.476892
249.6 0.909784
249.7 -0.5892
249.8 0.0814876
249.9 -0.574378
250 0.803214
250.1 1.35954
250.2 0.0552002
250.3 0.252747
250.4 0.497178
250.5 0.699043
250.6 -0.779607
250.7 0.995715
250.8 0.0639456
250.9 1.50202
251 0.52408
251.1 1.52593
251.2 -1.08558
251.3 -1.42594
251.4 -0.638422
251.5 0.617256
251.6 1.0568
251.7 -0.893536
251.8 0.825058
251.9 0.810858
252 1.21031
252.1 0.761974
252.2 0.912988
252.3 -1.11395
252.4 2.00205
252.5 0.0661243
252.6 -0.0974657
252.7 0.231906
252.8 -0.292704
252.9 -1.78916
253 -1.05058
253.1 -1.28015
253.2 -0.914743
253.3 -0.541445
253.4 -0.171814
253.5 0.331816
253.6 -0.30106
253.7 -0.996152
253.8 0.28927
253.9 -0.0713168
254 0.280827
254.1 -0.136449
254.2 1.54446
254.3 1.52466
254.4 -0.511934
254.5 0.58215
254.6 -0.503588
254.7 0.262864
254.8 -0.309593
254.9 0.175623
255 0.521395
255.1 0.698615
255.2 1.6599
255.3 0.72606
255.4 -0.540739
255.5 -0.846255
255.6 -0.519229
255.7 -1.45587
255.8 -1.59659
255.9 -0.858958
256 -0.578272
256.1 1.46994
256.2 1.19596
256.3 0.538015
256.4 0.416098
256.5 -0.39143
256.6 -1.12058
256.7 1.12118
256.8 0.996947
256.9 -0.93843
257 0.248707
257.1 -0.773105
257.2 -1.0102
257.3 -0.623003
257.4 0.383907
257.5 0.217243
257.6 -0.0528424
257.7 0.200907
257.8 -0.184266
257.9 0.243771
258 -0.767156
258.1 -1.16104
258.2 0.0971617
258.3 0.665136
258.4 1.06904
258.5 -0.836672
258.6 -1.53938
258.7 0.0268871
258.8 0.254613
258.9 0.0965698
259 -1.40386
259.1 0.969393
259.2 0.314636
259.3 0.26381
259.4 -0.404733
259.5 -0.140654
259.6 0.466105
259.7 -0.092914
259.8 -0.120665
259.9 0.710761
260 0.206691
260.1 -0.351805
260.2 -1.03806
260.3 0.489656
260.4 -1.09851
260.5 0.133084
260.6 -3.30146
260.7 -1.98707
260.8 -2.79911
260.9 -1.12648
261 -0.203262
261.1 -0.0160454
261.2 0.1352
261.3 0.462802
261.4 0.499309
261.5 -0.763134
261.6 0.414907
261.7 0.0820702
261.8 1.41534
261.9 0.862517
262 0.133183
262.1 0.344244
262.2 0.260536
262.3 0.656774
262.4 0.18774
262.5 0.0125985
262.6 1.30244
262.7 0.662285
262.8 0.724722
262.9 0.289366
263 0.110972
263.1 -0.725108
263.2 -0.964382
263.3 -1.50525
263.4 0.329164
263.5 0.395305
263.6 0.101182
263.7 0.185042
263.8 0.30852
263.9 1.35256
264 0.052063
264.1 -1.81737
264.2 -0.633967
264.3 0.558665
264.4 1.02912
264.5 -0.0882437
264.6 -1.10289
264.7 0.253634
264.8 0.945207
264.9 0.0652822
265 -0.201733
265.1 -0.0207098
265.2 0.20453
265.3 0.0567719
265.4 0.00288052
265.5 -0.0459148
265.6 -0.194847
265.7 0.0588726
265.8 0.115798
265.9 -0.178671
266 0.13686
266.1 0.675027
266.2 0.559246
266.3 0.609587
266.4 0.218973
266.5 1.34989
266.6 -1.13827
266.7 -0.737244
266.8 0.339309
266.9 0.712382
267 -0.586361
267.1 3.02148
267.2 0.857199
267.3 -1.51215
267.4 -1.15528
267.5 -0.0493736
267.6 -0.219047
267.7 -0.240481
267.8 -0.270983
267.9 -0.0584605
268 -0.139016
268.1 0.621513
268.2 -0.691714
268.3 0.0892372
268.4 -1.59602
268.5 -0.268121
268.6 -0.104119
268.7 0.0852443
268.8 3.14871
268.9 0.340108
269 1.51264
269.1 1.81037
269.2 0.864666
269.3 1.33417
269.4 0.277371
269.5 -0.864628
269.6 1.31604
269.7 -0.563256
269.8 -1.03397
269.9 -0.0610919
270 -0.472733
270.1 0.763505
270.2 -0.797063
270.3 0.135972
270.4 1.26661
270.5 1.16407
270.6 0.379292
270.7 0.456215
270.8 -1.25566
270.9 -0.499796
271 -0.0857385
271.1 1.49115
271.2 -0.939242
271.3 -1.37342
271.4 0.403176
271.5 2.74073
271.6 3.24993
271.7 -1.06547
271.8 0.431296
271.9 -1.63984
272 -0.621432
272.1 -0.12307
272.2 -0.318047
272.3 1.80664
272.4 -0.0679292
272.5 1.06686
272.6 0.316009
272.7 0.205844
272.8 -0.770343
272.9 1.25742
273 0.610061
273.1 0.322667
273.2 0.960531
273.3 -0.411496
273.4 -0.458662
273.5 1.14176
273.6 0.339479
273.7 1.25206
273.8 -1.38312
273.9 0.989344
274 1.51444
274.1 -0.488419
274.2 0.15118
274.3 0.295853
274.4 -0.257687
274.5 0.838556
274.6 0.536817
274.7 2.04051
274.8 0.61905
274.9 -0.500856
275 0.646612
275.1 1.1122
275.2 0.134149
275.3 0.212778
275.4 1.13552
275.5 -1.05808
275.6 -0.750689
275.7 0.146672
275.8 -1.17901
275.9 -0.33418
276 0.387416
276.1 0.916501
276.2 -0.822284
276.3 0.431587
276.4 -0.232263
276.5 0.312326
276.6 -0.373353
276.7 0.14234
276.8 0.277827
276.9 1.83568
277 0.689072
277.1 -0.308432
277.2 -0.501612
277.3 0.0981147
277.4 0.380405
277.5 0.817992
277.6 0.410636
277.7 -0.508138
277.8 0.771587
277.9 2.05481
278 0.8486
278.1 0.142148
278.2 -1.33312
278.3 1.35183
278.4 0.407882
278.5 -0.462501
278.6 -0.420937
278.7 -0.273408
278.8 1.38545
278.9 0.754994
279 -0.11875
279.1 0.456787
279.2 -2.26956
279.3 -1.74488
279.4 -0.748407
279.5 0.0299002
279.6 -0.530935
279.7 0.260985
279.8 -0.0814626
279.9 -1.0065
280 -0.0330779
280.1 1.55562
280.2 1.65208
280.3 1.6171
280.4 -0.349715
280.5 -1.69585
280.6 -0.0877878
280.7 1.7738
280.8 0.598057
280.9 -0.185985
281 -1.60342
281.1 -0.247914
281.2 -2.1099
281.3 -0.324351
281.4 -0.833418
281.5 -0.0391255
281.6 -0.463759
281.7 -0.780869
281.8 0.527079
281.9 -0.6401
282 0.829123
282.1 -0.114702
282.2 -0.53711
282.3 0.318756
282.4 0.329147
282.5 0.0897197
282.6 0.280104
282.7 -0.940876
282.8 0.0738326
282.9 -2.00043
283 -1.66855
283.1 0.912036
283.2 -0.338564
283.3 -0.0599773
283.4 -0.139466
283.5 -0.813145
283.6 -2.0817
283.7 0.433584
283.8 0.0350229
283.9 0.962457
284 0.821969
284.1 0.936508
284.2 0.455312
284.3 1.23178
284.4 -0.655151
284.5 0.29626
284.6 -0.154877
284.7 0.834335
284.8 0.831712
284.9 -1.08875
285 -1.15519
285.1 -0.977607
285.2 0.482914
285.3 -1.26952
285.4 0.795561
285.5 -1.57772
285.6 -0.649096
285.7 0.629097
285.8 -1.07031
285.9 0.952306
286 0.871807
286.1 -0.0288459
286.2 -0.362687
286.3 -0.534776
286.4 0.199241
286.5 0.962074
286.6 1.59004
286.7 0.299222
286.8 1.14794
286.9 -0.470165
287 -3.01201
287.1 -0.366638
287.2 -0.3726
287.3 1.06554
287.4 0.43005
287.5 -0.750002
287.6 -0.745871
287.7 1.34805
287.8 0.270961
287.9 -2.1865
288 -0.378912
288.1 -0.85374
288.2 0.152264
288.3 0.960727
288.4 1.06995
288.5 -0.972678
288.6 -0.864323
288.7 -0.22562
288.8 -0.0399243
288.9 -0.961421
289 -1.69723
289.1 -0.910454
289.2 0.978604
289.3 0.977885
289.4 0.155622
289.5 -0.261894
289.6 0.25417
289.7 -0.238601
289.8 0.429975
289.9 1.77152
290 0.127052
290.1 -0.494716
290.2 -0.623508
290.3 -2.39238
290.4 -0.730383
290.5 -0.628657
290.6 -0.654486
290.7 -2.37238
290.8 -0.292555
290.9 -1.43799
291 0.209624
291.1 -0.810228
291.2 0.11312
291.3 -1.03634
291.4 -0.542719
291.5 -1.96864
291.6 0.138624
291.7 0.360513
291.8 0.997493
291.9 -0.106926
292 0.699345
292.1 -0.56206
292.2 0.567522
292.3 0.0125289
292.4 -1.33955
292.5 -0.0503292
292.6 -0.0883543
292.7 -0.338715
292.8 -1.52219
292.9 -0.168177
293 0.423955
293.1 1.5281
293.2 1.06113
293.3 -1.05911
293.4 0.180639
293.5 0.153683
293.6 0.65725
293.7 0.000353664
293.8 -1.46223
293.9 -1.45213
294 0.381502
294.1 2.33586
294.2 0.188519
294.3 -0.0496496
294.4 0.556973
294.5 2.07881
294.6 1.39148
294.7 0.021268
294.8 1.4322
294.9 -1.00657
295 1.26366
295.1 1.14723
295.2 -0.358671
295.3 -0.803802
295.4 -0.900288
295.5 -0.485118
295.6 -0.682628
295.7 0.43997
295.8 -0.770986
295.9 -0.0664707
296 -1.24897
296.1 -0.125447
296.2 -0.451382
296.3 -0.344478
296.4 0.920668
296.5 0.775857
296.6 0.778931
296.7 0.30583
296.8 0.0265526
296.9 0.761601
297 -0.766165
297.1 -0.493131
297.2 1.5634
297.3 2.15953
297.4 0.110148
297.5 1.04873
297.6 0.412482
297.7 -0.674086
297.8 0.547942
297.9 0.769784
298 0.518765
298.1 -0.129931
298.2 1.2145
298.3 0.697504
298.4 -1.34341
298.5 -1.24174
298.6 0.287699
298.7 1.56693
298.8 0.813938
298.9 1.34365
299 -0.0183205
299.1 -0.0439491
299.2 -1.4357
299.3 0.252718
299.4 1.70851
299.5 0.172113
299.6 -0.119726
299.7 1.38537
299.8 -0.406947
299.9 0.0901089
300 0.367856
300.1 0.479775
300.2 -0.724836
300.3 -0.308905
300.4 -0.245229
300.5 0.63586
300.6 -0.348521
300.7 1.68717
300.8 -0.236409
300.9 0.100705
301 0.207119
301.1 -0.250903
301.2 0.514234
301.3 -0.855832
301.4 -2.55986
301.5 -1.92783
301.6 -1.23313
301.7 -0.233835
301.8 -1.6011
301.9 -0.539669
302 0.172977
302.1 -1.13721
302.2 0.818856
302.3 0.248334
302.4 -0.122081
302.5 0.45524
302.6 -0.582393
302.7 -0.0738307
302.8 0.282957
302.9 0.302436
303 -0.440431
303.1 0.233099
303.2 -0.812578
303.3 -0.621466
303.4 0.203324
303.5 2.39851
303.6 0.576148
303.7 -0.351343
303.8 0.357408
303.9 0.664307
304 2.31672
304.1 -2.34963
304.2 0.254714
304.3 -0.305623
304.4 0.082659
304.5 -0.379383
304.6 -0.0942982
304.7 -0.0321894
304.8 0.160418
304.9 -1.56079
305 -1.00834
305.1 -1.3787
305.2 0.748598
305.3 0.915062
305.4 -0.49044
305.5 -0.774621
305.6 -0.0374844
305.7 -0.130677
305.8 -3.26096
305.9 0.180475
306 0.25873
306.1 1.77204
306.2 1.87545
306.3 0.30326
306.4 1.20039
306.5 0.00620983
306.6 -0.536933
306.7 1.8172
306.8 0.267391
306.9 -0.909068
307 -0.0146583
307.1 -0.773694
307.2 -0.803924
307.3 -0.431706
307.4 0.489397
307.5 -1.31746
307.6 -2.31362
307.7 1.05108
307.8 -0.656617
307.9 -1.38451
308 -0.857079
308.1 -0.284286
308.2 0.170217
308.3 0.10152
308.4 -0.298423
308.5 -1.50985
308.6 0.245151
308.7 0.859568
308.8 -1.95755
308.9 0.321266
309 0.798836
309.1 -0.809889
309.2 1.07594
309.3 -0.186983
309.4 0.241919
309.5 1.04782
309.6 0.322518
309.7 -0.78304
309.8 -0.0470584
309.9 -1.36055
310 -4.52493
310.1 -0.960092
310.2 0.665287
310.3 0.52833
310.4 0.740913
310.5 -1.44941
310.6 0.25866
310.7 -1.57715
310.8 1.68067
310.9 -0.63276
311 0.00683009
311.1 0.348031
311.2 0.113337
311.3 0.361823
311.4 -0.540305
311.5 0.76941
311.6 0.863807
311.7 -0.462909
311.8 1.51922
311.9 0.250517
312 0.561816
312.1 -0.592864
312.2 -0.113842
312.3 -0.306111
312.4 0.0599094
312.5 1.36185
312.6 -0.152661
312.7 0.493422
312.8 0.263211
312.9 -0.490707
313 0.933928
313.1 -1.10281
313.2 -0.541583
313.3 0.475036
313.4 -0.227931
313.5 -0.190719
313.6 -0.139303
313.7 0.238932
313.8 0.369181
313.9 -2.29397
314 -0.289023
314.1 -0.125898
314.2 -0.66837
314.3 -1.76498
314.4 -2.32207
314.5 -0.911298
314.6 -2.03306
314.7 -0.0433618
314.8 0.396537
314.9 -0.996089
315 -1.1828
315.1 -0.172733
315.2 0.703194
315.3 -0.810551
315.4 0.391087
315.5 -2.571
315.6 -1.58203
315.7 -1.61245
315.8 0.387292
315.9 -0.268282
316 0.952551
316.1 0.539666
316.2 -1.12229
316.3 -1.19689
316.4 -0.494139
316.5 0.25211
316.6 -0.0839909
316.7 0.815979
316.8 -1.15922
316.9 -0.78842
317 -2.68384
317.1 -0.315447
317.2 -2.56784
317.3 0.117202
317.4 0.703448
317.5 -0.0466987
317.6 -0.0744241
317.7 -0.709119
317.8 0.0953755
317.9 1.01683
318 2.05321
318.1 0.703607
318.2 0.0668713
318.3 0.637566
318.4 -1.5428
318.5 -0.288561
318.6 -1.35606
318.7 -0.517477
318.8 -2.00371
318.9 -0.357469
319 -0.445159
319.1 0.217779
319.2 -0.541343
319.3 1.16384
319.4 -0.695903
319.5 2.98992
319.6 0.659223
319.7 0.728182
319.8 -0.708368
319.9 -0.139838
320 -0.501518
320.1 0.613924
320.2 1.01793
320.3 -0.187948
320.4 -0.663143
320.5 1.62732
320.6 0.421016
320.7 0.182751
320.8 -0.945209
320.9 0.518674
321 -0.648538
321.1 -2.6616
321.2 -0.854907
321.3 0.111911
321.4 0.640175
321.5 -0.626853
321.6 0.416667
321.7 0.0883177
321.8 0.680603
321.9 -0.1657
322 -2.26137
322.1 -0.715112
322.2 -1.11597
322.3 1.17144
322.4 0.217045
322.5 0.696956
322.6 0.28086
322.7 -0.229193
322.8 0.49281
322.9 -1.15315
323 -1.37765
323.1 0.414703
323.2 -1.95698
323.3 0.214492
323.4 1.20272
323.5 1.83524
323.6 -0.695057
323.7 0.0443582
323.8 1.44618
323.9 -0.0399006
324 2.03585
324.1 -1.27694
324.2 0.179358
324.3 -0.398204
324.4 -0.0490812
324.5 -1.12533
324.6 -0.443759
324.7 0.179289
324.8 -1.03333
324.9 0.888598
325 0.636174
325.1 -1.0849
325.2 0.556563
325.3 0.99054
325.4 -1.43045
325.5 0.0288637
325.6 -0.634483
325.7 0.168704
325.8 -1.51362
325.9 0.129652
326 -0.334519
326.1 -0.208403
326.2 -0.0421153
326.3 0.0744997
326.4 0.780053
326.5 -1.60759
326.6 0.335997
326.7 1.02825
326.8 0.593659
326.9 0.891921
327 1.36441
327.1 -0.14994
327.2 -0.867041
327.3 -1.34856
327.4 -0.129617
327.5 1.32055
327.6 -0.151669
327.7 0.213802
327.8 -0.0567254
327.9 -1.07192
328 -0.0169386
328.1 -0.500417
328.2 0.322198
328.3 0.71209
328.4 0.297082
328.5 -2.3844
328.6 0.0236731
328.7 1.32859
328.8 0.00186209
328.9 -0.220674
329 -0.294174
329.1 -0.0828347
329.2 -0.530175
329.3 0.648319
329.4 -1.14911
329.5 -0.947689
329.6 0.0552276
329.7 -0.00395643
329.8 -2.7185
329.9 -0.797407
330 -0.287509
330.1 -1.32102
330.2 -0.586735
330.3 1.88141
330.4 1.03134
330.5 0.486091
330.6 0.267416
330.7 0.195991
330.8 -0.82284
330.9 0.92975
331 -1.00928
331.1 -1.30717
331.2 -0.709265
331.3 -1.85299
331.4 -0.526567
331.5 -0.959671
331.6 -0.811724
331.7 0.424675
331.8 0.33194
331.9 -0.740068
332 -1.64249
332.1 -0.898625
332.2 0.56339
332.3 -0.841354
332.4 -0.55447
332.5 0.935431
332.6 -0.260657
332.7 0.100589
332.8 -0.474983
332.9 -0.661043
333 0.747929
333.1 1.22023
333.2 0.943317
333.3 0.828697
333.4 0.658012
333.5 0.527029
333.6 0.765441
333.7 -0.452637
333.8 0.701912
333.9 -0.0632652
334 0.0424616
334.1 -0.19684
334.2 0.105603
334.3 0.41272
334.4 0.228466
334.5 0.540735
334.6 0.197176
334.7 -0.910364
334.8 -0.149047
334.9 0.178526
335 0.314953
335.1 0.958512
335.2 1.4128
335.3 0.928247
335.4 -0.586057
335.5 0.778952
335.6 0.713773
335.7 0.775717
335.8 0.295817
335.9 -0.328127
336 -0.76621
336.1 -0.104474
336.2 -1.15411
336.3 -0.330795
336.4 -0.983114
336.5 -0.860081
336.6 -0.83431
336.7 1.37503
336.8 0.640718
336.9 0.577306
337 -0.20243
337.1 -0.0618371
337.2 1.03254
337.3 0.442411
337.4 0.6332
337.5 0.119525
337.6 -1.77933
337.7 -1.009
337.8 1.31439
337.9 0.788987
338 0.847621
338.1 -2.44492
338.2 -1.97989
338.3 0.497518
338.4 0.049849
338.5 -0.894356
338.6 0.158877
338.7 -0.734257
338.8 -0.72496
338.9 -0.386746
339 0.593682
339.1 0.199053
339.2 0.528863
339.3 2.52244
339.4 2.27477
339.5 1.62828
339.6 0.454361
339.7 0.437368
339.8 -0.123741
339.9 1.70326
340 0.600107
340.1 0.131895
340.2 -0.810014
340.3 -0.0345721
340.4 0.267618
340.5 0.194641
340.6 -0.646241
340.7 0.278418
340.8 0.915646
340.9 0.889543
341 0.181445
341.1 0.866773
341.2 -0.704849
341.3 -1.36522
341.4 2.15395
341.5 0.491832
341.6 -1.73841
341.7 -1.0003
341.8 0.640941
341.9 0.819687
342 0.49837
342.1 0.4069
342.2 1.04327
342.3 -0.335318
342.4 -1.08267
342.5 -0.2093
342.6 -1.14616
342.7 -0.318291
342.8 -0.714335
342.9 -1.75175
343 -2.43366
343.1 0.107032
343.2 0.293381
343.3 0.111073
343.4 -0.113261
343.5 -0.141838
343.6 0.0402605
343.7 -0.793684
343.8 -0.280512
343.9 0.337292
344 0.0447998
344.1 0.266462
344.2 -0.727426
344.3 0.680116
344.4 0.164957
344.5 -0.0143484
344.6 0.186535
344.7 -0.0427758
344.8 -0.258478
344.9 -1.39905
345 -0.658124
345.1 0.840186
345.2 0.0924784
345.3 -0.769181
345.4 0.274526
345.5 1.62659
345.6 -0.196501
345.7 0.849365
345.8 -0.68754
345.9 0.459817
346 0.754172
346.1 0.21267
346.2 -0.565815
346.3 -1.15331
346.4 0.00451381
346.5 -0.0213737
346.6 -0.950575
346.7 -0.784342
346.8 -0.485761
346.9 -0.00421529
347 -0.137527
347.1 -1.20587
347.2 -1.334
347.3 -0.357011
347.4 -0.00221327
347.5 1.13994
347.6 -0.610608
347.7 -0.276692
347.8 0.133679
347.9 1.66094
348 1.10144
348.1 0.119562
348.2 -0.242352
348.3 0.318185
348.4 0.488152
348.5 1.61855
348.6 1.20052
348.7 1.80774
348.8 2.03278
348.9 0.714384
349 0.0640879
349.1 -0.103582
349.2 -0.670214
349.3 -1.22315
349.4 -1.04889
349.5 -0.164976
349.6 0.543241
349.7 -0.333782
349.8 0.640128
349.9 -0.105014
350 -0.102609
350.1 2.31861
350.2 1.07056
350.3 -0.123316
350.4 1.02122
350.5 0.0312908
350.6 0.839544
350.7 -0.00464352
350.8 0.298865
350.9 -0.728844
351 0.320466
351.1 0.568476
351.2 -0.586355
351.3 2.61568
351.4 1.69384
351.5 0.861536
351.6 -0.186835
351.7 1.16482
351.8 1.50136
351.9 0.192299
352 -0.137182
352.1 0.173711
352.2 -0.469825
352.3 -1.07505
352.4 0.760481
352.5 0.0792573
352.6 0.224249
352.7 1.23755
352.8 0.192207
352.9 -0.552147
353 -1.74674
353.1 1.67096
353.2 0.792765
353.3 0.942373
353.4 0.650911
353.5 -0.125479
353.6 -0.558941
353.7 -0.291891
353.8 -1.16725
353.9 0.208815
354 0.422064
354.1 0.431017
354.2 -0.583495
354.3 -1.47018
354.4 -0.418665
354.5 2.24937
354.6 0.531145
354.7 0.614572
354.8 -0.418752
354.9 -1.31203
355 -1.51709
355.1 -0.844689
355.2 -1.63371
355.3 -1.0328
355.4 -1.2458
355.5 -0.547282
355.6 0.256113
355.7 0.354636
355.8 0.776481
355.9 1.12608
356 1.5697
356.1 0.562072
356.2 -0.777593
356.3 1.64799
356.4 0.490733
356.5 -0.00455227
356.6 -0.4405
356.7 -1.40426
356.8 -0.450868
356.9 -0.255572
357 0.607771
357.1 -2.47124
357.2 -1.50609
357.3 -1.0576
357.4 0.639591
357.5 -0.707636
357.6 0.234725
357.7 -0.384991
357.8 0.265514
357.9 -0.399116
358 0.130013
358.1 -0.907248
358.2 0.113713
358.3 -1.96025
358.4 -2.0636
358.5 -0.288951
358.6 -0.0143102
358.7 0.565
358.8 -0.0489728
358.9 -1.17528
359 -0.56484
359.1 -0.5674
359.2 -0.923497
359.3 -0.180496
359.4 -1.29703
359.5 0.73948
359.6 0.251632
359.7 0.0272717
359.8 -1.20396
359.9 1.48762
360 -0.00230565
360.1 -0.198347
360.2 0.520175
360.3 -0.423682
360.4 -0.254093
360.5 -0.609667
360.6 -0.0566774
360.7 -0.833928
360.8 -0.178234
360.9 0.252864
361 0.943132
361.1 0.831372
361.2 -0.607632
361.3 -0.364281
361.4 -0.893381
361.5 0.666268
361.6 1.06873
361.7 1.1606
361.8 0.222805
361.9 -2.18605
362 -1.15336
362.1 1.9138
362.2 -0.598924
362.3 -0.631909
362.4 -1.33173
362.5 -0.284325
362.6 -0.737348
362.7 -0.0828676
362.8 0.616676
362.9 1.09188
363 0.116098
363.1 0.223915
363.2 0.100364
363.3 -0.28427
363.4 0.202542
363.5 -1.664
363.6 0.905865
363.7 0.48149
363.8 0.0747306
363.9 -0.0687482
364 -1.46253
364.1 1.62066
364.2 0.282535
364.3 0.235901
364.4 -0.347533
364.5 0.412012
364.6 -0.566218
364.7 -1.01538
364.8 -1.06444
364.9 0.0531467
365 -0.390827
365.1 -0.1946
365.2 0.0423799
365.3 -0.845513
365.4 0.462464
365.5 3.54925
365.6 2.69804
365.7 0.541982
365.8 -0.869565
365.9 -0.46185
366 0.0688831
366.1 0.103175
366.2 -0.32938
366.3 -0.650006
366.4 1.15444
366.5 0.816514
366.6 0.661343
366.7 -0.823203
366.8 0.0759461
366.9 -1.62537
367 -0.615348
367.1 -0.58042
367.2 0.54116
367.3 0.183449
367.4 -1.03694
367.5 0.511751
367.6 -0.889462
367.7 -2.07933
367.8 -1.0839
367.9 0.531553
368 1.14311
368.1 -0.172506
368.2 0.0783669
368.3 -0.346957
368.4 0.830789
368.5 0.069258
368.6 -0.887233
368.7 -0.302677
368.8 -0.351148
368.9 0.147553
369 -2.02155
369.1 1.67625
369.2 0.495039
369.3 -1.11097
369.4 -1.2097
369.5 -0.192095
369.6 0.208632
369.7 -0.800661
369.8 -0.5417
369.9 -0.643997
370 0.372915
370.1 0.117138
370.2 -0.300569
370.3 0.106072
370.4 -0.645702
370.5 0.418637
370.6 -0.0959843
370.7 1.35439
370.8 0.703854
370.9 -0.388018
371 -3.20754
371.1 -0.790496
371.2 -0.357928
371.3 -1.54859
371.4 -0.34068
371.5 0.39378
371.6 -0.361
371.7 -0.506545
371.8 -0.347918
371.9 1.90128
372 0.0497568
372.1 0.236204
372.2 1.75074
372.3 -0.20451
372.4 -0.499688
372.5 -0.84172
372.6 0.206069
372.7 1.47558
372.8 -0.789038
372.9 0.542928
373 1.17025
373.1 -0.808006
373.2 0.569529
373.3 -1.77091
373.4 -0.860894
373.5 0.674227
373.6 0.849037
373.7 -0.645947
373.8 -2.01629
373.9 -0.928517
374 -0.358161
374.1 -0.062105
374.2 1.22115
374.3 0.128336
374.4 -0.918946
374.5 -0.0715384
374.6 -0.387558
374.7 0.300737
374.8 0.344303
374.9 0.903835
375 -0.250305
375.1 -2.86416
375.2 -0.817461
375.3 -0.145036
375.4 -1.57718
375.5 -1.09777
375.6 -0.217242
375.7 0.463859
375.8 -0.281894
375.9 -1.68306
376 -0.595803
376.1 1.59276
376.2 -0.100056
376.3 -0.289498
376.4 -0.477303
376.5 0.33661
376.6 0.471654
376.7 0.794451
376.8 -0.150524
376.9 0.00947035
377 0.886855
377.1 1.42029
377.2 0.372104
377.3 0.409896
377.4 0.135443
377.5 1.022
377.6 1.04449
377.7 0.181727
377.8 -1.16117
377.9 -0.836771
378 0.63086
378.1 -1.20274
378.2 1.06346
378.3 0.586925
378.4 0.421037
378.5 0.183847
378.6 0.685657
378.7 -1.63272
378.8 -0.0797948
378.9 -0.408861
379 -0.156496
379.1 0.453272
379.2 -0.155738
379.3 -0.533945
379.4 1.17695
379.5 -1.25882
379.6 -0.69064
379.7 -0.687751
379.8 -0.180822
379.9 -0.765226
380 -0.99564
380.1 -0.135519
380.2 2.98008
380.3 0.945832
380.4 0.568654
380.5 0.417707
380.6 0.779424
380.7 -0.532272
380.8 0.563285
380.9 0.640187
381 0.279904
381.1 -0.368491
381.2 -0.312446
381.3 0.992558
381.4 0.25055
381.5 0.134925
381.6 -1.89219
381.7 0.626775
381.8 -0.31545
381.9 -0.678461
382 -1.36769
382.1 -0.694824
382.2 0.836152
382.3 -0.561547
382.4 -0.288213
382.5 0.0171628
382.6 0.441547
382.7 -0.0628367
382.8 0.433209
382.9 -0.135899
383 -1.12811
383.1 1.40102
383.2 0.287926
383.3 -0.0569997
383.4 0.892956
383.5 -0.262261
383.6 -0.054346
383.7 -1.04584
383.8 0.541066
383.9 0.184286
384 1.5731
384.1 -0.688327
384.2 -1.10495
384.3 -0.344849
384.4 0.858105
384.5 0.388424
384.6 1.22979
384.7 -0.107829
384.8 0.221676
384.9 -1.00837
385 -0.222125
385.1 -1.20801
385.2 0.0523734
385.3 -0.636511
385.4 -0.406312
385.5 0.24807
385.6 0.059619
385.7 0.408631
385.8 0.203637
385.9 -0.364304
386 -0.910455
386.1 1.51213
386.2 -0.323801
386.3 0.284486
386.4 0.386046
386.5 -0.530181
386.6 0.840656
386.7 -1.4795
386.8 -0.779178
386.9 -0.263487
387 0.587029
387.1 -0.668181
387.2 0.15899
387.3 0.32968
387.4 0.565887
387.5 0.0412517
387.6 -0.0507379
387.7 -0.369292
387.8 -0.154831
387.9 -1.48198
388 -0.253376
388.1 1.95021
388.2 0.256699
388.3 -0.406106
388.4 -0.650301
388.5 0.165314
388.6 1.00756
388.7 0.262993
388.8 -0.754732
388.9 -0.838988
389 -0.498052
389.1 1.42887
389.2 -0.470541
389.3 1.1067
389.4 1.0134
389.5 0.492217
389.6 0.878152
389.7 0.207155
389.8 0.132963
389.9 -0.0279368
390 0.0493177
390.1 0.760156
390.2 -0.434178
390.3 -0.352426
390.4 0.161239
390.5 0.146828
390.6 0.168286
390.7 0.262849
390.8 0.0831505
390.9 1.12677
391 -0.0554409
391.1 -0.955709
391.2 -0.610745
391.3 -0.125305
391.4 -0.175862
391.5 0.332498
391.6 0.263947
391.7 0.11088
391.8 1.04867
391.9 0.041662
392 0.449257
392.1 0.00812612
392.2 -0.148697
392.3 0.456031
392.4 0.211859
392.5 0.146652
392.6 0.0645535
392.7 0.320346
392.8 -0.856352
392.9 -0.106524
393 1.09073
393.1 0.970556
393.2 1.03644
393.3 -0.402771
393.4 -0.40394
393.5 -0.850418
393.6 -1.04059
393.7 -0.775878
393.8 0.41466
393.9 0.254146
394 0.702404
394.1 -0.123055
394.2 0.35551
394.3 -0.776702
394.4 -0.432573
394.5 0.513624
394.6 0.885798
394.7 0.784598
394.8 -0.538145
394.9 0.0219665
395 -1.581
395.1 -0.885489
395.2 -0.530559
395.3 -0.289955
395.4 1.00502
395.5 0.0279693
395.6 0.875127
395.7 -0.065475
395.8 -1.17555
395.9 0.955169
396 0.0511379
396.1 -0.740295
396.2 -0.305478
396.3 0.288882
396.4 1.03258
396.5 -0.47297
396.6 -0.957849
396.7 0.209762
396.8 -0.451077
396.9 0.0518236
397 -0.59749
397.1 0.186161
397.2 0.62292
397.3 0.135364
397.4 0.24144
397.5 0.904144
397.6 2.16618
397.7 1.84109
397.8 0.431589
397.9 1.79709
398 1.47323
398.1 -0.206696
398.2 1.07863
398.3 0.261455
398.4 -0.362324
398.5 -0.62416
398.6 -0.0685929
398.7 0.803117
398.8 -0.11448
398.9 -0.414305
399 1.73018
399.1 -0.636876
399.2 -1.60852
399.3 0.915974
399.4 -0.0838923
399.5 -0.367257
399.6 -0.985454
399.7 -0.859624
399.8 -1.42912
399.9 0.240567
400 -1.44796
400.1 -2.24943
400.2 0.331674
400.3 -0.00521542
400.4 1.31202
400.5 -0.431887
400.6 -1.03802
400.7 -0.0417315
400.8 1.44555
400.9 2.99248
401 1.75643
401.1 -1.06731
401.2 -0.432939
401.3 0.509341
401.4 -0.952094
401.5 -0.594161
401.6 -0.331681
401.7 -0.0504917
401.8 0.303641
401.9 -0.522394
402 -0.441511
402.1 0.657645
402.2 1.03186
402.3 -0.07945
402.4 1.25762
402.5 2.23929
402.6 0.908785
402.7 -0.104839
402.8 -1.18374
402.9 0.134517
403 -0.386922
403.1 0.996496
403.2 -3.15508
403.3 -1.24461
403.4 -0.500324
403.5 1.63589
403.6 0.319988
403.7 0.116092
403.8 0.931433
403.9 1.79117
404 -1.07773
404.1 -0.26825
404.2 0.174849
404.3 0.510116
404.4 -0.521588
404.5 0.0147624
404.6 -0.750055
404.7 -0.270698
404.8 -1.96029
404.9 -0.856568
405 -0.880267
405.1 0.0675412
405.2 -1.21716
405.3 -2.10954
405.4 -0.941703
405.5 -0.0892075
405.6 0.664623
405.7 0.342604
405.8 0.630902
405.9 0.578124
406 0.763552
406.1 -0.387519
406.2 -0.444674
406.3 0.350927
406.4 0.789052
406.5 -0.411173
406.6 -0.156416
406.7 0.161476
406.8 0.570127
406.9 0.957231
407 -0.787156
407.1 -0.47932
407.2 1.20838
407.3 0.583398
407.4 -0.148811
407.5 -0.771238
407.6 -0.411536
407.7 3.3895
407.8 1.00474
407.9 1.0972
408 0.805491
408.1 -0.296979
408.2 -0.510217
408.3 -1.3297
408.4 -1.16012
408.5 -0.0567858
408.6 0.644658
408.7 1.53728
408.8 -0.316495
408.9 -0.247284
409 0.4189
409.1 -0.449102
409.2 0.399397
409.3 -0.710885
409.4 1.13876
409.5 0.528867
409.6 -0.0197112
409.7 1.1614
409.8 0.222741
409.9 -0.249236
410 0.68057
410.1 -0.208815
410.2 -0.195515
410.3 -1.55809
410.4 1.22359
410.5 -1.67364
410.6 -1.5971
410.7 -0.796008
410.8 -0.207035
410.9 0.423964
411 0.220658
411.1 0.0789015
411.2 -0.691298
411.3 -0.961724
411.4 -1.1736
411.5 -0.869093
411.6 -0.436421
411.7 -0.625142
411.8 0.457807
411.9 0.644892
412 1.6365
412.1 1.46302
412.2 0.667262
412.3 0.545002
412.4 0.361976
412.5 0.363197
412.6 -1.86201
412.7 -0.274103
412.8 -0.560797
412.9 -0.563207
413 -0.908556
413.1 0.192109
413.2 -0.876401
413.3 -1.36395
413.4 0.905111
413.5 0.585955
413.6 -0.200755
413.7 -1.7288
413.8 0.143878
413.9 -0.456323
414 0.853762
414.1 1.07477
414.2 -1.38502
414.3 0.00333474
414.4 -0.253543
414.5 0.637477
414.6 -0.636664
414.7 -2.23904
414.8 -0.692177
414.9 -0.540341
415 1.53029
415.1 -1.09401
415.2 -2.43846
415.3 0.354898
415.4 0.320282
415.5 -0.836964
415.6 -1.36137
415.7 -0.701906
415.8 1.43874
415.9 0.73318
416 1.01051
416.1 0.000982118
416.2 0.541005
416.3 1.3786
416.4 0.562691
416.5 0.893817
416.6 -0.598688
416.7 0.753895
416.8 -1.79929
416.9 0.926295
417 -0.517503
417.1 -0.832794
417.2 -0.486059
417.3 0.508852
417.4 -0.235997
417.5 -0.6477
417.6 0.170564
417.7 0.691065
417.8 -0.0673398
417.9 -0.717474
418 -0.76599
418.1 2.80691
418.2 0.827453
418.3 -1.58221
418.4 -1.28437
418.5 -0.297392
418.6 -0.533713
418.7 -0.437316
418.8 0.33807
418.9 -1.42097
419 -0.263275
419.1 -0.686269
419.2 -0.87005
419.3 -0.138152
419.4 -0.46263
419.5 1.65896
419.6 -0.518079
419.7 -0.949373
419.8 -0.513513
419.9 -0.55365
420 0.683606
420.1 -0.0869879
420.2 0.84208
420.3 1.22389
420.4 -0.670477
420.5 0.141483
420.6 -0.922638
420.7 -2.26379
420.8 -0.242046
420.9 -0.15573
421 -0.102727
421.1 0.0335726
421.2 -0.0338295
421.3 -0.622794
421.4 -0.488769
421.5 0.501855
421.6 0.173794
421.7 -0.387846
421.8 -0.0385466
421.9 -0.317709
422 -2.12691
422.1 -0.954904
422.2 -1.0414
422.3 0.9512
422.4 -0.637365
422.5 -0.915122
422.6 1.10337
422.7 0.678417
422.8 -1.06744
422.9 -0.610656
423 0.234112
423.1 -1.37376
423.2 -0.163786
423.3 -0.164106
423.4 0.27255
423.5 -0.335312
423.6 0.185334
423.7 0.973111
423.8 0.134634
423.9 0.593599
424 -0.892247
424.1 -0.286487
424.2 -0.48949
424.3 -0.91624
424.4 -0.0814581
424.5 0.627442
424.6 1.30234
424.7 1.1343
424.8 0.659477
424.9 0.661094
425 0.0720067
425.1 0.950903
425.2 0.205258
425.3 0.981978
425.4 2.20609
425.5 0.556205
425.6 -1.38461
425.7 -1.27431
425.8 -0.650048
425.9 -1.17732
426 -2.00669
426.1 1.02651
426.2 0.999062
426.3 0.899824
426.4 1.17266
426.5 -0.0774235
426.6 -0.209875
426.7 0.34865
426.8 -0.00879118
426.9 -0.982141
427 -1.02442
427.1 -1.25628
427.2 -0.350787
427.3 -0.840424
427.4 0.989221
427.5 -0.184218
427.6 0.14375
427.7 -0.750308
427.8 0.391162
427.9 -1.44538
428 -0.488263
428.1 0.534376
428.2 -0.715294
428.3 -1.19696
428.4 1.28792
428.5 1.14118
428.6 0.89414
428.7 -0.486776
428.8 1.12608
428.9 0.554015
429 -0.666488
429.1 -1.33844
429.2 -0.649296
429.3 -1.32226
429.4 1.42845
429.5 2.51829
429.6 1.68998
429.7 0.995608
429.8 0.154215
429.9 -0.645232
430 -0.248334
430.1 0.608573
430.2 -1.02417
430.3 0.173539
430.4 0.707899
430.5 -0.066128
430.6 -1.0652
430.7 0.142825
430.8 0.0359968
430.9 -0.619762
431 -0.271572
431.1 1.13453
431.2 1.48503
431.3 0.469144
431.4 0.721159
431.5 -0.136161
431.6 -1.1015
431.7 -0.582124
431.8 0.722887
431.9 -0.815136
432 -0.360366
432.1 -1.12936
432.2 -1.66219
432.3 -1.46697
432.4 -0.547207
432.5 -2.68214
432.6 0.851676
432.7 -0.108859
432.8 -0.0250321
432.9 -0.959548
433 0.635013
433.1 -1.80576
433.2 0.0482624
433.3 -0.993191
433.4 -0.132635
433.5 0.691584
433.6 -0.952674
433.7 -0.391629
433.8 -0.508178
433.9 -0.107499
434 -0.218629
434.1 0.510533
434.2 0.870912
434.3 -0.933682
434.4 0.981769
434.5 -1.18299
434.6 -0.798536
434.7 -1.1083
434.8 -1.00041
434.9 1.77389
435 0.479815
435.1 0.246157
435.2 -0.564915
435.3 -0.866578
435.4 -0.753899
435.5 0.200427
435.6 -0.804117
435.7 1.06525
435.8 -0.89053
435.9 -0.451777
436 -0.240383
436.1 -0.48472
436.2 0.718107
436.3 -0.402346
436.4 -0.158514
436.5 0.435585
436.6 -0.330752
436.7 0.108842
436.8 0.2415
436.9 -0.245827
437 -0.804032
437.1 -0.447445
437.2 -1.06852
437.3 -0.479718
437.4 0.0373334
437.5 1.02397
437.6 1.7591
437.7 -0.353101
437.8 -0.982122
437.9 -0.4288
438 1.00894
438.1 -0.0133611
438.2 -0.0168785
438.3 -1.65381
438.4 1.01363
438.5 1.20459
438.6 -0.447762
438.7 0.4683
438.8 0.104442
438.9 -1.42944
439 -2.40115
439.1 0.434827
439.2 -0.0236191
439.3 -0.288456
439.4 -0.302962
439.5 -0.786795
439.6 -2.03577
439.7 -0.158243
439.8 -1.09251
439.9 -1.43286
440 -3.18873
440.1 -0.560287
440.2 -0.349206
440.3 -0.671575
440.4 0.217396
440.5 -1.45371
440.6 1.50293
440.7 -0.507369
440.8 0.0493317
440.9 -1.05225
441 0.80571
441.1 -0.9567
441.2 0.53884
441.3 1.58713
441.4 -1.17997
441.5 0.00314989
441.6 -0.630267
441.7 -0.793114
441.8 0.642016
441.9 0.196781
442 1.0759
442.1 0.0678656
442.2 0.950336
442.3 -0.201962
442.4 -0.398564
442.5 -1.02712
442.6 0.685504
442.7 -0.00850295
442.8 -0.907749
442.9 -0.314426
443 -0.682246
443.1 0.502978
443.2 0.0546308
443.3 -0.587825
443.4 -0.837411
443.5 -0.118564
443.6 0.891349
443.7 0.33971
443.8 -0.125105
443.9 1.69062
444 -0.152864
444.1 -0.344106
444.2 0.596355
444.3 0.742454
444.4 1.239
444.5 1.51617
444.6 -0.944463
444.7 1.00446
444.8 1.2095
444.9 1.72563
445 1.56863
445.1 1.05921
445.2 2.03498
445.3 0.973472
445.4 -0.8086
445.5 -2.00379
445.6 -1.09774
445.7 -0.0629765
445.8 1.7904
445.9 0.77154
446 0.0936132
446.1 -0.875607
446.2 1.08193
446.3 0.342697
446.4 -0.622517
446.5 -0.13881
446.6 -0.386555
446.7 0.0982456
446.8 -2.05318
446.9 -0.515823
447 -0.329963
447.1 0.573811
447.2 -0.722976
447.3 -1.09903
447.4 -2.27911
447.5 -0.268265
447.6 -0.969909
447.7 -1.03472
447.8 -1.19962
447.9 0.447933
448 -0.266143
448.1 1.22788
448.2 -1.20432
448.3 0.280369
448.4 -0.23493
448.5 -0.183438
448.6 0.564634
448.7 1.12708
448.8 -0.0868314
448.9 -0.27232
449 -1.75192
449.1 0.00806194
449.2 -0.553864
449.3 -1.08912
449.4 -1.51849
449.5 -0.0240285
449.6 -0.153234
449.7 0.258734
449.8 -0.298082
449.9 -0.30753
450 0.307075
450.1 0.609051
450.2 0.770107
450.3 -1.05727
450.4 0.369798
450.5 -0.140947
450.6 -0.323681
450.7 -0.198764
450.8 -1.84252
450.9 0.125021
451 0.230853
451.1 0.117127
451.2 0.944532
451.3 1.99501
451.4 -0.227118
451.5 0.570817
451.6 -0.4168
451.7 -0.55971
451.8 0.574425
451.9 0.323441
452 -1.7463
452.1 -0.450455
452.2 0.515957
452.3 2.24203
452.4 0.938889
452.5 0.768257
452.6 -0.241344
452.7 0.242758
452.8 1.50034
452.9 1.23098
453 -0.509676
453.1 -0.400461
453.2 -0.184518
453.3 0.583365
453.4 -0.132584
453.5 1.27742
453.6 0.66453
453.7 -0.746809
453.8 -0.441398
453.9 -0.593901
454 -0.840578
454.1 0.501847
454.2 -0.176091
454.3 -0.55227
454.4 -0.618365
454.5 -0.528051
454.6 0.222741
454.7 -0.299697
454.8 -0.73837
454.9 -0.289103
455 0.752424
455.1 0.355199
455.2 0.373723
455.3 0.634717
455.4 0.257567
455.5 1.02375
455.6 1.13403
455.7 0.409075
455.8 0.448615
455.9 0.792941
456 1.24472
456.1 -0.758553
456.2 -0.314323
456.3 -0.715375
456.4 0.687806
456.5 1.00298
456.6 0.0158984
456.7 -0.415391
456.8 -0.983353
456.9 -0.854772
457 1.25256
457.1 0.0365554
457.2 0.2119
457.3 0.0248678
457.4 -0.0838923
457.5 -1.89561
457.6 -0.29056
457.7 -1.29771
457.8 -0.526852
457.9 -0.977208
458 -0.942515
458.1 -0.966966
458.2 1.10674
458.3 0.654882
458.4 0.364547
458.5 0.360163
458.6 0.655134
458.7 2.12612
458.8 0.84942
458.9 -0.0013521
459 -0.129483
459.1 -0.00857513
459.2 0.699271
459.3 0.106891
459.4 -0.65296
459.5 1.41806
459.6 1.00494
459.7 -0.327594
459.8 0.222203
459.9 0.676107
460 0.492783
460.1 1.27464
460.2 0.0725732
460.3 -1.35368
460.4 0.0316953
460.5 1.12422
460.6 -1.99719
460.7 0.15561
460.8 -0.500955
460.9 -0.420744
461 -0.205284
461.1 -0.322717
461.2 1.19162
461.3 2.76807
461.4 -1.09417
461.5 -0.55174
461.6 0.656194
461.7 -0.0605003
461.8 -0.82181
461.9 -1.13868
462 -1.65845
462.1 0.233029
462.2 -0.317606
462.3 -0.453694
462.4 0.240606
462.5 0.080248
462.6 2.25905
462.7 0.891166
462.8 0.724853
462.9 0.635027
463 -0.326629
463.1 -1.05898
463.2 -1.87037
463.3 0.519338
463.4 -0.145377
463.5 0.142375
463.6 -1.63636
463.7 -0.0822852
463.8 0.732039
463.9 0.623116
464 -0.639756
464.1 -0.495245
464.2 -0.105797
464.3 1.90437
464.4 -0.409253
464.5 -1.72346
464.6 -1.15911
464.7 -0.111817
464.8 -0.222339
464.9 0.541323
465 -0.340798
465.1 0.888128
465.2 1.88645
465.3 0.476965
465.4 -0.368561
465.5 -1.2956
465.6 1.22172
465.7 1.14743
465.8 -0.137793
465.9 -0.542218
466 0.378171
466.1 -0.510918
466.2 -1.49725
466.3 -0.254578
466.4 -0.0451075
466.5 -0.907464
466.6 -0.723283
466.7 0.418653
466.8 1.50687
466.9 -0.692733
467 0.163223
467.1 0.283017
467.2 0.424931
467.3 0.955714
467.4 -0.105882
467.5 -0.509072
467.6 -0.32453
467.7 0.432026
467.8 -0.542514
467.9 0.475922
468 -0.0391752
468.1 -0.865455
468.2 -0.849482
468.3 0.186082
468.4 -0.172387
468.5 -1.22574
468.6 -1.88471
468.7 -1.95398
468.8 -0.0916255
468.9 0.163492
469 0.217385
469.1 -0.736305
469.2 -0.487767
469.3 -0.386203
469.4 -0.794286
469.5 -3.25989
469.6 -2.0737
469.7 0.4653
469.8 -1.1893
469.9 0.43023
470 0.371529
470.1 1.66485
470.2 0.613779
470.3 1.02833
470.4 0.485027
470.5 0.96636
470.6 0.0075316
470.7 0.726258
470.8 -0.411043
470.9 -0.424202
471 0.325124
471.1 0.527932
471.2 0.259409
471.3 0.111679
471.4 0.372145
471.5 -0.310503
471.6 -1.73596
471.7 -0.963528
471.8 0.502994
471.9 0.42606
472 -0.536161
472.1 -0.492889
472.2 -0.0323613
472.3 -0.290909
472.4 -0.207095
472.5 -0.872863
472.6 2.27255
472.7 0.639692
472.8 0.0970364
472.9 -0.336276
473 -0.267237
473.1 -0.304066
473.2 0.173419
473.3 0.565787
473.4 1.06714
473.5 -0.612781
473.6 -0.357826
473.7 0.1788
473.8 -0.133357
473.9 -1.53507
474 -0.631966
474.1 -0.43699
474.2 -0.755282
474.3 -1.52404
474.4 0.706621
474.5 1.45304
474.6 -0.570679
474.7 0.355473
474.8 0.581065
474.9 -1.21322
475 -0.321436
475.1 0.212748
475.2 0.84125
475.3 -1.16838
475.4 -0.657248
475.5 -0.407644
475.6 0.0635884
475.7 -1.09374
475.8 0.54803
475.9 -0.300636
476 -0.558987
476.1 -0.759619
476.2 0.387642
476.3 -0.593305
476.4 -0.367213
476.5 0.532281
476.6 -1.22037
476.7 -0.192801
476.8 0.0714884
476.9 -1.2444
477 -0.053096
477.1 0.647708
477.2 0.0909542
477.3 0.497551
477.4 1.24987
477.5 0.582116
477.6 0.149527
477.7 1.34631
477.8 1.0827
477.9 0.492413
478 -0.79019
478.1 -0.231812
478.2 0.220414
478.3 0.234203
478.4 -0.698735
478.5 0.147417
478.6 1.12119
478.7 0.491739
478.8 1.74691
478.9 0.778316
479 -0.280096
479.1 -0.725031
479.2 1.52282
479.3 0.811518
479.4 1.80867
479.5 0.85438
479.6 -0.512959
479.7 -1.30671
479.8 1.27272
479.9 1.3816
480 -0.422605
480.1 0.572469
480.2 0.448828
480.3 -1.29053
480.4 -0.857887
480.5 0.210994
480.6 -0.862143
480.7 -0.702906
480.8 0.111615
480.9 -0.0191313
481 0.511529
481.1 1.86102
481.2 -0.295591
481.3 -2.0957
481.4 -1.50862
481.5 -0.0590494
481.6 -1.91699
481.7 -1.37431
481.8 -1.14725
481.9 -0.949993
482 1.28701
482.1 0.889351
482.2 -0.898477
482.3 -0.0667437
482.4 0.228791
482.5 0.0562449
482.6 -0.67303
482.7 0.0603102
482.8 -0.84668
482.9 -1.50188
483 0.0224965
483.1 -0.479796
483.2 -0.81154
483.3 1.6295
483.4 2.05343
483.5 0.612125
483.6 -0.29062
483.7 -0.285213
483.8 1.35575
483.9 -1.82515
484 1.30145
484.1 -0.205269
484.2 1.43192
484.3 1.94182
484.4 -0.222572
484.5 -0.23917
484.6 -1.17161
484.7 -0.534302
484.8 -1.12244
484.9 0.376345
485 -0.371612
485.1 0.750731
485.2 0.704196
485.3 0.479809
485.4 0.373246
485.5 0.119267
485.6 -0.0176543
485.7 -0.43826
485.8 -0.567427
485.9 -0.432275
486 -0.480081
486.1 -0.800564
486.2 -0.525861
486.3 -1.05562
486.4 1.48314
486.5 -0.920675
486.6 0.562862
486.7 -1.32353
486.8 0.561816
486.9 -0.0185533
487 -0.783534
487.1 -0.630487
487.2 0.0240966
487.3 -1.41498
487.4 -1.66409
487.5 -0.967732
487.6 -1.41886
487.7 -1.54187
487.8 -0.888655
487.9 -1.67141
488 -1.47301
488.1 0.690227
488.2 0.159632
488.3 -0.792958
488.4 0.612256
488.5 1.34981
488.6 0.54282
488.7 0.588078
488.8 0.233167
488.9 2.56757
489 0.337782
489.1 0.21198
489.2 -0.938884
489.3 0.198805
489.4 1.02938
489.5 1.45227
489.6 0.854957
489.7 0.637126
489.8 -0.0173985
489.9 1.41533
490 -0.597801
490.1 0.221776
490.2 -1.08127
490.3 0.329627
490.4 0.195719
490.5 -1.29917
490.6 -0.424877
490.7 0.1592
490.8 -0.269039
490.9 -0.855583
491 0.420336
491.1 0.0868529
491.2 0.920948
491.3 -0.560728
491.4 -1.05724
491.5 -0.358459
491.6 -0.101476
491.7 0.289355
491.8 0.19361
491.9 -0.0731998
492 1.38424
492.1 -0.30593
492.2 1.13324
492.3 -0.351112
492.4 0.700577
492.5 1.18985
492.6 -0.818166
492.7 -1.20751
492.8 -1.49754
492.9 -0.459901
493 -0.640216
493.1 -1.39136
493.2 1.9573
493.3 1.44578
493.4 -0.00415861
493.5 -0.442335
493.6 0.187754
493.7 0.681882
493.8 0.334608
493.9 -0.371601
494 -0.369278
494.1 -0.330545
494.2 -0.230658
494.3 -1.33224
494.4 -0.440199
494.5 -1.11871
494.6 0.380606
494.7 0.918245
494.8 -0.318912
494.9 -0.443648
495 -0.711772
495.1 -0.0107332
495.2 -0.39514
495.3 1.63195
495.4 0.305108
495.5 -0.188149
495.6 1.19552
495.7 2.28274
495.8 -0.23584
495.9 2.41666
496 1.13989
496.1 -1.0479
496.2 -0.917971
496.3 -0.194885
496.4 -0.10165
496.5 0.784213
496.6 -0.218613
496.7 0.822793
496.8 1.43412
496.9 0.743733
497 0.576487
497.1 0.567174
497.2 -0.0535899
497.3 -0.72033
497.4 -0.406489
497.5 -0.827224
497.6 -0.0486507
497.7 -0.109645
497.8 -0.17063
497.9 -1.99256
498 -0.551552
498.1 -1.60007
498.2 0.360563
498.3 -1.36988
498.4 -1.22142
498.5 -0.562168
498.6 1.98991
498.7 -0.110328
498.8 -0.863842
498.9 -0.76073
499 -0.853191
499.1 0.197185
499.2 1.24784
499.3 1.21952
499.4 -0.244424
499.5 0.975546
499.6 0.492502
499.7 -0.250613
499.8 -1.2273
499.9 -0.565323
