0 0.236542
0.1 -1.16931
0.2 1.02334
0.3 0.0671015
0.4 -0.492142
0.5 0.925878
0.6 -2.16093
0.7 0.240913
0.8 -0.827931
0.9 -0.770929
1 -0.373011
1.1 0.00127134
1.2 0.315164
1.3 -0.863035
1.4 -0.397933
1.5 0.233031
1.6 0.0683908
1.7 -0.269463
1.8 -0.364144
1.9 0.477738
2 -0.681726
2.1 1.11178
2.2 0.435457
2.3 0.533996
2.4 -0.374282
2.5 -1.14699
2.6 0.152391
2.7 0.082999
2.8 0.0476084
2.9 1.23753
3 -0.563267
3.1 -0.23291
3.2 0.615274
3.3 0.0743899
3.4 -0.35324
3.5 0.190436
3.6 -0.717499
3.7 -0.0238654
3.8 -1.51205
3.9 -0.359471
4 -0.681782
4.1 0.168977
4.2 0.843394
4.3 0.226188
4.4 -0.918508
4.5 0.270845
4.6 0.0858514
4.7 0.469517
4.8 2.40673
4.9 -0.696149
5 -0.58425
5.1 0.201753
5.2 0.686245
5.3 -0.873579
5.4 0.342308
5.5 -0.504106
5.6 0.521123
5.7 -1.01586
5.8 0.939797
5.9 0.642447
6 -0.724186
6.1 1.02474
6.2 -1.48067
6.3 0.284191
6.4 2.3781
6.5 -1.21133
6.6 0.734627
6.7 0.78779
6.8 -0.506045
6.9 -0.992332
7 0.641428
7.1 -1.50488
7.2 0.552212
7.3 0.584237
7.4 0.508648
7.5 -0.732523
7.6 -0.594458
7.7 0.65175
7.8 -0.787622
7.9 1.38412
8 -0.276893
8.1 0.278795
8.2 -0.131073
8.3 0.745959
8.4 -0.177633
8.5 0.400882
8.6 0.978398
8.7 -0.130756
8.8 -0.0913439
8.9 -0.737676
9 -0.531469
9.1 -0.503312
9.2 0.349277
9.3 1.69199
9.4 -0.310627
9.5 -0.856525
9.6 -1.3652
9.7 0.732723
9.8 -0.350032
9.9 -0.748526
10 -0.162956
10.1 -0.368052
10.2 -0.841564
10.3 -0.467548
10.4 -0.981812
10.5 0.29409
10.6 0.618863
10.7 -0.654648
10.8 0.537644
10.9 0.448197
11 -0.781168
11.1 -0.393272
11.2 0.100851
11.3 -1.03777
11.4 -0.396858
11.5 -0.666216
11.6 0.183666
11.7 -0.539906
11.8 -0.418272
11.9 0.662675
12 1.01427
12.1 0.291351
12.2 -0.975919
12.3 0.667085
12.4 0.214707
12.5 1.07729
12.6 -1.22558
12.7 0.28152
12.8 0.863012
12.9 0.431099
13 0.493013
13.1 -1.2752
13.2 0.633878
13.3 -0.52551
13.4 1.08659
13.5 -0.797208
13.6 0.0428075
13.7 0.880742
13.8 -0.889192
13.9 0.563782
14 0.333652
14.1 0.545087
14.2 0.0462474
14.3 -0.314786
14.4 0.106194
14.5 -1.60797
14.6 0.0411536
14.7 -1.35332
14.8 0.478951
14.9 -0.312715
15 -0.139734
15.1 -1.0408
15.2 0.264903
15.3 -0.343411
15.4 -0.512973
15.5 1.42441
15.6 -1.71511
15.7 -1.34461
15.8 -1.12906
15.9 -0.854831
16 1.61839
16.1 0.470681
16.2 1.07024
16.3 -0.859324
16.4 -1.16537
16.5 0.952359
16.6 0.765068
16.7 -0.37051
16.8 0.525604
16.9 -0.188647
17 0.185974
17.1 1.25847
17.2 0.434403
17.3 0.295752
17.4 -0.27377
17.5 0.183892
17.6 -1.08946
17.7 -1.66534
17.8 -1.42864
17.9 -1.23325
18 0.251867
18.1 1.1418
18.2 0.355978
18.3 -0.364909
18.4 -0.260228
18.5 0.650501
18.6 -0.847592
18.7 -0.527812
18.8 0.34239
18.9 0.30546
19 -0.524465
19.1 -0.619448
19.2 -0.553478
19.3 -0.98881
19.4 1.13289
19.5 0.556058
19.6 -0.12081
19.7 -0.626347
19.8 1.52181
19.9 1.61614
20 1.15105
20.1 -0.12845
20.2 -0.664897
20.3 0.404995
20.4 0.437357
20.5 -0.0965681
20.6 0.662024
20.7 -1.07742
20.8 -1.28358
20.9 0.767268
21 -0.151152
21.1 1.86731
21.2 -0.389709
21.3 0.211826
21.4 0.933435
21.5 0.83006
21.6 -0.92856
21.7 -0.904102
21.8 -0.639964
21.9 -0.136792
22 0.0166525
22.1 -0.492322
22.2 0.912599
22.3 0.476507
22.4 1.13063
22.5 0.796378
22.6 -1.26761
22.7 0.306027
22.8 0.220526
22.9 1.68421
23 0.443516
23.1 0.10459
23.2 -1.52234
23.3 0.564096
23.4 0.542272
23.5 -1.03353
23.6 -1.13409
23.7 -0.644593
23.8 0.0549761
23.9 1.61598
24 0.62694
24.1 0.0782935
24.2 0.449338
24.3 -0.435889
24.4 0.689227
24.5 -0.0400836
24.6 0.19393
24.7 -0.927864
24.8 -0.218905
24.9 -1.03313
25 0.73681
25.1 0.194285
25.2 -0.548142
25.3 -0.0213456
25.4 -0.928901
25.5 -0.124998
25.6 -0.183002
25.7 -1.0986
25.8 -0.0296533
25.9 2.50818
26 -0.643291
26.1 0.54827
26.2 -2.89434
26.3 1.54163
26.4 -1.11917
26.5 -0.549269
26.6 -0.425859
26.7 -0.851015
26.8 1.20277
26.9 -0.74196
27 -1.35747
27.1 0.474771
27.2 0.0709014
27.3 -0.580362
27.4 0.0929327
27.5 -0.0452005
27.6 1.73155
27.7 -1.05298
27.8 1.27431
27.9 -0.00848521
28 -1.46114
28.1 1.20688
28.2 -0.0368899
28.3 0.863847
28.4 0.577746
28.5 -0.341527
28.6 1.76154
28.7 -0.947105
28.8 2.21862
28.9 0.905481
29 -0.774905
29.1 -0.0856058
29.2 -0.977475
29.3 -0.44997
29.4 -0.519809
29.5 -0.333296
29.6 -1.00819
29.7 -0.275473
29.8 1.43617
29.9 -0.0441083
30 -0.59867
30.1 0.398944
30.2 -0.150481
30.3 0.696356
30.4 1.28428
30.5 -0.57886
30.6 -1.17956
30.7 -0.572034
30.8 -0.582734
30.9 -1.77782
31 0.685943
31.1 -0.421681
31.2 0.217081
31.3 0.0135768
31.4 -0.697535
31.5 0.720466
31.6 -0.223645
31.7 -0.0227402
31.8 0.290749
31.9 -0.177603
32 0.188237
32.1 -0.847024
32.2 1.32331
32.3 1.16664
32.4 -0.992531
32.5 1.5354
32.6 -0.9746
32.7 0.175517
32.8 0.406124
32.9 -0.469109
33 0.00373759
33.1 -0.630655
33.2 -0.872107
33.3 1.24027
33.4 1.32596
33.5 -0.500825
33.6 -0.343038
33.7 0.141446
33.8 0.496879
33.9 1.49621
34 -0.992981
34.1 -0.148981
34.2 -1.06027
34.3 -0.058043
34.4 0.699923
34.5 1.00302
34.6 0.650243
34.7 -0.495566
34.8 0.419727
34.9 1.86494
35 0.00207362
35.1 -0.0803226
35.2 0.697968
35.3 0.22921
35.4 -0.712574
35.5 -1.07453
35.6 -1.03671
35.7 -0.3931
35.8 0.32112
35.9 -0.216426
36 -0.498344
36.1 -0.406509
36.2 -1.09509
36.3 1.25939
36.4 -0.933769
36.5 0.267098
36.6 -0.839392
36.7 0.557003
36.8 -1.33261
36.9 0.116663
37 -1.17143
37.1 -0.92424
37.2 -1.30117
37.3 -0.449357
37.4 2.26671
37.5 -0.234393
37.6 -0.902597
37.7 -0.621161
37.8 -1.36567
37.9 -0.293581
38 0.964688
38.1 -0.0111475
38.2 -0.0525524
38.3 -0.140853
38.4 -0.383724
38.5 -0.572127
38.6 -0.211242
38.7 -0.520846
38.8 -1.37307
38.9 -0.377974
39 0.197914
39.1 0.580275
39.2 -1.81242
39.3 -0.2997
39.4 -0.222379
39.5 0.806325
39.6 -0.446924
39.7 -0.508772
39.8 1.0984
39.9 0.125025
40 -1.39573
40.1 0.627504
40.2 0.384151
40.3 -0.186754
40.4 -0.94876
40.5 -1.73694
40.6 -0.181775
40.7 -0.648551
40.8 -0.0595072
40.9 -0.00231813
41 -0.0766574
41.1 -0.970633
41.2 -0.577345
41.3 0.240326
41.4 -0.681548
41.5 -1.39003
41.6 -0.53222
41.7 -1.63514
41.8 -0.394271
41.9 1.82213
42 -0.19435
42.1 0.0572028
42.2 -0.936737
42.3 -1.50726
42.4 -0.319931
42.5 -0.952367
42.6 0.0319314
42.7 -0.843546
42.8 -0.289705
42.9 -1.34153
43 -0.123611
43.1 0.157516
43.2 0.248676
43.3 0.627595
43.4 -0.907909
43.5 -0.0390475
43.6 -0.433209
43.7 0.821701
43.8 0.127225
43.9 1.50537
44 0.0701787
44.1 -0.313941
44.2 0.08576
44.3 1.39429
44.4 -0.565741
44.5 -0.392401
44.6 0.762989
44.7 0.715082
44.8 0.465986
44.9 -2.00591
45 -0.0164492
45.1 -0.394431
45.2 1.76313
45.3 0.878038
45.4 -0.535764
45.5 -0.111603
45.6 0.144041
45.7 -1.10716
45.8 -0.586438
45.9 -0.367427
46 -0.655983
46.1 -0.266592
46.2 1.11559
46.3 0.692406
46.4 -0.168497
46.5 -1.73286
46.6 -0.338212
46.7 -1.60394
46.8 0.36946
46.9 0.428149
47 -0.730462
47.1 -1.71811
47.2 0.57649
47.3 -1.3268
47.4 -0.274462
47.5 1.25075
47.6 0.753236
47.7 -0.637507
47.8 -0.585855
47.9 1.22072
48 -1.44457
48.1 0.276383
48.2 0.369711
48.3 0.680784
48.4 0.328914
48.5 -1.09347
48.6 1.25617
48.7 -1.28993
48.8 -1.66988
48.9 0.188385
49 -0.177107
49.1 -0.364262
49.2 0.660544
49.3 -0.540286
49.4 0.812727
49.5 0.138181
49.6 0.617402
49.7 1.5013
49.8 0.674595
49.9 0.909427
50 0.416045
50.1 0.0561472
50.2 -0.138827
50.3 1.25373
50.4 1.36436
50.5 -1.79576
50.6 -1.02284
50.7 1.12448
50.8 0.32728
50.9 -0.927528
51 0.136666
51.1 1.83409
51.2 -0.243188
51.3 -1.11302
51.4 0.630984
51.5 -1.34397
51.6 -0.407829
51.7 -0.562412
51.8 0.415026
51.9 1.08161
52 -0.129743
52.1 0.371836
52.2 0.35307
52.3 1.24252
52.4 0.574586
52.5 -1.22042
52.6 -0.196732
52.7 -1.3479
52.8 0.868735
52.9 1.50357
53 -2.69029
53.1 2.06429
53.2 -0.373275
53.3 -0.912502
53.4 1.02287
53.5 0.629609
53.6 0.317255
53.7 1.03629
53.8 0.571898
53.9 1.47703
54 1.27385
54.1 -0.514421
54.2 -0.0624452
54.3 0.208519
54.4 0.0506568
54.5 -0.665133
54.6 0.0497114
54.7 -0.361341
54.8 -0.752882
54.9 -0.233835
55 0.491685
55.1 -0.766378
55.2 -2.22908
55.3 -0.695832
55.4 0.380251
55.5 -1.19238
55.6 0.65508
55.7 -0.944769
55.8 0.922851
55.9 1.73146
56 0.0774432
56.1 -0.123985
56.2 0.479953
56.3 -1.20619
56.4 -0.915019
56.5 0.782956
56.6 -0.561044
56.7 -0.704203
56.8 -0.120799
56.9 0.550173
57 -0.584307
57.1 0.539094
57.2 2.02443
57.3 -0.546487
57.4 -1.08674
57.5 -0.606245
57.6 -0.685561
57.7 0.439406
57.8 -1.07108
57.9 1.29558
58 0.672084
58.1 0.236038
58.2 0.94918
58.3 0.23289
58.4 -0.551757
58.5 -0.00550717
58.6 1.68401
58.7 0.133262
58.8 1.7411
58.9 0.136318
59 -0.354589
59.1 -0.11449
59.2 -0.288918
59.3 -0.120413
59.4 0.34907
59.5 -0.525172
59.6 -0.108424
59.7 0.194637
59.8 -0.784314
59.9 1.57581
60 -0.344457
60.1 -0.944762
60.2 0.739986
60.3 -0.32451
60.4 -1.10889
60.5 0.362109
60.6 -0.862413
60.7 0.451237
60.8 -1.02328
60.9 -0.852956
61 0.129145
61.1 0.721635
61.2 -0.364927
61.3 -0.491998
61.4 0.604804
61.5 -1.04068
61.6 0.149645
61.7 0.521454
61.8 -0.708583
61.9 0.0772006
62 0.25918
62.1 1.42731
62.2 -0.707907
62.3 0.93768
62.4 0.815868
62.5 -0.752008
62.6 0.163856
62.7 -0.109
62.8 -0.38814
62.9 1.08388
63 0.23829
63.1 0.876742
63.2 0.0793392
63.3 1.23289
63.4 0.389792
63.5 -0.0839096
63.6 0.960119
63.7 0.955002
63.8 0.759094
63.9 0.962401
64 0.567174
64.1 0.559245
64.2 1.20831
64.3 -0.293215
64.4 0.145391
64.5 2.00468
64.6 1.36977
64.7 0.466991
64.8 -0.346666
64.9 -1.21931
65 0.141696
65.1 -0.498605
65.2 0.974842
65.3 1.887
65.4 -0.148774
65.5 1.31572
65.6 -0.351225
65.7 -1.38058
65.8 -0.56384
65.9 -1.09329
66 0.78195
66.1 -1.60855
66.2 0.168558
66.3 1.09208
66.4 0.686982
66.5 0.962901
66.6 0.451912
66.7 0.56451
66.8 1.19531
66.9 1.38815
67 -0.532126
67.1 0.146821
67.2 0.120227
67.3 -0.52055
67.4 -0.012191
67.5 0.686814
67.6 0.739435
67.7 0.348369
67.8 0.776807
67.9 0.0395812
68 -0.679917
68.1 -1.52553
68.2 -1.59205
68.3 -1.50397
68.4 0.751691
68.5 -1.41383
68.6 0.562828
68.7 -0.96286
68.8 0.373206
68.9 0.537973
69 -0.0958284
69.1 0.627377
69.2 0.736428
69.3 -1.23833
69.4 -0.448671
69.5 2.11851
69.6 -1.07843
69.7 -0.491072
69.8 -0.655176
69.9 -1.63487
70 -0.253753
70.1 -0.0976342
70.2 -1.84284
70.3 0.589391
70.4 0.789744
70.5 -0.593657
70.6 -0.988357
70.7 0.891667
70.8 0.82627
70.9 -1.80805
71 -0.496797
71.1 1.44309
71.2 0.905738
71.3 -1.64038
71.4 0.876771
71.5 -0.174212
71.6 -0.91721
71.7 0.248972
71.8 -0.126754
71.9 -1.09127
72 -1.04315
72.1 1.12708
72.2 -0.418889
72.3 0.00466802
72.4 -0.639176
72.5 1.69206
72.6 1.41981
72.7 0.570844
72.8 0.605106
72.9 -0.00653428
73 0.856854
73.1 1.15744
73.2 -0.763048
73.3 -1.03053
73.4 -1.53364
73.5 -1.30838
73.6 0.799307
73.7 0.28678
73.8 0.342413
73.9 -1.28866
74 -0.0424009
74.1 0.266341
74.2 1.7675
74.3 0.617671
74.4 0.255852
74.5 0.375783
74.6 -0.893699
74.7 1.14324
74.8 -0.78494
74.9 -1.59515
75 1.28812
75.1 -0.842473
75.2 1.26326
75.3 -1.75709
75.4 -0.510341
75.5 -1.47612
75.6 1.67615
75.7 0.0614006
75.8 -0.612094
75.9 1.68545
76 -1.1861
76.1 -1.14894
76.2 -0.967835
76.3 1.00424
76.4 1.24959
76.5 0.930063
76.6 -0.271013
76.7 0.0413548
76.8 -1.51936
76.9 0.271104
77 -0.0528839
77.1 1.38721
77.2 -0.43042
77.3 -0.334068
77.4 0.540014
77.5 -1.26499
77.6 -0.611564
77.7 -1.28909
77.8 0.395218
77.9 -1.75593
78 1.70302
78.1 -1.1763
78.2 -0.169101
78.3 1.92849
78.4 0.677097
78.5 -0.342917
78.6 0.738246
78.7 0.061995
78.8 -1.08254
78.9 -0.261713
79 0.213895
79.1 0.33254
79.2 -0.684219
79.3 1.959
79.4 1.34646
79.5 1.90019
79.6 0.183086
79.7 -0.0439579
79.8 0.809063
79.9 0.838237
80 -1.20807
80.1 0.0457255
80.2 0.184066
80.3 -0.246536
80.4 0.0706244
80.5 -1.3285
80.6 0.53515
80.7 -0.522281
80.8 0.439923
80.9 -0.50795
81 0.363439
81.1 -0.124326
81.2 0.191353
81.3 0.943484
81.4 -1.53356
81.5 0.13239
81.6 -0.311731
81.7 1.12107
81.8 -0.947215
81.9 1.46317
82 1.32261
82.1 1.04898
82.2 0.881738
82.3 1.83457
82.4 0.216688
82.5 -0.295509
82.6 0.033183
82.7 0.610611
82.8 0.160779
82.9 0.306498
83 -0.42566
83.1 0.194218
83.2 0.940481
83.3 -1.47534
83.4 -1.82829
83.5 -0.134474
83.6 0.529822
83.7 -1.14359
83.8 -1.1616
83.9 -0.166395
84 1.83614
84.1 1.30444
84.2 -0.750742
84.3 1.19607
84.4 -0.105739
84.5 -0.973708
84.6 -0.118271
84.7 0.105222
84.8 2.12191
84.9 -0.454317
85 0.580327
85.1 -0.799392
85.2 -1.4089
85.3 -1.07351
85.4 0.980681
85.5 0.222092
85.6 -0.386249
85.7 0.232276
85.8 0.340452
85.9 -1.45627
86 -0.000910594
86.1 0.129008
86.2 -0.0575409
86.3 -0.55829
86.4 -1.15984
86.5 0.133267
86.6 -0.0478334
86.7 0.142029
86.8 0.270448
86.9 -0.862311
87 -0.152627
87.1 0.0983145
87.2 -0.894384
87.3 1.10077
87.4 -0.0710933
87.5 0.306633
87.6 -0.736319
87.7 0.818476
87.8 -0.796869
87.9 -0.675202
88 -2.18493
88.1 0.725991
88.2 0.872708
88.3 0.856079
88.4 -0.215467
88.5 -0.255898
88.6 1.04964
88.7 0.136101
88.8 0.381429
88.9 -0.646916
89 1.34103
89.1 0.637147
89.2 -0.310259
89.3 0.319234
89.4 0.602606
89.5 1.64593
89.6 0.173893
89.7 0.198285
89.8 -0.580065
89.9 -0.944091
90 -0.00627984
90.1 -0.792705
90.2 -0.0680378
90.3 -0.630839
90.4 1.14893
90.5 1.39524
90.6 1.99493
90.7 1.66837
90.8 -0.296367
90.9 0.2108
91 0.45889
91.1 -0.0159981
91.2 -1.38801
91.3 -0.72037
91.4 -0.799296
91.5 0.27619
91.6 0.102682
91.7 1.45098
91.8 1.42075
91.9 -0.0677187
92 0.00495514
92.1 1.64779
92.2 0.0703601
92.3 0.342757
92.4 -0.936216
92.5 -1.63356
92.6 -1.5214
92.7 -0.810662
92.8 -0.24421
92.9 -0.845945
93 1.98391
93.1 -0.218241
93.2 -0.805427
93.3 -0.678199
93.4 0.0846374
93.5 -0.14906
93.6 -1.5967
93.7 -0.435281
93.8 -0.451641
93.9 0.0279413
94 1.61634
94.1 0.488994
94.2 0.341591
94.3 0.945181
94.4 -0.571568
94.5 0.0655346
94.6 0.011487
94.7 1.27873
94.8 0.829673
94.9 -0.781711
95 -1.08221
95.1 0.746908
95.2 0.943512
95.3 -0.202045
95.4 -0.87714
95.5 -0.161738
95.6 0.292629
95.7 -0.504171
95.8 -2.16867
95.9 1.89362
96 1.38762
96.1 1.07559
96.2 0.385543
96.3 -0.407865
96.4 -1.07909
96.5 -0.724636
96.6 -1.01826
96.7 2.14483
96.8 -0.862375
96.9 1.62299
97 -0.730346
97.1 0.285712
97.2 -0.36104
97.3 0.450318
97.4 0.107937
97.5 0.509135
97.6 -0.887927
97.7 0.427836
97.8 1.28354
97.9 -0.789972
98 0.701493
98.1 1.46929
98.2 -0.540572
98.3 1.06931
98.4 -0.748552
98.5 1.06731
98.6 -0.239152
98.7 -0.107321
98.8 0.866577
98.9 -0.854205
99 0.829905
99.1 0.744533
99.2 -0.903922
99.3 0.205796
99.4 1.71213
99.5 -1.03067
99.6 1.05325
99.7 1.39639
99.8 -0.329731
99.9 0.610291
100 0.189829
100.1 0.745059
100.2 -0.419564
100.3 -0.936195
100.4 0.35403
100.5 1.35628
100.6 -0.391171
100.7 0.196276
100.8 -0.0787077
100.9 0.764552
101 0.57364
101.1 -1.67884
101.2 -0.652213
101.3 0.343422
101.4 -0.0314518
101.5 -0.354022
101.6 0.0708884
101.7 -1.02392
101.8 0.560319
101.9 -0.441315
102 -0.925145
102.1 -0.383025
102.2 -0.922932
102.3 1.74278
102.4 -0.596479
102.5 -1.76871
102.6 1.31234
102.7 -0.113881
102.8 0.324847
102.9 -0.420163
103 -0.641329
103.1 1.21549
103.2 -0.720762
103.3 0.380774
103.4 1.28608
103.5 -1.29396
103.6 -0.248638
103.7 -2.70385
103.8 0.383728
103.9 0.836523
104 -1.63028
104.1 -0.0183454
104.2 -0.035818
104.3 0.885773
104.4 -0.183931
104.5 0.0804861
104.6 0.805951
104.7 -1.41347
104.8 -0.563712
104.9 -0.640979
105 -0.861785
105.1 1.14736
105.2 -0.0749928
105.3 -0.0350155
105.4 -0.201255
105.5 -0.528595
105.6 -0.885566
105.7 -0.331848
105.8 0.230624
105.9 -0.596188
106 -0.284617
106.1 1.33379
106.2 1.00909
106.3 0.328062
106.4 0.283691
106.5 -0.367828
106.6 -2.00111
106.7 0.832071
106.8 -0.31219
106.9 -1.70417
107 -1.1882
107.1 0.00772767
107.2 0.0258102
107.3 0.185234
107.4 -0.143498
107.5 -0.798604
107.6 -0.844909
107.7 1.01552
107.8 -0.43979
107.9 -1.49138
108 0.392633
108.1 0.506326
108.2 0.509851
108.3 0.389922
108.4 -0.351562
108.5 0.696561
108.6 1.46116
108.7 0.823419
108.8 1.4195
108.9 0.656622
109 -0.944247
109.1 -1.31542
109.2 -0.24612
109.3 -1.62363
109.4 -0.680328
109.5 -1.08125
109.6 -0.0855169
109.7 0.560443
109.8 1.20909
109.9 -0.437193
110 -0.436917
110.1 -0.670849
110.2 -0.0658334
110.3 -0.79235
110.4 -1.27111
110.5 0.038146
110.6 -0.651169
110.7 0.736334
110.8 -0.419176
110.9 -0.362723
111 -1.41577
111.1 1.50476
111.2 -0.906
111.3 0.565628
111.4 0.110566
111.5 0.724134
111.6 -0.259904
111.7 0.590703
111.8 -0.595794
111.9 0.615308
112 -0.738989
112.1 0.376221
112.2 -0.984722
112.3 -0.985302
112.4 -1.18022
112.5 -0.802454
112.6 1.05314
112.7 0.380783
112.8 0.856626
112.9 0.850643
113 -0.612312
113.1 0.0778656
113.2 0.078877
113.3 0.733784
113.4 -1.61056
113.5 -0.294261
113.6 0.229426
113.7 0.359176
113.8 0.131972
113.9 0.021545
114 0.331319
114.1 0.0745039
114.2 -0.126734
114.3 -0.472462
114.4 0.73314
114.5 -0.624862
114.6 0.507894
114.7 0.784072
114.8 -0.113247
114.9 0.242131
115 -0.149536
115.1 1.55523
115.2 0.720379
115.3 -0.231357
115.4 -0.884543
115.5 -1.05159
115.6 -1.24033
115.7 -1.15361
115.8 0.240086
115.9 -0.90927
116 -1.3961
116.1 1.0606
116.2 -0.00730155
116.3 1.44013
116.4 -0.146489
116.5 1.03489
116.6 1.67504
116.7 -0.170169
116.8 1.20576
116.9 1.52844
117 -0.481811
117.1 2.42214
117.2 -1.45979
117.3 1.18278
117.4 0.164692
117.5 1.00347
117.6 -0.34783
117.7 0.428864
117.8 -1.38624
117.9 0.537659
118 0.122644
118.1 0.165902
118.2 0.135878
118.3 -0.788845
118.4 -0.0489607
118.5 0.201656
118.6 -0.991705
118.7 -0.501677
118.8 0.878748
118.9 0.615661
119 0.0111368
119.1 -0.684267
119.2 1.59775
119.3 1.17197
119.4 -0.099331
119.5 -0.233793
119.6 1.2339
119.7 -0.328111
119.8 0.295718
119.9 -0.386635
120 -0.182068
120.1 1.00212
120.2 0.805366
120.3 0.884458
120.4 0.148258
120.5 0.948201
120.6 0.0402994
120.7 -0.333178
120.8 0.582705
120.9 1.11947
121 1.62515
121.1 0.0243087
121.2 -0.330897
121.3 0.19511
121.4 -0.224505
121.5 -1.45006
121.6 -0.593279
121.7 -0.443607
121.8 -0.121892
121.9 -0.621296
122 0.0599251
122.1 -0.644543
122.2 0.422335
122.3 -0.19032
122.4 0.40575
122.5 0.115987
122.6 0.755346
122.7 0.209111
122.8 -0.220302
122.9 -0.0587305
123 -0.0540449
123.1 1.25112
123.2 0.864563
123.3 -0.565009
123.4 -1.16885
123.5 0.603756
123.6 0.201011
123.7 -0.22346
123.8 1.27728
123.9 -1.63684
124 -0.342365
124.1 0.544221
124.2 1.43736
124.3 -0.851037
124.4 -1.45937
124.5 0.547119
124.6 0.120011
124.7 -0.929034
124.8 0.406633
124.9 0.905266
125 -0.540947
125.1 -0.103201
125.2 0.85484
125.3 0.446364
125.4 1.59278
125.5 -0.476709
125.6 -0.907322
125.7 0.130883
125.8 -0.173854
125.9 -0.647824
126 1.41581
126.1 0.458185
126.2 0.170793
126.3 0.475723
126.4 1.08598
126.5 0.0214333
126.6 1.19617
126.7 0.375539
126.8 1.55776
126.9 -0.166216
127 -0.206418
127.1 0.615577
127.2 0.989401
127.3 -1.22601
127.4 -0.855175
127.5 -0.478849
127.6 1.82613
127.7 -0.492283
127.8 0.224334
127.9 -0.830131
128 0.258974
128.1 -1.25769
128.2 -0.0519966
128.3 -0.852895
128.4 -0.00179027
128.5 0.515347
128.6 -0.796327
128.7 0.0513528
128.8 -1.34947
128.9 0.0348652
129 -1.14737
129.1 -0.242969
129.2 0.557962
129.3 0.934572
129.4 0.864755
129.5 -0.290282
129.6 0.561497
129.7 0.974207
129.8 0.695732
129.9 0.516784
130 -1.54276
130.1 -1.32499
130.2 -0.393566
130.3 -0.0954529
130.4 0.410284
130.5 -2.22848
130.6 -1.41631
130.7 0.962055
130.8 -0.716874
130.9 0.242519
131 0.389609
131.1 0.106435
131.2 -1.27641
131.3 0.65126
131.4 -0.983029
131.5 0.558242
131.6 -2.05125
131.7 0.687847
131.8 -1.29567
131.9 -0.458957
132 -0.214961
132.1 0.0840504
132.2 0.248249
132.3 0.517455
132.4 0.848594
132.5 -0.880167
132.6 0.22179
132.7 -0.859497
132.8 0.707577
132.9 0.720238
133 -1.06327
133.1 -0.0406742
133.2 -0.240694
133.3 -1.70323
133.4 0.605679
133.5 -0.117912
133.6 -0.780145
133.7 -0.791522
133.8 2.21678
133.9 0.181969
134 0.861958
134.1 0.795026
134.2 1.16374
134.3 0.34353
134.4 0.107809
134.5 0.786872
134.6 -0.216427
134.7 1.34018
134.8 -0.203251
134.9 2.79488
135 1.72322
135.1 -0.227889
135.2 0.781411
135.3 0.339811
135.4 1.34396
135.5 -0.673551
135.6 -0.523778
135.7 0.548814
135.8 0.776604
135.9 -0.157183
136 0.302109
136.1 -1.80484
136.2 -0.348552
136.3 0.0919057
136.4 1.58649
136.5 0.0896084
136.6 0.621347
136.7 -0.334263
136.8 0.00206289
136.9 -1.05743
137 -0.240989
137.1 -0.997919
137.2 1.03083
137.3 1.44149
137.4 -0.659399
137.5 0.648422
137.6 -0.342362
137.7 0.320223
137.8 0.620875
137.9 -1.66523
138 -0.360953
138.1 -0.566066
138.2 -0.700551
138.3 0.567171
138.4 2.25328
138.5 0.167105
138.6 0.103793
138.7 -1.37348
138.8 0.243881
138.9 -0.394689
139 1.17115
139.1 -0.45385
139.2 0.918914
139.3 0.420863
139.4 1.32574
139.5 1.02652
139.6 0.636448
139.7 -0.0148747
139.8 0.993439
139.9 -0.0880522
140 0.769181
140.1 0.239039
140.2 -2.05425
140.3 -0.363469
140.4 0.622731
140.5 -0.66411
140.6 0.553682
140.7 1.10741
140.8 -0.69449
140.9 -0.470136
141 -0.992359
141.1 0.396757
141.2 0.743363
141.3 0.0248869
141.4 -0.165421
141.5 -0.877183
141.6 -0.746834
141.7 -0.410986
141.8 -2.39958
141.9 -0.597175
142 -1.71894
142.1 -1.91159
142.2 -0.469125
142.3 0.688213
142.4 1.05433
142.5 -0.555239
142.6 0.995241
142.7 1.16729
142.8 -0.964676
142.9 1.37631
143 0.576082
143.1 1.94285
143.2 -0.201894
143.3 0.991656
143.4 -0.892774
143.5 1.72744
143.6 -1.0939
143.7 -0.4723
143.8 -0.429042
143.9 -0.322651
144 0.278807
144.1 -0.689332
144.2 0.0193504
144.3 -0.508008
144.4 0.850417
144.5 -1.03439
144.6 -0.312145
144.7 0.231845
144.8 -0.753352
144.9 1.37143
145 -0.598091
145.1 -0.229771
145.2 0.924369
145.3 -0.189849
145.4 -0.415426
145.5 -0.368386
145.6 -0.320519
145.7 1.69568
145.8 -1.05152
145.9 0.554839
146 -0.932806
146.1 -0.374241
146.2 0.956098
146.3 0.73048
146.4 1.20081
146.5 0.232926
146.6 -0.821615
146.7 -1.05072
146.8 0.247305
146.9 -0.637818
147 -0.282133
147.1 -1.72215
147.2 -0.867714
147.3 -0.794969
147.4 0.00412753
147.5 -0.617337
147.6 0.763274
147.7 -0.182709
147.8 0.242196
147.9 0.0366634
148 -1.12429
148.1 0.278758
148.2 -0.156472
148.3 0.317482
148.4 -0.58133
148.5 -1.26203
148.6 -0.475214
148.7 0.68858
148.8 -0.822654
148.9 -0.419468
149 -2.29735
149.1 -0.65289
149.2 -1.35565
149.3 -0.569657
149.4 -1.95264
149.5 0.148454
149.6 -1.1934
149.7 -0.806887
149.8 -0.375316
149.9 0.350215
150 -1.857
150.1 0.601942
150.2 -0.651608
150.3 1.16157
150.4 -0.381617
150.5 -0.67149
150.6 -0.361972
150.7 -0.53914
150.8 -0.0284814
150.9 -1.519
151 -0.0510342
151.1 1.01479
151.2 -1.12293
151.3 -0.180623
151.4 0.49389
151.5 0.342036
151.6 -1.54251
151.7 1.32008
151.8 1.11955
151.9 -0.909963
152 1.7582
152.1 -0.278522
152.2 0.151387
152.3 -0.172453
152.4 1.05512
152.5 0.561464
152.6 0.348695
152.7 -0.63334
152.8 0.984408
152.9 0.374611
153 -0.518566
153.1 0.526434
153.2 -0.428696
153.3 0.460202
153.4 2.04927
153.5 -0.745848
153.6 -0.73247
153.7 -0.715542
153.8 -0.283437
153.9 -0.870125
154 -1.66533
154.1 0.501412
154.2 0.47358
154.3 -0.735444
154.4 0.733599
154.5 -2.03171
154.6 0.239276
154.7 -0.150328
154.8 -0.496258
154.9 -1.12072
155 -0.529131
155.1 0.472053
155.2 -0.655517
155.3 1.10096
155.4 0.380636
155.5 0.47022
155.6 -1.7581
155.7 0.260207
155.8 1.01463
155.9 0.544822
156 -0.694755
156.1 0.196448
156.2 2.14834
156.3 0.0464224
156.4 0.471446
156.5 0.309239
156.6 -1.13857
156.7 -0.222043
156.8 0.0468788
156.9 0.761635
157 -0.437847
157.1 0.713079
157.2 -0.0363522
157.3 -1.32842
157.4 -0.643337
157.5 -0.351738
157.6 -0.786905
157.7 -0.3711
157.8 -0.0181116
157.9 -0.412445
158 -0.102426
158.1 -1.37342
158.2 0.165664
158.3 -0.397083
158.4 -0.806385
158.5 0.34773
158.6 0.609039
158.7 0.730143
158.8 1.57305
158.9 0.445041
159 -0.665783
159.1 -2.54025
159.2 0.817635
159.3 -0.434586
159.4 -1.09509
159.5 1.47536
159.6 0.25632
159.7 0.646401
159.8 -0.0136563
159.9 -0.777457
160 -0.542086
160.1 -0.165028
160.2 -0.680306
160.3 -1.35833
160.4 -1.27736
160.5 -1.29814
160.6 -0.0847131
160.7 -0.315631
160.8 1.55842
160.9 -0.137364
161 -0.527998
161.1 0.396064
161.2 0.597398
161.3 -1.10231
161.4 0.670835
161.5 -0.0710234
161.6 -0.383942
161.7 -0.394191
161.8 -0.40285
161.9 -0.468302
162 0.535726
162.1 -1.02784
162.2 0.375632
162.3 2.60105
162.4 1.04866
162.5 0.0702511
162.6 -0.57904
162.7 0.04894
162.8 -1.24409
162.9 -0.252955
163 0.233586
163.1 1.03309
163.2 -0.182704
163.3 0.760144
163.4 -0.193643
163.5 0.177272
163.6 0.261175
163.7 0.946738
163.8 -0.176923
163.9 0.261959
164 -1.52602
164.1 -0.652931
164.2 0.825969
164.3 -0.19647
164.4 0.256965
164.5 1.25233
164.6 0.176414
164.7 0.974226
164.8 -0.344223
164.9 0.710604
165 0.289923
165.1 -0.514499
165.2 1.25201
165.3 0.0961664
165.4 1.03213
165.5 -0.177461
165.6 -0.404526
165.7 0.577415
165.8 0.0283524
165.9 -1.17285
166 -0.441506
166.1 0.0943487
166.2 0.911731
166.3 0.905896
166.4 0.691381
166.5 0.530069
166.6 -0.048523
166.7 -0.137928
166.8 -0.715698
166.9 0.507832
167 -0.70604
167.1 -0.506095
167.2 -0.805702
167.3 -1.04742
167.4 -0.545581
167.5 0.433528
167.6 -1.10389
167.7 -0.253304
167.8 -0.437736
167.9 -0.641771
168 0.181085
168.1 0.719295
168.2 -1.42514
168.3 -0.220654
168.4 -0.371307
168.5 0.422207
168.6 0.407134
168.7 1.3319
168.8 0.876767
168.9 0.760893
169 -1.16675
169.1 -1.63953
169.2 -0.451431
169.3 0.209256
169.4 -0.406034
169.5 -0.866349
169.6 -0.701143
169.7 1.3283
169.8 2.30296
169.9 -0.711211
170 -1.55318
170.1 -0.43193
170.2 -0.0105803
170.3 0.123513
170.4 -0.769764
170.5 -0.293927
170.6 0.727581
170.7 -0.645142
170.8 -0.777387
170.9 0.556205
171 -0.0435979
171.1 0.198075
171.2 0.110902
171.3 -0.55895
171.4 1.02215
171.5 -0.773194
171.6 0.893439
171.7 0.522219
171.8 -0.0635612
171.9 -0.322074
172 0.354085
172.1 0.129995
172.2 1.53207
172.3 0.340907
172.4 0.138103
172.5 -1.10968
172.6 1.16493
172.7 0.0314495
172.8 -0.108384
172.9 -1.80278
173 -0.400766
173.1 -0.338024
173.2 0.192396
173.3 0.791421
173.4 1.56717
173.5 0.865217
173.6 1.60597
173.7 0.790103
173.8 0.00842241
173.9 -0.679521
174 1.17821
174.1 0.150733
174.2 0.580731
174.3 -1.46064
174.4 -0.443252
174.5 0.627303
174.6 -0.776395
174.7 0.574792
174.8 -0.447018
174.9 -0.656954
175 -0.193369
175.1 1.05596
175.2 0.857699
175.3 1.18132
175.4 -0.568986
175.5 -0.0473318
175.6 -0.219093
175.7 -0.143557
175.8 -0.0309635
175.9 -0.959605
176 -0.389825
176.1 -0.328751
176.2 -0.671284
176.3 -1.39847
176.4 -0.333284
176.5 0.127744
176.6 -1.93313
176.7 -1.61939
176.8 1.44315
176.9 0.432205
177 0.60105
177.1 -1.59179
177.2 1.09038
177.3 1.10428
177.4 0.0448631
177.5 0.571089
177.6 -1.05983
177.7 0.208432
177.8 -0.990705
177.9 0.633448
178 -0.734332
178.1 -0.915171
178.2 -1.12612
178.3 -0.468293
178.4 0.920259
178.5 1.54487
178.6 -0.998922
178.7 -1.71551
178.8 -1.54482
178.9 -1.0219
179 -0.472363
179.1 -0.480645
179.2 -0.225072
179.3 0.510823
179.4 0.745907
179.5 0.364651
179.6 -0.116563
179.7 0.533416
179.8 -1.57301
179.9 -0.519904
180 -1.13521
180.1 1.55883
180.2 0.0799557
180.3 0.684763
180.4 -0.578746
180.5 -0.748569
180.6 0.796864
180.7 -0.385024
180.8 0.767308
180.9 1.03234
181 -0.0580037
181.1 0.167634
181.2 -0.292117
181.3 1.15846
181.4 0.528654
181.5 -1.05265
181.6 0.365425
181.7 1.01628
181.8 -0.364595
181.9 -0.201019
182 -0.0576304
182.1 -1.27345
182.2 -1.18535
182.3 -1.63886
182.4 -0.110148
182.5 1.66106
182.6 -0.506808
182.7 0.841394
182.8 -1.01464
182.9 -1.67189
183 -0.365801
183.1 0.904125
183.2 0.864258
183.3 -0.63569
183.4 0.070519
183.5 0.783277
183.6 1.00863
183.7 -0.270388
183.8 -0.659102
183.9 -1.36203
184 1.1328
184.1 -0.303955
184.2 -0.541538
184.3 -0.876411
184.4 0.767259
184.5 -0.0318762
184.6 2.27407
184.7 -0.141157
184.8 0.714187
184.9 -0.557946
185 0.719149
185.1 -0.106286
185.2 -0.604551
185.3 0.561827
185.4 0.619324
185.5 0.63438
185.6 0.966886
185.7 0.639151
185.8 -0.10468
185.9 1.08418
186 -1.18735
186.1 -0.0433567
186.2 0.699283
186.3 -1.83364
186.4 -0.429682
186.5 -1.08664
186.6 -0.632708
186.7 -0.43437
186.8 -0.622673
186.9 -2.71396
187 0.141758
187.1 0.143931
187.2 1.15302
187.3 -0.619599
187.4 -0.22104
187.5 0.659419
187.6 -0.467389
187.7 1.00503
187.8 1.15219
187.9 0.904124
188 -1.3209
188.1 -1.73042
188.2 -1.6646
188.3 0.30958
188.4 -0.277774
188.5 -0.512949
188.6 0.852022
188.7 -0.0448994
188.8 -0.600729
188.9 0.983385
189 -0.192277
189.1 0.0233386
189.2 0.379271
189.3 0.816542
189.4 0.647655
189.5 0.178521
189.6 0.0936795
189.7 0.313652
189.8 -0.376097
189.9 1.56258
190 1.24657
190.1 1.43276
190.2 -0.613447
190.3 -0.807597
190.4 -1.46618
190.5 0.0962133
190.6 -0.19283
190.7 -0.000455556
190.8 1.80166
190.9 -0.0548406
191 -0.870637
191.1 0.281686
191.2 0.330579
191.3 -0.0666308
191.4 -0.799754
191.5 -0.765594
191.6 0.187796
191.7 0.290155
191.8 0.718355
191.9 1.44645
192 0.412168
192.1 -0.163082
192.2 -0.324236
192.3 0.462199
192.4 -0.6182
192.5 0.270364
192.6 -1.33008
192.7 2.54749
192.8 -0.22232
192.9 -0.0900454
193 -1.01829
193.1 -0.372784
193.2 0.0774525
193.3 0.704246
193.4 -0.427656
193.5 0.244207
193.6 -0.624599
193.7 0.664232
193.8 0.162392
193.9 0.796287
194 0.23772
194.1 1.00215
194.2 0.549793
194.3 -0.717061
194.4 -0.563918
194.5 -0.699735
194.6 0.522959
194.7 0.192132
194.8 1.38321
194.9 1.49194
195 1.00181
195.1 0.169763
195.2 -1.47937
195.3 0.279974
195.4 0.266405
195.5 -0.304852
195.6 -1.60607
195.7 1.92144
195.8 -0.260734
195.9 0.0492559
196 -0.558094
196.1 0.786952
196.2 -0.117669
196.3 0.265354
196.4 0.657695
196.5 0.678262
196.6 -0.275643
196.7 0.373289
196.8 0.522448
196.9 0.395542
197 2.17798
197.1 -0.423879
197.2 -0.914098
197.3 0.338005
197.4 -0.651461
197.5 -1.05887
197.6 -0.111688
197.7 1.64519
197.8 -0.475101
197.9 0.467935
198 0.340132
198.1 0.336626
198.2 -1.39782
198.3 1.29044
198.4 0.421064
198.5 0.0792359
198.6 -0.156893
198.7 -0.110148
198.8 0.385702
198.9 0.482661
199 1.90402
199.1 -0.78268
199.2 0.205725
199.3 0.45589
199.4 -0.169872
199.5 -0.266611
199.6 1.53655
199.7 -0.147238
199.8 -0.218526
199.9 0.653624
200 -1.38278
200.1 -0.56128
200.2 0.322196
200.3 0.202087
200.4 -0.900291
200.5 1.41786
200.6 -0.843912
200.7 -1.1548
200.8 -0.162369
200.9 -0.225619
201 0.300771
201.1 -0.0709038
201.2 -0.669683
201.3 -0.379555
201.4 -1.09293
201.5 0.784015
201.6 -0.36327
201.7 -0.23852
201.8 -1.00578
201.9 2.01698
202 -0.245802
202.1 -0.994638
202.2 -0.430387
202.3 0.70682
202.4 1.19915
202.5 -1.19735
202.6 -0.132539
202.7 -0.0473084
202.8 0.0100343
202.9 0.6326
203 -0.11272
203.1 -0.801992
203.2 1.29651
203.3 -0.564465
203.4 0.174778
203.5 0.00358422
203.6 -0.332321
203.7 1.19792
203.8 0.095058
203.9 1.0505
204 1.31589
204.1 -0.615288
204.2 -0.548372
204.3 1.04529
204.4 -0.786564
204.5 -1.60592
204.6 2.12954
204.7 -0.334242
204.8 0.985654
204.9 0.0335546
205 0.581455
205.1 0.51808
205.2 1.57854
205.3 -0.57426
205.4 1.30074
205.5 -0.796527
205.6 0.395888
205.7 -0.624004
205.8 -0.761144
205.9 1.27097
206 0.596186
206.1 -0.325525
206.2 0.393753
206.3 -0.111664
206.4 0.393325
206.5 -1.93551
206.6 0.317317
206.7 0.523465
206.8 -0.311795
206.9 -0.420302
207 -0.0722232
207.1 -0.663875
207.2 0.21127
207.3 0.398747
207.4 0.124079
207.5 0.540978
207.6 -0.72541
207.7 -0.0193393
207.8 -1.00323
207.9 -0.0323789
208 -0.428553
208.1 -1.92793
208.2 0.214259
208.3 -0.525628
208.4 0.990753
208.5 -0.981804
208.6 0.997004
208.7 -0.494864
208.8 -0.203041
208.9 1.49514
209 0.187904
209.1 0.761951
209.2 -0.764726
209.3 0.492938
209.4 -0.449236
209.5 0.245394
209.6 -0.126979
209.7 0.504455
209.8 -0.556494
209.9 0.144095
210 -0.366734
210.1 -0.498167
210.2 -0.96334
210.3 -1.73702
210.4 -0.493381
210.5 -1.34532
210.6 1.33006
210.7 0.372596
210.8 -0.491212
210.9 0.87151
211 -0.223337
211.1 0.173201
211.2 2.30326
211.3 -0.157365
211.4 -0.675586
211.5 -0.385083
211.6 0.607204
211.7 0.198771
211.8 0.763199
211.9 0.0273323
212 0.519496
212.1 0.212104
212.2 0.85669
212.3 1.41837
212.4 -0.915971
212.5 -0.87281
212.6 -0.329759
212.7 0.0480302
212.8 1.12104
212.9 0.659506
213 -1.03616
213.1 -0.116358
213.2 1.08958
213.3 0.978704
213.4 1.20786
213.5 1.74977
213.6 -0.587207
213.7 0.154867
213.8 0.216259
213.9 -0.437099
214 -0.669126
214.1 -1.3598
214.2 -0.180559
214.3 1.35525
214.4 -1.14183
214.5 1.52378
214.6 -1.79637
214.7 0.658814
214.8 0.34897
214.9 0.807874
215 0.173404
215.1 -1.13836
215.2 0.708431
215.3 -0.746668
215.4 -0.725304
215.5 1.86822
215.6 0.567749
215.7 0.153729
215.8 0.253627
215.9 -1.81858
216 -0.064783
216.1 0.0763022
216.2 -1.10817
216.3 -1.2659
216.4 -0.632141
216.5 -0.187644
216.6 0.350667
216.7 -1.31054
216.8 0.831412
216.9 0.761691
217 -0.024179
217.1 -0.609182
217.2 1.02203
217.3 -0.900498
217.4 0.891671
217.5 -0.70662
217.6 0.537019
217.7 -1.3317
217.8 -0.22249
217.9 -0.843006
218 -0.713547
218.1 -0.0735276
218.2 -0.142627
218.3 1.78822
218.4 0.756085
218.5 0.909319
218.6 0.129393
218.7 0.0429429
218.8 1.52217
218.9 0.693226
219 0.161777
219.1 -1.31393
219.2 -1.81872
219.3 -1.79933
219.4 0.0550955
219.5 1.61987
219.6 0.000127297
219.7 -0.67793
219.8 -0.172283
219.9 0.154585
220 -0.83856
220.1 -0.798248
220.2 0.481916
220.3 -1.38066
220.4 1.42068
220.5 -0.237613
220.6 0.67994
220.7 -0.304181
220.8 0.610303
220.9 0.371048
221 1.31911
221.1 -0.87642
221.2 -1.21445
221.3 -0.635934
221.4 0.573446
221.5 0.62004
221.6 2.08547
221.7 -1.16414
221.8 0.840236
221.9 -1.00457
222 1.04823
222.1 -0.693034
222.2 0.614133
222.3 0.128941
222.4 -1.01276
222.5 1.36843
222.6 0.560234
222.7 -0.103771
222.8 -1.71098
222.9 1.04026
223 1.00102
223.1 -0.207713
223.2 0.324004
223.3 -0.542109
223.4 -0.600313
223.5 -0.537825
223.6 0.937685
223.7 -1.45551
223.8 0.698162
223.9 -0.765437
224 0.680494
224.1 0.354066
224.2 -0.519895
224.3 -0.40451
224.4 0.201899
224.5 2.15538
224.6 0.51441
224.7 -0.367342
224.8 0.630595
224.9 1.91546
225 -2.00458
225.1 -1.39548
225.2 0.0702221
225.3 -0.29105
225.4 -0.112393
225.5 1.57033
225.6 0.197507
225.7 -0.0835836
225.8 -0.67641
225.9 1.85521
226 1.2581
226.1 0.205693
226.2 1.40367
226.3 0.286611
226.4 0.358247
226.5 0.353193
226.6 1.01968
226.7 0.690415
226.8 -1.73581
226.9 -0.173618
227 -0.590898
227.1 0.694623
227.2 -0.422324
227.3 0.262826
227.4 -0.508956
227.5 1.00674
227.6 1.43669
227.7 0.448566
227.8 -1.34992
227.9 -0.567725
228 0.0210586
228.1 0.906184
228.2 0.678584
228.3 1.40996
228.4 0.424667
228.5 0.0863796
228.6 -0.783598
228.7 -1.41049
228.8 -1.16841
228.9 0.17719
229 0.204234
229.1 0.462819
229.2 -0.120674
229.3 -1.14166
229.4 -1.39462
229.5 -0.607202
229.6 1.56128
229.7 1.70679
229.8 -0.574577
229.9 0.629399
230 -0.518081
230.1 -1.07637
230.2 0.0320204
230.3 0.679235
230.4 -0.890912
230.5 0.208527
230.6 0.516698
230.7 -0.0110291
230.8 -0.102029
230.9 -0.189406
231 0.417271
231.1 -0.0394632
231.2 1.33982
231.3 -0.880236
231.4 0.900136
231.5 0.632194
231.6 -1.55939
231.7 -0.827495
231.8 -1.05505
231.9 1.0852
232 -0.209141
232.1 0.849581
232.2 0.914206
232.3 -0.970966
232.4 -0.989725
232.5 -0.325597
232.6 1.47562
232.7 -0.277974
232.8 0.619132
232.9 -0.538481
233 1.15742
233.1 0.449507
233.2 0.0362358
233.3 0.133146
233.4 0.555879
233.5 -0.853824
233.6 -0.115474
233.7 -1.06895
233.8 -0.867516
233.9 0.275392
234 -0.524928
234.1 -0.381913
234.2 -0.0957843
234.3 0.700386
234.4 -1.58555
234.5 -0.586806
234.6 1.26043
234.7 -0.93051
234.8 -1.27252
234.9 -1.42318
235 0.269717
235.1 1.03332
235.2 -0.741665
235.3 -0.942848
235.4 -0.332044
235.5 0.316832
235.6 0.26249
235.7 -0.286198
235.8 0.0547226
235.9 1.108
236 -0.357194
236.1 0.182019
236.2 0.693193
236.3 1.27682
236.4 -0.546421
236.5 2.15609
236.6 -1.53534
236.7 0.136102
236.8 -0.365214
236.9 0.226907
237 0.301794
237.1 -0.602277
237.2 -0.269763
237.3 -1.781
237.4 0.0354221
237.5 0.689597
237.6 0.050974
237.7 -0.425484
237.8 -2.66539
237.9 1.06901
238 0.560059
238.1 -0.378101
238.2 0.805441
238.3 1.47887
238.4 0.245267
238.5 -0.286477
238.6 1.37135
238.7 -0.895946
238.8 -0.402387
238.9 0.356017
239 0.952505
239.1 0.417535
239.2 1.34239
239.3 0.0694869
239.4 -0.989124
239.5 0.318238
239.6 0.512434
239.7 -0.430081
239.8 1.18973
239.9 -0.656933
240 1.54821
240.1 -0.223611
240.2 -0.133818
240.3 1.34395
240.4 -0.572257
240.5 0.385409
240.6 0.293546
240.7 -0.0244779
240.8 0.799014
240.9 -1.23998
241 1.65551
241.1 0.287665
241.2 -0.88563
241.3 -0.983468
241.4 0.770484
241.5 -0.255084
241.6 0.422209
241.7 -0.157159
241.8 0.107791
241.9 -0.347918
242 -0.453211
242.1 -1.3929
242.2 0.408663
242.3 -0.0391346
242.4 -1.47731
242.5 -0.545781
242.6 1.10939
242.7 1.77516
242.8 0.24004
242.9 -0.227871
243 -0.202572
243.1 0.172155
243.2 -0.26827
243.3 -0.480867
243.4 0.489808
243.5 -1.3103
243.6 -0.964024
243.7 1.24568
243.8 -0.034595
243.9 -0.465154
244 -0.262084
244.1 -0.118804
244.2 0.82196
244.3 -1.31369
244.4 -1.19482
244.5 -1.40084
244.6 -0.352274
244.7 0.046814
244.8 1.12664
244.9 0.848912
245 0.0921422
245.1 0.919716
245.2 0.2232
245.3 -0.444963
245.4 -0.793867
245.5 0.709148
245.6 0.590704
245.7 -0.153586
245.8 -0.756841
245.9 -0.295767
246 0.0971075
246.1 0.383508
246.2 -1.16037
246.3 -0.394601
246.4 2.00603
246.5 -1.58827
246.6 1.46524
246.7 0.542261
246.8 1.32067
246.9 0.570636
247 0.493143
247.1 -0.816945
247.2 -1.45795
247.3 1.40374
247.4 0.886496
247.5 0.0290007
247.6 -1.3479
247.7 1.15386
247.8 0.851467
247.9 0.934357
248 0.871224
248.1 -1.41546
248.2 -0.0298393
248.3 0.23965
248.4 0.232147
248.5 0.706008
248.6 -0.969824
248.7 -0.0932122
248.8 1.77697
248.9 -0.213406
249 -0.652695
249.1 0.146291
249.2 0.752484
249.3 0.3873
249.4 1.47929
249.5 0.281319
249.6 2.12567
249.7 0.296238
249.8 0.318188
249.9 0.110895
250 0.648132
250.1 1.41314
250.2 -0.327546
250.3 -0.959673
250.4 0.642328
250.5 0.575944
250.6 -0.938672
250.7 0.0255646
250.8 -2.07652
250.9 0.757048
251 -0.00809192
251.1 1.03155
251.2 -0.8037
251.3 0.21936
251.4 -0.774326
251.5 0.266432
251.6 -0.35467
251.7 0.0594707
251.8 0.298737
251.9 1.02899
252 0.143052
252.1 -0.969508
252.2 -0.0981294
252.3 1.05162
252.4 -0.675784
252.5 -0.198649
252.6 -0.247319
252.7 -0.570267
252.8 0.210766
252.9 0.4813
253 0.828021
253.1 1.51406
253.2 0.223249
253.3 0.192542
253.4 -0.584599
253.5 0.426051
253.6 -1.2657
253.7 -0.243573
253.8 1.13296
253.9 0.843034
254 -1.3451
254.1 -1.06548
254.2 -0.937841
254.3 1.55126
254.4 0.202591
254.5 -0.75039
254.6 0.304155
254.7 -0.0980436
254.8 0.148487
254.9 0.186952
255 -0.954685
255.1 -0.276434
255.2 -0.803253
255.3 0.319195
255.4 0.898409
255.5 2.48887
255.6 -0.999979
255.7 1.5301
255.8 1.92624
255.9 1.58637
256 -0.814105
256.1 1.53105
256.2 -0.109053
256.3 -0.799575
256.4 -0.688492
256.5 -0.384832
256.6 -0.288713
256.7 0.134046
256.8 -2.21279
256.9 -0.495725
257 -0.860965
257.1 -0.589895
257.2 -1.39306
257.3 -0.360139
257.4 1.77843
257.5 -1.04747
257.6 0.942046
257.7 0.943577
257.8 -1.38198
257.9 0.375339
258 -0.47377
258.1 -1.13132
258.2 0.0622795
258.3 0.498451
258.4 -0.547126
258.5 -1.10979
258.6 -0.587272
258.7 0.508753
258.8 -0.19582
258.9 0.3508
259 0.82935
259.1 2.00063
259.2 -0.119562
259.3 -0.0525515
259.4 -0.888974
259.5 0.938254
259.6 -0.417771
259.7 0.585982
259.8 -0.174683
259.9 -0.581906
260 -0.293803
260.1 0.91626
260.2 0.3441
260.3 0.205733
260.4 0.0180585
260.5 0.804593
260.6 -0.0481217
260.7 -0.152276
260.8 0.19162
260.9 0.254836
261 -0.325027
261.1 -1.95191
261.2 -0.385454
261.3 -0.718823
261.4 -0.570765
261.5 0.926617
261.6 0.225962
261.7 0.563905
261.8 -1.63941
261.9 -0.861398
262 0.971015
262.1 -1.21928
262.2 0.0142613
262.3 0.010116
262.4 -0.633092
262.5 -0.341305
262.6 0.389275
262.7 0.833093
262.8 0.33372
262.9 0.950123
263 -0.486438
263.1 -0.930491
263.2 -0.650258
263.3 0.565248
263.4 0.337838
263.5 -0.628378
263.6 -0.861835
263.7 -0.273749
263.8 1.61113
263.9 -0.513276
264 -0.714899
264.1 0.189062
264.2 -0.279333
264.3 -1.50558
264.4 -0.241008
264.5 -0.593319
264.6 -0.921757
264.7 -0.604616
264.8 0.223792
264.9 -0.92756
265 0.43357
265.1 0.663966
265.2 0.207999
265.3 -0.291579
265.4 0.46878
265.5 0.755451
265.6 -0.392467
265.7 -0.757379
265.8 -0.343008
265.9 -1.07858
266 -1.39038
266.1 0.392526
266.2 -0.598297
266.3 -1.24658
266.4 1.07338
266.5 0.914551
266.6 -0.657862
266.7 0.805314
266.8 1.41599
266.9 -1.76793
267 2.00311
267.1 -0.922899
267.2 -1.6571
267.3 -0.434446
267.4 0.0593105
267.5 -0.568148
267.6 0.845191
267.7 0.113763
267.8 -0.338125
267.9 0.522588
268 0.465225
268.1 -0.344873
268.2 -1.21482
268.3 -0.674707
268.4 1.57774
268.5 0.245941
268.6 0.688252
268.7 0.549864
268.8 -1.06392
268.9 -0.20755
269 1.84662
269.1 -0.68087
269.2 -0.640005
269.3 -0.858995
269.4 0.00127946
269.5 0.502116
269.6 0.192065
269.7 1.37822
269.8 -0.694447
269.9 1.01245
270 0.621206
270.1 -0.144645
270.2 0.322707
270.3 0.19185
270.4 0.333688
270.5 -0.164171
270.6 0.513705
270.7 0.964213
270.8 0.380738
270.9 -0.592825
271 -0.794366
271.1 -0.0877941
271.2 0.981517
271.3 -2.89615
271.4 1.60525
271.5 1.01005
271.6 -0.369454
271.7 -0.0787436
271.8 -0.0474706
271.9 0.319351
272 1.0736
272.1 0.590562
272.2 -0.264521
272.3 -0.681095
272.4 0.160443
272.5 0.151742
272.6 0.145465
272.7 0.647891
272.8 -0.68745
272.9 -0.491348
273 1.3448
273.1 -0.431865
273.2 0.160444
273.3 -0.896719
273.4 -0.89648
273.5 0.535081
273.6 -0.154705
273.7 1.13391
273.8 -0.357142
273.9 0.0436267
274 -0.216027
274.1 -1.4989
274.2 -0.587314
274.3 0.0185633
274.4 0.846825
274.5 0.908519
274.6 0.442171
274.7 1.12192
274.8 0.484383
274.9 -1.26536
275 -0.433901
275.1 -0.354843
275.2 -1.58244
275.3 1.67905
275.4 -1.34054
275.5 0.432699
275.6 0.272858
275.7 0.362853
275.8 0.831376
275.9 -0.472525
276 -1.47839
276.1 -0.0381954
276.2 -0.587029
276.3 -0.47566
276.4 1.36531
276.5 1.48113
276.6 0.0907788
276.7 1.15955
276.8 1.02695
276.9 -0.66031
277 -0.773165
277.1 0.171057
277.2 1.099
277.3 -0.370827
277.4 -0.0884956
277.5 0.56726
277.6 1.10853
277.7 1.05539
277.8 0.250744
277.9 -1.19161
278 0.0430844
278.1 0.120883
278.2 -0.585546
278.3 -0.66955
278.4 -2.12591
278.5 0.213536
278.6 0.484263
278.7 0.398889
278.8 2.03053
278.9 0.675919
279 -0.459623
279.1 -0.243889
279.2 -0.925792
279.3 -0.861994
279.4 0.25668
279.5 0.431741
279.6 0.801257
279.7 1.08162
279.8 -0.543564
279.9 -1.19508
280 0.039007
280.1 0.0685704
280.2 -0.285422
280.3 0.026576
280.4 -0.796191
280.5 0.262202
280.6 -1.37065
280.7 -1.18552
280.8 -0.114083
280.9 1.04016
281 0.415298
281.1 -0.625095
281.2 -0.0883708
281.3 -0.0118094
281.4 0.440509
281.5 0.133695
281.6 -0.00556487
281.7 0.159069
281.8 -0.506285
281.9 -1.14037
282 1.09789
282.1 -0.446521
282.2 -0.992756
282.3 0.126309
282.4 1.51014
282.5 -0.973212
282.6 0.320538
282.7 0.915267
282.8 -0.975428
282.9 -1.16237
283 0.970111
283.1 -0.102951
283.2 -0.614764
283.3 1.04645
283.4 -1.47932
283.5 1.39807
283.6 -0.31214
283.7 -1.00654
283.8 0.15398
283.9 0.202771
284 0.932871
284.1 -1.30215
284.2 0.2034
284.3 0.595957
284.4 0.758987
284.5 -2.46525
284.6 -1.21319
284.7 1.23541
284.8 0.539172
284.9 0.734853
285 -0.919879
285.1 -0.394406
285.2 0.403462
285.3 -1.20682
285.4 1.00482
285.5 0.672375
285.6 -0.488744
285.7 -0.234146
285.8 1.11154
285.9 0.679681
286 1.02986
286.1 0.570105
286.2 -0.161963
286.3 0.0266902
286.4 -0.164478
286.5 -0.761934
286.6 0.449733
286.7 0.114496
286.8 -1.59637
286.9 0.121306
287 -0.345491
287.1 -1.03437
287.2 -1.13775
287.3 -0.0703664
287.4 -0.352716
287.5 1.55777
287.6 -0.627101
287.7 -1.09417
287.8 0.205552
287.9 -0.255722
288 1.04685
288.1 -1.59382
288.2 -0.863811
288.3 -0.326304
288.4 -1.58459
288.5 1.07469
288.6 -0.71275
288.7 -0.415393
288.8 -0.417526
288.9 0.914438
289 -0.213214
289.1 -0.984844
289.2 0.657644
289.3 -0.593309
289.4 1.17198
289.5 0.0427749
289.6 1.18742
289.7 0.80173
289.8 -1.43618
289.9 1.28619
290 0.65552
290.1 -0.0501277
290.2 1.06478
290.3 -0.269672
290.4 -0.531879
290.5 -0.406268
290.6 0.734129
290.7 0.557731
290.8 0.684346
290.9 -2.08695
291 -1.57559
291.1 0.8788
291.2 -1.01027
291.3 -0.512126
291.4 1.32618
291.5 -0.955104
291.6 1.03977
291.7 -0.738372
291.8 -0.0546798
291.9 -0.642667
292 0.290165
292.1 -1.16179
292.2 -1.14904
292.3 -1.29651
292.4 -0.163557
292.5 1.55854
292.6 0.777833
292.7 1.00655
292.8 1.79815
292.9 1.57332
293 -0.0449865
293.1 0.873275
293.2 -0.863522
293.3 0.818024
293.4 0.738449
293.5 -0.463977
293.6 -1.17
293.7 -1.27316
293.8 -0.121721
293.9 -0.2871
294 0.766568
294.1 -0.121271
294.2 0.0641543
294.3 1.08383
294.4 -0.945777
294.5 -0.212885
294.6 -1.07347
294.7 -0.184522
294.8 0.606709
294.9 1.08012
295 0.363246
295.1 -0.317395
295.2 -0.712058
295.3 -0.125247
295.4 1.22236
295.5 0.309308
295.6 0.836181
295.7 -0.0797544
295.8 1.06056
295.9 -0.157066
296 0.98861
296.1 0.614778
296.2 -1.24164
296.3 -1.38748
296.4 -1.63378
296.5 0.610388
296.6 -0.0314024
296.7 -1.33396
296.8 0.638028
296.9 -0.059961
297 0.532305
297.1 0.223032
297.2 1.71888
297.3 0.409122
297.4 1.50642
297.5 -0.802737
297.6 0.134829
297.7 -0.290308
297.8 -0.19518
297.9 0.745229
298 0.309795
298.1 0.704804
298.2 -0.193178
298.3 0.864817
298.4 -0.679883
298.5 1.43475
298.6 1.06326
298.7 0.461317
298.8 -0.017097
298.9 0.236218
299 -0.586774
299.1 0.467013
299.2 0.864457
299.3 -0.464348
299.4 -1.09668
299.5 -0.0584561
299.6 -0.827726
299.7 -0.291768
299.8 0.167623
299.9 -0.276737
300 1.16456
300.1 -0.204438
300.2 -0.237891
300.3 0.0782429
300.4 -1.23419
300.5 -0.30127
300.6 0.441799
300.7 -0.734612
300.8 0.588285
300.9 -0.282208
301 1.04954
301.1 0.106711
301.2 -1.42213
301.3 0.140968
301.4 -0.072327
301.5 -0.479714
301.6 -1.62922
301.7 -0.209756
301.8 0.343849
301.9 0.221914
302 -0.0794868
302.1 -1.16023
302.2 1.11392
302.3 -0.45125
302.4 -0.28742
302.5 -0.124351
302.6 -0.601565
302.7 -1.23091
302.8 -1.0203
302.9 0.269598
303 -1.31355
303.1 0.318631
303.2 -0.360649
303.3 -0.179385
303.4 -1.06084
303.5 -0.85016
303.6 0.327663
303.7 2.16143
303.8 0.351897
303.9 0.104081
304 0.788156
304.1 0.425484
304.2 1.60726
304.3 -0.454533
304.4 0.214933
304.5 -0.846413
304.6 0.968063
304.7 -1.27957
304.8 0.398381
304.9 0.850604
305 -0.0348095
305.1 0.527634
305.2 0.689811
305.3 0.425535
305.4 -0.312706
305.5 0.172959
305.6 -1.25841
305.7 -0.625586
305.8 -0.196719
305.9 0.195452
306 -0.263867
306.1 0.290837
306.2 -0.927416
306.3 0.704416
306.4 -1.59126
306.5 -0.340136
306.6 0.626423
306.7 0.54651
306.8 -1.93563
306.9 -0.0201338
307 0.952887
307.1 -0.702587
307.2 -0.327779
307.3 -0.507092
307.4 -0.238629
307.5 -0.899529
307.6 -1.17587
307.7 0.786639
307.8 0.592954
307.9 -0.477032
308 1.20152
308.1 -0.94332
308.2 0.375453
308.3 0.512252
308.4 0.73768
308.5 -0.997001
308.6 -0.802457
308.7 -0.0390642
308.8 -0.40265
308.9 1.39459
309 -1.75651
309.1 -0.230209
309.2 -0.0392427
309.3 2.52228
309.4 2.37419
309.5 -0.314524
309.6 -0.0356201
309.7 -0.672637
309.8 0.514879
309.9 -0.250196
310 0.728207
310.1 0.0497886
310.2 -0.939671
310.3 -0.247711
310.4 -0.806348
310.5 0.295678
310.6 0.591904
310.7 0.945069
310.8 -1.70026
310.9 0.39225
311 -0.935411
311.1 1.06066
311.2 -0.387934
311.3 0.898254
311.4 -0.0593721
311.5 0.674279
311.6 0.647548
311.7 0.649934
311.8 -0.459224
311.9 0.434272
312 0.0807234
312.1 0.0245411
312.2 0.701941
312.3 -1.01065
312.4 0.0982474
312.5 0.530439
312.6 0.135544
312.7 0.533665
312.8 -0.276906
312.9 0.963349
313 0.0861957
313.1 -0.380541
313.2 -0.285931
313.3 0.293455
313.4 0.270966
313.5 1.55185
313.6 0.473654
313.7 -0.932681
313.8 0.43319
313.9 -0.463713
314 0.0246755
314.1 -0.346684
314.2 -0.126719
314.3 0.117001
314.4 1.22016
314.5 -0.670743
314.6 -0.198129
314.7 -1.19759
314.8 1.39795
314.9 -1.30162
315 -0.264312
315.1 -0.194428
315.2 0.388676
315.3 -0.903555
315.4 -0.519682
315.5 -0.521332
315.6 -1.22014
315.7 -0.44405
315.8 -0.631876
315.9 0.284912
316 1.51388
316.1 -1.24287
316.2 -0.409332
316.3 0.458707
316.4 2.07191
316.5 -1.2963
316.6 -0.315821
316.7 0.835693
316.8 -0.630036
316.9 0.117471
317 1.32963
317.1 -0.705198
317.2 1.35587
317.3 0.656064
317.4 -0.881407
317.5 -1.17425
317.6 0.830066
317.7 0.299059
317.8 0.324274
317.9 -0.564772
318 -0.705418
318.1 0.142572
318.2 -0.543604
318.3 0.611142
318.4 0.0437436
318.5 -0.958854
318.6 1.56296
318.7 -1.61895
318.8 -0.497455
318.9 2.04246
319 -0.398257
319.1 -0.463433
319.2 0.0274203
319.3 -0.337255
319.4 -0.268263
319.5 0.321525
319.6 0.41105
319.7 -0.632251
319.8 1.2439
319.9 0.987237
320 0.893184
320.1 -1.89962
320.2 0.340255
320.3 -0.264065
320.4 0.760793
320.5 1.14319
320.6 -0.412937
320.7 -0.226915
320.8 1.32962
320.9 -0.265333
321 -1.06787
321.1 0.575415
321.2 0.0873105
321.3 0.236967
321.4 0.767844
321.5 0.858448
321.6 0.174502
321.7 0.081335
321.8 1.72264
321.9 -0.231666
322 0.581102
322.1 -1.74823
322.2 0.244473
322.3 0.680953
322.4 -1.12299
322.5 0.493312
322.6 0.602355
322.7 -1.05714
322.8 -0.880075
322.9 1.42901
323 0.18646
323.1 0.168
323.2 -0.0851323
323.3 0.377279
323.4 -0.841743
323.5 -1.67323
323.6 -1.82361
323.7 -0.533642
323.8 0.996424
323.9 0.885027
324 -0.696744
324.1 -0.577196
324.2 -0.421611
324.3 1.09992
324.4 0.336083
324.5 0.265732
324.6 -0.881806
324.7 0.355928
324.8 -0.168329
324.9 -0.720476
325 1.54759
325.1 -0.450141
325.2 -0.92182
325.3 -0.567544
325.4 0.308965
325.5 -0.117964
325.6 0.1381
325.7 -0.385422
325.8 0.111268
325.9 -0.643023
326 -0.645999
326.1 -0.635123
326.2 -0.00983019
326.3 0.723413
326.4 1.05156
326.5 -0.00486814
326.6 0.480679
326.7 -0.577878
326.8 -0.710848
326.9 -0.885383
327 -1.40543
327.1 0.815429
327.2 -1.34963
327.3 0.857343
327.4 -0.502295
327.5 -0.878973
327.6 0.365067
327.7 0.483954
327.8 0.832246
327.9 -1.65004
328 0.376211
328.1 -0.476894
328.2 1.02495
328.3 -0.3586
328.4 -0.0494791
328.5 -1.00707
328.6 0.172777
328.7 0.165129
328.8 1.7064
328.9 0.644876
329 -0.390335
329.1 0.160879
329.2 0.0421008
329.3 1.51668
329.4 -0.451074
329.5 -0.337513
329.6 0.771621
329.7 1.429
329.8 0.172368
329.9 1.6049
330 1.54701
330.1 -0.258989
330.2 -0.192227
330.3 0.234976
330.4 -0.451391
330.5 -0.460452
330.6 0.424047
330.7 -0.441689
330.8 1.66141
330.9 0.154493
331 -0.610528
331.1 -0.228361
331.2 0.333587
331.3 1.0468
331.4 -0.722837
331.5 0.144865
331.6 2.2262
331.7 -0.156182
331.8 0.749476
331.9 0.90545
332 -0.381437
332.1 -0.291508
332.2 0.423967
332.3 -0.271992
332.4 0.251318
332.5 0.712706
332.6 1.74563
332.7 -1.04807
332.8 -0.0538075
332.9 -0.984404
333 -1.04599
333.1 -1.21486
333.2 0.739972
333.3 0.491394
333.4 -0.689535
333.5 0.494759
333.6 -0.343641
333.7 -1.07912
333.8 -0.779029
333.9 -0.634099
334 1.57742
334.1 -1.49583
334.2 -1.37427
334.3 0.520687
334.4 -1.76544
334.5 -0.4651
334.6 -0.238203
334.7 1.6787
334.8 0.67126
334.9 0.748407
335 -0.0443178
335.1 0.731137
335.2 0.514061
335.3 0.246968
335.4 -0.611833
335.5 -0.617233
335.6 -0.955722
335.7 -1.41602
335.8 -1.24014
335.9 0.541209
336 0.992376
336.1 -0.0448979
336.2 -0.347717
336.3 -1.1576
336.4 -0.579674
336.5 -1.32237
336.6 -0.790888
336.7 -0.684264
336.8 0.873214
336.9 0.831788
337 -1.40307
337.1 -0.383998
337.2 -0.439506
337.3 -1.06384
337.4 0.452596
337.5 1.6457
337.6 -1.90709
337.7 -1.05877
337.8 2.40897
337.9 -2.15915
338 0.104101
338.1 -0.0734554
338.2 -0.337441
338.3 0.147147
338.4 -0.424589
338.5 1.33729
338.6 0.38572
338.7 -0.0602931
338.8 -1.09657
338.9 -0.433962
339 0.185679
339.1 0.229295
339.2 -0.705559
339.3 1.05577
339.4 0.725126
339.5 0.846503
339.6 1.33873
339.7 -1.23309
339.8 0.295561
339.9 0.502362
340 0.208042
340.1 -0.335116
340.2 -0.13187
340.3 -0.464927
340.4 -0.0878109
340.5 -0.439776
340.6 0.798105
340.7 0.36554
340.8 -0.118911
340.9 0.377421
341 0.312221
341.1 -0.686456
341.2 -1.52228
341.3 0.228025
341.4 -0.259551
341.5 1.07
341.6 0.578673
341.7 1.44787
341.8 0.0867121
341.9 0.213845
342 -0.644624
342.1 1.02396
342.2 0.498946
342.3 0.977622
342.4 1.61627
342.5 0.539919
342.6 0.90661
342.7 0.1685
342.8 1.30932
342.9 -0.0717524
343 0.266192
343.1 0.563138
343.2 0.606355
343.3 -0.726375
343.4 -0.0788278
343.5 -0.21785
343.6 -0.871097
343.7 -0.848625
343.8 -0.024117
343.9 1.59471
344 -1.03142
344.1 -0.143843
344.2 -0.772094
344.3 -0.518801
344.4 -1.126
344.5 0.559138
344.6 0.44814
344.7 -0.928587
344.8 0.633173
344.9 -1.93631
345 -0.496357
345.1 0.306993
345.2 -1.11051
345.3 -0.40761
345.4 -0.7889
345.5 -0.547635
345.6 0.305922
345.7 1.34236
345.8 -0.261593
345.9 -1.11739
346 0.279579
346.1 -0.77902
346.2 -0.198311
346.3 -0.359566
346.4 -0.10062
346.5 1.04244
346.6 -0.346687
346.7 -0.990828
346.8 -0.313165
346.9 -0.125702
347 0.449224
347.1 -1.31712
347.2 0.649859
347.3 -0.765996
347.4 0.965766
347.5 -0.812867
347.6 -0.0694387
347.7 -0.0660963
347.8 -0.793136
347.9 -0.0382851
348 -0.0573346
348.1 -0.462147
348.2 0.860255
348.3 0.783813
348.4 0.460921
348.5 -0.0757074
348.6 1.32786
348.7 -0.0390751
348.8 0.215883
348.9 0.0086454
349 -0.264137
349.1 0.655368
349.2 -1.28445
349.3 -0.365148
349.4 -0.97396
349.5 -0.996852
349.6 -0.15898
349.7 -0.269514
349.8 -1.00619
349.9 -0.0232688
350 0.480809
350.1 0.612369
350.2 0.0249978
350.3 0.0273576
350.4 -0.157835
350.5 -0.111879
350.6 -0.853294
350.7 -1.46525
350.8 0.830831
350.9 -1.68178
351 0.637751
351.1 -1.57793
351.2 -0.994401
351.3 -0.528599
351.4 -0.908266
351.5 2.11633
351.6 0.182364
351.7 -0.76331
351.8 -1.07619
351.9 -0.338838
352 -1.04312
352.1 -0.401513
352.2 -0.890251
352.3 0.173553
352.4 -0.831776
352.5 -0.151977
352.6 -0.192542
352.7 -0.147506
352.8 -0.575992
352.9 0.882416
353 -0.57051
353.1 0.312226
353.2 1.44706
353.3 5.46315e-05
353.4 1.93712
353.5 -0.361694
353.6 -0.646412
353.7 -0.433004
353.8 1.11805
353.9 0.446331
354 1.29408
354.1 -0.126183
354.2 -1.03143
354.3 0.103119
354.4 0.273499
354.5 -0.776577
354.6 -1.34909
354.7 1.39169
354.8 0.137468
354.9 0.62567
355 0.0100357
355.1 -0.998759
355.2 1.29824
355.3 0.260062
355.4 -0.513328
355.5 -0.617798
355.6 -0.378702
355.7 0.164552
355.8 -0.602837
355.9 1.1168
356 -0.489478
356.1 0.343427
356.2 -0.068017
356.3 -0.0539397
356.4 0.944133
356.5 0.45199
356.6 -0.233404
356.7 -1.14946
356.8 0.245883
356.9 -1.65933
357 -1.67073
357.1 -0.435889
357.2 -0.602268
357.3 0.562174
357.4 -1.03409
357.5 -0.86754
357.6 0.276791
357.7 -0.853594
357.8 1.31096
357.9 -0.345078
358 -0.829054
358.1 -0.0186608
358.2 0.654988
358.3 1.04825
358.4 1.48395
358.5 1.85167
358.6 -0.612671
358.7 0.710036
358.8 1.30442
358.9 -0.43316
359 -0.468256
359.1 1.40537
359.2 1.72902
359.3 0.221864
359.4 -0.492689
359.5 -1.24602
359.6 0.991729
359.7 -0.450066
359.8 0.218986
359.9 -1.37499
360 0.552121
360.1 -0.0312068
360.2 -0.640958
360.3 0.661505
360.4 -0.852533
360.5 0.337689
360.6 0.955195
360.7 -1.065
360.8 0.358815
360.9 -0.419346
361 -0.531364
361.1 0.856514
361.2 -0.421917
361.3 0.979361
361.4 -0.906894
361.5 0.707322
361.6 0.862937
361.7 0.429701
361.8 -1.04683
361.9 0.0771888
362 -1.83542
362.1 -0.552027
362.2 -0.438943
362.3 0.390794
362.4 -0.0214127
362.5 1.05726
362.6 0.567031
362.7 -1.6737
362.8 -0.188595
362.9 0.823506
363 -0.555654
363.1 -0.427493
363.2 0.333769
363.3 -0.41583
363.4 1.43345
363.5 1.56125
363.6 0.534223
363.7 -0.784582
363.8 0.273133
363.9 -0.895118
364 0.363306
364.1 -0.188769
364.2 -0.340565
364.3 -0.42002
364.4 -0.813512
364.5 0.491139
364.6 -0.498009
364.7 -0.0793845
364.8 -0.547734
364.9 0.033724
365 0.283363
365.1 0.11046
365.2 0.906253
365.3 1.7235
365.4 0.044951
365.5 -2.07857
365.6 -0.732749
365.7 1.12954
365.8 -0.0402849
365.9 -0.469656
366 0.316365
366.1 0.621733
366.2 -1.28262
366.3 -0.370021
366.4 1.3319
366.5 -1.47337
366.6 0.268605
366.7 -1.19517
366.8 -0.193863
366.9 -0.404792
367 -0.333864
367.1 -0.947296
367.2 0.582401
367.3 0.121853
367.4 -1.18178
367.5 0.369543
367.6 0.5821
367.7 1.23626
367.8 -0.384469
367.9 -0.576204
368 0.133366
368.1 1.16194
368.2 -0.60735
368.3 1.03412
368.4 -1.17291
368.5 -0.0551723
368.6 1.88411
368.7 -0.26189
368.8 -0.911061
368.9 -1.69174
369 0.612418
369.1 0.441705
369.2 -0.628215
369.3 -1.09169
369.4 -0.698171
369.5 0.371353
369.6 1.40363
369.7 1.14089
369.8 0.450972
369.9 -1.28772
370 -1.24907
370.1 -0.222625
370.2 0.555859
370.3 -0.831334
370.4 -0.786288
370.5 0.0560628
370.6 -0.904091
370.7 -1.64182
370.8 0.944952
370.9 -1.49474
371 -1.47734
371.1 0.981778
371.2 1.0085
371.3 0.625873
371.4 -0.277686
371.5 1.47442
371.6 1.66772
371.7 0.267558
371.8 0.646255
371.9 0.492655
372 0.625939
372.1 0.822179
372.2 0.633565
372.3 -0.260532
372.4 0.807653
372.5 -0.292647
372.6 1.64771
372.7 -0.136409
372.8 0.973348
372.9 -0.268129
373 0.620028
373.1 1.19446
373.2 1.35617
373.3 -1.07719
373.4 0.410535
373.5 0.23932
373.6 -1.52317
373.7 -0.748705
373.8 0.670915
373.9 -0.289123
374 1.05036
374.1 -0.69075
374.2 1.31845
374.3 0.721378
374.4 -0.401202
374.5 0.569923
374.6 0.422791
374.7 -0.759414
374.8 1.23608
374.9 0.468899
375 -1.33862
375.1 -0.654917
375.2 1.07126
375.3 0.467832
375.4 0.246588
375.5 1.42974
375.6 -0.950664
375.7 -0.641393
375.8 -0.217516
375.9 -0.743333
376 -0.798583
376.1 -0.221214
376.2 1.22283
376.3 0.946504
376.4 0.149902
376.5 -0.765166
376.6 0.162932
376.7 0.559553
376.8 -0.255397
376.9 0.0112463
377 0.594155
377.1 -0.662971
377.2 -1.99088
377.3 -2.09387
377.4 1.093
377.5 0.0558704
377.6 0.861367
377.7 0.851213
377.8 -0.303289
377.9 0.00255544
378 -1.20717
378.1 -0.391271
378.2 -0.840819
378.3 -0.788319
378.4 0.0602454
378.5 -0.411295
378.6 -1.38592
378.7 0.140598
378.8 -0.0860565
378.9 -0.978694
379 -1.36728
379.1 -0.213266
379.2 0.505472
379.3 0.263133
379.4 -0.471802
379.5 0.241244
379.6 -0.629237
379.7 0.900333
379.8 -0.510414
379.9 -0.704505
380 0.834739
380.1 -1.02144
380.2 0.0587829
380.3 -0.493638
380.4 -0.495828
380.5 -0.692111
380.6 -0.424224
380.7 0.859937
380.8 0.523382
380.9 1.00986
381 0.287172
381.1 -1.30755
381.2 -0.08222
381.3 1.09957
381.4 0.71169
381.5 0.693863
381.6 0.840119
381.7 -1.1907
381.8 1.26855
381.9 -0.375984
382 0.37414
382.1 0.125471
382.2 -1.70929
382.3 0.520133
382.4 0.239164
382.5 0.849988
382.6 -0.332504
382.7 0.493651
382.8 0.430992
382.9 -0.245378
383 -0.930381
383.1 -0.0085797
383.2 1.21136
383.3 0.967606
383.4 0.451016
383.5 1.11453
383.6 0.234031
383.7 -0.13224
383.8 0.27456
383.9 -0.37543
384 -0.103053
384.1 2.09289
384.2 0.652412
384.3 1.28579
384.4 -1.90061
384.5 -1.43241
384.6 0.540978
384.7 0.117606
384.8 0.292969
384.9 -0.54335
385 0.399997
385.1 0.639293
385.2 -0.789114
385.3 0.18488
385.4 -0.188001
385.5 1.02846
385.6 -0.401709
385.7 -0.482872
385.8 1.06379
385.9 -1.09407
386 0.609434
386.1 -1.14216
386.2 -1.04723
386.3 -0.856676
386.4 0.177313
386.5 -0.89599
386.6 0.563364
386.7 0.932058
386.8 0.464059
386.9 0.586466
387 1.39485
387.1 0.443545
387.2 0.803312
387.3 -0.5531
387.4 0.507953
387.5 0.576819
387.6 0.354793
387.7 -0.208
387.8 -0.422574
387.9 -0.249362
388 0.822956
388.1 -0.435629
388.2 0.34323
388.3 -0.620814
388.4 -1.07021
388.5 -0.487103
388.6 -0.534987
388.7 -0.85696
388.8 -0.899659
388.9 -1.09474
389 -0.210738
389.1 -0.096858
389.2 0.257208
389.3 1.302
389.4 0.483709
389.5 -0.219436
389.6 0.390785
389.7 -0.216188
389.8 0.746974
389.9 -0.135096
390 2.43717
390.1 0.397004
390.2 0.866658
390.3 -0.458013
390.4 -0.274658
390.5 0.245003
390.6 -0.801594
390.7 -1.23208
390.8 -0.158504
390.9 0.667877
391 -0.698214
391.1 0.435105
391.2 1.27932
391.3 -0.0676536
391.4 0.744869
391.5 -2.16271
391.6 2.04126
391.7 -0.25144
391.8 -1.14926
391.9 0.256487
392 0.400947
392.1 0.0139407
392.2 -0.768963
392.3 0.41354
392.4 -0.0365874
392.5 -0.685942
392.6 -1.0362
392.7 1.10526
392.8 -0.732958
392.9 -0.44947
393 0.548846
393.1 -1.71032
393.2 1.49737
393.3 -0.526528
393.4 0.429383
393.5 -0.0282143
393.6 -1.4536
393.7 -0.861432
393.8 0.510798
393.9 0.596721
394 1.67896
394.1 0.928088
394.2 -0.815365
394.3 1.46551
394.4 -0.166482
394.5 0.402652
394.6 0.52986
394.7 -1.60657
394.8 -0.687754
394.9 1.11216
395 -0.588951
395.1 -0.432468
395.2 -0.681194
395.3 -0.201891
395.4 1.09935
395.5 0.0121402
395.6 0.122975
395.7 0.733376
395.8 0.0318152
395.9 -0.0360636
396 -0.188144
396.1 -0.564225
396.2 0.52102
396.3 0.162702
396.4 -0.0180309
396.5 -1.25837
396.6 0.844903
396.7 -0.763558
396.8 -0.957879
396.9 0.346881
397 1.23285
397.1 -1.78473
397.2 0.203011
397.3 0.263879
397.4 0.440239
397.5 0.444048
397.6 0.0590089
397.7 0.56654
397.8 2.29387
397.9 0.872299
398 -0.942811
398.1 1.47857
398.2 -0.737675
398.3 -1.5006
398.4 0.205066
398.5 -0.396941
398.6 1.8535
398.7 -0.179322
398.8 -0.596278
398.9 -0.341912
399 0.344664
399.1 0.982702
399.2 0.119981
399.3 -0.86352
399.4 -0.862602
399.5 -1.41502
399.6 -0.210855
399.7 0.122639
399.8 0.724539
399.9 -0.385167
400 0.327367
400.1 -1.31387
400.2 0.567316
400.3 0.553787
400.4 -0.386148
400.5 0.576543
400.6 -0.23056
400.7 1.4348
400.8 0.697922
400.9 0.334657
401 0.455207
401.1 1.68829
401.2 -1.24957
401.3 -1.2195
401.4 -0.425197
401.5 0.241047
401.6 -0.646701
401.7 0.528209
401.8 -0.214166
401.9 -0.719418
402 0.1607
402.1 -0.633653
402.2 0.378417
402.3 -0.0977117
402.4 -1.3177
402.5 -0.249276
402.6 1.55405
402.7 0.621124
402.8 -0.547837
402.9 -0.382068
403 -1.03089
403.1 0.0790016
403.2 0.179649
403.3 -0.708665
403.4 0.286067
403.5 0.33664
403.6 0.540279
403.7 0.820938
403.8 -0.0395001
403.9 -0.961459
404 -0.779322
404.1 0.387474
404.2 0.134231
404.3 -0.18911
404.4 1.06791
404.5 -1.12079
404.6 -2.20082
404.7 0.631855
404.8 -1.0585
404.9 -1.12789
405 0.989614
405.1 0.859862
405.2 -0.0689538
405.3 -0.824007
405.4 0.219425
405.5 -0.207706
405.6 0.281499
405.7 0.644708
405.8 0.239875
405.9 -1.01581
406 0.879315
406.1 -1.49315
406.2 0.538988
406.3 -0.991558
406.4 0.288023
406.5 1.08301
406.6 -0.749999
406.7 1.38779
406.8 0.231026
406.9 -0.0591835
407 -0.0106872
407.1 -0.185562
407.2 0.492689
407.3 1.59463
407.4 -1.12789
407.5 0.919766
407.6 -0.109931
407.7 0.399417
407.8 2.23051
407.9 0.450102
408 -0.989103
408.1 -0.745833
408.2 -0.526059
408.3 0.574732
408.4 -0.163992
408.5 0.155043
408.6 -0.00222281
408.7 -0.739673
408.8 0.222382
408.9 0.488622
409 0.465838
409.1 0.816572
409.2 0.26293
409.3 0.930528
409.4 -1.11753
409.5 0.418843
409.6 -0.468031
409.7 -1.14585
409.8 0.325834
409.9 -0.452401
410 -0.532651
410.1 -1.82473
410.2 -0.718178
410.3 -0.589637
410.4 -0.701411
410.5 -1.85267
410.6 -0.682082
410.7 0.198885
410.8 0.438847
410.9 0.65339
411 0.00785015
411.1 -0.935264
411.2 0.762077
411.3 0.15009
411.4 -0.691749
411.5 0.338891
411.6 -1.10728
411.7 0.21911
411.8 0.988058
411.9 0.443229
412 -0.698308
412.1 -1.25281
412.2 -0.438306
412.3 0.569117
412.4 1.12141
412.5 0.107387
412.6 1.42498
412.7 1.23533
412.8 -1.34895
412.9 0.616992
413 0.0181476
413.1 -0.324643
413.2 0.0859061
413.3 -0.428714
413.4 -1.49499
413.5 1.10638
413.6 1.91252
413.7 0.488301
413.8 0.741192
413.9 -0.162462
414 0.544125
414.1 -0.119771
414.2 0.900411
414.3 -0.73709
414.4 -0.448218
414.5 -0.699153
414.6 -1.94142
414.7 -0.121823
414.8 -1.17449
414.9 0.325632
415 -0.00379959
415.1 -0.324171
415.2 -2.09427
415.3 -0.14551
415.4 1.17292
415.5 0.306284
415.6 0.11784
415.7 -0.0800628
415.8 0.355535
415.9 0.266277
416 -0.195537
416.1 0.73559
416.2 -0.0260954
416.3 -0.480888
416.4 -0.694809
416.5 0.232263
416.6 0.526863
416.7 2.1156
416.8 -0.920837
416.9 0.106634
417 -0.799544
417.1 0.590548
417.2 -0.230123
417.3 0.124769
417.4 1.01842
417.5 0.679985
417.6 1.15474
417.7 0.612687
417.8 0.41149
417.9 0.142637
418 -0.852612
418.1 -0.480245
418.2 -1.0283
418.3 0.774851
418.4 0.65516
418.5 0.264119
418.6 -1.98538
418.7 -1.41216
418.8 0.735798
418.9 0.851886
419 1.56492
419.1 0.854209
419.2 0.0967797
419.3 0.0881146
419.4 -1.15516
419.5 -0.323585
419.6 -1.0219
419.7 -0.425588
419.8 0.984742
419.9 0.924121
420 -0.522273
420.1 -0.311633
420.2 -0.240916
420.3 0.469647
420.4 0.0834335
420.5 -0.0776858
420.6 0.706567
420.7 -0.73384
420.8 2.11625
420.9 1.29191
421 1.10995
421.1 -0.32162
421.2 -0.453859
421.3 -0.608225
421.4 0.063383
421.5 -0.814496
421.6 -1.21433
421.7 0.400334
421.8 -0.505034
421.9 -1.19173
422 -0.348208
422.1 -0.209708
422.2 1.04466
422.3 -0.0430775
422.4 0.48004
422.5 0.620267
422.6 0.00901173
422.7 -1.5237
422.8 -1.87725
422.9 0.27214
423 -0.521777
423.1 -0.299887
423.2 0.139547
423.3 0.082713
423.4 0.23716
423.5 0.307401
423.6 0.920964
423.7 1.69583
423.8 -0.569738
423.9 -1.49671
424 1.44912
424.1 -1.22631
424.2 -0.825325
424.3 -0.285131
424.4 -0.529413
424.5 0.26106
424.6 1.29301
424.7 0.804935
424.8 0.352876
424.9 -0.0901622
425 0.639346
425.1 0.825329
425.2 -0.454153
425.3 0.323905
425.4 0.0526105
425.5 1.3022
425.6 1.48934
425.7 0.676746
425.8 -0.626868
425.9 -0.0832297
426 0.153448
426.1 0.572404
426.2 0.278033
426.3 -1.94087
426.4 -0.707565
426.5 -0.155096
426.6 0.741695
426.7 0.406978
426.8 0.749558
426.9 0.229187
427 1.09362
427.1 -0.532294
427.2 0.226547
427.3 -1.6568
427.4 0.584967
427.5 0.0446857
427.6 0.729272
427.7 -0.225688
427.8 0.508254
427.9 -0.197531
428 1.11408
428.1 1.05231
428.2 -2.08559
428.3 -0.00864205
428.4 0.611433
428.5 -0.208443
428.6 0.878512
428.7 0.92962
428.8 -0.431444
428.9 -1.27059
429 -0.102396
429.1 -0.564331
429.2 0.513162
429.3 -0.629208
429.4 1.2467
429.5 -0.502213
429.6 -0.41168
429.7 -1.21316
429.8 0.247262
429.9 0.669067
430 -0.147124
430.1 0.478869
430.2 -0.291862
430.3 -0.433893
430.4 0.162116
430.5 1.05036
430.6 0.758413
430.7 -0.978778
430.8 -0.364255
430.9 -0.786021
431 -0.783974
431.1 -0.639347
431.2 -0.192906
431.3 -0.307604
431.4 -0.784702
431.5 0.404028
431.6 0.105574
431.7 -1.13719
431.8 0.172858
431.9 1.11796
432 -0.265075
432.1 -1.26963
432.2 0.0138699
432.3 0.265722
432.4 1.05854
432.5 0.697574
432.6 1.64361
432.7 -0.0474624
432.8 1.13531
432.9 -0.240139
433 -0.0209877
433.1 -0.413332
433.2 -0.369492
433.3 -0.813878
433.4 1.24728
433.5 1.12593
433.6 0.700468
433.7 -1.14877
433.8 0.15499
433.9 -1.78368
434 0.0674939
434.1 -0.795749
434.2 -0.714594
434.3 -0.936751
434.4 0.427324
434.5 -0.141795
434.6 0.146818
434.7 -0.0520465
434.8 1.44518
434.9 -0.560209
435 0.237431
435.1 -0.894767
435.2 -0.25218
435.3 -0.900534
435.4 0.547729
435.5 0.309549
435.6 0.982841
435.7 -0.32618
435.8 -0.500031
435.9 -1.74496
436 -0.225802
436.1 -0.412849
436.2 0.707078
436.3 -1.69024
436.4 -0.826024
436.5 -1.06725
436.6 2.0771
436.7 -0.55053
436.8 -1.04829
436.9 0.736116
437 -0.621618
437.1 -1.08148
437.2 0.698707
437.3 -1.11311
437.4 -1.05431
437.5 -0.514193
437.6 0.537877
437.7 -2.05247
437.8 -0.322962
437.9 -0.670383
438 1.78172
438.1 0.331272
438.2 -0.496046
438.3 -0.381882
438.4 -0.718818
438.5 0.227584
438.6 -0.629607
438.7 0.227363
438.8 1.67529
438.9 -1.39601
439 -1.2007
439.1 -0.105836
439.2 1.33167
439.3 0.694669
439.4 0.24283
439.5 0.905629
439.6 0.514228
439.7 -0.263441
439.8 0.494801
439.9 -0.728205
440 -0.210398
440.1 0.734583
440.2 -1.74421
440.3 0.331223
440.4 -0.118025
440.5 -0.731812
440.6 -0.353911
440.7 1.28981
440.8 0.719963
440.9 0.290288
441 0.101348
441.1 -0.284189
441.2 -0.164048
441.3 -0.363441
441.4 -0.636835
441.5 0.829271
441.6 -1.55045
441.7 1.43687
441.8 0.405393
441.9 0.458809
442 0.155771
442.1 0.0231321
442.2 0.0422294
442.3 0.0668487
442.4 0.211094
442.5 -0.831397
442.6 -0.232966
442.7 1.48487
442.8 -0.0950092
442.9 0.51368
443 0.842115
443.1 0.874458
443.2 0.471144
443.3 1.23365
443.4 1.56736
443.5 -0.256386
443.6 1.2016
443.7 0.84282
443.8 0.983887
443.9 -0.707617
444 -0.135379
444.1 1.77466
444.2 -0.308759
444.3 0.135885
444.4 -1.02871
444.5 -1.5074
444.6 0.20682
444.7 0.141612
444.8 -0.365741
444.9 -0.45485
445 -0.254052
445.1 0.918454
445.2 0.903084
445.3 0.674286
445.4 0.58778
445.5 0.408835
445.6 -0.246845
445.7 0.71579
445.8 0.254269
445.9 -0.590148
446 0.938745
446.1 0.400388
446.2 -1.0665
446.3 -0.612687
446.4 0.0408259
446.5 -0.491172
446.6 0.601899
446.7 0.485035
446.8 0.669523
446.9 -0.574872
447 -0.548236
447.1 -1.26571
447.2 -0.259773
447.3 -1.18661
447.4 0.114413
447.5 1.1284
447.6 0.0980953
447.7 -0.0717102
447.8 0.515507
447.9 -0.140759
448 1.58926
448.1 0.101518
448.2 0.0706686
448.3 0.115657
448.4 -0.327049
448.5 -1.5786
448.6 -1.57012
448.7 -0.41272
448.8 0.543985
448.9 -1.88993
449 0.126604
449.1 0.402598
449.2 -1.25761
449.3 0.187937
449.4 1.04007
449.5 0.203854
449.6 -0.363411
449.7 1.13054
449.8 -0.668322
449.9 -0.58033
450 -0.77964
450.1 1.71691
450.2 -0.196621
450.3 -2.11684
450.4 -1.12201
450.5 -0.0471532
450.6 0.206746
450.7 1.78747
450.8 0.259281
450.9 -0.378123
451 -0.480045
451.1 0.878006
451.2 -0.250862
451.3 -0.6114
451.4 0.0802735
451.5 1.49403
451.6 0.112251
451.7 0.272494
451.8 0.369406
451.9 -0.0668134
452 0.366343
452.1 -1.15179
452.2 0.466214
452.3 0.656566
452.4 -1.63178
452.5 -0.494625
452.6 -0.924864
452.7 -0.387045
452.8 -0.673554
452.9 -1.0523
453 0.702337
453.1 0.561705
453.2 1.25046
453.3 0.545787
453.4 0.43633
453.5 0.319606
453.6 -0.521443
453.7 -0.674573
453.8 1.11275
453.9 -0.154445
454 -0.0368602
454.1 -1.71976
454.2 -1.48826
454.3 1.21897
454.4 0.773477
454.5 -0.843176
454.6 -0.955164
454.7 0.163178
454.8 -0.913525
454.9 0.340216
455 -1.33655
455.1 0.935611
455.2 0.222414
455.3 0.320033
455.4 0.744323
455.5 -0.674332
455.6 -0.806793
455.7 1.15837
455.8 -0.244687
455.9 -0.0570476
456 1.58011
456.1 -0.256774
456.2 1.41313
456.3 -0.314925
456.4 -2.37342
456.5 -0.542887
456.6 0.788977
456.7 0.371604
456.8 -0.0357543
456.9 -1.16592
457 0.344266
457.1 0.667132
457.2 0.831409
457.3 -1.31027
457.4 -0.487466
457.5 -1.19377
457.6 -0.711833
457.7 0.681103
457.8 0.29577
457.9 -0.268642
458 -0.908476
458.1 -1.74931
458.2 1.59241
458.3 1.35068
458.4 -0.0597429
458.5 -1.16131
458.6 -1.74541
458.7 1.26675
458.8 1.35118
458.9 1.37335
459 0.169453
459.1 -1.32032
459.2 -0.0506053
459.3 -1.2736
459.4 0.239126
459.5 0.124105
459.6 0.553895
459.7 -1.48334
459.8 1.18064
459.9 0.541303
460 -0.518805
460.1 0.675502
460.2 -0.651561
460.3 -0.921631
460.4 0.506685
460.5 -1.29996
460.6 -0.867564
460.7 0.0101043
460.8 1.22739
460.9 -0.741623
461 -1.11601
461.1 0.955329
461.2 1.39069
461.3 -0.902919
461.4 -0.20093
461.5 0.746492
461.6 -1.49033
461.7 -0.594195
461.8 -0.915489
461.9 1.27239
462 -0.196651
462.1 -1.01076
462.2 -1.22991
462.3 1.02719
462.4 0.748124
462.5 0.0491457
462.6 -0.388035
462.7 1.02421
462.8 -0.622916
462.9 0.6098
463 -1.00738
463.1 1.27081
463.2 -0.659112
463.3 -0.948656
463.4 -0.420629
463.5 0.384103
463.6 -0.882332
463.7 -1.32512
463.8 -0.523748
463.9 1.65635
464 -0.173959
464.1 -0.348443
464.2 0.0805495
464.3 0.0450063
464.4 -0.151305
464.5 -0.467015
464.6 0.639855
464.7 -0.731109
464.8 0.838241
464.9 -0.827477
465 -0.0410442
465.1 -0.576017
465.2 -0.370256
465.3 -0.164043
465.4 -1.08315
465.5 1.73383
465.6 -0.347659
465.7 0.547587
465.8 -0.274985
465.9 0.521465
466 -0.4498
466.1 -1.09609
466.2 0.028409
466.3 -1.42409
466.4 1.48645
466.5 0.729497
466.6 -0.612049
466.7 -0.896521
466.8 -0.480178
466.9 0.50582
467 -0.639437
467.1 1.19061
467.2 -0.335581
467.3 1.20843
467.4 1.50298
467.5 -0.935878
467.6 0.913505
467.7 0.645638
467.8 0.433243
467.9 -0.94299
468 0.914902
468.1 0.0457343
468.2 -0.628863
468.3 -0.273226
468.4 -0.950106
468.5 -0.291887
468.6 0.922555
468.7 0.736664
468.8 -1.34865
468.9 1.43934
469 -0.329889
469.1 1.20022
469.2 -0.605361
469.3 -0.384783
469.4 -0.221085
469.5 1.30951
469.6 -1.00229
469.7 -1.46511
469.8 -0.558822
469.9 -0.0196363
470 1.60475
470.1 1.27901
470.2 1.7559
470.3 0.687325
470.4 -0.175445
470.5 -0.564399
470.6 -1.58208
470.7 0.330704
470.8 0.960075
470.9 0.373803
471 -0.200621
471.1 1.5087
471.2 0.19083
471.3 0.167918
471.4 0.920387
471.5 0.329504
471.6 0.634778
471.7 -0.822189
471.8 0.839415
471.9 0.587037
472 -0.781973
472.1 0.252416
472.2 0.449623
472.3 -0.254474
472.4 -0.0807497
472.5 -1.09233
472.6 -1.16963
472.7 -0.0733569
472.8 0.575611
472.9 0.516183
473 -0.35583
473.1 0.127738
473.2 -1.19585
473.3 0.197713
473.4 -0.0985478
473.5 -0.573509
473.6 0.203607
473.7 -1.21901
473.8 0.282349
473.9 1.27866
474 -1.16311
474.1 1.114
474.2 -1.27255
474.3 1.25694
474.4 -0.453331
474.5 0.50365
474.6 -0.249693
474.7 0.133022
474.8 0.987347
474.9 -0.751337
475 1.37008
475.1 -0.808734
475.2 0.196366
475.3 -0.700294
475.4 0.433185
475.5 0.601623
475.6 -0.265508
475.7 0.250135
475.8 0.241855
475.9 -0.631611
476 -0.00417061
476.1 -1.91966
476.2 -1.00346
476.3 0.677099
476.4 -0.0544528
476.5 -0.250587
476.6 -0.892076
476.7 0.0312913
476.8 -1.22146
476.9 0.217249
477 -1.69715
477.1 0.282911
477.2 1.65569
477.3 -0.0870569
477.4 -1.18587
477.5 -0.141668
477.6 -1.70207
477.7 1.18999
477.8 -1.6489
477.9 -0.316322
478 -1.28553
478.1 -0.583272
478.2 0.257557
478.3 -1.2213
478.4 0.0894807
478.5 -0.284244
478.6 -0.0278243
478.7 1.33533
478.8 -0.935513
478.9 0.217235
479 0.12897
479.1 1.61534
479.2 0.408206
479.3 -0.901636
479.4 0.345679
479.5 0.352664
479.6 0.343994
479.7 -0.654142
479.8 0.659132
479.9 1.64325
480 -0.137402
480.1 -0.324319
480.2 -0.754129
480.3 -0.949802
480.4 0.522741
480.5 -0.775349
480.6 0.333406
480.7 -1.63
480.8 0.887868
480.9 1.19188
481 0.507379
481.1 0.835508
481.2 -0.949998
481.3 -0.266752
481.4 0.648927
481.5 0.595844
481.6 -1.41529
481.7 1.18634
481.8 -1.26853
481.9 -0.327794
482 -0.140718
482.1 -0.714897
482.2 0.109254
482.3 1.58474
482.4 -1.00692
482.5 0.706717
482.6 -0.371594
482.7 1.01869
482.8 -0.213147
482.9 -0.587971
483 0.402279
483.1 0.536296
483.2 -0.473162
483.3 -1.21804
483.4 0.365471
483.5 -0.54268
483.6 1.2877
483.7 1.26921
483.8 -0.748173
483.9 0.501214
484 0.29915
484.1 -0.504708
484.2 -0.0468386
484.3 -1.1393
484.4 1.58929
484.5 0.977061
484.6 -1.33858
484.7 2.03505
484.8 0.106682
484.9 0.20979
485 -0.919698
485.1 0.631605
485.2 1.12251
485.3 1.52507
485.4 0.0255275
485.5 -0.0504739
485.6 0.465842
485.7 -0.823436
485.8 0.407995
485.9 1.01038
486 0.461603
486.1 0.59691
486.2 0.0169377
486.3 -0.845162
486.4 -0.149045
486.5 1.59985
486.6 0.674514
486.7 -0.0601203
486.8 0.633214
486.9 0.682299
487 0.920808
487.1 1.37372
487.2 0.602566
487.3 -0.779236
487.4 -0.48858
487.5 -1.14571
487.6 0.8235
487.7 0.782033
487.8 -1.8631
487.9 1.37319
488 -0.706737
488.1 0.86145
488.2 0.885984
488.3 0.540514
488.4 -0.85089
488.5 0.0885271
488.6 1.91807
488.7 -0.861289
488.8 1.14707
488.9 1.3976
489 0.478033
489.1 -0.907942
489.2 -1.2497
489.3 -1.31674
489.4 -0.667985
489.5 -0.25689
489.6 -0.0763613
489.7 0.78876
489.8 0.35189
489.9 0.439402
490 -0.203592
490.1 -1.85772
490.2 0.89515
490.3 -0.421146
490.4 -1.19326
490.5 -0.844584
490.6 -0.957
490.7 1.11441
490.8 -0.519388
490.9 -0.750303
491 -1.14264
491.1 0.261088
491.2 -1.24438
491.3 1.32519
491.4 0.26317
491.5 1.27262
491.6 -0.0593953
491.7 0.923017
491.8 0.252787
491.9 0.0027736
492 -0.792408
492.1 -0.363182
492.2 -0.594194
492.3 1.80358
492.4 1.14497
492.5 -0.172241
492.6 0.955696
492.7 -0.814198
492.8 0.826426
492.9 0.124893
493 2.22622
493.1 0.782523
493.2 0.33058
493.3 -0.170987
493.4 -1.42956
493.5 1.29511
493.6 -1.50998
493.7 0.0425417
493.8 -0.228399
493.9 -0.449095
494 1.33469
494.1 -0.867239
494.2 0.977447
494.3 -0.534787
494.4 -0.171963
494.5 0.413057
494.6 -0.438262
494.7 -0.895754
494.8 1.89381
494.9 0.610913
495 0.177255
495.1 0.648207
495.2 0.641462
495.3 0.383255
495.4 -1.88126
495.5 0.105208
495.6 0.637942
495.7 -0.109282
495.8 1.50026
495.9 -0.523057
496 -0.593455
496.1 -0.885947
496.2 0.316894
496.3 1.15158
496.4 0.011845
496.5 -0.0294721
496.6 -0.770097
496.7 0.0806846
496.8 0.524119
496.9 0.162618
497 0.410936
497.1 -0.924673
497.2 0.876992
497.3 -1.12517
497.4 1.08453
497.5 -0.680422
497.6 -0.355269
497.7 1.4007
497.8 -0.389168
497.9 1.11556
498 -0.770297
498.1 0.0188195
498.2 0.465326
498.3 1.22746
498.4 1.04108
498.5 0.869937
498.6 -0.754573
498.7 -0.0392929
498.8 0.114173
498.9 0.0583798
499 -1.38582
499.1 0.837343
499.2 1.30922
499.3 1.60316
499.4 1.2015
499.5 0.81662
499.6 -1.0193
499.7 -0.580796
499.8 -0.656389
499.9 -0.216705
