0 -1.12521
0.1 0.802912
0.2 -0.691828
0.3 -2.46941
0.4 1.30946
0.5 0.637524
0.6 0.192053
0.7 -0.0571348
0.8 -0.292115
0.9 0.318623
1 -0.21854
1.1 -1.66252
1.2 0.0634095
1.3 -0.181001
1.4 1.2929
1.5 0.239079
1.6 1.02071
1.7 -0.0836384
1.8 0.680324
1.9 0.59484
2 -0.0398846
2.1 0.826811
2.2 -1.41248
2.3 0.06244
2.4 1.68376
2.5 0.874042
2.6 -0.610248
2.7 0.622656
2.8 -2.5921
2.9 0.411106
3 2.04251
3.1 -0.231654
3.2 -2.26895
3.3 0.845324
3.4 2.02543
3.5 0.238091
3.6 -1.25976
3.7 1.46582
3.8 2.21056
3.9 -0.162699
4 -0.911719
4.1 1.92632
4.2 -0.811091
4.3 0.524292
4.4 -0.89268
4.5 -0.179617
4.6 0.514982
4.7 1.39867
4.8 -1.27537
4.9 2.05891
5 1.22009
5.1 -0.112835
5.2 -1.23108
5.3 -0.500914
5.4 -1.79298
5.5 2.63079
5.6 0.513779
5.7 -1.32135
5.8 2.38772
5.9 0.738961
6 0.00941028
6.1 1.30353
6.2 -0.965293
6.3 -0.180164
6.4 -0.0664926
6.5 0.127555
6.6 1.80517
6.7 -0.590262
6.8 1.75863
6.9 -1.4988
7 -0.364184
7.1 -1.09568
7.2 0.233535
7.3 -1.26603
7.4 1.47642
7.5 -2.08378
7.6 0.257646
7.7 1.3512
7.8 -0.741999
7.9 1.39606
8 1.96696
8.1 0.942152
8.2 1.3781
8.3 -1.78903
8.4 1.46562
8.5 -0.0849754
8.6 1.69883
8.7 0.782906
8.8 -1.59456
8.9 -0.583661
9 -1.62225
9.1 0.57663
9.2 -0.883468
9.3 -1.25268
9.4 -2.06266
9.5 -1.10594
9.6 1.62096
9.7 1.39951
9.8 0.294576
9.9 0.341287
10 -0.597393
10.1 0.277621
10.2 -0.282074
10.3 -0.0355157
10.4 -1.69939
10.5 0.44064
10.6 -1.16704
10.7 0.925433
10.8 -1.10046
10.9 1.239
11 -1.42327
11.1 -0.214862
11.2 -0.490501
11.3 -0.0253765
11.4 0.769986
11.5 -1.98068
11.6 0.20479
11.7 1.499
11.8 -0.574055
11.9 -0.683084
12 -0.137677
12.1 -0.710186
12.2 -0.787708
12.3 0.632964
12.4 -1.42571
12.5 -0.699867
12.6 1.50173
12.7 -1.53075
12.8 -0.0563535
12.9 0.522146
13 -0.581022
13.1 -2.11557
13.2 -0.242171
13.3 1.80147
13.4 0.34921
13.5 -0.434862
13.6 0.658035
13.7 0.0892482
13.8 -0.822923
13.9 -0.596456
14 0.968804
14.1 1.66636
14.2 -0.892818
14.3 1.42292
14.4 0.205662
14.5 -1.41585
14.6 -0.52587
14.7 -0.408025
14.8 1.29424
14.9 -0.81895
15 -0.0630523
15.1 -1.50254
15.2 -0.319265
15.3 -1.41181
15.4 0.530199
15.5 -1.96914
15.6 -1.13067
15.7 -0.910811
15.8 1.04433
15.9 0.68255
16 0.240374
16.1 -0.43406
16.2 -0.609398
16.3 0.474198
16.4 2.17504
16.5 0.708605
16.6 -0.334372
16.7 1.86497
16.8 -1.76252
16.9 0.308063
17 -1.74942
17.1 -0.649671
17.2 1.18363
17.3 -0.097941
17.4 0.711404
17.5 -2.04307
17.6 1.2882
17.7 0.623537
17.8 -1.23284
17.9 0.830638
18 -1.00524
18.1 2.07858
18.2 -0.585516
18.3 1.66428
18.4 -0.184921
18.5 0.357577
18.6 0.0569785
18.7 1.49757
18.8 -0.393118
18.9 -0.736386
19 1.58246
19.1 -0.850114
19.2 -0.810307
19.3 0.359801
19.4 0.919628
19.5 -0.358241
19.6 0.261754
19.7 -0.383175
19.8 -0.154296
19.9 -0.296938
20 -0.108997
20.1 0.444093
20.2 1.11784
20.3 -0.82667
20.4 0.196591
20.5 1.53119
20.6 1.96168
20.7 -0.745741
20.8 -0.0445815
20.9 -1.9626
21 0.0847137
21.1 0.923171
21.2 0.318289
21.3 -0.896786
21.4 1.38898
21.5 -0.871144
21.6 -1.68736
21.7 2.55599
21.8 1.97678
21.9 0.101048
22 -0.10104
22.1 0.756385
22.2 -1.44556
22.3 0.61806
22.4 0.127833
22.5 -1.581
22.6 1.21471
22.7 -1.86219
22.8 -0.0551611
22.9 0.0897868
23 -0.309946
23.1 -0.450846
23.2 1.07003
23.3 0.175621
23.4 -0.476108
23.5 0.692461
23.6 1.0005
23.7 -1.64035
23.8 -0.436594
23.9 0.484683
24 -1.01415
24.1 -0.504988
24.2 0.59025
24.3 -0.0982632
24.4 0.848956
24.5 0.174296
24.6 0.506598
24.7 0.530698
24.8 1.96458
24.9 -1.45252
25 1.40241
25.1 -0.572685
25.2 0.13721
25.3 0.684443
25.4 0.355413
25.5 0.456469
25.6 -1.65511
25.7 -0.47925
25.8 -0.0555808
25.9 1.60725
26 0.828143
26.1 -0.378025
26.2 0.461322
26.3 -1.84962
26.4 0.0266812
26.5 0.889729
26.6 1.0705
26.7 -0.769408
26.8 -0.3619
26.9 -0.0542843
27 1.68552
27.1 0.0509804
27.2 0.340666
27.3 1.029
27.4 1.46867
27.5 -2.06385
27.6 0.501536
27.7 0.968767
27.8 -0.161844
27.9 -0.783538
28 1.22753
28.1 0.268297
28.2 1.53011
28.3 -0.768281
28.4 1.42447
28.5 -1.06485
28.6 -0.326674
28.7 -1.61452
28.8 -1.1284
28.9 1.66187
29 0.264047
29.1 -0.533478
29.2 0.140135
29.3 1.07974
29.4 0.0857996
29.5 0.367581
29.6 0.596956
29.7 0.372253
29.8 0.51569
29.9 0.590733
30 2.77808
30.1 -0.401051
30.2 0.654091
30.3 -1.37329
30.4 -1.49488
30.5 -0.270009
30.6 -0.66898
30.7 -0.944635
30.8 -0.475673
30.9 0.248824
31 0.256253
31.1 -0.907078
31.2 0.44626
31.3 0.384155
31.4 0.788042
31.5 0.76115
31.6 -0.799911
31.7 -0.628906
31.8 0.48758
31.9 0.420476
32 -0.57524
32.1 -0.642356
32.2 -0.944133
32.3 1.05732
32.4 1.52771
32.5 1.74242
32.6 -0.171366
32.7 0.978473
32.8 -1.96524
32.9 0.15429
33 -0.350985
33.1 0.115781
33.2 -0.118694
33.3 1.45566
33.4 -1.19297
33.5 -0.123975
33.6 -0.857112
33.7 1.37389
33.8 -0.00529624
33.9 1.161
34 -0.641491
34.1 -3.16783
34.2 -0.172623
34.3 1.8148
34.4 -0.398641
34.5 1.33672
34.6 2.03674
34.7 1.66984
34.8 0.218826
34.9 -1.46595
35 1.41948
35.1 -1.53117
35.2 -1.93725
35.3 -0.55486
35.4 -0.451158
35.5 0.260423
35.6 0.409769
35.7 0.265693
35.8 -0.968459
35.9 0.345877
36 1.4651
36.1 1.08392
36.2 1.71395
36.3 -0.185884
36.4 -1.70454
36.5 0.563084
36.6 0.546118
36.7 0.228774
36.8 0.883352
36.9 0.767422
37 -0.248614
37.1 1.20301
37.2 1.33101
37.3 0.0108863
37.4 1.16539
37.5 0.105038
37.6 -1.71979
37.7 -0.885163
37.8 0.243301
37.9 1.9588
38 -0.842787
38.1 -0.198149
38.2 -1.05947
38.3 -2.11276
38.4 0.808916
38.5 0.5159
38.6 0.721206
38.7 0.405689
38.8 -0.136162
38.9 -0.874982
39 -0.839159
39.1 0.572418
39.2 0.672327
39.3 -1.25292
39.4 -1.64075
39.5 -1.06891
39.6 1.08671
39.7 0.928478
39.8 -0.0875845
39.9 -0.287156
40 -0.474637
40.1 0.462269
40.2 0.157913
40.3 -1.73284
40.4 -0.455534
40.5 -1.46656
40.6 -1.46108
40.7 -1.44867
40.8 0.631294
40.9 -0.727457
41 0.0621129
41.1 -0.419926
41.2 -1.24437
41.3 -0.308175
41.4 0.0254812
41.5 -0.273593
41.6 1.81974
41.7 -0.743678
41.8 -1.34571
41.9 0.496782
42 -1.13474
42.1 0.228721
42.2 -0.134499
42.3 1.97363
42.4 -0.718057
42.5 1.15119
42.6 -0.160685
42.7 0.330786
42.8 -1.21264
42.9 -1.95578
43 1.30956
43.1 -1.71051
43.2 1.42674
43.3 0.387328
43.4 1.13481
43.5 -0.635946
43.6 -0.369516
43.7 -0.613897
43.8 -0.567267
43.9 -1.67054
44 0.377777
44.1 -0.645211
44.2 0.370489
44.3 1.12678
44.4 -0.593743
44.5 0.546222
44.6 0.31589
44.7 -0.96997
44.8 -0.194291
44.9 -0.495867
45 -1.54244
45.1 -0.6344
45.2 -0.932652
45.3 -1.58162
45.4 0.111583
45.5 -1.06902
45.6 -0.177081
45.7 -0.367321
45.8 -0.0534531
45.9 -0.945039
46 0.0976318
46.1 -0.14722
46.2 -1.91077
46.3 -1.46322
46.4 -0.619722
46.5 -0.00474183
46.6 -0.416098
46.7 0.419263
46.8 1.17134
46.9 -1.06502
47 -0.00950666
47.1 2.16923
47.2 0.670051
47.3 0.744723
47.4 -0.401946
47.5 0.453332
47.6 0.940312
47.7 -0.970608
47.8 0.276262
47.9 -0.243719
48 -0.029052
48.1 0.583338
48.2 -0.229981
48.3 1.18637
48.4 0.895845
48.5 -0.0383415
48.6 -0.608626
48.7 -1.44612
48.8 0.839692
48.9 0.395695
49 -1.41961
49.1 -0.455744
49.2 0.562575
49.3 1.04082
49.4 0.712444
49.5 -1.0297
49.6 1.81383
49.7 0.525324
49.8 1.65882
49.9 0.627127
50 1.17738
50.1 -0.21793
50.2 0.419159
50.3 -1.8942
50.4 -1.17317
50.5 -0.996207
50.6 1.40566
50.7 -0.822858
50.8 -0.0521019
50.9 0.751769
51 -0.924878
51.1 -0.996013
51.2 1.10899
51.3 0.830691
51.4 1.03965
51.5 -1.60038
51.6 -1.62793
51.7 0.453083
51.8 -0.987325
51.9 0.230594
52 -0.400534
52.1 1.37892
52.2 0.941199
52.3 -0.127378
52.4 -2.41287
52.5 -0.114117
52.6 0.591405
52.7 0.286896
52.8 1.32366
52.9 -0.185354
53 -2.20373
53.1 1.09075
53.2 -0.244663
53.3 -0.162352
53.4 -0.848879
53.5 0.415459
53.6 -1.1686
53.7 0.174223
53.8 0.777156
53.9 1.04111
54 -0.704696
54.1 -0.44925
54.2 0.919306
54.3 -1.4616
54.4 -0.318548
54.5 -1.26099
54.6 -0.430559
54.7 -1.16165
54.8 -0.693744
54.9 -1.95794
55 -0.418065
55.1 -1.1018
55.2 1.23032
55.3 0.27642
55.4 2.15269
55.5 -1.87125
55.6 1.28879
55.7 -0.467577
55.8 1.36073
55.9 -0.444259
56 -0.501141
56.1 0.00143582
56.2 1.20451
56.3 -1.08558
56.4 -0.900908
56.5 0.805292
56.6 0.306497
56.7 0.577562
56.8 -0.0742243
56.9 0.274341
57 0.943298
57.1 0.88943
57.2 1.19421
57.3 0.0181586
57.4 0.293196
57.5 -1.6232
57.6 0.657909
57.7 -1.45333
57.8 1.01091
57.9 -0.27844
58 0.544533
58.1 -1.13841
58.2 -0.091175
58.3 -1.70747
58.4 0.684839
58.5 -1.16626
58.6 1.43577
58.7 -0.307528
58.8 0.285234
58.9 -0.380273
59 -0.0764053
59.1 -0.514841
59.2 0.37342
59.3 -0.12245
59.4 0.4463
59.5 -1.59208
59.6 1.4573
59.7 -0.849378
59.8 0.0608099
59.9 -0.581815
60 0.137824
60.1 -0.82136
60.2 -0.24043
60.3 1.95787
60.4 0.970477
60.5 0.536777
60.6 -0.156395
60.7 0.518501
60.8 0.573042
60.9 -0.152876
61 0.158703
61.1 -0.240137
61.2 -0.161028
61.3 0.583497
61.4 -0.903718
61.5 -0.290758
61.6 -1.29922
61.7 1.52895
61.8 0.477476
61.9 2.03583
62 -1.78657
62.1 1.54823
62.2 -0.139817
62.3 -0.762666
62.4 1.16867
62.5 1.60338
62.6 -1.30543
62.7 0.744395
62.8 1.51627
62.9 -0.686898
63 -0.461065
63.1 -0.809054
63.2 1.38377
63.3 0.888556
63.4 -1.61455
63.5 0.25003
63.6 -1.76828
63.7 1.40151
63.8 0.619987
63.9 -0.930755
64 -0.842716
64.1 -0.58338
64.2 1.34814
64.3 -1.2533
64.4 1.85712
64.5 0.645331
64.6 1.50387
64.7 -1.663
64.8 0.906262
64.9 -1.01244
65 1.45948
65.1 1.58578
65.2 0.535835
65.3 -0.860865
65.4 -1.07355
65.5 0.00157077
65.6 1.75441
65.7 -1.83651
65.8 0.0103647
65.9 1.4471
66 1.03914
66.1 0.979646
66.2 2.70194
66.3 -0.402007
66.4 -1.17741
66.5 0.19308
66.6 0.14844
66.7 1.56109
66.8 -0.222301
66.9 1.56725
67 -1.10413
67.1 1.14961
67.2 -1.20003
67.3 0.612882
67.4 -0.0294354
67.5 0.662482
67.6 -1.37003
67.7 -0.635528
67.8 -0.785831
67.9 1.09273
68 -0.783173
68.1 0.271879
68.2 0.117931
68.3 0.657738
68.4 -0.539345
68.5 0.0710578
68.6 -0.939781
68.7 0.311724
68.8 -0.364925
68.9 -0.312161
69 0.329847
69.1 -0.326252
69.2 -1.69091
69.3 0.31395
69.4 -0.817998
69.5 -0.92046
69.6 -0.551445
69.7 0.460292
69.8 0.359034
69.9 1.63307
70 1.69231
70.1 0.752462
70.2 -1.61603
70.3 0.910097
70.4 -0.325436
70.5 -0.692347
70.6 -0.0143426
70.7 0.15167
70.8 -0.239421
70.9 0.689518
71 0.466259
71.1 0.752819
71.2 1.60333
71.3 0.849727
71.4 -1.09299
71.5 -0.41497
71.6 -1.68306
71.7 0.951964
71.8 1.36428
71.9 -0.813505
72 0.479189
72.1 -0.23613
72.2 1.09685
72.3 0.861667
72.4 0.558321
72.5 -0.128066
72.6 0.977327
72.7 0.368751
72.8 0.690539
72.9 -1.47814
73 -1.07796
73.1 -1.40054
73.2 0.598822
73.3 1.57803
73.4 1.45361
73.5 -0.480249
73.6 0.646162
73.7 -1.45129
73.8 0.784987
73.9 0.737122
74 0.65811
74.1 0.894611
74.2 -1.42365
74.3 -0.357908
74.4 1.21186
74.5 -1.54863
74.6 -1.02315
74.7 -1.1248
74.8 0.825052
74.9 -0.625158
75 -1.66315
75.1 1.54502
75.2 -1.07441
75.3 -1.32106
75.4 1.09467
75.5 -0.614286
75.6 0.539753
75.7 -0.253589
75.8 1.89156
75.9 -0.0455335
76 -0.127442
76.1 0.530548
76.2 -0.512166
76.3 -0.393883
76.4 1.34025
76.5 0.249064
76.6 1.78116
76.7 1.43657
76.8 -1.1943
76.9 0.188169
77 1.15138
77.1 -0.573798
77.2 1.14242
77.3 -1.44218
77.4 -0.0379763
77.5 -1.42321
77.6 1.23752
77.7 1.40424
77.8 0.410808
77.9 0.160971
78 -0.769542
78.1 -1.97203
78.2 -1.04822
78.3 0.83424
78.4 0.453547
78.5 -1.67985
78.6 0.946261
78.7 -1.50497
78.8 0.453295
78.9 1.92035
79 -0.291826
79.1 -1.37
79.2 -0.488597
79.3 -0.895976
79.4 -0.254701
79.5 -1.8046
79.6 0.956829
79.7 -0.547646
79.8 -0.577012
79.9 -1.59519
80 0.672506
80.1 -0.48389
80.2 -1.38167
80.3 -0.335335
80.4 -0.0670471
80.5 0.45462
80.6 1.23027
80.7 0.923191
80.8 -1.34616
80.9 -0.259754
81 0.64633
81.1 0.689473
81.2 -0.433458
81.3 -0.623242
81.4 1.1199
81.5 1.41719
81.6 -0.0105823
81.7 -0.531221
81.8 -0.888058
81.9 0.836031
82 0.333043
82.1 -0.704521
82.2 -1.15899
82.3 -0.233549
82.4 -0.105995
82.5 0.166276
82.6 0.747408
82.7 1.55736
82.8 0.206212
82.9 1.73502
83 0.695395
83.1 1.7804
83.2 -1.37463
83.3 0.357836
83.4 0.101592
83.5 -0.802092
83.6 0.420362
83.7 0.207547
83.8 1.18909
83.9 -0.649886
84 1.10159
84.1 -0.332979
84.2 0.472525
84.3 1.83125
84.4 -0.120007
84.5 -1.27579
84.6 -0.088041
84.7 -0.0837147
84.8 -1.06268
84.9 -0.0399273
85 1.45499
85.1 0.0307682
85.2 -0.881667
85.3 1.59098
85.4 -0.0694763
85.5 0.540452
85.6 -0.308326
85.7 -0.696505
85.8 1.40304
85.9 -0.691012
86 -1.59541
86.1 0.290175
86.2 -1.11778
86.3 1.10896
86.4 -0.369392
86.5 0.897646
86.6 1.42395
86.7 -1.1653
86.8 0.602304
86.9 -2.11507
87 0.269763
87.1 1.28282
87.2 -0.0402848
87.3 -1.11491
87.4 -0.0663994
87.5 -0.374342
87.6 1.09007
87.7 -0.154521
87.8 -0.903513
87.9 1.44953
88 1.71493
88.1 -1.67285
88.2 -0.905346
88.3 0.510502
88.4 0.796045
88.5 -0.3399
88.6 3.70317
88.7 1.4205
88.8 0.499327
88.9 -0.292519
89 0.646773
89.1 0.0436685
89.2 2.12406
89.3 0.286947
89.4 -1.81763
89.5 -0.331319
89.6 -0.219449
89.7 -0.46108
89.8 0.487502
89.9 0.291154
90 2.03614
90.1 -0.0256336
90.2 -1.57663
90.3 -1.70097
90.4 0.497371
90.5 0.31417
90.6 -2.4967
90.7 0.00226525
90.8 1.36137
90.9 0.937918
91 1.68093
91.1 0.10103
91.2 -1.15356
91.3 1.72253
91.4 -0.471761
91.5 1.60317
91.6 -0.770199
91.7 -0.460202
91.8 0.22857
91.9 -0.080484
92 1.53126
92.1 1.29729
92.2 1.55661
92.3 0.371843
92.4 -0.211296
92.5 0.747799
92.6 -1.24202
92.7 -1.61055
92.8 1.00371
92.9 0.902801
93 -1.48368
93.1 0.529627
93.2 -1.4531
93.3 0.342397
93.4 0.0482115
93.5 -0.324537
93.6 -0.94212
93.7 -1.54098
93.8 -1.22574
93.9 -1.04996
94 1.73809
94.1 -1.6715
94.2 1.03724
94.3 1.37957
94.4 -2.01625
94.5 -0.706629
94.6 0.346952
94.7 -0.407529
94.8 -0.775399
94.9 -1.61188
95 -0.0742039
95.1 -1.43702
95.2 -0.85784
95.3 -1.90951
95.4 0.175599
95.5 -0.471513
95.6 0.916613
95.7 0.402405
95.8 1.99876
95.9 0.325097
96 -0.104742
96.1 -1.1756
96.2 -0.187455
96.3 -0.389936
96.4 -0.987258
96.5 -0.651608
96.6 1.49809
96.7 0.585855
96.8 0.155289
96.9 -1.25265
97 0.0397108
97.1 1.06857
97.2 1.65348
97.3 -1.53887
97.4 -0.625282
97.5 1.20973
97.6 -0.170028
97.7 -0.720382
97.8 -0.706775
97.9 -1.45998
98 -0.38678
98.1 -0.227779
98.2 -0.463483
98.3 0.0421908
98.4 -1.39878
98.5 2.27075
98.6 -0.0964675
98.7 -0.0313238
98.8 0.437655
98.9 1.12149
99 -0.880265
99.1 0.552615
99.2 -1.04993
99.3 -1.13556
99.4 0.351396
99.5 -1.02291
99.6 1.74679
99.7 0.326005
99.8 -0.324534
99.9 -0.444616
100 1.73187
100.1 -0.159848
100.2 2.20834
100.3 -0.283478
100.4 -0.672513
100.5 -1.24965
100.6 0.380327
100.7 -0.954726
100.8 -0.0702845
100.9 0.553493
101 -0.22492
101.1 1.71655
101.2 1.48105
101.3 -0.474596
101.4 1.31202
101.5 -2.51704
101.6 -0.513125
101.7 1.06463
101.8 -1.41707
101.9 0.453112
102 1.8726
102.1 -1.75359
102.2 -0.94744
102.3 -1.34037
102.4 -1.28764
102.5 -0.595372
102.6 1.98299
102.7 0.202739
102.8 1.3891
102.9 -0.883253
103 0.407468
103.1 -2.48298
103.2 -1.31791
103.3 -0.333842
103.4 0.578005
103.5 -1.21189
103.6 0.673999
103.7 0.574705
103.8 0.28499
103.9 -2.51653
104 -1.04071
104.1 0.382971
104.2 1.03692
104.3 0.338764
104.4 -0.999168
104.5 -1.75295
104.6 -0.918192
104.7 0.418479
104.8 -0.313369
104.9 -0.410367
105 -0.560662
105.1 -0.368451
105.2 -0.169385
105.3 -1.95254
105.4 -0.131045
105.5 -0.538722
105.6 -0.222835
105.7 -0.504159
105.8 0.955385
105.9 0.403858
106 0.890613
106.1 0.143873
106.2 -0.321533
106.3 -1.82487
106.4 0.522894
106.5 -0.149761
106.6 1.70157
106.7 0.510882
106.8 -1.25232
106.9 -0.484868
107 -1.1715
107.1 -0.0553496
107.2 0.96376
107.3 -0.826059
107.4 0.896384
107.5 -0.545631
107.6 -0.00201747
107.7 -1.11584
107.8 0.628433
107.9 1.20029
108 -1.45086
108.1 -0.694977
108.2 -0.0720984
108.3 1.03322
108.4 -1.36235
108.5 0.731539
108.6 -0.00180821
108.7 -0.863141
108.8 0.940754
108.9 -1.94524
109 -0.319747
109.1 3.00349
109.2 -0.00122276
109.3 -0.0402929
109.4 -0.621994
109.5 0.708969
109.6 0.0383069
109.7 0.959505
109.8 -0.325205
109.9 0.0644933
110 0.505122
110.1 0.0146244
110.2 0.695498
110.3 1.48189
110.4 -0.0638415
110.5 -2.77605
110.6 -0.050236
110.7 -0.627567
110.8 -1.0077
110.9 0.131356
111 -0.660808
111.1 -0.741011
111.2 -1.36561
111.3 0.789345
111.4 -1.05045
111.5 -1.64499
111.6 -0.471764
111.7 0.713739
111.8 -2.36577
111.9 0.951477
112 -0.543534
112.1 -0.845202
112.2 0.46137
112.3 -0.612677
112.4 -2.04974
112.5 -0.646013
112.6 -1.68725
112.7 -0.132393
112.8 1.37074
112.9 0.550909
113 0.0160861
113.1 1.15071
113.2 -0.34315
113.3 -2.00471
113.4 0.797862
113.5 1.04064
113.6 -0.164611
113.7 -1.17315
113.8 -1.00156
113.9 -0.767983
114 -0.777875
114.1 1.40529
114.2 -1.47775
114.3 1.86624
114.4 -0.376493
114.5 -1.8207
114.6 -0.420903
114.7 -1.4861
114.8 -0.2359
114.9 -0.896702
115 0.34646
115.1 -1.2378
115.2 -1.10595
115.3 0.745432
115.4 -0.83837
115.5 0.930009
115.6 -0.596616
115.7 -0.929134
115.8 0.406093
115.9 0.530709
116 -1.41738
116.1 0.390325
116.2 -0.412783
116.3 -0.068332
116.4 1.0169
116.5 1.95496
116.6 -1.42121
116.7 0.502388
116.8 -0.978176
116.9 -1.715
117 -0.500319
117.1 -0.183392
117.2 -0.0449318
117.3 -0.26104
117.4 -0.719017
117.5 0.603122
117.6 0.459497
117.7 -0.299203
117.8 -0.225651
117.9 0.672627
118 1.95348
118.1 -0.0691621
118.2 0.789673
118.3 -2.90851
118.4 -0.554744
118.5 0.222494
118.6 0.108402
118.7 0.240697
118.8 -1.61269
118.9 -1.24254
119 -2.03762
119.1 0.619405
119.2 2.14749
119.3 -0.0536645
119.4 -1.88407
119.5 -1.32172
119.6 -1.54596
119.7 -0.68281
119.8 -1.54541
119.9 0.171758
120 1.32072
120.1 -0.868604
120.2 1.5149
120.3 0.812747
120.4 -1.80478
120.5 -0.957206
120.6 -1.9828
120.7 -0.525854
120.8 0.57626
120.9 -1.07998
121 1.02718
121.1 -0.980462
121.2 0.0628953
121.3 0.89939
121.4 -0.494747
121.5 -0.750658
121.6 -0.306802
121.7 -0.411278
121.8 0.562146
121.9 -2.34017
122 0.368985
122.1 0.101079
122.2 2.10176
122.3 1.28814
122.4 -0.526114
122.5 -0.395516
122.6 -0.0724949
122.7 -1.35411
122.8 -1.47549
122.9 -1.37738
123 1.77106
123.1 1.24355
123.2 1.19665
123.3 0.663466
123.4 0.0441009
123.5 -1.29973
123.6 0.812719
123.7 -0.174474
123.8 -1.87241
123.9 -0.0878436
124 1.27296
124.1 2.03031
124.2 0.216066
124.3 0.781548
124.4 -0.855996
124.5 -1.47102
124.6 -0.470541
124.7 -0.889098
124.8 0.129773
124.9 -1.04349
125 0.630613
125.1 -0.182292
125.2 1.79192
125.3 -1.65134
125.4 1.70415
125.5 -0.499974
125.6 0.150258
125.7 1.35619
125.8 -0.90738
125.9 -0.735054
126 -1.6726
126.1 -1.85333
126.2 0.255302
126.3 2.36912
126.4 -0.120888
126.5 0.104517
126.6 2.48127
126.7 1.83619
126.8 0.479868
126.9 -1.15448
127 -0.105254
127.1 0.0481425
127.2 1.28002
127.3 -0.991182
127.4 0.00973585
127.5 1.54238
127.6 0.733609
127.7 0.901699
127.8 -1.07254
127.9 0.765308
128 1.3809
128.1 0.708575
128.2 -0.24909
128.3 0.359892
128.4 0.776357
128.5 -0.476886
128.6 -0.221854
128.7 -0.853219
128.8 -2.77417
128.9 -0.465459
129 0.769226
129.1 -0.259757
129.2 1.53775
129.3 -1.28932
129.4 -0.140174
129.5 0.184938
129.6 -1.18326
129.7 -0.388087
129.8 -0.182956
129.9 -0.229681
130 2.89401
130.1 1.16219
130.2 -1.41373
130.3 0.922189
130.4 0.964189
130.5 1.00262
130.6 -0.384809
130.7 0.926008
130.8 1.71426
130.9 0.468995
131 1.48219
131.1 0.634937
131.2 -0.93918
131.3 -1.65564
131.4 1.95745
131.5 -0.519478
131.6 -1.92865
131.7 0.121097
131.8 0.811576
131.9 1.75431
132 -0.232066
132.1 -0.159467
132.2 -0.590585
132.3 2.42407
132.4 -1.64127
132.5 0.366378
132.6 -1.5447
132.7 0.0971932
132.8 -0.191406
132.9 -0.949255
133 0.769877
133.1 0.63026
133.2 -0.144464
133.3 -2.02995
133.4 -0.716951
133.5 0.339391
133.6 -0.513014
133.7 0.246093
133.8 0.319096
133.9 -0.170387
134 0.136319
134.1 -0.582303
134.2 -0.282405
134.3 -1.67327
134.4 -0.141319
134.5 0.968817
134.6 1.00792
134.7 -0.00542775
134.8 -0.985117
134.9 -0.507967
135 0.0175945
135.1 0.702558
135.2 0.642306
135.3 1.51555
135.4 1.10294
135.5 -0.600187
135.6 -0.254853
135.7 -0.431489
135.8 -1.6813
135.9 -0.596673
136 -0.844334
136.1 -0.313975
136.2 -1.38512
136.3 0.154226
136.4 -0.648778
136.5 0.707709
136.6 -1.14587
136.7 0.733002
136.8 1.23854
136.9 -0.341875
137 -0.706673
137.1 -0.348749
137.2 -0.453763
137.3 -0.127905
137.4 0.501275
137.5 -1.05181
137.6 2.17096
137.7 -1.45115
137.8 -0.803837
137.9 -1.58733
138 -0.407983
138.1 0.0503662
138.2 0.59462
138.3 0.929485
138.4 0.667976
138.5 0.343682
138.6 0.585621
138.7 -1.36716
138.8 -0.719762
138.9 0.660667
139 -2.01295
139.1 0.126345
139.2 -0.393933
139.3 0.805982
139.4 -0.0723083
139.5 -0.669872
139.6 2.13494
139.7 0.394574
139.8 0.174438
139.9 0.0325929
140 1.55083
140.1 0.7022
140.2 -0.531681
140.3 0.623865
140.4 -1.52789
140.5 -0.851544
140.6 -0.917587
140.7 -0.291739
140.8 -0.437266
140.9 -2.11153
141 -1.15328
141.1 0.471976
141.2 -1.67788
141.3 0.573298
141.4 0.074336
141.5 -0.235718
141.6 -1.07665
141.7 0.317987
141.8 0.900845
141.9 -0.849154
142 0.142448
142.1 -0.377626
142.2 1.39327
142.3 1.95413
142.4 -0.938532
142.5 -0.383194
142.6 0.162036
142.7 0.448908
142.8 0.293798
142.9 -1.40054
143 -1.58412
143.1 -0.275426
143.2 -0.227785
143.3 1.20692
143.4 0.0133779
143.5 0.106064
143.6 -0.0289828
143.7 0.623222
143.8 -2.23248
143.9 -1.05414
144 -0.29216
144.1 0.876804
144.2 1.97254
144.3 -0.350593
144.4 -0.657407
144.5 -0.223984
144.6 0.436498
144.7 -0.68974
144.8 -1.0756
144.9 -0.453337
145 1.27586
145.1 -1.21895
145.2 -0.227297
145.3 0.302081
145.4 -2.58083
145.5 -0.19216
145.6 -0.310996
145.7 1.57676
145.8 -0.37078
145.9 -1.20611
146 -0.459558
146.1 0.59361
146.2 -1.51872
146.3 -0.0341251
146.4 -1.01826
146.5 1.50911
146.6 1.16085
146.7 -0.285841
146.8 -2.33391
146.9 -1.41664
147 -1.5031
147.1 0.720821
147.2 1.3381
147.3 -1.36996
147.4 1.00487
147.5 -1.27492
147.6 -0.082648
147.7 1.24427
147.8 1.0217
147.9 -0.804628
148 0.29397
148.1 -1.75679
148.2 -0.372067
148.3 1.51588
148.4 -0.124523
148.5 -0.920391
148.6 0.0905106
148.7 -0.826802
148.8 1.54298
148.9 1.18576
149 0.945119
149.1 0.560422
149.2 1.81881
149.3 -0.209492
149.4 0.371967
149.5 0.26104
149.6 0.00165159
149.7 -0.210182
149.8 -0.0892862
149.9 0.0662358
150 1.11835
150.1 -1.25994
150.2 0.298303
150.3 1.2436
150.4 1.49057
150.5 1.0543
150.6 0.537377
150.7 0.412672
150.8 -0.151853
150.9 -1.24982
151 -0.0373119
151.1 -1.0653
151.2 0.868011
151.3 -1.51202
151.4 0.00780346
151.5 -0.739961
151.6 1.77381
151.7 -2.27323
151.8 1.02559
151.9 1.06971
152 -0.395739
152.1 -0.816884
152.2 -1.52962
152.3 1.40463
152.4 -1.92777
152.5 0.291214
152.6 -0.914079
152.7 -1.63837
152.8 1.03172
152.9 -0.948245
153 0.423216
153.1 1.11783
153.2 0.476597
153.3 1.76702
153.4 -2.07538
153.5 -1.25144
153.6 -0.672381
153.7 -0.632486
153.8 -0.443502
153.9 -0.705856
154 1.21493
154.1 -0.0169604
154.2 0.847024
154.3 -0.160817
154.4 -1.3796
154.5 -0.854714
154.6 0.960245
154.7 -0.702838
154.8 0.555332
154.9 1.5269
155 -1.00753
155.1 1.02634
155.2 -1.02615
155.3 -0.100305
155.4 -0.155647
155.5 -0.376244
155.6 -0.075958
155.7 1.1379
155.8 -1.22083
155.9 -1.43248
156 1.24097
156.1 0.706164
156.2 -0.386487
156.3 -0.883471
156.4 -1.05298
156.5 0.637769
156.6 -0.871578
156.7 0.278601
156.8 -0.13969
156.9 -0.499675
157 0.638288
157.1 0.274202
157.2 -0.878116
157.3 1.0605
157.4 0.203147
157.5 0.801864
157.6 1.31414
157.7 0.164361
157.8 -0.210136
157.9 0.558037
158 -0.925357
158.1 0.822197
158.2 1.28522
158.3 -0.961968
158.4 -0.986272
158.5 -0.212301
158.6 -2.08738
158.7 -1.10398
158.8 -0.981253
158.9 0.17834
159 -0.573896
159.1 0.584965
159.2 -0.496508
159.3 -0.449931
159.4 0.580225
159.5 -1.73232
159.6 1.39374
159.7 -1.14251
159.8 -0.45312
159.9 0.877585
160 0.950914
160.1 0.341035
160.2 1.4588
160.3 0.549196
160.4 -0.191774
160.5 1.64277
160.6 -0.71048
160.7 1.01507
160.8 -0.107488
160.9 -0.990233
161 -0.146739
161.1 -0.255348
161.2 1.43681
161.3 -0.160882
161.4 -1.28634
161.5 0.149073
161.6 -1.39845
161.7 -0.168466
161.8 0.230286
161.9 -1.10314
162 -0.222552
162.1 -0.971655
162.2 0.835242
162.3 -1.40129
162.4 -0.626662
162.5 -2.25059
162.6 -0.880538
162.7 -1.2546
162.8 -0.673965
162.9 1.99201
163 0.958257
163.1 0.164885
163.2 -0.618678
163.3 -1.98124
163.4 -0.495808
163.5 -2.12921
163.6 1.28759
163.7 -1.66476
163.8 1.20022
163.9 0.106903
164 0.835134
164.1 -0.977173
164.2 0.384758
164.3 0.859953
164.4 0.105757
164.5 -0.242302
164.6 -1.63141
164.7 -1.22823
164.8 -1.96396
164.9 0.720699
165 0.462019
165.1 1.06765
165.2 0.506524
165.3 0.711316
165.4 1.34695
165.5 -0.282059
165.6 -0.578233
165.7 0.134834
165.8 -0.465152
165.9 -0.573056
166 1.09195
166.1 1.47842
166.2 0.150979
166.3 1.28625
166.4 -0.597582
166.5 0.241695
166.6 -1.37117
166.7 -0.076501
166.8 0.512626
166.9 0.20433
167 -2.10475
167.1 0.217869
167.2 -0.790296
167.3 1.17378
167.4 -1.10486
167.5 0.183523
167.6 0.172748
167.7 -1.3431
167.8 -0.730376
167.9 1.7222
168 1.98754
168.1 -0.109496
168.2 -0.0988872
168.3 -0.31169
168.4 1.2156
168.5 -0.901564
168.6 0.419228
168.7 -1.11759
168.8 -0.563964
168.9 1.10082
169 -1.67797
169.1 0.70491
169.2 2.9073
169.3 -1.58137
169.4 -0.947624
169.5 -1.15383
169.6 0.761157
169.7 0.7049
169.8 0.786114
169.9 0.582186
170 0.948657
170.1 -1.0897
170.2 1.78268
170.3 0.13711
170.4 1.14627
170.5 -0.275067
170.6 0.324694
170.7 1.14026
170.8 0.806107
170.9 -1.79986
171 0.872861
171.1 1.18262
171.2 -0.204329
171.3 0.578672
171.4 0.744189
171.5 -1.20657
171.6 1.81525
171.7 -1.96532
171.8 0.786202
171.9 0.696017
172 -0.18826
172.1 -1.08481
172.2 1.37762
172.3 -0.701276
172.4 -1.256
172.5 1.29316
172.6 -0.0465198
172.7 1.01647
172.8 0.984927
172.9 1.44847
173 1.48911
173.1 -0.406808
173.2 -1.14072
173.3 -0.642132
173.4 1.08575
173.5 -0.141457
173.6 -1.79039
173.7 -0.616061
173.8 -0.424372
173.9 -1.62226
174 0.784515
174.1 -0.898291
174.2 -0.0848012
174.3 1.57139
174.4 -1.13508
174.5 0.754912
174.6 -0.336149
174.7 0.104113
174.8 0.520162
174.9 1.66651
175 -0.858487
175.1 2.04892
175.2 0.482675
175.3 2.24268
175.4 0.811909
175.5 2.67561
175.6 0.576732
175.7 1.13406
175.8 0.189663
175.9 -0.430439
176 1.45174
176.1 -0.0567971
176.2 0.493144
176.3 0.849179
176.4 -0.245245
176.5 0.260308
176.6 0.272526
176.7 0.0685506
176.8 -0.68961
176.9 -0.602864
177 -1.76474
177.1 1.53242
177.2 -0.56759
177.3 -0.0313895
177.4 0.170603
177.5 2.30939
177.6 0.405066
177.7 -0.238053
177.8 -1.02899
177.9 0.207432
178 -0.705146
178.1 -1.03416
178.2 -0.618379
178.3 -0.565631
178.4 0.513396
178.5 0.0339682
178.6 -0.274745
178.7 -0.915773
178.8 0.604322
178.9 1.16723
179 -0.815588
179.1 1.13931
179.2 2.16266
179.3 -1.63994
179.4 0.808684
179.5 -0.595379
179.6 0.274825
179.7 -2.16193
179.8 0.237115
179.9 1.20711
180 -0.646833
180.1 -1.58291
180.2 -1.23832
180.3 1.42204
180.4 0.360623
180.5 0.500218
180.6 0.682824
180.7 0.335888
180.8 -0.570094
180.9 -0.355488
181 0.985078
181.1 0.739082
181.2 -1.63935
181.3 1.66267
181.4 -0.263089
181.5 0.433022
181.6 1.04851
181.7 -0.336943
181.8 -1.20894
181.9 0.635153
182 -1.58131
182.1 -0.624552
182.2 -2.37412
182.3 0.310939
182.4 -0.75423
182.5 -0.800387
182.6 0.209323
182.7 -0.363796
182.8 0.776359
182.9 1.24767
183 0.666802
183.1 0.661309
183.2 -0.0446608
183.3 -0.393531
183.4 1.27379
183.5 -1.28859
183.6 0.68645
183.7 -0.0229232
183.8 0.81217
183.9 1.12814
184 -0.743599
184.1 0.0721904
184.2 -0.546223
184.3 -0.28567
184.4 1.64499
184.5 1.77421
184.6 1.54136
184.7 -0.593288
184.8 1.93751
184.9 1.61094
185 0.125803
185.1 0.635884
185.2 -0.635813
185.3 0.635493
185.4 -0.782961
185.5 1.28708
185.6 0.0850682
185.7 1.95732
185.8 -0.670992
185.9 0.725591
186 -0.0448526
186.1 2.51671
186.2 -1.3735
186.3 1.11412
186.4 -0.42438
186.5 0.475439
186.6 -0.269549
186.7 1.34849
186.8 -0.695233
186.9 0.953632
187 0.33998
187.1 0.353152
187.2 0.610292
187.3 -0.54638
187.4 0.432715
187.5 0.0708209
187.6 1.52202
187.7 1.49939
187.8 1.20121
187.9 -0.522619
188 -0.0875572
188.1 -0.866363
188.2 -0.77528
188.3 -0.298552
188.4 1.22198
188.5 1.65087
188.6 -0.738517
188.7 0.363718
188.8 -0.131631
188.9 -0.697747
189 -0.616756
189.1 0.804393
189.2 0.138217
189.3 1.2117
189.4 1.19017
189.5 -0.548378
189.6 0.889785
189.7 0.055516
189.8 -0.604933
189.9 -1.16564
190 -0.233126
190.1 -1.35162
190.2 -0.120236
190.3 -0.859658
190.4 -0.0657858
190.5 -0.777147
190.6 1.81812
190.7 0.428241
190.8 1.7968
190.9 -0.414644
191 -2.2717
191.1 -1.05921
191.2 0.531907
191.3 -0.0679376
191.4 1.25497
191.5 0.740887
191.6 -0.603839
191.7 3.00732
191.8 0.781186
191.9 -0.111043
192 -1.42163
192.1 0.276835
192.2 0.469733
192.3 0.924653
192.4 -1.51888
192.5 0.264715
192.6 1.19996
192.7 0.834807
192.8 -0.230943
192.9 3.10118
193 0.553554
193.1 -2.12199
193.2 0.0371122
193.3 -0.747767
193.4 -0.416963
193.5 0.888494
193.6 -0.929346
193.7 -0.197999
193.8 0.378687
193.9 0.467783
194 1.09123
194.1 0.247491
194.2 -0.796077
194.3 1.62774
194.4 -0.529651
194.5 -0.0129578
194.6 1.30423
194.7 1.41925
194.8 -0.05188
194.9 -0.765778
195 -1.0508
195.1 -0.594122
195.2 -1.36832
195.3 -0.564558
195.4 -1.53626
195.5 -1.52266
195.6 -0.965204
195.7 0.565347
195.8 1.71714
195.9 -1.66619
196 0.0706797
196.1 -0.163935
196.2 0.345164
196.3 1.76477
196.4 1.179
196.5 -1.15854
196.6 0.189914
196.7 -0.440819
196.8 -0.352648
196.9 0.355774
197 1.71732
197.1 0.00237398
197.2 -1.01361
197.3 0.654078
197.4 0.349299
197.5 0.244309
197.6 0.278546
197.7 0.709837
197.8 -1.96911
197.9 0.348358
198 -0.81671
198.1 1.86139
198.2 0.375842
198.3 0.464658
198.4 -0.61241
198.5 -0.248563
198.6 1.45073
198.7 -0.183743
198.8 0.206028
198.9 0.281066
199 0.809287
199.1 1.50971
199.2 0.133064
199.3 -2.07181
199.4 -0.267631
199.5 -0.567442
199.6 -0.538262
199.7 -0.0609787
199.8 1.11605
199.9 0.046333
200 -0.919142
200.1 0.286331
200.2 -0.138572
200.3 0.514902
200.4 -1.10088
200.5 -0.945191
200.6 -0.391088
200.7 -0.13566
200.8 0.114535
200.9 -0.139802
201 -1.27397
201.1 1.30489
201.2 0.0449352
201.3 -0.919387
201.4 1.04344
201.5 -0.416883
201.6 0.647914
201.7 -0.378288
201.8 0.300523
201.9 1.39559
202 -1.45821
202.1 1.40579
202.2 -0.0928531
202.3 0.699045
202.4 -0.119031
202.5 0.876702
202.6 -0.089706
202.7 -0.431308
202.8 -0.911583
202.9 0.178752
203 -0.762912
203.1 0.0679646
203.2 0.558372
203.3 0.492549
203.4 0.853752
203.5 -1.56744
203.6 0.709831
203.7 0.0735049
203.8 -1.80666
203.9 1.90878
204 0.528963
204.1 -0.532858
204.2 -1.04788
204.3 0.969392
204.4 -0.0837524
204.5 -0.861654
204.6 -1.96738
204.7 -0.341759
204.8 -0.654218
204.9 -0.564471
205 0.606914
205.1 -0.0119297
205.2 -0.951831
205.3 0.918111
205.4 0.897135
205.5 -1.01522
205.6 -0.102047
205.7 -0.595032
205.8 2.20024
205.9 0.418119
206 -0.493204
206.1 1.02157
206.2 -1.75071
206.3 -0.909387
206.4 -0.274884
206.5 -0.654785
206.6 -0.393096
206.7 1.64039
206.8 0.224785
206.9 -0.358251
207 -2.89044
207.1 0.383055
207.2 0.234762
207.3 0.900132
207.4 1.52471
207.5 1.49942
207.6 -0.361658
207.7 0.373171
207.8 0.262843
207.9 2.14089
208 -1.86283
208.1 0.567064
208.2 -0.718254
208.3 1.79313
208.4 -0.189734
208.5 -1.48049
208.6 -1.19996
208.7 -0.829429
208.8 -2.22272
208.9 0.832723
209 0.717826
209.1 1.05319
209.2 -0.03554
209.3 -0.251368
209.4 0.956162
209.5 2.62203
209.6 0.15153
209.7 -0.817538
209.8 0.150044
209.9 -0.568463
210 0.675396
210.1 -1.71113
210.2 0.115067
210.3 -0.375685
210.4 0.0360842
210.5 -0.366153
210.6 -0.0234599
210.7 -0.425137
210.8 -0.126059
210.9 -0.234095
211 -3.19965
211.1 1.33165
211.2 -1.70969
211.3 -0.845274
211.4 -1.12059
211.5 -0.965653
211.6 1.24804
211.7 -0.702207
211.8 -1.67305
211.9 -0.772993
212 0.695105
212.1 0.832393
212.2 2.12126
212.3 0.879501
212.4 0.135626
212.5 0.766328
212.6 -1.44911
212.7 -0.0768279
212.8 -0.204076
212.9 -0.694197
213 -0.95072
213.1 1.00472
213.2 0.598196
213.3 -0.702127
213.4 -0.980135
213.5 0.591043
213.6 1.42811
213.7 -0.21689
213.8 -1.49883
213.9 0.815554
214 0.206589
214.1 -0.0584277
214.2 -1.64555
214.3 0.583474
214.4 -0.232223
214.5 1.08781
214.6 -0.865471
214.7 1.15115
214.8 0.761897
214.9 1.01261
215 1.43436
215.1 0.137943
215.2 -0.840321
215.3 1.27542
215.4 -0.359458
215.5 -0.0936983
215.6 0.496495
215.7 -1.0899
215.8 0.498526
215.9 0.315187
216 0.24898
216.1 -0.163975
216.2 -0.339028
216.3 -1.07746
216.4 1.62106
216.5 -0.729793
216.6 0.465605
216.7 -1.82115
216.8 1.15352
216.9 0.82595
217 0.716554
217.1 -0.841416
217.2 1.84617
217.3 1.01849
217.4 1.17576
217.5 0.251593
217.6 -1.4984
217.7 0.00132799
217.8 -0.664628
217.9 -1.10488
218 0.549377
218.1 2.19266
218.2 0.578426
218.3 1.21997
218.4 1.25624
218.5 -1.08715
218.6 0.958116
218.7 -0.996359
218.8 -0.304043
218.9 -0.743285
219 -0.172319
219.1 1.47922
219.2 1.49245
219.3 0.613496
219.4 0.836042
219.5 0.134519
219.6 -0.321419
219.7 0.53839
219.8 1.10114
219.9 -0.19269
220 1.41622
220.1 1.06135
220.2 0.751589
220.3 1.17633
220.4 -0.980402
220.5 1.28224
220.6 0.90241
220.7 -0.724267
220.8 0.830819
220.9 -0.303285
221 -0.728108
221.1 0.410284
221.2 -2.06139
221.3 -0.623375
221.4 -0.210016
221.5 -1.13957
221.6 -0.911053
221.7 0.994873
221.8 0.824589
221.9 -0.290134
222 -2.19553
222.1 1.97827
222.2 -0.675542
222.3 -0.55382
222.4 0.944533
222.5 1.52898
222.6 0.723822
222.7 1.10905
222.8 1.25472
222.9 1.62278
223 1.44975
223.1 0.467574
223.2 -1.11331
223.3 -0.635137
223.4 0.29116
223.5 1.58906
223.6 -0.0131682
223.7 -0.669524
223.8 0.0324597
223.9 -2.16957
224 -1.00388
224.1 0.521652
224.2 1.10024
224.3 0.329121
224.4 0.223157
224.5 -1.35866
224.6 2.39634
224.7 -1.34988
224.8 1.75015
224.9 0.316159
225 0.756935
225.1 -1.3826
225.2 -0.515773
225.3 0.557498
225.4 -0.194958
225.5 -0.811874
225.6 0.863987
225.7 0.436445
225.8 1.4359
225.9 -1.37588
226 0.935319
226.1 -1.2615
226.2 0.286475
226.3 1.1989
226.4 1.20124
226.5 1.20869
226.6 0.428465
226.7 -1.14513
226.8 0.719251
226.9 0.549438
227 0.10462
227.1 -0.338381
227.2 1.43753
227.3 0.69334
227.4 0.360721
227.5 -0.701964
227.6 -0.39195
227.7 2.42459
227.8 -1.10788
227.9 0.959186
228 0.116648
228.1 -0.183896
228.2 -1.31025
228.3 -0.521268
228.4 -0.282133
228.5 1.25203
228.6 1.21581
228.7 -1.65642
228.8 -0.339116
228.9 -1.72724
229 -0.216405
229.1 -1.17492
229.2 0.362802
229.3 -1.36944
229.4 -0.554837
229.5 0.0102403
229.6 -1.09794
229.7 1.03525
229.8 0.596044
229.9 0.827462
230 2.39323
230.1 -0.965373
230.2 0.459512
230.3 0.272759
230.4 0.784923
230.5 0.333964
230.6 0.997324
230.7 0.66136
230.8 -0.873411
230.9 -1.10791
231 -2.46717
231.1 -1.26123
231.2 0.26383
231.3 -2.02273
231.4 0.165229
231.5 2.10137
231.6 -0.176335
231.7 -0.509121
231.8 -0.644159
231.9 0.276018
232 2.04733
232.1 -1.19557
232.2 1.98432
232.3 2.56312
232.4 0.102156
232.5 -1.59347
232.6 1.64286
232.7 -1.90019
232.8 1.98134
232.9 -1.68743
233 0.415787
233.1 2.11867
233.2 0.695276
233.3 0.499332
233.4 1.25292
233.5 -1.16768
233.6 0.899564
233.7 1.24798
233.8 0.973672
233.9 -0.11704
234 1.33338
234.1 -0.196696
234.2 1.96198
234.3 -1.48701
234.4 1.33051
234.5 -0.87659
234.6 0.900483
234.7 0.451513
234.8 1.06253
234.9 -0.965951
235 0.523611
235.1 -0.818149
235.2 1.04859
235.3 -1.09921
235.4 1.36556
235.5 -0.720447
235.6 2.00057
235.7 0.605037
235.8 -1.4403
235.9 0.941434
236 0.415572
236.1 -0.6081
236.2 1.37225
236.3 0.0508973
236.4 -0.993083
236.5 1.97662
236.6 0.947121
236.7 0.10918
236.8 0.120525
236.9 0.0357232
237 -0.93364
237.1 0.396417
237.2 -0.217101
237.3 0.183067
237.4 -1.08113
237.5 1.12804
237.6 -1.01519
237.7 0.173373
237.8 0.387967
237.9 -0.186872
238 0.461269
238.1 -0.508767
238.2 1.7477
238.3 1.41284
238.4 0.0842544
238.5 -0.0239026
238.6 -0.219848
238.7 -1.11266
238.8 0.320102
238.9 -0.869812
239 0.552874
239.1 1.05959
239.2 -0.51227
239.3 -0.930631
239.4 0.964471
239.5 -0.329695
239.6 -0.435586
239.7 -2.40123
239.8 2.02762
239.9 1.24478
240 0.402885
240.1 0.883851
240.2 -0.00169751
240.3 0.285454
240.4 -0.994081
240.5 1.20808
240.6 0.368339
240.7 2.49366
240.8 -0.76159
240.9 -1.13946
241 -0.470577
241.1 2.53158
241.2 0.616394
241.3 -0.458249
241.4 0.621093
241.5 2.47174
241.6 1.0942
241.7 -1.58946
241.8 0.466835
241.9 -0.695696
242 1.09037
242.1 0.650729
242.2 1.07644
242.3 -0.336746
242.4 1.71849
242.5 0.017223
242.6 -0.545669
242.7 0.024041
242.8 -1.59626
242.9 -0.273142
243 -0.2536
243.1 0.320945
243.2 0.724994
243.3 1.58495
243.4 -1.65549
243.5 -0.184771
243.6 0.0252386
243.7 1.04043
243.8 1.91528
243.9 0.732527
244 1.77195
244.1 -0.191681
244.2 -0.20835
244.3 0.186197
244.4 -3.18672
244.5 -0.0115346
244.6 0.984226
244.7 0.766591
244.8 -0.52088
244.9 -0.616919
245 1.41084
245.1 1.41794
245.2 -1.52065
245.3 -1.48488
245.4 -0.394226
245.5 -1.7037
245.6 -1.00507
245.7 -0.201106
245.8 -0.285351
245.9 -1.03536
246 -0.297217
246.1 1.09723
246.2 -0.619857
246.3 1.85846
246.4 0.376982
246.5 -0.624639
246.6 1.34325
246.7 1.67788
246.8 -0.511899
246.9 -1.02963
247 1.20496
247.1 0.571569
247.2 -0.825113
247.3 0.935181
247.4 -0.53405
247.5 0.870473
247.6 0.618865
247.7 0.509529
247.8 0.415331
247.9 -0.450227
248 -0.126086
248.1 0.977191
248.2 -0.20579
248.3 1.41513
248.4 0.120658
248.5 1.50692
248.6 -0.0340134
248.7 0.618058
248.8 0.997417
248.9 1.05844
249 -0.539577
249.1 0.494908
249.2 -0.253253
249.3 1.63615
249.4 -1.05941
249.5 -0.000274114
249.6 -0.633421
249.7 0.654257
249.8 -0.254814
249.9 -1.04027
250 1.22
250.1 0.584725
250.2 0.0541529
250.3 1.53202
250.4 1.60491
250.5 -1.52952
250.6 -1.57752
250.7 -1.59591
250.8 -2.80749
250.9 2.21348
251 0.0686413
251.1 -0.584784
251.2 0.359422
251.3 -0.0778547
251.4 1.04723
251.5 -0.51947
251.6 1.36303
251.7 0.855937
251.8 -0.567136
251.9 -0.812882
252 0.447581
252.1 -0.267121
252.2 -0.00107995
252.3 -2.63532
252.4 0.420563
252.5 0.727151
252.6 -0.379492
252.7 0.948035
252.8 2.63936
252.9 -0.172919
253 -0.624904
253.1 0.584766
253.2 0.883905
253.3 0.293901
253.4 0.278459
253.5 -0.921753
253.6 -1.37819
253.7 1.42393
253.8 1.4515
253.9 -0.689167
254 1.09349
254.1 -1.7315
254.2 -0.408043
254.3 -0.525315
254.4 -0.391378
254.5 -0.0574602
254.6 -0.477454
254.7 -0.553788
254.8 -1.75229
254.9 0.371311
255 -1.53041
255.1 -0.478035
255.2 1.26875
255.3 -0.121525
255.4 -0.515541
255.5 0.0166324
255.6 1.03422
255.7 -1.45085
255.8 -1.36152
255.9 -1.18705
256 0.532544
256.1 1.20408
256.2 -2.02162
256.3 -0.651461
256.4 0.110218
256.5 -0.139151
256.6 1.25646
256.7 -0.738074
256.8 1.13503
256.9 -2.00127
257 -1.41324
257.1 2.04657
257.2 -1.39661
257.3 -2.09354
257.4 1.37432
257.5 -1.50361
257.6 0.717962
257.7 -2.02701
257.8 -1.70938
257.9 -0.743057
258 0.372707
258.1 0.961065
258.2 -1.8951
258.3 -1.66666
258.4 0.706289
258.5 0.950303
258.6 2.09542
258.7 2.32334
258.8 -0.976862
258.9 -0.62462
259 0.653438
259.1 1.44892
259.2 -0.82367
259.3 0.188608
259.4 -0.449625
259.5 1.46609
259.6 -1.72608
259.7 -0.758246
259.8 0.0382208
259.9 -0.723692
260 -0.252734
260.1 -0.857383
260.2 0.846613
260.3 -1.63484
260.4 2.45171
260.5 -0.554697
260.6 0.396415
260.7 -1.05155
260.8 -0.815306
260.9 0.696905
261 0.525465
261.1 -0.345009
261.2 1.36276
261.3 0.155367
261.4 -0.374745
261.5 -1.1206
261.6 -1.18402
261.7 1.75172
261.8 -0.877302
261.9 -0.489138
262 -0.962773
262.1 0.181627
262.2 0.370198
262.3 -0.188003
262.4 0.270284
262.5 0.532826
262.6 -0.978556
262.7 -2.26627
262.8 0.708443
262.9 -0.577899
263 0.178138
263.1 -1.60363
263.2 -0.495296
263.3 0.819713
263.4 -1.34902
263.5 1.41833
263.6 -1.21548
263.7 0.753259
263.8 -1.76949
263.9 -0.905983
264 -1.25174
264.1 -1.10902
264.2 0.894131
264.3 -1.2317
264.4 -0.78728
264.5 2.6513
264.6 0.0696039
264.7 1.85403
264.8 -1.41034
264.9 0.155839
265 -0.0125078
265.1 0.372988
265.2 1.91574
265.3 -1.43368
265.4 -1.85388
265.5 0.384573
265.6 1.10746
265.7 2.12875
265.8 0.989871
265.9 -1.30868
266 -0.395656
266.1 1.26748
266.2 0.909718
266.3 1.34998
266.4 -0.421936
266.5 -0.286084
266.6 2.83712
266.7 -0.27858
266.8 -0.1964
266.9 -1.31207
267 -0.756563
267.1 0.790131
267.2 -0.856649
267.3 -0.562605
267.4 -0.515011
267.5 1.53966
267.6 0.579975
267.7 -2.06696
267.8 2.24501
267.9 1.13329
268 -0.276533
268.1 0.213161
268.2 1.0161
268.3 -1.69568
268.4 -0.943613
268.5 1.04951
268.6 0.754326
268.7 -1.11746
268.8 1.08892
268.9 -0.731609
269 0.66898
269.1 -0.0889234
269.2 -1.96859
269.3 0.797374
269.4 -1.06249
269.5 0.554368
269.6 1.23337
269.7 -0.649269
269.8 1.03875
269.9 0.0681322
270 -0.696338
270.1 -0.800515
270.2 1.05061
270.3 2.08601
270.4 -0.86128
270.5 -1.00372
270.6 1.11762
270.7 0.839392
270.8 -0.118873
270.9 0.0525009
271 -0.329676
271.1 -1.68703
271.2 1.63243
271.3 0.845562
271.4 0.0128581
271.5 -1.70115
271.6 0.840012
271.7 -0.29166
271.8 0.203292
271.9 0.00971156
272 -1.24199
272.1 0.676432
272.2 -0.726569
272.3 -0.0739689
272.4 1.76044
272.5 0.925216
272.6 0.862842
272.7 1.08927
272.8 -1.58133
272.9 -0.696543
273 1.716
273.1 -0.863715
273.2 0.853196
273.3 -1.51053
273.4 -0.563309
273.5 0.218891
273.6 1.16967
273.7 -1.29684
273.8 -0.226971
273.9 -1.02116
274 1.38507
274.1 -0.368672
274.2 -1.7178
274.3 0.259386
274.4 1.34859
274.5 -2.24478
274.6 -0.217978
274.7 0.520656
274.8 0.973451
274.9 0.452944
275 -0.676159
275.1 -0.387102
275.2 0.918206
275.3 -1.56406
275.4 0.256458
275.5 1.35837
275.6 0.352475
275.7 0.563653
275.8 -1.07784
275.9 -0.0321946
276 2.64337
276.1 0.174033
276.2 -0.970329
276.3 -1.28249
276.4 1.4989
276.5 0.412912
276.6 1.71929
276.7 0.44261
276.8 -0.524488
276.9 0.525103
277 -1.84596
277.1 0.527427
277.2 1.07047
277.3 -0.0829005
277.4 1.9517
277.5 -0.469654
277.6 -0.887256
277.7 -0.695389
277.8 1.04105
277.9 -2.11204
278 1.52973
278.1 -1.66553
278.2 0.33397
278.3 1.04832
278.4 1.75796
278.5 1.49479
278.6 0.613724
278.7 -0.713219
278.8 0.800669
278.9 0.432691
279 0.51677
279.1 0.675814
279.2 0.190163
279.3 -0.437581
279.4 -1.06355
279.5 -0.219924
279.6 0.2981
279.7 0.0320951
279.8 -0.633803
279.9 -0.162043
280 0.0754774
280.1 0.121753
280.2 0.60428
280.3 -1.16494
280.4 -0.373552
280.5 0.230156
280.6 -1.02073
280.7 0.0283358
280.8 1.28874
280.9 -0.925813
281 -0.564343
281.1 1.32163
281.2 -0.95862
281.3 -0.0699508
281.4 -1.81384
281.5 0.167407
281.6 1.44455
281.7 0.216954
281.8 0.120159
281.9 -1.09876
282 -0.648725
282.1 -0.555181
282.2 0.268245
282.3 -0.563034
282.4 0.777322
282.5 0.0769939
282.6 -0.224932
282.7 0.0876204
282.8 -0.144982
282.9 -0.684869
283 1.82491
283.1 -1.76494
283.2 -0.0953847
283.3 -0.67261
283.4 0.568734
283.5 0.233329
283.6 -1.23093
283.7 -0.973332
283.8 -0.498134
283.9 1.43206
284 -0.150919
284.1 -0.80059
284.2 0.230179
284.3 -0.495721
284.4 1.55999
284.5 2.3126
284.6 1.30564
284.7 3.49487
284.8 -0.925491
284.9 1.03609
285 -0.230402
285.1 0.378351
285.2 -0.573651
285.3 -0.916926
285.4 -1.00408
285.5 0.717153
285.6 0.686472
285.7 1.93019
285.8 -1.12635
285.9 -0.30549
286 0.248538
286.1 -0.018336
286.2 2.0983
286.3 -1.19709
286.4 0.907296
286.5 1.65841
286.6 -0.735444
286.7 -0.219137
286.8 1.14927
286.9 -0.216165
287 1.93592
287.1 0.912189
287.2 0.181706
287.3 -1.4664
287.4 1.13131
287.5 0.4679
287.6 -0.883756
287.7 -0.89703
287.8 0.357282
287.9 -1.23563
288 0.848067
288.1 -2.0128
288.2 0.965469
288.3 -1.2565
288.4 0.370773
288.5 -0.13846
288.6 0.39085
288.7 0.251157
288.8 0.587852
288.9 -0.255398
289 -0.281685
289.1 0.455718
289.2 -0.628527
289.3 -0.600857
289.4 1.70874
289.5 -0.272574
289.6 0.589872
289.7 0.0509856
289.8 2.01538
289.9 0.352681
290 2.55454
290.1 1.30173
290.2 1.41415
290.3 -1.52605
290.4 -0.181483
290.5 -0.0722888
290.6 0.119301
290.7 0.208044
290.8 0.236168
290.9 0.425465
291 1.08699
291.1 0.145444
291.2 1.17055
291.3 -0.0159118
291.4 -0.52833
291.5 0.308153
291.6 0.443894
291.7 -0.407376
291.8 -0.252746
291.9 1.59785
292 -0.793165
292.1 1.6777
292.2 -1.00095
292.3 0.156104
292.4 -1.41733
292.5 -0.504472
292.6 0.525365
292.7 1.74264
292.8 -2.08196
292.9 0.405108
293 2.56202
293.1 0.464363
293.2 -1.04131
293.3 0.314684
293.4 1.17469
293.5 -2.89742
293.6 -1.13797
293.7 -0.82699
293.8 -0.78376
293.9 -0.403934
294 -0.871839
294.1 -0.980513
294.2 -0.141436
294.3 -1.11676
294.4 0.845298
294.5 -1.05257
294.6 -0.776954
294.7 1.01873
294.8 -0.087226
294.9 0.461586
295 2.48656
295.1 -0.890924
295.2 -2.07627
295.3 1.3247
295.4 -0.0835885
295.5 0.817219
295.6 -0.636553
295.7 -1.05549
295.8 0.540192
295.9 -0.672365
296 0.301655
296.1 1.13806
296.2 -1.02227
296.3 2.1628
296.4 0.669918
296.5 0.824209
296.6 0.94921
296.7 1.93335
296.8 -0.260834
296.9 0.290681
297 -1.03749
297.1 -0.578472
297.2 -0.333376
297.3 1.31736
297.4 0.848125
297.5 0.638574
297.6 -1.39966
297.7 -0.349109
297.8 0.405322
297.9 -2.44563
298 0.585777
298.1 0.744665
298.2 1.34818
298.3 1.32266
298.4 0.435269
298.5 1.05901
298.6 0.993463
298.7 1.06647
298.8 1.26257
298.9 -1.784
299 1.406
299.1 0.517734
299.2 1.25026
299.3 1.60959
299.4 1.68343
299.5 0.375157
299.6 1.53123
299.7 -0.121768
299.8 2.87154
299.9 0.344545
300 1.18608
300.1 1.30847
300.2 1.042
300.3 -0.164456
300.4 -1.10101
300.5 -0.460981
300.6 1.1694
300.7 -0.00343191
300.8 1.11942
300.9 -0.417423
301 -1.41802
301.1 -0.597195
301.2 -1.07276
301.3 -0.271788
301.4 -1.39034
301.5 -0.861195
301.6 0.646922
301.7 0.880776
301.8 0.247568
301.9 0.564618
302 -1.62815
302.1 2.16784
302.2 0.737665
302.3 -2.4135
302.4 1.78251
302.5 -0.327133
302.6 0.85968
302.7 -0.779054
302.8 -0.369479
302.9 1.2862
303 -1.1769
303.1 -0.295713
303.2 0.499012
303.3 1.52446
303.4 -0.484091
303.5 -0.272078
303.6 1.04905
303.7 0.638119
303.8 -2.01476
303.9 -1.30591
304 1.59061
304.1 1.48404
304.2 1.55259
304.3 -1.87975
304.4 -1.53827
304.5 -1.15912
304.6 0.0553662
304.7 0.633398
304.8 0.480978
304.9 -1.26283
305 1.52092
305.1 -1.09282
305.2 -0.45296
305.3 -0.688933
305.4 1.00718
305.5 0.921541
305.6 -1.18836
305.7 -0.276495
305.8 -1.04366
305.9 -0.617949
306 -0.487435
306.1 0.03095
306.2 -0.342016
306.3 -0.312796
306.4 -1.66355
306.5 0.840037
306.6 0.818832
306.7 -1.27161
306.8 -0.265892
306.9 -2.43316
307 -2.24195
307.1 -0.116869
307.2 1.08032
307.3 0.306553
307.4 1.07262
307.5 1.64189
307.6 -0.168487
307.7 -1.32921
307.8 -1.04824
307.9 -1.24287
308 0.617135
308.1 -0.64875
308.2 0.789261
308.3 -1.46989
308.4 -0.0914846
308.5 -0.734049
308.6 -0.924911
308.7 -0.090785
308.8 0.997459
308.9 -1.63541
309 -1.16805
309.1 1.29481
309.2 0.245634
309.3 -0.755705
309.4 0.517817
309.5 -1.4238
309.6 1.27442
309.7 -1.14024
309.8 -0.167666
309.9 1.43093
310 1.31765
310.1 0.978066
310.2 -0.19473
310.3 0.0889714
310.4 0.547774
310.5 -0.370746
310.6 -0.440489
310.7 -0.109742
310.8 -2.26437
310.9 0.000368692
311 0.141607
311.1 0.276041
311.2 -1.20955
311.3 -1.42077
311.4 2.08214
311.5 -0.480553
311.6 -0.925883
311.7 -0.466705
311.8 -0.207919
311.9 -0.801491
312 -0.332953
312.1 -0.00121734
312.2 -0.982685
312.3 1.15309
312.4 -1.35616
312.5 -0.230677
312.6 -2.21586
312.7 -0.538867
312.8 1.39184
312.9 -2.45572
313 1.47408
313.1 -1.39553
313.2 1.27064
313.3 -1.75261
313.4 -0.61276
313.5 0.744629
313.6 0.695918
313.7 -1.15705
313.8 0.750894
313.9 -0.271179
314 0.483498
314.1 1.00694
314.2 -0.402092
314.3 0.353921
314.4 0.806206
314.5 0.837813
314.6 1.23357
314.7 0.0108258
314.8 -1.76294
314.9 -1.47945
315 0.610518
315.1 1.21448
315.2 -2.02387
315.3 1.65721
315.4 0.151421
315.5 0.556694
315.6 0.237499
315.7 1.46234
315.8 -0.78146
315.9 -1.51548
316 -0.63991
316.1 0.266044
316.2 1.23368
316.3 0.748185
316.4 0.415611
316.5 1.63023
316.6 -0.965464
316.7 -0.291291
316.8 -0.830074
316.9 -0.667746
317 0.731154
317.1 -0.590793
317.2 -1.23888
317.3 -0.392869
317.4 -1.55049
317.5 -0.112166
317.6 0.229714
317.7 0.643866
317.8 -0.118433
317.9 -0.618142
318 -0.12617
318.1 2.43286
318.2 -1.2194
318.3 -0.000257915
318.4 -0.876468
318.5 -0.70907
318.6 -1.50415
318.7 -0.306079
318.8 -0.578847
318.9 -0.939014
319 0.425536
319.1 -1.5565
319.2 -0.925672
319.3 0.330869
319.4 -1.62462
319.5 -1.86309
319.6 -0.674099
319.7 -0.284687
319.8 -0.809076
319.9 -1.27709
320 1.88039
320.1 0.895835
320.2 0.895598
320.3 -0.759915
320.4 1.35359
320.5 -0.117673
320.6 1.23452
320.7 -0.520805
320.8 -0.33694
320.9 0.0772189
321 -1.27858
321.1 -0.00799915
321.2 -1.01576
321.3 0.8756
321.4 -0.860514
321.5 0.736921
321.6 0.713436
321.7 -1.57259
321.8 -2.33465
321.9 1.45212
322 -1.528
322.1 -0.746057
322.2 -0.549785
322.3 -0.825618
322.4 -0.076143
322.5 0.266417
322.6 0.014374
322.7 -2.26912
322.8 0.393706
322.9 -0.00838347
323 -0.156522
323.1 0.772287
323.2 1.14464
323.3 0.990577
323.4 2.03255
323.5 -0.966178
323.6 -1.35185
323.7 -0.759349
323.8 0.108459
323.9 -0.260545
324 0.423342
324.1 -0.896998
324.2 -0.918145
324.3 0.745905
324.4 -1.55549
324.5 -1.87347
324.6 -1.35072
324.7 -0.920316
324.8 -0.579808
324.9 -1.29674
325 0.0465554
325.1 2.12204
325.2 -0.324728
325.3 -1.74539
325.4 0.0902224
325.5 0.101528
325.6 0.687573
325.7 -0.840895
325.8 -1.23199
325.9 0.0529073
326 1.07081
326.1 0.0733817
326.2 -1.21971
326.3 -0.932802
326.4 1.22344
326.5 -0.835748
326.6 -0.170725
326.7 -1.23394
326.8 0.209174
326.9 -1.11418
327 -0.23242
327.1 -0.067533
327.2 -0.892935
327.3 -1.45054
327.4 -1.00662
327.5 0.323496
327.6 -0.847751
327.7 0.952929
327.8 0.539454
327.9 -0.0741015
328 0.571173
328.1 1.05302
328.2 0.941638
328.3 -1.29873
328.4 -0.911233
328.5 -1.1382
328.6 2.05556
328.7 -0.011862
328.8 -1.3367
328.9 0.953465
329 -1.36844
329.1 -1.35982
329.2 0.449136
329.3 0.275057
329.4 1.46443
329.5 0.113581
329.6 0.701792
329.7 0.469262
329.8 -0.070954
329.9 -1.61738
330 0.517733
330.1 0.35893
330.2 -0.922892
330.3 0.0637874
330.4 -0.778762
330.5 0.461137
330.6 0.51679
330.7 1.41596
330.8 0.997524
330.9 1.26452
331 -0.852736
331.1 0.20801
331.2 -0.310742
331.3 -0.329523
331.4 -0.699442
331.5 1.23024
331.6 -0.870001
331.7 0.394603
331.8 0.24715
331.9 -0.0192197
332 1.91525
332.1 0.65555
332.2 -0.335685
332.3 0.700137
332.4 0.223957
332.5 0.758745
332.6 -0.391858
332.7 0.0836883
332.8 1.52417
332.9 2.21254
333 -0.0338669
333.1 1.5303
333.2 -0.374038
333.3 2.13303
333.4 0.208102
333.5 -0.517033
333.6 1.31301
333.7 -0.95332
333.8 -0.913101
333.9 -1.03893
334 -0.60677
334.1 1.44327
334.2 1.21629
334.3 -1.87485
334.4 -1.56553
334.5 -0.759225
334.6 0.294781
334.7 1.01436
334.8 -0.670759
334.9 -1.0992
335 -0.676311
335.1 0.871329
335.2 0.101004
335.3 0.432828
335.4 -0.720494
335.5 -0.674278
335.6 0.847487
335.7 1.06243
335.8 0.0769677
335.9 1.94019
336 0.624359
336.1 0.846624
336.2 -1.50327
336.3 -0.511212
336.4 1.46137
336.5 -0.402106
336.6 -1.36971
336.7 1.24906
336.8 -0.552348
336.9 -1.26819
337 1.65416
337.1 -0.874382
337.2 0.181251
337.3 0.85983
337.4 0.292628
337.5 -1.11645
337.6 -0.069657
337.7 -1.13773
337.8 0.224348
337.9 -1.38755
338 -0.282262
338.1 0.454328
338.2 1.07152
338.3 -0.630266
338.4 -0.195555
338.5 -2.20159
338.6 -0.830292
338.7 0.904294
338.8 -0.898062
338.9 -1.01204
339 -0.755273
339.1 0.624795
339.2 0.158774
339.3 0.811315
339.4 0.830067
339.5 0.628745
339.6 -0.936834
339.7 -1.60413
339.8 1.44151
339.9 -0.218376
340 -0.724014
340.1 -0.770207
340.2 -0.0637669
340.3 0.715129
340.4 -0.455877
340.5 1.23451
340.6 1.9588
340.7 0.479498
340.8 -0.378711
340.9 1.04616
341 -0.774123
341.1 0.0768234
341.2 -0.435807
341.3 -0.283807
341.4 -0.377661
341.5 -0.637788
341.6 -0.868566
341.7 0.0219151
341.8 0.553812
341.9 -1.19027
342 -1.43364
342.1 0.918775
342.2 -1.35139
342.3 -1.43962
342.4 1.15201
342.5 0.263076
342.6 -0.802892
342.7 1.66676
342.8 0.628628
342.9 -0.235672
343 -0.470299
343.1 0.735657
343.2 -1.55272
343.3 2.79576
343.4 0.356209
343.5 -0.0419556
343.6 -0.424449
343.7 0.248373
343.8 1.4526
343.9 -0.0646636
344 0.435727
344.1 -0.789622
344.2 1.19231
344.3 0.480895
344.4 1.39982
344.5 -0.4207
344.6 1.02031
344.7 0.367733
344.8 -0.239719
344.9 -1.82633
345 0.49388
345.1 0.795691
345.2 0.566344
345.3 -0.474264
345.4 -0.0668588
345.5 1.28185
345.6 0.763021
345.7 1.74811
345.8 -0.26942
345.9 -1.61113
346 -0.768409
346.1 0.414359
346.2 -1.00757
346.3 1.02617
346.4 -1.14479
346.5 -0.867175
346.6 0.556393
346.7 0.495038
346.8 -0.261807
346.9 0.138166
347 0.133025
347.1 0.0562988
347.2 0.718391
347.3 1.28384
347.4 1.38084
347.5 0.742911
347.6 -0.497787
347.7 1.47216
347.8 -1.76837
347.9 0.293349
348 1.60417
348.1 -0.193673
348.2 -0.321474
348.3 0.850211
348.4 1.04658
348.5 0.413173
348.6 -1.36249
348.7 2.19413
348.8 0.641102
348.9 -0.169848
349 -1.39978
349.1 -0.973816
349.2 1.09647
349.3 -1.50865
349.4 1.12259
349.5 0.528566
349.6 -0.201249
349.7 0.362166
349.8 1.14172
349.9 -0.0952329
350 0.508932
350.1 0.527018
350.2 0.879519
350.3 0.0152102
350.4 -0.40884
350.5 -0.603898
350.6 1.05428
350.7 1.77794
350.8 -1.59985
350.9 0.309235
351 0.888474
351.1 -0.663562
351.2 0.664666
351.3 2.368
351.4 -1.87287
351.5 -0.0490901
351.6 1.05119
351.7 -0.0874309
351.8 -0.0568389
351.9 -1.42545
352 -1.14466
352.1 -1.49226
352.2 0.43924
352.3 -0.0225372
352.4 -0.842408
352.5 0.58447
352.6 -0.0580955
352.7 2.17236
352.8 -1.20975
352.9 -0.186599
353 -0.393922
353.1 0.482499
353.2 -0.595758
353.3 0.254103
353.4 -0.762405
353.5 -0.513778
353.6 -1.59024
353.7 0.828315
353.8 -1.22576
353.9 0.30073
354 0.720897
354.1 -1.5094
354.2 -0.0763921
354.3 -0.853149
354.4 1.31597
354.5 -1.88493
354.6 -0.0299052
354.7 -1.46154
354.8 -0.604322
354.9 0.253793
355 -0.445958
355.1 1.0221
355.2 -0.198629
355.3 -1.61784
355.4 -0.744529
355.5 0.309461
355.6 -1.84596
355.7 0.0366422
355.8 -0.573162
355.9 -1.11363
356 -2.29486
356.1 -1.8675
356.2 0.769544
356.3 -1.88675
356.4 0.367084
356.5 -0.286224
356.6 -1.9697
356.7 2.52604
356.8 -1.19378
356.9 0.113117
357 -1.92679
357.1 0.862684
357.2 -0.602454
357.3 -1.82904
357.4 -0.744911
357.5 -0.670595
357.6 1.22912
357.7 0.559317
357.8 0.0266568
357.9 -0.698191
358 -0.919483
358.1 1.06749
358.2 -1.52072
358.3 1.01551
358.4 -0.697242
358.5 0.135938
358.6 -0.274188
358.7 -0.633647
358.8 -1.02225
358.9 -2.56523
359 0.631156
359.1 1.26856
359.2 1.26731
359.3 -1.17784
359.4 -0.372831
359.5 0.825685
359.6 0.276141
359.7 -0.146887
359.8 -0.62287
359.9 1.24379
360 0.828758
360.1 0.171867
360.2 -0.967379
360.3 -1.15669
360.4 -0.397227
360.5 0.733989
360.6 0.640409
360.7 1.46291
360.8 -0.703612
360.9 -0.727887
361 0.261167
361.1 -2.01612
361.2 -0.116058
361.3 0.827656
361.4 0.43839
361.5 1.81982
361.6 -0.287891
361.7 0.543652
361.8 0.906056
361.9 0.865609
362 0.759573
362.1 1.02645
362.2 -0.412145
362.3 0.428884
362.4 -0.440642
362.5 -1.93135
362.6 0.870285
362.7 -2.02564
362.8 1.65382
362.9 1.43973
363 -0.925638
363.1 -1.56486
363.2 -1.43768
363.3 1.14717
363.4 -1.04618
363.5 1.32603
363.6 -0.379657
363.7 -2.2335
363.8 -2.02103
363.9 -0.225933
364 -0.228827
364.1 0.726438
364.2 0.755295
364.3 0.349311
364.4 -1.24175
364.5 -0.551607
364.6 1.10245
364.7 -2.30413
364.8 -1.47989
364.9 -0.31375
365 0.347008
365.1 -0.440154
365.2 0.517461
365.3 1.23755
365.4 0.235587
365.5 0.0334292
365.6 0.425872
365.7 1.10624
365.8 0.682626
365.9 0.272684
366 -1.09325
366.1 0.190983
366.2 -0.501588
366.3 0.936349
366.4 0.0157127
366.5 0.226941
366.6 -0.360432
366.7 0.0721888
366.8 0.824316
366.9 -0.318475
367 0.558265
367.1 -1.66829
367.2 -1.13329
367.3 -0.895896
367.4 -0.505092
367.5 1.93723
367.6 0.438024
367.7 -0.444992
367.8 -0.235389
367.9 0.7832
368 0.237583
368.1 -1.07828
368.2 -2.14313
368.3 -2.79704
368.4 0.17206
368.5 0.430076
368.6 -2.36287
368.7 1.66394
368.8 -0.362612
368.9 0.862533
369 0.760878
369.1 0.361976
369.2 -1.40995
369.3 -1.44655
369.4 0.729561
369.5 -0.579065
369.6 0.872273
369.7 -0.791087
369.8 1.30601
369.9 -2.20356
370 1.73558
370.1 -0.657833
370.2 -0.0973374
370.3 -0.17195
370.4 -1.19958
370.5 1.59757
370.6 -1.12183
370.7 1.43396
370.8 0.549183
370.9 1.1683
371 -0.748612
371.1 -2.24079
371.2 0.0479109
371.3 -0.602853
371.4 -0.0999101
371.5 0.798303
371.6 -1.30552
371.7 0.323109
371.8 -0.910535
371.9 1.51405
372 -1.40002
372.1 0.753338
372.2 -0.233763
372.3 -0.00825007
372.4 -1.13412
372.5 1.63948
372.6 -0.433479
372.7 -1.49846
372.8 1.34068
372.9 1.2464
373 1.00777
373.1 0.250746
373.2 0.293802
373.3 2.3159
373.4 -0.972231
373.5 0.341456
373.6 0.853753
373.7 -0.624472
373.8 0.859209
373.9 0.845433
374 -0.694459
374.1 -0.451819
374.2 0.477054
374.3 0.36509
374.4 1.67415
374.5 -0.864503
374.6 1.23225
374.7 -0.369132
374.8 0.873501
374.9 -1.17636
375 1.49268
375.1 -1.38989
375.2 -1.09915
375.3 -0.660237
375.4 -0.407302
375.5 1.31795
375.6 1.35187
375.7 0.824864
375.8 -1.0524
375.9 1.43913
376 -0.97215
376.1 -0.427694
376.2 0.279522
376.3 -2.0439
376.4 -0.292019
376.5 0.0945485
376.6 0.451363
376.7 -0.213415
376.8 0.939773
376.9 0.206261
377 -0.786106
377.1 -0.330521
377.2 -0.282014
377.3 -1.91565
377.4 0.516601
377.5 -2.56752
377.6 0.797526
377.7 -1.54515
377.8 0.153484
377.9 1.77612
378 0.110877
378.1 -1.29677
378.2 -0.837887
378.3 0.177227
378.4 -1.55676
378.5 -0.0497671
378.6 1.90392
378.7 -0.849196
378.8 -0.541754
378.9 -1.83894
379 1.09801
379.1 -0.765194
379.2 0.745209
379.3 1.02027
379.4 0.56417
379.5 -0.893873
379.6 0.279139
379.7 1.19244
379.8 -0.998316
379.9 0.936173
380 0.00704157
380.1 0.318561
380.2 -1.88086
380.3 -0.361981
380.4 -0.530753
380.5 0.273299
380.6 -0.266121
380.7 2.82425
380.8 -0.211566
380.9 0.1425
381 -1.52535
381.1 -1.03018
381.2 0.66259
381.3 1.69828
381.4 1.13787
381.5 -0.0293418
381.6 -0.184146
381.7 -1.23626
381.8 0.39669
381.9 0.345186
382 -0.737583
382.1 -0.653831
382.2 -0.889022
382.3 -0.606626
382.4 -0.0634476
382.5 1.65061
382.6 0.616359
382.7 0.385672
382.8 -0.640822
382.9 1.82906
383 -2.08746
383.1 0.661578
383.2 -1.05476
383.3 0.22461
383.4 -1.14814
383.5 0.0779
383.6 -1.00146
383.7 0.473546
383.8 0.219079
383.9 0.500398
384 1.35812
384.1 1.59506
384.2 -0.318092
384.3 1.32639
384.4 1.09743
384.5 0.320296
384.6 0.956586
384.7 0.509051
384.8 -0.791593
384.9 0.530532
385 -1.18617
385.1 0.463138
385.2 0.0733656
385.3 0.122842
385.4 -0.480974
385.5 -0.806539
385.6 0.466631
385.7 0.62449
385.8 -0.1933
385.9 2.39036
386 0.926784
386.1 1.54591
386.2 -0.261187
386.3 -0.514925
386.4 0.484331
386.5 -0.0103056
386.6 0.128825
386.7 0.341487
386.8 -1.62542
386.9 -0.943036
387 1.09948
387.1 0.139332
387.2 1.26618
387.3 0.807554
387.4 0.801281
387.5 -1.27493
387.6 -0.218533
387.7 -0.289066
387.8 0.811118
387.9 -0.90144
388 -0.393747
388.1 1.68169
388.2 -1.30138
388.3 1.28175
388.4 0.196032
388.5 0.24401
388.6 -0.616301
388.7 -1.47604
388.8 2.18747
388.9 0.142159
389 -2.48972
389.1 -1.4513
389.2 -1.41158
389.3 -1.10456
389.4 1.4479
389.5 -1.56884
389.6 -1.27517
389.7 1.33704
389.8 -0.854932
389.9 0.267068
390 0.724684
390.1 -0.399998
390.2 0.542742
390.3 -1.03862
390.4 2.28785
390.5 -0.841417
390.6 0.608162
390.7 -1.8698
390.8 -0.257085
390.9 0.974712
391 0.689174
391.1 0.366193
391.2 0.965929
391.3 0.376419
391.4 0.0444032
391.5 0.325682
391.6 -1.07455
391.7 -1.06829
391.8 0.531864
391.9 0.968062
392 -0.0276362
392.1 -0.401305
392.2 -0.328814
392.3 -1.51968
392.4 0.296063
392.5 1.59206
392.6 0.105245
392.7 -0.0228341
392.8 1.82182
392.9 2.40587
393 0.772917
393.1 -0.0549882
393.2 0.0187378
393.3 -0.111918
393.4 -0.101227
393.5 0.532315
393.6 0.171975
393.7 0.44337
393.8 -0.174437
393.9 1.42137
394 1.60936
394.1 0.612257
394.2 -0.454703
394.3 -1.25141
394.4 -0.898051
394.5 -1.58451
394.6 0.538312
394.7 0.289513
394.8 -1.6446
394.9 1.36053
395 1.96593
395.1 -0.359023
395.2 -1.20351
395.3 0.336049
395.4 -0.514665
395.5 1.0052
395.6 1.68705
395.7 0.566
395.8 1.14554
395.9 -0.79734
396 -1.52282
396.1 2.08841
396.2 -0.225088
396.3 -0.627602
396.4 -0.77169
396.5 0.985073
396.6 0.601913
396.7 0.118447
396.8 0.881728
396.9 -2.01949
397 -0.953735
397.1 -0.552137
397.2 -0.544053
397.3 1.29691
397.4 -1.38595
397.5 -0.661008
397.6 -0.377413
397.7 0.3365
397.8 0.549639
397.9 -0.908762
398 -0.82273
398.1 -1.02775
398.2 -1.29972
398.3 -1.22837
398.4 1.67625
398.5 1.2064
398.6 0.987456
398.7 -0.523725
398.8 -0.774395
398.9 -0.678176
399 -0.89593
399.1 1.04317
399.2 1.33484
399.3 -0.743328
399.4 -0.560549
399.5 1.10646
399.6 -0.070833
399.7 0.0871001
399.8 0.292971
399.9 -0.589698
400 0.240616
400.1 -1.23076
400.2 1.15378
400.3 -1.849
400.4 -0.974711
400.5 1.2945
400.6 -0.912126
400.7 -1.75458
400.8 -1.2316
400.9 -0.188722
401 -1.72373
401.1 -0.799693
401.2 -0.199788
401.3 0.615808
401.4 1.28558
401.5 -0.118404
401.6 0.82551
401.7 0.100515
401.8 0.180262
401.9 1.79855
402 0.672469
402.1 -1.12316
402.2 -1.01232
402.3 1.10747
402.4 0.889087
402.5 1.1045
402.6 0.688358
402.7 -0.131217
402.8 0.727141
402.9 -0.67334
403 -0.434853
403.1 0.400005
403.2 1.88682
403.3 0.976042
403.4 -0.570519
403.5 -0.129406
403.6 -0.017184
403.7 -1.69743
403.8 0.696922
403.9 -2.41294
404 -0.547371
404.1 1.3461
404.2 -0.387612
404.3 2.26406
404.4 0.750116
404.5 -0.106991
404.6 1.52929
404.7 -0.434896
404.8 0.140267
404.9 -0.949149
405 0.536043
405.1 -0.436862
405.2 -0.859093
405.3 -0.567912
405.4 -1.83003
405.5 -0.654894
405.6 -0.340454
405.7 -0.364154
405.8 -1.30215
405.9 -1.40204
406 -0.600658
406.1 2.09335
406.2 0.216878
406.3 0.696248
406.4 0.239382
406.5 -1.06119
406.6 1.89639
406.7 -0.0354853
406.8 -0.295985
406.9 -1.48079
407 0.770434
407.1 -0.951787
407.2 -1.36536
407.3 0.795452
407.4 -1.51175
407.5 -0.425732
407.6 0.944714
407.7 -1.54842
407.8 1.07726
407.9 2.22352
408 -1.72234
408.1 -0.191456
408.2 -1.21078
408.3 -0.217833
408.4 0.615293
408.5 1.20996
408.6 0.480496
408.7 -0.969021
408.8 0.525612
408.9 0.437074
409 0.422942
409.1 -0.421702
409.2 -0.52467
409.3 -1.00258
409.4 -0.81425
409.5 -2.41857
409.6 1.68893
409.7 0.916643
409.8 -0.478847
409.9 0.228751
410 -1.25963
410.1 -2.27627
410.2 -0.979267
410.3 -0.394793
410.4 0.314572
410.5 -0.442563
410.6 -0.455439
410.7 1.16271
410.8 1.62612
410.9 -1.06122
411 -0.347636
411.1 -0.612189
411.2 -0.617601
411.3 1.03481
411.4 0.213177
411.5 1.80863
411.6 -0.661492
411.7 1.90455
411.8 1.48431
411.9 -0.691633
412 1.03006
412.1 -1.56834
412.2 -0.38418
412.3 0.192653
412.4 1.0467
412.5 0.271802
412.6 -0.138813
412.7 -0.147927
412.8 -0.450871
412.9 1.3711
413 0.826276
413.1 1.98704
413.2 -1.04156
413.3 0.57218
413.4 -0.218813
413.5 -0.596467
413.6 -0.911551
413.7 0.288921
413.8 0.863994
413.9 -0.742707
414 0.510279
414.1 1.19815
414.2 -1.63956
414.3 -1.13491
414.4 1.60621
414.5 0.0236668
414.6 -0.0485491
414.7 -0.0570169
414.8 -0.568711
414.9 0.387893
415 0.223347
415.1 -2.09366
415.2 0.569717
415.3 1.58234
415.4 -1.54618
415.5 -1.45489
415.6 0.465492
415.7 -1.65391
415.8 1.17193
415.9 0.264295
416 -1.37804
416.1 1.96977
416.2 -0.801178
416.3 -0.526172
416.4 -0.642716
416.5 -1.0492
416.6 -1.32646
416.7 -1.77639
416.8 2.34936
416.9 -1.22394
417 1.00497
417.1 1.31853
417.2 0.418536
417.3 -0.365398
417.4 -1.4471
417.5 -1.76156
417.6 1.0504
417.7 -1.99333
417.8 0.595401
417.9 -0.406146
418 -0.985988
418.1 -0.334217
418.2 -3.31481
418.3 0.00187171
418.4 0.135248
418.5 -0.385441
418.6 1.57913
418.7 0.615814
418.8 0.922625
418.9 0.615964
419 0.0954496
419.1 1.62566
419.2 -0.394673
419.3 2.11865
419.4 0.0874899
419.5 -1.72574
419.6 -1.24665
419.7 1.23704
419.8 2.41195
419.9 0.715675
420 0.325089
420.1 -0.280319
420.2 -1.72041
420.3 0.726567
420.4 0.858149
420.5 -0.230758
420.6 0.134605
420.7 -0.216543
420.8 -0.0640396
420.9 -0.171184
421 0.30792
421.1 0.00867655
421.2 1.25057
421.3 -0.827273
421.4 -1.6514
421.5 1.84904
421.6 1.41792
421.7 -0.673486
421.8 1.36396
421.9 1.13312
422 -1.47726
422.1 0.0681792
422.2 -1.57388
422.3 1.1226
422.4 -0.0412137
422.5 -0.389712
422.6 1.44751
422.7 0.179056
422.8 -0.794372
422.9 -0.778304
423 -1.0068
423.1 -2.34997
423.2 0.763926
423.3 -0.147705
423.4 -0.284416
423.5 -1.1162
423.6 0.453778
423.7 -0.897051
423.8 -1.31909
423.9 -0.306848
424 -0.257188
424.1 1.48758
424.2 0.994959
424.3 1.0785
424.4 1.03908
424.5 0.621366
424.6 -0.0632779
424.7 -0.784068
424.8 0.467548
424.9 -1.66269
425 -0.778975
425.1 -0.139953
425.2 -1.35115
425.3 -0.315246
425.4 1.67105
425.5 0.768893
425.6 0.489296
425.7 0.324328
425.8 0.576274
425.9 -0.71343
426 0.0720108
426.1 0.775083
426.2 -0.908134
426.3 0.469823
426.4 0.515684
426.5 -0.392879
426.6 -0.71283
426.7 -1.66969
426.8 0.0119559
426.9 0.661004
427 -1.04224
427.1 -1.12403
427.2 0.303294
427.3 0.325801
427.4 -2.1612
427.5 1.60071
427.6 1.38158
427.7 -0.732065
427.8 -0.305549
427.9 -0.589717
428 -2.26521
428.1 0.414365
428.2 -0.809599
428.3 0.829477
428.4 -0.728341
428.5 0.421597
428.6 -0.939664
428.7 -0.324285
428.8 1.26052
428.9 0.864682
429 -1.17549
429.1 0.497467
429.2 0.665826
429.3 -0.744176
429.4 -0.129441
429.5 -0.234287
429.6 -1.17369
429.7 -1.0078
429.8 -0.604432
429.9 0.977686
430 -1.81771
430.1 -0.719545
430.2 0.0335442
430.3 -0.558996
430.4 -0.482931
430.5 0.316908
430.6 -0.60028
430.7 -0.0441577
430.8 0.206982
430.9 0.989224
431 0.19858
431.1 -0.395227
431.2 -1.67647
431.3 1.20526
431.4 1.08984
431.5 -1.13241
431.6 0.363427
431.7 0.219603
431.8 -0.675436
431.9 -2.18698
432 0.619914
432.1 -0.670761
432.2 1.91363
432.3 -1.35913
432.4 0.00392868
432.5 0.235828
432.6 2.57932
432.7 0.510565
432.8 0.878416
432.9 -0.352011
433 1.30833
433.1 0.0382769
433.2 -0.943484
433.3 1.42699
433.4 1.41603
433.5 -2.17053
433.6 -1.51136
433.7 -1.36033
433.8 0.645713
433.9 -1.03632
434 0.602096
434.1 0.879895
434.2 -1.2052
434.3 -0.345778
434.4 0.479911
434.5 0.135658
434.6 -0.352143
434.7 0.462498
434.8 0.903256
434.9 -0.417887
435 1.86069
435.1 -0.392514
435.2 -1.11426
435.3 0.0884094
435.4 2.21307
435.5 -1.70544
435.6 0.0398041
435.7 -1.05841
435.8 1.36695
435.9 1.54039
436 -1.55462
436.1 1.71471
436.2 -1.35868
436.3 -0.237587
436.4 -0.704035
436.5 -2.20449
436.6 2.09616
436.7 -0.64214
436.8 -0.970403
436.9 -0.712542
437 0.207844
437.1 0.401039
437.2 0.0239026
437.3 -1.49487
437.4 -0.0450316
437.5 0.171586
437.6 -1.25973
437.7 1.67399
437.8 -0.816116
437.9 0.733691
438 0.0445532
438.1 -1.0217
438.2 1.19796
438.3 0.74363
438.4 0.082857
438.5 -2.01231
438.6 1.30821
438.7 0.8715
438.8 0.0262408
438.9 -0.661244
439 -0.617953
439.1 -0.800248
439.2 -0.822492
439.3 1.20247
439.4 -1.31877
439.5 -0.00234778
439.6 -0.948609
439.7 -1.94088
439.8 0.868179
439.9 -0.0627997
440 -1.51318
440.1 0.0478721
440.2 -1.08419
440.3 -0.684696
440.4 0.531955
440.5 0.224251
440.6 0.80404
440.7 -0.878321
440.8 -1.59339
440.9 0.853215
441 0.0657442
441.1 -0.571562
441.2 -0.590179
441.3 -0.365356
441.4 0.499713
441.5 1.68599
441.6 -0.0147329
441.7 -1.44475
441.8 -0.65089
441.9 -0.118297
442 -1.46781
442.1 1.05391
442.2 -2.68193
442.3 0.165048
442.4 -0.547558
442.5 -2.84179
442.6 0.620944
442.7 -0.0154251
442.8 0.859743
442.9 0.983034
443 0.266009
443.1 -0.197385
443.2 0.388535
443.3 -0.144642
443.4 1.97365
443.5 0.885855
443.6 1.34208
443.7 1.17751
443.8 -1.2214
443.9 -0.474911
444 -1.39316
444.1 -0.717085
444.2 -0.833435
444.3 -0.664606
444.4 -0.0608606
444.5 0.989158
444.6 -0.599567
444.7 0.806132
444.8 -0.683359
444.9 -1.28212
445 0.504836
445.1 -0.659181
445.2 -0.537972
445.3 -1.96919
445.4 -0.204287
445.5 0.0983064
445.6 -0.845942
445.7 -0.53458
445.8 2.016
445.9 0.118264
446 -0.185158
446.1 -2.31197
446.2 1.6072
446.3 -1.57847
446.4 -1.56536
446.5 -0.7933
446.6 -1.99662
446.7 -1.90549
446.8 -0.304528
446.9 -0.0516899
447 -2.63561
447.1 0.953917
447.2 -0.816432
447.3 -0.0138671
447.4 -1.05693
447.5 -0.609785
447.6 -0.507828
447.7 -0.660618
447.8 1.21072
447.9 -2.16132
448 -1.52001
448.1 -1.08829
448.2 1.47971
448.3 -0.358554
448.4 -0.557439
448.5 -2.51177
448.6 -0.156437
448.7 2.82484
448.8 0.205691
448.9 0.32123
449 -0.301655
449.1 2.73891
449.2 -0.196463
449.3 0.59336
449.4 0.615626
449.5 -0.426088
449.6 -1.02198
449.7 -0.78067
449.8 -0.853816
449.9 1.79392
450 -0.603548
450.1 0.897999
450.2 -1.33423
450.3 -0.0375645
450.4 -0.357958
450.5 0.13977
450.6 -1.56162
450.7 0.0362039
450.8 -0.156533
450.9 -0.0787887
451 0.299738
451.1 -0.0802516
451.2 -1.23668
451.3 -0.198272
451.4 1.30333
451.5 -1.99389
451.6 -0.781556
451.7 0.239888
451.8 -1.12667
451.9 0.550201
452 0.638634
452.1 0.937348
452.2 -0.385182
452.3 -1.09631
452.4 -1.2883
452.5 0.85226
452.6 0.869022
452.7 0.579397
452.8 -0.756419
452.9 -0.381407
453 -0.656504
453.1 1.0928
453.2 0.0467873
453.3 -0.698584
453.4 -1.66391
453.5 2.34338
453.6 2.37442
453.7 0.0928501
453.8 0.959056
453.9 0.591155
454 -1.10024
454.1 -0.27694
454.2 0.223644
454.3 0.465408
454.4 -1.28483
454.5 -0.162857
454.6 0.533444
454.7 0.48117
454.8 0.45736
454.9 -2.67336
455 2.27365
455.1 -0.486774
455.2 1.99088
455.3 0.506234
455.4 -0.0193
455.5 -0.357311
455.6 -0.281221
455.7 -0.889717
455.8 -0.474775
455.9 -2.45485
456 1.15951
456.1 1.98744
456.2 -1.01489
456.3 0.893424
456.4 -0.236594
456.5 1.3414
456.6 -0.118646
456.7 -2.58776
456.8 1.17986
456.9 -0.636838
457 -0.867479
457.1 0.829166
457.2 -0.343921
457.3 1.64931
457.4 -0.178018
457.5 0.0543095
457.6 0.257589
457.7 0.155284
457.8 -0.702681
457.9 1.76635
458 1.17719
458.1 -0.435446
458.2 0.0644081
458.3 -1.13974
458.4 0.498106
458.5 1.93471
458.6 -0.447439
458.7 0.692816
458.8 -1.12696
458.9 -1.43926
459 -0.898138
459.1 0.46538
459.2 -1.79397
459.3 0.194405
459.4 -1.8112
459.5 -0.269215
459.6 -0.906284
459.7 2.25996
459.8 2.19494
459.9 1.26954
460 -1.35654
460.1 0.995482
460.2 -0.234224
460.3 1.0585
460.4 2.35374
460.5 0.196668
460.6 0.408354
460.7 -1.19179
460.8 0.483814
460.9 2.3207
461 -0.445073
461.1 1.32731
461.2 -0.392933
461.3 0.968664
461.4 0.201792
461.5 -1.90323
461.6 -0.831124
461.7 1.12707
461.8 -0.594856
461.9 -0.12485
462 -0.988561
462.1 0.542014
462.2 -0.862433
462.3 -2.08469
462.4 -0.121127
462.5 -0.288388
462.6 -2.25983
462.7 0.251221
462.8 -1.64313
462.9 -0.584696
463 -0.540814
463.1 0.664547
463.2 1.01143
463.3 -0.644708
463.4 -1.10535
463.5 -1.2604
463.6 0.00872633
463.7 -0.000787454
463.8 0.777028
463.9 2.05268
464 -1.5842
464.1 -0.43657
464.2 1.57123
464.3 -0.102648
464.4 -1.53923
464.5 -0.531173
464.6 -0.374433
464.7 1.18841
464.8 -0.762168
464.9 0.0428225
465 -0.151086
465.1 -0.180304
465.2 0.17734
465.3 -0.378468
465.4 -1.00877
465.5 1.22373
465.6 -0.4979
465.7 -1.42388
465.8 -1.61031
465.9 -0.626877
466 -0.841081
466.1 0.115195
466.2 -1.28608
466.3 -0.682603
466.4 2.50803
466.5 -1.18999
466.6 0.522662
466.7 0.147233
466.8 0.266949
466.9 1.16104
467 0.656179
467.1 -1.03842
467.2 -0.12542
467.3 1.07431
467.4 -0.741411
467.5 -1.1471
467.6 0.943252
467.7 0.856807
467.8 1.51867
467.9 -1.35352
468 -0.0252592
468.1 -1.23067
468.2 0.808649
468.3 0.356771
468.4 -0.901269
468.5 0.194162
468.6 -0.0861889
468.7 0.141601
468.8 -0.382044
468.9 0.861972
469 2.0827
469.1 -1.10174
469.2 0.737433
469.3 1.76043
469.4 1.38755
469.5 -1.05884
469.6 -0.969177
469.7 1.14804
469.8 -0.323026
469.9 -0.667518
470 -0.69741
470.1 1.87681
470.2 0.654495
470.3 0.922623
470.4 -0.358317
470.5 -1.53074
470.6 0.507089
470.7 -0.465169
470.8 1.10672
470.9 -0.303867
471 0.722508
471.1 -0.331489
471.2 0.37328
471.3 1.63297
471.4 -0.534962
471.5 -0.402551
471.6 -0.756794
471.7 -1.32252
471.8 0.900429
471.9 -0.256611
472 1.22358
472.1 1.00576
472.2 -0.145413
472.3 0.359371
472.4 1.75194
472.5 -0.779564
472.6 1.18777
472.7 -2.43512
472.8 1.54624
472.9 0.505086
473 1.14464
473.1 -0.242981
473.2 -0.35444
473.3 -1.21982
473.4 -1.12705
473.5 -0.0888026
473.6 -0.0590505
473.7 -0.191935
473.8 -0.366341
473.9 -0.026553
474 -1.0961
474.1 -2.07374
474.2 0.555689
474.3 -0.681417
474.4 -0.00331734
474.5 0.716248
474.6 -0.453472
474.7 -0.121351
474.8 -0.920587
474.9 1.1519
475 0.116268
475.1 -0.910942
475.2 2.19618
475.3 -0.63445
475.4 -0.0338441
475.5 0.658697
475.6 1.5958
475.7 -0.956126
475.8 1.24306
475.9 -0.0461775
476 -0.79507
476.1 -0.166357
476.2 -0.533697
476.3 -0.559335
476.4 -1.0974
476.5 1.17086
476.6 -0.0325514
476.7 1.89679
476.8 -1.20356
476.9 -1.50447
477 0.896626
477.1 0.61367
477.2 0.10824
477.3 -1.75429
477.4 1.69678
477.5 -0.885118
477.6 2.80816
477.7 -0.266852
477.8 -1.45398
477.9 0.103706
478 -0.251332
478.1 -2.15145
478.2 -0.640736
478.3 0.409191
478.4 -0.918889
478.5 -1.21212
478.6 -1.11304
478.7 0.345153
478.8 1.13524
478.9 0.483083
479 1.0691
479.1 0.0482382
479.2 -0.667363
479.3 0.383832
479.4 0.977942
479.5 0.82015
479.6 -1.81178
479.7 0.929575
479.8 -0.604641
479.9 -1.09536
480 -1.26966
480.1 1.39533
480.2 0.577848
480.3 0.734412
480.4 -0.145234
480.5 0.891863
480.6 0.279079
480.7 0.0891312
480.8 0.39379
480.9 0.259759
481 -1.31022
481.1 0.378944
481.2 0.952435
481.3 -1.07323
481.4 -0.728094
481.5 1.06367
481.6 -1.01417
481.7 0.520633
481.8 -1.28425
481.9 0.847593
482 -0.716918
482.1 0.596347
482.2 -0.285202
482.3 -0.499082
482.4 -0.0902968
482.5 0.816802
482.6 0.310993
482.7 -0.760204
482.8 0.0862424
482.9 0.580636
483 0.823882
483.1 0.00344406
483.2 -0.140392
483.3 0.992557
483.4 -0.486564
483.5 0.23751
483.6 -1.77897
483.7 0.459028
483.8 0.400457
483.9 -1.03078
484 -0.00349378
484.1 1.10571
484.2 -0.084569
484.3 -0.837885
484.4 2.4972
484.5 2.18495
484.6 0.411758
484.7 -0.353137
484.8 1.27452
484.9 -0.0974825
485 1.19277
485.1 0.62824
485.2 0.504761
485.3 0.39035
485.4 0.59527
485.5 -1.18251
485.6 -0.800462
485.7 -1.02494
485.8 0.818985
485.9 0.178829
486 -0.619317
486.1 -0.835097
486.2 0.670066
486.3 0.37042
486.4 -0.155189
486.5 1.45752
486.6 -0.795759
486.7 -0.696178
486.8 0.0721825
486.9 -1.00523
487 -1.52556
487.1 -0.0601484
487.2 1.12812
487.3 1.33295
487.4 -0.218666
487.5 -1.74541
487.6 -0.617294
487.7 0.809788
487.8 0.613449
487.9 2.64788
488 0.865542
488.1 -0.623595
488.2 -0.67177
488.3 -0.851132
488.4 -0.93006
488.5 0.321889
488.6 -0.545338
488.7 -1.59509
488.8 -0.244583
488.9 1.11391
489 0.0819906
489.1 0.412023
489.2 0.899041
489.3 -0.881203
489.4 0.260455
489.5 0.312823
489.6 -1.63577
489.7 -0.137285
489.8 -0.591653
489.9 0.28205
490 0.757702
490.1 -1.09704
490.2 -0.558281
490.3 0.400052
490.4 -0.0316918
490.5 1.13898
490.6 0.235695
490.7 -0.53108
490.8 1.42084
490.9 -0.551487
491 1.10095
491.1 -0.170628
491.2 -0.204597
491.3 0.81565
491.4 0.944402
491.5 -0.960434
491.6 -0.137667
491.7 0.0343493
491.8 -1.64126
491.9 1.1067
492 -1.18947
492.1 0.362988
492.2 -1.65443
492.3 -0.399877
492.4 -1.403
492.5 -2.12063
492.6 -0.593856
492.7 -2.24125
492.8 -1.00794
492.9 -1.44408
493 -1.24583
493.1 -1.31165
493.2 0.399279
493.3 -0.60924
493.4 -0.113312
493.5 0.897484
493.6 -1.01506
493.7 0.78166
493.8 0.960217
493.9 1.5899
494 -0.573465
494.1 -0.330528
494.2 -1.49918
494.3 -0.427404
494.4 1.0955
494.5 1.52718
494.6 -1.39052
494.7 1.32882
494.8 0.130036
494.9 -0.981895
495 1.18077
495.1 0.0627767
495.2 0.393203
495.3 -0.627243
495.4 0.910706
495.5 -0.586606
495.6 0.616306
495.7 1.81302
495.8 0.602289
495.9 -0.853753
496 -1.20714
496.1 -0.596043
496.2 1.1866
496.3 0.117171
496.4 -0.582363
496.5 1.1456
496.6 0.197065
496.7 0.641083
496.8 1.41854
496.9 1.87073
497 0.0482377
497.1 2.24461
497.2 -0.509365
497.3 0.492457
497.4 0.369043
497.5 0.233542
497.6 -0.57426
497.7 -0.344373
497.8 -0.680272
497.9 -0.938764
498 1.82793
498.1 1.57544
498.2 0.839908
498.3 1.57133
498.4 0.828935
498.5 0.150014
498.6 0.62557
498.7 -0.605086
498.8 1.17737
498.9 -0.821558
499 -0.523869
499.1 -2.52406
499.2 -0.0295638
499.3 1.71916
499.4 0.258832
499.5 -1.57664
499.6 0.710506
499.7 0.739636
499.8 0.115839
499.9 0.561811
