0 -1.34891
0.1 0.0554055
0.2 1.70057
0.3 -1.43555
0.4 2.34704
0.5 -1.10254
0.6 0.0789653
0.7 2.77001
0.8 -1.52088
0.9 -2.26412
1 0.639942
1.1 -1.47592
1.2 -0.674665
1.3 -1.12002
1.4 2.33944
1.5 -1.4139
1.6 1.44733
1.7 1.65915
1.8 -0.870776
1.9 1.13746
2 0.156732
2.1 -0.478925
2.2 -0.452614
2.3 -1.182
2.4 -0.508129
2.5 -1.35115
2.6 0.754311
2.7 0.896809
2.8 0.541766
2.9 -1.30325
3 1.34803
3.1 -0.549778
3.2 0.485892
3.3 -0.422979
3.4 1.40684
3.5 -0.00389993
3.6 0.308958
3.7 0.644933
3.8 -0.551497
3.9 1.41915
4 0.180129
4.1 -0.64063
4.2 -0.203008
4.3 1.18251
4.4 0.608026
4.5 -1.43942
4.6 0.313621
4.7 -0.759317
4.8 0.773137
4.9 -0.789556
5 2.37118
5.1 0.252211
5.2 -1.81737
5.3 -1.60887
5.4 -0.24159
5.5 0.852233
5.6 -0.353582
5.7 -0.17007
5.8 -0.748697
5.9 -2.39635
6 -0.178421
6.1 0.835739
6.2 1.43031
6.3 0.818838
6.4 -0.0222215
6.5 1.13008
6.6 1.47766
6.7 -0.322051
6.8 1.07563
6.9 -0.62589
7 1.68469
7.1 1.27238
7.2 0.933607
7.3 0.826733
7.4 1.54244
7.5 2.17931
7.6 1.85105
7.7 -1.14084
7.8 -0.446729
7.9 -1.52631
8 -0.134386
8.1 -0.558908
8.2 -0.355848
8.3 0.691026
8.4 -2.81884
8.5 -1.95
8.6 -0.00740745
8.7 0.944476
8.8 -1.89621
8.9 2.75494
9 -0.387922
9.1 0.107426
9.2 -1.42062
9.3 -1.66295
9.4 -0.273806
9.5 -0.892329
9.6 -0.38421
9.7 -2.38046
9.8 1.31586
9.9 -1.47458
10 -0.10154
10.1 -0.45314
10.2 0.357773
10.3 -1.24415
10.4 1.18454
10.5 0.595503
10.6 -0.0580948
10.7 2.32248
10.8 -1.25556
10.9 -1.41083
11 1.78758
11.1 -0.441852
11.2 -0.211825
11.3 -0.81007
11.4 0.715051
11.5 -1.88578
11.6 -1.45283
11.7 -1.94951
11.8 1.13308
11.9 0.236859
12 -0.524427
12.1 -0.491314
12.2 -1.17183
12.3 1.87565
12.4 -0.513392
12.5 0.862061
12.6 1.39215
12.7 -0.198365
12.8 1.43452
12.9 -0.585293
13 -1.83082
13.1 1.81935
13.2 -0.52693
13.3 -3.23635
13.4 1.80719
13.5 2.17517
13.6 1.24018
13.7 1.41801
13.8 0.28742
13.9 -0.873352
14 0.28495
14.1 1.14415
14.2 -0.61787
14.3 0.105464
14.4 0.817822
14.5 -0.54823
14.6 0.744167
14.7 2.13046
14.8 -0.836754
14.9 1.15436
15 2.39435
15.1 -0.0510502
15.2 2.77696
15.3 0.448853
15.4 1.61194
15.5 -0.918563
15.6 0.65351
15.7 0.432878
15.8 -1.94935
15.9 2.00979
16 -0.850768
16.1 0.899608
16.2 0.225794
16.3 -1.68597
16.4 2.01469
16.5 0.301356
16.6 -0.348136
16.7 1.23882
16.8 -0.371871
16.9 -2.47687
17 0.496872
17.1 -0.439346
17.2 -0.799486
17.3 0.367707
17.4 -0.7006
17.5 -1.10931
17.6 2.33407
17.7 1.1172
17.8 -1.11791
17.9 2.02481
18 1.323
18.1 1.53269
18.2 0.106531
18.3 -0.677645
18.4 1.34473
18.5 0.341049
18.6 -2.19744
18.7 -0.25461
18.8 -0.266896
18.9 0.872754
19 0.589237
19.1 -1.03428
19.2 1.47881
19.3 0.533183
19.4 1.01212
19.5 -0.779226
19.6 -0.350711
19.7 1.92006
19.8 -0.702397
19.9 -1.77143
20 1.05043
20.1 -1.82629
20.2 -0.374907
20.3 -0.747328
20.4 -0.631688
20.5 1.27026
20.6 -1.41516
20.7 -2.02871
20.8 0.0764781
20.9 -1.40732
21 0.94905
21.1 0.0629284
21.2 2.00764
21.3 1.30617
21.4 1.46621
21.5 -0.914901
21.6 -1.78835
21.7 -1.62479
21.8 -1.35803
21.9 1.04382
22 -2.49842
22.1 0.469646
22.2 -0.0366142
22.3 -1.9411
22.4 1.70753
22.5 -1.04034
22.6 1.17495
22.7 -1.24368
22.8 -1.08328
22.9 0.49701
23 -1.26089
23.1 -2.04433
23.2 -0.437548
23.3 1.1527
23.4 1.32525
23.5 0.170597
23.6 -0.654083
23.7 -0.742048
23.8 1.14776
23.9 -1.62239
24 1.4033
24.1 -2.28567
24.2 1.49143
24.3 0.144948
24.4 -0.879039
24.5 -0.117041
24.6 0.0212286
24.7 1.72931
24.8 -1.42505
24.9 -2.38391
25 1.37078
25.1 -0.35512
25.2 0.47677
25.3 -0.284568
25.4 0.493193
25.5 0.253942
25.6 1.33138
25.7 -1.31893
25.8 -1.36203
25.9 -0.961653
26 1.54255
26.1 1.5668
26.2 -0.93454
26.3 0.486861
26.4 -0.293844
26.5 -1.8811
26.6 1.37673
26.7 2.23827
26.8 -1.19493
26.9 -0.00105343
27 2.20501
27.1 1.64281
27.2 1.14632
27.3 -2.49211
27.4 -0.00247509
27.5 0.575781
27.6 2.44908
27.7 1.19784
27.8 -0.719442
27.9 -0.580853
28 2.03357
28.1 -2.82809
28.2 -0.0612731
28.3 0.967638
28.4 -0.867579
28.5 -0.116468
28.6 0.264795
28.7 0.37091
28.8 -3.0664
28.9 1.26371
29 -0.439598
29.1 0.549085
29.2 -2.27407
29.3 -0.810802
29.4 -0.0275539
29.5 -0.845153
29.6 1.20973
29.7 1.68818
29.8 -0.724597
29.9 -0.427526
30 1.29282
30.1 -1.53286
30.2 -1.684
30.3 -1.24863
30.4 0.324956
30.5 -0.656559
30.6 1.61697
30.7 -0.376365
30.8 -0.423027
30.9 1.64985
31 0.819116
31.1 -1.97047
31.2 1.91626
31.3 -2.64414
31.4 0.0380889
31.5 1.10294
31.6 1.14745
31.7 -1.11419
31.8 -1.18892
31.9 -0.0389489
32 0.876103
32.1 3.07686
32.2 0.20341
32.3 0.0810928
32.4 -0.0839074
32.5 0.986911
32.6 -0.10024
32.7 0.768662
32.8 -1.09746
32.9 0.667841
33 -0.377649
33.1 2.16808
33.2 -1.72511
33.3 -1.61431
33.4 1.20543
33.5 -1.84681
33.6 1.03876
33.7 -0.920732
33.8 0.242132
33.9 -1.86273
34 0.152088
34.1 1.1004
34.2 0.609406
34.3 -1.32504
34.4 1.72869
34.5 1.16796
34.6 0.749771
34.7 -1.28666
34.8 1.28583
34.9 -0.316465
35 -1.31798
35.1 -0.777335
35.2 -2.01614
35.3 -0.429741
35.4 -1.68474
35.5 1.79015
35.6 -2.18715
35.7 -0.369934
35.8 2.09223
35.9 0.40884
36 1.54086
36.1 -1.91923
36.2 -1.6741
36.3 -2.23748
36.4 -1.72762
36.5 -1.66434
36.6 0.598943
36.7 0.12182
36.8 0.363761
36.9 -0.463381
37 0.690962
37.1 0.939124
37.2 -1.82435
37.3 -0.426309
37.4 -1.22428
37.5 1.58875
37.6 -0.452423
37.7 1.19227
37.8 -1.63061
37.9 0.851805
38 0.245352
38.1 0.546665
38.2 -0.493209
38.3 0.855703
38.4 0.427594
38.5 2.22308
38.6 1.5226
38.7 0.791878
38.8 0.338122
38.9 0.146646
39 -0.529012
39.1 1.0556
39.2 1.0595
39.3 1.40238
39.4 -1.98964
39.5 -1.0183
39.6 1.11491
39.7 -1.28514
39.8 -1.51173
39.9 -1.39247
40 1.01574
40.1 1.06077
40.2 1.81798
40.3 -0.71351
40.4 0.152338
40.5 -1.1107
40.6 0.659769
40.7 -0.438048
40.8 -0.745879
40.9 2.44125
41 -1.1953
41.1 -0.546678
41.2 1.0838
41.3 -1.53739
41.4 -2.81477
41.5 -2.34045
41.6 -0.209067
41.7 -0.358455
41.8 0.232045
41.9 -1.59501
42 -0.707781
42.1 -2.52348
42.2 -0.44916
42.3 2.38934
42.4 -0.699327
42.5 -1.92106
42.6 -0.607981
42.7 0.971547
42.8 -1.52589
42.9 2.68827
43 -0.794768
43.1 2.77171
43.2 -0.578229
43.3 2.66438
43.4 1.09793
43.5 -1.00303
43.6 0.543857
43.7 2.27829
43.8 -1.76796
43.9 -2.0561
44 -0.329368
44.1 -2.40351
44.2 1.24007
44.3 0.881507
44.4 -1.25698
44.5 -0.757481
44.6 -1.01287
44.7 0.0810307
44.8 -1.00587
44.9 -1.95249
45 -2.18761
45.1 0.542245
45.2 1.04418
45.3 0.0232655
45.4 2.21663
45.5 -0.0460364
45.6 -0.312003
45.7 2.09782
45.8 0.838677
45.9 0.0548951
46 0.241199
46.1 -0.919974
46.2 -1.92014
46.3 3.50466
46.4 1.83905
46.5 -0.574722
46.6 0.943498
46.7 2.33431
46.8 -0.376953
46.9 2.34416
47 -0.666879
47.1 0.907498
47.2 -2.60627
47.3 0.518941
47.4 -2.19827
47.5 1.65865
47.6 1.62933
47.7 2.22687
47.8 -0.942717
47.9 -1.13788
48 0.188196
48.1 1.25922
48.2 -0.423299
48.3 2.21722
48.4 -1.35556
48.5 1.33621
48.6 -1.85132
48.7 -2.19321
48.8 -2.65537
48.9 1.86479
49 0.18528
49.1 -2.06168
49.2 -0.462682
49.3 0.986807
49.4 -0.375827
49.5 0.343943
49.6 -0.599942
49.7 -1.15477
49.8 -0.381776
49.9 -1.24951
50 1.3767
50.1 0.851621
50.2 -1.3988
50.3 0.52914
50.4 -1.48757
50.5 -0.54484
50.6 0.331342
50.7 -2.59849
50.8 -0.315124
50.9 0.141087
51 -0.918808
51.1 0.360368
51.2 -0.899321
51.3 1.77403
51.4 0.770059
51.5 -2.69814
51.6 -3.18398
51.7 1.43563
51.8 1.52027
51.9 -0.678948
52 0.186874
52.1 -0.272958
52.2 0.229731
52.3 1.05924
52.4 -0.0652935
52.5 -0.71975
52.6 0.504174
52.7 -1.78648
52.8 -3.22837
52.9 1.00211
53 1.11385
53.1 -1.94014
53.2 0.994727
53.3 -0.819836
53.4 0.944999
53.5 0.316307
53.6 0.520497
53.7 -2.19229
53.8 -0.413704
53.9 -1.25649
54 0.540852
54.1 0.360382
54.2 1.50778
54.3 -0.630892
54.4 -0.489078
54.5 -1.29603
54.6 0.510645
54.7 1.47322
54.8 -1.11956
54.9 -1.22434
55 -1.49578
55.1 0.413618
55.2 -0.256448
55.3 1.3177
55.4 1.7281
55.5 -0.675208
55.6 0.694326
55.7 -1.13531
55.8 1.6923
55.9 1.55504
56 0.139057
56.1 -2.78272
56.2 -1.25476
56.3 -1.82859
56.4 0.412784
56.5 -0.202793
56.6 0.867904
56.7 0.262787
56.8 -0.453991
56.9 1.8899
57 1.20058
57.1 -1.75781
57.2 -1.04761
57.3 -1.43874
57.4 0.963283
57.5 0.680772
57.6 -0.0182489
57.7 -0.335971
57.8 1.51158
57.9 1.21005
58 1.63714
58.1 1.54614
58.2 2.09945
58.3 -1.1504
58.4 2.29273
58.5 -1.46475
58.6 -0.0758862
58.7 1.06334
58.8 1.17044
58.9 0.791971
59 -0.381168
59.1 -0.310728
59.2 0.14196
59.3 1.44512
59.4 2.164
59.5 -0.847418
59.6 0.420647
59.7 -2.6508
59.8 0.27709
59.9 -0.0117746
60 -2.16565
60.1 0.355745
60.2 0.00426528
60.3 -0.176784
60.4 -2.60788
60.5 -0.344579
60.6 -0.0931003
60.7 0.54091
60.8 -2.00458
60.9 1.59651
61 0.559706
61.1 -1.47436
61.2 -2.32848
61.3 1.9159
61.4 0.460835
61.5 -1.43543
61.6 -1.25889
61.7 -0.484898
61.8 -0.780179
61.9 2.47455
62 1.35618
62.1 -0.750364
62.2 -1.85133
62.3 1.62794
62.4 -0.383684
62.5 1.31882
62.6 1.61112
62.7 2.55383
62.8 -0.948787
62.9 -0.782005
63 -1.23233
63.1 2.08064
63.2 -2.69479
63.3 -1.13272
63.4 2.9391
63.5 -2.07084
63.6 -0.555293
63.7 -1.3649
63.8 1.40778
63.9 -2.19799
64 -1.92741
64.1 0.481939
64.2 1.77172
64.3 0.761209
64.4 -2.22035
64.5 1.65599
64.6 -0.128051
64.7 -0.254271
64.8 2.37415
64.9 -0.594376
65 2.47206
65.1 -0.095659
65.2 -0.0398341
65.3 1.26574
65.4 -0.216826
65.5 -0.73953
65.6 1.33115
65.7 0.0154455
65.8 1.33523
65.9 -1.0948
66 -0.120543
66.1 0.0717032
66.2 -1.29767
66.3 -2.06129
66.4 -0.398053
66.5 -1.35156
66.6 0.583836
66.7 -0.620965
66.8 0.718352
66.9 1.17884
67 2.1738
67.1 1.18935
67.2 -0.609128
67.3 1.04634
67.4 -0.924568
67.5 0.948537
67.6 3.04702
67.7 -0.781273
67.8 1.89511
67.9 -0.291503
68 0.381501
68.1 1.21007
68.2 -1.02632
68.3 -0.742151
68.4 -1.04399
68.5 -1.43215
68.6 1.51311
68.7 -1.75995
68.8 -1.61547
68.9 2.08714
69 -0.308689
69.1 2.13889
69.2 -1.15235
69.3 1.09855
69.4 0.678767
69.5 -0.329655
69.6 1.57243
69.7 1.02509
69.8 2.46387
69.9 -0.278012
70 -0.868723
70.1 -0.582045
70.2 1.56808
70.3 0.215794
70.4 2.03995
70.5 -0.0344487
70.6 2.76163
70.7 -0.910378
70.8 -0.164937
70.9 -0.139352
71 -1.12662
71.1 -0.357357
71.2 -0.395668
71.3 0.367913
71.4 -0.7227
71.5 1.0471
71.6 0.269563
71.7 -1.21766
71.8 -0.0463679
71.9 2.04691
72 0.373257
72.1 -1.34743
72.2 -0.397834
72.3 1.18263
72.4 -2.09526
72.5 1.10664
72.6 -0.929266
72.7 -0.201994
72.8 1.01526
72.9 1.25163
73 -0.30082
73.1 2.10653
73.2 0.863777
73.3 1.2308
73.4 -2.51945
73.5 0.481269
73.6 -0.0571672
73.7 -1.50875
73.8 1.53492
73.9 -1.38659
74 -1.1245
74.1 1.03357
74.2 -1.44465
74.3 -1.46147
74.4 -1.78483
74.5 0.535501
74.6 -1.92896
74.7 1.62717
74.8 -2.87484
74.9 -1.87355
75 -0.728289
75.1 1.78437
75.2 -1.07047
75.3 0.424015
75.4 1.72318
75.5 0.755715
75.6 -0.0881273
75.7 2.80289
75.8 0.399082
75.9 -1.03638
76 1.12043
76.1 1.00891
76.2 0.851114
76.3 -0.896123
76.4 2.18351
76.5 0.24932
76.6 -0.747199
76.7 -0.351517
76.8 -0.514032
76.9 0.000500976
77 -1.24573
77.1 2.64883
77.2 -1.09409
77.3 -2.06028
77.4 0.165369
77.5 -0.983321
77.6 2.25604
77.7 -2.46733
77.8 1.43041
77.9 -1.0878
78 1.62935
78.1 -2.06107
78.2 2.26736
78.3 0.110509
78.4 -0.792548
78.5 -1.03191
78.6 -0.963672
78.7 1.82641
78.8 -0.186979
78.9 -2.0276
79 -0.095831
79.1 -0.39321
79.2 1.21678
79.3 2.15178
79.4 -1.05156
79.5 -1.38593
79.6 1.11968
79.7 1.54721
79.8 -1.73276
79.9 1.88749
80 -0.507067
80.1 0.54672
80.2 1.77437
80.3 0.59562
80.4 1.15864
80.5 -0.550095
80.6 -1.42204
80.7 -1.06226
80.8 1.09399
80.9 -2.14726
81 0.537415
81.1 0.390361
81.2 -0.562817
81.3 1.875
81.4 -0.72223
81.5 -0.730918
81.6 0.851968
81.7 -0.07678
81.8 -0.948786
81.9 -0.0881123
82 1.35064
82.1 -2.1137
82.2 0.584399
82.3 -0.340187
82.4 -1.70197
82.5 -0.365024
82.6 -0.134257
82.7 1.54947
82.8 1.62948
82.9 -1.85086
83 0.710993
83.1 1.50795
83.2 1.97421
83.3 1.98628
83.4 -0.471238
83.5 -0.0929529
83.6 1.53209
83.7 0.863306
83.8 -1.13337
83.9 1.46645
84 -0.932027
84.1 2.46529
84.2 -1.62982
84.3 -0.0142658
84.4 0.604361
84.5 1.35302
84.6 -1.42517
84.7 -0.806163
84.8 -2.42209
84.9 0.234243
85 -0.201051
85.1 1.21119
85.2 1.07215
85.3 1.44363
85.4 0.789472
85.5 0.302806
85.6 -0.928341
85.7 1.42413
85.8 -0.0653519
85.9 1.82642
86 -0.584843
86.1 -0.4278
86.2 2.09884
86.3 -1.40578
86.4 -2.82546
86.5 0.0821624
86.6 0.308978
86.7 -1.13121
86.8 2.14092
86.9 0.00616909
87 3.20427
87.1 0.676433
87.2 0.994812
87.3 1.17588
87.4 -0.953845
87.5 0.717589
87.6 0.0446504
87.7 -1.25621
87.8 -0.972044
87.9 -0.444677
88 -0.153452
88.1 -0.412089
88.2 0.432335
88.3 1.00688
88.4 -0.135642
88.5 -1.6343
88.6 -0.633714
88.7 1.41136
88.8 1.0462
88.9 0.37968
89 0.586483
89.1 1.67743
89.2 -1.29355
89.3 0.535236
89.4 -1.42272
89.5 0.158191
89.6 -1.28263
89.7 0.188919
89.8 -1.17458
89.9 -2.56786
90 -0.205321
90.1 0.880073
90.2 0.746489
90.3 0.220709
90.4 1.64793
90.5 -1.63308
90.6 1.93587
90.7 -0.775771
90.8 -2.20039
90.9 1.85139
91 -1.07993
91.1 1.49389
91.2 0.805854
91.3 1.28981
91.4 -1.54649
91.5 -0.913946
91.6 -0.312437
91.7 -1.03791
91.8 1.29479
91.9 0.394123
92 -0.0106624
92.1 0.789965
92.2 -0.688005
92.3 0.362987
92.4 0.738592
92.5 0.252062
92.6 1.98496
92.7 0.0909706
92.8 0.618126
92.9 2.47534
93 0.539486
93.1 -0.956259
93.2 -2.01581
93.3 1.21564
93.4 0.086394
93.5 -1.97703
93.6 -1.48649
93.7 1.31901
93.8 0.514689
93.9 -2.19424
94 -1.28489
94.1 -0.488478
94.2 0.864403
94.3 1.32078
94.4 0.501155
94.5 -0.539496
94.6 1.36004
94.7 1.11164
94.8 -2.85092
94.9 -1.45004
95 0.647838
95.1 -0.968284
95.2 0.0610759
95.3 0.162084
95.4 0.64668
95.5 -2.22395
95.6 1.24784
95.7 -1.55946
95.8 -0.0690542
95.9 -1.12378
96 -1.43492
96.1 -0.261141
96.2 -0.21839
96.3 2.29997
96.4 -0.109217
96.5 -0.205785
96.6 -0.498762
96.7 0.59181
96.8 1.96767
96.9 -2.90508
97 -0.672788
97.1 0.639012
97.2 -1.18676
97.3 -0.963552
97.4 -0.039775
97.5 -0.825252
97.6 -1.98045
97.7 1.27781
97.8 -0.510643
97.9 -0.35041
98 1.35647
98.1 -1.49366
98.2 1.29212
98.3 -1.75386
98.4 -0.506477
98.5 -0.0499129
98.6 -0.9768
98.7 1.79704
98.8 1.11689
98.9 -0.684718
99 -0.533777
99.1 2.27493
99.2 -0.85136
99.3 0.646081
99.4 0.496705
99.5 0.498934
99.6 -0.295753
99.7 -1.37325
99.8 1.03574
99.9 -1.44566
100 -1.3328
100.1 0.914963
100.2 -3.09001
100.3 1.46542
100.4 0.9345
100.5 -0.265684
100.6 -1.47459
100.7 -0.643983
100.8 0.0573742
100.9 -0.231774
101 2.15111
101.1 0.716478
101.2 0.169671
101.3 0.855369
101.4 1.69271
101.5 0.266421
101.6 -0.899606
101.7 1.61219
101.8 -0.784831
101.9 -1.45608
102 -0.631468
102.1 0.0353034
102.2 1.19043
102.3 0.223132
102.4 -0.20166
102.5 0.426513
102.6 -0.374592
102.7 1.36191
102.8 0.783288
102.9 1.21916
103 -2.60963
103.1 -0.43179
103.2 2.14646
103.3 -1.16015
103.4 1.02461
103.5 -1.23074
103.6 -0.513762
103.7 -0.100264
103.8 -0.206588
103.9 1.17465
104 -0.512385
104.1 0.917388
104.2 1.68779
104.3 -0.615471
104.4 -0.732411
104.5 -1.07683
104.6 0.186397
104.7 0.461262
104.8 -0.628362
104.9 2.26046
105 0.835265
105.1 0.833947
105.2 -0.978206
105.3 1.06497
105.4 1.10405
105.5 -1.56573
105.6 -2.10834
105.7 -1.2841
105.8 -3.0541
105.9 1.35789
106 1.23186
106.1 1.09823
106.2 -1.17845
106.3 -0.456626
106.4 -0.284939
106.5 -0.676736
106.6 0.670606
106.7 0.0458217
106.8 2.81343
106.9 -0.0350091
107 2.34856
107.1 -0.839166
107.2 -2.37242
107.3 2.20235
107.4 0.435815
107.5 -0.935433
107.6 -1.05127
107.7 -0.710344
107.8 1.91097
107.9 0.0464225
108 -0.501795
108.1 -0.0177818
108.2 -0.562885
108.3 1.16625
108.4 -0.536371
108.5 0.0288
108.6 -0.492015
108.7 2.40999
108.8 -2.65453
108.9 1.46532
109 0.772633
109.1 1.09327
109.2 -0.550397
109.3 0.3651
109.4 -2.61897
109.5 -1.81856
109.6 -1.38127
109.7 1.4002
109.8 -1.03227
109.9 1.76098
110 0.405857
110.1 -0.796055
110.2 -0.175193
110.3 -0.684869
110.4 -0.289595
110.5 -0.0555869
110.6 2.1101
110.7 0.905723
110.8 -0.0251881
110.9 -1.17635
111 1.91027
111.1 2.73694
111.2 -0.169783
111.3 -0.107032
111.4 -1.38173
111.5 -0.981586
111.6 -1.14901
111.7 0.62181
111.8 -0.0413602
111.9 0.965772
112 2.30205
112.1 0.485793
112.2 0.439708
112.3 -0.814189
112.4 -1.37349
112.5 0.525069
112.6 -1.38381
112.7 1.20255
112.8 0.476102
112.9 -0.540802
113 -2.35521
113.1 0.121984
113.2 -0.254552
113.3 0.391933
113.4 1.57089
113.5 1.71425
113.6 1.34638
113.7 1.31964
113.8 0.356397
113.9 -0.692572
114 0.906406
114.1 1.24466
114.2 -1.1543
114.3 0.73727
114.4 -0.320464
114.5 -1.90802
114.6 1.15327
114.7 2.0854
114.8 0.99066
114.9 -1.30776
115 -1.3036
115.1 -0.261273
115.2 -1.39487
115.3 1.10397
115.4 -0.780623
115.5 -1.61878
115.6 2.3408
115.7 1.11097
115.8 1.6771
115.9 2.65106
116 0.0706864
116.1 -2.17307
116.2 1.02256
116.3 -0.730579
116.4 0.117295
116.5 1.16252
116.6 -1.37651
116.7 -0.829397
116.8 0.506467
116.9 0.738877
117 -0.94688
117.1 1.14354
117.2 -2.22576
117.3 0.0525683
117.4 -0.0597391
117.5 1.87891
117.6 -0.600266
117.7 -0.673578
117.8 0.47669
117.9 -1.88357
118 2.49899
118.1 0.680389
118.2 0.301276
118.3 2.80265
118.4 -1.29305
118.5 1.53748
118.6 -0.660801
118.7 0.0917902
118.8 1.31289
118.9 -2.43218
119 1.9211
119.1 0.614023
119.2 -2.07659
119.3 0.149146
119.4 -0.504298
119.5 0.622572
119.6 0.31599
119.7 -0.953288
119.8 -1.81175
119.9 0.0129277
120 0.123573
120.1 0.559747
120.2 1.55517
120.3 -1.50208
120.4 -0.352991
120.5 -0.407884
120.6 1.17791
120.7 -1.7969
120.8 -0.572585
120.9 1.07659
121 1.28362
121.1 0.65561
121.2 -2.09738
121.3 2.55886
121.4 2.2029
121.5 -1.17131
121.6 0.212933
121.7 -2.19027
121.8 1.74507
121.9 1.17124
122 -0.964145
122.1 0.594048
122.2 0.94732
122.3 1.93237
122.4 2.38988
122.5 -0.997754
122.6 -1.44023
122.7 -0.639714
122.8 -0.234511
122.9 -0.193849
123 1.53675
123.1 2.17062
123.2 -0.427422
123.3 -0.0263913
123.4 -1.35096
123.5 -1.13385
123.6 -1.32887
123.7 -0.301295
123.8 -1.16911
123.9 1.66359
124 -0.881185
124.1 1.1329
124.2 -0.0276373
124.3 0.136909
124.4 -0.305648
124.5 0.616071
124.6 -0.867018
124.7 0.614303
124.8 -0.952355
124.9 -1.03622
125 1.03423
125.1 1.24181
125.2 -1.2908
125.3 -0.0174651
125.4 -1.29338
125.5 -1.08316
125.6 1.43735
125.7 -0.458552
125.8 1.48172
125.9 -0.52354
126 1.4527
126.1 2.0796
126.2 0.866833
126.3 -1.7408
126.4 -1.31388
126.5 1.40109
126.6 2.0524
126.7 -0.877175
126.8 0.32797
126.9 -0.952638
127 0.529145
127.1 1.75216
127.2 -0.216855
127.3 -1.30733
127.4 1.05975
127.5 -1.2423
127.6 -0.373045
127.7 1.58879
127.8 1.10887
127.9 -0.00401343
128 2.22168
128.1 1.32821
128.2 -1.56795
128.3 0.729537
128.4 1.69675
128.5 1.75707
128.6 1.22906
128.7 -1.4505
128.8 0.121295
128.9 -1.66534
129 0.659003
129.1 1.19185
129.2 0.905021
129.3 1.71553
129.4 -0.707648
129.5 -0.418477
129.6 0.703184
129.7 1.42956
129.8 -2.23666
129.9 2.51602
130 1.72929
130.1 -0.678764
130.2 1.78944
130.3 -1.82878
130.4 0.292172
130.5 -0.112219
130.6 1.56081
130.7 2.87079
130.8 -0.636669
130.9 -0.73914
131 -0.158964
131.1 -0.762668
131.2 0.00658004
131.3 -0.842342
131.4 -0.626889
131.5 0.949594
131.6 1.44987
131.7 -1.27359
131.8 1.5983
131.9 0.291166
132 -0.215328
132.1 -2.26278
132.2 0.381025
132.3 -1.73832
132.4 0.684707
132.5 1.26398
132.6 1.06457
132.7 0.481215
132.8 -1.31709
132.9 2.37612
133 1.28629
133.1 2.13857
133.2 -2.78634
133.3 -2.82177
133.4 0.413578
133.5 -0.109991
133.6 0.275182
133.7 0.00746853
133.8 -0.94848
133.9 -1.67477
134 -1.07995
134.1 -2.03682
134.2 -0.0116845
134.3 1.00065
134.4 -1.35222
134.5 1.33935
134.6 0.978257
134.7 -0.95144
134.8 1.858
134.9 -0.960948
135 -1.27604
135.1 1.96889
135.2 -1.65146
135.3 1.92882
135.4 -0.740051
135.5 -0.309938
135.6 1.11163
135.7 -0.335127
135.8 -1.99891
135.9 -2.01853
136 0.0978081
136.1 -0.992632
136.2 -1.53249
136.3 -0.0833796
136.4 -0.0183935
136.5 0.551611
136.6 -1.08606
136.7 1.6452
136.8 1.48989
136.9 0.0328615
137 -1.28826
137.1 -0.459972
137.2 1.48186
137.3 -0.914621
137.4 -0.647312
137.5 0.716034
137.6 -0.975982
137.7 -1.12954
137.8 -1.06368
137.9 0.227015
138 1.89484
138.1 -1.79325
138.2 1.68831
138.3 0.0818182
138.4 0.630926
138.5 0.762443
138.6 2.69676
138.7 -0.850112
138.8 0.588835
138.9 -0.270174
139 -1.05569
139.1 -0.483624
139.2 1.04416
139.3 -0.554191
139.4 -1.38447
139.5 -0.0282452
139.6 -0.890179
139.7 1.56637
139.8 0.206833
139.9 0.883389
140 1.84906
140.1 2.5004
140.2 0.698831
140.3 1.55
140.4 -2.08634
140.5 2.13318
140.6 0.787418
140.7 -1.72326
140.8 -1.62963
140.9 0.639006
141 -0.624406
141.1 1.89335
141.2 0.880511
141.3 1.01356
141.4 0.227295
141.5 1.20541
141.6 -1.64505
141.7 1.2942
141.8 -1.28922
141.9 1.00625
142 -1.77876
142.1 -0.935794
142.2 -1.36981
142.3 -0.890127
142.4 -0.396489
142.5 -0.0689029
142.6 0.73817
142.7 -0.939004
142.8 -0.406437
142.9 0.072852
143 -1.16068
143.1 0.875439
143.2 1.10298
143.3 0.87616
143.4 -0.976901
143.5 -0.593582
143.6 0.289414
143.7 0.0571602
143.8 0.340346
143.9 -0.645195
144 -1.50883
144.1 0.385205
144.2 0.898177
144.3 0.449148
144.4 -1.57728
144.5 -1.6588
144.6 -2.13077
144.7 1.43822
144.8 0.0563879
144.9 0.942184
145 0.0195366
145.1 0.50063
145.2 0.603344
145.3 0.729353
145.4 -2.34283
145.5 -1.11339
145.6 -1.28136
145.7 -0.951353
145.8 1.04775
145.9 -1.70985
146 0.391935
146.1 -0.704622
146.2 -1.604
146.3 -0.952216
146.4 1.22033
146.5 -1.74959
146.6 -1.35188
146.7 1.19043
146.8 0.0250212
146.9 0.468948
147 2.35635
147.1 -1.2995
147.2 -0.439666
147.3 2.38297
147.4 -2.42431
147.5 0.930144
147.6 -1.0709
147.7 -0.154008
147.8 3.14466
147.9 -1.58639
148 2.42266
148.1 -0.539173
148.2 0.58144
148.3 0.170658
148.4 0.580083
148.5 0.155457
148.6 1.92285
148.7 -0.0228957
148.8 -0.52143
148.9 1.01145
149 -2.48653
149.1 1.45625
149.2 -2.90733
149.3 0.915884
149.4 -1.33107
149.5 -0.565081
149.6 0.543255
149.7 0.125753
149.8 2.55076
149.9 0.382233
150 -0.570993
150.1 0.146107
150.2 -0.299826
150.3 0.70799
150.4 2.85196
150.5 -0.979187
150.6 0.947379
150.7 -1.4741
150.8 -0.954466
150.9 -0.0207707
151 -0.73329
151.1 1.82441
151.2 0.217689
151.3 -1.23313
151.4 0.227894
151.5 -1.21339
151.6 0.337144
151.7 -0.571868
151.8 -1.84225
151.9 -0.521076
152 -1.1641
152.1 -1.19962
152.2 -1.55902
152.3 -0.749196
152.4 1.28593
152.5 -1.0891
152.6 -0.604185
152.7 0.0376758
152.8 -0.790118
152.9 -1.77476
153 -1.19327
153.1 0.597531
153.2 -0.875975
153.3 0.252098
153.4 -1.43135
153.5 0.170206
153.6 -1.50962
153.7 -0.931474
153.8 0.861931
153.9 -0.323149
154 1.24617
154.1 -0.666806
154.2 -1.43294
154.3 -0.143053
154.4 -2.17292
154.5 -0.162128
154.6 1.05405
154.7 2.84577
154.8 -0.16474
154.9 -0.794095
155 -0.336931
155.1 -0.170739
155.2 -2.14441
155.3 -1.44265
155.4 3.13363
155.5 -2.08447
155.6 -0.983762
155.7 -0.309313
155.8 0.369546
155.9 -2.06926
156 2.47678
156.1 -0.00613468
156.2 0.373328
156.3 2.15763
156.4 -0.49495
156.5 -1.62018
156.6 -2.7803
156.7 0.200216
156.8 -2.04761
156.9 1.98297
157 0.0966902
157.1 -1.07677
157.2 -0.271427
157.3 -1.83856
157.4 -0.903195
157.5 -1.98299
157.6 -2.28908
157.7 1.11571
157.8 -0.629157
157.9 1.92984
158 1.25221
158.1 1.22115
158.2 1.1867
158.3 -2.20122
158.4 -1.10386
158.5 1.47466
158.6 -1.86747
158.7 -0.211067
158.8 -0.598476
158.9 0.453739
159 0.874468
159.1 0.244581
159.2 -1.6728
159.3 -0.908953
159.4 -1.42349
159.5 0.732721
159.6 0.752444
159.7 0.0753793
159.8 -1.14703
159.9 -1.03063
160 -0.23033
160.1 -1.60274
160.2 0.622264
160.3 1.81236
160.4 2.19416
160.5 -0.654151
160.6 -2.59021
160.7 -1.35916
160.8 2.96887
160.9 -2.37849
161 0.574401
161.1 -0.45973
161.2 0.758944
161.3 0.877269
161.4 -1.49878
161.5 1.39541
161.6 -0.193827
161.7 -0.363697
161.8 -1.27184
161.9 3.38384
162 -0.692542
162.1 0.479764
162.2 -2.25428
162.3 0.4056
162.4 -0.545492
162.5 0.692706
162.6 0.00876967
162.7 -2.1456
162.8 1.63177
162.9 -1.56899
163 0.823488
163.1 -2.1207
163.2 0.847595
163.3 1.18993
163.4 -0.625569
163.5 -1.43267
163.6 0.871914
163.7 1.37065
163.8 -0.154195
163.9 -1.07403
164 -1.78506
164.1 1.48149
164.2 -0.945164
164.3 -0.665865
164.4 1.33343
164.5 -1.55929
164.6 -1.307
164.7 0.31616
164.8 1.12747
164.9 -0.665747
165 0.908515
165.1 2.71411
165.2 0.615865
165.3 -2.2955
165.4 -2.0835
165.5 0.56126
165.6 -0.305289
165.7 -1.07361
165.8 1.18819
165.9 -1.41575
166 0.23572
166.1 0.513329
166.2 1.2424
166.3 -1.41363
166.4 1.21313
166.5 -2.60571
166.6 1.18275
166.7 -0.50131
166.8 -0.463806
166.9 -0.0420833
167 1.15419
167.1 -1.10667
167.2 -1.34471
167.3 0.410675
167.4 0.723602
167.5 0.291457
167.6 1.3009
167.7 0.0986869
167.8 -0.820464
167.9 -1.85773
168 -0.773865
168.1 -1.18524
168.2 -1.3325
168.3 -1.54154
168.4 -0.37156
168.5 -0.259131
168.6 -1.82258
168.7 1.89452
168.8 -2.13096
168.9 1.03756
169 -1.55105
169.1 -0.78726
169.2 -0.892071
169.3 1.06859
169.4 2.20388
169.5 2.11097
169.6 0.872889
169.7 -1.82614
169.8 -0.247236
169.9 -2.80491
170 0.979717
170.1 0.148343
170.2 -0.822013
170.3 -0.632898
170.4 1.0346
170.5 -1.52107
170.6 -0.88126
170.7 0.20487
170.8 0.021664
170.9 -0.263426
171 -0.90991
171.1 -0.7455
171.2 1.27421
171.3 0.347271
171.4 -2.65562
171.5 0.249778
171.6 -2.33661
171.7 -0.0398875
171.8 0.142669
171.9 -0.941968
172 -2.03158
172.1 -0.555555
172.2 -0.776052
172.3 0.369096
172.4 -0.798277
172.5 0.67704
172.6 -0.493455
172.7 -0.455971
172.8 -1.57324
172.9 2.21323
173 2.72347
173.1 -0.121921
173.2 -1.1029
173.3 -0.112836
173.4 1.00686
173.5 -0.319599
173.6 0.838204
173.7 -0.713495
173.8 -0.930184
173.9 -0.171166
174 -2.8996
174.1 -0.4198
174.2 -0.704939
174.3 1.94678
174.4 -0.627198
174.5 -1.1397
174.6 -0.612704
174.7 1.47426
174.8 -2.00549
174.9 0.572183
175 -2.07539
175.1 0.492373
175.2 -1.12987
175.3 -1.71451
175.4 0.367062
175.5 -0.596744
175.6 -1.64467
175.7 -0.312404
175.8 -0.779157
175.9 -0.839784
176 -0.740569
176.1 0.685669
176.2 -2.38392
176.3 0.334701
176.4 -2.05661
176.5 -1.83616
176.6 -0.903799
176.7 1.25917
176.8 -1.78107
176.9 1.21852
177 -3.24234
177.1 -0.861167
177.2 0.275374
177.3 1.19413
177.4 -0.335575
177.5 1.8966
177.6 -0.910819
177.7 -1.48866
177.8 0.440927
177.9 -0.332184
178 0.372845
178.1 2.46965
178.2 -1.4852
178.3 -0.423222
178.4 1.38843
178.5 -1.45406
178.6 0.167542
178.7 -0.337868
178.8 0.50875
178.9 -0.947298
179 1.41285
179.1 1.4081
179.2 -0.315684
179.3 1.01674
179.4 0.688673
179.5 0.86848
179.6 -0.2885
179.7 2.3036
179.8 -0.427828
179.9 -1.43854
180 1.61653
180.1 0.954542
180.2 -1.38601
180.3 -2.8295
180.4 1.77778
180.5 -1.54781
180.6 0.935051
180.7 -1.85354
180.8 -0.850932
180.9 2.1203
181 -1.32324
181.1 1.53292
181.2 -0.705068
181.3 1.46564
181.4 -0.960236
181.5 -1.29627
181.6 1.13194
181.7 0.198086
181.8 -0.611229
181.9 0.233445
182 -0.436968
182.1 0.871584
182.2 -0.901929
182.3 0.897812
182.4 0.546733
182.5 1.05313
182.6 -1.6546
182.7 -0.560825
182.8 1.0662
182.9 1.36678
183 0.664466
183.1 -0.558024
183.2 -0.28307
183.3 0.0473748
183.4 -0.331335
183.5 -0.392386
183.6 0.456207
183.7 2.21123
183.8 2.85308
183.9 -0.726976
184 -1.65237
184.1 -0.519676
184.2 0.534528
184.3 -1.52366
184.4 0.925103
184.5 -2.16185
184.6 -1.94198
184.7 -1.56569
184.8 -0.620365
184.9 -0.88646
185 0.650485
185.1 1.26764
185.2 0.0663111
185.3 1.32498
185.4 0.532042
185.5 0.815119
185.6 0.915322
185.7 -2.27474
185.8 -0.362883
185.9 1.07713
186 -1.79712
186.1 -0.121269
186.2 2.02562
186.3 0.256006
186.4 0.188393
186.5 1.80465
186.6 0.218016
186.7 -1.49795
186.8 1.15687
186.9 -0.279299
187 -0.133176
187.1 -0.795865
187.2 1.32391
187.3 0.73429
187.4 0.955368
187.5 1.51058
187.6 1.55773
187.7 0.0892009
187.8 -0.478964
187.9 -0.167567
188 1.45693
188.1 -1.52141
188.2 1.19228
188.3 0.879602
188.4 0.24717
188.5 -1.79316
188.6 -1.09701
188.7 1.10702
188.8 -1.08503
188.9 -2.16162
189 1.51852
189.1 -1.75864
189.2 0.443757
189.3 -0.362165
189.4 -1.07609
189.5 2.47973
189.6 -0.193944
189.7 2.86641
189.8 0.247037
189.9 -1.5733
190 2.04909
190.1 -0.802539
190.2 2.44604
190.3 -2.15417
190.4 1.56588
190.5 -1.31953
190.6 -1.38077
190.7 -1.44464
190.8 1.03626
190.9 -0.906747
191 -0.887923
191.1 -0.661505
191.2 -1.05152
191.3 1.36335
191.4 -1.63444
191.5 0.0823464
191.6 0.156574
191.7 0.817315
191.8 -1.72229
191.9 -0.950334
192 -1.06947
192.1 0.755481
192.2 2.23882
192.3 -0.989143
192.4 0.722301
192.5 0.0429805
192.6 -1.10885
192.7 1.8379
192.8 -1.22716
192.9 0.136629
193 -1.03762
193.1 1.14322
193.2 -0.518835
193.3 -0.26024
193.4 -1.72976
193.5 -1.4505
193.6 1.9977
193.7 0.357525
193.8 -0.963858
193.9 -0.255199
194 0.94273
194.1 -1.18117
194.2 -1.35396
194.3 0.59378
194.4 -0.08005
194.5 -1.50964
194.6 -0.509157
194.7 -1.99173
194.8 -1.55996
194.9 1.3967
195 -0.208047
195.1 -0.881414
195.2 -0.718969
195.3 -0.390936
195.4 -1.99068
195.5 0.202628
195.6 1.44787
195.7 -0.245952
195.8 1.12957
195.9 -1.51157
196 1.0891
196.1 1.00293
196.2 -0.676262
196.3 1.89807
196.4 -2.05453
196.5 0.369912
196.6 -1.89089
196.7 1.17216
196.8 0.136463
196.9 0.638192
197 1.71994
197.1 0.799829
197.2 -1.30954
197.3 -1.45927
197.4 0.43105
197.5 -1.89166
197.6 1.66222
197.7 0.739484
197.8 -0.221279
197.9 -0.501781
198 1.29495
198.1 -1.44596
198.2 1.83092
198.3 1.2881
198.4 0.0912716
198.5 0.208714
198.6 0.282276
198.7 -0.46775
198.8 1.7122
198.9 -0.880606
199 -1.01617
199.1 0.843456
199.2 -1.09602
199.3 2.69972
199.4 0.406397
199.5 1.62822
199.6 -0.211469
199.7 -0.262153
199.8 0.556954
199.9 -1.83549
200 3.77235
200.1 1.41069
200.2 -0.420028
200.3 -1.43448
200.4 1.74905
200.5 -0.425434
200.6 2.35489
200.7 1.18236
200.8 0.755054
200.9 0.718376
201 0.64531
201.1 -2.04616
201.2 0.578169
201.3 -1.82768
201.4 1.17674
201.5 0.372204
201.6 1.41497
201.7 1.16734
201.8 -0.609068
201.9 1.92744
202 0.299689
202.1 0.829297
202.2 -0.0522916
202.3 -2.14839
202.4 1.68048
202.5 1.60211
202.6 -1.6339
202.7 0.686685
202.8 -1.27257
202.9 1.10664
203 -1.75277
203.1 -0.671356
203.2 0.298795
203.3 -1.60428
203.4 -0.850133
203.5 -0.942614
203.6 1.02052
203.7 0.160726
203.8 2.0445
203.9 0.827659
204 1.58848
204.1 0.216074
204.2 -0.88876
204.3 0.00272326
204.4 0.217283
204.5 -0.985511
204.6 -0.497371
204.7 -0.860093
204.8 0.812772
204.9 0.547783
205 1.29167
205.1 1.1607
205.2 0.244172
205.3 0.0532271
205.4 1.22747
205.5 -0.170793
205.6 -0.441662
205.7 1.14343
205.8 -0.799093
205.9 -2.10239
206 0.0477121
206.1 1.24692
206.2 -0.969274
206.3 -1.87701
206.4 -0.916568
206.5 1.36571
206.6 -0.528669
206.7 0.589448
206.8 -0.633028
206.9 1.36323
207 -0.919758
207.1 -0.340494
207.2 -1.60617
207.3 -0.0348171
207.4 1.45761
207.5 -0.496714
207.6 -0.555679
207.7 -0.977463
207.8 -0.873868
207.9 -0.505736
208 0.365886
208.1 -1.42932
208.2 -1.5368
208.3 -0.278196
208.4 1.42387
208.5 -1.15932
208.6 0.366282
208.7 0.873037
208.8 1.8763
208.9 -1.02405
209 -2.76809
209.1 -0.245083
209.2 -3.25947
209.3 -1.40204
209.4 -1.86816
209.5 0.145605
209.6 0.674735
209.7 -2.07121
209.8 2.0497
209.9 0.887362
210 -1.78462
210.1 -1.12417
210.2 0.506367
210.3 1.56631
210.4 1.79318
210.5 -1.11064
210.6 0.588435
210.7 0.240193
210.8 -1.12167
210.9 0.101565
211 -2.74271
211.1 1.30881
211.2 2.19166
211.3 -0.646784
211.4 1.49036
211.5 2.08692
211.6 0.595091
211.7 -1.51213
211.8 -0.175867
211.9 -0.52151
212 0.598328
212.1 -1.79653
212.2 1.08781
212.3 0.537985
212.4 1.96355
212.5 -1.98567
212.6 0.76353
212.7 -1.50851
212.8 1.21294
212.9 -1.59138
213 -1.1572
213.1 -0.488087
213.2 -1.49475
213.3 -1.2131
213.4 -0.173189
213.5 1.951
213.6 1.29791
213.7 1.09446
213.8 1.18628
213.9 0.836386
214 -0.484377
214.1 0.0758012
214.2 -1.68134
214.3 -1.25901
214.4 -1.00814
214.5 0.760106
214.6 -1.4889
214.7 0.345702
214.8 0.290098
214.9 -2.39861
215 2.05368
215.1 1.51774
215.2 -0.824737
215.3 0.638755
215.4 1.40138
215.5 0.520335
215.6 -1.5505
215.7 0.781402
215.8 0.71019
215.9 -0.654953
216 0.297593
216.1 -0.257199
216.2 -1.08832
216.3 -0.200037
216.4 -0.274325
216.5 0.619009
216.6 -1.41804
216.7 -0.282675
216.8 2.11932
216.9 -0.548572
217 0.697743
217.1 -0.531914
217.2 0.401847
217.3 -0.919276
217.4 0.67704
217.5 0.93538
217.6 -1.21271
217.7 0.71471
217.8 1.69985
217.9 1.29953
218 -0.234498
218.1 -2.3235
218.2 0.805628
218.3 -2.45339
218.4 0.286326
218.5 -0.628473
218.6 0.94142
218.7 -2.14479
218.8 0.827513
218.9 -0.798158
219 0.537883
219.1 1.04474
219.2 1.4206
219.3 -0.593335
219.4 0.469709
219.5 1.03492
219.6 0.938851
219.7 0.691092
219.8 -0.741942
219.9 0.334153
220 0.184442
220.1 -2.01836
220.2 -0.339559
220.3 -1.92244
220.4 -1.03246
220.5 -0.51757
220.6 -0.682833
220.7 1.33014
220.8 2.18403
220.9 -0.686165
221 1.02461
221.1 0.921131
221.2 1.91474
221.3 0.226672
221.4 -0.50168
221.5 1.80199
221.6 -0.137571
221.7 -0.82596
221.8 -1.25991
221.9 1.01298
222 2.34469
222.1 -2.11348
222.2 -0.317148
222.3 -1.13177
222.4 -1.02618
222.5 0.0717941
222.6 -0.507229
222.7 -0.441132
222.8 -1.76635
222.9 -1.57672
223 -0.876406
223.1 -1.86641
223.2 0.447575
223.3 -1.43912
223.4 0.861747
223.5 -1.36106
223.6 -0.269185
223.7 1.55077
223.8 1.71029
223.9 2.74876
224 -0.316154
224.1 -0.23552
224.2 -1.52262
224.3 1.03795
224.4 2.87485
224.5 1.68005
224.6 1.45063
224.7 0.0736686
224.8 1.24792
224.9 1.7193
225 -0.754514
225.1 -3.00211
225.2 0.509127
225.3 -1.02313
225.4 0.0952105
225.5 -0.502651
225.6 1.28255
225.7 -2.33605
225.8 -1.26311
225.9 0.209091
226 1.8548
226.1 -3.30508
226.2 0.316004
226.3 0.0433528
226.4 -1.24696
226.5 -1.5187
226.6 0.570805
226.7 -0.228903
226.8 -0.626237
226.9 -1.69283
227 0.379543
227.1 2.46436
227.2 0.319686
227.3 -0.807161
227.4 0.723495
227.5 -0.405753
227.6 -1.08189
227.7 0.272412
227.8 0.958593
227.9 0.873273
228 0.797961
228.1 0.262867
228.2 -1.07429
228.3 2.3459
228.4 1.79861
228.5 -1.96778
228.6 0.10949
228.7 -0.8961
228.8 -0.9053
228.9 0.971049
229 -0.0973149
229.1 1.12935
229.2 1.83967
229.3 -2.8964
229.4 0.434517
229.5 -0.0591683
229.6 -1.7509
229.7 -0.409367
229.8 1.67471
229.9 -0.32937
230 0.555419
230.1 2.44328
230.2 2.42751
230.3 -1.48339
230.4 -1.72127
230.5 0.835722
230.6 1.22938
230.7 -2.06758
230.8 1.20738
230.9 2.22591
231 -0.347472
231.1 1.87906
231.2 -1.27298
231.3 -0.00969223
231.4 -1.65205
231.5 -2.84033
231.6 0.92622
231.7 0.542201
231.8 -1.055
231.9 -1.02779
232 -0.923479
232.1 -1.00856
232.2 -0.572778
232.3 1.05182
232.4 0.90704
232.5 -0.277994
232.6 -1.29371
232.7 1.23736
232.8 0.612697
232.9 0.185094
233 -0.755443
233.1 -1.3986
233.2 1.07235
233.3 -0.418804
233.4 2.27906
233.5 -0.706876
233.6 1.95134
233.7 -0.491068
233.8 -0.533357
233.9 0.986181
234 -0.914927
234.1 -2.06746
234.2 0.864873
234.3 -2.52244
234.4 -1.80086
234.5 2.35179
234.6 -2.18187
234.7 -2.05361
234.8 1.56093
234.9 1.85823
235 -1.53237
235.1 0.732797
235.2 0.996964
235.3 1.15129
235.4 -1.6493
235.5 1.65047
235.6 -1.1655
235.7 0.000277211
235.8 1.62393
235.9 -0.789779
236 2.11895
236.1 -2.47064
236.2 1.87354
236.3 -0.336528
236.4 0.206815
236.5 -0.357046
236.6 2.28861
236.7 -0.853604
236.8 -2.17192
236.9 0.271616
237 -0.88454
237.1 -1.6907
237.2 -2.10051
237.3 -0.126512
237.4 -0.22775
237.5 -0.686128
237.6 -0.458098
237.7 -0.302336
237.8 0.48254
237.9 1.235
238 0.774674
238.1 -0.868358
238.2 -1.86286
238.3 -0.0734919
238.4 1.62873
238.5 -0.22172
238.6 1.53022
238.7 0.250505
238.8 1.331
238.9 -2.30791
239 1.138
239.1 1.03017
239.2 -0.840419
239.3 2.01495
239.4 0.910495
239.5 -0.449927
239.6 -0.240874
239.7 2.95259
239.8 1.02733
239.9 -0.328219
240 -1.05914
240.1 -1.36562
240.2 -0.505944
240.3 0.671943
240.4 -2.9208
240.5 -1.52192
240.6 -0.480484
240.7 -2.29106
240.8 -2.28214
240.9 -1.9324
241 -1.73308
241.1 0.846959
241.2 1.6491
241.3 1.13513
241.4 0.549235
241.5 -1.39218
241.6 0.423042
241.7 0.238795
241.8 -2.28268
241.9 -0.271723
242 -1.39257
242.1 -2.0826
242.2 -1.32286
242.3 -0.356726
242.4 1.32918
242.5 0.155248
242.6 0.740819
242.7 -0.754457
242.8 3.30788
242.9 -1.80925
243 -0.385782
243.1 0.591372
243.2 1.67239
243.3 0.708577
243.4 -1.23587
243.5 -1.31126
243.6 1.17861
243.7 0.100994
243.8 -1.7091
243.9 -1.94064
244 -1.20553
244.1 -2.18014
244.2 1.84762
244.3 -2.34621
244.4 2.16884
244.5 -0.531644
244.6 0.821455
244.7 -0.818804
244.8 1.68808
244.9 -2.30468
245 1.84316
245.1 0.283666
245.2 -2.88803
245.3 -0.417813
245.4 1.80106
245.5 -1.86609
245.6 0.136435
245.7 1.04325
245.8 -0.235106
245.9 -0.620789
246 1.60869
246.1 -2.49916
246.2 -0.312058
246.3 0.622242
246.4 0.58182
246.5 -3.31766
246.6 1.03933
246.7 0.370437
246.8 -0.49133
246.9 -0.11869
247 -0.565864
247.1 1.04251
247.2 0.0883875
247.3 2.8173
247.4 2.2481
247.5 1.22666
247.6 -0.0123438
247.7 -0.108182
247.8 -0.452565
247.9 0.728573
248 -0.0909043
248.1 -1.63656
248.2 1.1822
248.3 2.21178
248.4 0.999389
248.5 0.360586
248.6 0.415941
248.7 -1.5423
248.8 -0.0556584
248.9 1.00399
249 0.630401
249.1 1.10838
249.2 0.584831
249.3 0.538461
249.4 0.0731659
249.5 2.28813
249.6 0.204051
249.7 0.16402
249.8 0.262701
249.9 -1.49607
250 -0.940175
250.1 0.324946
250.2 -0.349241
250.3 0.178771
250.4 -0.206031
250.5 1.04698
250.6 -1.01978
250.7 -0.364636
250.8 1.86879
250.9 1.55428
251 -1.34762
251.1 1.98813
251.2 -0.943889
251.3 -1.36859
251.4 -0.305807
251.5 0.29035
251.6 1.67431
251.7 0.0710144
251.8 0.357728
251.9 -0.663694
252 0.519544
252.1 -0.131196
252.2 -1.22673
252.3 1.90479
252.4 -2.03755
252.5 -0.288315
252.6 -1.31204
252.7 2.21095
252.8 2.30132
252.9 1.57558
253 0.0272043
253.1 -0.510957
253.2 2.03407
253.3 0.0160406
253.4 -1.03612
253.5 0.247609
253.6 0.936383
253.7 1.3273
253.8 -2.1036
253.9 -1.38095
254 -0.348779
254.1 -1.04993
254.2 -2.06858
254.3 -1.48356
254.4 1.06318
254.5 -0.600897
254.6 -1.07935
254.7 1.97075
254.8 1.18498
254.9 -1.55931
255 -0.239178
255.1 -1.34045
255.2 0.871829
255.3 -1.33015
255.4 -0.851404
255.5 0.401501
255.6 -0.965461
255.7 2.54803
255.8 -1.78656
255.9 0.845318
256 -0.524412
256.1 1.00463
256.2 -0.652595
256.3 -1.42046
256.4 -0.250474
256.5 -0.0941959
256.6 -2.85411
256.7 2.11897
256.8 -0.126139
256.9 -1.43822
257 -0.861902
257.1 -1.11256
257.2 -1.09571
257.3 -1.64789
257.4 1.39807
257.5 0.0770397
257.6 -0.608727
257.7 0.664231
257.8 1.77896
257.9 -0.869484
258 0.066692
258.1 -2.32524
258.2 -0.127284
258.3 2.23503
258.4 0.211988
258.5 -0.672554
258.6 0.98752
258.7 -0.292528
258.8 0.350315
258.9 -0.331563
259 -0.51371
259.1 1.18707
259.2 -1.5828
259.3 -0.648985
259.4 -1.00004
259.5 0.505155
259.6 -1.16238
259.7 1.30315
259.8 -0.0632041
259.9 1.12336
260 -0.971799
260.1 1.75443
260.2 -0.0235699
260.3 1.42079
260.4 1.46252
260.5 2.47591
260.6 -2.80945
260.7 0.780913
260.8 -1.90666
260.9 0.673659
261 1.28208
261.1 -0.836403
261.2 -0.715609
261.3 0.358427
261.4 0.531099
261.5 -0.620232
261.6 -1.71603
261.7 -0.615978
261.8 2.16807
261.9 1.21822
262 -0.179273
262.1 -1.57544
262.2 -0.399361
262.3 0.2225
262.4 -3.0496
262.5 -1.95738
262.6 1.20714
262.7 -0.964938
262.8 -1.89279
262.9 -0.133173
263 1.60291
263.1 2.4342
263.2 1.65213
263.3 1.84886
263.4 1.00611
263.5 1.67329
263.6 2.14125
263.7 0.233879
263.8 0.851851
263.9 -0.501059
264 -0.727035
264.1 -1.15854
264.2 1.58218
264.3 0.733778
264.4 1.1053
264.5 0.0464102
264.6 -1.78822
264.7 -0.228564
264.8 1.10732
264.9 -2.47074
265 -1.42101
265.1 0.191293
265.2 -0.439304
265.3 1.72367
265.4 1.73984
265.5 -0.848273
265.6 -0.18429
265.7 -2.16262
265.8 1.56743
265.9 -0.437576
266 -1.64968
266.1 -1.30203
266.2 -0.323259
266.3 2.00585
266.4 -0.914171
266.5 1.77684
266.6 -1.86446
266.7 1.32396
266.8 3.05335
266.9 -0.501409
267 -0.3769
267.1 0.225795
267.2 0.739122
267.3 0.427713
267.4 0.167924
267.5 -0.258799
267.6 1.51806
267.7 -1.17144
267.8 -1.02856
267.9 -1.22342
268 1.30278
268.1 -1.27698
268.2 0.270951
268.3 -1.02351
268.4 1.73276
268.5 -0.524715
268.6 0.901164
268.7 1.31491
268.8 0.462991
268.9 -0.298003
269 0.0363159
269.1 -0.744735
269.2 1.16622
269.3 0.345301
269.4 -2.70754
269.5 -1.45347
269.6 -0.258694
269.7 -1.33626
269.8 1.78195
269.9 1.11008
270 -1.18609
270.1 -0.106315
270.2 -0.158472
270.3 0.357289
270.4 -0.132645
270.5 0.0704233
270.6 -0.497206
270.7 -1.6547
270.8 -2.10857
270.9 1.12277
271 -1.02318
271.1 1.74452
271.2 -0.633643
271.3 -0.833177
271.4 -0.762765
271.5 -0.206316
271.6 2.03937
271.7 0.718264
271.8 -0.601416
271.9 0.265025
272 -1.89483
272.1 0.554655
272.2 0.773305
272.3 0.43732
272.4 -0.977727
272.5 0.0590856
272.6 0.824852
272.7 -1.76997
272.8 1.52731
272.9 -2.04604
273 0.966953
273.1 0.582346
273.2 0.245768
273.3 3.39999
273.4 -0.698857
273.5 1.88736
273.6 1.12465
273.7 -0.885018
273.8 -0.026155
273.9 0.628173
274 1.16572
274.1 0.00746772
274.2 -0.333938
274.3 -3.43886
274.4 -0.654612
274.5 1.06454
274.6 -1.40216
274.7 -0.331053
274.8 0.848754
274.9 -2.35653
275 0.471281
275.1 0.987217
275.2 -0.242807
275.3 0.904872
275.4 -0.406908
275.5 2.09191
275.6 1.59121
275.7 0.335586
275.8 -1.91092
275.9 -0.790623
276 -1.20558
276.1 -0.297678
276.2 1.94593
276.3 0.345436
276.4 0.805954
276.5 -2.32933
276.6 1.09587
276.7 -2.3349
276.8 2.11547
276.9 0.24251
277 -0.462247
277.1 -3.0354
277.2 1.07698
277.3 0.148813
277.4 -0.485795
277.5 0.551023
277.6 0.801756
277.7 0.515626
277.8 0.205993
277.9 -0.782252
278 1.04398
278.1 -0.44816
278.2 1.52643
278.3 -1.78551
278.4 -2.55372
278.5 -1.17188
278.6 -1.40275
278.7 -1.52061
278.8 -0.0212388
278.9 -1.6347
279 -1.88062
279.1 -1.0769
279.2 1.30847
279.3 0.287574
279.4 -0.705042
279.5 -0.153201
279.6 -0.311647
279.7 0.735272
279.8 0.15906
279.9 0.340761
280 1.30715
280.1 1.78736
280.2 0.741762
280.3 -0.801225
280.4 -0.474897
280.5 -1.39911
280.6 -0.202726
280.7 1.57651
280.8 0.563987
280.9 -0.244028
281 -0.764288
281.1 -1.26513
281.2 2.33265
281.3 1.91414
281.4 -0.319612
281.5 -0.821197
281.6 0.833728
281.7 -1.91593
281.8 -1.06195
281.9 0.841637
282 -0.215847
282.1 -0.492718
282.2 -2.07928
282.3 1.24111
282.4 -0.765912
282.5 0.372242
282.6 -0.403675
282.7 -1.91038
282.8 -2.95101
282.9 -0.249444
283 -2.17596
283.1 -0.756981
283.2 1.53029
283.3 -2.91552
283.4 -0.496457
283.5 0.54125
283.6 0.47425
283.7 2.16939
283.8 1.08184
283.9 -0.187985
284 -1.92609
284.1 0.974892
284.2 0.134135
284.3 1.8641
284.4 -0.699408
284.5 -1.75724
284.6 0.184054
284.7 -0.775394
284.8 1.33397
284.9 -0.915523
285 0.191423
285.1 -0.297236
285.2 -0.520124
285.3 0.104653
285.4 -1.42629
285.5 2.51753
285.6 1.85835
285.7 -0.940584
285.8 0.0222925
285.9 -1.84663
286 1.49441
286.1 0.758925
286.2 -0.244059
286.3 -0.673543
286.4 0.280166
286.5 -2.79071
286.6 -0.170401
286.7 -1.05127
286.8 0.237104
286.9 0.397003
287 -1.12148
287.1 0.908283
287.2 1.29677
287.3 -0.0180788
287.4 0.441007
287.5 -0.439144
287.6 0.034969
287.7 -1.5703
287.8 -2.61999
287.9 -0.75613
288 1.42064
288.1 -0.88564
288.2 1.27497
288.3 -0.524568
288.4 -1.68135
288.5 0.199483
288.6 -0.335543
288.7 -3.64823
288.8 0.770596
288.9 -1.54609
289 1.57327
289.1 0.0297327
289.2 0.0522026
289.3 -0.390578
289.4 -2.19121
289.5 1.02095
289.6 0.175431
289.7 -1.04074
289.8 1.19569
289.9 -0.697933
290 -0.880324
290.1 2.02036
290.2 -1.62835
290.3 1.61559
290.4 1.60161
290.5 -1.18706
290.6 2.4336
290.7 -2.35886
290.8 -2.5065
290.9 -0.86173
291 0.941878
291.1 -1.0636
291.2 1.39384
291.3 -0.700723
291.4 1.39825
291.5 -0.864414
291.6 -1.25429
291.7 -0.629448
291.8 0.352742
291.9 -0.128522
292 -2.80202
292.1 0.619065
292.2 0.361839
292.3 1.5007
292.4 1.47988
292.5 0.0866818
292.6 -1.08448
292.7 0.425424
292.8 -1.84093
292.9 -1.56074
293 0.649417
293.1 0.849242
293.2 -1.25853
293.3 2.59706
293.4 0.99124
293.5 0.219806
293.6 0.408014
293.7 -1.11137
293.8 1.90624
293.9 -0.827529
294 1.52022
294.1 -0.53393
294.2 0.265074
294.3 0.169815
294.4 1.03633
294.5 -0.480325
294.6 -0.027017
294.7 -0.629841
294.8 -0.617888
294.9 -1.29964
295 1.13736
295.1 0.938159
295.2 1.22189
295.3 -2.24601
295.4 -0.672183
295.5 -2.08007
295.6 1.12229
295.7 -1.95396
295.8 0.476227
295.9 1.44566
296 -0.901958
296.1 -0.785632
296.2 1.89103
296.3 -1.73596
296.4 -0.347876
296.5 -0.788271
296.6 1.27158
296.7 -1.70363
296.8 0.954457
296.9 -1.18899
297 1.43647
297.1 1.3957
297.2 0.482954
297.3 0.855818
297.4 -0.180804
297.5 0.00147882
297.6 -1.10446
297.7 -0.68088
297.8 1.28464
297.9 -1.20582
298 -2.05926
298.1 1.57302
298.2 -1.07356
298.3 3.05468
298.4 -1.00377
298.5 1.36632
298.6 0.73183
298.7 -0.710333
298.8 -1.84898
298.9 1.6474
299 0.264997
299.1 -0.212006
299.2 0.693714
299.3 1.51682
299.4 -0.493945
299.5 1.55741
299.6 0.58794
299.7 -0.385457
299.8 -1.43462
299.9 -1.73181
300 -1.95182
300.1 0.980609
300.2 1.41112
300.3 -2.50912
300.4 -1.03961
300.5 -1.24951
300.6 1.76698
300.7 0.290004
300.8 -0.842947
300.9 -0.294067
301 0.245192
301.1 1.90966
301.2 1.20082
301.3 -0.18693
301.4 2.9063
301.5 1.04283
301.6 2.4458
301.7 0.166673
301.8 -0.108765
301.9 0.502979
302 -0.790906
302.1 -0.490888
302.2 -0.10675
302.3 0.608544
302.4 2.9805
302.5 -0.587545
302.6 1.06051
302.7 -2.41528
302.8 1.76437
302.9 -0.507456
303 2.07684
303.1 -1.36576
303.2 -0.53984
303.3 -1.46192
303.4 1.13594
303.5 0.75305
303.6 -2.81115
303.7 0.786626
303.8 -2.02938
303.9 0.8319
304 -3.07619
304.1 -0.176947
304.2 0.990794
304.3 0.355637
304.4 0.980895
304.5 -1.05456
304.6 -1.62182
304.7 1.00454
304.8 -2.17752
304.9 1.89223
305 -1.54159
305.1 -0.930971
305.2 -0.901967
305.3 0.0933653
305.4 1.34693
305.5 1.04612
305.6 0.372983
305.7 -0.356886
305.8 0.907178
305.9 -2.19827
306 1.27349
306.1 -0.114654
306.2 -0.888364
306.3 -0.144717
306.4 1.14881
306.5 2.10098
306.6 0.650096
306.7 -1.47024
306.8 -1.40087
306.9 0.394363
307 -0.14075
307.1 -0.429881
307.2 2.67876
307.3 -1.40966
307.4 0.319553
307.5 -0.760025
307.6 0.016897
307.7 -0.365052
307.8 -1.48188
307.9 0.650491
308 -1.17848
308.1 0.735943
308.2 -1.80432
308.3 -0.776167
308.4 -0.365448
308.5 -1.26012
308.6 0.843974
308.7 0.842717
308.8 -0.133853
308.9 -0.507337
309 0.489507
309.1 -0.732599
309.2 -1.92239
309.3 -0.267316
309.4 -2.26041
309.5 2.17051
309.6 0.529709
309.7 1.33447
309.8 -1.82972
309.9 1.02813
310 1.74727
310.1 0.332145
310.2 1.10776
310.3 -0.61677
310.4 -1.63291
310.5 1.37725
310.6 -0.0644559
310.7 -0.755381
310.8 3.1366
310.9 0.233494
311 2.12744
311.1 0.904356
311.2 1.34187
311.3 0.929224
311.4 0.918261
311.5 -1.21499
311.6 0.728524
311.7 0.84181
311.8 0.265074
311.9 1.20662
312 1.40253
312.1 -2.15938
312.2 1.24244
312.3 0.0778215
312.4 -0.00122848
312.5 -0.948367
312.6 -0.632225
312.7 -1.23677
312.8 1.30687
312.9 -1.95941
313 0.640454
313.1 0.615253
313.2 -2.11491
313.3 -0.275629
313.4 1.44807
313.5 1.3682
313.6 -0.657226
313.7 -0.66728
313.8 0.46627
313.9 1.12994
314 -0.0216156
314.1 1.0273
314.2 1.71884
314.3 -1.23101
314.4 -1.82851
314.5 -2.08501
314.6 1.09638
314.7 0.633465
314.8 -1.04939
314.9 2.09885
315 0.478936
315.1 1.2926
315.2 1.76037
315.3 0.593197
315.4 -0.356
315.5 -0.126813
315.6 -1.79671
315.7 -0.528364
315.8 -0.991414
315.9 0.817829
316 -0.431173
316.1 0.185456
316.2 1.0881
316.3 1.84981
316.4 0.387427
316.5 -2.15211
316.6 -0.421953
316.7 -1.56078
316.8 -1.34775
316.9 -0.662274
317 -0.719241
317.1 2.44388
317.2 0.984314
317.3 2.12576
317.4 2.52586
317.5 0.651844
317.6 -1.19614
317.7 0.207786
317.8 0.455745
317.9 -0.358164
318 0.124669
318.1 0.93259
318.2 -0.398808
318.3 -1.48305
318.4 -1.28386
318.5 1.04956
318.6 1.97923
318.7 -0.92155
318.8 -1.96321
318.9 -0.82806
319 0.702484
319.1 1.43428
319.2 1.85407
319.3 -1.94372
319.4 -0.403683
319.5 0.243402
319.6 -0.712135
319.7 -0.0284512
319.8 -1.27198
319.9 -0.877535
320 0.0553483
320.1 -0.720662
320.2 -0.576989
320.3 -2.44829
320.4 2.44341
320.5 1.53856
320.6 -0.501323
320.7 -0.520539
320.8 -2.73291
320.9 -1.14363
321 0.822218
321.1 -2.00855
321.2 -1.03009
321.3 1.64427
321.4 -1.25206
321.5 -0.674575
321.6 -1.83645
321.7 0.438941
321.8 -2.14891
321.9 1.0785
322 -0.00448764
322.1 0.366093
322.2 1.06743
322.3 -1.03752
322.4 -0.459736
322.5 0.041828
322.6 -1.64171
322.7 1.12898
322.8 1.09484
322.9 -1.56255
323 1.42346
323.1 -1.88606
323.2 2.31064
323.3 -1.94057
323.4 1.32731
323.5 2.35442
323.6 -0.232141
323.7 0.744739
323.8 -0.752088
323.9 -1.93928
324 0.828878
324.1 -0.92674
324.2 1.24567
324.3 -1.29429
324.4 -1.80902
324.5 -1.55397
324.6 -2.2601
324.7 0.995209
324.8 0.0736776
324.9 0.508588
325 -1.23632
325.1 -0.0437567
325.2 1.03694
325.3 1.81854
325.4 0.656839
325.5 0.170474
325.6 -1.90817
325.7 -0.182506
325.8 -0.352329
325.9 -0.141112
326 0.606831
326.1 -1.41892
326.2 -0.437567
326.3 3.76589
326.4 -1.21554
326.5 -1.00811
326.6 -0.226618
326.7 2.45008
326.8 -2.53944
326.9 0.283676
327 1.40025
327.1 -1.38256
327.2 0.750328
327.3 -0.422325
327.4 0.291352
327.5 1.7119
327.6 -0.644369
327.7 -0.824218
327.8 -1.07921
327.9 -1.14955
328 -0.38142
328.1 1.28436
328.2 0.381867
328.3 -0.334391
328.4 1.76627
328.5 -1.49314
328.6 -1.51625
328.7 -0.0118623
328.8 1.87017
328.9 0.702169
329 1.01541
329.1 1.48229
329.2 0.0750301
329.3 -0.803577
329.4 0.88876
329.5 -1.88411
329.6 -0.438036
329.7 2.43962
329.8 1.16894
329.9 0.260531
330 -1.2754
330.1 -0.386105
330.2 0.794784
330.3 0.555106
330.4 1.15954
330.5 -1.96289
330.6 0.568452
330.7 -2.14886
330.8 2.26802
330.9 0.0284689
331 0.233765
331.1 -0.0508035
331.2 0.807094
331.3 -0.733213
331.4 -1.62492
331.5 0.632358
331.6 -0.559776
331.7 0.260113
331.8 -0.523579
331.9 -0.929778
332 -0.66936
332.1 0.82802
332.2 0.129722
332.3 1.8467
332.4 -0.674419
332.5 1.81527
332.6 1.13328
332.7 0.22859
332.8 2.68975
332.9 -2.48403
333 -1.94585
333.1 -1.30842
333.2 0.133691
333.3 -0.329698
333.4 -1.52261
333.5 -1.17357
333.6 -1.37597
333.7 -0.302347
333.8 -1.91524
333.9 -1.26801
334 -0.577092
334.1 0.0668079
334.2 -0.948912
334.3 -1.04046
334.4 -0.0306005
334.5 1.61921
334.6 -1.10644
334.7 0.286777
334.8 0.54448
334.9 -1.45666
335 2.4963
335.1 -1.52627
335.2 0.661605
335.3 -0.356049
335.4 1.68578
335.5 -0.517304
335.6 0.202818
335.7 1.17529
335.8 0.800224
335.9 -1.38283
336 0.373254
336.1 -1.71777
336.2 1.69498
336.3 0.747871
336.4 -1.44268
336.5 0.629554
336.6 1.65183
336.7 0.682199
336.8 0.688474
336.9 -0.775316
337 -1.16778
337.1 0.417066
337.2 -0.983111
337.3 1.5946
337.4 -0.961443
337.5 0.280605
337.6 0.506293
337.7 -0.88888
337.8 -0.597623
337.9 -1.78466
338 -1.89966
338.1 -0.557636
338.2 -0.617839
338.3 2.35393
338.4 -0.653129
338.5 1.57867
338.6 -1.24744
338.7 -1.7692
338.8 -1.93484
338.9 -0.0969678
339 -1.11959
339.1 2.45672
339.2 -0.287664
339.3 0.265363
339.4 -1.16686
339.5 0.0277806
339.6 2.0606
339.7 2.06775
339.8 -0.247724
339.9 0.233797
340 0.207791
340.1 -0.32301
340.2 -0.500051
340.3 0.694245
340.4 0.00919178
340.5 -1.45691
340.6 1.47881
340.7 1.48301
340.8 0.430811
340.9 1.53918
341 1.56893
341.1 0.333987
341.2 0.812161
341.3 -0.446729
341.4 1.58753
341.5 1.51764
341.6 -1.07556
341.7 0.889602
341.8 -1.19822
341.9 2.25465
342 -0.778147
342.1 -2.71021
342.2 -1.57591
342.3 0.626297
342.4 0.641592
342.5 -2.22746
342.6 1.50089
342.7 0.0813937
342.8 0.868397
342.9 0.0711404
343 1.66717
343.1 -0.787401
343.2 1.79031
343.3 -3.01637
343.4 -1.67536
343.5 2.03643
343.6 -0.154605
343.7 -1.00969
343.8 -0.892965
343.9 0.347914
344 0.257926
344.1 -1.26117
344.2 0.733251
344.3 -1.10176
344.4 -1.02733
344.5 -2.12319
344.6 -1.38122
344.7 -0.585463
344.8 2.42383
344.9 -1.1963
345 1.6874
345.1 -2.78161
345.2 -0.924613
345.3 0.831723
345.4 -0.502506
345.5 0.864791
345.6 0.244066
345.7 0.213084
345.8 0.760455
345.9 -0.736432
346 0.808745
346.1 0.947849
346.2 -1.45381
346.3 -0.294308
346.4 1.03358
346.5 -0.153368
346.6 -0.350931
346.7 0.949116
346.8 -0.820284
346.9 0.663523
347 -0.141557
347.1 -0.775577
347.2 1.42919
347.3 1.03602
347.4 1.65337
347.5 -2.08637
347.6 1.37229
347.7 0.834463
347.8 0.62671
347.9 -1.51085
348 1.15839
348.1 1.17859
348.2 -2.105
348.3 1.36151
348.4 1.66404
348.5 1.00866
348.6 1.41884
348.7 -1.94324
348.8 0.27019
348.9 -0.841474
349 0.809835
349.1 -0.248173
349.2 -0.859922
349.3 -1.9648
349.4 -0.087786
349.5 -1.11772
349.6 -0.419835
349.7 -1.02701
349.8 0.690732
349.9 -0.515698
350 -1.79857
350.1 1.80121
350.2 -0.733998
350.3 -1.65823
350.4 -1.05235
350.5 1.79934
350.6 -2.13029
350.7 0.571813
350.8 -0.716429
350.9 -0.152431
351 2.30561
351.1 -0.502387
351.2 1.77298
351.3 -1.58678
351.4 -0.611414
351.5 2.542
351.6 0.942506
351.7 1.72156
351.8 1.6235
351.9 2.22783
352 2.43396
352.1 -0.626173
352.2 -1.57193
352.3 1.25757
352.4 -1.58528
352.5 -1.74803
352.6 0.828267
352.7 2.58293
352.8 -0.762896
352.9 -0.771749
353 1.09681
353.1 -0.391957
353.2 0.0587501
353.3 0.506838
353.4 -0.323035
353.5 0.388146
353.6 -1.78972
353.7 0.973368
353.8 1.21361
353.9 0.104034
354 0.0765449
354.1 0.440733
354.2 1.17068
354.3 2.7326
354.4 0.650225
354.5 1.13534
354.6 -0.29758
354.7 0.0545868
354.8 -1.20537
354.9 -1.7038
355 -1.41432
355.1 0.70197
355.2 0.959081
355.3 -0.235233
355.4 -0.703986
355.5 0.816029
355.6 -0.984604
355.7 2.22124
355.8 0.303654
355.9 1.03058
356 1.36599
356.1 -0.282973
356.2 -1.06372
356.3 -0.876065
356.4 -2.23639
356.5 -0.00522258
356.6 -1.93278
356.7 1.10294
356.8 0.186616
356.9 -2.10071
357 -0.954578
357.1 1.09455
357.2 -0.1197
357.3 -0.403423
357.4 1.00574
357.5 -0.619423
357.6 -0.546075
357.7 0.217162
357.8 1.16562
357.9 1.28738
358 2.48312
358.1 -3.04796
358.2 -0.960111
358.3 -0.314611
358.4 -1.17507
358.5 -0.771611
358.6 -0.173976
358.7 1.54995
358.8 0.67729
358.9 1.4567
359 2.18824
359.1 -0.053278
359.2 -0.433129
359.3 0.908268
359.4 -1.04596
359.5 -1.12808
359.6 -0.45065
359.7 0.542368
359.8 0.793789
359.9 -1.43896
360 -0.238351
360.1 -0.10364
360.2 2.55479
360.3 0.915837
360.4 0.203219
360.5 0.91314
360.6 -0.659142
360.7 1.75762
360.8 -0.652187
360.9 0.912523
361 0.964236
361.1 -1.94606
361.2 -0.0150141
361.3 1.51837
361.4 -0.217682
361.5 0.939623
361.6 0.241774
361.7 -0.656471
361.8 -2.27107
361.9 -1.61724
362 -0.665687
362.1 -1.65626
362.2 -0.375856
362.3 0.972934
362.4 -0.523026
362.5 0.853444
362.6 1.12404
362.7 1.3629
362.8 -1.41884
362.9 -0.200023
363 1.98894
363.1 -0.32413
363.2 -2.14458
363.3 -0.108352
363.4 0.121422
363.5 -0.0440329
363.6 0.468007
363.7 -0.577515
363.8 0.117831
363.9 -0.791822
364 -0.680439
364.1 -1.19247
364.2 -0.861466
364.3 0.00299697
364.4 -1.62364
364.5 1.94959
364.6 -1.16756
364.7 -0.191771
364.8 -1.12439
364.9 1.30396
365 0.747704
365.1 0.431311
365.2 -1.55797
365.3 0.418223
365.4 -0.0284637
365.5 -1.09136
365.6 0.62295
365.7 -0.39973
365.8 0.251065
365.9 1.45475
366 -0.380486
366.1 0.323951
366.2 -0.800271
366.3 1.51446
366.4 -0.87237
366.5 2.47371
366.6 -0.166807
366.7 0.506101
366.8 0.835523
366.9 -0.793947
367 2.24781
367.1 -1.49376
367.2 -0.529429
367.3 -0.356907
367.4 -0.663786
367.5 1.5682
367.6 1.175
367.7 -0.80263
367.8 1.55754
367.9 -2.68213
368 -1.19251
368.1 -1.1042
368.2 -1.42722
368.3 0.288891
368.4 -0.420669
368.5 0.531511
368.6 -1.38546
368.7 -0.348788
368.8 -0.0652016
368.9 -0.435131
369 1.41938
369.1 0.799721
369.2 -0.991802
369.3 2.65472
369.4 -1.59299
369.5 -1.16111
369.6 -0.950028
369.7 -1.18275
369.8 -0.541233
369.9 0.575344
370 0.951045
370.1 -1.81043
370.2 0.77543
370.3 0.54638
370.4 1.93581
370.5 -1.66302
370.6 -0.824273
370.7 -0.716788
370.8 0.77544
370.9 -0.623475
371 -0.495756
371.1 1.11343
371.2 0.133014
371.3 -3.46049
371.4 -1.80682
371.5 -0.805256
371.6 -1.30382
371.7 2.67236
371.8 -1.88507
371.9 0.532099
372 -1.18539
372.1 0.309789
372.2 -1.70575
372.3 0.93532
372.4 -0.374071
372.5 -0.790929
372.6 -2.01696
372.7 -0.309542
372.8 1.13702
372.9 0.86749
373 -0.60036
373.1 -0.59554
373.2 0.800268
373.3 -0.0609005
373.4 -0.719431
373.5 1.51593
373.6 -0.804258
373.7 0.194088
373.8 -0.056811
373.9 -0.517446
374 0.5061
374.1 0.959894
374.2 0.586212
374.3 0.510373
374.4 0.768774
374.5 1.00312
374.6 -0.224765
374.7 -0.540469
374.8 0.512794
374.9 -0.482054
375 1.84599
375.1 -1.02195
375.2 -0.663791
375.3 1.92386
375.4 1.48633
375.5 -1.17585
375.6 1.35174
375.7 -0.0487446
375.8 -1.85446
375.9 2.18114
376 -1.89448
376.1 -0.0718916
376.2 0.947456
376.3 -0.862903
376.4 0.267159
376.5 0.549014
376.6 -0.376317
376.7 -3.03191
376.8 -1.03168
376.9 2.4839
377 1.52577
377.1 -0.379598
377.2 -0.809365
377.3 0.416367
377.4 1.95089
377.5 -0.34136
377.6 2.35381
377.7 0.397549
377.8 1.08806
377.9 0.195866
378 -0.143858
378.1 -2.50683
378.2 0.494191
378.3 -1.27508
378.4 -0.263909
378.5 0.513549
378.6 -1.01801
378.7 0.512383
378.8 1.92594
378.9 1.02498
379 -3.89034
379.1 0.493737
379.2 -1.304
379.3 1.49461
379.4 -0.783749
379.5 0.782349
379.6 -0.630217
379.7 -2.04344
379.8 1.73954
379.9 -0.637032
380 1.06995
380.1 0.529841
380.2 1.69552
380.3 -0.819322
380.4 -0.47808
380.5 0.107223
380.6 1.35185
380.7 -1.36252
380.8 1.96036
380.9 1.31003
381 0.964851
381.1 0.846981
381.2 1.45136
381.3 0.992588
381.4 -0.774236
381.5 1.87314
381.6 -1.01834
381.7 -0.972049
381.8 1.46486
381.9 0.0485329
382 0.439929
382.1 2.5725
382.2 -0.798464
382.3 -0.145847
382.4 -2.03861
382.5 -0.608271
382.6 -1.9391
382.7 0.621107
382.8 -0.58341
382.9 -1.48617
383 1.21703
383.1 0.877358
383.2 0.825228
383.3 0.978741
383.4 1.89737
383.5 -0.0583231
383.6 -0.26523
383.7 -0.197535
383.8 1.67747
383.9 -2.09753
384 -1.23402
384.1 -0.832721
384.2 1.83208
384.3 1.56013
384.4 0.679614
384.5 -0.401881
384.6 -0.343437
384.7 -1.1306
384.8 -1.68656
384.9 1.42004
385 -2.06417
385.1 1.43703
385.2 -0.737547
385.3 -1.27748
385.4 1.9613
385.5 -0.420664
385.6 -0.876653
385.7 1.57141
385.8 -1.80646
385.9 0.551309
386 0.920766
386.1 1.50991
386.2 -0.838514
386.3 -2.31656
386.4 1.43398
386.5 -0.746224
386.6 -1.22365
386.7 1.07498
386.8 0.997808
386.9 2.17068
387 1.33543
387.1 1.80088
387.2 -1.50939
387.3 -0.0306434
387.4 1.97182
387.5 -0.946684
387.6 -1.80937
387.7 -0.989356
387.8 -1.4276
387.9 -0.423252
388 1.19538
388.1 0.830025
388.2 1.08605
388.3 -0.0141017
388.4 1.88913
388.5 0.2973
388.6 -1.15548
388.7 -0.631546
388.8 -1.48285
388.9 -0.198376
389 0.165065
389.1 -2.50317
389.2 -0.78395
389.3 0.0253597
389.4 -1.04659
389.5 1.40018
389.6 -0.0931558
389.7 0.792845
389.8 -0.713441
389.9 -0.023843
390 0.179644
390.1 1.19672
390.2 -0.198774
390.3 -0.977665
390.4 -0.746747
390.5 0.00752934
390.6 -0.69691
390.7 0.870492
390.8 -1.46722
390.9 0.435177
391 -0.663885
391.1 1.32066
391.2 0.668686
391.3 -1.29019
391.4 -0.245429
391.5 -0.945439
391.6 1.51015
391.7 0.690338
391.8 -0.683161
391.9 2.7023
392 0.28402
392.1 -0.15496
392.2 0.869665
392.3 -1.68712
392.4 -2.17061
392.5 -0.0741791
392.6 -0.877541
392.7 -0.0706461
392.8 -3.00855
392.9 -0.976344
393 -1.32535
393.1 0.903923
393.2 1.07156
393.3 -2.11067
393.4 -2.44483
393.5 -0.427001
393.6 -0.932032
393.7 0.189264
393.8 0.53082
393.9 -0.426831
394 0.0235501
394.1 0.183078
394.2 2.16546
394.3 -1.01655
394.4 -1.71859
394.5 -0.38868
394.6 -2.2986
394.7 0.361608
394.8 1.91275
394.9 0.737074
395 -2.82314
395.1 1.82955
395.2 0.977694
395.3 -1.44002
395.4 -0.0624898
395.5 -0.209157
395.6 1.8839
395.7 -1.52696
395.8 -2.55168
395.9 0.781062
396 1.18353
396.1 0.994074
396.2 1.99328
396.3 0.605682
396.4 -1.65103
396.5 -0.996961
396.6 1.58135
396.7 -0.612418
396.8 2.37577
396.9 0.733517
397 -1.04583
397.1 0.977904
397.2 1.93721
397.3 -1.33006
397.4 0.330545
397.5 0.972446
397.6 -0.992414
397.7 -1.63755
397.8 0.291055
397.9 -1.9348
398 -0.0203487
398.1 -2.21601
398.2 0.640686
398.3 -1.63277
398.4 0.411664
398.5 0.504869
398.6 -0.705482
398.7 0.664878
398.8 -1.12686
398.9 0.719789
399 -0.28936
399.1 -1.17508
399.2 -0.768252
399.3 0.997017
399.4 2.28823
399.5 -1.29445
399.6 0.257775
399.7 1.87708
399.8 -0.243949
399.9 0.42143
400 -1.68024
400.1 -1.24261
400.2 1.4695
400.3 -0.0649416
400.4 0.930859
400.5 -2.17119
400.6 0.209727
400.7 -1.47241
400.8 0.934426
400.9 0.35351
401 1.68883
401.1 0.136183
401.2 -1.53479
401.3 -0.852094
401.4 0.515205
401.5 1.73137
401.6 -2.95322
401.7 -0.109412
401.8 1.81103
401.9 -1.91527
402 1.77327
402.1 -0.735598
402.2 2.16686
402.3 -1.27711
402.4 2.73119
402.5 -1.98406
402.6 0.0649994
402.7 -0.394183
402.8 -0.128754
402.9 -0.431696
403 0.504869
403.1 2.20895
403.2 -1.43045
403.3 0.0644208
403.4 1.04888
403.5 -0.428459
403.6 1.00209
403.7 -1.08747
403.8 0.772306
403.9 -1.57541
404 -0.207165
404.1 -1.28779
404.2 1.1724
404.3 1.66163
404.4 0.796379
404.5 0.558814
404.6 -1.02726
404.7 -1.60957
404.8 -1.33766
404.9 -0.82238
405 -1.32765
405.1 0.550278
405.2 -0.112621
405.3 0.796597
405.4 0.698626
405.5 -1.19437
405.6 -0.947933
405.7 0.56652
405.8 -0.666562
405.9 -0.0630482
406 -0.602684
406.1 -1.10863
406.2 0.369541
406.3 -0.753444
406.4 2.43004
406.5 0.415575
406.6 1.47956
406.7 -2.0847
406.8 0.645547
406.9 0.250047
407 0.997511
407.1 0.168485
407.2 0.979452
407.3 -0.174725
407.4 -0.573972
407.5 -1.84318
407.6 -0.588429
407.7 -1.35126
407.8 1.48504
407.9 1.1702
408 -0.982743
408.1 -1.42157
408.2 1.2094
408.3 -1.63643
408.4 -1.84857
408.5 -1.35617
408.6 -1.04792
408.7 -0.784377
408.8 0.407387
408.9 -0.70603
409 -2.55795
409.1 0.231797
409.2 -2.21471
409.3 -0.486925
409.4 -0.683991
409.5 1.36699
409.6 -1.90272
409.7 1.82682
409.8 2.09779
409.9 -1.3699
410 -1.81582
410.1 0.153427
410.2 -2.44333
410.3 0.372227
410.4 0.879157
410.5 -1.32076
410.6 -1.88599
410.7 -0.547461
410.8 -1.07971
410.9 -1.77636
411 -0.417293
411.1 0.197446
411.2 0.948846
411.3 2.47843
411.4 1.6473
411.5 -2.50053
411.6 1.4023
411.7 3.16205
411.8 1.12582
411.9 0.444258
412 -0.126659
412.1 -0.812453
412.2 0.311271
412.3 0.0635104
412.4 -0.240015
412.5 0.927138
412.6 -1.02927
412.7 0.57224
412.8 -1.494
412.9 -1.45817
413 -2.43578
413.1 0.734288
413.2 0.0625516
413.3 -1.61484
413.4 -0.107256
413.5 -2.00982
413.6 -1.8566
413.7 2.14568
413.8 -1.44139
413.9 -0.767711
414 -0.595046
414.1 3.43827
414.2 -1.43632
414.3 1.60821
414.4 -1.53351
414.5 0.803454
414.6 1.25715
414.7 1.89542
414.8 -0.431488
414.9 -2.02875
415 -1.40292
415.1 1.14036
415.2 2.92794
415.3 -1.10142
415.4 0.625196
415.5 1.74759
415.6 1.9923
415.7 -1.78147
415.8 0.929383
415.9 -2.4052
416 0.29766
416.1 0.165256
416.2 -0.998469
416.3 3.47656
416.4 1.68087
416.5 -0.927037
416.6 1.15763
416.7 -0.0383837
416.8 2.24229
416.9 0.513842
417 -0.437873
417.1 0.891857
417.2 0.180981
417.3 -0.124551
417.4 -0.892902
417.5 2.11788
417.6 -0.427663
417.7 -0.234805
417.8 -0.650333
417.9 1.5103
418 -1.14539
418.1 -0.662031
418.2 -2.16005
418.3 0.275303
418.4 1.79638
418.5 -0.107686
418.6 -0.649842
418.7 -1.56422
418.8 0.0639312
418.9 -0.94738
419 0.963967
419.1 -1.11159
419.2 1.13496
419.3 0.270018
419.4 -1.34498
419.5 -0.0263586
419.6 0.87481
419.7 2.50461
419.8 -0.382666
419.9 -1.20489
420 -0.134099
420.1 -0.773087
420.2 0.549613
420.3 -0.635782
420.4 -0.0909628
420.5 1.12576
420.6 -0.825077
420.7 -0.822324
420.8 -0.364679
420.9 -0.0346527
421 0.32138
421.1 0.779672
421.2 -1.11589
421.3 -0.87198
421.4 1.74798
421.5 -0.00990468
421.6 1.10691
421.7 0.577872
421.8 0.00581556
421.9 2.13843
422 -0.720538
422.1 -1.21599
422.2 2.91662
422.3 1.64313
422.4 -1.27244
422.5 -1.52972
422.6 1.20102
422.7 0.136422
422.8 -1.14173
422.9 1.09372
423 -1.23231
423.1 -0.743368
423.2 0.821426
423.3 1.26646
423.4 -0.90454
423.5 1.98432
423.6 0.043956
423.7 -1.19903
423.8 -0.564688
423.9 1.7352
424 1.18241
424.1 -0.14003
424.2 1.68079
424.3 0.0377184
424.4 1.06394
424.5 -2.36779
424.6 2.43735
424.7 -1.82365
424.8 -2.0178
424.9 -0.268934
425 -2.30139
425.1 -1.80608
425.2 -1.00205
425.3 -2.18869
425.4 -1.20654
425.5 0.901444
425.6 -1.3079
425.7 -0.495917
425.8 -0.278945
425.9 -0.738398
426 -0.895932
426.1 1.78015
426.2 -1.2276
426.3 -0.0996936
426.4 -1.02911
426.5 2.8016
426.6 0.94479
426.7 -1.26723
426.8 -1.45739
426.9 1.77042
427 0.220497
427.1 -0.960958
427.2 0.599947
427.3 0.54608
427.4 0.600138
427.5 1.33888
427.6 -0.257197
427.7 1.33024
427.8 -0.410792
427.9 2.41932
428 -0.0327412
428.1 -0.557745
428.2 3.04709
428.3 -0.947407
428.4 1.83492
428.5 -0.943206
428.6 2.20388
428.7 -1.49652
428.8 2.07617
428.9 -0.810374
429 0.499161
429.1 1.34999
429.2 -0.862367
429.3 2.28372
429.4 0.168988
429.5 1.55283
429.6 -1.13445
429.7 -0.921387
429.8 0.119682
429.9 -2.17933
430 2.46498
430.1 -0.622941
430.2 -0.599313
430.3 0.861364
430.4 -1.30721
430.5 1.16085
430.6 -2.45853
430.7 1.69027
430.8 -1.87245
430.9 0.168502
431 -1.84783
431.1 1.34636
431.2 -0.247938
431.3 0.747937
431.4 -1.55371
431.5 -0.554691
431.6 -2.43585
431.7 1.44001
431.8 -1.15907
431.9 0.6734
432 1.47957
432.1 -0.202402
432.2 -1.08404
432.3 1.02426
432.4 -0.138888
432.5 -0.625954
432.6 0.962648
432.7 1.14107
432.8 -0.597048
432.9 -1.69325
433 0.426297
433.1 1.48308
433.2 -0.0714902
433.3 -0.409294
433.4 1.8561
433.5 -2.26789
433.6 1.7419
433.7 1.02067
433.8 0.696312
433.9 2.41397
434 -1.7172
434.1 0.742111
434.2 0.89824
434.3 -0.115658
434.4 -0.270058
434.5 0.987843
434.6 -1.12045
434.7 3.02003
434.8 2.51794
434.9 -2.39766
435 2.58378
435.1 0.0528524
435.2 -1.23027
435.3 1.23377
435.4 -1.773
435.5 -1.81657
435.6 1.34392
435.7 -0.621528
435.8 -0.287101
435.9 -0.802392
436 0.196269
436.1 1.5569
436.2 -0.455938
436.3 0.547246
436.4 -0.322414
436.5 0.977579
436.6 0.52248
436.7 1.89519
436.8 1.25941
436.9 -0.317002
437 -1.56861
437.1 0.441539
437.2 1.03557
437.3 0.660147
437.4 -0.10438
437.5 -1.65781
437.6 1.9195
437.7 2.26825
437.8 1.3214
437.9 -1.00244
438 -0.784549
438.1 -1.98449
438.2 2.06761
438.3 0.00821483
438.4 -2.19603
438.5 -1.33238
438.6 1.42145
438.7 0.3864
438.8 0.161322
438.9 0.992835
439 1.37671
439.1 -3.53746
439.2 -0.852805
439.3 -1.71532
439.4 0.204199
439.5 0.254668
439.6 0.667015
439.7 1.04899
439.8 -0.870496
439.9 -1.41143
440 -1.4728
440.1 2.4774
440.2 1.08104
440.3 -1.05956
440.4 1.56902
440.5 -0.1386
440.6 -1.13798
440.7 -1.91511
440.8 1.47771
440.9 -0.47667
441 -2.2639
441.1 1.90762
441.2 -1.78725
441.3 -0.209481
441.4 0.0396562
441.5 1.53872
441.6 0.783885
441.7 1.09595
441.8 0.467928
441.9 2.09277
442 -1.7295
442.1 -0.967792
442.2 1.15271
442.3 1.82335
442.4 -1.45739
442.5 1.79694
442.6 -0.180018
442.7 -1.37567
442.8 1.04892
442.9 -2.2371
443 -0.631674
443.1 1.15106
443.2 1.44637
443.3 -1.6407
443.4 -3.17721
443.5 -0.839034
443.6 0.0518792
443.7 -1.8406
443.8 -0.114596
443.9 0.514173
444 -2.35637
444.1 0.420978
444.2 0.911922
444.3 1.64029
444.4 -0.249573
444.5 1.8105
444.6 1.68376
444.7 2.88077
444.8 -0.0777282
444.9 0.293262
445 1.56174
445.1 -2.05982
445.2 0.104637
445.3 0.387398
445.4 0.0908191
445.5 2.20519
445.6 -0.72849
445.7 1.56419
445.8 0.909369
445.9 2.63597
446 -0.799737
446.1 0.734987
446.2 2.42121
446.3 -1.6749
446.4 0.232058
446.5 -0.572178
446.6 0.0156148
446.7 2.06646
446.8 1.1887
446.9 -0.879426
447 1.76934
447.1 -0.620748
447.2 -0.694952
447.3 -0.532122
447.4 -0.129937
447.5 -0.517253
447.6 -1.12432
447.7 -0.353568
447.8 0.940745
447.9 -1.90898
448 2.02972
448.1 0.505636
448.2 1.70422
448.3 -0.904759
448.4 -0.704344
448.5 -1.2826
448.6 -1.59467
448.7 1.76652
448.8 0.411056
448.9 -0.319242
449 1.29428
449.1 1.63937
449.2 0.707651
449.3 -0.0544912
449.4 -1.81751
449.5 1.59541
449.6 1.32362
449.7 -0.499882
449.8 0.276125
449.9 -0.766637
450 2.03791
450.1 0.141615
450.2 0.594976
450.3 -0.164087
450.4 -0.50175
450.5 1.53353
450.6 -2.01352
450.7 1.84519
450.8 1.55682
450.9 0.345618
451 -2.751
451.1 0.183721
451.2 -2.00856
451.3 1.90039
451.4 1.02867
451.5 -0.312061
451.6 -0.155707
451.7 0.145716
451.8 -0.991692
451.9 0.385285
452 -1.73455
452.1 0.315072
452.2 -1.29705
452.3 1.01481
452.4 -2.2839
452.5 -0.0293383
452.6 0.378359
452.7 -0.890935
452.8 -2.49245
452.9 2.05624
453 2.12259
453.1 0.434287
453.2 -0.881876
453.3 1.51282
453.4 -0.382535
453.5 0.927455
453.6 -1.45287
453.7 -0.89828
453.8 -1.2819
453.9 -0.141349
454 -0.894987
454.1 2.32567
454.2 1.08052
454.3 1.94567
454.4 -0.444181
454.5 0.516033
454.6 -0.0451968
454.7 1.43806
454.8 -0.709824
454.9 1.93559
455 -1.72942
455.1 -1.32505
455.2 -1.55645
455.3 -0.989128
455.4 1.31019
455.5 1.3833
455.6 1.02524
455.7 0.239792
455.8 -1.83083
455.9 -0.0541762
456 2.51122
456.1 -1.02882
456.2 -0.00888337
456.3 -1.28267
456.4 0.238335
456.5 -0.355594
456.6 -2.752
456.7 0.922803
456.8 -0.352525
456.9 0.92153
457 -0.824189
457.1 0.322522
457.2 -0.4573
457.3 1.43723
457.4 0.640715
457.5 1.42789
457.6 0.0593511
457.7 0.817198
457.8 1.45831
457.9 -1.07436
458 3.15674
458.1 2.27602
458.2 0.451624
458.3 0.174264
458.4 -2.35782
458.5 -1.39469
458.6 -0.585988
458.7 0.956778
458.8 -0.397408
458.9 -0.782293
459 1.24746
459.1 3.1813
459.2 1.59838
459.3 1.87331
459.4 -1.09874
459.5 -1.90593
459.6 -1.15386
459.7 -1.57908
459.8 -0.356914
459.9 -0.765911
460 1.5058
460.1 1.70834
460.2 1.00415
460.3 -1.21605
460.4 -2.37419
460.5 -0.537753
460.6 -0.0733984
460.7 -0.770696
460.8 1.59441
460.9 0.0268033
461 0.607272
461.1 0.398842
461.2 1.99739
461.3 -0.604404
461.4 0.838393
461.5 -1.09243
461.6 2.46792
461.7 -1.51704
461.8 -1.03917
461.9 -0.0868335
462 0.742394
462.1 -0.227667
462.2 -1.96516
462.3 -0.210548
462.4 1.23854
462.5 0.337197
462.6 -0.750419
462.7 -0.478072
462.8 -1.24912
462.9 -0.298942
463 1.63973
463.1 -1.36874
463.2 3.62929
463.3 -0.155296
463.4 0.822038
463.5 -2.14299
463.6 1.27764
463.7 -0.460814
463.8 -0.726595
463.9 0.875857
464 2.36973
464.1 -0.446663
464.2 0.63013
464.3 0.0160581
464.4 1.8722
464.5 -0.563925
464.6 -2.34693
464.7 -1.74647
464.8 1.70451
464.9 0.158179
465 1.9477
465.1 -0.195116
465.2 1.06703
465.3 0.220626
465.4 2.71117
465.5 -2.15815
465.6 -0.242301
465.7 0.874993
465.8 0.862312
465.9 0.0724636
466 1.3518
466.1 0.816476
466.2 -1.80381
466.3 -1.1393
466.4 0.775157
466.5 -2.54141
466.6 -0.794702
466.7 -0.38681
466.8 -0.340722
466.9 0.445139
467 -2.72737
467.1 2.50415
467.2 1.7802
467.3 -1.96371
467.4 -0.0663606
467.5 0.122581
467.6 -1.53894
467.7 3.29824
467.8 0.0146004
467.9 2.02899
468 2.1977
468.1 1.75908
468.2 0.556336
468.3 1.0256
468.4 -1.11391
468.5 1.23603
468.6 -0.70789
468.7 1.13877
468.8 0.784632
468.9 2.64122
469 -0.0852394
469.1 -1.96148
469.2 1.07535
469.3 1.16084
469.4 -0.666988
469.5 -0.579946
469.6 0.794761
469.7 -0.165265
469.8 0.740496
469.9 0.0933413
470 0.616545
470.1 -2.29025
470.2 -1.22815
470.3 -0.00581759
470.4 0.606116
470.5 0.617098
470.6 1.9509
470.7 0.439389
470.8 0.495688
470.9 -1.02758
471 -0.820951
471.1 1.25408
471.2 0.126095
471.3 0.484863
471.4 0.763051
471.5 -0.583538
471.6 1.9627
471.7 -2.2898
471.8 -0.205714
471.9 -1.23636
472 -0.237886
472.1 -2.07643
472.2 1.05759
472.3 -0.912135
472.4 -1.20071
472.5 0.517389
472.6 -1.41418
472.7 1.08275
472.8 -1.59749
472.9 1.98593
473 0.0225387
473.1 -0.588332
473.2 -1.78359
473.3 1.31388
473.4 -1.66118
473.5 -0.0572898
473.6 -2.29695
473.7 -0.246002
473.8 1.19375
473.9 -0.36949
474 -2.53556
474.1 -0.00228026
474.2 1.59493
474.3 0.706582
474.4 0.737392
474.5 0.934242
474.6 -1.2943
474.7 1.57916
474.8 -0.870294
474.9 0.704151
475 -1.53594
475.1 0.615083
475.2 -0.278103
475.3 -0.00114785
475.4 1.54798
475.5 -0.748771
475.6 -1.23266
475.7 2.24496
475.8 -0.190262
475.9 -0.653706
476 0.788049
476.1 -2.69048
476.2 0.765764
476.3 -0.327285
476.4 2.38663
476.5 -0.315752
476.6 1.05272
476.7 -0.981547
476.8 -1.04652
476.9 -1.72269
477 1.93815
477.1 -1.25296
477.2 0.272311
477.3 0.673957
477.4 0.571724
477.5 -1.95384
477.6 -0.470836
477.7 -0.344629
477.8 1.38032
477.9 0.355905
478 0.573182
478.1 1.37671
478.2 1.79036
478.3 1.96079
478.4 -1.35965
478.5 -1.45771
478.6 -1.83084
478.7 -0.162452
478.8 -1.3288
478.9 0.262202
479 1.21268
479.1 0.408399
479.2 1.02474
479.3 -0.856722
479.4 0.884804
479.5 1.73497
479.6 0.953885
479.7 1.04975
479.8 -0.0724854
479.9 0.8044
480 -0.851488
480.1 0.594992
480.2 -1.64019
480.3 0.207386
480.4 -0.926497
480.5 0.304718
480.6 1.18232
480.7 -1.80763
480.8 1.53298
480.9 -1.31141
481 1.91605
481.1 2.11123
481.2 -0.456001
481.3 -0.443334
481.4 1.14914
481.5 1.7142
481.6 0.716111
481.7 0.190752
481.8 -2.36151
481.9 1.40748
482 -0.0626768
482.1 -0.796248
482.2 0.85686
482.3 -0.385856
482.4 2.90533
482.5 1.27275
482.6 -1.47941
482.7 -2.57837
482.8 0.0692465
482.9 0.0143242
483 -0.827335
483.1 -0.165279
483.2 -1.34783
483.3 2.04829
483.4 0.853446
483.5 0.371132
483.6 -1.10368
483.7 1.22379
483.8 0.515045
483.9 2.11714
484 1.16238
484.1 -1.95417
484.2 0.459325
484.3 -0.907311
484.4 1.81563
484.5 -1.11968
484.6 -0.467447
484.7 0.538586
484.8 1.67383
484.9 2.19893
485 0.580483
485.1 1.6586
485.2 0.120701
485.3 -1.21912
485.4 -1.52239
485.5 0.267172
485.6 1.74383
485.7 0.974164
485.8 1.18692
485.9 -2.24304
486 1.35701
486.1 -0.218977
486.2 -1.14254
486.3 0.845691
486.4 2.01249
486.5 1.18902
486.6 0.976347
486.7 0.771244
486.8 -1.44517
486.9 1.56858
487 -0.610813
487.1 -0.298956
487.2 -1.06579
487.3 -0.529573
487.4 2.12149
487.5 -1.06733
487.6 0.490164
487.7 -0.11891
487.8 0.835426
487.9 -2.55855
488 0.669501
488.1 -1.21924
488.2 -0.274913
488.3 0.449026
488.4 -0.86187
488.5 1.75981
488.6 -2.34452
488.7 -1.08757
488.8 -0.392734
488.9 2.15554
489 -0.714871
489.1 3.02237
489.2 0.612243
489.3 2.03789
489.4 -1.14367
489.5 -0.244392
489.6 1.69071
489.7 0.397415
489.8 2.3738
489.9 0.0241685
490 -2.09537
490.1 -0.463817
490.2 -0.563405
490.3 -1.93097
490.4 -0.38007
490.5 1.43591
490.6 0.60156
490.7 0.928256
490.8 -0.404681
490.9 0.534221
491 2.01992
491.1 0.122149
491.2 1.10205
491.3 1.89824
491.4 -0.0879722
491.5 -0.319377
491.6 -2.31304
491.7 0.878931
491.8 0.310541
491.9 -1.82304
492 1.28848
492.1 -1.03657
492.2 -0.419599
492.3 0.367447
492.4 -2.68698
492.5 0.338423
492.6 0.052742
492.7 0.566931
492.8 0.99641
492.9 1.07382
493 -0.063964
493.1 -3.04381
493.2 1.30566
493.3 -1.06486
493.4 0.500081
493.5 0.9974
493.6 -1.26903
493.7 1.64029
493.8 1.13752
493.9 0.283754
494 0.449804
494.1 0.767379
494.2 -1.90621
494.3 0.695374
494.4 2.42956
494.5 -0.341212
494.6 1.72458
494.7 -2.42445
494.8 -0.200131
494.9 1.03135
495 -1.11112
495.1 -0.62241
495.2 1.0332
495.3 1.51851
495.4 0.373902
495.5 0.880665
495.6 1.11332
495.7 0.116964
495.8 -0.394956
495.9 0.254218
496 -0.590911
496.1 1.1897
496.2 1.41678
496.3 2.15179
496.4 0.75649
496.5 -1.34492
496.6 0.423704
496.7 -1.44206
496.8 1.72375
496.9 -0.723996
497 -1.26394
497.1 0.852776
497.2 -0.682603
497.3 1.41607
497.4 1.45207
497.5 -2.23115
497.6 0.523566
497.7 -0.633172
497.8 1.29095
497.9 2.16007
498 -1.49627
498.1 1.64657
498.2 -2.9471
498.3 1.18274
498.4 1.35354
498.5 -0.626257
498.6 -1.1239
498.7 -0.731147
498.8 1.95621
498.9 -0.603514
499 2.69792
499.1 -0.629456
499.2 0.741747
499.3 -0.152714
499.4 0.147464
499.5 1.08045
499.6 0.75254
499.7 1.9909
499.8 0.0913188
499.9 0.688451
