0	0		0		0
0.119431	0.144272		0.144329		2.70581e-05
0.238862	-8.4639		124.233		0.0275091
0.358292	-4.29044		519.784		0.10743
0.477723	9.38782		443.534		0.196104
0.597154	-3.98757		374.599		0.271034
0.716585	5.26091		385.469		0.329751
0.836016	-0.627537		434.804		0.375308
0.955446	3.75632		307.664		0.411223
1.07488	-8.2363		400.273		0.439604
1.19431	1.17528		427.542		0.462716
1.31374	5.33701		388.075		0.481829
1.43317	0.386479		314.358		0.497686
1.5526	0.915373		358.223		0.511139
1.67203	3.70573		391.302		0.522624
1.79146	9.71127		496.326		0.532405
1.91089	7.19439		329.422		0.541339
2.03032	0.217895		446.459		0.548804
2.14975	5.29979e+180		9.49102e-154		4.64837e-310
2.26919	3.03388e-152		6.52017e+252		6.92458e-310
