0	13.2891	6.26072	-0.324918	2.06487
0.526316	13.2891	6.64038	-0.272312	2.06939
1.05263	13.2891	5.95503	-0.377567	2.07034
1.57895	13.2891	6.48748	-0.292023	2.06628
2.10526	13.2891	6.74846	-0.259437	2.06291
2.63158	13.2891	7.18343	-0.215105	2.05031
3.15789	13.2891	6.44126	-0.298355	2.07818
3.68421	13.2891	6.11961	-0.347916	2.08331
4.21053	13.2891	6.53572	-0.285605	2.07126
4.73684	13.2891	7.01864	-0.230615	2.07015
5.26316	13.2891	6.92958	-0.239621	2.08191
5.78947	13.2891	6.42716	-0.300323	2.08093
6.31579	13.2891	6.91221	-0.241432	2.07867
6.84211	13.2891	6.63953	-0.272416	2.09132
7.36842	13.2891	6.73471	-0.261029	2.08933
7.89474	13.2891	6.2815	-0.321703	2.08579
8.42105	13.2891	7.2581	-0.208534	2.08083
8.94737	13.2891	6.84546	-0.248564	2.08696
9.47368	13.2891	7.19749	-0.213847	2.07664
10	13.2891	6.86193	-0.246778	2.08649
