0	13.2477	7.09844	-0.22223	2.05595
0.526316	13.1841	7.12895	-0.218337	2.05513
1.05263	13.4343	7.2827	-0.208684	2.05832
1.57895	13.394	7.17063	-0.217966	2.05725
2.10526	13.4365	7.27157	-0.209679	2.05914
2.63158	13.4492	7.18746	-0.217331	2.06043
3.15789	13.5546	7.20377	-0.21755	2.06397
3.68421	13.4366	7.10287	-0.224978	2.06301
4.21053	13.6105	7.17752	-0.220853	2.06752
4.73684	13.4775	7.07099	-0.228729	2.06723
5.26316	13.6846	7.21364	-0.218736	2.06986
5.78947	13.9807	7.31218	-0.214555	2.07485
6.31579	13.7986	7.19632	-0.222154	2.07396
6.84211	13.6324	7.14603	-0.224145	2.07181
7.36842	13.994	7.31104	-0.21486	2.0763
7.89474	13.8363	7.153	-0.226833	2.07546
8.42105	13.8161	7.18284	-0.223691	2.07499
8.94737	13.8326	7.20686	-0.221726	2.07608
9.47368	13.9708	7.25859	-0.219187	2.0774
10	13.9174	7.21091	-0.22271	2.07737
