0	4.51562	3.10744	-0.902947	1.67363
0.526316	4.51562	3.06029	-0.945328	1.67995
1.05263	4.51562	3.14548	-0.87058	1.67452
1.57895	4.51562	3.08887	-0.91933	1.68149
2.10526	4.51562	3.16553	-0.854145	1.67912
2.63158	4.51562	3.20455	-0.823319	1.68719
3.15789	4.51562	3.26618	-0.777586	1.68984
3.68421	4.51562	3.33671	-0.729316	1.69372
4.21053	4.51562	3.45397	-0.657526	1.69584
4.73684	4.51562	3.48091	-0.642376	1.70117
5.26316	4.51562	3.42489	-0.67442	1.71994
5.78947	4.51562	3.52783	-0.617086	1.7193
6.31579	4.51562	3.63402	-0.564556	1.71625
6.84211	4.51562	3.55382	-0.603649	1.73124
7.36842	4.51562	3.65926	-0.552955	1.72713
7.89474	4.51562	3.65607	-0.554401	1.7312
8.42105	4.51562	3.68592	-0.541042	1.7297
8.94737	4.51562	3.7088	-0.531089	1.73006
9.47368	4.51562	3.67702	-0.544979	1.73754
10	4.51562	3.69703	-0.536181	1.73779
