0 0 
1 0 
2 0 
3 0 
4 0 
5 0 
6 0 
7 0 
8 0 
9 0 
10 0 
11 0 
12 0 
13 0 
14 0 
15 0 
16 0 
17 0 
18 0 
19 0 
20 0 
21 0 
22 0 
23 0 
24 0 
25 0 
26 0 
27 0 
28 0 
29 0 
30 0 
31 0 
32 0 
33 0 
34 0 
35 0 
36 0 
37 0 
38 0 
39 0 
40 0 
41 0 
42 0 
43 0 
44 0 
45 0 
46 0 
47 0 
48 0 
49 0 
50 0 
51 0 
52 0 
53 0 
54 0 
55 0 
56 0 
57 0 
58 0 
59 0 
60 0 
61 0 
62 0 
63 0 
64 0 
65 0 
66 0 
67 0 
68 0 
69 0 
70 0 
71 0 
72 0 
73 0 
74 0 
75 0 
76 0 
77 0 
78 0 
79 0 
80 0 
81 0 
82 0 
83 0 
84 0 
85 0 
86 0 
87 0 
88 0 
89 0 
90 0 
91 0 
92 0 
93 0 
94 0 
95 0 
96 0 
97 0 
98 0 
99 0 
100 0 
101 0 
102 0 
103 0 
104 0 
105 0 
106 0 
107 0 
108 0 
109 0 
110 0 
111 0 
112 0 
113 0 
114 0 
115 0 
116 0 
117 0 
118 0 
119 0 
120 0 
121 0 
122 0 
123 0 
124 0 
125 0 
126 0 
127 0 
128 0 
129 0 
130 0 
131 0 
132 0 
133 0 
134 0 
135 0 
136 0 
137 0 
138 0 
139 0 
140 0 
141 0 
142 0 
143 0 
144 0 
145 0 
146 0 
147 0 
148 0 
149 0 
150 0 
151 0 
152 0 
153 0 
154 1 
155 15 
156 45 
157 123 
158 328 
159 870 
160 2139 
161 4704 
162 9966 
163 19835 
164 37591 
165 68372 
166 118959 
167 196698 
168 308508 
169 463533 
170 667293 
171 938820 
172 1298286 
173 1766195 
174 2372492 
175 3159577 
176 4139580 
177 5328550 
178 6784376 
179 8527990 
180 10577398 
181 12955908 
182 15657820 
183 18699463 
184 22207459 
185 26245062 
186 30911976 
187 36258030 
188 42322258 
189 49096744 
190 56614569 
191 64699041 
192 73211239 
193 81876751 
194 90450272 
195 98565163 
196 105815945 
197 111748528 
198 116201953 
199 118897035 
200 119728350 
201 118012232 
202 114626764 
203 109884569 
204 104118407 
205 97586369 
206 90430125 
207 82781394 
208 74832047 
209 66827607 
210 58940105 
211 51388019 
212 44352649 
213 37864092 
214 32067754 
215 26908459 
216 22377273 
217 18485533 
218 15164387 
219 12345324 
220 9924780 
221 7875992 
222 6193808 
223 4809321 
224 3682105 
225 2780590 
226 2071950 
227 1522085 
228 1095093 
229 763804 
230 514328 
231 333869 
232 208405 
233 124548 
234 71357 
235 39075 
236 20220 
237 10295 
238 5153 
239 2324 
240 1082 
241 523 
242 222 
243 76 
244 32 
245 27 
246 13 
247 4 
248 0 
249 0 
250 0 
251 0 
252 0 
253 0 
254 0 
255 0 
256 0 
257 0 
258 0 
259 0 
260 0 
261 0 
262 0 
263 0 
264 0 
265 0 
266 0 
267 0 
268 0 
269 0 
270 0 
271 0 
272 0 
273 0 
274 0 
275 0 
276 0 
277 0 
278 0 
279 0 
280 0 
281 0 
282 0 
283 0 
284 0 
285 0 
286 0 
287 0 
288 0 
289 0 
290 0 
291 0 
292 0 
293 0 
294 0 
295 0 
296 0 
297 0 
298 0 
299 0 
300 0 
301 0 
302 0 
303 0 
304 0 
305 0 
306 0 
307 0 
308 0 
309 0 
310 0 
311 0 
312 0 
313 0 
314 0 
315 0 
316 0 
317 0 
318 0 
319 0 
320 0 
321 0 
322 0 
323 0 
324 0 
325 0 
326 0 
327 0 
328 0 
329 0 
330 0 
331 0 
332 0 
333 0 
334 0 
335 0 
336 0 
337 0 
338 0 
339 0 
340 0 
341 0 
342 0 
343 0 
344 0 
345 0 
346 0 
347 0 
348 0 
349 0 
350 0 
351 0 
352 0 
353 0 
354 0 
355 0 
356 0 
357 0 
358 0 
359 0 
360 0 
361 0 
362 0 
363 0 
364 0 
365 0 
366 0 
367 0 
368 0 
369 0 
370 0 
371 0 
372 0 
373 0 
374 0 
375 0 
376 0 
377 0 
378 0 
379 0 
380 0 
381 0 
382 0 
383 0 
384 0 
385 0 
386 0 
387 0 
388 0 
389 0 
390 0 
391 0 
392 0 
393 0 
394 0 
395 0 
396 0 
397 0 
398 0 
399 0 
