0 8
1 7
2 4
3 2
4 -1
5 -2
6 -1
7 -1
8 0
9 4
10 -3
11 -3
12 -4
13 -3
14 -2
15 -3
16 0
17 1
18 1
19 3
20 0
21 -2
22 1
23 1
24 2
25 0
26 3
27 3
28 3
29 0
30 -4
31 -4
32 -4
33 -4
34 -3
35 -4
36 -6
37 -6
38 -6
39 0
40 0
41 0
42 1
43 3
44 4
45 -2
46 -1
47 -1
48 -3
49 -3
50 -4
51 -3
52 -8
53 -8
54 -7
55 -8
56 -7
57 -2
58 -3
59 -4
60 -6
61 -4
62 -5
63 -5
64 -2
65 -3
66 0
67 0
68 -1
69 3
70 3
71 2
72 1
73 1
74 0
75 0
76 1
77 1
78 -2
79 -3
80 1
81 -3
82 0
83 -2
84 -4
85 -6
86 -9
87 -13
88 -10
89 -9
90 -8
91 -5
92 -6
93 -7
94 -9
95 -10
96 -10
97 -14
98 -12
99 -3
100 -1
101 -2
102 -2
103 -1
104 -1
105 -2
106 2
107 3
108 4
109 1
110 4
111 -1
112 -1
113 3
114 4
115 1
116 1
117 2
118 2
119 4
120 2
121 -2
122 1
123 1
124 1
125 3
126 3
127 6
128 8
129 4
130 3
131 2
132 -1
133 0
134 0
135 -4
136 -5
137 -4
138 -4
139 -2
140 -3
141 -6
142 -5
143 -3
144 -4
145 -9
146 -7
147 -7
148 -8
149 -4
150 -7
151 -5
152 -2
153 -3
154 -3
155 -1
156 -1
157 7
158 1
159 1
160 1
161 4
162 4
163 9
164 9
165 10
166 9
167 8
168 4
169 6
170 6
171 9
172 10
173 10
174 10
175 10
176 12
177 12
178 14
179 15
180 15
181 11
182 12
183 4
184 2
185 2
186 2
187 6
188 10
189 9
190 6
191 5
192 2
193 -2
194 3
195 0
196 1
197 -4
198 -4
199 -3
200 0
201 0
202 -1
203 -1
204 0
205 -1
206 -1
207 -2
208 -8
209 -8
210 -6
211 -5
212 -5
213 3
214 -4
215 -4
216 -4
217 -5
218 -5
219 3
220 3
221 3
222 1
223 -2
224 -4
225 -3
226 -4
227 0
228 0
229 0
230 -2
231 3
232 3
233 2
234 5
235 6
236 4
237 8
238 5
239 6
240 5
241 9
242 8
243 6
244 1
245 1
246 -2
247 -2
248 1
249 1
250 5
251 -1
252 2
253 5
254 2
255 4
