0 -2
1 -2
2 2
3 0
4 0
5 3
6 4
7 6
8 10
9 10
10 7
11 7
12 4
13 4
14 -2
15 -6
16 -1
17 1
18 2
19 0
20 -4
21 -4
22 -3
23 -5
24 -5
25 0
26 2
27 3
28 0
29 -1
30 -1
31 -4
32 -3
33 -3
34 -4
35 -4
36 2
37 2
38 4
39 3
40 3
41 1
42 3
43 2
44 2
45 0
46 -3
47 -3
48 -2
49 -3
50 0
51 0
52 3
53 5
54 6
55 1
56 1
57 2
58 0
59 -5
60 -3
61 3
62 1
63 1
64 0
65 2
66 1
67 -1
68 0
69 -6
70 -8
71 -6
72 -1
73 -2
74 -1
75 -1
76 0
77 1
78 0
79 -1
80 0
81 0
82 6
83 5
84 5
85 7
86 2
87 3
88 -3
89 -4
90 1
91 -1
92 -2
93 0
94 -1
95 -4
96 -4
97 1
98 1
99 -5
100 -5
101 -3
102 -3
103 2
104 9
105 4
106 1
107 3
108 0
109 1
110 1
111 6
112 5
113 7
114 6
115 7
116 4
117 0
118 0
119 0
120 0
121 -5
122 -3
123 -3
124 -5
125 -3
126 -2
127 1
128 -1
129 -4
130 -2
131 -2
132 1
133 0
134 -4
135 -3
136 -3
137 0
138 -1
139 1
140 -1
141 0
142 1
143 -1
144 -3
145 -6
146 -7
147 -3
148 -3
149 -4
150 -3
151 -2
152 -2
153 -4
154 -6
155 -3
156 -3
157 -5
158 -5
159 -4
160 -4
161 1
162 0
163 2
164 1
165 1
166 1
167 2
168 1
169 2
170 3
171 3
172 2
173 1
174 -1
175 0
176 1
177 1
178 0
179 2
180 0
181 -2
182 11
183 6
184 7
185 8
186 8
187 7
188 13
189 16
190 13
191 13
192 -1
193 -3
194 -3
195 -1
196 2
197 3
198 2
199 2
200 1
201 2
202 -2
203 4
204 4
205 3
206 1
207 1
208 -3
209 -3
210 -4
211 -4
212 -3
213 -1
214 -1
215 0
216 -1
217 -1
218 0
219 3
220 1
221 0
222 0
223 0
224 1
225 1
226 -13
227 -15
228 -9
229 -5
230 -4
231 -3
232 -4
233 -2
234 -1
235 0
236 -1
237 -3
238 -4
239 -2
240 -3
241 -2
242 -1
243 -2
244 0
245 -1
246 4
247 0
248 0
249 -6
250 -1
251 -2
252 -3
253 -1
254 0
255 1
