0.1	1.55465		4.14685		0.598532
0.159596	1.0986		2.36361		0.527256
0.219192	0.836552		1.5591		0.470143
0.278788	0.662556		1.11208		0.422097
0.338384	0.538282		0.834432		0.380659
0.39798	0.444999		0.648111		0.344283
0.457576	0.372961		0.516767		0.312194
0.517172	0.316098		0.420574		0.283736
0.576768	0.270395		0.347984		0.258396
0.636364	0.233263		0.291993		0.23579
0.69596	0.202629		0.247779		0.21554
0.755556	0.177167		0.212367		0.19737
0.815152	0.155816		0.1836		0.181051
0.874747	0.137721		0.159886		0.16632
0.934343	0.122316		0.140167		0.15303
0.993939	0.109117		0.123637		0.141006
1.05354	0.0977424		0.109637		0.130131
1.11313	0.0878541		0.097658		0.120223
1.17273	0.0792308		0.0873706		0.111206
1.23232	0.0716929		0.0784945		0.103009
1.29192	0.0650249		0.0707249		0.0954797
1.35152	0.059148		0.0639534		0.0886158
1.41111	0.0539226		0.0579879		0.0823038
1.47071	0.0492687		0.0527222		0.0765138
1.5303	0.0451152		0.0480605		0.0712006
1.5899	0.0413854		0.0439063		0.0663041
1.64949	0.0380289		0.040188		0.0617807
1.70909	0.0350022		0.0368612		0.0576086
1.76869	0.0322713		0.0338737		0.0537623
1.82828	0.0297893		0.0311721		0.0501918
1.88788	0.0275276		0.0287213		0.0468753
1.94747	0.0254787		0.0265163		0.0438142
2.00707	0.0236051		0.0245065		0.0409731
2.06667	0.0219013		0.0226841		0.0383417
2.12626	0.0203238		0.0210064		0.0358703
2.18586	0.0188931		0.0194884		0.0335977
2.24545	0.0175678		0.0180882		0.0314647
2.30505	0.0163553		0.0168111		0.0294879
2.36465	0.0152311		0.0156294		0.0276332
2.42424	0.0141936		0.014543		0.025903
2.48384	0.0132408		0.0135466		0.0242967
2.54343	0.012359		0.0126268		0.0227934
2.60303	0.0115395		0.011776		0.0213857
2.66263	0.0107789		0.0109859		0.020068
2.72222	0.0100799		0.0102626		0.0188456
2.78182	0.00942799		0.00958857		0.0176965
2.84141	0.0088218		0.0089629		0.0166213
2.90101	0.00825382		0.00837844		0.0156062
2.96061	0.00773243		0.00784237		0.0146689
3.0202	0.00724185		0.00733896		0.0137817
3.0798	0.00678555		0.00687103		0.0129512
3.13939	0.00636079		0.00643594		0.0121736
3.19899	0.0059621		0.00602848		0.01144
3.25859	0.00559281		0.00565149		0.0107576
3.31818	0.0052501		0.0053017		0.0101208
3.37778	0.00492309		0.00496869		0.00951124
3.43737	0.00462328		0.00466356		0.00895003
3.49697	0.00433857		0.00437437		0.00841535
3.55657	0.0040769		0.00410887		0.00792146
3.61616	0.00382775		0.00385587		0.00745002
3.67576	0.00359457		0.00361947		0.00700717
3.73535	0.00337567		0.00339745		0.00659084
3.79495	0.00317311		0.00319249		0.00620406
3.85455	0.00298306		0.00300021		0.00583999
3.91414	0.00280573		0.00282091		0.00549946
3.97374	0.00263737		0.00265078		0.00517578
4.03333	0.00247815		0.00249009		0.00486878
4.09293	0.00232897		0.00233947		0.00458044
4.15253	0.00219143		0.0022007		0.00431383
4.21212	0.00206137		0.00206971		0.00406179
4.27172	0.00193886		0.00194619		0.00382353
4.33131	0.00182499		0.00183145		0.00360198
4.39091	0.00171597		0.00172168		0.00338974
4.45051	0.00161678		0.0016218		0.00319578
4.5101	0.00152065		0.0015251		0.00300799
4.5697	0.00143062		0.00143463		0.0028316
4.62929	0.00134481		0.00134827		0.00266327
4.68889	0.00126545		0.00126871		0.00250774
4.74848	0.00119219		0.00119504		0.0023637
4.80808	0.00112163		0.0011241		0.00222489
4.86768	0.00105675		0.00105897		0.00209716
4.92727	0.000994391		0.000996353		0.00197442
4.98687	0.000935654		0.000937401		0.00185857
5.04646	0.000880427		0.00088195		0.00174961
5.10606	0.000829907		0.000831246		0.00164975
5.16566	0.000781038		0.000782241		0.00155316
5.22525	0.000735048		0.00073617		0.00146221
5.28485	0.000692685		0.000693633		0.00137837
5.34444	0.000651994		0.000652843		0.00129774
5.40404	0.000613839		0.000614588		0.00122219
5.46364	0.000578534		0.000579212		0.00115218
5.52323	0.000544037		0.000544626		0.00108374
5.58283	0.000512217		0.00051276		0.00102062
5.64242	0.000482865		0.000483311		0.000962311
5.70202	0.000454607		0.000455028		0.000906205
5.76162	0.000428104		0.000428457		0.000853516
5.82121	0.000403241		0.000403564		0.000804083
5.88081	0.000379917		0.000380204		0.000757741
5.9404	0.000357781		0.000358039		0.000713696
6	0.000337394		0.000337618		0.000673144
