0.1	1.55392		4.14398		0.598455
0.119192	1.37319		3.37862		0.573449
0.138384	1.22895		2.82359		0.550609
0.157576	1.11023		2.40303		0.529442
0.176768	1.01015		2.07409		0.509654
0.19596	0.92498		1.81269		0.491173
0.215152	0.850769		1.59869		0.473651
0.234343	0.786081		1.42231		0.457208
0.253535	0.728894		1.27432		0.441584
0.272727	0.677741		1.14848		0.426675
0.291919	0.63185		1.04036		0.412476
0.311111	0.590576		0.947161		0.398945
0.330303	0.553084		0.865755		0.385978
0.349495	0.518835		0.794025		0.373477
0.368687	0.487646		0.730941		0.361555
0.387879	0.459059		0.674963		0.350124
0.407071	0.432944		0.625357		0.339176
0.426263	0.408606		0.580407		0.328572
0.445455	0.38629		0.540273		0.318443
0.464646	0.365491		0.503694		0.308648
0.483838	0.346393		0.471042		0.299298
0.50303	0.328508		0.441024		0.290247
0.522222	0.311833		0.413622		0.281479
0.541414	0.296401		0.388809		0.273121
0.560606	0.281868		0.365854		0.264993
0.579798	0.268342		0.344826		0.257198
0.59899	0.25569		0.325448		0.249669
0.618182	0.243835		0.307673		0.242433
0.637374	0.232694		0.291159		0.235442
0.656566	0.222252		0.27589		0.228696
0.675758	0.212364		0.261617		0.222151
0.694949	0.203126		0.248468		0.215876
0.714141	0.194388		0.236176		0.209797
0.733333	0.186141		0.224696		0.203923
0.752525	0.17835		0.213968		0.198242
0.771717	0.171017		0.203985		0.192786
0.790909	0.164047		0.194587		0.187478
0.810101	0.157461		0.18579		0.182346
0.829293	0.151238		0.177538		0.177409
0.848485	0.145311		0.169762		0.172615
0.867677	0.13973		0.162489		0.168001
0.886869	0.134406		0.155613		0.16353
0.906061	0.129354		0.149133		0.159192
0.925253	0.124536		0.142981		0.154992
0.944444	0.119965		0.137205		0.150934
0.963636	0.115601		0.131718		0.147
0.982828	0.111433		0.126516		0.143163
1.00202	0.107465		0.121583		0.139461
1.02121	0.103699		0.116938		0.135891
1.0404	0.100102		0.112517		0.132427
1.0596	0.0966559		0.108317		0.129062
1.07879	0.0933961		0.104352		0.125824
1.09798	0.0902286		0.100524		0.122635
1.11717	0.087214		0.0968904		0.119562
1.13636	0.0843556		0.0934721		0.116608
1.15556	0.0815979		0.0901867		0.113724
1.17475	0.0789701		0.0870631		0.110929
1.19394	0.0764292		0.0840592		0.108196
1.21313	0.0739928		0.0811901		0.10554
1.23232	0.0716849		0.0784852		0.102995
1.25152	0.0694364		0.0758539		0.100485
1.27071	0.0672952		0.0733568		0.09807
1.2899	0.0652347		0.070968		0.0957208
1.30909	0.0632516		0.0686769		0.093432
1.32828	0.0613407		0.066471		0.0911981
1.34747	0.0595234		0.064385		0.0890578
1.36667	0.0577561		0.0623635		0.0869511
1.38586	0.0560509		0.0604135		0.0848961
1.40505	0.0544318		0.0585676		0.0829291
1.42424	0.0528517		0.0567733		0.0809879
1.44343	0.0513336		0.0550525		0.0791064
1.46263	0.0498732		0.0534072		0.0772768
1.48182	0.0484634		0.0518201		0.0754953
1.50101	0.0471032		0.0502886		0.0737629
1.5202	0.045779		0.0488047		0.0720584
1.53939	0.0445213		0.0473994		0.0704333
1.55859	0.0432961		0.0460297		0.0688285
1.57778	0.0421071		0.0447078		0.0672557
1.59697	0.0409638		0.0434379		0.0657415
1.61616	0.0398651		0.0422204		0.0642686
1.63535	0.0387906		0.0410289		0.0628146
1.65455	0.0377652		0.0398984		0.0614216
1.67374	0.036762		0.0387946		0.0600434
1.69293	0.0357985		0.0377328		0.0587154
1.71212	0.0348541		0.0366993		0.0574048
1.73131	0.0339507		0.0357089		0.0561346
1.75051	0.0330746		0.0347498		0.0549002
1.7697	0.0322299		0.0338271		0.0537036
1.78889	0.0314019		0.0329246		0.0525199
1.80808	0.0306029		0.0320567		0.0513688
1.82727	0.029837		0.0312241		0.050259
1.84646	0.0290773		0.0304001		0.0491568
1.86566	0.0283462		0.0296089		0.0480846
1.88485	0.0276434		0.0288492		0.0470472
1.90404	0.0269479		0.0280977		0.0460161
1.92323	0.0262857		0.0273842		0.0450275
1.94242	0.0256423		0.0266929		0.0440621
1.96162	0.0250253		0.0260291		0.0431294
1.98081	0.0244135		0.0253723		0.0422025
2	0.0238254		0.0247433		0.0413109
