0 -26
1 -29
2 -29
3 -27
4 -25
5 -21
6 -24
7 -23
8 -21
9 -18
10 -12
11 -13
12 -14
13 -14
14 -17
15 -20
16 -17
17 -14
18 -12
19 -13
20 -11
21 -12
22 -10
23 -11
24 -13
25 -13
26 -10
27 -13
28 -11
29 -12
30 -9
31 -11
32 -11
33 -12
34 -13
35 -9
36 -9
37 -11
38 -10
39 -12
40 -11
41 -11
42 -10
43 -14
44 -15
45 -18
46 -17
47 -15
48 -15
49 -17
50 -16
51 -17
52 -14
53 -10
54 -11
55 -11
56 -9
57 -11
58 -12
59 -9
60 -10
61 -9
62 -5
63 -6
64 -4
65 -5
66 -6
67 -3
68 1
69 0
70 0
71 -1
72 -5
73 -3
74 -4
75 -5
76 -2
77 -3
78 -6
79 -7
80 -5
81 -4
82 -3
83 -4
84 -3
85 -4
86 -8
87 -5
88 -9
89 -7
90 -8
91 -9
92 -12
93 -13
94 -13
95 -18
96 -15
97 -14
98 -13
99 -14
100 -17
101 -16
102 -17
103 -17
104 -16
105 -19
106 -22
107 -19
108 -20
109 -20
110 -17
111 -17
112 -18
113 -18
114 -16
115 -18
116 -16
117 -16
118 -18
119 -19
120 -20
121 -18
122 -16
123 -15
124 -17
125 -20
126 -18
127 -17
128 -19
129 -17
130 -18
131 -16
132 -14
133 -14
134 -12
135 -13
136 -10
137 -16
138 -14
139 -14
140 -15
141 -14
142 -10
143 -7
144 -5
145 -3
146 -4
147 -5
148 -6
149 -7
150 -8
151 -5
152 -4
153 0
154 0
155 -1
156 -1
157 2
158 1
159 3
160 4
161 4
162 2
163 3
164 6
165 4
166 8
167 6
168 7
169 8
170 9
171 10
172 10
173 13
174 12
175 12
176 11
177 12
178 8
179 5
180 4
181 1
182 2
183 4
184 5
185 8
186 6
187 8
188 10
189 9
190 11
191 10
192 9
193 8
194 7
195 5
196 2
197 1
198 0
199 0
200 0
201 -2
202 -3
203 -5
204 -7
205 -9
206 -7
207 -5
208 -4
209 -4
210 -3
211 -4
212 -4
213 -6
214 -4
215 -5
216 -6
217 -7
218 -9
219 -13
220 -12
221 -13
222 -9
223 -13
224 -13
225 -17
226 -18
227 -18
228 -20
229 -20
230 -20
231 -16
232 -15
233 -16
234 -19
235 -23
236 -23
237 -21
238 -17
239 -20
240 -20
241 -24
242 -25
243 -27
244 -28
245 -25
246 -28
247 -28
248 -30
249 -29
250 -26
251 -26
252 -24
253 -23
254 -23
255 -23
