0 -3
1 -2
2 0
3 0
4 0
5 0
6 1
7 4
8 6
9 6
10 6
11 5
12 4
13 4
14 6
15 5
16 6
17 6
18 7
19 7
20 5
21 4
22 4
23 4
24 2
25 4
26 5
27 4
28 3
29 1
30 1
31 3
32 3
33 4
34 3
35 3
36 4
37 5
38 6
39 8
40 7
41 8
42 7
43 7
44 7
45 7
46 5
47 5
48 6
49 4
50 3
51 2
52 0
53 2
54 2
55 2
56 1
57 -2
58 -3
59 -3
60 -2
61 -2
62 0
63 0
64 -1
65 0
66 1
67 2
68 4
69 2
70 1
71 1
72 1
73 1
74 0
75 0
76 -2
77 -4
78 -4
79 -5
80 -4
81 -3
82 -4
83 -5
84 -5
85 -7
86 -7
87 -7
88 -8
89 -6
90 -5
91 -5
92 -4
93 -3
94 -2
95 -3
96 -2
97 -3
98 -4
99 -5
100 -6
101 -6
102 -4
103 -5
104 -7
105 -6
106 -6
107 -7
108 -5
109 -4
110 -4
111 -5
112 -3
113 -4
114 -2
115 -1
116 -2
117 -2
118 -3
119 -2
120 -2
121 -2
122 -1
123 -2
124 -1
125 1
126 0
127 0
128 -1
129 -1
130 0
131 1
132 2
133 0
134 1
135 1
136 0
137 -1
138 -1
139 0
140 -2
141 -1
142 -1
143 1
144 1
145 0
146 2
147 1
148 -1
149 -1
150 0
151 0
152 0
153 -1
154 -2
155 -1
156 -3
157 -4
158 -4
159 -3
160 -2
161 -3
162 -2
163 -3
164 -1
165 0
166 1
167 1
168 0
169 -1
170 -2
171 -2
172 -4
173 -5
174 -7
175 -7
176 -5
177 -5
178 -4
179 -4
180 -4
181 -4
182 -3
183 0
184 0
185 -1
186 0
187 -1
188 -1
189 -1
190 -1
191 -1
192 -1
193 -4
194 -7
195 -7
196 -7
197 -7
198 -4
199 -6
200 -8
201 -8
202 -8
203 -7
204 -5
205 -3
206 -4
207 -4
208 -3
209 -3
210 -2
211 -3
212 -3
213 -3
214 -1
215 -1
216 1
217 0
218 2
219 2
220 1
221 2
222 2
223 4
224 3
225 1
226 -1
227 -1
228 1
229 1
230 2
231 3
232 2
233 2
234 1
235 3
236 4
237 2
238 3
239 4
240 6
241 6
242 4
243 2
244 2
245 1
246 1
247 1
248 1
249 1
250 0
251 -1
252 -1
253 -1
254 -1
255 -3
