0 0 0 0 
1 0 0 0 
2 53 0 0 
3 444 61 0 
4 2725 442 0 
5 13050 2767 0 
6 52892 13141 0 
7 191669 54778 0 
8 594903 200264 0 
9 1630479 642690 0 
10 3957949 1810107 0 
11 8666485 4549124 0 
12 17209563 10284705 0 
13 31259282 21019604 0 
14 52234507 39059410 0 
15 80634859 66238459 0 
16 115491312 103007058 0 
17 153862507 147274176 0 
18 191395454 194017220 3 
19 222790242 236332873 2 
20 243330655 266375817 15 
21 249840653 278436511 56 
22 241693618 270325305 192 
23 220732425 243997512 702 
24 190612503 204950220 2170 
25 155887802 160428956 6351 
26 120945454 117135843 18327 
27 89121372 79785371 50038 
28 62516933 50773014 131174 
29 41774786 30176288 330626 
30 26672853 16777430 792859 
31 16264209 8740353 1825202 
32 9516416 4268467 4007375 
33 5336435 1950804 8383538 
34 2876330 835056 16548600 
35 1489937 338400 30723771 
36 743151 128401 53458473 
37 356946 46244 86626387 
38 166911 15651 130229765 
39 75855 5121 180745913 
40 33079 1694 230835004 
41 13784 471 270806819 
42 5781 134 291248801 
43 2307 49 287392755 
44 918 9 260473687 
45 336 0 217582436 
46 106 0 168091179 
47 52 0 120714396 
48 14 0 81020928 
49 4 0 51140493 
50 0 0 30503709 
51 0 0 17303781 
52 0 0 9389765 
53 0 0 4895607 
54 0 0 2465838 
55 0 0 1203685 
56 0 0 570532 
57 0 0 265066 
58 0 0 120247 
59 0 0 53951 
60 0 0 23127 
61 0 0 9808 
62 0 0 4124 
63 0 0 1559 
64 0 0 684 
65 0 0 306 
66 0 0 102 
67 0 0 48 
68 0 0 15 
69 0 0 8 
70 0 0 1 
71 0 0 0 
72 0 0 0 
73 0 0 0 
74 0 0 0 
75 0 0 0 
76 0 0 0 
77 0 0 0 
78 0 0 0 
79 0 0 0 
80 0 0 0 
81 0 0 0 
82 0 0 0 
83 0 0 0 
84 0 0 0 
85 0 0 0 
86 0 0 0 
87 0 0 0 
88 0 0 0 
89 0 0 0 
90 0 0 0 
91 0 0 0 
92 0 0 0 
93 0 0 0 
94 0 0 0 
95 0 0 0 
96 0 0 0 
97 0 0 0 
98 0 0 0 
99 0 0 0 
100 0 0 0 
101 0 0 0 
102 0 0 0 
103 0 0 0 
104 0 0 0 
105 0 0 0 
106 0 0 0 
107 0 0 0 
108 0 0 0 
109 0 0 0 
110 0 0 0 
111 0 0 0 
112 0 0 0 
113 0 0 0 
114 0 0 0 
115 0 0 0 
116 0 0 0 
117 0 0 0 
118 0 0 0 
119 0 0 0 
120 0 0 0 
121 0 0 0 
122 0 0 0 
123 0 0 0 
124 0 0 0 
125 0 0 0 
126 0 0 0 
127 0 0 0 
128 0 0 0 
129 0 0 0 
130 0 0 0 
131 0 0 0 
132 0 0 0 
133 0 0 0 
134 0 0 0 
135 0 0 0 
136 0 0 0 
137 0 0 0 
138 0 0 0 
139 0 0 0 
140 0 0 0 
141 0 0 0 
142 0 0 0 
143 0 0 0 
144 0 0 0 
145 0 0 0 
146 0 0 0 
147 0 0 0 
148 0 0 0 
149 0 0 0 
150 0 0 0 
151 0 0 0 
152 0 0 0 
153 0 0 0 
154 0 0 0 
155 0 0 0 
156 0 0 0 
157 0 0 0 
158 0 0 0 
159 0 0 0 
160 0 0 0 
161 0 0 0 
162 0 0 0 
163 0 0 0 
164 0 0 0 
165 0 0 0 
166 0 0 0 
167 0 0 0 
168 0 0 0 
169 0 0 0 
170 0 0 0 
171 0 0 0 
172 0 0 0 
173 0 0 0 
174 0 0 0 
175 0 0 0 
176 0 0 0 
177 0 0 0 
178 0 0 0 
179 0 0 0 
180 0 0 0 
181 0 0 0 
182 0 0 0 
183 0 0 0 
184 0 0 0 
185 0 0 0 
186 0 0 0 
187 0 0 0 
188 0 0 0 
189 0 0 0 
190 0 0 0 
191 0 0 0 
192 0 0 0 
193 0 0 0 
194 0 0 0 
195 0 0 0 
196 0 0 0 
197 0 0 0 
198 0 0 0 
199 0 0 0 
