0 0 0 0 
1 0 0 0 
2 28 0 0 
3 275 34 0 
4 2102 188 0 
5 10107 1203 0 
6 44112 6629 0 
7 164439 30641 0 
8 514769 124470 0 
9 1438254 427142 0 
10 3576791 1296195 0 
11 7973025 3483204 0 
12 16102398 8357480 0 
13 29774908 17986299 0 
14 50457017 34973114 0 
15 78816540 61713191 0 
16 113966799 99098719 0 
17 153191344 145465297 0 
18 191903035 195549109 0 
19 224600561 241526898 1 
20 246296942 274579565 15 
21 253542114 287855097 27 
22 245371270 278886475 61 
23 223783654 249922867 278 
24 192687414 207471469 1004 
25 156770718 159666180 3201 
26 120736381 114140457 10304 
27 88172777 75845725 30824 
28 61123048 46894050 88756 
29 40325238 27016930 240747 
30 25319249 14507446 628635 
31 15150610 7275747 1551802 
32 8665304 3414942 3609685 
33 4726621 1497236 7917104 
34 2471847 617512 16183194 
35 1240666 237387 30788991 
36 594615 86848 54248145 
37 275961 30107 88383749 
38 122024 9718 132635523 
39 51902 3159 183104638 
40 21449 936 232060474 
41 8619 252 270089273 
42 3177 56 288836957 
43 1216 20 284136709 
44 482 6 257547419 
45 147 0 215860686 
46 41 0 167850916 
47 10 0 121570539 
48 0 0 82314978 
49 0 0 52302557 
50 0 0 31282099 
51 0 0 17725846 
52 0 0 9552688 
53 0 0 4920496 
54 0 0 2429316 
55 0 0 1154939 
56 0 0 529569 
57 0 0 235690 
58 0 0 101329 
59 0 0 42515 
60 0 0 17343 
61 0 0 6796 
62 0 0 2708 
63 0 0 958 
64 0 0 338 
65 0 0 123 
66 0 0 38 
67 0 0 14 
68 0 0 2 
69 0 0 1 
70 0 0 0 
71 0 0 0 
72 0 0 0 
73 0 0 0 
74 0 0 0 
75 0 0 0 
76 0 0 0 
77 0 0 0 
78 0 0 0 
79 0 0 0 
80 0 0 0 
81 0 0 0 
82 0 0 0 
83 0 0 0 
84 0 0 0 
85 0 0 0 
86 0 0 0 
87 0 0 0 
88 0 0 0 
89 0 0 0 
90 0 0 0 
91 0 0 0 
92 0 0 0 
93 0 0 0 
94 0 0 0 
95 0 0 0 
96 0 0 0 
97 0 0 0 
98 0 0 0 
99 0 0 0 
100 0 0 0 
101 0 0 0 
102 0 0 0 
103 0 0 0 
104 0 0 0 
105 0 0 0 
106 0 0 0 
107 0 0 0 
108 0 0 0 
109 0 0 0 
110 0 0 0 
111 0 0 0 
112 0 0 0 
113 0 0 0 
114 0 0 0 
115 0 0 0 
116 0 0 0 
117 0 0 0 
118 0 0 0 
119 0 0 0 
120 0 0 0 
121 0 0 0 
122 0 0 0 
123 0 0 0 
124 0 0 0 
125 0 0 0 
126 0 0 0 
127 0 0 0 
128 0 0 0 
129 0 0 0 
130 0 0 0 
131 0 0 0 
132 0 0 0 
133 0 0 0 
134 0 0 0 
135 0 0 0 
136 0 0 0 
137 0 0 0 
138 0 0 0 
139 0 0 0 
140 0 0 0 
141 0 0 0 
142 0 0 0 
143 0 0 0 
144 0 0 0 
145 0 0 0 
146 0 0 0 
147 0 0 0 
148 0 0 0 
149 0 0 0 
150 0 0 0 
151 0 0 0 
152 0 0 0 
153 0 0 0 
154 0 0 0 
155 0 0 0 
156 0 0 0 
157 0 0 0 
158 0 0 0 
159 0 0 0 
160 0 0 0 
161 0 0 0 
162 0 0 0 
163 0 0 0 
164 0 0 0 
165 0 0 0 
166 0 0 0 
167 0 0 0 
168 0 0 0 
169 0 0 0 
170 0 0 0 
171 0 0 0 
172 0 0 0 
173 0 0 0 
174 0 0 0 
175 0 0 0 
176 0 0 0 
177 0 0 0 
178 0 0 0 
179 0 0 0 
180 0 0 0 
181 0 0 0 
182 0 0 0 
183 0 0 0 
184 0 0 0 
185 0 0 0 
186 0 0 0 
187 0 0 0 
188 0 0 0 
189 0 0 0 
190 0 0 0 
191 0 0 0 
192 0 0 0 
193 0 0 0 
194 0 0 0 
195 0 0 0 
196 0 0 0 
197 0 0 0 
198 0 0 0 
199 0 0 0 
