0 0 0 0 
1 12 0 0 
2 90 2 0 
3 651 111 0 
4 4727 831 0 
5 22780 4497 0 
6 88198 20302 0 
7 292031 82078 0 
8 850293 283020 0 
9 2197677 848095 0 
10 5084665 2259422 0 
11 10631422 5420305 0 
12 20267686 11751657 0 
13 35452214 23169113 0 
14 57177266 41741497 0 
15 85653213 69047832 0 
16 119327232 105185354 0 
17 155335073 147957065 0 
18 189567109 192622450 5 
19 217509770 232658575 10 
20 235070535 261074443 31 
21 240053151 272610745 127 
22 231963123 265054868 359 
23 212653127 240372402 1224 
24 185301162 203467266 3878 
25 153623423 160853449 10361 
26 121442190 118929890 27508 
27 91650392 82245150 72373 
28 66147449 53229158 181316 
29 45741195 32256481 441032 
30 30327924 18313440 1029043 
31 19320585 9743916 2284097 
32 11822627 4860048 4840274 
33 6961782 2272508 9783849 
34 3959700 999386 18694218 
35 2178276 412930 33667719 
36 1157904 162209 56938413 
37 597078 59472 90015994 
38 298538 20509 132535345 
39 144747 6700 180844922 
40 67861 1995 227912119 
41 31193 600 264860577 
42 13856 172 283431513 
43 5813 35 279475571 
44 2524 17 254363686 
45 1043 5 214256263 
46 419 0 167714065 
47 194 0 122517582 
48 51 0 83992268 
49 17 0 54318674 
50 9 0 33324819 
51 3 0 19488816 
52 0 0 10929797 
53 0 0 5910502 
54 0 0 3090205 
55 0 0 1566052 
56 0 0 773960 
57 0 0 373708 
58 0 0 177898 
59 0 0 82107 
60 0 0 37616 
61 0 0 16985 
62 0 0 7472 
63 0 0 3233 
64 0 0 1433 
65 0 0 605 
66 0 0 250 
67 0 0 83 
68 0 0 30 
69 0 0 8 
70 0 0 3 
71 0 0 2 
72 0 0 0 
73 0 0 0 
74 0 0 0 
75 0 0 0 
76 0 0 0 
77 0 0 0 
78 0 0 0 
79 0 0 0 
80 0 0 0 
81 0 0 0 
82 0 0 0 
83 0 0 0 
84 0 0 0 
85 0 0 0 
86 0 0 0 
87 0 0 0 
88 0 0 0 
89 0 0 0 
90 0 0 0 
91 0 0 0 
92 0 0 0 
93 0 0 0 
94 0 0 0 
95 0 0 0 
96 0 0 0 
97 0 0 0 
98 0 0 0 
99 0 0 0 
100 0 0 0 
101 0 0 0 
102 0 0 0 
103 0 0 0 
104 0 0 0 
105 0 0 0 
106 0 0 0 
107 0 0 0 
108 0 0 0 
109 0 0 0 
110 0 0 0 
111 0 0 0 
112 0 0 0 
113 0 0 0 
114 0 0 0 
115 0 0 0 
116 0 0 0 
117 0 0 0 
118 0 0 0 
119 0 0 0 
120 0 0 0 
121 0 0 0 
122 0 0 0 
123 0 0 0 
124 0 0 0 
125 0 0 0 
126 0 0 0 
127 0 0 0 
128 0 0 0 
129 0 0 0 
130 0 0 0 
131 0 0 0 
132 0 0 0 
133 0 0 0 
134 0 0 0 
135 0 0 0 
136 0 0 0 
137 0 0 0 
138 0 0 0 
139 0 0 0 
140 0 0 0 
141 0 0 0 
142 0 0 0 
143 0 0 0 
144 0 0 0 
145 0 0 0 
146 0 0 0 
147 0 0 0 
148 0 0 0 
149 0 0 0 
150 0 0 0 
151 0 0 0 
152 0 0 0 
153 0 0 0 
154 0 0 0 
155 0 0 0 
156 0 0 0 
157 0 0 0 
158 0 0 0 
159 0 0 0 
160 0 0 0 
161 0 0 0 
162 0 0 0 
163 0 0 0 
164 0 0 0 
165 0 0 0 
166 0 0 0 
167 0 0 0 
168 0 0 0 
169 0 0 0 
170 0 0 0 
171 0 0 0 
172 0 0 0 
173 0 0 0 
174 0 0 0 
175 0 0 0 
176 0 0 0 
177 0 0 0 
178 0 0 0 
179 0 0 0 
180 0 0 0 
181 0 0 0 
182 0 0 0 
183 0 0 0 
184 0 0 0 
185 0 0 0 
186 0 0 0 
187 0 0 0 
188 0 0 0 
189 0 0 0 
190 0 0 0 
191 0 0 0 
192 0 0 0 
193 0 0 0 
194 0 0 0 
195 0 0 0 
196 0 0 0 
197 0 0 0 
198 0 0 0 
199 0 0 0 
