0 0 0 0 
1 0 0 0 
2 64 0 0 
3 359 17 0 
4 2460 236 0 
5 12452 1291 0 
6 52791 7053 0 
7 186475 33927 0 
8 577305 131008 0 
9 1580779 445266 0 
10 3857313 1342398 0 
11 8486350 3576715 0 
12 16962173 8527823 0 
13 30911431 18271075 0 
14 51817524 35366274 0 
15 80209871 62152051 0 
16 115076378 99446768 0 
17 153605959 145579126 0 
18 191428710 195424755 2 
19 223179471 241098262 12 
20 244066804 273851583 19 
21 250804364 287061870 44 
22 242666218 278073767 128 
23 221518571 249278843 475 
24 191126249 207137702 1506 
25 156133611 159753050 4594 
26 120904321 114423324 13555 
27 88936452 76222838 39813 
28 62221874 47267691 111314 
29 41435131 27332433 296432 
30 26330598 14730778 747198 
31 16000433 7411644 1787084 
32 9290819 3491906 4039854 
33 5165412 1540086 8624972 
34 2752506 634994 17281531 
35 1409425 247314 32293377 
36 693015 90890 56065577 
37 329094 31204 90188052 
38 151439 9954 133943988 
39 67007 2930 183249248 
40 29007 803 230700455 
41 11825 205 267187290 
42 4943 103 284909079 
43 1932 32 280057358 
44 712 8 254317781 
45 244 3 213889272 
46 86 0 167240636 
47 30 0 122126255 
48 9 0 83619030 
49 4 0 53910317 
50 0 0 32874638 
51 0 0 19038839 
52 0 0 10519019 
53 0 0 5551866 
54 0 0 2816162 
55 0 0 1376172 
56 0 0 647452 
57 0 0 297318 
58 0 0 132906 
59 0 0 57466 
60 0 0 24508 
61 0 0 10241 
62 0 0 4286 
63 0 0 1738 
64 0 0 716 
65 0 0 306 
66 0 0 95 
67 0 0 19 
68 0 0 5 
69 0 0 0 
70 0 0 0 
71 0 0 0 
72 0 0 0 
73 0 0 0 
74 0 0 0 
75 0 0 0 
76 0 0 0 
77 0 0 0 
78 0 0 0 
79 0 0 0 
80 0 0 0 
81 0 0 0 
82 0 0 0 
83 0 0 0 
84 0 0 0 
85 0 0 0 
86 0 0 0 
87 0 0 0 
88 0 0 0 
89 0 0 0 
90 0 0 0 
91 0 0 0 
92 0 0 0 
93 0 0 0 
94 0 0 0 
95 0 0 0 
96 0 0 0 
97 0 0 0 
98 0 0 0 
99 0 0 0 
100 0 0 0 
101 0 0 0 
102 0 0 0 
103 0 0 0 
104 0 0 0 
105 0 0 0 
106 0 0 0 
107 0 0 0 
108 0 0 0 
109 0 0 0 
110 0 0 0 
111 0 0 0 
112 0 0 0 
113 0 0 0 
114 0 0 0 
115 0 0 0 
116 0 0 0 
117 0 0 0 
118 0 0 0 
119 0 0 0 
120 0 0 0 
121 0 0 0 
122 0 0 0 
123 0 0 0 
124 0 0 0 
125 0 0 0 
126 0 0 0 
127 0 0 0 
128 0 0 0 
129 0 0 0 
130 0 0 0 
131 0 0 0 
132 0 0 0 
133 0 0 0 
134 0 0 0 
135 0 0 0 
136 0 0 0 
137 0 0 0 
138 0 0 0 
139 0 0 0 
140 0 0 0 
141 0 0 0 
142 0 0 0 
143 0 0 0 
144 0 0 0 
145 0 0 0 
146 0 0 0 
147 0 0 0 
148 0 0 0 
149 0 0 0 
150 0 0 0 
151 0 0 0 
152 0 0 0 
153 0 0 0 
154 0 0 0 
155 0 0 0 
156 0 0 0 
157 0 0 0 
158 0 0 0 
159 0 0 0 
160 0 0 0 
161 0 0 0 
162 0 0 0 
163 0 0 0 
164 0 0 0 
165 0 0 0 
166 0 0 0 
167 0 0 0 
168 0 0 0 
169 0 0 0 
170 0 0 0 
171 0 0 0 
172 0 0 0 
173 0 0 0 
174 0 0 0 
175 0 0 0 
176 0 0 0 
177 0 0 0 
178 0 0 0 
179 0 0 0 
180 0 0 0 
181 0 0 0 
182 0 0 0 
183 0 0 0 
184 0 0 0 
185 0 0 0 
186 0 0 0 
187 0 0 0 
188 0 0 0 
189 0 0 0 
190 0 0 0 
191 0 0 0 
192 0 0 0 
193 0 0 0 
194 0 0 0 
195 0 0 0 
196 0 0 0 
197 0 0 0 
198 0 0 0 
199 0 0 0 
