0 29 11
1 25 16
2 29 12
3 17 24
4 28 15
5 21 23
6 30 16
7 27 23
8 22 28
9 30 21
10 20 20
11 21 18
12 22 19
13 19 20
14 21 17
15 18 21
16 22 27
17 21 27
18 23 20
19 25 20
20 18 26
21 15 29
22 17 27
23 22 23
24 23 21
25 16 27
26 32 12
27 25 16
28 16 24
29 17 22
30 17 22
31 20 20
32 19 21
33 18 26
34 26 19
35 19 25
36 28 16
37 23 22
38 18 20
39 21 24
40 28 21
41 21 27
42 22 27
43 27 20
44 17 26
45 19 24
46 16 20
47 22 16
48 27 17
49 17 24
50 22 20
51 21 22
52 22 17
53 17 28
54 21 24
55 26 20
56 24 15
57 19 20
58 23 17
59 22 22
60 23 25
61 26 19
62 21 21
63 12 25
64 13 24
65 24 18
66 23 19
67 25 18
68 23 20
69 22 22
70 24 20
71 24 21
72 24 19
73 20 19
74 22 17
75 18 28
76 21 26
77 23 23
78 20 19
79 21 22
80 24 23
81 26 18
82 18 26
83 18 28
84 27 19
85 22 24
86 25 15
87 26 21
88 24 15
89 14 24
90 20 19
91 21 15
92 17 19
93 17 22
94 18 21
95 21 19
96 24 20
97 20 20
98 23 17
99 23 18
100 22 19
101 17 27
102 22 26
103 21 23
104 17 26
105 16 27
106 17 26
107 18 22
108 19 22
109 22 18
110 14 24
111 21 19
112 17 22
113 23 24
114 22 23
115 18 26
116 19 20
117 20 18
118 18 23
119 26 16
120 21 22
121 16 30
122 23 19
123 18 22
124 21 20
125 15 28
126 22 20
127 20 22
128 19 24
129 24 19
130 25 18
131 17 18
132 16 19
133 18 18
134 15 22
135 27 14
136 21 20
137 16 25
138 18 21
139 22 19
140 20 22
141 20 22
142 25 17
143 20 27
144 20 27
145 24 19
146 20 16
147 17 21
148 17 20
149 11 26
150 24 17
151 19 23
152 25 28
153 20 22
154 18 21
155 20 19
156 22 17
157 20 20
158 13 27
159 24 16
160 13 26
161 19 17
162 21 26
163 20 21
164 21 14
165 18 19
166 18 18
167 24 18
168 18 24
169 19 20
170 19 20
171 24 15
172 17 22
173 20 25
174 24 16
175 22 19
176 20 22
177 25 24
178 26 21
179 23 24
180 28 18
181 22 22
182 20 27
183 22 19
184 22 16
185 20 23
186 17 25
187 23 22
188 25 19
189 20 24
190 26 19
191 21 20
192 20 22
193 17 28
194 14 32
195 26 20
196 26 20
197 26 21
198 28 21
199 24 27
200 24 26
201 25 21
202 30 23
203 22 28
204 19 24
205 13 22
206 19 25
207 25 20
208 20 24
209 28 15
210 17 25
211 26 20
212 20 23
213 19 24
214 27 18
215 21 21
216 21 25
217 27 20
218 24 21
219 27 18
220 24 20
221 22 20
222 28 15
223 22 15
224 16 29
225 16 28
226 20 18
227 18 21
228 18 22
229 20 20
230 23 19
231 21 20
232 24 21
233 24 21
234 16 17
235 20 17
236 23 13
237 23 22
238 21 26
239 22 23
240 22 22
241 23 18
242 23 19
243 15 27
244 27 18
245 24 23
246 25 21
247 28 18
248 27 16
249 21 21
250 27 16
251 17 27
252 21 18
253 14 26
254 16 23
255 18 21
