0 23 23
1 18 28
2 27 19
3 19 22
4 24 18
5 17 26
6 22 21
7 21 23
8 17 20
9 25 12
10 21 15
11 20 20
12 24 19
13 20 27
14 21 24
15 27 20
16 19 21
17 17 24
18 23 20
19 16 25
20 19 22
21 20 20
22 22 18
23 21 20
24 18 19
25 23 21
26 19 25
27 24 18
28 25 17
29 22 19
30 26 18
31 27 15
32 20 21
33 21 18
34 21 19
35 19 16
36 15 26
37 20 21
38 14 24
39 17 23
40 16 24
41 24 17
42 19 18
43 16 21
44 20 19
45 27 19
46 22 26
47 21 27
48 24 22
49 23 23
50 20 21
51 20 21
52 18 19
53 15 21
54 16 23
55 21 18
56 21 18
57 17 22
58 21 17
59 21 18
60 16 26
61 16 26
62 21 24
63 21 26
64 25 25
65 21 24
66 23 26
67 28 21
68 21 28
69 27 21
70 20 27
71 19 28
72 27 20
73 32 14
74 24 19
75 18 24
76 28 15
77 18 28
78 30 18
79 21 27
80 19 24
81 23 19
82 20 22
83 16 24
84 21 23
85 21 25
86 25 20
87 24 24
88 21 27
89 25 18
90 21 26
91 26 20
92 31 14
93 27 20
94 24 21
95 17 27
96 25 20
97 20 25
98 19 25
99 24 20
100 17 24
101 18 23
102 26 21
103 27 16
104 21 22
105 24 21
106 27 17
107 25 20
108 20 22
109 18 24
110 21 22
111 22 18
112 18 23
113 20 22
114 23 21
115 26 22
116 24 26
117 24 24
118 21 25
119 17 23
120 16 25
121 21 20
122 20 22
123 17 27
124 25 16
125 22 17
126 20 19
127 20 23
128 18 21
129 16 21
130 17 17
131 11 23
132 20 20
133 15 25
134 14 26
135 21 22
136 20 24
137 24 19
138 19 23
139 21 21
140 22 21
141 26 16
142 19 31
143 17 18
144 23 13
145 23 15
146 15 26
147 20 20
148 24 19
149 19 21
150 23 19
151 18 21
152 19 20
153 22 19
154 15 27
155 23 18
156 20 19
157 19 22
158 21 17
159 15 26
160 20 21
161 25 16
162 23 18
163 24 18
164 21 20
165 16 23
166 26 13
167 24 20
168 18 25
169 21 22
170 22 21
171 19 17
172 19 24
173 21 22
174 22 21
175 21 23
176 15 26
177 21 20
178 23 21
179 20 23
180 24 16
181 17 25
182 24 17
183 13 27
184 17 23
185 16 24
186 21 18
187 18 23
188 17 25
189 18 24
190 17 25
191 22 17
192 23 20
193 24 22
194 22 20
195 27 18
196 28 20
197 27 16
198 24 24
199 25 26
200 24 29
201 33 22
202 31 22
203 26 23
204 20 24
205 21 23
206 22 22
207 21 20
208 22 17
209 17 23
210 21 16
211 16 26
212 22 17
213 21 20
214 19 23
215 24 19
216 19 25
217 22 20
218 23 18
219 23 17
220 23 15
221 19 17
222 16 20
223 13 23
224 18 25
225 24 17
226 21 16
227 15 23
228 22 17
229 24 18
230 21 24
231 20 24
232 15 26
233 18 22
234 19 20
235 17 22
236 27 13
237 23 21
238 28 16
239 22 21
240 26 17
241 24 21
242 19 27
243 23 25
244 18 24
245 21 19
246 19 17
247 20 17
248 23 20
249 29 15
250 27 18
251 21 24
252 28 20
253 24 26
254 29 21
255 25 25
