0 20 20
1 18 24
2 20 23
3 22 21
4 16 25
5 16 27
6 25 19
7 21 20
8 23 19
9 19 25
10 27 18
11 16 25
12 21 20
13 23 16
14 23 17
15 20 20
16 26 14
17 25 18
18 20 21
19 17 20
20 18 21
21 20 22
22 21 20
23 18 20
24 19 18
25 13 23
26 17 21
27 24 14
28 21 16
29 18 18
30 20 18
31 19 22
32 17 28
33 28 15
34 23 22
35 22 23
36 14 31
37 25 20
38 28 17
39 25 19
40 22 20
41 22 19
42 18 25
43 25 18
44 25 16
45 24 20
46 22 19
47 21 20
48 23 22
49 17 30
50 24 23
51 26 17
52 24 20
53 20 22
54 14 27
55 27 16
56 17 26
57 18 25
58 22 22
59 26 19
60 22 22
61 24 19
62 16 25
63 21 19
64 22 21
65 27 21
66 29 19
67 21 26
68 21 24
69 23 22
70 20 25
71 23 22
72 22 22
73 28 16
74 15 28
75 19 25
76 21 21
77 27 17
78 23 20
79 23 20
80 27 14
81 19 23
82 17 22
83 25 14
84 24 15
85 20 19
86 20 20
87 21 22
88 24 20
89 18 22
90 17 24
91 21 23
92 20 25
93 24 19
94 16 26
95 21 23
96 24 21
97 25 19
98 19 25
99 25 22
100 21 26
101 27 20
102 20 15
103 16 19
104 14 22
105 19 18
106 22 19
107 21 19
108 17 22
109 18 22
110 17 26
111 16 26
112 17 25
113 19 26
114 26 17
115 18 22
116 17 24
117 18 22
118 27 19
119 18 26
120 25 19
121 23 19
122 20 23
123 21 23
124 28 17
125 19 26
126 18 27
127 26 19
128 20 26
129 29 17
130 26 16
131 17 25
132 18 24
133 16 25
134 23 18
135 25 16
136 16 27
137 27 14
138 14 28
139 22 20
140 18 24
141 23 21
142 21 20
143 22 17
144 20 21
145 22 19
146 20 22
147 20 22
148 17 30
149 24 21
150 21 24
151 27 18
152 24 21
153 21 20
154 12 29
155 29 15
156 25 20
157 19 24
158 21 23
159 28 16
160 21 24
161 26 22
162 24 27
163 28 20
164 24 21
165 21 25
166 28 17
167 26 17
168 14 29
169 23 19
170 19 25
171 22 21
172 19 25
173 24 19
174 19 18
175 15 21
176 21 15
177 19 17
178 19 18
179 23 15
180 20 18
181 22 18
182 17 24
183 20 22
184 26 13
185 19 21
186 22 20
187 18 20
188 18 23
189 22 24
190 25 21
191 21 25
192 21 20
193 26 17
194 13 25
195 13 25
196 21 17
197 22 19
198 22 22
199 20 25
200 28 17
201 27 17
202 18 25
203 20 24
204 24 20
205 18 22
206 23 17
207 19 22
208 24 21
209 24 19
210 19 23
211 23 19
212 23 19
213 20 21
214 19 23
215 17 27
216 25 20
217 24 19
218 18 25
219 17 23
220 23 20
221 26 17
222 23 20
223 18 24
224 20 24
225 19 21
226 18 27
227 21 24
228 24 22
229 23 24
230 24 22
231 18 19
232 24 20
233 21 20
234 23 20
235 20 22
236 17 23
237 21 17
238 27 17
239 22 23
240 23 24
241 22 26
242 19 27
243 25 21
244 22 24
245 19 27
246 21 21
247 19 23
248 20 24
249 19 24
250 19 23
251 23 19
252 22 18
253 24 17
254 19 21
255 18 22
