0 25 15
1 24 22
2 21 27
3 23 23
4 26 22
5 28 21
6 19 22
7 22 18
8 24 16
9 20 20
10 17 22
11 16 25
12 21 19
13 22 22
14 20 22
15 22 20
16 20 24
17 29 17
18 19 19
19 14 22
20 16 23
21 13 26
22 23 18
23 22 18
24 21 24
25 20 22
26 19 26
27 24 24
28 20 29
29 23 27
30 20 24
31 20 24
32 25 18
33 22 18
34 19 19
35 19 17
36 21 17
37 18 26
38 26 21
39 24 15
40 17 20
41 23 15
42 19 20
43 23 15
44 26 15
45 15 26
46 28 16
47 22 18
48 20 20
49 19 21
50 22 18
51 24 19
52 21 21
53 20 24
54 27 14
55 24 17
56 20 22
57 19 25
58 18 25
59 25 18
60 25 19
61 24 19
62 23 22
63 21 24
64 25 20
65 22 21
66 18 23
67 22 19
68 24 18
69 15 28
70 28 18
71 25 23
72 21 21
73 14 27
74 31 14
75 25 17
76 16 24
77 18 23
78 13 29
79 19 26
80 25 19
81 26 18
82 25 20
83 24 24
84 23 15
85 27 17
86 24 20
87 17 20
88 27 16
89 24 20
90 24 23
91 24 24
92 29 19
93 29 16
94 21 23
95 20 26
96 25 17
97 22 22
98 19 19
99 17 21
100 18 24
101 19 19
102 30 17
103 18 30
104 25 19
105 22 24
106 24 21
107 20 26
108 21 18
109 17 23
110 19 23
111 23 16
112 22 16
113 16 26
114 19 22
115 22 19
116 17 24
117 19 24
118 24 22
119 32 16
120 24 21
121 22 23
122 16 25
123 17 24
124 21 26
125 26 21
126 23 21
127 19 20
128 21 18
129 17 24
130 16 24
131 16 23
132 17 26
133 16 24
134 17 20
135 19 16
136 22 17
137 14 23
138 19 19
139 20 23
140 18 23
141 21 23
142 24 25
143 20 16
144 19 20
145 20 18
146 18 27
147 18 22
148 23 16
149 17 25
150 19 24
151 27 23
152 27 24
153 30 18
154 19 29
155 17 26
156 17 22
157 19 21
158 24 17
159 22 22
160 18 31
161 21 23
162 26 16
163 19 26
164 17 27
165 27 17
166 20 28
167 25 20
168 26 24
169 20 17
170 19 18
171 23 16
172 24 19
173 21 19
174 20 21
175 18 14
176 17 18
177 16 26
178 28 20
179 24 28
180 27 22
181 19 30
182 32 17
183 25 21
184 18 21
185 21 19
186 23 25
187 16 25
188 26 15
189 20 17
190 15 26
191 18 21
192 28 21
193 24 20
194 21 21
195 20 22
196 20 22
197 23 16
198 18 19
199 22 17
200 16 25
201 23 18
202 21 21
203 21 23
204 23 18
205 19 17
206 22 12
207 20 16
208 19 19
209 24 18
210 13 29
211 21 16
212 21 15
213 18 22
214 22 19
215 14 26
216 16 21
217 19 26
218 23 21
219 23 22
220 28 21
221 21 25
222 18 25
223 17 26
224 18 24
225 26 16
226 17 26
227 20 18
228 15 23
229 18 20
230 22 23
231 14 28
232 23 21
233 25 25
234 30 19
235 22 28
236 21 26
237 21 23
238 21 25
239 30 17
240 27 18
241 19 28
242 20 20
243 20 23
244 19 27
245 24 24
246 20 18
247 30 21
248 24 18
249 20 16
250 12 22
251 18 26
252 19 22
253 20 20
254 21 19
255 22 18
