0 35 13
1 29 20
2 25 21
3 22 24
4 20 20
5 16 22
6 12 28
7 16 20
8 20 19
9 22 19
10 14 27
11 23 16
12 18 16
13 14 23
14 18 21
15 18 20
16 23 16
17 18 19
18 13 25
19 21 19
20 17 24
21 26 17
22 26 19
23 27 14
24 25 19
25 24 19
26 17 23
27 21 19
28 22 18
29 16 26
30 18 29
31 28 20
32 27 24
33 21 27
34 18 25
35 24 20
36 20 22
37 16 26
38 16 24
39 21 22
40 22 19
41 23 17
42 26 15
43 16 20
44 12 23
45 27 13
46 16 16
47 18 17
48 18 22
49 23 23
50 29 19
51 23 20
52 23 17
53 15 24
54 20 20
55 17 27
56 18 28
57 16 27
58 25 24
59 21 24
60 19 25
61 20 23
62 20 24
63 20 24
64 20 20
65 20 21
66 15 25
67 17 24
68 21 22
69 19 20
70 21 18
71 19 21
72 15 24
73 20 22
74 20 23
75 29 22
76 22 25
77 27 14
78 21 21
79 19 25
80 29 17
81 20 24
82 17 25
83 22 16
84 19 22
85 17 25
86 20 23
87 18 25
88 24 21
89 17 22
90 22 20
91 18 23
92 17 24
93 15 28
94 25 15
95 22 20
96 17 20
97 20 24
98 29 15
99 26 21
100 25 21
101 21 24
102 24 17
103 20 21
104 19 28
105 29 17
106 23 23
107 22 24
108 19 26
109 22 17
110 16 20
111 15 21
112 22 15
113 26 14
114 20 20
115 24 19
116 25 18
117 23 22
118 34 19
119 21 25
120 20 23
121 26 21
122 17 22
123 22 19
124 21 21
125 26 15
126 18 22
127 21 21
128 20 23
129 17 27
130 20 23
131 27 14
132 27 16
133 22 19
134 19 23
135 25 19
136 18 21
137 26 15
138 12 25
139 17 22
140 24 18
141 17 25
142 28 17
143 18 24
144 28 17
145 17 22
146 32 16
147 18 27
148 16 32
149 24 22
150 25 21
151 18 26
152 28 18
153 25 18
154 25 20
155 25 22
156 20 20
157 25 18
158 21 23
159 15 26
160 14 25
161 20 21
162 21 24
163 24 19
164 27 17
165 19 25
166 15 29
167 21 24
168 26 18
169 18 21
170 18 23
171 26 19
172 24 23
173 19 25
174 25 22
175 18 22
176 18 22
177 21 21
178 19 26
179 27 19
180 24 18
181 27 18
182 23 22
183 19 23
184 27 19
185 19 21
186 16 21
187 21 20
188 24 16
189 24 20
190 18 24
191 26 16
192 22 20
193 23 23
194 17 24
195 23 17
196 18 20
197 16 21
198 23 21
199 26 20
200 24 20
201 27 20
202 28 19
203 20 24
204 23 16
205 24 16
206 15 24
207 22 22
208 20 23
209 22 21
210 19 20
211 17 25
212 21 22
213 17 26
214 31 12
215 28 16
216 18 26
217 20 18
218 21 20
219 22 22
220 18 26
221 20 25
222 22 23
223 23 22
224 22 20
225 25 25
226 29 16
227 15 29
228 22 21
229 23 21
230 20 21
231 26 19
232 22 22
233 16 27
234 21 17
235 25 13
236 21 20
237 19 20
238 23 22
239 19 24
240 22 20
241 22 24
242 25 24
243 24 21
244 20 21
245 22 18
246 25 18
247 21 22
248 17 20
249 15 23
250 12 23
251 17 21
252 19 24
253 33 15
254 18 30
255 22 28
