0 26 15
1 28 15
2 14 25
3 27 18
4 24 23
5 16 27
6 24 17
7 18 21
8 15 21
9 25 14
10 16 24
11 25 17
12 19 22
13 20 20
14 29 16
15 23 21
16 19 24
17 23 21
18 15 23
19 21 18
20 13 29
21 22 19
22 17 28
23 19 25
24 29 15
25 18 25
26 24 22
27 26 17
28 25 20
29 22 22
30 17 28
31 21 26
32 26 19
33 28 18
34 19 23
35 16 26
36 20 26
37 26 19
38 17 27
39 27 19
40 24 17
41 20 21
42 20 22
43 19 25
44 21 24
45 22 18
46 18 22
47 21 20
48 15 30
49 14 30
50 20 24
51 17 25
52 17 29
53 21 23
54 19 24
55 28 16
56 24 19
57 21 20
58 20 21
59 21 20
60 15 22
61 24 18
62 24 18
63 25 20
64 21 25
65 19 23
66 23 23
67 29 17
68 24 15
69 20 27
70 25 22
71 21 24
72 25 18
73 15 24
74 22 14
75 17 17
76 17 17
77 12 22
78 13 25
79 17 23
80 14 22
81 22 19
82 17 28
83 27 16
84 25 19
85 21 24
86 28 17
87 20 19
88 31 13
89 19 22
90 22 21
91 30 10
92 16 27
93 18 27
94 20 24
95 31 16
96 25 22
97 22 22
98 22 23
99 25 18
100 17 25
101 22 20
102 17 23
103 26 19
104 25 19
105 26 19
106 24 21
107 19 22
108 12 29
109 22 19
110 17 25
111 21 19
112 26 21
113 23 26
114 24 24
115 23 18
116 22 19
117 22 20
118 20 20
119 26 15
120 19 20
121 21 19
122 18 24
123 23 21
124 22 21
125 23 19
126 18 21
127 17 21
128 17 21
129 22 18
130 24 16
131 14 24
132 21 17
133 14 19
134 15 19
135 14 20
136 16 21
137 16 23
138 19 21
139 23 17
140 21 19
141 27 17
142 26 20
143 29 16
144 14 26
145 17 26
146 27 18
147 23 22
148 21 24
149 24 22
150 26 18
151 19 22
152 20 22
153 21 21
154 16 20
155 18 25
156 23 24
157 28 17
158 19 20
159 23 15
160 19 24
161 16 26
162 23 20
163 20 23
164 21 16
165 14 23
166 25 18
167 22 17
168 21 27
169 21 21
170 22 26
171 26 15
172 24 18
173 20 22
174 14 27
175 26 13
176 18 21
177 18 19
178 13 27
179 14 28
180 23 20
181 26 15
182 21 26
183 35 19
184 21 25
185 27 23
186 20 27
187 24 21
188 26 25
189 24 19
190 24 25
191 24 24
192 24 24
193 24 25
194 19 24
195 20 23
196 21 23
197 27 17
198 24 20
199 23 18
200 17 25
201 27 21
202 26 18
203 26 17
204 20 24
205 25 18
206 20 18
207 24 19
208 20 25
209 24 17
210 23 19
211 26 22
212 31 20
213 33 17
214 19 23
215 24 21
216 22 24
217 25 15
218 23 17
219 16 22
220 21 13
221 27 17
222 20 25
223 15 28
224 20 26
225 18 27
226 26 24
227 23 22
228 21 22
229 22 21
230 26 22
231 11 25
232 17 21
233 15 22
234 20 15
235 18 17
236 23 13
237 19 18
238 16 22
239 21 21
240 13 34
241 25 24
242 25 23
243 12 28
244 25 17
245 20 22
246 21 22
247 14 27
248 20 19
249 20 22
250 17 26
251 32 22
252 13 22
253 18 19
254 19 18
255 19 24
