0 16 29
1 20 25
2 18 27
3 17 26
4 20 23
5 25 18
6 28 15
7 26 18
8 21 23
9 17 29
10 25 20
11 22 21
12 16 26
13 23 19
14 18 24
15 19 21
16 22 18
17 21 21
18 17 26
19 26 19
20 26 19
21 23 22
22 30 16
23 15 24
24 17 23
25 24 16
26 18 21
27 24 16
28 16 24
29 15 27
30 22 20
31 20 19
32 18 21
33 23 19
34 17 27
35 19 25
36 26 17
37 23 21
38 25 19
39 19 22
40 23 22
41 19 26
42 17 24
43 27 16
44 22 23
45 26 24
46 26 24
47 24 18
48 23 24
49 22 22
50 21 22
51 24 19
52 25 20
53 20 26
54 27 19
55 23 20
56 20 23
57 24 17
58 22 19
59 28 12
60 17 24
61 19 24
62 26 19
63 23 19
64 20 20
65 20 22
66 21 21
67 15 30
68 22 21
69 21 19
70 17 26
71 20 18
72 17 22
73 24 22
74 23 22
75 19 24
76 21 22
77 26 19
78 25 20
79 25 20
80 21 25
81 26 20
82 22 23
83 27 15
84 21 19
85 17 24
86 24 18
87 17 23
88 23 15
89 18 23
90 22 18
91 19 19
92 21 22
93 20 22
94 19 24
95 24 18
96 24 20
97 20 25
98 24 20
99 19 25
100 24 18
101 23 19
102 20 21
103 20 23
104 16 28
105 19 21
106 19 23
107 23 18
108 15 27
109 28 15
110 22 17
111 20 19
112 18 16
113 21 17
114 23 17
115 20 21
116 23 19
117 24 17
118 13 28
119 18 23
120 21 20
121 22 21
122 15 28
123 18 25
124 20 23
125 25 18
126 17 25
127 22 21
128 21 22
129 23 18
130 25 18
131 23 16
132 17 24
133 22 18
134 20 21
135 31 13
136 22 18
137 13 33
138 15 27
139 19 22
140 21 22
141 20 24
142 19 26
143 20 25
144 23 18
145 21 21
146 20 23
147 20 19
148 25 15
149 23 19
150 12 30
151 21 18
152 22 17
153 12 25
154 16 24
155 20 20
156 22 18
157 22 20
158 20 21
159 26 16
160 19 22
161 23 21
162 19 26
163 24 20
164 21 23
165 22 21
166 23 22
167 20 19
168 23 17
169 21 19
170 23 21
171 22 24
172 28 14
173 20 23
174 27 16
175 24 20
176 25 16
177 14 25
178 24 17
179 25 16
180 21 21
181 19 24
182 25 17
183 18 20
184 20 19
185 21 18
186 24 15
187 20 20
188 19 22
189 25 22
190 24 22
191 31 15
192 26 24
193 21 30
194 26 22
195 27 18
196 22 23
197 29 16
198 23 20
199 21 22
200 28 16
201 21 21
202 22 21
203 20 25
204 19 25
205 22 23
206 28 17
207 21 25
208 26 20
209 23 22
210 16 32
211 27 21
212 22 28
213 19 28
214 20 27
215 20 25
216 27 18
217 24 21
218 19 24
219 18 25
220 18 24
221 19 24
222 14 27
223 21 19
224 22 16
225 18 21
226 17 21
227 20 18
228 23 15
229 18 21
230 15 23
231 23 14
232 15 24
233 23 16
234 21 23
235 24 21
236 25 19
237 23 20
238 20 21
239 22 18
240 24 18
241 23 21
242 17 20
243 24 17
244 17 22
245 14 26
246 20 22
247 18 24
248 18 22
249 19 21
250 21 21
251 18 25
252 16 26
253 19 23
254 14 27
255 25 20
