2.26919	-0.0320621		-1.42845
2.24946	-0.0342852		-1.38014
2.22974	-0.0345575		-1.46726
2.21002	-0.035652		-1.43426
2.19029	-0.0330931		-1.55986
2.17057	-0.0331661		-1.57146
2.15085	-0.0344559		-1.45455
2.13113	-0.0352143		-1.58188
2.1114	-0.0313658		-1.53874
2.09168	-0.0356074		-1.55873
2.07196	-0.0373381		-1.49406
2.05224	-0.0365223		-1.53592
2.03251	-0.0240355		-1.57425
2.01279	-0.0389647		-1.57357
1.99307	-0.0351923		-1.68586
1.97334	-0.0403759		-1.61945
1.95362	-0.0403241		-1.57428
1.9339	-0.0310271		-1.67542
1.91418	-0.0337209		-1.675
1.89445	-0.0345037		-1.66661
1.87473	-0.0163736		-1.62111
1.85501	-0.0383355		-1.70111
1.83529	-0.0198176		-1.75012
1.81556	-0.0428901		-1.67875
1.79584	-0.042176		-1.77232
1.77612	-0.029424		-1.70996
1.7564	-0.0257713		-1.76256
1.73667	-0.0211391		-1.84043
1.71695	-0.0226728		-1.7394
1.69723	-0.0409637		-1.73459
1.6775	-0.0278785		-1.75717
1.65778	-0.0229468		-1.81546
1.63806	-0.0335483		-1.79681
1.61834	-0.0448175		-1.77435
1.59861	-0.0463732		-1.78962
1.57889	-0.0126378		-1.81346
1.55917	-0.0495086		-1.79802
1.53945	-0.00958776		-1.80359
1.51972	-0.0343152		-1.79891
1.5	-0.0590878		-1.85076
