0	0.0281067		0.00765753
0.040404	0.0236816		0.00765619
0.0808081	0.0278625		0.00769558
0.121212	0.0324097		0.007664
0.161616	0.0406189		0.00767552
0.20202	0.0244446		0.00765183
0.242424	0.0328979		0.00775592
0.282828	0.0352783		0.00773607
0.323232	0.0375061		0.00768192
0.363636	0.0358582		0.00770015
0.40404	0.0386353		0.0077664
0.444444	0.052948		0.00770063
0.484848	0.0255432		0.0076803
0.525253	0.0274658		0.00779892
0.565657	0.0376892		0.00771185
0.606061	0.0278931		0.00773306
0.646465	0.0284729		0.00779572
0.686869	0.0290222		0.00771895
0.727273	0.0179749		0.00778566
0.767677	0.0226135		0.00776884
0.808081	0.032959		0.00773294
0.848485	0.0328979		0.00776922
0.888889	0.043396		0.00778806
0.929293	0.0203247		0.00781078
0.969697	0.0392151		0.00784269
1.0101	0.028717		0.00779821
1.05051	0.019104		0.00786742
1.09091	0.0309143		0.00790144
1.13131	0.0220642		0.00789481
1.17172	0.0407104		0.00786168
1.21212	0.0677185		0.00795168
1.25253	0.0434875		0.00792976
1.29293	0.0509033		0.00796657
1.33333	0.0338135		0.00795692
1.37374	0.0438232		0.00800436
1.41414	0.0406799		0.00800042
1.45455	0.0501404		0.00801617
1.49495	0.0333252		0.00801471
1.53535	0.0422974		0.00803476
1.57576	0.045105		0.00807171
1.61616	0.0285034		0.00806469
1.65657	0.030426		0.00806037
1.69697	0.0204468		0.00811972
1.73737	0.0283508		0.00820834
1.77778	0.0240479		0.00815993
1.81818	0.0314331		0.00817917
1.85859	0.0293274		0.0082245
1.89899	0.0339355		0.00822834
1.93939	0.0224304		0.00825188
1.9798	0.0267639		0.00825575
2.0202	0.0417786		0.00832565
2.06061	0.0254211		0.00831083
2.10101	0.0224609		0.00835541
2.14141	0.0306702		0.00839793
2.18182	0.0396423		0.0083703
2.22222	0.048584		0.00842436
2.26263	0.0674744		0.00848059
2.30303	0.0300598		0.00854493
2.34343	0.0352478		0.00852753
2.38384	0.0308228		0.00857547
2.42424	0.0483093		0.00858259
2.46465	0.0424194		0.0086221
2.50505	0.0358582		0.00867187
2.54545	0.0740356		0.00864453
2.58586	0.0223694		0.00874694
2.62626	0.0458679		0.00869914
2.66667	0.0489502		0.00879609
2.70707	0.0369568		0.00878129
2.74747	0.0657043		0.00885115
2.78788	0.0534363		0.00888583
2.82828	0.0423889		0.00893409
2.86869	0.0323486		0.0089142
2.90909	0.0397949		0.00895997
2.94949	0.0478821		0.00899713
2.9899	0.0490417		0.0090804
3.0303	0.0579529		0.00906613
3.07071	0.0295715		0.0091252
3.11111	0.0344238		0.00914313
3.15152	0.0439758		0.00917715
3.19192	0.0275879		0.00920297
3.23232	0.0523987		0.00922642
3.27273	0.041687		0.00932054
3.31313	0.0316467		0.00929833
3.35354	0.0402222		0.00936151
3.39394	0.0530396		0.00942707
3.43434	0.0523071		0.00947962
3.47475	0.0714417		0.00954504
3.51515	0.0536194		0.00955659
3.55556	0.0352478		0.00962747
3.59596	0.0461731		0.0096106
3.63636	0.0443726		0.00967138
3.67677	0.0455017		0.00975098
3.71717	0.0503235		0.00976524
3.75758	0.0387878		0.00978156
3.79798	0.0349731		0.00992218
3.83838	0.0366821		0.00994068
3.87879	0.0445862		0.0100469
3.91919	0.0344849		0.0100177
3.9596	0.031189		0.0100644
4	0.0317993		0.010078
