0.01	12.3686		2370.01		0.441344 6.90891e-310
0.00974359	12.9709		2536.02		0.44184 6.90891e-310
0.00948718	13.1246		2515.7		0.441971 1.29432e+74
0.00923077	12.7658		2378.31		0.442476 2.69622e-317
0.00897436	12.9504		2398.91		0.44255 2.37152e-322
0.00871795	14.0709		2769.62		0.442885 3.16202e-322
0.00846154	14.0448		2758.5		0.443187 4.63646e-310
0.00820513	15.5583		3035.18		0.44359 4.63646e-310
0.00794872	14.9096		2954.19		0.443687 0
0.00769231	14.9586		2877.85		0.443971 4.63646e-310
0.0074359	15.7892		3059.65		0.444341 6.91508e-310
0.00717949	15.4478		2947.29		0.444435 6.91508e-310
0.00692308	16.7959		3469.8		0.444889 1.29432e+74
0.00666667	15.4226		2947.6		0.445309 2.69622e-317
0.00641026	16.8338		3412.15		0.445426 2.37152e-322
0.00615385	19.4607		3936.45		0.446031 3.16202e-322
0.00589744	18.6291		3839.11		0.446246 4.64285e-310
0.00564103	20.081		4045.75		0.44667 4.64285e-310
0.00538462	20.6082		4415.82		0.446899 0
0.00512821	21.5778		4566.67		0.447423 4.64285e-310
0.00487179	23.0898		4850.19		0.447794 6.90338e-310
0.00461538	24.1018		5213.17		0.448068 6.90338e-310
0.00435897	24.1762		5378.98		0.448104 1.29432e+74
0.00410256	26.0668		5609.43		0.44859 2.69622e-317
0.00384615	30.3689		6848.36		0.44916 2.37152e-322
0.00358974	26.3079		5541.07		0.449586 3.16202e-322
0.00333333	32.0692		7241.48		0.450036 4.64479e-310
0.00307692	35.4282		8210.68		0.450259 4.64479e-310
0.00282051	39.686		9253.21		0.450997 0
0.0025641	42.8024		10104		0.451189 4.64479e-310
0.00230769	48.0385		11132.7		0.451808 6.94887e-310
0.00205128	42.1672		9425.07		0.452085 6.94887e-310
0.00179487	63.591		15864.8		0.452722 1.29432e+74
0.00153846	68.7248		17885.1		0.453097 2.69622e-317
0.00128205	83.0867		21571.2		0.453626 2.37152e-322
0.00102564	112.299		28884.6		0.454294 3.16202e-322
0.000769231	106.995		24880.1		0.454338 4.64973e-310
0.000512821	197.533		54229		0.455034 4.64973e-310
0.00025641	305.101		97676.9		0.455493 0
0	410.03		168853		0.455229 4.64973e-310
