3	0.00730037		0.00730361		0.0138772 6.90576e-310
2.92308	0.00794231		0.00794609		0.0150321 6.90576e-310
2.84615	0.00863256		0.00863717		0.0162688 1.29432e+74
2.76923	0.0093958		0.00940116		0.0176191 2.69622e-317
2.69231	0.0102378		0.0102453		0.0190997 2.37152e-322
2.61538	0.0111476		0.0111558		0.0206767 3.16202e-322
2.53846	0.0121543		0.0121647		0.0224063 4.67494e-310
2.46154	0.0132814		0.0132946		0.0243127 4.67494e-310
2.38462	0.0144906		0.0145083		0.0263337 0
2.30769	0.015841		0.0158618		0.0285646 4.67494e-310
2.23077	0.0173451		0.0173716		0.0310033 6.90937e-310
2.15385	0.0190239		0.0190572		0.0336813 6.90937e-310
2.07692	0.0208632		0.0209054		0.036559 1.29432e+74
2	0.0228995		0.022953		0.0396806 2.69622e-317
1.92308	0.0252183		0.0252872		0.0431695 2.37152e-322
1.84615	0.0277915		0.0278805		0.0469439 3.16202e-322
1.76923	0.0306927		0.0308098		0.0510986 4.68617e-310
1.69231	0.0339204		0.0340691		0.0555823 4.68617e-310
1.61538	0.0376016		0.037798		0.0605423 0
1.53846	0.0418023		0.0420638		0.066026 4.68617e-310
1.46154	0.0465589		0.0469069		0.0720189 6.90217e-310
1.38462	0.0520426		0.052506		0.0786498 6.90217e-310
1.30769	0.0582941		0.0589199		0.0858861 1.29432e+74
1.23077	0.0655893		0.0664462		0.093947 2.69622e-317
1.15385	0.0740405		0.0752144		0.102795 2.37152e-322
1.07692	0.0839483		0.0855745		0.112619 3.16202e-322
1	0.0955918		0.0978798		0.123399 4.67876e-310
0.923077	0.109535		0.112783		0.135447 4.67876e-310
0.846154	0.126293		0.130991		0.148822 0
0.769231	0.146498		0.153356		0.163595 4.67876e-310
0.692308	0.171332		0.181557		0.179968 6.91909e-310
0.615385	0.202273		0.217881		0.19812 6.91909e-310
0.538462	0.241384		0.265787		0.218273 1.29432e+74
0.461538	0.292025		0.331417		0.240552 2.69622e-317
0.384615	0.358927		0.424872		0.265061 2.37152e-322
0.307692	0.450916		0.567171		0.291912 3.16202e-322
0.230769	0.588941		0.86582		0.321701 4.64393e-310
0.153846	0.903062		11.4854		0.354956 4.64393e-310
0.0769231	1.84606		108.318		0.393721 0
0	442.584		196441		0.455474 4.64393e-310
