0.000000000000000000e+00 7.992767732244916434e-01 7.727395557723210073e-01 6.386261153622322384e-01
8.163265306122448328e-02 8.348141433415475765e-01 7.850799753394630542e-01 6.507509011410627098e-01
1.632653061224489666e-01 8.716463112353014520e-01 7.974935119703511210e-01 6.627984985564060461e-01
2.448979591836734637e-01 9.098129931077865162e-01 8.099937499966185506e-01 6.747771100825553647e-01
3.265306122448979331e-01 9.493579078261233928e-01 8.225947813294873789e-01 6.866964556151224919e-01
4.081632653061224025e-01 9.903290099509737265e-01 8.353106485798857950e-01 6.985672250045890097e-01
4.897959183673469274e-01 1.032778608531191189e+00 8.481547810923881769e-01 7.104004976061598642e-01
5.714285714285713969e-01 1.076763363492076797e+00 8.611394594153393145e-01 7.222071626154823454e-01
6.530612244897958663e-01 1.122344159815054088e+00 8.742753451604090564e-01 7.339973760225581012e-01
7.346938775510203357e-01 1.169585869160614466e+00 8.875711116417769331e-01 7.457800894659902813e-01
8.163265306122448051e-01 1.218557018439448747e+00 9.010332057212946388e-01 7.575626827009533937e-01
8.979591836734692745e-01 1.269329394194812721e+00 9.146657627777973198e-01 7.693507247032327356e-01
9.795918367346938549e-01 1.321977619455292352e+00 9.284706848889087150e-01 7.811478788322981925e-01
1.061224489795918213e+00 1.376578744791672859e+00 9.424478778476351737e-01 7.929559553460208132e-01
1.142857142857142794e+00 1.433211896551307429e+00 9.565956267441999561e-01 8.047751010420466367e-01
1.224489795918367152e+00 1.491958021774759224e+00 9.709110742586403164e-01 8.166041020966303687e-01
1.306122448979591733e+00 1.552899760724877343e+00 9.853907526775026460e-01 8.284407640224968894e-01
1.387755102040816313e+00 1.616121464590393852e+00 1.000031112284667012e+00 8.402823240037731178e-01
1.469387755102040671e+00 1.681709358958829892e+00 1.014828987285979922e+00 8.521258473242805387e-01
1.551020408163265252e+00 1.749751835199881311e+00 1.029781947210622439e+00 8.639685624287107846e-01
1.632653061224489610e+00 1.820339834817797486e+00 1.044888496976041248e+00 8.758080987511078774e-01
1.714285714285714191e+00 1.893567279305315765e+00 1.060148111081598232e+00 8.876426068007488013e-01
1.795918367346938549e+00 1.969531492941890338e+00 1.075561113540173697e+00 8.994707591531971858e-01
1.877551020408163129e+00 2.048333570139871718e+00 1.091128440545364509e+00 9.112916505109205367e-01
1.959183673469387710e+00 2.130078652412663587e+00 1.106851342200045440e+00 9.231046312006374599e-01
2.040816326530612290e+00 2.214876100712049656e+00 1.122731088112879805e+00 9.349091176859478658e-01
2.122448979591836427e+00 2.302839572587438433e+00 1.138768736427837158e+00 9.467044236660999701e-01
2.204081632653061007e+00 2.394087034860544971e+00 1.154965007139983735e+00 9.584896456622429284e-01
2.285714285714285587e+00 2.488740755794791593e+00 1.171320272310792943e+00 9.702636199746761392e-01
2.367346938775510168e+00 2.586927322246480365e+00 1.187834645166157665e+00 9.820249478055584902e-01
2.448979591836734304e+00 2.688777716349440183e+00 1.204508125666343687e+00 9.937720677552928095e-01
2.530612244897958885e+00 2.794427466109430824e+00 1.221340749442244356e+00 1.005503344935875454e+00
2.612244897959183465e+00 2.904016861365302127e+00 1.238332693475560964e+00 1.017217146369422842e+00
2.693877551020408045e+00 3.017691208718275675e+00 1.255484313198048651e+00 1.028911882544356615e+00
2.775510204081632626e+00 3.135601092459986639e+00 1.272796113776506477e+00 1.040586010766794800e+00
2.857142857142856762e+00 3.257902615164717464e+00 1.290268682245955700e+00 1.052238010913921329e+00
2.938775510204081343e+00 3.384757607882044717e+00 1.307902617403770895e+00 1.063866352609256438e+00
3.020408163265305923e+00 3.516333817985993537e+00 1.325698487542490867e+00 1.075469471722533044e+00
3.102040816326530503e+00 3.652805094257537188e+00 1.343656826792284154e+00 1.087045765256480223e+00
3.183673469387754640e+00 3.794351588876482051e+00 1.361778159731833027e+00 1.098593602381921386e+00
3.265306122448979220e+00 3.941159986136576698e+00 1.380063032113590937e+00 1.110111341710419808e+00
3.346938775510203801e+00 4.093423754757250066e+00 1.398512028238958260e+00 1.121597344417832431e+00
3.428571428571428381e+00 4.251343412697616841e+00 1.417125768915861617e+00 1.133049978413959380e+00
3.510204081632652962e+00 4.415126794426273094e+00 1.435904897921158163e+00 1.144467615824535045e+00
3.591836734693877098e+00 4.584989318214301335e+00 1.454850070165554676e+00 1.155848629630751745e+00
3.673469387755101678e+00 4.761154258503917269e+00 1.473961949406034533e+00 1.167191393806039201e+00
3.755102040816326259e+00 4.943853030265676907e+00 1.493241213665226885e+00 1.178494287091112369e+00
3.836734693877550839e+00 5.133325488424509864e+00 1.512688561122093933e+00 1.189755697579261806e+00
3.918367346938775420e+00 5.329820240591423897e+00 1.532304711529324015e+00 1.200974025639364839e+00
4.000000000000000000e+00 5.533594970026123328e+00 1.552090404101326149e+00 1.212147685139058240e+00
