0 0.804777
0.204082 0.899725
0.408163 1.00573
0.612245 1.12551
0.816327 1.26365
1.02041 1.42827
1.22449 1.6345
1.42857 1.91137
1.63265 2.31053
1.83673 2.88961
2.04082 7.64662
2.2449 10.1183
2.44898 10.1846
2.65306 10.1789
2.85714 10.2245
3.06122 10.3582
3.26531 10.5899
3.46939 10.9253
3.67347 11.3714
3.87755 11.937
4.08163 12.6304
4.28571 13.4553
4.4898 14.4062
4.69388 15.4662
4.89796 16.6105
5.10204 17.8173
5.30612 19.0764
5.5102 19.7681
5.71429 18.5506
5.91837 23.2695
6.12245 15.0061
6.32653 26.5781
6.53061 17.9219
6.73469 30.4245
6.93878 21.4157
7.14286 33.3823
7.34694 25.6004
7.55102 28.0124
7.7551 30.6123
7.95918 33.4775
8.16327 36.6133
8.36735 40.0446
8.57143 43.7993
8.77551 47.9078
8.97959 52.4034
9.18367 57.3225
9.38776 62.705
9.59184 68.5944
9.79592 75.0384
10 82.0889
