# J =   -1.00000E+00  LX =         90  LY =         90  LZ =         90
#      T             E            dE             M            dM            Cv             dCv          Khi           dKhi       Binder        dBinder         MCsize      dMCsize         L             N            calctime  
#      1             2             3             4             5             6             7              8            9            10            11             12           13            14            15            16      
   3.50000E+00  -2.39943E+00   3.60188E-05   8.80648E-01   8.31009E-06   7.78868E-01   1.06402E-02   7.20256E-07   1.02335E-08   6.66665E-01           NaN   7.78231E-01   2.72856E-03   9.00000E+01   7.29000E+05   1.86845E+03
   3.51000E+00  -2.39172E+00   3.61331E-05   8.78879E-01   8.36296E-06   7.92324E-01   1.15932E-02   7.45800E-07   1.03143E-08   6.66665E-01           NaN   7.72798E-01   2.87171E-03   9.00000E+01   7.29000E+05   1.85498E+03
   3.52000E+00  -2.38385E+00   3.73672E-05   8.77062E-01   8.68022E-06   7.82760E-01   1.16654E-02   7.47311E-07   1.09318E-08   6.66665E-01           NaN   7.72956E-01   2.78399E-03   9.00000E+01   7.29000E+05   1.85688E+03
   3.53000E+00  -2.37591E+00   3.63168E-05   8.75221E-01   8.60055E-06   7.88107E-01   1.16682E-02   7.65600E-07   1.08877E-08   6.66665E-01           NaN   7.68006E-01   2.74841E-03   9.00000E+01   7.29000E+05   1.84266E+03
   3.54000E+00  -2.36793E+00   3.59987E-05   8.73361E-01   8.93970E-06   8.02700E-01   1.15348E-02   7.92347E-07   1.13660E-08   6.66665E-01           NaN   7.64274E-01   2.96008E-03   9.00000E+01   7.29000E+05   1.83736E+03
   3.55000E+00  -2.35989E+00   3.79163E-05   8.71487E-01   9.06866E-06   8.17476E-01   1.10704E-02   8.18898E-07   1.15325E-08   6.66665E-01           NaN   7.60722E-01   2.92474E-03   9.00000E+01   7.29000E+05   1.82848E+03
   3.56000E+00  -2.35174E+00   3.74319E-05   8.69574E-01   9.06876E-06   8.17712E-01   1.16722E-02   8.27500E-07   1.21665E-08   6.66665E-01   1.82501E-08   7.52704E-01   2.95879E-03   9.00000E+01   7.29000E+05   1.81988E+03
   3.57000E+00  -2.34351E+00   3.77361E-05   8.67632E-01   9.31835E-06   8.02869E-01   1.12029E-02   8.31908E-07   1.17996E-08   6.66665E-01           NaN   7.54932E-01   2.95267E-03   9.00000E+01   7.29000E+05   1.83031E+03
   3.58000E+00  -2.33522E+00   3.60159E-05   8.65666E-01   9.19673E-06   8.24540E-01   1.17695E-02   8.60970E-07   1.22182E-08   6.66665E-01           NaN   7.50971E-01   2.89659E-03   9.00000E+01   7.29000E+05   1.81822E+03
   3.59000E+00  -2.32679E+00   3.91750E-05   8.63669E-01   9.47329E-06   8.44965E-01   1.21469E-02   8.93938E-07   1.27832E-08   6.66665E-01           NaN   7.43360E-01   2.96513E-03   9.00000E+01   7.29000E+05   1.80908E+03
   3.60000E+00  -2.31853E+00   3.95885E-05   8.61698E-01   9.61042E-06   8.59124E-01   1.18718E-02   9.21520E-07   1.23786E-08   6.66665E-01           NaN   7.44420E-01   2.91445E-03   9.00000E+01   7.29000E+05   1.80781E+03
   3.61000E+00  -2.30992E+00   3.88008E-05   8.59628E-01   9.60272E-06   8.60663E-01   1.22933E-02   9.41501E-07   1.33836E-08   6.66665E-01           NaN   7.38763E-01   3.03250E-03   9.00000E+01   7.29000E+05   1.80062E+03
   3.62000E+00  -2.30129E+00   3.97375E-05   8.57547E-01   9.59699E-06   8.68173E-01   1.24634E-02   9.62805E-07   1.32166E-08   6.66665E-01   4.82853E-08   7.36887E-01   2.95013E-03   9.00000E+01   7.29000E+05   1.79028E+03
   3.63000E+00  -2.29268E+00   3.98081E-05   8.55462E-01   9.91618E-06   8.39753E-01   1.19063E-02   9.47590E-07   1.32624E-08   6.66665E-01   1.49012E-08   7.37152E-01   2.96980E-03   9.00000E+01   7.29000E+05   1.79127E+03
   3.64000E+00  -2.28394E+00   4.09721E-05   8.53337E-01   9.56951E-06   8.86264E-01   1.23762E-02   1.01327E-06   1.39808E-08   6.66665E-01           NaN   7.28153E-01   3.08231E-03   9.00000E+01   7.29000E+05   1.76638E+03
   3.65000E+00  -2.27511E+00   4.03595E-05   8.51180E-01   9.96379E-06   8.79974E-01   1.28006E-02   1.02824E-06   1.48053E-08   6.66665E-01   1.82501E-08   7.24353E-01   3.14455E-03   9.00000E+01   7.29000E+05   1.75202E+03
   3.66000E+00  -2.26632E+00   4.05560E-05   8.49023E-01   1.02341E-05   9.12914E-01   1.30959E-02   1.08513E-06   1.58607E-08   6.66665E-01           NaN   7.15726E-01   2.95205E-03   9.00000E+01   7.29000E+05   1.73180E+03
   3.67000E+00  -2.25705E+00   4.05708E-05   8.46735E-01   1.04527E-05   8.63918E-01   1.20810E-02   1.04600E-06   1.42031E-08   6.66665E-01           NaN   7.16765E-01   3.15265E-03   9.00000E+01   7.29000E+05   1.73575E+03
   3.68000E+00  -2.24815E+00   4.14687E-05   8.44525E-01   1.05187E-05   9.30467E-01   1.31637E-02   1.13928E-06   1.51820E-08   6.66665E-01   0.00000E+00   7.11429E-01   3.02565E-03   9.00000E+01   7.29000E+05   1.71997E+03
   3.69000E+00  -2.23896E+00   4.21950E-05   8.42241E-01   1.08903E-05   9.02466E-01   1.31446E-02   1.10283E-06   1.56944E-08   6.66665E-01   3.16101E-08   7.04535E-01   3.27857E-03   9.00000E+01   7.29000E+05   1.70777E+03
   3.70000E+00  -2.22969E+00   4.47618E-05   8.39922E-01   1.03874E-05   9.46344E-01   1.36139E-02   1.20681E-06   1.71191E-08   6.66664E-01   2.10734E-08   7.09315E-01   3.01187E-03   9.00000E+01   7.29000E+05   1.71125E+03
   3.71000E+00  -2.22032E+00   4.13472E-05   8.37556E-01   1.14449E-05   9.58027E-01   1.27697E-02   1.23062E-06   1.75719E-08   6.66664E-01           NaN   6.99358E-01   3.14134E-03   9.00000E+01   7.29000E+05   1.69242E+03
   3.72000E+00  -2.21091E+00   4.24244E-05   8.35185E-01   1.08323E-05   9.53600E-01   1.36571E-02   1.23556E-06   1.72770E-08   6.66664E-01   2.78775E-08   6.96797E-01   3.15744E-03   9.00000E+01   7.29000E+05   1.68691E+03
   3.73000E+00  -2.20140E+00   4.15828E-05   8.32762E-01   1.12541E-05   9.42993E-01   1.33246E-02   1.25091E-06   1.86713E-08   6.66664E-01           NaN   6.88782E-01   3.24381E-03   9.00000E+01   7.29000E+05   1.67255E+03
   3.74000E+00  -2.19201E+00   4.37216E-05   8.30357E-01   1.14648E-05   9.80158E-01   1.39724E-02   1.31485E-06   1.86553E-08   6.66664E-01   2.58096E-08   6.92860E-01   3.18446E-03   9.00000E+01   7.29000E+05   1.67306E+03
   3.75000E+00  -2.18220E+00   4.37016E-05   8.27836E-01   1.14277E-05   9.82328E-01   1.32302E-02   1.34334E-06   1.86192E-08   6.66664E-01   4.21468E-08   6.80818E-01   3.25016E-03   9.00000E+01   7.29000E+05   1.65342E+03
   3.76000E+00  -2.17249E+00   4.38961E-05   8.25325E-01   1.17546E-05   9.82520E-01   1.39074E-02   1.37081E-06   1.85083E-08   6.66664E-01   1.05367E-08   6.81879E-01   3.10360E-03   9.00000E+01   7.29000E+05   1.65792E+03
   3.77000E+00  -2.16257E+00   4.44878E-05   8.22744E-01   1.20544E-05   9.86047E-01   1.44944E-02   1.40080E-06   2.01897E-08   6.66664E-01   4.47035E-08   6.76127E-01   3.14236E-03   9.00000E+01   7.29000E+05   1.64239E+03
   3.78000E+00  -2.15262E+00   4.42741E-05   8.20140E-01   1.19563E-05   9.69938E-01   1.42336E-02   1.40917E-06   1.96029E-08   6.66664E-01           NaN   6.74817E-01   3.14184E-03   9.00000E+01   7.29000E+05   1.62852E+03
   3.79000E+00  -2.14247E+00   4.47621E-05   8.17464E-01   1.20895E-05   1.00269E+00   1.42051E-02   1.48760E-06   2.12832E-08   6.66664E-01   5.57550E-08   6.67298E-01   3.03692E-03   9.00000E+01   7.29000E+05   1.62083E+03
   3.80000E+00  -2.13244E+00   4.53959E-05   8.14814E-01   1.23922E-05   1.00311E+00   1.45113E-02   1.49217E-06   2.05995E-08   6.66664E-01   2.78775E-08   6.63903E-01   3.14198E-03   9.00000E+01   7.29000E+05   1.61998E+03
   3.81000E+00  -2.12227E+00   4.66718E-05   8.12108E-01   1.27501E-05   1.05410E+00   1.55466E-02   1.60177E-06   2.24919E-08   6.66663E-01           NaN   6.60402E-01   3.16361E-03   9.00000E+01   7.29000E+05   1.61075E+03
   3.82000E+00  -2.11186E+00   4.66352E-05   8.09314E-01   1.31427E-05   1.04632E+00   1.38411E-02   1.62201E-06   2.21248E-08   6.66663E-01           NaN   6.61369E-01   3.15106E-03   9.00000E+01   7.29000E+05   1.59659E+03
   3.83000E+00  -2.10147E+00   4.63245E-05   8.06516E-01   1.31416E-05   1.07026E+00   1.52520E-02   1.70674E-06   2.41509E-08   6.66663E-01           NaN   6.47877E-01   3.11823E-03   9.00000E+01   7.29000E+05   1.58447E+03
   3.84000E+00  -2.09099E+00   4.66013E-05   8.03665E-01   1.27919E-05   1.05955E+00   1.46414E-02   1.70913E-06   2.40731E-08   6.66663E-01           NaN   6.44052E-01   3.28076E-03   9.00000E+01   7.29000E+05   1.57134E+03
   3.85000E+00  -2.08022E+00   4.71572E-05   8.00731E-01   1.33249E-05   1.09263E+00   1.60283E-02   1.80916E-06   2.48749E-08   6.66663E-01   2.78775E-08   6.39945E-01   3.37393E-03   9.00000E+01   7.29000E+05   1.55853E+03
   3.86000E+00  -2.06953E+00   4.57138E-05   7.97789E-01   1.36310E-05   1.06348E+00   1.49716E-02   1.80209E-06   2.53162E-08   6.66663E-01           NaN   6.37040E-01   3.26992E-03   9.00000E+01   7.29000E+05   1.54956E+03
   3.87000E+00  -2.05879E+00   4.75429E-05   7.94820E-01   1.38922E-05   1.08193E+00   1.47772E-02   1.85424E-06   2.57618E-08   6.66663E-01           NaN   6.29732E-01   3.16515E-03   9.00000E+01   7.29000E+05   1.53716E+03
   3.88000E+00  -2.04796E+00   4.64867E-05   7.91808E-01   1.40109E-05   1.08730E+00   1.56132E-02   1.91016E-06   2.61945E-08   6.66663E-01   2.10734E-08   6.27826E-01   3.31079E-03   9.00000E+01   7.29000E+05   1.52900E+03
   3.89000E+00  -2.03684E+00   4.78443E-05   7.88683E-01   1.44878E-05   1.09491E+00   1.54119E-02   1.94923E-06   2.69055E-08   6.66662E-01           NaN   6.23615E-01   3.27158E-03   9.00000E+01   7.29000E+05   1.53431E+03
   3.90000E+00  -2.02579E+00   4.81821E-05   7.85561E-01   1.36258E-05   1.12149E+00   1.56057E-02   2.06521E-06   2.94912E-08   6.66662E-01           NaN   6.14312E-01   3.27968E-03   9.00000E+01   7.29000E+05   1.51647E+03
   3.91000E+00  -2.01443E+00   4.70659E-05   7.82331E-01   1.46721E-05   1.08667E+00   1.48277E-02   2.00355E-06   2.86992E-08   6.66662E-01           NaN   6.11858E-01   3.21046E-03   9.00000E+01   7.29000E+05   1.50503E+03
   3.92000E+00  -2.00312E+00   4.58817E-05   7.79085E-01   1.44713E-05   1.14199E+00   1.56725E-02   2.14347E-06   3.02454E-08   6.66662E-01   2.10734E-08   6.06054E-01   3.25402E-03   9.00000E+01   7.29000E+05   1.50588E+03
   3.93000E+00  -1.99177E+00   4.78735E-05   7.75807E-01   1.46088E-05   1.12101E+00   1.55598E-02   2.17889E-06   3.14462E-08   6.66662E-01   1.82501E-08   6.00945E-01   3.26612E-03   9.00000E+01   7.29000E+05   1.47809E+03
   3.94000E+00  -1.98009E+00   4.86213E-05   7.72414E-01   1.53314E-05   1.18513E+00   1.62041E-02   2.31631E-06   3.22982E-08   6.66661E-01           NaN   5.91369E-01   3.12993E-03   9.00000E+01   7.29000E+05   1.46422E+03
   3.95000E+00  -1.96853E+00   5.01154E-05   7.69010E-01   1.59139E-05   1.15665E+00   1.59180E-02   2.34583E-06   3.16588E-08   6.66661E-01   3.33200E-08   5.86303E-01   3.21682E-03   9.00000E+01   7.29000E+05   1.45122E+03
   3.96000E+00  -1.95672E+00   5.08336E-05   7.65531E-01   1.62027E-05   1.19865E+00   1.74372E-02   2.50624E-06   3.43200E-08   6.66661E-01           NaN   5.86164E-01   3.23113E-03   9.00000E+01   7.29000E+05   1.44441E+03
   3.97000E+00  -1.94488E+00   5.00155E-05   7.61999E-01   1.56250E-05   1.14095E+00   1.58917E-02   2.43067E-06   3.47859E-08   6.66661E-01   4.47035E-08   5.75688E-01   3.39963E-03   9.00000E+01   7.29000E+05   1.41922E+03
   3.98000E+00  -1.93277E+00   5.10717E-05   7.58354E-01   1.68354E-05   1.23736E+00   1.79318E-02   2.68481E-06   3.76154E-08   6.66660E-01   4.82853E-08   5.74681E-01   3.38586E-03   9.00000E+01   7.29000E+05   1.41059E+03
   3.99000E+00  -1.92071E+00   5.39452E-05   7.54697E-01   1.60150E-05   1.22333E+00   1.70901E-02   2.72830E-06   3.83696E-08   6.66660E-01           NaN   5.71608E-01   3.18740E-03   9.00000E+01   7.29000E+05   1.40812E+03
   4.00000E+00  -1.90832E+00   5.18454E-05   7.50910E-01   1.70337E-05   1.21893E+00   1.74751E-02   2.78995E-06   3.82520E-08   6.66660E-01   4.47035E-08   5.69345E-01   3.25231E-03   9.00000E+01   7.29000E+05   1.39147E+03
   4.01000E+00  -1.89593E+00   5.24347E-05   7.47093E-01   1.63116E-05   1.23074E+00   1.75540E-02   2.82597E-06   3.97741E-08   6.66660E-01           NaN   5.58692E-01   3.36968E-03   9.00000E+01   7.29000E+05   1.37631E+03
   4.02000E+00  -1.88346E+00   5.01414E-05   7.43200E-01   1.75446E-05   1.26528E+00   1.80426E-02   2.98875E-06   4.35371E-08   6.66659E-01   3.65002E-08   5.52436E-01   3.26889E-03   9.00000E+01   7.29000E+05   1.37291E+03
   4.03000E+00  -1.87106E+00   5.25339E-05   7.39301E-01   1.72978E-05   1.25798E+00   1.85365E-02   3.08856E-06   4.29808E-08   6.66659E-01           NaN   5.47603E-01   3.32310E-03   9.00000E+01   7.29000E+05   1.35756E+03
   4.04000E+00  -1.85789E+00   5.22699E-05   7.35148E-01   1.73930E-05   1.28554E+00   1.86918E-02   3.18814E-06   4.56345E-08   6.66659E-01           NaN   5.47763E-01   3.18368E-03   9.00000E+01   7.29000E+05   1.35038E+03
   4.05000E+00  -1.84523E+00   5.41553E-05   7.31075E-01   1.87320E-05   1.34260E+00   1.83809E-02   3.41912E-06   4.70568E-08   6.66658E-01           NaN   5.34130E-01   3.34572E-03   9.00000E+01   7.29000E+05   1.32475E+03
   4.06000E+00  -1.83208E+00   5.36997E-05   7.26824E-01   1.83789E-05   1.32564E+00   1.81624E-02   3.54823E-06   4.93747E-08   6.66658E-01   0.00000E+00   5.32620E-01   3.38362E-03   9.00000E+01   7.29000E+05   1.31419E+03
   4.07000E+00  -1.81899E+00   5.84152E-05   7.22551E-01   1.95674E-05   1.36300E+00   1.83444E-02   3.61163E-06   5.17045E-08   6.66657E-01           NaN   5.19371E-01   3.25963E-03   9.00000E+01   7.29000E+05   1.28706E+03
   4.08000E+00  -1.80567E+00   5.58893E-05   7.18164E-01   1.95160E-05   1.34816E+00   1.93662E-02   3.78581E-06   5.33773E-08   6.66657E-01   2.10734E-08   5.22984E-01   3.22949E-03   9.00000E+01   7.29000E+05   1.29059E+03
   4.09000E+00  -1.79246E+00   5.90371E-05   7.13743E-01   2.00358E-05   1.39485E+00   1.95284E-02   3.98256E-06   5.66075E-08   6.66656E-01   4.59285E-08   5.10688E-01   3.13941E-03   9.00000E+01   7.29000E+05   1.26925E+03
   4.10000E+00  -1.77866E+00   5.75271E-05   7.09092E-01   2.03510E-05   1.39655E+00   2.07088E-02   4.10986E-06   5.97517E-08   6.66656E-01           NaN   5.09493E-01   3.24808E-03   9.00000E+01   7.29000E+05   1.26450E+03
   4.11000E+00  -1.76499E+00   5.81026E-05   7.04425E-01   2.10888E-05   1.38376E+00   1.97294E-02   4.20979E-06   6.07757E-08   6.66655E-01   4.08085E-08   4.95917E-01   3.13662E-03   9.00000E+01   7.29000E+05   1.24034E+03
   4.12000E+00  -1.75089E+00   5.67585E-05   6.99567E-01   2.10726E-05   1.43523E+00   2.06684E-02   4.51565E-06   6.35263E-08   6.66654E-01   2.98023E-08   4.89002E-01   3.14463E-03   9.00000E+01   7.29000E+05   1.22331E+03
   4.13000E+00  -1.73717E+00   5.81792E-05   6.94770E-01   2.15831E-05   1.44003E+00   1.97786E-02   4.56676E-06   6.14805E-08   6.66654E-01   5.16191E-08   4.86649E-01   3.14435E-03   9.00000E+01   7.29000E+05   1.21369E+03
   4.14000E+00  -1.72299E+00   5.95780E-05   6.89760E-01   2.14701E-05   1.46187E+00   2.06309E-02   4.92556E-06   7.16264E-08   6.66653E-01           NaN   4.74359E-01   3.12259E-03   9.00000E+01   7.29000E+05   1.19006E+03
   4.15000E+00  -1.70823E+00   6.15501E-05   6.84473E-01   2.33133E-05   1.53529E+00   2.05663E-02   5.30140E-06   7.53755E-08   6.66652E-01           NaN   4.68558E-01   3.30685E-03   9.00000E+01   7.29000E+05   1.17666E+03
   4.16000E+00  -1.69427E+00   5.66394E-05   6.79415E-01   2.27433E-05   1.46769E+00   2.11008E-02   5.19929E-06   7.50725E-08   6.66652E-01   4.08085E-08   4.63903E-01   3.27122E-03   9.00000E+01   7.29000E+05   1.16288E+03
   4.17000E+00  -1.67969E+00   6.05803E-05   6.74077E-01   2.35105E-05   1.51194E+00   2.29239E-02   5.62968E-06   8.15952E-08   6.66650E-01   3.33200E-08   4.58550E-01   3.12890E-03   9.00000E+01   7.29000E+05   1.15094E+03
   4.18000E+00  -1.66476E+00   6.01338E-05   6.68499E-01   2.27848E-05   1.51141E+00   2.13598E-02   5.71439E-06   8.56404E-08   6.66650E-01           NaN   4.46881E-01   3.04817E-03   9.00000E+01   7.29000E+05   1.12616E+03
   4.19000E+00  -1.64962E+00   5.73711E-05   6.62801E-01   2.51358E-05   1.48019E+00   1.98345E-02   5.82636E-06   7.87553E-08   6.66649E-01   4.59285E-08   4.36570E-01   3.21253E-03   9.00000E+01   7.29000E+05   1.10216E+03
   4.20000E+00  -1.63442E+00   6.03085E-05   6.56957E-01   2.45461E-05   1.48855E+00   2.00489E-02   6.04303E-06   8.66206E-08   6.66648E-01   2.35608E-08   4.26432E-01   3.18426E-03   9.00000E+01   7.29000E+05   1.08553E+03
   4.21000E+00  -1.61904E+00   6.01829E-05   6.50995E-01   2.59201E-05   1.56329E+00   2.18383E-02   6.60192E-06   9.26334E-08   6.66646E-01   1.82501E-08   4.26283E-01   3.17262E-03   9.00000E+01   7.29000E+05   1.07669E+03
   4.22000E+00  -1.60365E+00   6.01978E-05   6.44909E-01   2.65412E-05   1.52405E+00   2.02829E-02   6.68120E-06   9.56424E-08   6.66645E-01   4.08085E-08   4.13908E-01   3.15330E-03   9.00000E+01   7.29000E+05   1.05772E+03
   4.23000E+00  -1.58791E+00   6.24287E-05   6.38568E-01   2.54806E-05   1.57432E+00   2.14722E-02   7.18343E-06   1.02228E-07   6.66643E-01           NaN   4.11833E-01   3.03326E-03   9.00000E+01   7.29000E+05   1.59600E+03
   4.24000E+00  -1.57154E+00   6.44389E-05   6.31877E-01   2.72143E-05   1.60687E+00   2.29670E-02   7.66320E-06   1.11034E-07   6.66641E-01           NaN   4.01262E-01   3.03468E-03   9.00000E+01   7.29000E+05   1.56528E+03
   4.25000E+00  -1.55571E+00   6.36835E-05   6.25280E-01   2.90504E-05   1.69206E+00   2.46697E-02   8.53384E-06   1.21720E-07   6.66638E-01           NaN   3.85992E-01   2.98267E-03   9.00000E+01   7.29000E+05   1.52866E+03
   4.26000E+00  -1.53920E+00   6.58553E-05   6.18279E-01   3.05291E-05   1.67245E+00   2.31067E-02   8.78590E-06   1.26613E-07   6.66636E-01           NaN   3.84205E-01   3.04629E-03   9.00000E+01   7.29000E+05   1.49909E+03
   4.27000E+00  -1.52278E+00   6.36703E-05   6.11186E-01   2.93748E-05   1.61966E+00   2.31427E-02   8.86396E-06   1.29906E-07   6.66635E-01           NaN   3.74800E-01   2.95306E-03   9.00000E+01   7.29000E+05   1.47934E+03
   4.28000E+00  -1.50583E+00   6.32263E-05   6.03730E-01   3.18533E-05   1.71836E+00   2.45667E-02   9.75110E-06   1.35084E-07   6.66631E-01           NaN   3.66370E-01   2.92296E-03   9.00000E+01   7.29000E+05   1.43869E+03
   4.29000E+00  -1.48876E+00   6.31782E-05   5.96076E-01   3.18921E-05   1.69976E+00   2.42044E-02   1.02963E-05   1.46843E-07   6.66628E-01   3.94248E-08   3.59829E-01   2.94117E-03   9.00000E+01   7.29000E+05   1.40947E+03
   4.30000E+00  -1.47146E+00   6.79412E-05   5.88075E-01   3.37655E-05   1.75569E+00   2.43077E-02   1.11956E-05   1.56202E-07   6.66624E-01   2.78775E-08   3.47693E-01   2.77495E-03   9.00000E+01   7.29000E+05   1.37459E+03
   4.31000E+00  -1.45425E+00   6.49189E-05   5.80012E-01   3.51524E-05   1.76413E+00   2.50133E-02   1.19087E-05   1.66291E-07   6.66619E-01           NaN   3.36587E-01   2.90256E-03   9.00000E+01   7.29000E+05   1.33309E+03
   4.32000E+00  -1.43617E+00   6.88789E-05   5.71303E-01   3.54500E-05   1.85202E+00   2.73990E-02   1.31495E-05   1.82022E-07   6.66613E-01           NaN   3.23123E-01   2.88861E-03   9.00000E+01   7.29000E+05   1.29472E+03
   4.33000E+00  -1.41786E+00   7.17431E-05   5.62282E-01   3.97005E-05   1.89615E+00   2.58692E-02   1.42556E-05   1.99581E-07   6.66607E-01   4.94216E-08   3.15362E-01   2.83726E-03   9.00000E+01   7.29000E+05   1.26253E+03
   4.34000E+00  -1.39960E+00   6.76267E-05   5.52999E-01   3.74201E-05   1.77646E+00   2.44733E-02   1.42731E-05   1.93359E-07   6.66604E-01   2.58096E-08   3.10128E-01   2.62757E-03   9.00000E+01   7.29000E+05   1.22397E+03
   4.35000E+00  -1.38108E+00   6.96837E-05   5.43333E-01   3.88513E-05   1.87953E+00   2.76845E-02   1.61178E-05   2.30913E-07   6.66594E-01           NaN   2.95300E-01   2.61807E-03   9.00000E+01   7.29000E+05   1.18209E+03
   4.36000E+00  -1.36174E+00   6.95738E-05   5.32906E-01   4.25371E-05   1.93897E+00   2.81959E-02   1.81497E-05   2.55120E-07   6.66582E-01           NaN   2.87676E-01   2.70517E-03   9.00000E+01   7.29000E+05   1.15147E+03
   4.37000E+00  -1.34214E+00   7.16595E-05   5.21955E-01   4.32074E-05   1.95442E+00   2.69012E-02   1.94608E-05   2.62434E-07   6.66571E-01   3.16101E-08   2.76205E-01   2.60293E-03   9.00000E+01   7.29000E+05   1.10612E+03
   4.38000E+00  -1.32282E+00   7.55719E-05   5.10859E-01   4.62364E-05   1.95617E+00   2.74452E-02   2.12413E-05   3.13378E-07   6.66558E-01   4.94216E-08   2.60080E-01   2.56474E-03   9.00000E+01   7.29000E+05   1.06256E+03
   4.39000E+00  -1.30255E+00   7.49689E-05   4.98766E-01   4.86801E-05   1.97133E+00   2.93100E-02   2.31165E-05   3.28520E-07   6.66543E-01           NaN   2.47340E-01   2.43747E-03   9.00000E+01   7.29000E+05   1.36022E+03
   4.40000E+00  -1.28198E+00   7.38778E-05   4.85969E-01   5.25476E-05   2.04162E+00   2.82475E-02   2.66971E-05   3.72315E-07   6.66516E-01   6.40923E-08   2.34375E-01   2.51205E-03   9.00000E+01   7.29000E+05   1.29141E+03
   4.41000E+00  -1.26082E+00   7.31192E-05   4.72162E-01   5.37004E-05   2.06540E+00   2.89771E-02   2.97218E-05   4.25985E-07   6.66489E-01   6.40923E-08   2.22475E-01   2.29314E-03   9.00000E+01   7.29000E+05   1.26062E+03
   4.42000E+00  -1.23928E+00   7.45080E-05   4.57401E-01   6.09118E-05   2.21966E+00   3.13119E-02   3.57024E-05   4.79288E-07   6.66439E-01           NaN   2.07024E-01   2.31370E-03   9.00000E+01   7.29000E+05   1.18831E+03
   4.43000E+00  -1.21728E+00   7.82791E-05   4.41483E-01   6.65513E-05   2.25877E+00   3.11947E-02   4.15569E-05   5.75752E-07   6.66383E-01           NaN   1.97317E-01   2.15786E-03   9.00000E+01   7.29000E+05   1.12178E+03
   4.44000E+00  -1.19447E+00   7.45745E-05   4.24008E-01   7.34811E-05   2.29518E+00   3.21493E-02   4.98070E-05   7.07820E-07   6.66298E-01           NaN   1.81446E-01   2.05604E-03   9.00000E+01   7.29000E+05   1.04978E+03
   4.45000E+00  -1.17114E+00   8.17882E-05   4.04819E-01   7.39729E-05   2.39926E+00   3.28083E-02   5.99853E-05   8.47057E-07   6.66180E-01           NaN   1.64524E-01   2.04259E-03   9.00000E+01   7.29000E+05   9.69719E+02
   4.46000E+00  -1.14678E+00   7.99154E-05   3.83018E-01   8.67390E-05   2.37502E+00   3.45407E-02   7.18521E-05   1.09129E-06   6.66017E-01           NaN   1.45902E-01   1.86676E-03   9.00000E+01   7.29000E+05   1.08903E+03
   4.47000E+00  -1.12103E+00   8.44358E-05   3.57511E-01   1.00174E-04   2.52156E+00   3.61961E-02   9.78612E-05   1.47207E-06   6.65652E-01   2.98023E-08   1.28269E-01   1.73893E-03   9.00000E+01   7.29000E+05   9.60844E+02
   4.48000E+00  -1.09486E+00   8.40984E-05   3.28308E-01   1.17834E-04   2.59183E+00   3.81392E-02   1.35205E-04   1.95743E-06   6.65007E-01           NaN   1.10633E-01   1.54608E-03   9.00000E+01   7.29000E+05   8.07688E+02
   4.49000E+00  -1.06606E+00   9.07329E-05   2.90328E-01   1.49750E-04   2.85395E+00   4.03902E-02   2.28690E-04   3.47926E-06   6.63129E-01           NaN   8.54986E-02   1.30473E-03   9.00000E+01   7.29000E+05   6.57250E+02
   4.50000E+00  -1.03542E+00   9.54334E-05   2.37751E-01   2.34699E-04   3.28114E+00   4.38148E-02   5.27244E-04   8.99416E-06   6.55181E-01   2.10734E-08   5.80375E-02   9.76954E-04   9.00000E+01   7.29000E+05   5.46469E+02
   4.51000E+00  -9.99339E-01   9.88902E-05   1.30204E-01   5.22021E-04   3.48155E+00   4.76010E-02   2.70948E-03   3.32578E-05   5.31948E-01   2.09413E-07   2.03237E-02   5.27024E-04   9.00000E+01   7.29000E+05   6.58094E+02
   4.52000E+00  -9.77760E-01   5.77703E-05   4.72127E-02   3.38564E-04   1.27039E+00   2.06363E-02   1.13535E-03   1.62157E-05   1.34286E-01   9.15482E-07   3.51658E-03   1.41601E-04   9.00000E+01   7.29000E+05   1.73906E+02
   4.53000E+00  -9.67018E-01   5.34002E-05   2.91901E-02   2.16340E-04   9.79987E-01   1.31108E-02   4.83434E-04   7.61076E-06   1.75480E-02   1.35519E-06   1.33413E-03   5.35182E-05   9.00000E+01   7.29000E+05   1.16625E+02
   4.54000E+00  -9.57389E-01   4.93611E-05   2.32216E-02   1.75304E-04   8.74681E-01   1.20986E-02   3.04153E-04   4.74970E-06   3.27954E-02   1.29726E-06   7.57212E-04   3.15917E-05   9.00000E+01   7.29000E+05   1.00688E+02
   4.55000E+00  -9.49134E-01   4.65511E-05   1.84845E-02   1.39622E-04   7.78859E-01   1.18050E-02   1.87338E-04   3.23645E-06   2.10992E-02   1.75046E-06   5.51357E-04   1.94997E-05   9.00000E+01   7.29000E+05   9.32812E+01
   4.56000E+00  -9.40954E-01   5.14506E-05   1.65127E-02   1.26230E-04   9.57400E-01   1.30276E-02   1.54559E-04   2.87392E-06  -2.59760E-02   1.75650E-06   4.25262E-04   1.53089E-05   9.00000E+01   7.29000E+05   8.95000E+01
   4.57000E+00  -9.33114E-01   4.75911E-05   1.40622E-02   1.02884E-04   7.53606E-01   9.71379E-03   1.11711E-04   1.81746E-06   1.60039E-02   2.16175E-06   3.31420E-04   1.19050E-05   9.00000E+01   7.29000E+05   8.70312E+01
   4.58000E+00  -9.27524E-01   4.09269E-05   1.30947E-02   1.00750E-04   5.42870E-01   6.49488E-03   1.00700E-04   1.66990E-06  -7.51305E-03   1.31414E-06   2.82200E-04   9.83236E-06   9.00000E+01   7.29000E+05   8.54062E+01
   4.59000E+00  -9.21008E-01   4.52573E-05   1.19577E-02   8.90276E-05   7.30559E-01   9.67206E-03   7.91759E-05   1.37203E-06   5.48079E-03   2.05068E-06   2.29902E-04   7.30405E-06   9.00000E+01   7.29000E+05   8.41875E+01
   4.60000E+00  -9.14341E-01   3.96014E-05   1.12411E-02   8.70502E-05   5.78520E-01   8.02110E-03   7.29336E-05   1.19989E-06   7.21488E-04   1.38312E-06   1.91467E-04   5.90513E-06   9.00000E+01   7.29000E+05   3.16031E+02
   4.61000E+00  -9.08608E-01   4.02788E-05   1.07279E-02   8.01199E-05   5.61765E-01   8.10033E-03   6.45828E-05   1.06889E-06   1.77125E-02   1.41235E-06   1.80280E-04   5.62640E-06   9.00000E+01   7.29000E+05   3.11281E+02
   4.62000E+00  -9.02708E-01   3.95695E-05   1.00298E-02   7.52181E-05   5.81273E-01   8.16094E-03   5.71632E-05   9.81392E-07   6.76080E-03   1.49792E-06   1.57073E-04   5.08850E-06   9.00000E+01   7.29000E+05   3.02156E+02
   4.63000E+00  -8.96995E-01   3.86941E-05   9.47116E-03   6.86614E-05   5.21888E-01   7.37481E-03   4.99946E-05   8.29516E-07   2.56270E-02   1.34952E-06   1.40634E-04   4.10113E-06   9.00000E+01   7.29000E+05   2.97969E+02
   4.64000E+00  -8.91562E-01   3.89685E-05   8.92497E-03   6.66838E-05   5.13366E-01   7.14500E-03   4.49161E-05   7.34616E-07   1.14001E-02   1.43206E-06   1.30548E-04   3.67791E-06   9.00000E+01   7.29000E+05   2.91594E+02
   4.65000E+00  -8.86682E-01   3.80746E-05   8.57812E-03   6.47468E-05   4.87612E-01   6.94472E-03   4.36500E-05   7.83390E-07  -4.97041E-02   1.82978E-06   1.20047E-04   3.61791E-06   9.00000E+01   7.29000E+05   2.88344E+02
   4.66000E+00  -8.81620E-01   3.78799E-05   8.23489E-03   6.24752E-05   4.82608E-01   6.48748E-03   3.88704E-05   6.56856E-07  -2.54775E-02   1.94541E-06   1.10578E-04   3.01150E-06   9.00000E+01   7.29000E+05   2.84406E+02
   4.67000E+00  -8.76651E-01   3.73063E-05   8.00641E-03   5.76785E-05   5.05567E-01   6.97310E-03   3.62712E-05   5.96489E-07  -2.68577E-04   1.67550E-06   1.01703E-04   2.77266E-06   9.00000E+01   7.29000E+05   2.82344E+02
   4.68000E+00  -8.71835E-01   3.60171E-05   7.66318E-03   5.62122E-05   4.39284E-01   6.09177E-03   3.28750E-05   5.38246E-07   2.21367E-02   1.45929E-06   8.94479E-05   2.42569E-06   9.00000E+01   7.29000E+05   2.78375E+02
   4.69000E+00  -8.67103E-01   3.81259E-05   7.25314E-03   5.56864E-05   4.73205E-01   6.41488E-03   3.01420E-05   4.88735E-07   1.52871E-02   1.43929E-06   8.55025E-05   2.37007E-06   9.00000E+01   7.29000E+05   2.76062E+02
   4.70000E+00  -8.62725E-01   3.81040E-05   7.18538E-03   5.47356E-05   4.55842E-01   6.28614E-03   3.00295E-05   5.23643E-07  -2.84136E-02   1.77565E-06   7.99210E-05   2.15231E-06   9.00000E+01   7.29000E+05   2.84438E+02
   4.71000E+00  -8.58250E-01   3.75446E-05   6.98055E-03   5.26764E-05   4.46384E-01   6.33994E-03   2.74411E-05   4.58701E-07   2.72688E-02   1.45426E-06   7.51912E-05   1.92151E-06   9.00000E+01   7.29000E+05   2.78375E+02
   4.72000E+00  -8.53893E-01   3.68085E-05   6.82295E-03   5.13163E-05   4.38483E-01   6.07605E-03   2.65141E-05   4.34349E-07   6.14693E-03   1.55680E-06   7.18907E-05   1.99968E-06   9.00000E+01   7.29000E+05   2.75906E+02
   4.73000E+00  -8.49817E-01   3.57930E-05   6.63028E-03   5.00711E-05   4.17214E-01   6.12728E-03   2.53757E-05   4.45006E-07  -1.25579E-02   1.95906E-06   6.71787E-05   1.64415E-06   9.00000E+01   7.29000E+05   2.76125E+02
   4.74000E+00  -8.45428E-01   3.54588E-05   6.36911E-03   4.84148E-05   4.08823E-01   5.92687E-03   2.33538E-05   3.88889E-07  -5.10959E-03   1.44399E-06   6.38940E-05   1.53553E-06   9.00000E+01   7.29000E+05   2.73031E+02
   4.75000E+00  -8.41423E-01   3.59827E-05   6.30672E-03   4.90081E-05   4.17919E-01   5.98350E-03   2.26804E-05   3.74485E-07  -2.12049E-03   1.47446E-06   5.99963E-05   1.45428E-06   9.00000E+01   7.29000E+05   2.70312E+02
   4.76000E+00  -8.37482E-01   3.64247E-05   6.15529E-03   4.55877E-05   3.99719E-01   5.77662E-03   2.15973E-05   3.75632E-07  -5.15754E-03   1.75451E-06   5.78233E-05   1.43615E-06   9.00000E+01   7.29000E+05   2.68875E+02
   4.77000E+00  -8.33344E-01   3.43880E-05   5.98812E-03   4.75537E-05   3.83522E-01   5.40171E-03   2.05268E-05   3.31329E-07   1.53003E-02   1.45955E-06   5.56569E-05   1.28049E-06   9.00000E+01   7.29000E+05   2.72531E+02
   4.78000E+00  -8.29573E-01   3.60107E-05   5.75832E-03   4.27655E-05   3.89827E-01   5.28909E-03   1.90153E-05   3.14338E-07  -8.41993E-03   1.59261E-06   5.24996E-05   1.34697E-06   9.00000E+01   7.29000E+05   2.66094E+02
   4.79000E+00  -8.25933E-01   3.45714E-05   5.66381E-03   4.21780E-05   3.73053E-01   5.20493E-03   1.84430E-05   3.31273E-07  -1.65690E-02   1.73274E-06   5.21095E-05   1.27957E-06   9.00000E+01   7.29000E+05   2.66719E+02
   4.80000E+00  -8.22164E-01   3.42140E-05   5.56730E-03   4.21835E-05   3.60844E-01   5.11101E-03   1.76216E-05   2.79642E-07   1.05493E-02   1.50066E-06   4.90454E-05   1.18170E-06   9.00000E+01   7.29000E+05   2.69281E+02
   4.81000E+00  -8.18562E-01   3.46914E-05   5.40915E-03   4.06980E-05   3.71465E-01   5.09884E-03   1.65746E-05   2.85914E-07   2.42196E-03   1.54947E-06   4.89772E-05   1.19561E-06   9.00000E+01   7.29000E+05   2.66812E+02
   4.82000E+00  -8.14733E-01   3.38954E-05   5.29100E-03   3.84117E-05   3.45551E-01   5.15318E-03   1.61037E-05   2.75268E-07  -9.10152E-03   1.69710E-06   4.48827E-05   1.09236E-06   9.00000E+01   7.29000E+05   2.64469E+02
   4.83000E+00  -8.11020E-01   3.39704E-05   5.20185E-03   3.83182E-05   3.28680E-01   4.71140E-03   1.52896E-05   2.54323E-07   1.70406E-02   1.44890E-06   4.16813E-05   9.91370E-07   9.00000E+01   7.29000E+05   2.64344E+02
   4.84000E+00  -8.07634E-01   3.41346E-05   5.20949E-03   3.72155E-05   3.50320E-01   5.06141E-03   1.54521E-05   2.54434E-07   1.02475E-02   1.34874E-06   4.09705E-05   9.18841E-07   9.00000E+01   7.29000E+05   2.65188E+02
   4.85000E+00  -8.04024E-01   3.35635E-05   5.06160E-03   3.84613E-05   3.39059E-01   4.94713E-03   1.49013E-05   2.42305E-07  -6.33726E-03   1.40526E-06   3.83339E-05   9.09198E-07   9.00000E+01   7.29000E+05   2.62562E+02
   4.86000E+00  -8.00809E-01   3.30425E-05   5.05462E-03   3.73867E-05   3.35555E-01   4.72642E-03   1.40998E-05   2.20316E-07   3.48373E-02   1.62651E-06   3.81938E-05   9.15455E-07   9.00000E+01   7.29000E+05   2.67250E+02
   4.87000E+00  -7.97422E-01   3.22852E-05   4.84960E-03   3.57158E-05   3.31516E-01   4.90690E-03   1.35436E-05   2.21300E-07   7.18263E-05   1.55751E-06   3.77684E-05   8.61963E-07   9.00000E+01   7.29000E+05   2.63750E+02
   4.88000E+00  -7.94241E-01   3.34074E-05   4.75586E-03   3.68998E-05   3.45257E-01   4.99999E-03   1.29591E-05   2.22861E-07  -1.32880E-02   1.62467E-06   3.62073E-05   8.15743E-07   9.00000E+01   7.29000E+05   2.62125E+02
   4.89000E+00  -7.90890E-01   3.25802E-05   4.74629E-03   3.63056E-05   3.32475E-01   4.80000E-03   1.27353E-05   2.24075E-07   1.49185E-03   1.76300E-06   3.52888E-05   8.05922E-07   9.00000E+01   7.29000E+05   2.61375E+02
   4.90000E+00  -7.87859E-01   3.34353E-05   4.68517E-03   3.60466E-05   3.21646E-01   4.36094E-03   1.29695E-05   2.22898E-07  -2.29453E-02   1.63601E-06   3.49169E-05   7.99966E-07   9.00000E+01   7.29000E+05   2.65594E+02
   4.91000E+00  -7.84671E-01   3.11840E-05   4.58990E-03   3.63093E-05   3.17463E-01   4.37741E-03   1.19586E-05   2.09659E-07  -1.00215E-02   1.84804E-06   3.42080E-05   8.04303E-07   9.00000E+01   7.29000E+05   2.62562E+02
   4.92000E+00  -7.81488E-01   3.15496E-05   4.52471E-03   3.43820E-05   3.05135E-01   4.36427E-03   1.17187E-05   2.04288E-07  -1.73899E-02   1.83529E-06   3.20888E-05   7.09554E-07   9.00000E+01   7.29000E+05   2.63625E+02
   4.93000E+00  -7.78265E-01   3.16291E-05   4.48394E-03   3.39304E-05   3.06655E-01   4.16878E-03   1.14849E-05   1.98887E-07  -6.26001E-03   1.63737E-06   3.14170E-05   6.75280E-07   9.00000E+01   7.29000E+05   2.58312E+02
   4.94000E+00  -7.75485E-01   3.21452E-05   4.45167E-03   3.38519E-05   3.12182E-01   4.38139E-03   1.14400E-05   1.90384E-07   4.77344E-03   1.41960E-06   3.10159E-05   6.94677E-07   9.00000E+01   7.29000E+05   2.58719E+02
   4.95000E+00  -7.72364E-01   3.15969E-05   4.26164E-03   3.21278E-05   2.86522E-01   4.08011E-03   1.04541E-05   1.76979E-07   5.64858E-04   1.55569E-06   2.92934E-05   6.37258E-07   9.00000E+01   7.29000E+05   2.58375E+02
   4.96000E+00  -7.69447E-01   3.05419E-05   4.23566E-03   3.11072E-05   2.77098E-01   4.00186E-03   1.04124E-05   1.74627E-07  -7.25234E-03   1.49614E-06   2.89523E-05   6.24631E-07   9.00000E+01   7.29000E+05   2.61469E+02
   4.97000E+00  -7.66448E-01   3.31092E-05   4.19874E-03   3.17621E-05   2.93521E-01   4.33199E-03   1.01345E-05   1.69758E-07  -6.55047E-03   1.46168E-06   2.75237E-05   5.99307E-07   9.00000E+01   7.29000E+05   2.60531E+02
   4.98000E+00  -7.63654E-01   3.15281E-05   4.20333E-03   3.19811E-05   2.85436E-01   4.05997E-03   1.02625E-05   1.68938E-07  -4.80370E-03   1.53868E-06   2.81108E-05   5.94173E-07   9.00000E+01   7.29000E+05   2.60031E+02
   4.99000E+00  -7.60863E-01   3.15277E-05   4.16902E-03   3.13713E-05   2.87587E-01   4.15506E-03   1.01551E-05   1.66268E-07  -1.02603E-02   1.67613E-06   2.81155E-05   6.18552E-07   9.00000E+01   7.29000E+05   2.59250E+02
   5.00000E+00  -7.57944E-01   3.07059E-05   4.06910E-03   3.08236E-05   2.82053E-01   3.98206E-03   9.32544E-06   1.55099E-07   7.75635E-03   1.46305E-06   2.71144E-05   5.83724E-07   9.00000E+01   7.29000E+05   2.58562E+02
   5.01000E+00  -7.55213E-01   3.07402E-05   4.02956E-03   2.94631E-05   2.75352E-01   3.83845E-03   9.10694E-06   1.47976E-07   7.52210E-03   1.70493E-06   2.54893E-05   5.43412E-07   9.00000E+01   7.29000E+05   2.56438E+02
   5.02000E+00  -7.52388E-01   3.16042E-05   4.02520E-03   3.01844E-05   2.75838E-01   3.84676E-03   9.23736E-06   1.55509E-07   1.02106E-02   1.53977E-06   2.50196E-05   4.87835E-07   9.00000E+01   7.29000E+05   2.56031E+02
   5.03000E+00  -7.49782E-01   3.25929E-05   3.88880E-03   2.85386E-05   2.87869E-01   4.06135E-03   8.56111E-06   1.49774E-07   1.08738E-02   1.40822E-06   2.47224E-05   5.08472E-07   9.00000E+01   7.29000E+05   2.57656E+02
   5.04000E+00  -7.46983E-01   3.02214E-05   3.92759E-03   2.91156E-05   2.72368E-01   3.73201E-03   8.69395E-06   1.42552E-07   1.46716E-02   1.70249E-06   2.48687E-05   5.04401E-07   9.00000E+01   7.29000E+05   2.57750E+02
   5.05000E+00  -7.44356E-01   3.12566E-05   3.88713E-03   2.93775E-05   2.62765E-01   3.64644E-03   8.69664E-06   1.49654E-07  -1.36665E-02   1.55826E-06   2.44056E-05   4.99746E-07   9.00000E+01   7.29000E+05   2.57188E+02
   5.06000E+00  -7.41584E-01   2.98410E-05   3.84301E-03   2.94033E-05   2.65712E-01   3.69811E-03   8.62951E-06   1.50423E-07  -4.89455E-02   2.41661E-06   2.36528E-05   4.74711E-07   9.00000E+01   7.29000E+05   2.52781E+02
   5.07000E+00  -7.39189E-01   3.11816E-05   3.81916E-03   2.93689E-05   2.56865E-01   3.73195E-03   8.44350E-06   1.46150E-07  -1.70984E-02   1.75122E-06   2.25872E-05   4.56040E-07   9.00000E+01   7.29000E+05   2.47156E+02
   5.08000E+00  -7.36457E-01   2.98330E-05   3.73666E-03   2.92301E-05   2.55080E-01   3.75474E-03   8.05640E-06   1.48324E-07  -3.28207E-02   2.31563E-06   2.28041E-05   4.64399E-07   9.00000E+01   7.29000E+05   2.55188E+02
   5.09000E+00  -7.34007E-01   3.06575E-05   3.76327E-03   2.81278E-05   2.53245E-01   3.58743E-03   8.09228E-06   1.31453E-07   1.22505E-02   1.47755E-06   2.22277E-05   4.70923E-07   9.00000E+01   7.29000E+05   2.52219E+02
   5.10000E+00  -7.31517E-01   3.00368E-05   3.62071E-03   2.89288E-05   2.33986E-01   3.39031E-03   7.77928E-06   1.30038E-07  -1.85293E-02   1.64686E-06   2.22335E-05   4.41403E-07   9.00000E+01   7.29000E+05   2.48125E+02
   5.11000E+00  -7.28969E-01   2.87244E-05   3.68717E-03   2.76882E-05   2.45685E-01   3.39578E-03   7.70766E-06   1.34214E-07  -7.42359E-03   1.69399E-06   2.11835E-05   3.99173E-07   9.00000E+01   7.29000E+05   2.55062E+02
   5.12000E+00  -7.26491E-01   2.93686E-05   3.67845E-03   2.94849E-05   2.35460E-01   3.29276E-03   7.52126E-06   1.25183E-07   2.96380E-02   1.41121E-06   2.00534E-05   4.11863E-07   9.00000E+01   7.29000E+05   2.55875E+02
   5.13000E+00  -7.23923E-01   3.02050E-05   3.65976E-03   2.82636E-05   2.53338E-01   3.48920E-03   7.67994E-06   1.26330E-07   8.54275E-03   1.49555E-06   2.02506E-05   4.12759E-07   9.00000E+01   7.29000E+05   2.56625E+02
   5.14000E+00  -7.21561E-01   2.92221E-05   3.60027E-03   2.77255E-05   2.47447E-01   3.48672E-03   7.26666E-06   1.17294E-07   1.69157E-02   1.50210E-06   1.92613E-05   3.89769E-07   9.00000E+01   7.29000E+05   2.56406E+02
   5.15000E+00  -7.19243E-01   3.05840E-05   3.48901E-03   2.72023E-05   2.49257E-01   3.55583E-03   7.01940E-06   1.22483E-07  -5.55643E-03   1.85593E-06   1.92123E-05   3.62293E-07   9.00000E+01   7.29000E+05   2.55562E+02
   5.16000E+00  -7.16938E-01   2.96779E-05   3.50492E-03   2.60715E-05   2.36025E-01   3.17031E-03   7.01800E-06   1.18747E-07   9.37773E-03   1.54689E-06   1.97888E-05   3.83073E-07   9.00000E+01   7.29000E+05   2.58031E+02
   5.17000E+00  -7.14599E-01   3.04482E-05   3.49836E-03   2.67626E-05   2.40981E-01   3.35674E-03   6.96376E-06   1.11451E-07   1.25190E-02   1.81228E-06   1.90291E-05   3.70136E-07   9.00000E+01   7.29000E+05   2.56656E+02
   5.18000E+00  -7.11989E-01   2.91691E-05   3.50744E-03   2.66006E-05   2.37911E-01   3.44685E-03   7.05293E-06   1.22559E-07  -1.11749E-02   1.66323E-06   1.85767E-05   3.56636E-07   9.00000E+01   7.29000E+05   2.58906E+02
   5.19000E+00  -7.10012E-01   2.92706E-05   3.41853E-03   2.53960E-05   2.28808E-01   3.17047E-03   6.61656E-06   1.11732E-07   1.10584E-02   1.40459E-06   1.83398E-05   3.32409E-07   9.00000E+01   7.29000E+05   2.57562E+02
   5.20000E+00  -7.07517E-01   2.96198E-05   3.36374E-03   2.55350E-05   2.27810E-01   3.42851E-03   6.51462E-06   1.06549E-07   5.88299E-03   1.60995E-06   1.81708E-05   3.46506E-07   9.00000E+01   7.29000E+05   2.57219E+02
   5.21000E+00  -7.05307E-01   2.95387E-05   3.35952E-03   2.49353E-05   2.36551E-01   3.22396E-03   6.50763E-06   1.11199E-07  -1.02224E-02   1.80258E-06   1.75185E-05   3.11972E-07   9.00000E+01   7.29000E+05   2.54875E+02
   5.22000E+00  -7.02983E-01   2.85411E-05   3.32253E-03   2.47918E-05   2.18726E-01   3.13189E-03   6.27580E-06   1.05131E-07   2.97147E-03   1.49692E-06   1.68706E-05   3.25039E-07   9.00000E+01   7.29000E+05   2.55125E+02
   5.23000E+00  -7.00802E-01   2.85114E-05   3.29605E-03   2.44938E-05   2.14062E-01   2.91193E-03   6.26578E-06   1.08123E-07  -9.17242E-03   2.09511E-06   1.70440E-05   3.30026E-07   9.00000E+01   7.29000E+05   2.56188E+02
   5.24000E+00  -6.98581E-01   2.77669E-05   3.28479E-03   2.45005E-05   2.14651E-01   3.12745E-03   6.17633E-06   1.03407E-07  -4.25278E-03   1.49194E-06   1.71914E-05   3.27180E-07   9.00000E+01   7.29000E+05   2.58844E+02
   5.25000E+00  -6.96485E-01   2.88141E-05   3.22641E-03   2.42039E-05   2.13431E-01   2.87556E-03   5.91384E-06   1.01427E-07   3.19489E-03   1.70532E-06   1.62354E-05   3.02857E-07   9.00000E+01   7.29000E+05   2.58250E+02
   5.26000E+00  -6.94388E-01   2.85004E-05   3.20802E-03   2.41493E-05   2.11925E-01   2.84858E-03   5.85013E-06   1.03017E-07  -2.04256E-02   1.67822E-06   1.69250E-05   3.15917E-07   9.00000E+01   7.29000E+05   2.55781E+02
   5.27000E+00  -6.92005E-01   2.80734E-05   3.22528E-03   2.43537E-05   2.04448E-01   2.92939E-03   5.95626E-06   9.76153E-08   7.90743E-03   1.53337E-06   1.60370E-05   2.89840E-07   9.00000E+01   7.29000E+05   2.55781E+02
   5.28000E+00  -6.90032E-01   2.76787E-05   3.16795E-03   2.30400E-05   2.05249E-01   2.90108E-03   5.75313E-06   9.86975E-08  -1.87470E-02   2.13978E-06   1.61597E-05   2.87314E-07   9.00000E+01   7.29000E+05   2.57219E+02
   5.29000E+00  -6.88021E-01   2.72995E-05   3.17706E-03   2.38121E-05   1.98863E-01   2.83866E-03   5.70536E-06   9.25076E-08   1.16980E-02   1.37422E-06   1.59841E-05   3.01402E-07   9.00000E+01   7.29000E+05   2.57312E+02
   5.30000E+00  -6.85766E-01   2.84409E-05   3.15734E-03   2.39659E-05   2.03404E-01   3.01247E-03   5.66834E-06   9.37685E-08  -6.55609E-03   1.90843E-06   1.54683E-05   2.86987E-07   9.00000E+01   7.29000E+05   2.57188E+02
   5.31000E+00  -6.83918E-01   2.79432E-05   3.19492E-03   2.40907E-05   2.01492E-01   2.74845E-03   5.66906E-06   9.59192E-08   1.48851E-02   2.00950E-06   1.56044E-05   2.84195E-07   9.00000E+01   7.29000E+05   2.59156E+02
   5.32000E+00  -6.81677E-01   2.82833E-05   3.15695E-03   2.44209E-05   2.02982E-01   2.83252E-03   5.66480E-06   9.69141E-08  -2.96683E-03   1.78033E-06   1.52632E-05   2.64300E-07   9.00000E+01   7.29000E+05   2.58344E+02
   5.33000E+00  -6.79674E-01   2.84952E-05   3.07384E-03   2.21454E-05   2.09612E-01   2.95437E-03   5.26992E-06   8.74850E-08   2.10092E-02   1.56611E-06   1.48968E-05   2.78880E-07   9.00000E+01   7.29000E+05   2.57656E+02
   5.34000E+00  -6.77750E-01   2.75718E-05   3.04611E-03   2.25505E-05   1.98211E-01   3.00768E-03   5.39653E-06   9.48223E-08  -2.35163E-02   1.76010E-06   1.47233E-05   2.65771E-07   9.00000E+01   7.29000E+05   2.59125E+02
   5.35000E+00  -6.75785E-01   2.80602E-05   3.06329E-03   2.36771E-05   1.99311E-01   2.76484E-03   5.29386E-06   8.94083E-08   1.07908E-02   1.68274E-06   1.47849E-05   2.79052E-07   9.00000E+01   7.29000E+05   2.59469E+02
   5.36000E+00  -6.73680E-01   2.81948E-05   3.06805E-03   2.28985E-05   1.92519E-01   2.74982E-03   5.21392E-06   8.45082E-08   2.98740E-02   1.24320E-06   1.42040E-05   2.45760E-07   9.00000E+01   7.29000E+05   2.51750E+02
   5.37000E+00  -6.71672E-01   2.76930E-05   3.03968E-03   2.26719E-05   1.96480E-01   2.83048E-03   5.31934E-06   9.16084E-08  -1.87748E-02   1.78932E-06   1.41303E-05   2.55492E-07   9.00000E+01   7.29000E+05   2.46875E+02
   5.38000E+00  -6.69794E-01   2.77571E-05   2.99048E-03   2.21205E-05   1.92124E-01   2.56469E-03   5.16058E-06   9.04293E-08  -2.73811E-02   1.64498E-06   1.42763E-05   2.50896E-07   9.00000E+01   7.29000E+05   2.46688E+02
   5.39000E+00  -6.67880E-01   2.88897E-05   2.94280E-03   2.27078E-05   1.98015E-01   2.97171E-03   4.88792E-06   8.45062E-08  -1.87238E-03   1.58797E-06   1.35882E-05   2.43565E-07   9.00000E+01   7.29000E+05   2.47469E+02
   5.40000E+00  -6.65879E-01   2.90044E-05   2.98585E-03   2.19491E-05   1.97228E-01   2.86129E-03   5.13905E-06   8.51662E-08   2.10996E-03   1.57562E-06   1.42226E-05   2.60420E-07   9.00000E+01   7.29000E+05   2.47719E+02
   5.41000E+00  -6.63901E-01   2.61745E-05   2.94507E-03   2.31099E-05   1.79348E-01   2.50441E-03   5.08364E-06   9.15781E-08  -3.93159E-02   1.90845E-06   1.34252E-05   2.34431E-07   9.00000E+01   7.29000E+05   2.47812E+02
   5.42000E+00  -6.62162E-01   2.73904E-05   2.90806E-03   2.07180E-05   1.88308E-01   2.79141E-03   4.74812E-06   7.96028E-08   1.36596E-02   1.57389E-06   1.35488E-05   2.37207E-07   9.00000E+01   7.29000E+05   2.48125E+02
   5.43000E+00  -6.60294E-01   2.64287E-05   2.90196E-03   2.09460E-05   1.90469E-01   2.72132E-03   4.79287E-06   8.19210E-08   2.70829E-03   1.52938E-06   1.32652E-05   2.33440E-07   9.00000E+01   7.29000E+05   2.48719E+02
   5.44000E+00  -6.58269E-01   2.76499E-05   2.93408E-03   2.16843E-05   1.87282E-01   2.70703E-03   5.03962E-06   8.68973E-08  -1.28596E-02   2.00203E-06   1.28536E-05   2.19919E-07   9.00000E+01   7.29000E+05   2.48156E+02
   5.45000E+00  -6.56541E-01   2.67968E-05   2.86259E-03   2.08212E-05   1.81296E-01   2.43597E-03   4.55295E-06   7.53165E-08   3.79791E-02   1.42612E-06   1.28491E-05   2.16777E-07   9.00000E+01   7.29000E+05   2.48062E+02
   5.46000E+00  -6.54685E-01   2.68449E-05   2.82110E-03   2.11939E-05   1.79756E-01   2.45316E-03   4.50610E-06   7.19617E-08   1.06607E-02   1.50697E-06   1.27730E-05   2.22140E-07   9.00000E+01   7.29000E+05   2.48344E+02
   5.47000E+00  -6.52864E-01   2.68513E-05   2.84661E-03   2.10755E-05   1.84247E-01   2.68024E-03   4.68021E-06   8.08886E-08  -2.42251E-02   1.72622E-06   1.25837E-05   2.13230E-07   9.00000E+01   7.29000E+05   2.49031E+02
   5.48000E+00  -6.51081E-01   2.73791E-05   2.81809E-03   2.06940E-05   1.80274E-01   2.52927E-03   4.52406E-06   7.19692E-08   2.39665E-02   1.41129E-06   1.27593E-05   2.15779E-07   9.00000E+01   7.29000E+05   2.49156E+02
   5.49000E+00  -6.49273E-01   2.78244E-05   2.76322E-03   2.05301E-05   1.80815E-01   2.56290E-03   4.37780E-06   7.27927E-08  -3.11619E-03   1.60508E-06   1.24561E-05   2.15692E-07   9.00000E+01   7.29000E+05   2.49656E+02
   5.50000E+00  -6.47482E-01   2.67703E-05   2.81177E-03   2.09346E-05   1.78322E-01   2.61101E-03   4.42838E-06   7.01227E-08   3.65511E-02   1.41054E-06   1.22317E-05   2.09573E-07   9.00000E+01   7.29000E+05   2.49219E+02
