# J =   -1.00000E+00  LX =         30  LY =         30  LZ =         30
#      T             E            dE             M            dM            Cv             dCv          Khi           dKhi       Binder        dBinder         MCsize      dMCsize         L             N            calctime  
#      1             2             3             4             5             6             7              8            9            10            11             12           13            14            15            16      
   3.50000E+00  -2.39923E+00   1.76294E-04   8.80605E-01   4.33299E-05   7.58041E-01   1.04266E-02   1.90555E-05   2.81877E-07   6.66634E-01           NaN   7.72924E-01   2.88765E-03   3.00000E+01   2.70000E+04   3.95801E+01
   3.51000E+00  -2.39162E+00   1.86836E-04   8.78855E-01   4.34845E-05   7.95730E-01   1.07008E-02   2.04597E-05   2.91973E-07   6.66631E-01   3.16101E-08   7.68654E-01   2.94833E-03   3.00000E+01   2.70000E+04   3.93242E+01
   3.52000E+00  -2.38378E+00   1.92567E-04   8.77033E-01   4.59656E-05   8.11772E-01   1.12488E-02   2.08901E-05   2.95593E-07   6.66630E-01   3.94248E-08   7.69359E-01   2.88608E-03   3.00000E+01   2.70000E+04   3.93877E+01
   3.53000E+00  -2.37587E+00   1.89393E-04   8.75216E-01   4.59323E-05   7.94361E-01   1.14153E-02   2.08989E-05   2.88594E-07   6.66630E-01   1.49012E-08   7.67677E-01   2.93906E-03   3.00000E+01   2.70000E+04   3.93164E+01
   3.54000E+00  -2.36755E+00   1.84393E-04   8.73286E-01   4.53194E-05   7.81169E-01   1.14545E-02   2.08781E-05   2.88103E-07   6.66630E-01   2.35608E-08   7.63109E-01   2.82355E-03   3.00000E+01   2.70000E+04   3.90840E+01
   3.55000E+00  -2.35948E+00   1.97091E-04   8.71400E-01   4.68392E-05   8.20785E-01   1.19931E-02   2.21927E-05   3.23618E-07   6.66628E-01           NaN   7.64936E-01   2.85830E-03   3.00000E+01   2.70000E+04   3.92119E+01
   3.56000E+00  -2.35188E+00   1.97308E-04   8.69633E-01   4.79288E-05   8.18918E-01   1.18407E-02   2.24675E-05   3.16710E-07   6.66627E-01   3.16101E-08   7.56847E-01   3.00905E-03   3.00000E+01   2.70000E+04   3.87959E+01
   3.57000E+00  -2.34324E+00   2.05786E-04   8.67565E-01   4.96663E-05   8.33066E-01   1.21092E-02   2.30014E-05   3.30951E-07   6.66626E-01   4.47035E-08   7.54056E-01   2.85884E-03   3.00000E+01   2.70000E+04   3.87080E+01
   3.58000E+00  -2.33467E+00   2.01301E-04   8.65537E-01   4.72027E-05   8.38745E-01   1.17027E-02   2.36918E-05   3.36867E-07   6.66625E-01           NaN   7.50799E-01   2.81904E-03   3.00000E+01   2.70000E+04   3.85479E+01
   3.59000E+00  -2.32679E+00   1.95484E-04   8.63670E-01   4.92734E-05   8.36454E-01   1.18949E-02   2.40136E-05   3.39078E-07   6.66624E-01   3.79907E-08   7.44521E-01   2.99304E-03   3.00000E+01   2.70000E+04   3.82725E+01
   3.60000E+00  -2.31832E+00   1.98613E-04   8.61626E-01   4.87087E-05   8.22860E-01   1.18817E-02   2.39728E-05   3.71407E-07   6.66624E-01   2.98023E-08   7.46549E-01   3.04563E-03   3.00000E+01   2.70000E+04   3.83320E+01
   3.61000E+00  -2.31007E+00   2.09458E-04   8.59646E-01   5.20490E-05   8.44234E-01   1.20381E-02   2.50193E-05   3.63437E-07   6.66622E-01           NaN   7.38490E-01   2.99424E-03   3.00000E+01   2.70000E+04   3.79873E+01
   3.62000E+00  -2.30071E+00   1.99858E-04   8.57419E-01   5.32837E-05   8.81747E-01   1.25339E-02   2.63699E-05   3.69870E-07   6.66619E-01   1.05367E-08   7.35010E-01   2.96648E-03   3.00000E+01   2.70000E+04   3.78281E+01
   3.63000E+00  -2.29284E+00   2.00958E-04   8.55518E-01   5.15117E-05   8.63982E-01   1.22383E-02   2.64721E-05   3.71702E-07   6.66618E-01           NaN   7.33362E-01   2.99575E-03   3.00000E+01   2.70000E+04   3.77803E+01
   3.64000E+00  -2.28396E+00   2.06774E-04   8.53329E-01   5.01912E-05   8.77158E-01   1.30857E-02   2.68882E-05   3.77303E-07   6.66617E-01           NaN   7.28257E-01   2.99401E-03   3.00000E+01   2.70000E+04   3.74678E+01
   3.65000E+00  -2.27527E+00   2.09723E-04   8.51211E-01   5.38962E-05   8.83672E-01   1.29343E-02   2.80476E-05   4.11542E-07   6.66615E-01   3.49463E-08   7.29096E-01   2.97985E-03   3.00000E+01   2.70000E+04   3.75039E+01
   3.66000E+00  -2.26642E+00   2.15772E-04   8.49056E-01   5.45900E-05   8.80068E-01   1.22152E-02   2.81435E-05   3.99485E-07   6.66615E-01           NaN   7.16673E-01   3.08479E-03   3.00000E+01   2.70000E+04   3.69482E+01
   3.67000E+00  -2.25733E+00   2.10151E-04   8.46787E-01   5.29040E-05   8.80009E-01   1.25373E-02   2.85446E-05   3.87186E-07   6.66614E-01           NaN   7.14894E-01   2.98438E-03   3.00000E+01   2.70000E+04   3.68799E+01
   3.68000E+00  -2.24794E+00   2.18168E-04   8.44470E-01   5.45747E-05   9.30476E-01   1.33438E-02   3.04139E-05   4.09972E-07   6.66610E-01   4.94216E-08   7.19290E-01   2.97518E-03   3.00000E+01   2.70000E+04   3.70918E+01
   3.69000E+00  -2.23931E+00   2.21308E-04   8.42328E-01   5.77121E-05   9.36562E-01   1.32674E-02   3.15017E-05   4.32491E-07   6.66607E-01   2.78775E-08   7.10786E-01   2.99776E-03   3.00000E+01   2.70000E+04   3.67324E+01
   3.70000E+00  -2.22971E+00   2.09730E-04   8.39924E-01   5.56097E-05   9.14629E-01   1.30681E-02   3.12953E-05   4.38126E-07   6.66608E-01           NaN   7.01191E-01   3.06197E-03   3.00000E+01   2.70000E+04   3.62559E+01
   3.71000E+00  -2.22034E+00   2.22166E-04   8.37542E-01   5.79706E-05   9.42681E-01   1.34226E-02   3.26535E-05   4.78925E-07   6.66605E-01           NaN   7.07488E-01   2.89162E-03   3.00000E+01   2.70000E+04   3.64922E+01
   3.72000E+00  -2.21053E+00   2.17386E-04   8.35092E-01   5.69422E-05   9.31568E-01   1.29671E-02   3.29528E-05   4.55330E-07   6.66604E-01   1.82501E-08   6.98741E-01   3.08096E-03   3.00000E+01   2.70000E+04   3.61162E+01
   3.73000E+00  -2.20167E+00   2.19296E-04   8.32841E-01   6.02211E-05   9.38574E-01   1.32954E-02   3.34712E-05   4.87567E-07   6.66602E-01   2.98023E-08   6.90444E-01   3.23119E-03   3.00000E+01   2.70000E+04   3.57637E+01
   3.74000E+00  -2.19211E+00   2.21675E-04   8.30383E-01   5.86168E-05   9.81103E-01   1.43479E-02   3.56342E-05   5.05624E-07   6.66598E-01   2.58096E-08   6.90612E-01   3.13057E-03   3.00000E+01   2.70000E+04   3.57676E+01
   3.75000E+00  -2.18249E+00   2.28843E-04   8.27913E-01   5.92051E-05   9.67812E-01   1.34152E-02   3.56067E-05   4.88412E-07   6.66597E-01           NaN   6.86779E-01   3.06843E-03   3.00000E+01   2.70000E+04   3.55645E+01
   3.76000E+00  -2.17244E+00   2.27531E-04   8.25328E-01   5.98535E-05   9.52527E-01   1.32383E-02   3.59818E-05   5.08051E-07   6.66596E-01   2.98023E-08   6.80077E-01   3.13909E-03   3.00000E+01   2.70000E+04   3.52803E+01
   3.77000E+00  -2.16243E+00   2.28313E-04   8.22665E-01   5.81682E-05   9.62725E-01   1.33924E-02   3.75499E-05   5.27681E-07   6.66593E-01   1.82501E-08   6.72502E-01   3.04847E-03   3.00000E+01   2.70000E+04   3.48916E+01
   3.78000E+00  -2.15189E+00   2.37368E-04   8.19950E-01   6.09544E-05   1.01313E+00   1.46736E-02   4.02024E-05   5.72546E-07   6.66587E-01           NaN   6.71860E-01   3.22483E-03   3.00000E+01   2.70000E+04   3.48643E+01
   3.79000E+00  -2.14248E+00   2.34119E-04   8.17482E-01   6.27131E-05   1.02802E+00   1.54401E-02   4.10337E-05   5.90485E-07   6.66585E-01           NaN   6.66690E-01   3.05216E-03   3.00000E+01   2.70000E+04   3.46602E+01
   3.80000E+00  -2.13255E+00   2.41702E-04   8.14860E-01   6.32407E-05   1.03244E+00   1.49382E-02   4.15373E-05   5.87568E-07   6.66583E-01   3.94248E-08   6.65910E-01   3.13036E-03   3.00000E+01   2.70000E+04   3.45713E+01
   3.81000E+00  -2.12192E+00   2.30326E-04   8.12039E-01   6.45997E-05   1.00588E+00   1.44507E-02   4.15829E-05   5.81924E-07   6.66583E-01           NaN   6.58104E-01   3.25589E-03   3.00000E+01   2.70000E+04   3.42480E+01
   3.82000E+00  -2.11246E+00   2.34869E-04   8.09455E-01   6.71747E-05   1.04440E+00   1.47087E-02   4.35454E-05   6.33465E-07   6.66578E-01   5.37269E-08   6.52524E-01   3.25352E-03   3.00000E+01   2.70000E+04   3.40361E+01
   3.83000E+00  -2.10184E+00   2.32359E-04   8.06629E-01   6.69816E-05   1.02887E+00   1.50975E-02   4.38455E-05   6.12006E-07   6.66577E-01   2.35608E-08   6.47698E-01   3.21977E-03   3.00000E+01   2.70000E+04   3.37842E+01
   3.84000E+00  -2.09099E+00   2.35584E-04   8.03681E-01   6.88793E-05   1.06100E+00   1.48246E-02   4.63247E-05   6.64459E-07   6.66571E-01           NaN   6.44583E-01   3.14025E-03   3.00000E+01   2.70000E+04   3.36357E+01
   3.85000E+00  -2.08099E+00   2.43669E-04   8.00960E-01   6.86832E-05   1.05276E+00   1.46739E-02   4.66818E-05   6.43760E-07   6.66570E-01           NaN   6.43789E-01   3.20370E-03   3.00000E+01   2.70000E+04   3.35400E+01
   3.86000E+00  -2.06927E+00   2.42421E-04   7.97719E-01   7.01078E-05   1.08094E+00   1.63677E-02   4.91625E-05   7.17760E-07   6.66564E-01   5.26836E-08   6.35823E-01   3.15898E-03   3.00000E+01   2.70000E+04   3.31523E+01
   3.87000E+00  -2.05854E+00   2.29683E-04   7.94747E-01   6.97974E-05   1.04166E+00   1.41822E-02   4.86425E-05   6.93596E-07   6.66564E-01   2.35608E-08   6.25770E-01   3.35461E-03   3.00000E+01   2.70000E+04   3.26924E+01
   3.88000E+00  -2.04830E+00   2.43415E-04   7.91865E-01   6.99337E-05   1.08483E+00   1.50228E-02   5.09844E-05   7.19394E-07   6.66558E-01           NaN   6.24578E-01   3.26854E-03   3.00000E+01   2.70000E+04   3.26875E+01
   3.89000E+00  -2.03605E+00   2.46415E-04   7.88457E-01   7.46745E-05   1.10780E+00   1.59227E-02   5.41592E-05   7.68292E-07   6.66551E-01   5.77119E-08   6.20094E-01   3.26543E-03   3.00000E+01   2.70000E+04   3.25078E+01
   3.90000E+00  -2.02645E+00   2.39992E-04   7.85716E-01   7.10593E-05   1.06518E+00   1.42559E-02   5.20409E-05   7.46236E-07   6.66554E-01   0.00000E+00   6.19197E-01   3.17236E-03   3.00000E+01   2.70000E+04   3.24121E+01
   3.91000E+00  -2.01514E+00   2.49058E-04   7.82535E-01   7.36978E-05   1.12559E+00   1.57905E-02   5.61454E-05   8.07140E-07   6.66545E-01           NaN   6.17627E-01   3.17285E-03   3.00000E+01   2.70000E+04   3.23604E+01
   3.92000E+00  -2.00282E+00   2.59647E-04   7.79000E-01   8.19781E-05   1.17304E+00   1.71440E-02   6.03441E-05   8.32131E-07   6.66534E-01           NaN   6.07640E-01   3.27672E-03   3.00000E+01   2.70000E+04   3.19160E+01
   3.93000E+00  -1.99208E+00   2.47647E-04   7.75859E-01   7.73201E-05   1.13676E+00   1.53114E-02   6.00718E-05   8.48917E-07   6.66534E-01           NaN   6.03351E-01   3.19259E-03   3.00000E+01   2.70000E+04   3.16836E+01
   3.94000E+00  -1.98076E+00   2.75728E-04   7.72560E-01   8.40590E-05   1.23149E+00   1.75264E-02   6.65509E-05   9.74347E-07   6.66518E-01   3.49463E-08   5.93144E-01   3.18845E-03   3.00000E+01   2.70000E+04   3.12246E+01
   3.95000E+00  -1.96758E+00   2.53299E-04   7.68699E-01   8.09745E-05   1.15484E+00   1.63733E-02   6.27893E-05   9.08130E-07   6.66525E-01   3.16101E-08   5.87685E-01   3.28014E-03   3.00000E+01   2.70000E+04   3.10596E+01
   3.96000E+00  -1.95821E+00   2.56868E-04   7.66014E-01   8.34068E-05   1.19833E+00   1.69743E-02   6.69874E-05   9.78725E-07   6.66515E-01   1.05367E-08   5.85352E-01   3.32789E-03   3.00000E+01   2.70000E+04   3.08398E+01
   3.97000E+00  -1.94506E+00   2.68082E-04   7.62075E-01   8.43447E-05   1.22950E+00   1.76011E-02   6.97449E-05   9.70226E-07   6.66507E-01           NaN   5.79626E-01   3.20568E-03   3.00000E+01   2.70000E+04   3.05723E+01
   3.98000E+00  -1.93282E+00   2.73835E-04   7.58366E-01   8.32469E-05   1.22427E+00   1.72127E-02   7.08500E-05   9.99559E-07   6.66503E-01   4.59285E-08   5.76878E-01   3.27949E-03   3.00000E+01   2.70000E+04   3.04961E+01
   3.99000E+00  -1.91956E+00   2.56354E-04   7.54341E-01   8.69719E-05   1.19782E+00   1.76510E-02   7.23727E-05   1.04853E-06   6.66497E-01   1.05367E-08   5.73329E-01   3.26768E-03   3.00000E+01   2.70000E+04   3.03037E+01
   4.00000E+00  -1.90957E+00   2.67788E-04   7.51276E-01   8.99064E-05   1.24174E+00   1.79730E-02   7.54167E-05   1.06325E-06   6.66489E-01   1.49012E-08   5.67564E-01   3.18931E-03   3.00000E+01   2.70000E+04   3.00049E+01
   4.01000E+00  -1.89644E+00   2.78303E-04   7.47227E-01   9.12219E-05   1.25221E+00   1.77839E-02   7.85115E-05   1.13572E-06   6.66479E-01   5.47504E-08   5.58315E-01   3.25968E-03   3.00000E+01   2.70000E+04   2.96113E+01
   4.02000E+00  -1.88373E+00   2.75874E-04   7.43252E-01   8.96689E-05   1.24395E+00   1.80386E-02   8.14900E-05   1.19531E-06   6.66470E-01   7.14635E-08   5.57836E-01   3.19357E-03   3.00000E+01   2.70000E+04   2.95957E+01
   4.03000E+00  -1.87081E+00   2.77358E-04   7.39247E-01   9.21875E-05   1.29947E+00   1.89999E-02   8.54112E-05   1.19828E-06   6.66459E-01   0.00000E+00   5.41372E-01   3.29811E-03   3.00000E+01   2.70000E+04   2.87480E+01
   4.04000E+00  -1.85788E+00   2.84971E-04   7.35135E-01   9.38257E-05   1.29553E+00   1.85876E-02   8.65732E-05   1.24432E-06   6.66453E-01           NaN   5.39259E-01   3.32377E-03   3.00000E+01   2.70000E+04   2.87207E+01
   4.05000E+00  -1.84549E+00   2.79873E-04   7.31142E-01   9.12542E-05   1.28064E+00   1.77692E-02   8.84203E-05   1.25135E-06   6.66446E-01           NaN   5.37042E-01   3.31764E-03   3.00000E+01   2.70000E+04   2.86074E+01
   4.06000E+00  -1.83210E+00   2.84584E-04   7.26844E-01   9.56126E-05   1.29429E+00   1.87442E-02   9.16006E-05   1.29626E-06   6.66436E-01   8.09340E-08   5.35230E-01   3.13029E-03   3.00000E+01   2.70000E+04   2.85352E+01
   4.07000E+00  -1.81884E+00   2.89555E-04   7.22428E-01   9.98757E-05   1.36664E+00   1.98229E-02   9.95350E-05   1.40655E-06   6.66413E-01   2.10734E-08   5.23516E-01   3.38641E-03   3.00000E+01   2.70000E+04   2.80098E+01
   4.08000E+00  -1.80661E+00   2.89184E-04   7.18457E-01   9.72296E-05   1.33005E+00   1.84795E-02   9.84322E-05   1.41489E-06   6.66413E-01           NaN   5.17791E-01   3.13906E-03   3.00000E+01   2.70000E+04   2.77754E+01
   4.09000E+00  -1.79227E+00   2.92850E-04   7.13757E-01   1.01166E-04   1.35735E+00   1.88611E-02   1.05037E-04   1.51419E-06   6.66393E-01   5.05323E-08   5.06309E-01   3.14191E-03   3.00000E+01   2.70000E+04   2.71875E+01
   4.10000E+00  -1.77880E+00   2.89988E-04   7.09062E-01   1.03039E-04   1.36689E+00   1.89742E-02   1.08768E-04   1.53047E-06   6.66379E-01   1.82501E-08   5.04670E-01   3.24502E-03   3.00000E+01   2.70000E+04   2.71074E+01
   4.11000E+00  -1.76623E+00   2.99506E-04   7.04819E-01   1.05641E-04   1.39998E+00   1.94189E-02   1.16615E-04   1.64287E-06   6.66354E-01           NaN   5.00122E-01   3.36280E-03   3.00000E+01   2.70000E+04   2.69199E+01
   4.12000E+00  -1.75089E+00   2.94187E-04   6.99548E-01   1.04160E-04   1.36499E+00   1.92207E-02   1.16120E-04   1.64890E-06   6.66351E-01           NaN   4.94177E-01   3.18954E-03   3.00000E+01   2.70000E+04   2.66406E+01
   4.13000E+00  -1.73741E+00   2.97758E-04   6.94822E-01   1.11405E-04   1.44239E+00   2.08279E-02   1.23762E-04   1.79278E-06   6.66326E-01           NaN   4.82502E-01   3.23534E-03   3.00000E+01   2.70000E+04   2.60918E+01
   4.14000E+00  -1.72303E+00   3.02076E-04   6.89819E-01   1.10360E-04   1.44400E+00   1.97896E-02   1.28168E-04   1.82790E-06   6.66309E-01           NaN   4.71347E-01   3.13181E-03   3.00000E+01   2.70000E+04   2.56641E+01
   4.15000E+00  -1.70911E+00   3.11806E-04   6.84758E-01   1.20150E-04   1.47235E+00   2.06949E-02   1.35631E-04   1.95727E-06   6.66281E-01           NaN   4.69531E-01   3.20313E-03   3.00000E+01   2.70000E+04   2.54883E+01
   4.16000E+00  -1.69396E+00   2.96288E-04   6.79419E-01   1.17718E-04   1.48440E+00   2.00705E-02   1.43066E-04   1.93768E-06   6.66254E-01           NaN   4.60439E-01   3.29234E-03   3.00000E+01   2.70000E+04   2.51367E+01
   4.17000E+00  -1.67975E+00   3.04313E-04   6.74153E-01   1.18358E-04   1.46573E+00   2.09646E-02   1.46087E-04   2.23122E-06   6.66240E-01           NaN   4.58432E-01   3.22493E-03   3.00000E+01   2.70000E+04   2.49434E+01
   4.18000E+00  -1.66496E+00   3.19882E-04   6.68593E-01   1.23434E-04   1.49146E+00   2.12138E-02   1.49720E-04   2.06882E-06   6.66222E-01   3.79907E-08   4.40219E-01   3.10137E-03   3.00000E+01   2.70000E+04   2.41328E+01
   4.19000E+00  -1.65095E+00   3.13247E-04   6.63360E-01   1.27905E-04   1.47902E+00   2.00904E-02   1.55262E-04   2.15727E-06   6.66198E-01           NaN   4.36174E-01   3.13720E-03   3.00000E+01   2.70000E+04   2.39316E+01
   4.20000E+00  -1.63402E+00   3.17321E-04   6.56673E-01   1.26839E-04   1.52608E+00   2.08496E-02   1.70720E-04   2.41063E-06   6.66140E-01           NaN   4.29913E-01   3.12122E-03   3.00000E+01   2.70000E+04   2.37109E+01
   4.21000E+00  -1.62034E+00   3.05646E-04   6.51309E-01   1.30242E-04   1.47851E+00   2.06809E-02   1.69924E-04   2.39239E-06   6.66135E-01   1.49012E-08   4.24015E-01   3.10470E-03   3.00000E+01   2.70000E+04   2.33496E+01
   4.22000E+00  -1.60390E+00   3.16354E-04   6.44881E-01   1.39305E-04   1.51976E+00   1.99753E-02   1.81509E-04   2.52458E-06   6.66086E-01           NaN   4.14803E-01   3.11471E-03   3.00000E+01   2.70000E+04   2.29551E+01
   4.23000E+00  -1.58655E+00   3.33040E-04   6.38006E-01   1.46138E-04   1.62503E+00   2.27513E-02   2.02607E-04   2.84578E-06   6.66005E-01   2.98023E-08   3.98053E-01   3.17197E-03   3.00000E+01   2.70000E+04   4.06836E+01
   4.24000E+00  -1.57193E+00   3.22080E-04   6.32021E-01   1.44686E-04   1.61076E+00   2.30339E-02   2.07060E-04   3.14057E-06   6.65979E-01           NaN   4.05678E-01   3.00570E-03   3.00000E+01   2.70000E+04   4.08438E+01
   4.25000E+00  -1.55618E+00   3.33382E-04   6.25450E-01   1.43264E-04   1.59837E+00   2.18113E-02   2.16864E-04   3.14624E-06   6.65932E-01   4.59285E-08   3.90924E-01   3.07881E-03   3.00000E+01   2.70000E+04   3.98086E+01
   4.26000E+00  -1.53907E+00   3.42842E-04   6.18211E-01   1.52252E-04   1.68875E+00   2.32842E-02   2.37547E-04   3.36208E-06   6.65843E-01           NaN   3.80909E-01   2.97976E-03   3.00000E+01   2.70000E+04   3.86074E+01
   4.27000E+00  -1.52298E+00   3.40676E-04   6.11264E-01   1.56950E-04   1.68945E+00   2.33226E-02   2.50341E-04   3.55213E-06   6.65780E-01   1.82501E-08   3.78958E-01   3.00354E-03   3.00000E+01   2.70000E+04   3.83887E+01
   4.28000E+00  -1.50526E+00   3.44686E-04   6.03402E-01   1.63637E-04   1.73413E+00   2.48695E-02   2.66975E-04   3.68317E-06   6.65696E-01   3.49463E-08   3.67054E-01   3.01487E-03   3.00000E+01   2.70000E+04   3.71230E+01
   4.29000E+00  -1.48996E+00   3.48201E-04   5.96648E-01   1.68276E-04   1.72899E+00   2.41262E-02   2.79157E-04   4.09429E-06   6.65629E-01           NaN   3.63226E-01   2.93264E-03   3.00000E+01   2.70000E+04   3.66562E+01
   4.30000E+00  -1.47081E+00   3.39097E-04   5.87831E-01   1.72307E-04   1.69023E+00   2.35809E-02   2.93672E-04   4.33141E-06   6.65542E-01   2.10734E-08   3.50466E-01   2.89667E-03   3.00000E+01   2.70000E+04   3.56855E+01
   4.31000E+00  -1.45313E+00   3.56153E-04   5.79564E-01   1.79185E-04   1.77240E+00   2.54695E-02   3.20166E-04   4.76117E-06   6.65408E-01           NaN   3.30363E-01   2.90251E-03   3.00000E+01   2.70000E+04   3.41543E+01
   4.32000E+00  -1.43570E+00   3.52542E-04   5.71063E-01   1.78748E-04   1.74845E+00   2.34639E-02   3.37307E-04   4.94360E-06   6.65300E-01   2.10734E-08   3.23682E-01   2.74353E-03   3.00000E+01   2.70000E+04   3.34043E+01
   4.33000E+00  -1.41799E+00   3.61371E-04   5.62357E-01   1.88869E-04   1.78370E+00   2.41661E-02   3.62711E-04   5.21322E-06   6.65150E-01   4.34440E-08   3.14564E-01   2.86785E-03   3.00000E+01   2.70000E+04   3.23965E+01
   4.34000E+00  -1.40072E+00   3.79254E-04   5.53630E-01   2.00030E-04   1.83216E+00   2.58996E-02   3.99222E-04   5.89242E-06   6.64950E-01   5.05323E-08   3.06806E-01   2.71206E-03   3.00000E+01   2.70000E+04   3.17559E+01
   4.35000E+00  -1.38263E+00   3.54863E-04   5.44104E-01   1.98833E-04   1.82047E+00   2.59314E-02   4.25140E-04   6.29525E-06   6.64776E-01           NaN   2.95508E-01   2.76061E-03   3.00000E+01   2.70000E+04   3.06953E+01
   4.36000E+00  -1.36009E+00   3.69014E-04   5.32114E-01   2.23263E-04   1.91145E+00   2.57104E-02   4.75092E-04   6.72130E-06   6.64455E-01   4.21468E-08   2.81186E-01   2.65172E-03   3.00000E+01   2.70000E+04   2.95977E+01
   4.37000E+00  -1.34304E+00   3.80386E-04   5.22592E-01   2.32577E-04   2.01637E+00   2.81218E-02   5.30172E-04   7.75329E-06   6.64114E-01           NaN   2.79912E-01   2.56964E-03   3.00000E+01   2.70000E+04   2.90508E+01
   4.38000E+00  -1.32399E+00   3.59152E-04   5.11348E-01   2.37354E-04   1.97152E+00   2.84773E-02   5.68607E-04   8.75494E-06   6.63824E-01           NaN   2.58912E-01   2.55349E-03   3.00000E+01   2.70000E+04   2.80449E+01
   4.39000E+00  -1.30237E+00   3.77197E-04   4.98846E-01   2.63539E-04   2.04994E+00   2.90288E-02   6.59580E-04   9.92782E-06   6.63222E-01   3.49463E-08   2.51882E-01   2.51078E-03   3.00000E+01   2.70000E+04   3.92480E+01
   4.40000E+00  -1.28088E+00   3.72016E-04   4.85201E-01   2.73858E-04   2.05604E+00   2.96725E-02   7.26583E-04   1.17836E-05   6.62682E-01   1.05367E-08   2.32658E-01   2.40561E-03   3.00000E+01   2.70000E+04   3.67754E+01
   4.41000E+00  -1.26072E+00   3.88861E-04   4.72267E-01   2.95330E-04   2.19821E+00   3.26157E-02   8.51723E-04   1.35365E-05   6.61750E-01   3.79907E-08   2.23942E-01   2.30328E-03   3.00000E+01   2.70000E+04   3.56875E+01
   4.42000E+00  -1.24028E+00   3.95786E-04   4.57799E-01   3.18481E-04   2.16618E+00   3.23336E-02   9.61812E-04   1.62982E-05   6.60818E-01   5.96046E-08   2.14114E-01   2.22818E-03   3.00000E+01   2.70000E+04   3.43203E+01
   4.43000E+00  -1.21825E+00   4.02487E-04   4.42146E-01   3.19750E-04   2.18647E+00   3.09991E-02   1.08968E-03   1.71735E-05   6.59567E-01           NaN   1.97298E-01   2.26731E-03   3.00000E+01   2.70000E+04   3.15156E+01
   4.44000E+00  -1.19371E+00   4.11354E-04   4.23830E-01   3.48328E-04   2.20646E+00   3.24972E-02   1.25721E-03   2.03606E-05   6.57859E-01           NaN   1.81295E-01   2.13861E-03   3.00000E+01   2.70000E+04   2.96133E+01
   4.45000E+00  -1.16928E+00   4.18049E-04   4.03071E-01   3.89556E-04   2.34737E+00   3.37249E-02   1.60977E-03   3.06913E-05   6.54577E-01           NaN   1.63712E-01   1.98521E-03   3.00000E+01   2.70000E+04   2.66074E+01
   4.46000E+00  -1.14660E+00   4.28761E-04   3.83003E-01   4.66976E-04   2.54785E+00   3.67056E-02   2.19092E-03   4.80429E-05   6.49421E-01   2.98023E-08   1.49288E-01   1.93607E-03   3.00000E+01   2.70000E+04   3.17441E+01
   4.47000E+00  -1.12288E+00   4.42778E-04   3.59273E-01   5.14936E-04   2.50936E+00   3.53136E-02   2.69040E-03   5.68912E-05   6.43420E-01   6.32203E-08   1.32624E-01   1.69355E-03   3.00000E+01   2.70000E+04   2.81680E+01
   4.48000E+00  -1.09361E+00   4.57945E-04   3.24198E-01   6.84094E-04   2.99697E+00   3.93942E-02   4.84124E-03   1.04740E-04   6.23503E-01   8.68880E-08   1.08015E-01   1.55795E-03   3.00000E+01   2.70000E+04   2.38008E+01
   4.49000E+00  -1.06582E+00   4.38093E-04   2.86038E-01   8.00426E-04   2.83072E+00   3.69059E-02   6.37967E-03   1.20441E-04   5.98520E-01   1.18274E-07   8.86119E-02   1.40691E-03   3.00000E+01   2.70000E+04   1.99434E+01
   4.50000E+00  -1.03665E+00   4.44430E-04   2.41194E-01   9.18540E-04   2.65566E+00   3.49716E-02   8.03042E-03   1.09307E-04   5.52671E-01   1.76941E-07   6.42946E-02   1.14793E-03   3.00000E+01   2.70000E+04   1.89277E+01
   4.51000E+00  -1.01188E+00   4.14977E-04   1.96750E-01   8.86729E-04   2.25977E+00   3.02182E-02   8.65891E-03   9.82008E-05   4.81030E-01   2.75571E-07   4.73538E-02   9.69889E-04   3.00000E+01   2.70000E+04   4.75312E+01
   4.52000E+00  -9.91607E-01   3.68610E-04   1.59435E-01   8.85704E-04   1.83926E+00   2.65632E-02   7.89120E-03   8.08782E-05   3.97666E-01   3.87000E-07   3.41626E-02   7.84594E-04   3.00000E+01   2.70000E+04   3.44609E+01
   4.53000E+00  -9.75927E-01   3.29715E-04   1.31677E-01   7.79580E-04   1.41482E+00   2.24337E-02   6.51892E-03   7.19107E-05   3.22956E-01   5.28939E-07   2.41698E-02   6.03650E-04   3.00000E+01   2.70000E+04   2.70879E+01
   4.54000E+00  -9.63255E-01   2.81390E-04   1.11281E-01   7.53102E-04   1.10029E+00   1.79578E-02   5.30127E-03   6.59134E-05   2.55465E-01   6.50210E-07   1.74042E-02   4.63575E-04   3.00000E+01   2.70000E+04   2.06562E+01
   4.55000E+00  -9.53023E-01   2.75124E-04   9.58877E-02   6.65362E-04   9.56717E-01   1.42422E-02   4.33664E-03   5.82430E-05   1.96630E-01   7.89972E-07   1.34952E-02   3.88487E-04   3.00000E+01   2.70000E+04   1.70469E+01
   4.56000E+00  -9.44112E-01   2.46893E-04   8.35270E-02   6.17089E-04   8.23447E-01   1.30453E-02   3.50705E-03   4.96320E-05   1.41859E-01   9.54663E-07   1.07326E-02   3.28845E-04   3.00000E+01   2.70000E+04   1.44160E+01
   4.57000E+00  -9.35176E-01   2.45462E-04   7.39828E-02   5.25817E-04   7.87714E-01   1.18051E-02   2.85872E-03   4.44653E-05   9.30351E-02   1.22321E-06   8.22479E-03   2.53202E-04   3.00000E+01   2.70000E+04   1.23887E+01
   4.58000E+00  -9.28629E-01   2.37210E-04   6.91039E-02   5.04873E-04   7.04313E-01   1.04692E-02   2.53407E-03   3.87625E-05   9.93450E-02   1.10133E-06   7.40309E-03   2.24575E-04   3.00000E+01   2.70000E+04   1.09609E+01
   4.59000E+00  -9.21515E-01   2.25281E-04   6.34297E-02   4.51752E-04   6.55027E-01   9.82792E-03   2.14058E-03   3.28870E-05   8.36953E-02   1.20534E-06   6.17193E-03   1.78996E-04   3.00000E+01   2.70000E+04   1.00234E+01
   4.60000E+00  -9.15358E-01   2.24262E-04   6.01547E-02   4.51119E-04   6.36196E-01   9.27239E-03   1.92602E-03   2.95076E-05   8.44425E-02   1.19818E-06   5.20036E-03   1.58394E-04   3.00000E+01   2.70000E+04   2.32352E+02
   4.61000E+00  -9.08716E-01   2.21693E-04   5.51999E-02   4.10652E-04   6.02260E-01   8.56377E-03   1.66456E-03   2.63967E-05   6.14925E-02   1.28764E-06   4.62073E-03   1.37578E-04   3.00000E+01   2.70000E+04   2.28816E+02
   4.62000E+00  -9.03116E-01   2.08755E-04   5.22820E-02   3.95300E-04   5.69918E-01   7.89487E-03   1.49216E-03   2.41159E-05   4.97336E-02   1.35842E-06   4.00756E-03   1.14748E-04   3.00000E+01   2.70000E+04   2.28199E+02
   4.63000E+00  -8.97217E-01   2.07756E-04   4.91470E-02   3.70383E-04   5.57258E-01   7.84446E-03   1.38063E-03   2.40865E-05   4.94574E-03   1.53674E-06   3.73953E-03   1.02495E-04   3.00000E+01   2.70000E+04   2.22373E+02
   4.64000E+00  -8.92193E-01   2.01661E-04   4.71028E-02   3.38843E-04   5.33968E-01   7.53151E-03   1.23867E-03   2.01551E-05   3.35477E-02   1.28927E-06   3.59449E-03   1.01462E-04   3.00000E+01   2.70000E+04   2.17799E+02
   4.65000E+00  -8.86952E-01   1.99678E-04   4.51384E-02   3.28799E-04   5.05532E-01   7.10878E-03   1.12797E-03   1.89597E-05   3.48257E-02   1.60068E-06   3.19871E-03   8.65241E-05   3.00000E+01   2.70000E+04   2.16588E+02
   4.66000E+00  -8.81522E-01   2.00542E-04   4.26372E-02   3.40416E-04   4.89444E-01   7.01713E-03   1.03687E-03   1.76523E-05   1.23813E-02   1.52480E-06   2.80461E-03   8.26424E-05   3.00000E+01   2.70000E+04   2.14400E+02
   4.67000E+00  -8.76995E-01   1.99737E-04   4.06446E-02   3.07605E-04   4.94365E-01   6.99651E-03   9.59507E-04   1.65711E-05  -1.93914E-02   1.80024E-06   2.64599E-03   7.30410E-05   3.00000E+01   2.70000E+04   2.13557E+02
   4.68000E+00  -8.72207E-01   1.95502E-04   3.95739E-02   3.00299E-04   4.80533E-01   7.32661E-03   8.99876E-04   1.48282E-05  -8.37818E-03   1.59129E-06   2.58716E-03   7.18405E-05   3.00000E+01   2.70000E+04   2.18064E+02
   4.69000E+00  -8.67436E-01   1.90519E-04   3.86558E-02   2.81105E-04   4.55502E-01   6.59257E-03   8.50953E-04   1.39965E-05   3.07515E-03   1.52557E-06   2.36021E-03   6.20179E-05   3.00000E+01   2.70000E+04   2.17619E+02
   4.70000E+00  -8.62669E-01   1.85423E-04   3.70100E-02   2.82060E-04   4.31570E-01   6.07443E-03   7.56269E-04   1.25044E-05   3.36441E-02   1.40861E-06   2.06210E-03   5.22634E-05   3.00000E+01   2.70000E+04   2.14365E+02
   4.71000E+00  -8.58204E-01   1.88086E-04   3.61511E-02   2.65745E-04   4.32323E-01   6.08815E-03   7.32567E-04   1.22465E-05   3.47479E-03   1.68680E-06   2.08251E-03   5.37580E-05   3.00000E+01   2.70000E+04   2.16643E+02
   4.72000E+00  -8.53788E-01   1.87564E-04   3.49088E-02   2.56930E-04   4.18083E-01   5.98453E-03   6.88480E-04   1.14591E-05   2.41637E-02   1.58170E-06   1.93204E-03   4.92013E-05   3.00000E+01   2.70000E+04   2.21957E+02
   4.73000E+00  -8.49564E-01   1.85464E-04   3.46624E-02   2.62906E-04   4.22382E-01   5.67493E-03   6.65485E-04   1.14113E-05   7.44621E-03   1.61535E-06   1.80511E-03   4.74615E-05   3.00000E+01   2.70000E+04   2.24156E+02
   4.74000E+00  -8.45317E-01   1.91674E-04   3.31654E-02   2.45669E-04   4.11180E-01   6.00798E-03   6.23873E-04   1.03941E-05   4.34435E-03   1.61943E-06   1.71529E-03   4.19855E-05   3.00000E+01   2.70000E+04   2.16832E+02
   4.75000E+00  -8.40918E-01   1.88156E-04   3.23384E-02   2.36170E-04   4.12856E-01   5.83817E-03   5.93037E-04   9.51383E-06   1.68441E-02   1.43698E-06   1.71181E-03   4.43543E-05   3.00000E+01   2.70000E+04   2.22123E+02
   4.76000E+00  -8.37175E-01   1.82135E-04   3.11121E-02   2.45630E-04   3.97241E-01   5.59452E-03   5.62159E-04   9.25012E-06  -1.95760E-03   1.53796E-06   1.52599E-03   3.90195E-05   3.00000E+01   2.70000E+04   2.18232E+02
   4.77000E+00  -8.33451E-01   1.87670E-04   3.08558E-02   2.22867E-04   3.93850E-01   5.72356E-03   5.39157E-04   8.62704E-06   9.22209E-03   1.49670E-06   1.42710E-03   3.47661E-05   3.00000E+01   2.70000E+04   2.22068E+02
   4.78000E+00  -8.29162E-01   1.84896E-04   3.00196E-02   2.26964E-04   3.83313E-01   5.49307E-03   5.21150E-04   8.39881E-06  -1.39520E-03   2.00400E-06   1.38971E-03   3.34428E-05   3.00000E+01   2.70000E+04   2.15539E+02
   4.79000E+00  -8.25793E-01   1.84649E-04   2.93183E-02   2.31038E-04   3.88505E-01   5.52449E-03   5.03983E-04   8.54914E-06  -1.17594E-02   1.71800E-06   1.42214E-03   3.39197E-05   3.00000E+01   2.70000E+04   2.16697E+02
   4.80000E+00  -8.22285E-01   1.69618E-04   2.88068E-02   2.15375E-04   3.69343E-01   5.33005E-03   4.78850E-04   7.80081E-06  -4.25600E-03   1.46869E-06   1.31547E-03   3.12291E-05   3.00000E+01   2.70000E+04   2.17646E+02
   4.81000E+00  -8.18423E-01   1.79095E-04   2.82067E-02   2.17960E-04   3.62927E-01   4.91876E-03   4.62189E-04   7.65069E-06  -4.05468E-03   1.43117E-06   1.29089E-03   3.09947E-05   3.00000E+01   2.70000E+04   2.19354E+02
   4.82000E+00  -8.14772E-01   1.74283E-04   2.80264E-02   2.08381E-04   3.57501E-01   5.11042E-03   4.48364E-04   7.31420E-06   1.46773E-02   1.52488E-06   1.19498E-03   2.91764E-05   3.00000E+01   2.70000E+04   2.19715E+02
   4.83000E+00  -8.11084E-01   1.74052E-04   2.73048E-02   2.05462E-04   3.49173E-01   4.73679E-03   4.16374E-04   6.85897E-06   2.51579E-02   1.42814E-06   1.17216E-03   2.75063E-05   3.00000E+01   2.70000E+04   2.21668E+02
   4.84000E+00  -8.07578E-01   1.73434E-04   2.68743E-02   2.07453E-04   3.53306E-01   4.99187E-03   4.14305E-04   6.85597E-06   4.68522E-03   1.61895E-06   1.16167E-03   2.79193E-05   3.00000E+01   2.70000E+04   2.23316E+02
   4.85000E+00  -8.03949E-01   1.78591E-04   2.62677E-02   1.97186E-04   3.43498E-01   4.88023E-03   3.87330E-04   6.22958E-06   2.83810E-02   1.42464E-06   1.10076E-03   2.56115E-05   3.00000E+01   2.70000E+04   2.22404E+02
   4.86000E+00  -8.00611E-01   1.69048E-04   2.57137E-02   1.92417E-04   3.32001E-01   4.74873E-03   3.71997E-04   6.15608E-06   2.10833E-02   1.78898E-06   1.05407E-03   2.39688E-05   3.00000E+01   2.70000E+04   2.24096E+02
   4.87000E+00  -7.97646E-01   1.69129E-04   2.53696E-02   1.81669E-04   3.30924E-01   4.73324E-03   3.71483E-04   6.25831E-06   5.73111E-04   1.46183E-06   1.01540E-03   2.26471E-05   3.00000E+01   2.70000E+04   2.24977E+02
   4.88000E+00  -7.94262E-01   1.66872E-04   2.50461E-02   1.90257E-04   3.39411E-01   4.79110E-03   3.59423E-04   6.32533E-06  -1.74810E-02   1.94807E-06   9.70689E-04   2.23908E-05   3.00000E+01   2.70000E+04   2.25779E+02
   4.89000E+00  -7.90954E-01   1.67489E-04   2.46495E-02   1.86270E-04   3.18000E-01   4.42593E-03   3.53810E-04   5.94437E-06  -4.05942E-03   1.55137E-06   9.80174E-04   2.28432E-05   3.00000E+01   2.70000E+04   2.27141E+02
   4.90000E+00  -7.87889E-01   1.74186E-04   2.41263E-02   1.85989E-04   3.13746E-01   4.43531E-03   3.32377E-04   5.30040E-06   2.31654E-02   1.46297E-06   9.57781E-04   2.05364E-05   3.00000E+01   2.70000E+04   2.29416E+02
   4.91000E+00  -7.84419E-01   1.70222E-04   2.35147E-02   1.70653E-04   3.19151E-01   4.34932E-03   3.16281E-04   5.03492E-06   1.33631E-02   1.39360E-06   8.92789E-04   2.03734E-05   3.00000E+01   2.70000E+04   2.30707E+02
   4.92000E+00  -7.81589E-01   1.67158E-04   2.34414E-02   1.77570E-04   3.09129E-01   4.38204E-03   3.08058E-04   5.10701E-06   1.38200E-02   1.72036E-06   9.14819E-04   2.01725E-05   3.00000E+01   2.70000E+04   2.32240E+02
   4.93000E+00  -7.78675E-01   1.67970E-04   2.34497E-02   1.76731E-04   3.06282E-01   4.17309E-03   3.12192E-04   5.07616E-06   9.73794E-03   1.67268E-06   8.21759E-04   1.86061E-05   3.00000E+01   2.70000E+04   2.33656E+02
   4.94000E+00  -7.75225E-01   1.58101E-04   2.31162E-02   1.74744E-04   3.05803E-01   4.51926E-03   3.03044E-04   4.77146E-06   2.64541E-02   1.52673E-06   8.45833E-04   1.73151E-05   3.00000E+01   2.70000E+04   2.36080E+02
   4.95000E+00  -7.72340E-01   1.64778E-04   2.28648E-02   1.78026E-04   2.98079E-01   4.14155E-03   2.98683E-04   5.05356E-06  -7.58454E-03   1.67136E-06   8.19830E-04   1.78459E-05   3.00000E+01   2.70000E+04   2.36928E+02
   4.96000E+00  -7.69409E-01   1.59953E-04   2.23898E-02   1.65049E-04   2.92107E-01   4.06706E-03   2.85347E-04   4.65146E-06   1.67293E-02   1.41267E-06   8.06478E-04   1.76047E-05   3.00000E+01   2.70000E+04   2.39072E+02
   4.97000E+00  -7.66309E-01   1.53070E-04   2.21429E-02   1.67625E-04   2.77750E-01   3.96716E-03   2.77144E-04   4.78262E-06   1.36131E-03   1.82969E-06   7.75015E-04   1.67644E-05   3.00000E+01   2.70000E+04   2.40219E+02
   4.98000E+00  -7.63738E-01   1.67538E-04   2.18184E-02   1.64461E-04   2.87018E-01   4.03503E-03   2.63362E-04   4.45377E-06   4.10089E-02   1.37277E-06   7.62367E-04   1.64279E-05   3.00000E+01   2.70000E+04   2.41229E+02
   4.99000E+00  -7.60525E-01   1.55787E-04   2.13476E-02   1.50875E-04   2.77784E-01   3.93484E-03   2.54876E-04   4.36611E-06   1.24675E-02   1.50395E-06   7.20856E-04   1.50620E-05   3.00000E+01   2.70000E+04   2.43180E+02
   5.00000E+00  -7.58150E-01   1.62723E-04   2.14047E-02   1.59483E-04   2.84890E-01   4.15959E-03   2.60743E-04   4.59446E-06  -4.99089E-03   1.57258E-06   7.06537E-04   1.45989E-05   3.00000E+01   2.70000E+04   2.45221E+02
   5.01000E+00  -7.54970E-01   1.56711E-04   2.11064E-02   1.59886E-04   2.76457E-01   3.82219E-03   2.53875E-04   4.39796E-06  -9.46081E-03   1.66240E-06   6.79600E-04   1.46024E-05   3.00000E+01   2.70000E+04   2.46943E+02
   5.02000E+00  -7.52196E-01   1.56714E-04   2.07598E-02   1.47789E-04   2.72034E-01   3.60772E-03   2.43208E-04   4.16769E-06   3.47327E-03   1.80867E-06   6.56659E-04   1.35783E-05   3.00000E+01   2.70000E+04   2.48176E+02
   5.03000E+00  -7.49628E-01   1.58726E-04   2.04426E-02   1.52973E-04   2.76341E-01   3.76481E-03   2.36523E-04   4.06091E-06   6.10697E-03   1.52426E-06   6.58004E-04   1.36376E-05   3.00000E+01   2.70000E+04   2.51270E+02
   5.04000E+00  -7.47167E-01   1.59251E-04   2.02603E-02   1.50989E-04   2.62258E-01   3.72002E-03   2.30234E-04   3.70462E-06   2.12772E-02   1.42775E-06   6.46670E-04   1.30261E-05   3.00000E+01   2.70000E+04   2.53355E+02
   5.05000E+00  -7.44175E-01   1.60633E-04   2.03744E-02   1.51937E-04   2.61152E-01   3.76167E-03   2.31977E-04   3.67898E-06   2.52193E-02   1.45704E-06   6.61311E-04   1.36794E-05   3.00000E+01   2.70000E+04   2.54699E+02
   5.06000E+00  -7.41734E-01   1.56886E-04   2.00702E-02   1.47366E-04   2.61997E-01   3.78763E-03   2.30528E-04   3.94057E-06  -1.52561E-02   2.14085E-06   6.29126E-04   1.33200E-05   3.00000E+01   2.70000E+04   2.55260E+02
   5.07000E+00  -7.39279E-01   1.64408E-04   1.96555E-02   1.43641E-04   2.59453E-01   3.54645E-03   2.16381E-04   3.76350E-06   9.05566E-03   1.62593E-06   6.21381E-04   1.22853E-05   3.00000E+01   2.70000E+04   2.56842E+02
   5.08000E+00  -7.36837E-01   1.56222E-04   1.97924E-02   1.44403E-04   2.57574E-01   3.61098E-03   2.22135E-04   3.70854E-06   8.76535E-03   1.48238E-06   6.07544E-04   1.16954E-05   3.00000E+01   2.70000E+04   2.60168E+02
   5.09000E+00  -7.34296E-01   1.55131E-04   1.92849E-02   1.40418E-04   2.51254E-01   3.43301E-03   2.14360E-04   3.65190E-06  -4.74503E-03   1.43640E-06   6.04956E-04   1.22668E-05   3.00000E+01   2.70000E+04   2.62299E+02
   5.10000E+00  -7.31486E-01   1.53622E-04   1.93102E-02   1.44666E-04   2.47896E-01   3.44397E-03   2.13531E-04   3.65958E-06  -1.58001E-03   1.40660E-06   5.64967E-04   1.16714E-05   3.00000E+01   2.70000E+04   2.63305E+02
   5.11000E+00  -7.29117E-01   1.56739E-04   1.90262E-02   1.41213E-04   2.48473E-01   3.45555E-03   2.07266E-04   3.46484E-06   4.05414E-04   1.46982E-06   5.59837E-04   1.10655E-05   3.00000E+01   2.70000E+04   2.65729E+02
   5.12000E+00  -7.26706E-01   1.53246E-04   1.88938E-02   1.45125E-04   2.42427E-01   3.48452E-03   2.03591E-04   3.54937E-06  -6.15567E-03   1.53055E-06   5.61011E-04   1.10759E-05   3.00000E+01   2.70000E+04   2.67008E+02
   5.13000E+00  -7.23862E-01   1.50015E-04   1.86700E-02   1.39012E-04   2.43431E-01   3.41775E-03   1.97574E-04   3.30228E-06   1.80265E-03   1.50797E-06   5.44096E-04   1.10386E-05   3.00000E+01   2.70000E+04   2.67748E+02
   5.14000E+00  -7.21640E-01   1.43218E-04   1.86844E-02   1.41275E-04   2.38058E-01   3.33867E-03   1.98887E-04   3.41880E-06  -4.81349E-03   1.59038E-06   5.30119E-04   1.01655E-05   3.00000E+01   2.70000E+04   2.70160E+02
   5.15000E+00  -7.18892E-01   1.53045E-04   1.79728E-02   1.37565E-04   2.36533E-01   3.45478E-03   1.82816E-04   3.18512E-06  -5.01582E-03   1.84642E-06   5.28937E-04   1.01099E-05   3.00000E+01   2.70000E+04   2.71500E+02
   5.16000E+00  -7.16930E-01   1.48041E-04   1.83594E-02   1.38469E-04   2.32523E-01   3.22939E-03   1.91741E-04   3.22593E-06   1.37743E-03   1.59289E-06   5.09844E-04   9.76218E-06   3.00000E+01   2.70000E+04   2.73604E+02
   5.17000E+00  -7.14646E-01   1.51255E-04   1.79552E-02   1.41139E-04   2.34915E-01   3.42140E-03   1.88622E-04   3.31868E-06  -2.46599E-02   1.57998E-06   5.10563E-04   1.01355E-05   3.00000E+01   2.70000E+04   2.75967E+02
   5.18000E+00  -7.12168E-01   1.40253E-04   1.78979E-02   1.35219E-04   2.30584E-01   3.26183E-03   1.86739E-04   3.20878E-06  -2.50882E-02   1.56299E-06   4.87552E-04   9.15106E-06   3.00000E+01   2.70000E+04   2.78277E+02
   5.19000E+00  -7.09683E-01   1.51011E-04   1.76834E-02   1.32131E-04   2.30714E-01   3.10921E-03   1.78824E-04   3.08809E-06  -7.78698E-03   1.69870E-06   5.10437E-04   9.82846E-06   3.00000E+01   2.70000E+04   2.79627E+02
   5.20000E+00  -7.07660E-01   1.55668E-04   1.76269E-02   1.33800E-04   2.27319E-01   3.11090E-03   1.76572E-04   2.87141E-06   1.51727E-02   1.37781E-06   4.96500E-04   9.37482E-06   3.00000E+01   2.70000E+04   2.82854E+02
   5.21000E+00  -7.05429E-01   1.52535E-04   1.73789E-02   1.23777E-04   2.25623E-01   3.11975E-03   1.73341E-04   2.91835E-06  -1.20804E-02   1.51685E-06   4.72267E-04   8.99856E-06   3.00000E+01   2.70000E+04   2.84938E+02
   5.22000E+00  -7.03142E-01   1.52557E-04   1.74329E-02   1.35252E-04   2.27493E-01   3.22570E-03   1.72023E-04   3.10990E-06  -1.62455E-02   1.85880E-06   4.64570E-04   9.01895E-06   3.00000E+01   2.70000E+04   2.85922E+02
   5.23000E+00  -7.00930E-01   1.50710E-04   1.71744E-02   1.28830E-04   2.25150E-01   3.23238E-03   1.65156E-04   2.60693E-06   2.19254E-02   1.50044E-06   4.74389E-04   8.81381E-06   3.00000E+01   2.70000E+04   2.87207E+02
   5.24000E+00  -6.98603E-01   1.45177E-04   1.70577E-02   1.28400E-04   2.19012E-01   3.08833E-03   1.63391E-04   2.68766E-06   2.42770E-02   1.45597E-06   4.63519E-04   8.51133E-06   3.00000E+01   2.70000E+04   2.90180E+02
   5.25000E+00  -6.96612E-01   1.49226E-04   1.67823E-02   1.29378E-04   2.15166E-01   2.92635E-03   1.64144E-04   2.69047E-06   1.02207E-02   1.38404E-06   4.63904E-04   8.72253E-06   3.00000E+01   2.70000E+04   2.91961E+02
   5.26000E+00  -6.94432E-01   1.51565E-04   1.69016E-02   1.28879E-04   2.18287E-01   3.16517E-03   1.62405E-04   2.81299E-06  -5.89613E-03   1.86279E-06   4.44859E-04   8.22835E-06   3.00000E+01   2.70000E+04   2.93809E+02
   5.27000E+00  -6.92127E-01   1.54964E-04   1.68000E-02   1.23950E-04   2.13273E-01   3.07881E-03   1.59369E-04   2.70305E-06   9.68866E-03   1.42234E-06   4.46052E-04   8.46838E-06   3.00000E+01   2.70000E+04   2.95332E+02
   5.28000E+00  -6.90391E-01   1.48451E-04   1.66889E-02   1.28744E-04   2.14671E-01   3.01674E-03   1.61646E-04   2.89041E-06  -2.84741E-02   1.68558E-06   4.36219E-04   7.87095E-06   3.00000E+01   2.70000E+04   2.96605E+02
   5.29000E+00  -6.88009E-01   1.50254E-04   1.64447E-02   1.24664E-04   2.10613E-01   2.90925E-03   1.57622E-04   2.70321E-06  -1.73703E-02   1.63859E-06   4.42019E-04   8.12161E-06   3.00000E+01   2.70000E+04   2.99699E+02
   5.30000E+00  -6.85792E-01   1.53992E-04   1.65700E-02   1.23537E-04   2.07068E-01   2.89119E-03   1.54224E-04   2.51141E-06   2.22352E-02   1.40007E-06   4.21063E-04   7.42549E-06   3.00000E+01   2.70000E+04   3.00578E+02
   5.31000E+00  -6.83735E-01   1.44906E-04   1.61014E-02   1.21495E-04   2.07611E-01   2.85656E-03   1.47921E-04   2.45047E-06   1.11915E-02   1.50973E-06   4.26300E-04   7.63722E-06   3.00000E+01   2.70000E+04   3.02273E+02
   5.32000E+00  -6.81714E-01   1.46241E-04   1.60289E-02   1.19554E-04   2.08991E-01   3.02212E-03   1.48767E-04   2.69012E-06  -1.93414E-02   1.81403E-06   4.07122E-04   7.71426E-06   3.00000E+01   2.70000E+04   3.05082E+02
   5.33000E+00  -6.79626E-01   1.47457E-04   1.61762E-02   1.24365E-04   2.02927E-01   2.82708E-03   1.47573E-04   2.45440E-06   9.80447E-03   1.61683E-06   4.08222E-04   7.89664E-06   3.00000E+01   2.70000E+04   3.06781E+02
   5.34000E+00  -6.77860E-01   1.44348E-04   1.59233E-02   1.19885E-04   2.05214E-01   2.86485E-03   1.43513E-04   2.54662E-06   7.30328E-03   1.51450E-06   4.11226E-04   7.46999E-06   3.00000E+01   2.70000E+04   3.09434E+02
   5.35000E+00  -6.75486E-01   1.41739E-04   1.56402E-02   1.17516E-04   2.01018E-01   2.81075E-03   1.42246E-04   2.27075E-06  -5.91165E-03   1.60504E-06   3.95167E-04   7.23287E-06   3.00000E+01   2.70000E+04   3.11168E+02
   5.36000E+00  -6.73630E-01   1.45479E-04   1.56654E-02   1.19526E-04   1.95963E-01   2.82842E-03   1.42350E-04   2.37247E-06  -1.17171E-02   1.65658E-06   3.75078E-04   6.08078E-06   3.00000E+01   2.70000E+04   3.12891E+02
   5.37000E+00  -6.71668E-01   1.45254E-04   1.54485E-02   1.24773E-04   1.98845E-01   2.96432E-03   1.40359E-04   2.58684E-06  -3.94849E-02   2.06337E-06   3.86056E-04   7.09679E-06   3.00000E+01   2.70000E+04   3.14270E+02
   5.38000E+00  -6.69836E-01   1.38821E-04   1.54926E-02   1.18483E-04   1.94964E-01   2.80454E-03   1.37878E-04   2.34709E-06  -7.48193E-03   1.67139E-06   3.83067E-04   6.88201E-06   3.00000E+01   2.70000E+04   3.17133E+02
   5.39000E+00  -6.67822E-01   1.36971E-04   1.55434E-02   1.16287E-04   1.82964E-01   2.54570E-03   1.34033E-04   2.22116E-06   4.10477E-02   1.25520E-06   3.73759E-04   6.49982E-06   3.00000E+01   2.70000E+04   3.19387E+02
   5.40000E+00  -6.66161E-01   1.44642E-04   1.54097E-02   1.14404E-04   1.93961E-01   2.65328E-03   1.36161E-04   2.31125E-06   3.43014E-03   1.46722E-06   3.77148E-04   6.75223E-06   3.00000E+01   2.70000E+04   3.21090E+02
   5.41000E+00  -6.63974E-01   1.42894E-04   1.53223E-02   1.18357E-04   1.91827E-01   2.75591E-03   1.30422E-04   2.22941E-06   1.32591E-02   1.56224E-06   3.67781E-04   6.39548E-06   3.00000E+01   2.70000E+04   3.24676E+02
   5.42000E+00  -6.61975E-01   1.44471E-04   1.51193E-02   1.15892E-04   1.88001E-01   2.79836E-03   1.30955E-04   2.16111E-06   7.45176E-03   1.52010E-06   3.61063E-04   6.38057E-06   3.00000E+01   2.70000E+04   3.26785E+02
   5.43000E+00  -6.60054E-01   1.41377E-04   1.51487E-02   1.14570E-04   1.90422E-01   2.75971E-03   1.31641E-04   2.11346E-06   2.73147E-03   1.60926E-06   3.62863E-04   6.35975E-06   3.00000E+01   2.70000E+04   3.28488E+02
   5.44000E+00  -6.58358E-01   1.44675E-04   1.50606E-02   1.17266E-04   1.93183E-01   2.78929E-03   1.33866E-04   2.33007E-06  -2.28934E-02   1.87902E-06   3.65467E-04   6.44889E-06   3.00000E+01   2.70000E+04   3.29352E+02
   5.45000E+00  -6.56487E-01   1.38327E-04   1.47786E-02   1.10289E-04   1.83039E-01   2.68351E-03   1.26380E-04   2.07546E-06  -2.15734E-03   1.46517E-06   3.45774E-04   6.19729E-06   3.00000E+01   2.70000E+04   3.30875E+02
   5.46000E+00  -6.54782E-01   1.38378E-04   1.46613E-02   1.07863E-04   1.82911E-01   2.54105E-03   1.24984E-04   2.20838E-06  -2.98416E-02   1.61284E-06   3.46304E-04   6.02496E-06   3.00000E+01   2.70000E+04   3.32938E+02
   5.47000E+00  -6.52700E-01   1.41373E-04   1.46505E-02   1.09624E-04   1.85215E-01   2.60422E-03   1.23552E-04   2.02209E-06   4.42069E-03   1.62641E-06   3.41026E-04   5.69949E-06   3.00000E+01   2.70000E+04   3.34656E+02
   5.48000E+00  -6.50955E-01   1.40070E-04   1.47499E-02   1.09048E-04   1.80561E-01   2.70518E-03   1.24183E-04   2.04101E-06  -6.70809E-03   1.53619E-06   3.37615E-04   5.84359E-06   3.00000E+01   2.70000E+04   3.38492E+02
   5.49000E+00  -6.49192E-01   1.43565E-04   1.44540E-02   1.10806E-04   1.76942E-01   2.44998E-03   1.22005E-04   2.02949E-06  -1.10125E-02   1.57907E-06   3.39767E-04   6.03350E-06   3.00000E+01   2.70000E+04   3.38812E+02
   5.50000E+00  -6.47556E-01   1.40182E-04   1.46966E-02   1.11428E-04   1.79630E-01   2.47369E-03   1.22376E-04   1.94687E-06   2.40748E-02   1.38304E-06   3.31633E-04   5.61576E-06   3.00000E+01   2.70000E+04   3.40547E+02
