0 0 
1 0 
2 0 
3 0 
4 0 
5 0 
6 0 
7 0 
8 0 
9 0 
10 0 
11 0 
12 0 
13 0 
14 0 
15 0 
16 0 
17 0 
18 0 
19 0 
20 0 
21 0 
22 0 
23 0 
24 0 
25 0 
26 0 
27 0 
28 0 
29 0 
30 0 
31 0 
32 0 
33 0 
34 0 
35 0 
36 0 
37 0 
38 0 
39 0 
40 0 
41 0 
42 0 
43 0 
44 0 
45 0 
46 0 
47 0 
48 0 
49 0 
50 0 
51 0 
52 0 
53 0 
54 0 
55 0 
56 0 
57 0 
58 0 
59 0 
60 0 
61 0 
62 0 
63 0 
64 0 
65 0 
66 0 
67 0 
68 0 
69 0 
70 0 
71 0 
72 0 
73 0 
74 0 
75 0 
76 0 
77 0 
78 0 
79 0 
80 0 
81 0 
82 0 
83 0 
84 0 
85 0 
86 0 
87 0 
88 0 
89 0 
90 0 
91 0 
92 0 
93 0 
94 0 
95 0 
96 0 
97 0 
98 0 
99 0 
100 0 
101 0 
102 0 
103 0 
104 0 
105 0 
106 0 
107 0 
108 0 
109 0 
110 0 
111 0 
112 0 
113 0 
114 0 
115 0 
116 0 
117 0 
118 0 
119 0 
120 0 
121 0 
122 0 
123 0 
124 0 
125 0 
126 0 
127 0 
128 0 
129 0 
130 0 
131 0 
132 0 
133 0 
134 0 
135 0 
136 0 
137 0 
138 0 
139 0 
140 0 
141 0 
142 0 
143 0 
144 0 
145 0 
146 0 
147 0 
148 0 
149 0 
150 0 
151 0 
152 0 
153 0 
154 0 
155 0 
156 0 
157 0 
158 0 
159 0 
160 0 
161 0 
162 0 
163 0 
164 0 
165 0 
166 0 
167 0 
168 0 
169 0 
170 0 
171 0 
172 0 
173 0 
174 0 
175 0 
176 0 
177 0 
178 0 
179 0 
180 0 
181 0 
182 0 
183 0 
184 0 
185 0 
186 0 
187 0 
188 0 
189 0 
190 0 
191 0 
192 0 
193 0 
194 0 
195 0 
196 0 
197 0 
198 0 
199 0 
200 0 
201 0 
202 0 
203 0 
204 0 
205 0 
206 0 
207 0 
208 0 
209 0 
210 0 
211 0 
212 0 
213 0 
214 0 
215 0 
216 0 
217 0 
218 0 
219 0 
220 0 
221 0 
222 0 
223 0 
224 0 
225 0 
226 0 
227 0 
228 0 
229 0 
230 0 
231 0 
232 0 
233 0 
234 0 
235 0 
236 0 
237 0 
238 0 
239 0 
240 0 
241 0 
242 0 
243 0 
244 0 
245 0 
246 0 
247 0 
248 0 
249 0 
250 0 
251 0 
252 0 
253 0 
254 0 
255 0 
256 0 
257 0 
258 0 
259 0 
260 0 
261 0 
262 0 
263 0 
264 0 
265 0 
266 0 
267 0 
268 0 
269 0 
270 0 
271 0 
272 0 
273 0 
274 0 
275 0 
276 0 
277 0 
278 0 
279 0 
280 0 
281 0 
282 0 
283 0 
284 0 
285 0 
286 0 
287 0 
288 0 
289 3 
290 18 
291 27 
292 49 
293 77 
294 89 
295 109 
296 147 
297 176 
298 177 
299 282 
300 374 
301 553 
302 677 
303 837 
304 957 
305 1166 
306 1401 
307 1565 
308 1796 
309 2123 
310 2677 
311 3081 
312 3709 
313 4196 
314 4970 
315 5566 
316 6465 
317 7169 
318 8402 
319 9483 
320 10951 
321 12502 
322 14860 
323 17721 
324 20518 
325 23732 
326 28235 
327 33326 
328 38524 
329 45958 
330 54716 
331 63583 
332 74117 
333 87204 
334 102996 
335 123798 
336 146759 
337 177358 
338 214415 
339 260281 
340 319131 
341 387722 
342 470937 
343 573795 
344 698782 
345 852472 
346 1.03388e+06 
347 1.25073e+06 
348 1.50971e+06 
349 1.81936e+06 
350 2.19404e+06 
351 2.64505e+06 
352 3.1786e+06 
353 3.82135e+06 
354 4.58315e+06 
355 5.47318e+06 
356 6.53524e+06 
357 7.78157e+06 
358 9.25417e+06 
359 1.09882e+07 
360 1.30314e+07 
361 1.54142e+07 
362 1.81823e+07 
363 2.14078e+07 
364 2.51571e+07 
365 2.95048e+07 
366 3.4523e+07 
367 4.02793e+07 
368 4.687e+07 
369 5.43624e+07 
370 6.28821e+07 
371 7.25557e+07 
372 8.34966e+07 
373 9.57526e+07 
374 1.09417e+08 
375 1.24612e+08 
376 1.41494e+08 
377 1.60113e+08 
378 1.80492e+08 
379 2.02777e+08 
380 2.27072e+08 
381 2.53269e+08 
382 2.81534e+08 
383 3.11682e+08 
384 3.43714e+08 
385 3.7733e+08 
386 4.12607e+08 
387 4.49259e+08 
388 4.86957e+08 
389 5.25311e+08 
390 5.63963e+08 
391 6.02464e+08 
392 6.40189e+08 
393 6.76559e+08 
394 7.10992e+08 
395 7.42747e+08 
396 7.70996e+08 
397 7.95143e+08 
398 8.14562e+08 
399 8.28354e+08 
400 8.35854e+08 
401 8.27926e+08 
402 8.1384e+08 
403 7.94077e+08 
404 7.69475e+08 
405 7.40605e+08 
406 7.08688e+08 
407 6.73989e+08 
408 6.37277e+08 
409 5.99431e+08 
410 5.60841e+08 
411 5.21988e+08 
412 4.83581e+08 
413 4.45976e+08 
414 4.09364e+08 
415 3.74199e+08 
416 3.40593e+08 
417 3.08785e+08 
418 2.78753e+08 
419 2.50712e+08 
420 2.24676e+08 
421 2.00642e+08 
422 1.78527e+08 
423 1.5829e+08 
424 1.39895e+08 
425 1.23235e+08 
426 1.08218e+08 
427 9.47852e+07 
428 8.27611e+07 
429 7.20441e+07 
430 6.25221e+07 
431 5.41233e+07 
432 4.67157e+07 
433 4.02552e+07 
434 3.45951e+07 
435 2.96368e+07 
436 2.53026e+07 
437 2.15487e+07 
438 1.83196e+07 
439 1.55304e+07 
440 1.31112e+07 
441 1.10456e+07 
442 9.27628e+06 
443 7.77957e+06 
444 6.50719e+06 
445 5.42474e+06 
446 4.5192e+06 
447 3.73586e+06 
448 3.09231e+06 
449 2.55578e+06 
450 2.10993e+06 
451 1.739e+06 
452 1.42802e+06 
453 1.17072e+06 
454 959378 
455 779921 
456 632703 
457 511574 
458 411499 
459 331613 
460 265618 
461 213778 
462 169318 
463 135511 
464 108162 
465 85256 
466 66330 
467 52390 
468 41298 
469 32145 
470 24646 
471 18665 
472 15046 
473 11861 
474 9688 
475 7328 
476 5533 
477 4437 
478 3532 
479 2659 
480 2154 
481 1463 
482 1107 
483 814 
484 680 
485 531 
486 532 
487 471 
488 437 
489 349 
490 261 
491 167 
492 81 
493 45 
494 20 
495 3 
496 5 
497 0 
498 0 
499 0 
500 0 
501 0 
502 0 
503 0 
504 0 
505 0 
506 0 
507 0 
508 0 
509 0 
510 0 
511 0 
512 0 
513 0 
514 0 
515 0 
516 0 
517 0 
518 0 
519 0 
520 0 
521 0 
522 0 
523 0 
524 0 
525 0 
526 0 
527 0 
528 0 
529 0 
530 0 
531 0 
532 0 
533 0 
534 0 
535 0 
536 0 
537 0 
538 0 
539 0 
540 0 
541 0 
542 0 
543 0 
544 0 
545 0 
546 0 
547 0 
548 0 
549 0 
550 0 
551 0 
552 0 
553 0 
554 0 
555 0 
556 0 
557 0 
558 0 
559 0 
560 0 
561 0 
562 0 
563 0 
564 0 
565 0 
566 0 
567 0 
568 0 
569 0 
570 0 
571 0 
572 0 
573 0 
574 0 
575 0 
576 0 
577 0 
578 0 
579 0 
580 0 
581 0 
582 0 
583 0 
584 0 
585 0 
586 0 
587 0 
588 0 
589 0 
590 0 
591 0 
592 0 
593 0 
594 0 
595 0 
596 0 
597 0 
598 0 
599 0 
600 0 
601 0 
602 0 
603 0 
604 0 
605 0 
606 0 
607 0 
608 0 
609 0 
610 0 
611 0 
612 0 
613 0 
614 0 
615 0 
616 0 
617 0 
618 0 
619 0 
620 0 
621 0 
622 0 
623 0 
624 0 
625 0 
626 0 
627 0 
628 0 
629 0 
630 0 
631 0 
632 0 
633 0 
634 0 
635 0 
636 0 
637 0 
638 0 
639 0 
640 0 
641 0 
642 0 
643 0 
644 0 
645 0 
646 0 
647 0 
648 0 
649 0 
650 0 
651 0 
652 0 
653 0 
654 0 
655 0 
656 0 
657 0 
658 0 
659 0 
660 0 
661 0 
662 0 
663 0 
664 0 
665 0 
666 0 
667 0 
668 0 
669 0 
670 0 
671 0 
672 0 
673 0 
674 0 
675 0 
676 0 
677 0 
678 0 
679 0 
680 0 
681 0 
682 0 
683 0 
684 0 
685 0 
686 0 
687 0 
688 0 
689 0 
690 0 
691 0 
692 0 
693 0 
694 0 
695 0 
696 0 
697 0 
698 0 
699 0 
700 0 
701 0 
702 0 
703 0 
704 0 
705 0 
706 0 
707 0 
708 0 
709 0 
710 0 
711 0 
712 0 
713 0 
714 0 
715 0 
716 0 
717 0 
718 0 
719 0 
720 0 
721 0 
722 0 
723 0 
724 0 
725 0 
726 0 
727 0 
728 0 
729 0 
730 0 
731 0 
732 0 
733 0 
734 0 
735 0 
736 0 
737 0 
738 0 
739 0 
740 0 
741 0 
742 0 
743 0 
744 0 
745 0 
746 0 
747 0 
748 0 
749 0 
750 0 
751 0 
752 0 
753 0 
754 0 
755 0 
756 0 
757 0 
758 0 
759 0 
760 0 
761 0 
762 0 
763 0 
764 0 
765 0 
766 0 
767 0 
768 0 
769 0 
770 0 
771 0 
772 0 
773 0 
774 0 
775 0 
776 0 
777 0 
778 0 
779 0 
780 0 
781 0 
782 0 
783 0 
784 0 
785 0 
786 0 
787 0 
788 0 
789 0 
790 0 
791 0 
792 0 
793 0 
794 0 
795 0 
796 0 
797 0 
798 0 
799 0 
