0 0 
1 0 
2 0 
3 0 
4 0 
5 0 
6 0 
7 0 
8 0 
9 0 
10 0 
11 0 
12 0 
13 0 
14 0 
15 0 
16 0 
17 0 
18 0 
19 0 
20 0 
21 0 
22 0 
23 0 
24 0 
25 0 
26 0 
27 0 
28 0 
29 0 
30 0 
31 0 
32 0 
33 0 
34 0 
35 0 
36 0 
37 0 
38 0 
39 0 
40 0 
41 0 
42 0 
43 0 
44 0 
45 0 
46 0 
47 0 
48 0 
49 0 
50 0 
51 0 
52 0 
53 0 
54 0 
55 0 
56 0 
57 0 
58 0 
59 0 
60 0 
61 0 
62 0 
63 0 
64 0 
65 0 
66 0 
67 0 
68 0 
69 0 
70 0 
71 0 
72 0 
73 0 
74 0 
75 0 
76 0 
77 0 
78 0 
79 0 
80 0 
81 0 
82 0 
83 0 
84 0 
85 0 
86 0 
87 0 
88 0 
89 0 
90 0 
91 0 
92 0 
93 0 
94 0 
95 0 
96 0 
97 0 
98 0 
99 0 
100 0 
101 0 
102 0 
103 0 
104 0 
105 0 
106 0 
107 0 
108 0 
109 0 
110 0 
111 0 
112 0 
113 0 
114 0 
115 0 
116 0 
117 0 
118 0 
119 0 
120 0 
121 0 
122 0 
123 0 
124 0 
125 0 
126 0 
127 0 
128 0 
129 0 
130 0 
131 0 
132 0 
133 0 
134 0 
135 0 
136 0 
137 0 
138 0 
139 0 
140 0 
141 0 
142 0 
143 0 
144 0 
145 0 
146 0 
147 0 
148 0 
149 0 
150 0 
151 0 
152 0 
153 0 
154 0 
155 0 
156 0 
157 0 
158 0 
159 0 
160 0 
161 0 
162 0 
163 0 
164 0 
165 0 
166 0 
167 0 
168 0 
169 0 
170 0 
171 0 
172 0 
173 0 
174 0 
175 0 
176 0 
177 0 
178 0 
179 0 
180 0 
181 0 
182 0 
183 0 
184 0 
185 0 
186 0 
187 0 
188 0 
189 0 
190 0 
191 0 
192 0 
193 0 
194 0 
195 0 
196 0 
197 0 
198 0 
199 0 
200 0 
201 0 
202 0 
203 0 
204 0 
205 0 
206 0 
207 0 
208 0 
209 0 
210 0 
211 0 
212 0 
213 0 
214 0 
215 0 
216 0 
217 0 
218 0 
219 0 
220 0 
221 0 
222 0 
223 0 
224 0 
225 0 
226 0 
227 0 
228 0 
229 0 
230 0 
231 0 
232 0 
233 0 
234 0 
235 0 
236 0 
237 0 
238 0 
239 0 
240 0 
241 0 
242 0 
243 0 
244 0 
245 0 
246 0 
247 0 
248 0 
249 0 
250 0 
251 0 
252 0 
253 0 
254 0 
255 0 
256 2 
257 12 
258 13 
259 22 
260 33 
261 42 
262 32 
263 30 
264 39 
265 32 
266 49 
267 60 
268 50 
269 86 
270 110 
271 138 
272 249 
273 368 
274 550 
275 614 
276 823 
277 1036 
278 1360 
279 1512 
280 1930 
281 2252 
282 2656 
283 3530 
284 4085 
285 4998 
286 6543 
287 7983 
288 9685 
289 11724 
290 14032 
291 16690 
292 19429 
293 21816 
294 25175 
295 29222 
296 34572 
297 41337 
298 49326 
299 59112 
300 70727 
301 84098 
302 100117 
303 116707 
304 136749 
305 159117 
306 184444 
307 214554 
308 248489 
309 289241 
310 334033 
311 385753 
312 445361 
313 514922 
314 593105 
315 681286 
316 782351 
317 897351 
318 1.03195e+06 
319 1.18045e+06 
320 1.35096e+06 
321 1.53783e+06 
322 1.74978e+06 
323 1.98718e+06 
324 2.24872e+06 
325 2.54483e+06 
326 2.87533e+06 
327 3.24104e+06 
328 3.65076e+06 
329 4.10378e+06 
330 4.61572e+06 
331 5.16842e+06 
332 5.78832e+06 
333 6.48932e+06 
334 7.23966e+06 
335 8.07082e+06 
336 8.97699e+06 
337 9.9646e+06 
338 1.10585e+07 
339 1.22635e+07 
340 1.35927e+07 
341 1.50604e+07 
342 1.66496e+07 
343 1.83985e+07 
344 2.03157e+07 
345 2.24184e+07 
346 2.4693e+07 
347 2.71814e+07 
348 2.98843e+07 
349 3.28183e+07 
350 3.60126e+07 
351 3.947e+07 
352 4.31605e+07 
353 4.71576e+07 
354 5.1443e+07 
355 5.60356e+07 
356 6.09474e+07 
357 6.62124e+07 
358 7.17878e+07 
359 7.77505e+07 
360 8.40374e+07 
361 9.07875e+07 
362 9.79086e+07 
363 1.05445e+08 
364 1.13385e+08 
365 1.21736e+08 
366 1.30552e+08 
367 1.39803e+08 
368 1.49461e+08 
369 1.59592e+08 
370 1.70181e+08 
371 1.81212e+08 
372 1.92607e+08 
373 2.04428e+08 
374 2.16573e+08 
375 2.29066e+08 
376 2.41746e+08 
377 2.54754e+08 
378 2.68046e+08 
379 2.81521e+08 
380 2.95184e+08 
381 3.09029e+08 
382 3.22921e+08 
383 3.36837e+08 
384 3.5074e+08 
385 3.64424e+08 
386 3.77912e+08 
387 3.91142e+08 
388 4.0402e+08 
389 4.16425e+08 
390 4.28235e+08 
391 4.39438e+08 
392 4.4975e+08 
393 4.59283e+08 
394 4.67812e+08 
395 4.75401e+08 
396 4.8182e+08 
397 4.87108e+08 
398 4.91102e+08 
399 4.93662e+08 
400 4.94924e+08 
401 4.93393e+08 
402 4.9048e+08 
403 4.86132e+08 
404 4.80527e+08 
405 4.73778e+08 
406 4.65978e+08 
407 4.57197e+08 
408 4.47379e+08 
409 4.36763e+08 
410 4.255e+08 
411 4.13657e+08 
412 4.01267e+08 
413 3.88414e+08 
414 3.75133e+08 
415 3.6159e+08 
416 3.47817e+08 
417 3.33957e+08 
418 3.201e+08 
419 3.06274e+08 
420 2.92555e+08 
421 2.78943e+08 
422 2.65547e+08 
423 2.52324e+08 
424 2.3936e+08 
425 2.2675e+08 
426 2.14423e+08 
427 2.02491e+08 
428 1.90963e+08 
429 1.79835e+08 
430 1.69077e+08 
431 1.58723e+08 
432 1.48777e+08 
433 1.39346e+08 
434 1.30326e+08 
435 1.21721e+08 
436 1.13535e+08 
437 1.05721e+08 
438 9.83627e+07 
439 9.13838e+07 
440 8.47819e+07 
441 7.85915e+07 
442 7.28255e+07 
443 6.73275e+07 
444 6.22096e+07 
445 5.74049e+07 
446 5.29141e+07 
447 4.87404e+07 
448 4.48391e+07 
449 4.11746e+07 
450 3.77891e+07 
451 3.46508e+07 
452 3.1712e+07 
453 2.90018e+07 
454 2.64777e+07 
455 2.41603e+07 
456 2.20183e+07 
457 2.00324e+07 
458 1.82147e+07 
459 1.65442e+07 
460 1.50118e+07 
461 1.36039e+07 
462 1.23151e+07 
463 1.11369e+07 
464 1.00588e+07 
465 9.07736e+06 
466 8.18135e+06 
467 7.36633e+06 
468 6.61408e+06 
469 5.94899e+06 
470 5.34656e+06 
471 4.79067e+06 
472 4.29246e+06 
473 3.84258e+06 
474 3.44135e+06 
475 3.07814e+06 
476 2.74721e+06 
477 2.45621e+06 
478 2.18907e+06 
479 1.95304e+06 
480 1.73797e+06 
481 1.55168e+06 
482 1.3808e+06 
483 1.22967e+06 
484 1.09484e+06 
485 970255 
486 860457 
487 762800 
488 674852 
489 596588 
490 532171 
491 469114 
492 413949 
493 364086 
494 317584 
495 278165 
496 241016 
497 209361 
498 181037 
499 157356 
500 136285 
501 117070 
502 101133 
503 85434 
504 72585 
505 60893 
506 51117 
507 42574 
508 35733 
509 29905 
510 24612 
511 20475 
512 16974 
513 13747 
514 10890 
515 9103 
516 7468 
517 6291 
518 5042 
519 3845 
520 3381 
521 2652 
522 2101 
523 1816 
524 1658 
525 1447 
526 1061 
527 780 
528 457 
529 322 
530 181 
531 108 
532 60 
533 27 
534 22 
535 7 
536 2 
537 0 
538 0 
539 0 
540 0 
541 0 
542 0 
543 0 
544 0 
545 0 
546 0 
547 0 
548 0 
549 0 
550 0 
551 0 
552 0 
553 0 
554 0 
555 0 
556 0 
557 0 
558 0 
559 0 
560 0 
561 0 
562 0 
563 0 
564 0 
565 0 
566 0 
567 0 
568 0 
569 0 
570 0 
571 0 
572 0 
573 0 
574 0 
575 0 
576 0 
577 0 
578 0 
579 0 
580 0 
581 0 
582 0 
583 0 
584 0 
585 0 
586 0 
587 0 
588 0 
589 0 
590 0 
591 0 
592 0 
593 0 
594 0 
595 0 
596 0 
597 0 
598 0 
599 0 
600 0 
601 0 
602 0 
603 0 
604 0 
605 0 
606 0 
607 0 
608 0 
609 0 
610 0 
611 0 
612 0 
613 0 
614 0 
615 0 
616 0 
617 0 
618 0 
619 0 
620 0 
621 0 
622 0 
623 0 
624 0 
625 0 
626 0 
627 0 
628 0 
629 0 
630 0 
631 0 
632 0 
633 0 
634 0 
635 0 
636 0 
637 0 
638 0 
639 0 
640 0 
641 0 
642 0 
643 0 
644 0 
645 0 
646 0 
647 0 
648 0 
649 0 
650 0 
651 0 
652 0 
653 0 
654 0 
655 0 
656 0 
657 0 
658 0 
659 0 
660 0 
661 0 
662 0 
663 0 
664 0 
665 0 
666 0 
667 0 
668 0 
669 0 
670 0 
671 0 
672 0 
673 0 
674 0 
675 0 
676 0 
677 0 
678 0 
679 0 
680 0 
681 0 
682 0 
683 0 
684 0 
685 0 
686 0 
687 0 
688 0 
689 0 
690 0 
691 0 
692 0 
693 0 
694 0 
695 0 
696 0 
697 0 
698 0 
699 0 
700 0 
701 0 
702 0 
703 0 
704 0 
705 0 
706 0 
707 0 
708 0 
709 0 
710 0 
711 0 
712 0 
713 0 
714 0 
715 0 
716 0 
717 0 
718 0 
719 0 
720 0 
721 0 
722 0 
723 0 
724 0 
725 0 
726 0 
727 0 
728 0 
729 0 
730 0 
731 0 
732 0 
733 0 
734 0 
735 0 
736 0 
737 0 
738 0 
739 0 
740 0 
741 0 
742 0 
743 0 
744 0 
745 0 
746 0 
747 0 
748 0 
749 0 
750 0 
751 0 
752 0 
753 0 
754 0 
755 0 
756 0 
757 0 
758 0 
759 0 
760 0 
761 0 
762 0 
763 0 
764 0 
765 0 
766 0 
767 0 
768 0 
769 0 
770 0 
771 0 
772 0 
773 0 
774 0 
775 0 
776 0 
777 0 
778 0 
779 0 
780 0 
781 0 
782 0 
783 0 
784 0 
785 0 
786 0 
787 0 
788 0 
789 0 
790 0 
791 0 
792 0 
793 0 
794 0 
795 0 
796 0 
797 0 
798 0 
799 0 
