0 0 
1 0 
2 0 
3 0 
4 0 
5 0 
6 0 
7 0 
8 0 
9 0 
10 0 
11 0 
12 0 
13 0 
14 0 
15 0 
16 0 
17 0 
18 0 
19 0 
20 0 
21 0 
22 0 
23 0 
24 0 
25 0 
26 0 
27 0 
28 0 
29 0 
30 0 
31 0 
32 0 
33 0 
34 0 
35 0 
36 0 
37 0 
38 0 
39 0 
40 0 
41 0 
42 0 
43 0 
44 0 
45 0 
46 0 
47 0 
48 0 
49 0 
50 0 
51 0 
52 0 
53 0 
54 0 
55 0 
56 0 
57 0 
58 0 
59 0 
60 0 
61 0 
62 0 
63 0 
64 0 
65 0 
66 0 
67 0 
68 0 
69 0 
70 0 
71 0 
72 0 
73 0 
74 0 
75 0 
76 0 
77 0 
78 0 
79 0 
80 0 
81 0 
82 0 
83 0 
84 0 
85 0 
86 0 
87 0 
88 0 
89 0 
90 0 
91 0 
92 0 
93 0 
94 0 
95 0 
96 0 
97 0 
98 0 
99 0 
100 0 
101 0 
102 0 
103 0 
104 0 
105 0 
106 0 
107 0 
108 0 
109 0 
110 0 
111 0 
112 0 
113 0 
114 0 
115 0 
116 0 
117 0 
118 0 
119 0 
120 0 
121 0 
122 0 
123 0 
124 0 
125 0 
126 0 
127 0 
128 0 
129 0 
130 0 
131 0 
132 0 
133 0 
134 0 
135 0 
136 0 
137 0 
138 0 
139 0 
140 0 
141 0 
142 0 
143 0 
144 0 
145 0 
146 0 
147 0 
148 0 
149 0 
150 0 
151 0 
152 0 
153 0 
154 0 
155 0 
156 0 
157 0 
158 0 
159 0 
160 0 
161 0 
162 0 
163 0 
164 0 
165 0 
166 0 
167 0 
168 0 
169 0 
170 0 
171 0 
172 0 
173 0 
174 0 
175 0 
176 0 
177 0 
178 0 
179 0 
180 0 
181 0 
182 0 
183 0 
184 0 
185 0 
186 0 
187 0 
188 0 
189 0 
190 0 
191 0 
192 0 
193 0 
194 0 
195 0 
196 0 
197 0 
198 0 
199 0 
200 0 
201 0 
202 0 
203 0 
204 0 
205 0 
206 0 
207 0 
208 0 
209 0 
210 0 
211 0 
212 0 
213 0 
214 0 
215 0 
216 0 
217 0 
218 0 
219 0 
220 0 
221 0 
222 0 
223 0 
224 0 
225 0 
226 0 
227 0 
228 0 
229 0 
230 0 
231 0 
232 0 
233 0 
234 0 
235 0 
236 0 
237 0 
238 0 
239 0 
240 0 
241 0 
242 0 
243 0 
244 0 
245 0 
246 0 
247 0 
248 0 
249 0 
250 0 
251 0 
252 0 
253 1 
254 2 
255 5 
256 13 
257 33 
258 77 
259 132 
260 309 
261 420 
262 683 
263 976 
264 1199 
265 1535 
266 1949 
267 2578 
268 3245 
269 4229 
270 5548 
271 6666 
272 8047 
273 9602 
274 11414 
275 13323 
276 15155 
277 17801 
278 20928 
279 24153 
280 27867 
281 31500 
282 36236 
283 40714 
284 45200 
285 50186 
286 56026 
287 62548 
288 69193 
289 76208 
290 85091 
291 95789 
292 106285 
293 117859 
294 130433 
295 144705 
296 161583 
297 182231 
298 204572 
299 229134 
300 257562 
301 287324 
302 320599 
303 356326 
304 397487 
305 443239 
306 492320 
307 545793 
308 608830 
309 675347 
310 757787 
311 843814 
312 941220 
313 1.05052e+06 
314 1.16816e+06 
315 1.30188e+06 
316 1.44963e+06 
317 1.61648e+06 
318 1.80517e+06 
319 2.00994e+06 
320 2.2386e+06 
321 2.49804e+06 
322 2.78118e+06 
323 3.10112e+06 
324 3.45586e+06 
325 3.84171e+06 
326 4.27627e+06 
327 4.74343e+06 
328 5.26386e+06 
329 5.84042e+06 
330 6.47508e+06 
331 7.17731e+06 
332 7.94391e+06 
333 8.77644e+06 
334 9.70046e+06 
335 1.07094e+07 
336 1.18096e+07 
337 1.30168e+07 
338 1.43105e+07 
339 1.57337e+07 
340 1.72861e+07 
341 1.89698e+07 
342 2.07864e+07 
343 2.27538e+07 
344 2.48791e+07 
345 2.72034e+07 
346 2.9701e+07 
347 3.23754e+07 
348 3.52729e+07 
349 3.83644e+07 
350 4.17144e+07 
351 4.52976e+07 
352 4.91296e+07 
353 5.3251e+07 
354 5.76752e+07 
355 6.2415e+07 
356 6.74633e+07 
357 7.28497e+07 
358 7.85568e+07 
359 8.46502e+07 
360 9.10978e+07 
361 9.79257e+07 
362 1.05123e+08 
363 1.12662e+08 
364 1.20557e+08 
365 1.28835e+08 
366 1.37488e+08 
367 1.4657e+08 
368 1.56001e+08 
369 1.65826e+08 
370 1.7604e+08 
371 1.86564e+08 
372 1.97438e+08 
373 2.08639e+08 
374 2.20225e+08 
375 2.32012e+08 
376 2.44064e+08 
377 2.56309e+08 
378 2.68822e+08 
379 2.81385e+08 
380 2.94137e+08 
381 3.0688e+08 
382 3.19729e+08 
383 3.32551e+08 
384 3.45279e+08 
385 3.57941e+08 
386 3.70281e+08 
387 3.82264e+08 
388 3.9399e+08 
389 4.05238e+08 
390 4.15983e+08 
391 4.26195e+08 
392 4.35654e+08 
393 4.44461e+08 
394 4.52403e+08 
395 4.59418e+08 
396 4.65396e+08 
397 4.70261e+08 
398 4.73953e+08 
399 4.76324e+08 
400 4.77386e+08 
401 4.76209e+08 
402 4.73616e+08 
403 4.6987e+08 
404 4.64955e+08 
405 4.58903e+08 
406 4.51776e+08 
407 4.43673e+08 
408 4.34767e+08 
409 4.25303e+08 
410 4.1503e+08 
411 4.04143e+08 
412 3.92823e+08 
413 3.80953e+08 
414 3.68747e+08 
415 3.56354e+08 
416 3.43602e+08 
417 3.30797e+08 
418 3.17831e+08 
419 3.04918e+08 
420 2.92048e+08 
421 2.79203e+08 
422 2.66509e+08 
423 2.54007e+08 
424 2.41666e+08 
425 2.29575e+08 
426 2.17865e+08 
427 2.06431e+08 
428 1.95263e+08 
429 1.84487e+08 
430 1.74029e+08 
431 1.63953e+08 
432 1.54294e+08 
433 1.44961e+08 
434 1.36024e+08 
435 1.2743e+08 
436 1.19213e+08 
437 1.11305e+08 
438 1.03821e+08 
439 9.66933e+07 
440 8.99357e+07 
441 8.35395e+07 
442 7.7502e+07 
443 7.17729e+07 
444 6.64242e+07 
445 6.13985e+07 
446 5.6737e+07 
447 5.23398e+07 
448 4.82524e+07 
449 4.44023e+07 
450 4.0825e+07 
451 3.75191e+07 
452 3.44365e+07 
453 3.1563e+07 
454 2.89435e+07 
455 2.64917e+07 
456 2.42313e+07 
457 2.21184e+07 
458 2.015e+07 
459 1.83773e+07 
460 1.67197e+07 
461 1.52311e+07 
462 1.3843e+07 
463 1.25645e+07 
464 1.13783e+07 
465 1.03019e+07 
466 9.30816e+06 
467 8.39841e+06 
468 7.55724e+06 
469 6.79553e+06 
470 6.10236e+06 
471 5.47248e+06 
472 4.91022e+06 
473 4.38787e+06 
474 3.91383e+06 
475 3.49347e+06 
476 3.11532e+06 
477 2.77197e+06 
478 2.46129e+06 
479 2.18205e+06 
480 1.9368e+06 
481 1.71117e+06 
482 1.51229e+06 
483 1.33522e+06 
484 1.17891e+06 
485 1.0382e+06 
486 913682 
487 803939 
488 702615 
489 616120 
490 539819 
491 473247 
492 413008 
493 362278 
494 318545 
495 279527 
496 243356 
497 213518 
498 185205 
499 163303 
500 142701 
501 126568 
502 111862 
503 97428 
504 86291 
505 76021 
506 66736 
507 58888 
508 52054 
509 45846 
510 40434 
511 35049 
512 30586 
513 26115 
514 22221 
515 18648 
516 15388 
517 12833 
518 10145 
519 7910 
520 6779 
521 5127 
522 4184 
523 3199 
524 2517 
525 1976 
526 1395 
527 1173 
528 771 
529 459 
530 334 
531 212 
532 150 
533 132 
534 96 
535 63 
536 38 
537 14 
538 3 
539 0 
540 0 
541 0 
542 0 
543 0 
544 0 
545 0 
546 0 
547 0 
548 0 
549 0 
550 0 
551 0 
552 0 
553 0 
554 0 
555 0 
556 0 
557 0 
558 0 
559 0 
560 0 
561 0 
562 0 
563 0 
564 0 
565 0 
566 0 
567 0 
568 0 
569 0 
570 0 
571 0 
572 0 
573 0 
574 0 
575 0 
576 0 
577 0 
578 0 
579 0 
580 0 
581 0 
582 0 
583 0 
584 0 
585 0 
586 0 
587 0 
588 0 
589 0 
590 0 
591 0 
592 0 
593 0 
594 0 
595 0 
596 0 
597 0 
598 0 
599 0 
600 0 
601 0 
602 0 
603 0 
604 0 
605 0 
606 0 
607 0 
608 0 
609 0 
610 0 
611 0 
612 0 
613 0 
614 0 
615 0 
616 0 
617 0 
618 0 
619 0 
620 0 
621 0 
622 0 
623 0 
624 0 
625 0 
626 0 
627 0 
628 0 
629 0 
630 0 
631 0 
632 0 
633 0 
634 0 
635 0 
636 0 
637 0 
638 0 
639 0 
640 0 
641 0 
642 0 
643 0 
644 0 
645 0 
646 0 
647 0 
648 0 
649 0 
650 0 
651 0 
652 0 
653 0 
654 0 
655 0 
656 0 
657 0 
658 0 
659 0 
660 0 
661 0 
662 0 
663 0 
664 0 
665 0 
666 0 
667 0 
668 0 
669 0 
670 0 
671 0 
672 0 
673 0 
674 0 
675 0 
676 0 
677 0 
678 0 
679 0 
680 0 
681 0 
682 0 
683 0 
684 0 
685 0 
686 0 
687 0 
688 0 
689 0 
690 0 
691 0 
692 0 
693 0 
694 0 
695 0 
696 0 
697 0 
698 0 
699 0 
700 0 
701 0 
702 0 
703 0 
704 0 
705 0 
706 0 
707 0 
708 0 
709 0 
710 0 
711 0 
712 0 
713 0 
714 0 
715 0 
716 0 
717 0 
718 0 
719 0 
720 0 
721 0 
722 0 
723 0 
724 0 
725 0 
726 0 
727 0 
728 0 
729 0 
730 0 
731 0 
732 0 
733 0 
734 0 
735 0 
736 0 
737 0 
738 0 
739 0 
740 0 
741 0 
742 0 
743 0 
744 0 
745 0 
746 0 
747 0 
748 0 
749 0 
750 0 
751 0 
752 0 
753 0 
754 0 
755 0 
756 0 
757 0 
758 0 
759 0 
760 0 
761 0 
762 0 
763 0 
764 0 
765 0 
766 0 
767 0 
768 0 
769 0 
770 0 
771 0 
772 0 
773 0 
774 0 
775 0 
776 0 
777 0 
778 0 
779 0 
780 0 
781 0 
782 0 
783 0 
784 0 
785 0 
786 0 
787 0 
788 0 
789 0 
790 0 
791 0 
792 0 
793 0 
794 0 
795 0 
796 0 
797 0 
798 0 
799 0 
