0 0 
1 0 
2 0 
3 0 
4 0 
5 0 
6 0 
7 0 
8 0 
9 0 
10 0 
11 0 
12 0 
13 0 
14 0 
15 0 
16 0 
17 0 
18 0 
19 0 
20 0 
21 0 
22 0 
23 0 
24 0 
25 0 
26 0 
27 0 
28 0 
29 0 
30 0 
31 0 
32 0 
33 0 
34 0 
35 0 
36 0 
37 0 
38 0 
39 0 
40 0 
41 0 
42 0 
43 0 
44 0 
45 0 
46 0 
47 0 
48 0 
49 0 
50 0 
51 0 
52 0 
53 0 
54 0 
55 0 
56 0 
57 0 
58 0 
59 0 
60 0 
61 0 
62 0 
63 0 
64 0 
65 0 
66 0 
67 0 
68 0 
69 0 
70 0 
71 0 
72 0 
73 0 
74 0 
75 0 
76 0 
77 0 
78 0 
79 0 
80 0 
81 0 
82 0 
83 0 
84 0 
85 0 
86 0 
87 0 
88 0 
89 0 
90 0 
91 0 
92 0 
93 0 
94 0 
95 0 
96 0 
97 0 
98 0 
99 0 
100 0 
101 0 
102 0 
103 0 
104 0 
105 0 
106 0 
107 0 
108 0 
109 0 
110 0 
111 0 
112 0 
113 0 
114 0 
115 1 
116 9 
117 41 
118 49 
119 84 
120 132 
121 196 
122 210 
123 273 
124 358 
125 452 
126 571 
127 727 
128 904 
129 1169 
130 1523 
131 1780 
132 2193 
133 2350 
134 2683 
135 2955 
136 3233 
137 3575 
138 3998 
139 4745 
140 5320 
141 6301 
142 6824 
143 7842 
144 8739 
145 9799 
146 11208 
147 12105 
148 13780 
149 15415 
150 16862 
151 19038 
152 21042 
153 23030 
154 24883 
155 27101 
156 28958 
157 31471 
158 33824 
159 36493 
160 39997 
161 44150 
162 48456 
163 52194 
164 56216 
165 60562 
166 66208 
167 72176 
168 77987 
169 82326 
170 86140 
171 91891 
172 96376 
173 101296 
174 107426 
175 112861 
176 119505 
177 127550 
178 135575 
179 144453 
180 155872 
181 166057 
182 178008 
183 192505 
184 207546 
185 223701 
186 242000 
187 261535 
188 279249 
189 299321 
190 321736 
191 341706 
192 365790 
193 388499 
194 415569 
195 440011 
196 468126 
197 498326 
198 531752 
199 563977 
200 595614 
201 631728 
202 669328 
203 703389 
204 746430 
205 787589 
206 834865 
207 883405 
208 937118 
209 991686 
210 1.05465e+06 
211 1.11799e+06 
212 1.1882e+06 
213 1.26017e+06 
214 1.33845e+06 
215 1.42123e+06 
216 1.50039e+06 
217 1.58802e+06 
218 1.68837e+06 
219 1.78817e+06 
220 1.89233e+06 
221 2.00386e+06 
222 2.11937e+06 
223 2.23677e+06 
224 2.35661e+06 
225 2.48047e+06 
226 2.60684e+06 
227 2.73846e+06 
228 2.87059e+06 
229 3.00185e+06 
230 3.13771e+06 
231 3.27395e+06 
232 3.41149e+06 
233 3.55888e+06 
234 3.71524e+06 
235 3.86376e+06 
236 4.00667e+06 
237 4.15192e+06 
238 4.30329e+06 
239 4.45532e+06 
240 4.6085e+06 
241 4.7724e+06 
242 4.92702e+06 
243 5.09645e+06 
244 5.27557e+06 
245 5.45422e+06 
246 5.63857e+06 
247 5.83298e+06 
248 6.03505e+06 
249 6.22381e+06 
250 6.42515e+06 
251 6.62277e+06 
252 6.8065e+06 
253 6.99879e+06 
254 7.19326e+06 
255 7.37364e+06 
256 7.54843e+06 
257 7.72333e+06 
258 7.89975e+06 
259 8.06572e+06 
260 8.24464e+06 
261 8.41056e+06 
262 8.57606e+06 
263 8.75393e+06 
264 8.93057e+06 
265 9.09662e+06 
266 9.27333e+06 
267 9.45139e+06 
268 9.63415e+06 
269 9.80528e+06 
270 9.98418e+06 
271 1.01821e+07 
272 1.038e+07 
273 1.05724e+07 
274 1.07823e+07 
275 1.0995e+07 
276 1.12315e+07 
277 1.14517e+07 
278 1.16857e+07 
279 1.19295e+07 
280 1.2198e+07 
281 1.24743e+07 
282 1.27473e+07 
283 1.3043e+07 
284 1.33323e+07 
285 1.36339e+07 
286 1.39333e+07 
287 1.42564e+07 
288 1.45657e+07 
289 1.48776e+07 
290 1.51977e+07 
291 1.55345e+07 
292 1.58744e+07 
293 1.62406e+07 
294 1.6613e+07 
295 1.69699e+07 
296 1.73296e+07 
297 1.77083e+07 
298 1.80926e+07 
299 1.84878e+07 
300 1.88904e+07 
301 1.92768e+07 
302 1.96718e+07 
303 2.00549e+07 
304 2.04339e+07 
305 2.08378e+07 
306 2.12573e+07 
307 2.16501e+07 
308 2.20537e+07 
309 2.24417e+07 
310 2.2824e+07 
311 2.32114e+07 
312 2.35715e+07 
313 2.39304e+07 
314 2.43133e+07 
315 2.46572e+07 
316 2.50267e+07 
317 2.53976e+07 
318 2.57491e+07 
319 2.61112e+07 
320 2.64341e+07 
321 2.67755e+07 
322 2.7117e+07 
323 2.7454e+07 
324 2.77855e+07 
325 2.81174e+07 
326 2.84274e+07 
327 2.87362e+07 
328 2.9046e+07 
329 2.93753e+07 
330 2.97069e+07 
331 3.00069e+07 
332 3.03118e+07 
333 3.06066e+07 
334 3.09059e+07 
335 3.11983e+07 
336 3.14992e+07 
337 3.17889e+07 
338 3.2071e+07 
339 3.23631e+07 
340 3.26881e+07 
341 3.29933e+07 
342 3.32891e+07 
343 3.35773e+07 
344 3.38625e+07 
345 3.41308e+07 
346 3.4441e+07 
347 3.47447e+07 
348 3.50436e+07 
349 3.5335e+07 
350 3.56116e+07 
351 3.59158e+07 
352 3.62141e+07 
353 3.65195e+07 
354 3.68386e+07 
355 3.7143e+07 
356 3.74442e+07 
357 3.77717e+07 
358 3.81202e+07 
359 3.84594e+07 
360 3.88348e+07 
361 3.92009e+07 
362 3.95596e+07 
363 3.99165e+07 
364 4.03232e+07 
365 4.07459e+07 
366 4.11515e+07 
367 4.1558e+07 
368 4.1981e+07 
369 4.24171e+07 
370 4.28602e+07 
371 4.32876e+07 
372 4.37442e+07 
373 4.42045e+07 
374 4.46499e+07 
375 4.50929e+07 
376 4.55446e+07 
377 4.60251e+07 
378 4.65122e+07 
379 4.70151e+07 
380 4.75213e+07 
381 4.80227e+07 
382 4.85432e+07 
383 4.90589e+07 
384 4.958e+07 
385 5.00962e+07 
386 5.05952e+07 
387 5.1101e+07 
388 5.16485e+07 
389 5.21298e+07 
390 5.26115e+07 
391 5.31114e+07 
392 5.36239e+07 
393 5.40981e+07 
394 5.46225e+07 
395 5.51232e+07 
396 5.55957e+07 
397 5.61183e+07 
398 5.66312e+07 
399 5.71398e+07 
400 5.76579e+07 
401 5.81523e+07 
402 5.86226e+07 
403 5.9054e+07 
404 5.94854e+07 
405 5.99243e+07 
406 6.03329e+07 
407 6.07366e+07 
408 6.10829e+07 
409 6.139e+07 
410 6.16855e+07 
411 6.19726e+07 
412 6.2245e+07 
413 6.24732e+07 
414 6.26522e+07 
415 6.27926e+07 
416 6.2943e+07 
417 6.30762e+07 
418 6.32099e+07 
419 6.33127e+07 
420 6.33958e+07 
421 6.34708e+07 
422 6.35556e+07 
423 6.36193e+07 
424 6.3623e+07 
425 6.36853e+07 
426 6.36698e+07 
427 6.36346e+07 
428 6.36059e+07 
429 6.35821e+07 
430 6.35322e+07 
431 6.34993e+07 
432 6.34256e+07 
433 6.3377e+07 
434 6.33372e+07 
435 6.32651e+07 
436 6.32308e+07 
437 6.32103e+07 
438 6.31896e+07 
439 6.31981e+07 
440 6.31758e+07 
441 6.31781e+07 
442 6.31494e+07 
443 6.31133e+07 
444 6.30852e+07 
445 6.31077e+07 
446 6.31404e+07 
447 6.31863e+07 
448 6.32248e+07 
449 6.32347e+07 
450 6.32857e+07 
451 6.33278e+07 
452 6.33805e+07 
453 6.34301e+07 
454 6.34746e+07 
455 6.35286e+07 
456 6.36113e+07 
457 6.36839e+07 
458 6.37642e+07 
459 6.38492e+07 
460 6.39118e+07 
461 6.39861e+07 
462 6.40426e+07 
463 6.41307e+07 
464 6.42227e+07 
465 6.43115e+07 
466 6.43835e+07 
467 6.44487e+07 
468 6.44615e+07 
469 6.45034e+07 
470 6.45662e+07 
471 6.46032e+07 
472 6.46484e+07 
473 6.46903e+07 
474 6.47646e+07 
475 6.48312e+07 
476 6.49124e+07 
477 6.50117e+07 
478 6.51001e+07 
479 6.51585e+07 
480 6.52276e+07 
481 6.53281e+07 
482 6.53818e+07 
483 6.54217e+07 
484 6.54866e+07 
485 6.5523e+07 
486 6.55476e+07 
487 6.56107e+07 
488 6.56851e+07 
489 6.57394e+07 
490 6.57805e+07 
491 6.58685e+07 
492 6.59525e+07 
493 6.60409e+07 
494 6.61352e+07 
495 6.62162e+07 
496 6.62937e+07 
497 6.63728e+07 
498 6.64504e+07 
499 6.6546e+07 
500 6.66161e+07 
501 6.6632e+07 
502 6.66843e+07 
503 6.66948e+07 
504 6.6728e+07 
505 6.67602e+07 
506 6.677e+07 
507 6.67831e+07 
508 6.67969e+07 
509 6.68416e+07 
510 6.6904e+07 
511 6.69149e+07 
512 6.69429e+07 
513 6.69376e+07 
514 6.69307e+07 
515 6.69302e+07 
516 6.69359e+07 
517 6.69141e+07 
518 6.68447e+07 
519 6.68112e+07 
520 6.6771e+07 
521 6.67254e+07 
522 6.66562e+07 
523 6.66131e+07 
524 6.65622e+07 
525 6.65032e+07 
526 6.6461e+07 
527 6.63781e+07 
528 6.62755e+07 
529 6.6148e+07 
530 6.6081e+07 
531 6.59644e+07 
532 6.58655e+07 
533 6.57465e+07 
534 6.56229e+07 
535 6.55065e+07 
536 6.54073e+07 
537 6.52908e+07 
538 6.51866e+07 
539 6.50497e+07 
540 6.49491e+07 
541 6.4813e+07 
542 6.47118e+07 
543 6.46038e+07 
544 6.44845e+07 
545 6.44041e+07 
546 6.43149e+07 
547 6.42164e+07 
548 6.41289e+07 
549 6.40659e+07 
550 6.40024e+07 
551 6.39611e+07 
552 6.38842e+07 
553 6.3886e+07 
554 6.38776e+07 
555 6.38781e+07 
556 6.38717e+07 
557 6.38924e+07 
558 6.39213e+07 
559 6.39514e+07 
560 6.39724e+07 
561 6.39914e+07 
562 6.40274e+07 
563 6.40863e+07 
564 6.4135e+07 
565 6.41789e+07 
566 6.42306e+07 
567 6.42706e+07 
568 6.43427e+07 
569 6.4387e+07 
570 6.4463e+07 
571 6.45258e+07 
572 6.45724e+07 
573 6.46277e+07 
574 6.4654e+07 
575 6.46521e+07 
576 6.46937e+07 
577 6.47021e+07 
578 6.4697e+07 
579 6.46635e+07 
580 6.46191e+07 
581 6.45826e+07 
582 6.45431e+07 
583 6.44797e+07 
584 6.44596e+07 
585 6.44136e+07 
586 6.43944e+07 
587 6.43366e+07 
588 6.42513e+07 
589 6.41299e+07 
590 6.40662e+07 
591 6.39738e+07 
592 6.3881e+07 
593 6.37881e+07 
594 6.36678e+07 
595 6.35705e+07 
596 6.34459e+07 
597 6.33583e+07 
598 6.32702e+07 
599 6.31761e+07 
600 6.3114e+07 
601 6.30466e+07 
602 6.29615e+07 
603 6.28895e+07 
604 6.28246e+07 
605 6.27372e+07 
606 6.26259e+07 
607 6.2539e+07 
608 6.24509e+07 
609 6.23059e+07 
610 6.21926e+07 
611 6.20793e+07 
612 6.19494e+07 
613 6.18579e+07 
614 6.17388e+07 
615 6.16274e+07 
616 6.14407e+07 
617 6.12372e+07 
618 6.10898e+07 
619 6.09391e+07 
620 6.07695e+07 
621 6.06237e+07 
622 6.04528e+07 
623 6.02507e+07 
624 6.00526e+07 
625 5.98799e+07 
626 5.97332e+07 
627 5.96165e+07 
628 5.9493e+07 
629 5.93647e+07 
630 5.92269e+07 
631 5.91219e+07 
632 5.90265e+07 
633 5.89044e+07 
634 5.87913e+07 
635 5.87003e+07 
636 5.86336e+07 
637 5.85293e+07 
638 5.8436e+07 
639 5.83317e+07 
640 5.81863e+07 
641 5.8094e+07 
642 5.79875e+07 
643 5.78819e+07 
644 5.7782e+07 
645 5.76596e+07 
646 5.75704e+07 
647 5.74815e+07 
648 5.74035e+07 
649 5.73171e+07 
650 5.71976e+07 
651 5.70741e+07 
652 5.69539e+07 
653 5.68222e+07 
654 5.67161e+07 
655 5.65937e+07 
656 5.64807e+07 
657 5.63373e+07 
658 5.62141e+07 
659 5.61205e+07 
660 5.6017e+07 
661 5.5897e+07 
662 5.57929e+07 
663 5.5694e+07 
664 5.55444e+07 
665 5.54365e+07 
666 5.53543e+07 
667 5.52465e+07 
668 5.51163e+07 
669 5.49776e+07 
670 5.48211e+07 
671 5.47228e+07 
672 5.4606e+07 
673 5.44732e+07 
674 5.43172e+07 
675 5.4248e+07 
676 5.4137e+07 
677 5.40559e+07 
678 5.39512e+07 
679 5.38508e+07 
680 5.37498e+07 
681 5.36689e+07 
682 5.35857e+07 
683 5.35112e+07 
684 5.34461e+07 
685 5.33427e+07 
686 5.32228e+07 
687 5.31493e+07 
688 5.31009e+07 
689 5.30265e+07 
690 5.2948e+07 
691 5.28341e+07 
692 5.27115e+07 
693 5.25934e+07 
694 5.24444e+07 
695 5.2313e+07 
696 5.21801e+07 
697 5.20248e+07 
698 5.18461e+07 
699 5.16503e+07 
700 5.14371e+07 
701 5.12052e+07 
702 5.09659e+07 
703 5.0731e+07 
704 5.04544e+07 
705 5.0183e+07 
706 4.98681e+07 
707 4.95385e+07 
708 4.91913e+07 
709 4.8856e+07 
710 4.85264e+07 
711 4.81982e+07 
712 4.78624e+07 
713 4.75031e+07 
714 4.7109e+07 
715 4.66926e+07 
716 4.62628e+07 
717 4.5828e+07 
718 4.54423e+07 
719 4.49692e+07 
720 4.452e+07 
721 4.40342e+07 
722 4.35641e+07 
723 4.30757e+07 
724 4.25613e+07 
725 4.20262e+07 
726 4.15117e+07 
727 4.09707e+07 
728 4.04244e+07 
729 3.98758e+07 
730 3.9316e+07 
731 3.87287e+07 
732 3.8135e+07 
733 3.7542e+07 
734 3.69472e+07 
735 3.62992e+07 
736 3.56553e+07 
737 3.50233e+07 
738 3.43798e+07 
739 3.37564e+07 
740 3.31089e+07 
741 3.2463e+07 
742 3.1789e+07 
743 3.11242e+07 
744 3.04846e+07 
745 2.9817e+07 
746 2.91424e+07 
747 2.84467e+07 
748 2.77359e+07 
749 2.70473e+07 
750 2.63364e+07 
751 2.5617e+07 
752 2.48867e+07 
753 2.41533e+07 
754 2.34526e+07 
755 2.27459e+07 
756 2.20151e+07 
757 2.13134e+07 
758 2.06091e+07 
759 1.99076e+07 
760 1.92309e+07 
761 1.85433e+07 
762 1.78906e+07 
763 1.72256e+07 
764 1.65591e+07 
765 1.59129e+07 
766 1.52694e+07 
767 1.46532e+07 
768 1.40063e+07 
769 1.3385e+07 
770 1.27809e+07 
771 1.21569e+07 
772 1.15543e+07 
773 1.09565e+07 
774 1.03643e+07 
775 9.79482e+06 
776 9.2445e+06 
777 8.69549e+06 
778 8.167e+06 
779 7.64972e+06 
780 7.13018e+06 
781 6.62753e+06 
782 6.12875e+06 
783 5.65198e+06 
784 5.1818e+06 
785 4.7243e+06 
786 4.28347e+06 
787 3.85002e+06 
788 3.43501e+06 
789 3.0401e+06 
790 2.6664e+06 
791 2.32107e+06 
792 1.98596e+06 
793 1.67734e+06 
794 1.38976e+06 
795 1.13461e+06 
796 901653 
797 694474 
798 512855 
799 356742 
