0 0 
1 0 
2 0 
3 0 
4 0 
5 0 
6 0 
7 0 
8 0 
9 0 
10 0 
11 0 
12 0 
13 0 
14 0 
15 0 
16 0 
17 0 
18 0 
19 0 
20 0 
21 0 
22 0 
23 0 
24 0 
25 0 
26 0 
27 0 
28 0 
29 0 
30 0 
31 0 
32 0 
33 0 
34 0 
35 0 
36 0 
37 0 
38 0 
39 0 
40 0 
41 0 
42 0 
43 0 
44 0 
45 0 
46 0 
47 0 
48 0 
49 0 
50 0 
51 0 
52 0 
53 0 
54 0 
55 0 
56 0 
57 0 
58 0 
59 0 
60 0 
61 0 
62 0 
63 0 
64 0 
65 0 
66 0 
67 0 
68 0 
69 0 
70 0 
71 0 
72 0 
73 0 
74 0 
75 0 
76 0 
77 0 
78 0 
79 0 
80 0 
81 0 
82 0 
83 0 
84 0 
85 0 
86 0 
87 0 
88 0 
89 0 
90 0 
91 0 
92 0 
93 0 
94 0 
95 0 
96 0 
97 0 
98 0 
99 0 
100 0 
101 0 
102 0 
103 0 
104 0 
105 0 
106 0 
107 0 
108 0 
109 0 
110 0 
111 0 
112 0 
113 0 
114 0 
115 0 
116 0 
117 0 
118 0 
119 0 
120 0 
121 0 
122 0 
123 0 
124 0 
125 0 
126 0 
127 0 
128 0 
129 0 
130 0 
131 0 
132 0 
133 0 
134 0 
135 0 
136 0 
137 0 
138 0 
139 0 
140 0 
141 0 
142 0 
143 0 
144 0 
145 0 
146 0 
147 0 
148 0 
149 0 
150 0 
151 0 
152 0 
153 0 
154 0 
155 0 
156 0 
157 0 
158 0 
159 0 
160 0 
161 0 
162 0 
163 0 
164 0 
165 0 
166 0 
167 0 
168 0 
169 0 
170 0 
171 0 
172 0 
173 0 
174 0 
175 0 
176 0 
177 0 
178 0 
179 0 
180 0 
181 0 
182 0 
183 0 
184 0 
185 0 
186 0 
187 0 
188 0 
189 0 
190 0 
191 0 
192 0 
193 0 
194 0 
195 0 
196 0 
197 0 
198 0 
199 0 
200 0 
201 0 
202 0 
203 0 
204 0 
205 0 
206 0 
207 0 
208 0 
209 0 
210 0 
211 0 
212 0 
213 0 
214 0 
215 0 
216 0 
217 0 
218 0 
219 0 
220 0 
221 0 
222 0 
223 0 
224 0 
225 0 
226 0 
227 0 
228 0 
229 0 
230 0 
231 0 
232 0 
233 0 
234 0 
235 0 
236 0 
237 0 
238 0 
239 0 
240 0 
241 0 
242 0 
243 0 
244 0 
245 0 
246 0 
247 0 
248 0 
249 0 
250 0 
251 0 
252 0 
253 0 
254 0 
255 0 
256 0 
257 0 
258 0 
259 0 
260 0 
261 0 
262 0 
263 0 
264 0 
265 0 
266 0 
267 0 
268 0 
269 0 
270 0 
271 0 
272 0 
273 0 
274 0 
275 0 
276 0 
277 0 
278 0 
279 0 
280 0 
281 0 
282 0 
283 0 
284 0 
285 0 
286 0 
287 0 
288 0 
289 0 
290 0 
291 0 
292 0 
293 2 
294 8 
295 24 
296 111 
297 245 
298 332 
299 531 
300 912 
301 1219 
302 1458 
303 1890 
304 2682 
305 3353 
306 4178 
307 5471 
308 7439 
309 10323 
310 14266 
311 18989 
312 24527 
313 30625 
314 36535 
315 45130 
316 54758 
317 67594 
318 80226 
319 96403 
320 114435 
321 136093 
322 160983 
323 189163 
324 224172 
325 263251 
326 309870 
327 361840 
328 426175 
329 501010 
330 583878 
331 684855 
332 801919 
333 938148 
334 1.08431e+06 
335 1.2445e+06 
336 1.42022e+06 
337 1.61757e+06 
338 1.84005e+06 
339 2.08753e+06 
340 2.37489e+06 
341 2.70455e+06 
342 3.09119e+06 
343 3.53992e+06 
344 4.06849e+06 
345 4.67589e+06 
346 5.37012e+06 
347 6.15295e+06 
348 7.04484e+06 
349 8.04579e+06 
350 9.19171e+06 
351 1.04814e+07 
352 1.19377e+07 
353 1.36195e+07 
354 1.5507e+07 
355 1.76914e+07 
356 2.01734e+07 
357 2.29841e+07 
358 2.6144e+07 
359 2.97228e+07 
360 3.37438e+07 
361 3.82175e+07 
362 4.32034e+07 
363 4.86794e+07 
364 5.47301e+07 
365 6.1417e+07 
366 6.87256e+07 
367 7.67899e+07 
368 8.56244e+07 
369 9.52969e+07 
370 1.05858e+08 
371 1.17332e+08 
372 1.29824e+08 
373 1.43339e+08 
374 1.57915e+08 
375 1.73672e+08 
376 1.90482e+08 
377 2.085e+08 
378 2.27518e+08 
379 2.477e+08 
380 2.68777e+08 
381 2.90727e+08 
382 3.13635e+08 
383 3.37322e+08 
384 3.61643e+08 
385 3.86464e+08 
386 4.11837e+08 
387 4.37252e+08 
388 4.62677e+08 
389 4.87959e+08 
390 5.12668e+08 
391 5.36816e+08 
392 5.59866e+08 
393 5.81634e+08 
394 6.01775e+08 
395 6.19845e+08 
396 6.35465e+08 
397 6.48462e+08 
398 6.58434e+08 
399 6.65163e+08 
400 6.68196e+08 
401 6.66766e+08 
402 6.61738e+08 
403 6.53492e+08 
404 6.42038e+08 
405 6.27937e+08 
406 6.11194e+08 
407 5.92316e+08 
408 5.71705e+08 
409 5.49516e+08 
410 5.26265e+08 
411 5.01939e+08 
412 4.76885e+08 
413 4.51345e+08 
414 4.25594e+08 
415 4.0002e+08 
416 3.74729e+08 
417 3.49784e+08 
418 3.25565e+08 
419 3.02059e+08 
420 2.79429e+08 
421 2.57812e+08 
422 2.37101e+08 
423 2.17448e+08 
424 1.98848e+08 
425 1.81421e+08 
426 1.65095e+08 
427 1.49833e+08 
428 1.35615e+08 
429 1.22497e+08 
430 1.10266e+08 
431 9.90139e+07 
432 8.87196e+07 
433 7.92916e+07 
434 7.065e+07 
435 6.27536e+07 
436 5.56024e+07 
437 4.91816e+07 
438 4.33834e+07 
439 3.81722e+07 
440 3.35051e+07 
441 2.93708e+07 
442 2.56882e+07 
443 2.24495e+07 
444 1.95792e+07 
445 1.7064e+07 
446 1.48348e+07 
447 1.28858e+07 
448 1.11658e+07 
449 9.65457e+06 
450 8.34998e+06 
451 7.21193e+06 
452 6.22062e+06 
453 5.35731e+06 
454 4.58991e+06 
455 3.91367e+06 
456 3.31644e+06 
457 2.80243e+06 
458 2.36009e+06 
459 1.98174e+06 
460 1.66041e+06 
461 1.38301e+06 
462 1.14447e+06 
463 945328 
464 784075 
465 650740 
466 543298 
467 451990 
468 378753 
469 314179 
470 259043 
471 211073 
472 170127 
473 137570 
474 108104 
475 85719 
476 66490 
477 51007 
478 37573 
479 26900 
480 19510 
481 13867 
482 9705 
483 6819 
484 4525 
485 2912 
486 1908 
487 927 
488 460 
489 169 
490 58 
491 10 
492 4 
493 0 
494 0 
495 0 
496 0 
497 0 
498 0 
499 0 
500 0 
501 0 
502 0 
503 0 
504 0 
505 0 
506 0 
507 0 
508 0 
509 0 
510 0 
511 0 
512 0 
513 0 
514 0 
515 0 
516 0 
517 0 
518 0 
519 0 
520 0 
521 0 
522 0 
523 0 
524 0 
525 0 
526 0 
527 0 
528 0 
529 0 
530 0 
531 0 
532 0 
533 0 
534 0 
535 0 
536 0 
537 0 
538 0 
539 0 
540 0 
541 0 
542 0 
543 0 
544 0 
545 0 
546 0 
547 0 
548 0 
549 0 
550 0 
551 0 
552 0 
553 0 
554 0 
555 0 
556 0 
557 0 
558 0 
559 0 
560 0 
561 0 
562 0 
563 0 
564 0 
565 0 
566 0 
567 0 
568 0 
569 0 
570 0 
571 0 
572 0 
573 0 
574 0 
575 0 
576 0 
577 0 
578 0 
579 0 
580 0 
581 0 
582 0 
583 0 
584 0 
585 0 
586 0 
587 0 
588 0 
589 0 
590 0 
591 0 
592 0 
593 0 
594 0 
595 0 
596 0 
597 0 
598 0 
599 0 
600 0 
601 0 
602 0 
603 0 
604 0 
605 0 
606 0 
607 0 
608 0 
609 0 
610 0 
611 0 
612 0 
613 0 
614 0 
615 0 
616 0 
617 0 
618 0 
619 0 
620 0 
621 0 
622 0 
623 0 
624 0 
625 0 
626 0 
627 0 
628 0 
629 0 
630 0 
631 0 
632 0 
633 0 
634 0 
635 0 
636 0 
637 0 
638 0 
639 0 
640 0 
641 0 
642 0 
643 0 
644 0 
645 0 
646 0 
647 0 
648 0 
649 0 
650 0 
651 0 
652 0 
653 0 
654 0 
655 0 
656 0 
657 0 
658 0 
659 0 
660 0 
661 0 
662 0 
663 0 
664 0 
665 0 
666 0 
667 0 
668 0 
669 0 
670 0 
671 0 
672 0 
673 0 
674 0 
675 0 
676 0 
677 0 
678 0 
679 0 
680 0 
681 0 
682 0 
683 0 
684 0 
685 0 
686 0 
687 0 
688 0 
689 0 
690 0 
691 0 
692 0 
693 0 
694 0 
695 0 
696 0 
697 0 
698 0 
699 0 
700 0 
701 0 
702 0 
703 0 
704 0 
705 0 
706 0 
707 0 
708 0 
709 0 
710 0 
711 0 
712 0 
713 0 
714 0 
715 0 
716 0 
717 0 
718 0 
719 0 
720 0 
721 0 
722 0 
723 0 
724 0 
725 0 
726 0 
727 0 
728 0 
729 0 
730 0 
731 0 
732 0 
733 0 
734 0 
735 0 
736 0 
737 0 
738 0 
739 0 
740 0 
741 0 
742 0 
743 0 
744 0 
745 0 
746 0 
747 0 
748 0 
749 0 
750 0 
751 0 
752 0 
753 0 
754 0 
755 0 
756 0 
757 0 
758 0 
759 0 
760 0 
761 0 
762 0 
763 0 
764 0 
765 0 
766 0 
767 0 
768 0 
769 0 
770 0 
771 0 
772 0 
773 0 
774 0 
775 0 
776 0 
777 0 
778 0 
779 0 
780 0 
781 0 
782 0 
783 0 
784 0 
785 0 
786 0 
787 0 
788 0 
789 0 
790 0 
791 0 
792 0 
793 0 
794 0 
795 0 
796 0 
797 0 
798 0 
799 0 
