0 0 
1 0 
2 0 
3 0 
4 0 
5 0 
6 0 
7 0 
8 0 
9 0 
10 0 
11 0 
12 0 
13 0 
14 0 
15 0 
16 0 
17 0 
18 0 
19 0 
20 0 
21 0 
22 0 
23 0 
24 0 
25 0 
26 0 
27 0 
28 0 
29 0 
30 0 
31 0 
32 0 
33 0 
34 0 
35 0 
36 0 
37 0 
38 0 
39 0 
40 0 
41 0 
42 0 
43 0 
44 0 
45 0 
46 0 
47 0 
48 0 
49 0 
50 0 
51 0 
52 0 
53 0 
54 0 
55 0 
56 0 
57 0 
58 0 
59 0 
60 0 
61 0 
62 0 
63 0 
64 0 
65 0 
66 0 
67 0 
68 0 
69 0 
70 0 
71 0 
72 0 
73 0 
74 0 
75 0 
76 0 
77 0 
78 0 
79 0 
80 0 
81 0 
82 0 
83 0 
84 0 
85 0 
86 0 
87 0 
88 0 
89 0 
90 0 
91 0 
92 0 
93 0 
94 0 
95 0 
96 0 
97 0 
98 0 
99 0 
100 0 
101 0 
102 0 
103 0 
104 0 
105 0 
106 0 
107 0 
108 0 
109 0 
110 0 
111 0 
112 0 
113 0 
114 0 
115 0 
116 0 
117 0 
118 0 
119 0 
120 0 
121 0 
122 0 
123 0 
124 0 
125 0 
126 0 
127 0 
128 0 
129 0 
130 0 
131 0 
132 0 
133 0 
134 0 
135 0 
136 0 
137 0 
138 0 
139 0 
140 0 
141 0 
142 0 
143 0 
144 0 
145 0 
146 0 
147 0 
148 0 
149 0 
150 0 
151 0 
152 0 
153 0 
154 0 
155 0 
156 0 
157 0 
158 0 
159 0 
160 0 
161 0 
162 0 
163 0 
164 0 
165 0 
166 0 
167 0 
168 0 
169 0 
170 0 
171 0 
172 0 
173 0 
174 0 
175 0 
176 0 
177 0 
178 0 
179 0 
180 0 
181 0 
182 0 
183 0 
184 0 
185 0 
186 0 
187 0 
188 0 
189 0 
190 0 
191 0 
192 0 
193 0 
194 0 
195 0 
196 0 
197 0 
198 0 
199 0 
200 0 
201 0 
202 0 
203 0 
204 0 
205 0 
206 0 
207 0 
208 0 
209 0 
210 0 
211 0 
212 0 
213 0 
214 0 
215 0 
216 0 
217 0 
218 0 
219 0 
220 0 
221 0 
222 0 
223 0 
224 0 
225 0 
226 0 
227 0 
228 0 
229 0 
230 0 
231 0 
232 0 
233 0 
234 0 
235 0 
236 0 
237 0 
238 0 
239 0 
240 0 
241 0 
242 0 
243 0 
244 0 
245 0 
246 0 
247 0 
248 0 
249 0 
250 0 
251 0 
252 0 
253 0 
254 0 
255 0 
256 0 
257 0 
258 0 
259 0 
260 0 
261 0 
262 0 
263 0 
264 0 
265 0 
266 0 
267 0 
268 0 
269 0 
270 0 
271 0 
272 0 
273 0 
274 0 
275 0 
276 0 
277 0 
278 0 
279 21 
280 44 
281 152 
282 284 
283 552 
284 1122 
285 1710 
286 2571 
287 3632 
288 5341 
289 7545 
290 10147 
291 13146 
292 17229 
293 21998 
294 28267 
295 35880 
296 44846 
297 53502 
298 64827 
299 77383 
300 94058 
301 111253 
302 134199 
303 159848 
304 185771 
305 217064 
306 250763 
307 289487 
308 335469 
309 384656 
310 439020 
311 502053 
312 576844 
313 661612 
314 755605 
315 862164 
316 985845 
317 1.12621e+06 
318 1.28221e+06 
319 1.45503e+06 
320 1.64902e+06 
321 1.86779e+06 
322 2.10124e+06 
323 2.35515e+06 
324 2.62992e+06 
325 2.93124e+06 
326 3.2723e+06 
327 3.65762e+06 
328 4.0678e+06 
329 4.53094e+06 
330 5.07576e+06 
331 5.67122e+06 
332 6.31972e+06 
333 7.06119e+06 
334 7.88837e+06 
335 8.80908e+06 
336 9.85825e+06 
337 1.10252e+07 
338 1.23201e+07 
339 1.37547e+07 
340 1.53402e+07 
341 1.70858e+07 
342 1.90017e+07 
343 2.10751e+07 
344 2.33544e+07 
345 2.58117e+07 
346 2.84769e+07 
347 3.13552e+07 
348 3.44458e+07 
349 3.78023e+07 
350 4.13948e+07 
351 4.5267e+07 
352 4.94572e+07 
353 5.39267e+07 
354 5.87432e+07 
355 6.38011e+07 
356 6.92099e+07 
357 7.49358e+07 
358 8.10271e+07 
359 8.74838e+07 
360 9.43615e+07 
361 1.01675e+08 
362 1.09473e+08 
363 1.1776e+08 
364 1.26513e+08 
365 1.35718e+08 
366 1.45314e+08 
367 1.55382e+08 
368 1.65941e+08 
369 1.76891e+08 
370 1.88229e+08 
371 1.9977e+08 
372 2.11662e+08 
373 2.23753e+08 
374 2.36119e+08 
375 2.48783e+08 
376 2.61628e+08 
377 2.74803e+08 
378 2.8832e+08 
379 3.0189e+08 
380 3.1555e+08 
381 3.29323e+08 
382 3.43207e+08 
383 3.57008e+08 
384 3.70633e+08 
385 3.83999e+08 
386 3.97251e+08 
387 4.10251e+08 
388 4.22734e+08 
389 4.34669e+08 
390 4.45657e+08 
391 4.55884e+08 
392 4.65242e+08 
393 4.73433e+08 
394 4.80491e+08 
395 4.8611e+08 
396 4.90455e+08 
397 4.93313e+08 
398 4.94655e+08 
399 4.94591e+08 
400 4.92907e+08 
401 4.89031e+08 
402 4.83713e+08 
403 4.77014e+08 
404 4.69124e+08 
405 4.5994e+08 
406 4.49884e+08 
407 4.38951e+08 
408 4.27102e+08 
409 4.14752e+08 
410 4.01724e+08 
411 3.88155e+08 
412 3.74255e+08 
413 3.60236e+08 
414 3.45995e+08 
415 3.31807e+08 
416 3.1765e+08 
417 3.03641e+08 
418 2.89834e+08 
419 2.76183e+08 
420 2.62847e+08 
421 2.49687e+08 
422 2.36871e+08 
423 2.24424e+08 
424 2.12363e+08 
425 2.00699e+08 
426 1.89392e+08 
427 1.78422e+08 
428 1.67922e+08 
429 1.57852e+08 
430 1.48283e+08 
431 1.39073e+08 
432 1.30377e+08 
433 1.22058e+08 
434 1.14141e+08 
435 1.0662e+08 
436 9.94614e+07 
437 9.27437e+07 
438 8.63927e+07 
439 8.04546e+07 
440 7.48907e+07 
441 6.96555e+07 
442 6.47258e+07 
443 6.01732e+07 
444 5.58856e+07 
445 5.1859e+07 
446 4.81355e+07 
447 4.46315e+07 
448 4.13267e+07 
449 3.82417e+07 
450 3.53231e+07 
451 3.26223e+07 
452 3.00991e+07 
453 2.77609e+07 
454 2.5562e+07 
455 2.35313e+07 
456 2.16713e+07 
457 1.99232e+07 
458 1.83221e+07 
459 1.68183e+07 
460 1.5459e+07 
461 1.41878e+07 
462 1.30335e+07 
463 1.19952e+07 
464 1.10638e+07 
465 1.0212e+07 
466 9.44153e+06 
467 8.72976e+06 
468 8.07804e+06 
469 7.5109e+06 
470 7.02288e+06 
471 6.58129e+06 
472 6.21034e+06 
473 5.90005e+06 
474 5.62166e+06 
475 5.39379e+06 
476 5.18575e+06 
477 5.01636e+06 
478 4.89482e+06 
479 4.76756e+06 
480 4.67156e+06 
481 4.59237e+06 
482 4.53125e+06 
483 4.47672e+06 
484 4.42604e+06 
485 4.38497e+06 
486 4.35303e+06 
487 4.30614e+06 
488 4.2477e+06 
489 4.19201e+06 
490 4.12167e+06 
491 4.0517e+06 
492 3.97772e+06 
493 3.89421e+06 
494 3.79751e+06 
495 3.69732e+06 
496 3.58636e+06 
497 3.47861e+06 
498 3.36787e+06 
499 3.2471e+06 
500 3.11618e+06 
501 2.99058e+06 
502 2.85971e+06 
503 2.73442e+06 
504 2.60249e+06 
505 2.47375e+06 
506 2.34721e+06 
507 2.21927e+06 
508 2.0994e+06 
509 1.97774e+06 
510 1.85998e+06 
511 1.72655e+06 
512 1.60352e+06 
513 1.488e+06 
514 1.37208e+06 
515 1.25932e+06 
516 1.14643e+06 
517 1.03605e+06 
518 927815 
519 826566 
520 738220 
521 653863 
522 573307 
523 499007 
524 430978 
525 368659 
526 313353 
527 264686 
528 221625 
529 185062 
530 151469 
531 122201 
532 99276 
533 79679 
534 63158 
535 50203 
536 40416 
537 32393 
538 25075 
539 19285 
540 14767 
541 11396 
542 8778 
543 6965 
544 5467 
545 4624 
546 4177 
547 3357 
548 2917 
549 2207 
550 1620 
551 1041 
552 698 
553 361 
554 211 
555 121 
556 88 
557 35 
558 16 
559 0 
560 0 
561 0 
562 0 
563 0 
564 0 
565 0 
566 0 
567 0 
568 0 
569 0 
570 0 
571 0 
572 0 
573 0 
574 0 
575 0 
576 0 
577 0 
578 0 
579 0 
580 0 
581 0 
582 0 
583 0 
584 0 
585 0 
586 0 
587 0 
588 0 
589 0 
590 0 
591 0 
592 0 
593 0 
594 0 
595 0 
596 0 
597 0 
598 0 
599 0 
600 0 
601 0 
602 0 
603 0 
604 0 
605 0 
606 0 
607 0 
608 0 
609 0 
610 0 
611 0 
612 0 
613 0 
614 0 
615 0 
616 0 
617 0 
618 0 
619 0 
620 0 
621 0 
622 0 
623 0 
624 0 
625 0 
626 0 
627 0 
628 0 
629 0 
630 0 
631 0 
632 0 
633 0 
634 0 
635 0 
636 0 
637 0 
638 0 
639 0 
640 0 
641 0 
642 0 
643 0 
644 0 
645 0 
646 0 
647 0 
648 0 
649 0 
650 0 
651 0 
652 0 
653 0 
654 0 
655 0 
656 0 
657 0 
658 0 
659 0 
660 0 
661 0 
662 0 
663 0 
664 0 
665 0 
666 0 
667 0 
668 0 
669 0 
670 0 
671 0 
672 0 
673 0 
674 0 
675 0 
676 0 
677 0 
678 0 
679 0 
680 0 
681 0 
682 0 
683 0 
684 0 
685 0 
686 0 
687 0 
688 0 
689 0 
690 0 
691 0 
692 0 
693 0 
694 0 
695 0 
696 0 
697 0 
698 0 
699 0 
700 0 
701 0 
702 0 
703 0 
704 0 
705 0 
706 0 
707 0 
708 0 
709 0 
710 0 
711 0 
712 0 
713 0 
714 0 
715 0 
716 0 
717 0 
718 0 
719 0 
720 0 
721 0 
722 0 
723 0 
724 0 
725 0 
726 0 
727 0 
728 0 
729 0 
730 0 
731 0 
732 0 
733 0 
734 0 
735 0 
736 0 
737 0 
738 0 
739 0 
740 0 
741 0 
742 0 
743 0 
744 0 
745 0 
746 0 
747 0 
748 0 
749 0 
750 0 
751 0 
752 0 
753 0 
754 0 
755 0 
756 0 
757 0 
758 0 
759 0 
760 0 
761 0 
762 0 
763 0 
764 0 
765 0 
766 0 
767 0 
768 0 
769 0 
770 0 
771 0 
772 0 
773 0 
774 0 
775 0 
776 0 
777 0 
778 0 
779 0 
780 0 
781 0 
782 0 
783 0 
784 0 
785 0 
786 0 
787 0 
788 0 
789 0 
790 0 
791 0 
792 0 
793 0 
794 0 
795 0 
796 0 
797 0 
798 0 
799 0 
