0 0 
1 8355 
2 12002 
3 16596 
4 22708 
5 29837 
6 37658 
7 47008 
8 57434 
9 69188 
10 82940 
11 98039 
12 114532 
13 135329 
14 158692 
15 184437 
16 214523 
17 245897 
18 280490 
19 316266 
20 357103 
21 401735 
22 451948 
23 502141 
24 558854 
25 618134 
26 677317 
27 745230 
28 817790 
29 897161 
30 976859 
31 1.06027e+06 
32 1.14477e+06 
33 1.23235e+06 
34 1.32684e+06 
35 1.42674e+06 
36 1.52918e+06 
37 1.63856e+06 
38 1.74747e+06 
39 1.86638e+06 
40 1.99165e+06 
41 2.12036e+06 
42 2.25591e+06 
43 2.40198e+06 
44 2.55313e+06 
45 2.71799e+06 
46 2.8857e+06 
47 3.05665e+06 
48 3.23064e+06 
49 3.41268e+06 
50 3.59212e+06 
51 3.77469e+06 
52 3.96863e+06 
53 4.17074e+06 
54 4.38558e+06 
55 4.5983e+06 
56 4.81934e+06 
57 5.03674e+06 
58 5.27537e+06 
59 5.52623e+06 
60 5.77901e+06 
61 6.04383e+06 
62 6.31026e+06 
63 6.58985e+06 
64 6.87083e+06 
65 7.15242e+06 
66 7.43529e+06 
67 7.71299e+06 
68 7.99215e+06 
69 8.28025e+06 
70 8.56337e+06 
71 8.8491e+06 
72 9.14622e+06 
73 9.43769e+06 
74 9.73177e+06 
75 1.00325e+07 
76 1.0329e+07 
77 1.06397e+07 
78 1.09498e+07 
79 1.12464e+07 
80 1.15573e+07 
81 1.18756e+07 
82 1.21958e+07 
83 1.25234e+07 
84 1.28731e+07 
85 1.32158e+07 
86 1.35591e+07 
87 1.39199e+07 
88 1.42676e+07 
89 1.45941e+07 
90 1.49341e+07 
91 1.52772e+07 
92 1.56113e+07 
93 1.59435e+07 
94 1.6283e+07 
95 1.66242e+07 
96 1.69446e+07 
97 1.72842e+07 
98 1.76077e+07 
99 1.79252e+07 
100 1.82268e+07 
101 1.85371e+07 
102 1.88131e+07 
103 1.90918e+07 
104 1.93496e+07 
105 1.95858e+07 
106 1.98022e+07 
107 2.00264e+07 
108 2.02351e+07 
109 2.04165e+07 
110 2.05706e+07 
111 2.07035e+07 
112 2.08223e+07 
113 2.09314e+07 
114 2.10203e+07 
115 2.10662e+07 
116 2.11088e+07 
117 2.11386e+07 
118 2.11747e+07 
119 2.12069e+07 
120 2.12402e+07 
121 2.12733e+07 
122 2.12999e+07 
123 2.13166e+07 
124 2.1339e+07 
125 2.135e+07 
126 2.13722e+07 
127 2.1381e+07 
128 2.13789e+07 
129 2.13899e+07 
130 2.14037e+07 
131 2.14161e+07 
132 2.14022e+07 
133 2.13828e+07 
134 2.1346e+07 
135 2.13203e+07 
136 2.13173e+07 
137 2.12994e+07 
138 2.12783e+07 
139 2.12387e+07 
140 2.1206e+07 
141 2.11796e+07 
142 2.11691e+07 
143 2.11423e+07 
144 2.11371e+07 
145 2.11359e+07 
146 2.11567e+07 
147 2.11735e+07 
148 2.1196e+07 
149 2.12418e+07 
150 2.12876e+07 
151 2.13276e+07 
152 2.13469e+07 
153 2.13914e+07 
154 2.1424e+07 
155 2.14907e+07 
156 2.1586e+07 
157 2.1682e+07 
158 2.17685e+07 
159 2.18777e+07 
160 2.19774e+07 
161 2.20752e+07 
162 2.21886e+07 
163 2.22837e+07 
164 2.23803e+07 
165 2.24917e+07 
166 2.26159e+07 
167 2.27399e+07 
168 2.28759e+07 
169 2.30061e+07 
170 2.31464e+07 
171 2.32886e+07 
172 2.3429e+07 
173 2.35805e+07 
174 2.37373e+07 
175 2.39072e+07 
176 2.40769e+07 
177 2.42754e+07 
178 2.4445e+07 
179 2.46387e+07 
180 2.48832e+07 
181 2.51049e+07 
182 2.53492e+07 
183 2.56083e+07 
184 2.58597e+07 
185 2.61119e+07 
186 2.63982e+07 
187 2.67047e+07 
188 2.7022e+07 
189 2.73556e+07 
190 2.7684e+07 
191 2.80556e+07 
192 2.84027e+07 
193 2.87613e+07 
194 2.90962e+07 
195 2.94369e+07 
196 2.97993e+07 
197 3.01667e+07 
198 3.05223e+07 
199 3.08982e+07 
200 3.12456e+07 
201 3.16161e+07 
202 3.19759e+07 
203 3.23148e+07 
204 3.26866e+07 
205 3.30596e+07 
206 3.34331e+07 
207 3.3819e+07 
208 3.41887e+07 
209 3.45853e+07 
210 3.49942e+07 
211 3.54297e+07 
212 3.58328e+07 
213 3.62343e+07 
214 3.66066e+07 
215 3.70261e+07 
216 3.74365e+07 
217 3.7808e+07 
218 3.81765e+07 
219 3.85156e+07 
220 3.88619e+07 
221 3.91608e+07 
222 3.94922e+07 
223 3.98185e+07 
224 4.01254e+07 
225 4.04225e+07 
226 4.07458e+07 
227 4.10341e+07 
228 4.13501e+07 
229 4.16277e+07 
230 4.18938e+07 
231 4.21282e+07 
232 4.23951e+07 
233 4.2603e+07 
234 4.2853e+07 
235 4.30727e+07 
236 4.3226e+07 
237 4.3393e+07 
238 4.35485e+07 
239 4.36806e+07 
240 4.38189e+07 
241 4.39457e+07 
242 4.40849e+07 
243 4.41686e+07 
244 4.42433e+07 
245 4.4279e+07 
246 4.43421e+07 
247 4.43629e+07 
248 4.43758e+07 
249 4.43715e+07 
250 4.4333e+07 
251 4.4288e+07 
252 4.42541e+07 
253 4.41773e+07 
254 4.41063e+07 
255 4.39854e+07 
256 4.38992e+07 
257 4.37705e+07 
258 4.36329e+07 
259 4.35177e+07 
260 4.33561e+07 
261 4.32455e+07 
262 4.31308e+07 
263 4.30031e+07 
264 4.28441e+07 
265 4.27399e+07 
266 4.2575e+07 
267 4.24269e+07 
268 4.22416e+07 
269 4.21356e+07 
270 4.20103e+07 
271 4.19284e+07 
272 4.18123e+07 
273 4.1711e+07 
274 4.16347e+07 
275 4.15393e+07 
276 4.14447e+07 
277 4.13869e+07 
278 4.13353e+07 
279 4.12995e+07 
280 4.12584e+07 
281 4.12274e+07 
282 4.12465e+07 
283 4.12566e+07 
284 4.12787e+07 
285 4.13483e+07 
286 4.14347e+07 
287 4.15251e+07 
288 4.16598e+07 
289 4.18276e+07 
290 4.20091e+07 
291 4.22068e+07 
292 4.24313e+07 
293 4.26675e+07 
294 4.29126e+07 
295 4.32074e+07 
296 4.34913e+07 
297 4.37963e+07 
298 4.41461e+07 
299 4.44874e+07 
300 4.48268e+07 
301 4.51673e+07 
302 4.5543e+07 
303 4.59272e+07 
304 4.62544e+07 
305 4.65867e+07 
306 4.69311e+07 
307 4.7266e+07 
308 4.75849e+07 
309 4.78906e+07 
310 4.81447e+07 
311 4.83963e+07 
312 4.86493e+07 
313 4.8871e+07 
314 4.91102e+07 
315 4.93494e+07 
316 4.96213e+07 
317 4.98781e+07 
318 5.01364e+07 
319 5.03646e+07 
320 5.06233e+07 
321 5.08571e+07 
322 5.10939e+07 
323 5.13289e+07 
324 5.15892e+07 
325 5.18401e+07 
326 5.20822e+07 
327 5.2317e+07 
328 5.25709e+07 
329 5.28159e+07 
330 5.30542e+07 
331 5.33233e+07 
332 5.35907e+07 
333 5.38727e+07 
334 5.41631e+07 
335 5.44839e+07 
336 5.48031e+07 
337 5.51717e+07 
338 5.55303e+07 
339 5.59275e+07 
340 5.63357e+07 
341 5.68013e+07 
342 5.72229e+07 
343 5.76556e+07 
344 5.81215e+07 
345 5.85676e+07 
346 5.90321e+07 
347 5.94829e+07 
348 5.99377e+07 
349 6.04039e+07 
350 6.09269e+07 
351 6.14304e+07 
352 6.19203e+07 
353 6.24495e+07 
354 6.30037e+07 
355 6.35797e+07 
356 6.4115e+07 
357 6.46668e+07 
358 6.52681e+07 
359 6.58602e+07 
360 6.64398e+07 
361 6.70303e+07 
362 6.76798e+07 
363 6.82787e+07 
364 6.88773e+07 
365 6.95068e+07 
366 7.00637e+07 
367 7.06458e+07 
368 7.12556e+07 
369 7.18461e+07 
370 7.23787e+07 
371 7.28961e+07 
372 7.34105e+07 
373 7.39439e+07 
374 7.44876e+07 
375 7.50405e+07 
376 7.55837e+07 
377 7.61233e+07 
378 7.66701e+07 
379 7.72312e+07 
380 7.78257e+07 
381 7.84068e+07 
382 7.89258e+07 
383 7.94777e+07 
384 7.99962e+07 
385 8.04636e+07 
386 8.0982e+07 
387 8.14883e+07 
388 8.19331e+07 
389 8.24165e+07 
390 8.28688e+07 
391 8.33117e+07 
392 8.37158e+07 
393 8.41547e+07 
394 8.45998e+07 
395 8.49796e+07 
396 8.5391e+07 
397 8.57665e+07 
398 8.61722e+07 
399 8.65414e+07 
400 8.68466e+07 
401 8.71763e+07 
402 8.75077e+07 
403 8.77791e+07 
404 8.80556e+07 
405 8.83088e+07 
406 8.85356e+07 
407 8.87715e+07 
408 8.89556e+07 
409 8.91814e+07 
410 8.93748e+07 
411 8.95385e+07 
412 8.97029e+07 
413 8.98815e+07 
414 9.00562e+07 
415 9.02411e+07 
416 9.04455e+07 
417 9.06352e+07 
418 9.08018e+07 
419 9.09282e+07 
420 9.10668e+07 
421 9.12316e+07 
422 9.13648e+07 
423 9.15024e+07 
424 9.16546e+07 
425 9.17381e+07 
426 9.18598e+07 
427 9.19489e+07 
428 9.20315e+07 
429 9.21399e+07 
430 9.22863e+07 
431 9.2422e+07 
432 9.25133e+07 
433 9.25937e+07 
434 9.27023e+07 
435 9.27888e+07 
436 9.2841e+07 
437 9.29052e+07 
438 9.29096e+07 
439 9.2951e+07 
440 9.29433e+07 
441 9.29619e+07 
442 9.29506e+07 
443 9.29734e+07 
444 9.29746e+07 
445 9.29716e+07 
446 9.29739e+07 
447 9.29274e+07 
448 9.2918e+07 
449 9.29101e+07 
450 9.28468e+07 
451 9.27988e+07 
452 9.26925e+07 
453 9.25657e+07 
454 9.23881e+07 
455 9.22294e+07 
456 9.20142e+07 
457 9.17491e+07 
458 9.14684e+07 
459 9.11245e+07 
460 9.08069e+07 
461 9.05161e+07 
462 9.01554e+07 
463 8.97543e+07 
464 8.93331e+07 
465 8.89011e+07 
466 8.84722e+07 
467 8.80227e+07 
468 8.75758e+07 
469 8.71236e+07 
470 8.66497e+07 
471 8.61328e+07 
472 8.56371e+07 
473 8.50851e+07 
474 8.45141e+07 
475 8.38887e+07 
476 8.33069e+07 
477 8.26876e+07 
478 8.2074e+07 
479 8.14374e+07 
480 8.07518e+07 
481 8.00437e+07 
482 7.92893e+07 
483 7.84937e+07 
484 7.77133e+07 
485 7.69122e+07 
486 7.60688e+07 
487 7.52264e+07 
488 7.43782e+07 
489 7.34674e+07 
490 7.25048e+07 
491 7.15634e+07 
492 7.0595e+07 
493 6.95866e+07 
494 6.85866e+07 
495 6.75641e+07 
496 6.65409e+07 
497 6.55631e+07 
498 6.45637e+07 
499 6.35746e+07 
500 6.25934e+07 
501 6.15829e+07 
502 6.06012e+07 
503 5.96485e+07 
504 5.86753e+07 
505 5.77254e+07 
506 5.68405e+07 
507 5.59198e+07 
508 5.50497e+07 
509 5.41908e+07 
510 5.33389e+07 
511 5.24968e+07 
512 5.16817e+07 
513 5.08978e+07 
514 5.00905e+07 
515 4.93325e+07 
516 4.85795e+07 
517 4.78558e+07 
518 4.71225e+07 
519 4.64137e+07 
520 4.5722e+07 
521 4.50398e+07 
522 4.43671e+07 
523 4.37161e+07 
524 4.3076e+07 
525 4.24169e+07 
526 4.17631e+07 
527 4.10992e+07 
528 4.04395e+07 
529 3.97783e+07 
530 3.9127e+07 
531 3.84859e+07 
532 3.78396e+07 
533 3.72071e+07 
534 3.65746e+07 
535 3.59605e+07 
536 3.53505e+07 
537 3.47075e+07 
538 3.4098e+07 
539 3.3477e+07 
540 3.2841e+07 
541 3.22266e+07 
542 3.16439e+07 
543 3.10714e+07 
544 3.04803e+07 
545 2.98876e+07 
546 2.93066e+07 
547 2.87165e+07 
548 2.81529e+07 
549 2.76035e+07 
550 2.70591e+07 
551 2.65267e+07 
552 2.59887e+07 
553 2.55054e+07 
554 2.50227e+07 
555 2.45551e+07 
556 2.41048e+07 
557 2.36527e+07 
558 2.32227e+07 
559 2.28128e+07 
560 2.24128e+07 
561 2.20223e+07 
562 2.16545e+07 
563 2.13101e+07 
564 2.09821e+07 
565 2.06593e+07 
566 2.0346e+07 
567 2.00366e+07 
568 1.975e+07 
569 1.94785e+07 
570 1.92137e+07 
571 1.89807e+07 
572 1.87121e+07 
573 1.84587e+07 
574 1.8205e+07 
575 1.79807e+07 
576 1.77803e+07 
577 1.75539e+07 
578 1.73519e+07 
579 1.71711e+07 
580 1.69789e+07 
581 1.68061e+07 
582 1.66251e+07 
583 1.64567e+07 
584 1.62859e+07 
585 1.61131e+07 
586 1.59397e+07 
587 1.5769e+07 
588 1.56026e+07 
589 1.54289e+07 
590 1.5246e+07 
591 1.50711e+07 
592 1.48781e+07 
593 1.46722e+07 
594 1.44517e+07 
595 1.42267e+07 
596 1.39986e+07 
597 1.37646e+07 
598 1.35049e+07 
599 1.32617e+07 
600 1.30317e+07 
601 1.2797e+07 
602 1.25437e+07 
603 1.22828e+07 
604 1.20261e+07 
605 1.17611e+07 
606 1.1508e+07 
607 1.12338e+07 
608 1.09608e+07 
609 1.06682e+07 
610 1.03836e+07 
611 1.01071e+07 
612 9.84359e+06 
613 9.55944e+06 
614 9.30011e+06 
615 9.03886e+06 
616 8.77334e+06 
617 8.51386e+06 
618 8.25871e+06 
619 8.01015e+06 
620 7.77956e+06 
621 7.54907e+06 
622 7.33097e+06 
623 7.12238e+06 
624 6.93708e+06 
625 6.75458e+06 
626 6.57134e+06 
627 6.40372e+06 
628 6.23798e+06 
629 6.0859e+06 
630 5.93973e+06 
631 5.81584e+06 
632 5.67997e+06 
633 5.55467e+06 
634 5.43046e+06 
635 5.32539e+06 
636 5.22783e+06 
637 5.13787e+06 
638 5.06269e+06 
639 4.99257e+06 
640 4.92285e+06 
641 4.86823e+06 
642 4.80998e+06 
643 4.7445e+06 
644 4.688e+06 
645 4.64055e+06 
646 4.59631e+06 
647 4.53599e+06 
648 4.48192e+06 
649 4.43276e+06 
650 4.38859e+06 
651 4.35471e+06 
652 4.32253e+06 
653 4.29107e+06 
654 4.26668e+06 
655 4.23912e+06 
656 4.19313e+06 
657 4.161e+06 
658 4.11413e+06 
659 4.07718e+06 
660 4.03906e+06 
661 4.00982e+06 
662 3.96223e+06 
663 3.92653e+06 
664 3.88533e+06 
665 3.84815e+06 
666 3.80346e+06 
667 3.75418e+06 
668 3.70354e+06 
669 3.65521e+06 
670 3.59983e+06 
671 3.55163e+06 
672 3.48798e+06 
673 3.42395e+06 
674 3.3634e+06 
675 3.2912e+06 
676 3.22149e+06 
677 3.15428e+06 
678 3.08295e+06 
679 3.0094e+06 
680 2.93769e+06 
681 2.86194e+06 
682 2.78287e+06 
683 2.70674e+06 
684 2.63008e+06 
685 2.5517e+06 
686 2.46933e+06 
687 2.38382e+06 
688 2.29365e+06 
689 2.20448e+06 
690 2.12016e+06 
691 2.03729e+06 
692 1.95719e+06 
693 1.87667e+06 
694 1.79484e+06 
695 1.71781e+06 
696 1.64195e+06 
697 1.57156e+06 
698 1.50459e+06 
699 1.43728e+06 
700 1.37416e+06 
701 1.31276e+06 
702 1.25322e+06 
703 1.19249e+06 
704 1.13773e+06 
705 1.08873e+06 
706 1.04251e+06 
707 1.0057e+06 
708 966687 
709 926235 
710 892470 
711 858571 
712 825830 
713 796197 
714 764428 
715 736095 
716 709299 
717 680986 
718 654163 
719 627920 
720 602102 
721 575100 
722 550797 
723 527591 
724 504535 
725 474565 
726 447038 
727 424039 
728 401741 
729 379511 
730 356180 
731 335591 
732 315488 
733 294747 
734 276669 
735 258647 
736 241287 
737 224830 
738 207676 
739 191220 
740 178294 
741 163980 
742 151954 
743 140812 
744 129620 
745 121281 
746 113396 
747 105637 
748 98663 
749 91022 
750 83617 
751 76876 
752 69591 
753 63316 
754 57136 
755 51333 
756 46542 
757 41971 
758 36456 
759 31345 
760 26927 
761 23045 
762 20165 
763 17478 
764 15314 
765 12769 
766 10925 
767 8597 
768 7221 
769 5897 
770 4801 
771 3877 
772 3218 
773 2709 
774 2165 
775 1779 
776 1408 
777 1043 
778 731 
779 541 
780 403 
781 288 
782 143 
783 89 
784 49 
785 48 
786 9 
787 21 
788 30 
789 21 
790 20 
791 19 
792 7 
793 1 
794 0 
795 0 
796 0 
797 0 
798 0 
799 0 
