0 0 
1 0 
2 0 
3 0 
4 0 
5 0 
6 0 
7 0 
8 0 
9 0 
10 0 
11 0 
12 0 
13 0 
14 0 
15 0 
16 0 
17 0 
18 0 
19 0 
20 0 
21 0 
22 0 
23 0 
24 0 
25 0 
26 0 
27 0 
28 0 
29 0 
30 0 
31 0 
32 0 
33 0 
34 0 
35 0 
36 0 
37 0 
38 0 
39 0 
40 0 
41 0 
42 0 
43 0 
44 0 
45 0 
46 0 
47 0 
48 0 
49 0 
50 0 
51 0 
52 0 
53 0 
54 0 
55 0 
56 0 
57 0 
58 0 
59 0 
60 0 
61 0 
62 0 
63 0 
64 0 
65 0 
66 0 
67 0 
68 0 
69 0 
70 0 
71 0 
72 0 
73 0 
74 0 
75 0 
76 0 
77 0 
78 0 
79 0 
80 0 
81 0 
82 0 
83 0 
84 0 
85 0 
86 0 
87 0 
88 3 
89 8 
90 6 
91 15 
92 28 
93 37 
94 65 
95 43 
96 78 
97 91 
98 137 
99 205 
100 262 
101 420 
102 596 
103 699 
104 937 
105 1311 
106 1813 
107 2254 
108 2869 
109 3586 
110 4493 
111 5988 
112 7243 
113 8920 
114 11120 
115 13261 
116 15601 
117 18333 
118 20911 
119 23706 
120 27232 
121 31143 
122 36199 
123 41658 
124 47531 
125 55612 
126 63708 
127 73254 
128 83090 
129 94657 
130 107680 
131 121389 
132 135257 
133 150372 
134 168166 
135 187212 
136 208655 
137 231395 
138 258755 
139 289387 
140 321291 
141 356117 
142 392710 
143 431942 
144 473369 
145 519053 
146 566908 
147 619481 
148 675339 
149 731381 
150 787775 
151 846667 
152 907841 
153 969936 
154 1.03349e+06 
155 1.10691e+06 
156 1.17882e+06 
157 1.25279e+06 
158 1.32687e+06 
159 1.40243e+06 
160 1.47869e+06 
161 1.55688e+06 
162 1.63243e+06 
163 1.70874e+06 
164 1.78378e+06 
165 1.85868e+06 
166 1.93863e+06 
167 2.02452e+06 
168 2.10838e+06 
169 2.18255e+06 
170 2.25337e+06 
171 2.32623e+06 
172 2.39455e+06 
173 2.46472e+06 
174 2.53792e+06 
175 2.61487e+06 
176 2.6938e+06 
177 2.76882e+06 
178 2.85263e+06 
179 2.93335e+06 
180 3.01076e+06 
181 3.09298e+06 
182 3.18053e+06 
183 3.27182e+06 
184 3.36314e+06 
185 3.45106e+06 
186 3.53314e+06 
187 3.62248e+06 
188 3.70406e+06 
189 3.79092e+06 
190 3.87915e+06 
191 3.96796e+06 
192 4.05533e+06 
193 4.14912e+06 
194 4.24841e+06 
195 4.34166e+06 
196 4.43326e+06 
197 4.51623e+06 
198 4.60748e+06 
199 4.70556e+06 
200 4.79412e+06 
201 4.88757e+06 
202 4.9769e+06 
203 5.06473e+06 
204 5.16629e+06 
205 5.27072e+06 
206 5.36952e+06 
207 5.48118e+06 
208 5.59237e+06 
209 5.71771e+06 
210 5.83745e+06 
211 5.98044e+06 
212 6.12494e+06 
213 6.28307e+06 
214 6.44198e+06 
215 6.60287e+06 
216 6.78187e+06 
217 6.97694e+06 
218 7.17086e+06 
219 7.36911e+06 
220 7.58709e+06 
221 7.80002e+06 
222 8.03896e+06 
223 8.27504e+06 
224 8.52598e+06 
225 8.79296e+06 
226 9.06972e+06 
227 9.35592e+06 
228 9.65137e+06 
229 9.93772e+06 
230 1.02435e+07 
231 1.0546e+07 
232 1.08575e+07 
233 1.11662e+07 
234 1.14657e+07 
235 1.17657e+07 
236 1.20706e+07 
237 1.23891e+07 
238 1.27018e+07 
239 1.30208e+07 
240 1.33456e+07 
241 1.36586e+07 
242 1.39909e+07 
243 1.43174e+07 
244 1.46617e+07 
245 1.49982e+07 
246 1.53592e+07 
247 1.57062e+07 
248 1.60624e+07 
249 1.64362e+07 
250 1.68093e+07 
251 1.71774e+07 
252 1.75398e+07 
253 1.79035e+07 
254 1.82878e+07 
255 1.86649e+07 
256 1.90395e+07 
257 1.94418e+07 
258 1.98236e+07 
259 2.02142e+07 
260 2.06293e+07 
261 2.10177e+07 
262 2.1449e+07 
263 2.18679e+07 
264 2.22767e+07 
265 2.27065e+07 
266 2.31271e+07 
267 2.35692e+07 
268 2.40264e+07 
269 2.45001e+07 
270 2.49644e+07 
271 2.54269e+07 
272 2.59049e+07 
273 2.63818e+07 
274 2.68881e+07 
275 2.7418e+07 
276 2.79074e+07 
277 2.84278e+07 
278 2.8939e+07 
279 2.9446e+07 
280 2.9974e+07 
281 3.04956e+07 
282 3.10038e+07 
283 3.15327e+07 
284 3.20527e+07 
285 3.25721e+07 
286 3.31183e+07 
287 3.36626e+07 
288 3.42072e+07 
289 3.47685e+07 
290 3.53113e+07 
291 3.58843e+07 
292 3.64324e+07 
293 3.7017e+07 
294 3.76236e+07 
295 3.81948e+07 
296 3.87479e+07 
297 3.93204e+07 
298 3.98829e+07 
299 4.04535e+07 
300 4.10355e+07 
301 4.15963e+07 
302 4.21737e+07 
303 4.27183e+07 
304 4.32928e+07 
305 4.38732e+07 
306 4.44855e+07 
307 4.50998e+07 
308 4.57269e+07 
309 4.63179e+07 
310 4.69223e+07 
311 4.75244e+07 
312 4.81332e+07 
313 4.87117e+07 
314 4.9357e+07 
315 4.99813e+07 
316 5.06223e+07 
317 5.13152e+07 
318 5.20018e+07 
319 5.27069e+07 
320 5.34269e+07 
321 5.41908e+07 
322 5.50345e+07 
323 5.58871e+07 
324 5.67852e+07 
325 5.77028e+07 
326 5.85922e+07 
327 5.95747e+07 
328 6.05924e+07 
329 6.16459e+07 
330 6.27198e+07 
331 6.38307e+07 
332 6.50165e+07 
333 6.62165e+07 
334 6.74887e+07 
335 6.87936e+07 
336 7.01519e+07 
337 7.15694e+07 
338 7.29926e+07 
339 7.45118e+07 
340 7.60328e+07 
341 7.76163e+07 
342 7.92301e+07 
343 8.08737e+07 
344 8.26129e+07 
345 8.44094e+07 
346 8.62594e+07 
347 8.81369e+07 
348 9.00706e+07 
349 9.20104e+07 
350 9.4016e+07 
351 9.59834e+07 
352 9.8036e+07 
353 1.00108e+08 
354 1.02235e+08 
355 1.04366e+08 
356 1.06559e+08 
357 1.08728e+08 
358 1.10916e+08 
359 1.13141e+08 
360 1.15365e+08 
361 1.17618e+08 
362 1.19876e+08 
363 1.22105e+08 
364 1.2438e+08 
365 1.26573e+08 
366 1.28794e+08 
367 1.31066e+08 
368 1.33219e+08 
369 1.35399e+08 
370 1.3754e+08 
371 1.39648e+08 
372 1.41738e+08 
373 1.43744e+08 
374 1.45712e+08 
375 1.4762e+08 
376 1.49563e+08 
377 1.51388e+08 
378 1.53266e+08 
379 1.55034e+08 
380 1.56808e+08 
381 1.58473e+08 
382 1.60071e+08 
383 1.61564e+08 
384 1.62984e+08 
385 1.64362e+08 
386 1.65661e+08 
387 1.66923e+08 
388 1.68019e+08 
389 1.69044e+08 
390 1.69943e+08 
391 1.70792e+08 
392 1.71542e+08 
393 1.72179e+08 
394 1.72765e+08 
395 1.73242e+08 
396 1.73593e+08 
397 1.73834e+08 
398 1.73961e+08 
399 1.73983e+08 
400 1.73965e+08 
401 1.7374e+08 
402 1.73501e+08 
403 1.73165e+08 
404 1.72716e+08 
405 1.7217e+08 
406 1.71518e+08 
407 1.70767e+08 
408 1.69972e+08 
409 1.6913e+08 
410 1.68226e+08 
411 1.67274e+08 
412 1.66231e+08 
413 1.65181e+08 
414 1.64047e+08 
415 1.62874e+08 
416 1.61635e+08 
417 1.60417e+08 
418 1.59173e+08 
419 1.57868e+08 
420 1.56496e+08 
421 1.55076e+08 
422 1.53747e+08 
423 1.52376e+08 
424 1.50977e+08 
425 1.49638e+08 
426 1.48326e+08 
427 1.47e+08 
428 1.45713e+08 
429 1.44388e+08 
430 1.43093e+08 
431 1.4174e+08 
432 1.40467e+08 
433 1.39157e+08 
434 1.37802e+08 
435 1.36488e+08 
436 1.35177e+08 
437 1.33906e+08 
438 1.32591e+08 
439 1.31297e+08 
440 1.29921e+08 
441 1.28564e+08 
442 1.27138e+08 
443 1.25734e+08 
444 1.2437e+08 
445 1.22989e+08 
446 1.21601e+08 
447 1.20226e+08 
448 1.18853e+08 
449 1.17474e+08 
450 1.16074e+08 
451 1.14699e+08 
452 1.13325e+08 
453 1.11929e+08 
454 1.1051e+08 
455 1.09102e+08 
456 1.0772e+08 
457 1.06356e+08 
458 1.04997e+08 
459 1.03646e+08 
460 1.02305e+08 
461 1.00965e+08 
462 9.96603e+07 
463 9.83132e+07 
464 9.70503e+07 
465 9.57428e+07 
466 9.44964e+07 
467 9.32555e+07 
468 9.19955e+07 
469 9.07222e+07 
470 8.94255e+07 
471 8.81666e+07 
472 8.68897e+07 
473 8.55952e+07 
474 8.4294e+07 
475 8.28938e+07 
476 8.15666e+07 
477 8.01921e+07 
478 7.88461e+07 
479 7.74556e+07 
480 7.61138e+07 
481 7.47577e+07 
482 7.34098e+07 
483 7.21068e+07 
484 7.08375e+07 
485 6.95499e+07 
486 6.82604e+07 
487 6.6982e+07 
488 6.57476e+07 
489 6.45017e+07 
490 6.32802e+07 
491 6.20972e+07 
492 6.09384e+07 
493 5.97787e+07 
494 5.86128e+07 
495 5.743e+07 
496 5.62809e+07 
497 5.51182e+07 
498 5.39675e+07 
499 5.28499e+07 
500 5.1759e+07 
501 5.06214e+07 
502 4.94811e+07 
503 4.83331e+07 
504 4.71984e+07 
505 4.61087e+07 
506 4.50233e+07 
507 4.39493e+07 
508 4.29255e+07 
509 4.19265e+07 
510 4.091e+07 
511 3.98988e+07 
512 3.89574e+07 
513 3.79815e+07 
514 3.70695e+07 
515 3.61429e+07 
516 3.52648e+07 
517 3.43875e+07 
518 3.35066e+07 
519 3.26541e+07 
520 3.18095e+07 
521 3.09865e+07 
522 3.0189e+07 
523 2.93836e+07 
524 2.85902e+07 
525 2.78273e+07 
526 2.70503e+07 
527 2.62994e+07 
528 2.55796e+07 
529 2.4864e+07 
530 2.41428e+07 
531 2.34635e+07 
532 2.27927e+07 
533 2.2127e+07 
534 2.14688e+07 
535 2.08337e+07 
536 2.02286e+07 
537 1.96349e+07 
538 1.90505e+07 
539 1.84728e+07 
540 1.7928e+07 
541 1.73673e+07 
542 1.68313e+07 
543 1.63114e+07 
544 1.58128e+07 
545 1.53225e+07 
546 1.48367e+07 
547 1.43711e+07 
548 1.39228e+07 
549 1.34801e+07 
550 1.30549e+07 
551 1.2652e+07 
552 1.22599e+07 
553 1.18706e+07 
554 1.15041e+07 
555 1.11376e+07 
556 1.07797e+07 
557 1.04288e+07 
558 1.00812e+07 
559 9.74212e+06 
560 9.42833e+06 
561 9.11476e+06 
562 8.81081e+06 
563 8.52609e+06 
564 8.24032e+06 
565 7.96543e+06 
566 7.70209e+06 
567 7.45176e+06 
568 7.21326e+06 
569 6.98252e+06 
570 6.75527e+06 
571 6.52278e+06 
572 6.29262e+06 
573 6.06147e+06 
574 5.82708e+06 
575 5.59144e+06 
576 5.36414e+06 
577 5.14056e+06 
578 4.92344e+06 
579 4.71718e+06 
580 4.53148e+06 
581 4.3256e+06 
582 4.13206e+06 
583 3.93649e+06 
584 3.74798e+06 
585 3.56692e+06 
586 3.38895e+06 
587 3.22126e+06 
588 3.05673e+06 
589 2.90539e+06 
590 2.75547e+06 
591 2.61463e+06 
592 2.47843e+06 
593 2.34891e+06 
594 2.22566e+06 
595 2.10826e+06 
596 1.99332e+06 
597 1.88528e+06 
598 1.77832e+06 
599 1.68368e+06 
600 1.58957e+06 
601 1.50406e+06 
602 1.42042e+06 
603 1.34069e+06 
604 1.26275e+06 
605 1.18937e+06 
606 1.12152e+06 
607 1.05629e+06 
608 995050 
609 933323 
610 874271 
611 823415 
612 771696 
613 719427 
614 664518 
615 614392 
616 567513 
617 524599 
618 485551 
619 450873 
620 416832 
621 381358 
622 349360 
623 319587 
624 290309 
625 264642 
626 242219 
627 218105 
628 195862 
629 175648 
630 160450 
631 145067 
632 130443 
633 115524 
634 101067 
635 90036 
636 79793 
637 70535 
638 61917 
639 53470 
640 46589 
641 39905 
642 34646 
643 30105 
644 26025 
645 22713 
646 19513 
647 17060 
648 15373 
649 13301 
650 12000 
651 10680 
652 8905 
653 7060 
654 5959 
655 5140 
656 4554 
657 4103 
658 3686 
659 3146 
660 2510 
661 2078 
662 1882 
663 1667 
664 1358 
665 1009 
666 802 
667 723 
668 677 
669 575 
670 624 
671 508 
672 450 
673 359 
674 223 
675 117 
676 74 
677 37 
678 43 
679 40 
680 13 
681 10 
682 5 
683 0 
684 0 
685 0 
686 0 
687 0 
688 0 
689 0 
690 0 
691 0 
692 0 
693 0 
694 0 
695 0 
696 0 
697 0 
698 0 
699 0 
700 0 
701 0 
702 0 
703 0 
704 0 
705 0 
706 0 
707 0 
708 0 
709 0 
710 0 
711 0 
712 0 
713 0 
714 0 
715 0 
716 0 
717 0 
718 0 
719 0 
720 0 
721 0 
722 0 
723 0 
724 0 
725 0 
726 0 
727 0 
728 0 
729 0 
730 0 
731 0 
732 0 
733 0 
734 0 
735 0 
736 0 
737 0 
738 0 
739 0 
740 0 
741 0 
742 0 
743 0 
744 0 
745 0 
746 0 
747 0 
748 0 
749 0 
750 0 
751 0 
752 0 
753 0 
754 0 
755 0 
756 0 
757 0 
758 0 
759 0 
760 0 
761 0 
762 0 
763 0 
764 0 
765 0 
766 0 
767 0 
768 0 
769 0 
770 0 
771 0 
772 0 
773 0 
774 0 
775 0 
776 0 
777 0 
778 0 
779 0 
780 0 
781 0 
782 0 
783 0 
784 0 
785 0 
786 0 
787 0 
788 0 
789 0 
790 0 
791 0 
792 0 
793 0 
794 0 
795 0 
796 0 
797 0 
798 0 
799 0 
