0 0 
1 0 
2 0 
3 0 
4 0 
5 0 
6 0 
7 0 
8 0 
9 0 
10 0 
11 0 
12 0 
13 0 
14 0 
15 0 
16 0 
17 0 
18 0 
19 0 
20 0 
21 0 
22 0 
23 0 
24 0 
25 0 
26 0 
27 0 
28 0 
29 0 
30 0 
31 0 
32 0 
33 0 
34 0 
35 0 
36 0 
37 0 
38 0 
39 0 
40 0 
41 0 
42 0 
43 0 
44 0 
45 0 
46 0 
47 0 
48 0 
49 0 
50 0 
51 0 
52 0 
53 0 
54 0 
55 0 
56 0 
57 0 
58 0 
59 0 
60 0 
61 0 
62 0 
63 0 
64 0 
65 0 
66 0 
67 0 
68 0 
69 0 
70 0 
71 0 
72 0 
73 0 
74 0 
75 0 
76 0 
77 0 
78 0 
79 0 
80 0 
81 0 
82 0 
83 0 
84 0 
85 0 
86 0 
87 0 
88 0 
89 0 
90 0 
91 0 
92 0 
93 0 
94 0 
95 0 
96 0 
97 0 
98 0 
99 0 
100 0 
101 0 
102 0 
103 0 
104 0 
105 0 
106 0 
107 0 
108 0 
109 0 
110 0 
111 0 
112 0 
113 0 
114 0 
115 0 
116 0 
117 0 
118 0 
119 0 
120 0 
121 0 
122 0 
123 0 
124 0 
125 0 
126 0 
127 0 
128 0 
129 0 
130 0 
131 0 
132 0 
133 0 
134 0 
135 0 
136 0 
137 0 
138 0 
139 0 
140 0 
141 0 
142 0 
143 0 
144 0 
145 0 
146 0 
147 0 
148 0 
149 0 
150 0 
151 0 
152 0 
153 0 
154 0 
155 0 
156 0 
157 0 
158 0 
159 0 
160 0 
161 0 
162 0 
163 0 
164 0 
165 0 
166 0 
167 0 
168 0 
169 0 
170 0 
171 0 
172 0 
173 0 
174 0 
175 0 
176 0 
177 0 
178 0 
179 0 
180 0 
181 0 
182 0 
183 0 
184 0 
185 0 
186 0 
187 0 
188 0 
189 0 
190 0 
191 0 
192 0 
193 0 
194 0 
195 0 
196 0 
197 0 
198 0 
199 0 
200 0 
201 0 
202 0 
203 0 
204 0 
205 0 
206 0 
207 0 
208 0 
209 0 
210 0 
211 0 
212 0 
213 0 
214 0 
215 0 
216 0 
217 0 
218 0 
219 0 
220 0 
221 0 
222 0 
223 0 
224 0 
225 0 
226 0 
227 0 
228 0 
229 0 
230 0 
231 0 
232 0 
233 0 
234 0 
235 0 
236 0 
237 0 
238 0 
239 0 
240 0 
241 3 
242 31 
243 40 
244 62 
245 46 
246 66 
247 149 
248 269 
249 327 
250 366 
251 522 
252 669 
253 863 
254 1063 
255 1334 
256 1590 
257 2118 
258 2557 
259 3054 
260 3538 
261 3999 
262 4526 
263 4998 
264 5719 
265 6316 
266 7701 
267 9055 
268 10398 
269 12094 
270 13929 
271 15766 
272 17910 
273 20366 
274 23725 
275 27288 
276 30642 
277 35969 
278 42378 
279 48675 
280 57156 
281 65895 
282 75872 
283 87962 
284 101789 
285 115866 
286 133783 
287 154130 
288 176122 
289 201483 
290 230183 
291 262764 
292 301981 
293 342638 
294 385738 
295 439829 
296 493413 
297 554556 
298 621621 
299 697497 
300 778093 
301 868227 
302 963325 
303 1.07531e+06 
304 1.20192e+06 
305 1.33381e+06 
306 1.48286e+06 
307 1.64973e+06 
308 1.83252e+06 
309 2.0346e+06 
310 2.25912e+06 
311 2.51287e+06 
312 2.78518e+06 
313 3.08736e+06 
314 3.42689e+06 
315 3.785e+06 
316 4.1775e+06 
317 4.60543e+06 
318 5.07047e+06 
319 5.57516e+06 
320 6.12993e+06 
321 6.74098e+06 
322 7.39347e+06 
323 8.10247e+06 
324 8.86144e+06 
325 9.69969e+06 
326 1.06023e+07 
327 1.15592e+07 
328 1.2616e+07 
329 1.37613e+07 
330 1.49832e+07 
331 1.63103e+07 
332 1.77163e+07 
333 1.92163e+07 
334 2.08277e+07 
335 2.2575e+07 
336 2.44322e+07 
337 2.64e+07 
338 2.85113e+07 
339 3.07599e+07 
340 3.31678e+07 
341 3.56856e+07 
342 3.83587e+07 
343 4.11703e+07 
344 4.41531e+07 
345 4.7321e+07 
346 5.06562e+07 
347 5.41358e+07 
348 5.78474e+07 
349 6.17529e+07 
350 6.5824e+07 
351 7.00803e+07 
352 7.45708e+07 
353 7.92731e+07 
354 8.41745e+07 
355 8.93131e+07 
356 9.47205e+07 
357 1.00295e+08 
358 1.06101e+08 
359 1.12169e+08 
360 1.18465e+08 
361 1.24986e+08 
362 1.31729e+08 
363 1.38703e+08 
364 1.45904e+08 
365 1.53344e+08 
366 1.60977e+08 
367 1.68903e+08 
368 1.7702e+08 
369 1.85238e+08 
370 1.93702e+08 
371 2.02336e+08 
372 2.11112e+08 
373 2.20076e+08 
374 2.29119e+08 
375 2.38242e+08 
376 2.47404e+08 
377 2.56751e+08 
378 2.65944e+08 
379 2.75213e+08 
380 2.84408e+08 
381 2.93565e+08 
382 3.02596e+08 
383 3.11546e+08 
384 3.20367e+08 
385 3.28961e+08 
386 3.37276e+08 
387 3.4536e+08 
388 3.53138e+08 
389 3.60526e+08 
390 3.67601e+08 
391 3.74176e+08 
392 3.80284e+08 
393 3.85817e+08 
394 3.90798e+08 
395 3.95067e+08 
396 3.98694e+08 
397 4.01654e+08 
398 4.03799e+08 
399 4.05245e+08 
400 4.05896e+08 
401 4.05018e+08 
402 4.0346e+08 
403 4.01074e+08 
404 3.97971e+08 
405 3.94174e+08 
406 3.89689e+08 
407 3.84613e+08 
408 3.78879e+08 
409 3.7256e+08 
410 3.6582e+08 
411 3.58651e+08 
412 3.51046e+08 
413 3.43099e+08 
414 3.34927e+08 
415 3.2648e+08 
416 3.17763e+08 
417 3.08861e+08 
418 2.9984e+08 
419 2.90644e+08 
420 2.81321e+08 
421 2.7206e+08 
422 2.62681e+08 
423 2.53296e+08 
424 2.43926e+08 
425 2.34638e+08 
426 2.25386e+08 
427 2.16242e+08 
428 2.07197e+08 
429 1.98319e+08 
430 1.89551e+08 
431 1.80949e+08 
432 1.72524e+08 
433 1.64333e+08 
434 1.56386e+08 
435 1.48642e+08 
436 1.41149e+08 
437 1.33871e+08 
438 1.26812e+08 
439 1.20094e+08 
440 1.13667e+08 
441 1.07412e+08 
442 1.01426e+08 
443 9.56242e+07 
444 9.01009e+07 
445 8.48226e+07 
446 7.98457e+07 
447 7.50799e+07 
448 7.04987e+07 
449 6.61409e+07 
450 6.19941e+07 
451 5.80778e+07 
452 5.4331e+07 
453 5.07851e+07 
454 4.74378e+07 
455 4.42703e+07 
456 4.12726e+07 
457 3.8462e+07 
458 3.57837e+07 
459 3.32267e+07 
460 3.08326e+07 
461 2.85965e+07 
462 2.64631e+07 
463 2.45087e+07 
464 2.26575e+07 
465 2.09244e+07 
466 1.93124e+07 
467 1.7796e+07 
468 1.64156e+07 
469 1.51202e+07 
470 1.39082e+07 
471 1.27747e+07 
472 1.17103e+07 
473 1.07403e+07 
474 9.8445e+06 
475 9.0158e+06 
476 8.24761e+06 
477 7.54195e+06 
478 6.90103e+06 
479 6.31419e+06 
480 5.75744e+06 
481 5.25194e+06 
482 4.7931e+06 
483 4.37866e+06 
484 4.00538e+06 
485 3.65064e+06 
486 3.33965e+06 
487 3.05484e+06 
488 2.80041e+06 
489 2.56137e+06 
490 2.35079e+06 
491 2.15829e+06 
492 1.97814e+06 
493 1.81422e+06 
494 1.66064e+06 
495 1.52492e+06 
496 1.39752e+06 
497 1.27974e+06 
498 1.17325e+06 
499 1.07572e+06 
500 989259 
501 908993 
502 837532 
503 772762 
504 711518 
505 655508 
506 611011 
507 564311 
508 528959 
509 494959 
510 460702 
511 428620 
512 401561 
513 375153 
514 350597 
515 327066 
516 306925 
517 289852 
518 274111 
519 256869 
520 241414 
521 227910 
522 216110 
523 204452 
524 191807 
525 179603 
526 168026 
527 158816 
528 150038 
529 141828 
530 133253 
531 123834 
532 115152 
533 107330 
534 99607 
535 92518 
536 86926 
537 79553 
538 72764 
539 67281 
540 61413 
541 54703 
542 48540 
543 43649 
544 38577 
545 33790 
546 29117 
547 26077 
548 22529 
549 19249 
550 16583 
551 14605 
552 12817 
553 10783 
554 9233 
555 8006 
556 6651 
557 5806 
558 4695 
559 3907 
560 3238 
561 2610 
562 2017 
563 1499 
564 1063 
565 817 
566 660 
567 464 
568 292 
569 248 
570 168 
571 126 
572 83 
573 69 
574 41 
575 19 
576 12 
577 9 
578 7 
579 6 
580 12 
581 8 
582 0 
583 0 
584 0 
585 0 
586 0 
587 0 
588 0 
589 0 
590 0 
591 0 
592 0 
593 0 
594 0 
595 0 
596 0 
597 0 
598 0 
599 0 
600 0 
601 0 
602 0 
603 0 
604 0 
605 0 
606 0 
607 0 
608 0 
609 0 
610 0 
611 0 
612 0 
613 0 
614 0 
615 0 
616 0 
617 0 
618 0 
619 0 
620 0 
621 0 
622 0 
623 0 
624 0 
625 0 
626 0 
627 0 
628 0 
629 0 
630 0 
631 0 
632 0 
633 0 
634 0 
635 0 
636 0 
637 0 
638 0 
639 0 
640 0 
641 0 
642 0 
643 0 
644 0 
645 0 
646 0 
647 0 
648 0 
649 0 
650 0 
651 0 
652 0 
653 0 
654 0 
655 0 
656 0 
657 0 
658 0 
659 0 
660 0 
661 0 
662 0 
663 0 
664 0 
665 0 
666 0 
667 0 
668 0 
669 0 
670 0 
671 0 
672 0 
673 0 
674 0 
675 0 
676 0 
677 0 
678 0 
679 0 
680 0 
681 0 
682 0 
683 0 
684 0 
685 0 
686 0 
687 0 
688 0 
689 0 
690 0 
691 0 
692 0 
693 0 
694 0 
695 0 
696 0 
697 0 
698 0 
699 0 
700 0 
701 0 
702 0 
703 0 
704 0 
705 0 
706 0 
707 0 
708 0 
709 0 
710 0 
711 0 
712 0 
713 0 
714 0 
715 0 
716 0 
717 0 
718 0 
719 0 
720 0 
721 0 
722 0 
723 0 
724 0 
725 0 
726 0 
727 0 
728 0 
729 0 
730 0 
731 0 
732 0 
733 0 
734 0 
735 0 
736 0 
737 0 
738 0 
739 0 
740 0 
741 0 
742 0 
743 0 
744 0 
745 0 
746 0 
747 0 
748 0 
749 0 
750 0 
751 0 
752 0 
753 0 
754 0 
755 0 
756 0 
757 0 
758 0 
759 0 
760 0 
761 0 
762 0 
763 0 
764 0 
765 0 
766 0 
767 0 
768 0 
769 0 
770 0 
771 0 
772 0 
773 0 
774 0 
775 0 
776 0 
777 0 
778 0 
779 0 
780 0 
781 0 
782 0 
783 0 
784 0 
785 0 
786 0 
787 0 
788 0 
789 0 
790 0 
791 0 
792 0 
793 0 
794 0 
795 0 
796 0 
797 0 
798 0 
799 0 
