0 0 
1 0 
2 0 
3 0 
4 0 
5 0 
6 0 
7 0 
8 0 
9 0 
10 0 
11 0 
12 0 
13 0 
14 0 
15 0 
16 0 
17 0 
18 0 
19 0 
20 0 
21 0 
22 0 
23 0 
24 0 
25 0 
26 0 
27 0 
28 0 
29 0 
30 0 
31 0 
32 0 
33 0 
34 0 
35 0 
36 0 
37 0 
38 0 
39 0 
40 0 
41 0 
42 0 
43 0 
44 0 
45 0 
46 0 
47 0 
48 0 
49 0 
50 0 
51 0 
52 0 
53 0 
54 0 
55 0 
56 0 
57 0 
58 0 
59 0 
60 0 
61 0 
62 0 
63 0 
64 0 
65 0 
66 0 
67 0 
68 0 
69 0 
70 0 
71 0 
72 0 
73 0 
74 0 
75 0 
76 0 
77 0 
78 0 
79 0 
80 0 
81 0 
82 0 
83 0 
84 0 
85 0 
86 0 
87 0 
88 0 
89 0 
90 0 
91 0 
92 0 
93 0 
94 0 
95 0 
96 0 
97 0 
98 0 
99 0 
100 0 
101 0 
102 0 
103 0 
104 0 
105 0 
106 0 
107 0 
108 0 
109 0 
110 0 
111 0 
112 0 
113 0 
114 0 
115 0 
116 0 
117 0 
118 0 
119 0 
120 0 
121 0 
122 0 
123 0 
124 0 
125 0 
126 0 
127 0 
128 0 
129 0 
130 0 
131 0 
132 0 
133 0 
134 0 
135 0 
136 0 
137 0 
138 0 
139 0 
140 0 
141 0 
142 0 
143 0 
144 0 
145 0 
146 0 
147 0 
148 0 
149 0 
150 0 
151 0 
152 0 
153 0 
154 0 
155 0 
156 0 
157 0 
158 0 
159 0 
160 0 
161 0 
162 0 
163 0 
164 0 
165 0 
166 9 
167 82 
168 329 
169 820 
170 1695 
171 2847 
172 5103 
173 8542 
174 14603 
175 24955 
176 42409 
177 69287 
178 110751 
179 165378 
180 236687 
181 331663 
182 451871 
183 592546 
184 759016 
185 963922 
186 1.1994e+06 
187 1.47717e+06 
188 1.7793e+06 
189 2.08071e+06 
190 2.35026e+06 
191 2.60448e+06 
192 2.84713e+06 
193 3.07094e+06 
194 3.2986e+06 
195 3.4931e+06 
196 3.67464e+06 
197 3.83915e+06 
198 3.97055e+06 
199 4.05595e+06 
200 4.12441e+06 
201 4.19161e+06 
202 4.22626e+06 
203 4.24161e+06 
204 4.22826e+06 
205 4.21607e+06 
206 4.25193e+06 
207 4.29817e+06 
208 4.36859e+06 
209 4.4831e+06 
210 4.65802e+06 
211 4.91594e+06 
212 5.23053e+06 
213 5.62207e+06 
214 6.05641e+06 
215 6.54661e+06 
216 7.09457e+06 
217 7.70764e+06 
218 8.39068e+06 
219 9.18896e+06 
220 9.9898e+06 
221 1.0846e+07 
222 1.16864e+07 
223 1.25958e+07 
224 1.35283e+07 
225 1.4463e+07 
226 1.5369e+07 
227 1.62035e+07 
228 1.68746e+07 
229 1.73447e+07 
230 1.75992e+07 
231 1.76197e+07 
232 1.75101e+07 
233 1.72664e+07 
234 1.69455e+07 
235 1.65021e+07 
236 1.59721e+07 
237 1.53138e+07 
238 1.46275e+07 
239 1.38944e+07 
240 1.31413e+07 
241 1.23957e+07 
242 1.16264e+07 
243 1.09206e+07 
244 1.02338e+07 
245 9.57284e+06 
246 8.9606e+06 
247 8.37263e+06 
248 7.91118e+06 
249 7.54598e+06 
250 7.33985e+06 
251 7.27741e+06 
252 7.35566e+06 
253 7.53728e+06 
254 7.85388e+06 
255 8.29168e+06 
256 8.76809e+06 
257 9.24738e+06 
258 9.74284e+06 
259 1.0267e+07 
260 1.07619e+07 
261 1.12889e+07 
262 1.18182e+07 
263 1.23124e+07 
264 1.27879e+07 
265 1.32604e+07 
266 1.37057e+07 
267 1.41296e+07 
268 1.45261e+07 
269 1.50054e+07 
270 1.54626e+07 
271 1.5971e+07 
272 1.65617e+07 
273 1.7217e+07 
274 1.78962e+07 
275 1.85852e+07 
276 1.92816e+07 
277 2.01059e+07 
278 2.09327e+07 
279 2.17316e+07 
280 2.26006e+07 
281 2.34613e+07 
282 2.43162e+07 
283 2.51739e+07 
284 2.59893e+07 
285 2.67485e+07 
286 2.74304e+07 
287 2.80152e+07 
288 2.85363e+07 
289 2.89393e+07 
290 2.92165e+07 
291 2.94304e+07 
292 2.96303e+07 
293 2.97281e+07 
294 2.97961e+07 
295 2.989e+07 
296 3.00328e+07 
297 3.00946e+07 
298 3.01272e+07 
299 3.00444e+07 
300 2.9926e+07 
301 2.9847e+07 
302 2.97828e+07 
303 2.97994e+07 
304 2.98763e+07 
305 3.00491e+07 
306 3.03571e+07 
307 3.07024e+07 
308 3.11756e+07 
309 3.17214e+07 
310 3.24324e+07 
311 3.33032e+07 
312 3.42929e+07 
313 3.53948e+07 
314 3.65226e+07 
315 3.77652e+07 
316 3.90379e+07 
317 4.03105e+07 
318 4.16746e+07 
319 4.31242e+07 
320 4.46539e+07 
321 4.62832e+07 
322 4.79557e+07 
323 4.9663e+07 
324 5.13145e+07 
325 5.29329e+07 
326 5.45066e+07 
327 5.60198e+07 
328 5.74246e+07 
329 5.88014e+07 
330 6.02307e+07 
331 6.17598e+07 
332 6.34354e+07 
333 6.51885e+07 
334 6.69515e+07 
335 6.88374e+07 
336 7.07535e+07 
337 7.26316e+07 
338 7.44706e+07 
339 7.62818e+07 
340 7.80279e+07 
341 7.96969e+07 
342 8.12409e+07 
343 8.28523e+07 
344 8.43842e+07 
345 8.58662e+07 
346 8.71924e+07 
347 8.85328e+07 
348 8.99126e+07 
349 9.12548e+07 
350 9.24868e+07 
351 9.36283e+07 
352 9.46206e+07 
353 9.54861e+07 
354 9.61399e+07 
355 9.66812e+07 
356 9.70151e+07 
357 9.73841e+07 
358 9.79061e+07 
359 9.84933e+07 
360 9.90235e+07 
361 9.97373e+07 
362 1.00556e+08 
363 1.0178e+08 
364 1.032e+08 
365 1.04869e+08 
366 1.06805e+08 
367 1.09006e+08 
368 1.11533e+08 
369 1.14277e+08 
370 1.17043e+08 
371 1.19878e+08 
372 1.22735e+08 
373 1.25703e+08 
374 1.28869e+08 
375 1.32157e+08 
376 1.35779e+08 
377 1.39393e+08 
378 1.42713e+08 
379 1.46058e+08 
380 1.49147e+08 
381 1.5207e+08 
382 1.54911e+08 
383 1.57251e+08 
384 1.59234e+08 
385 1.60901e+08 
386 1.62247e+08 
387 1.63175e+08 
388 1.63729e+08 
389 1.63949e+08 
390 1.64e+08 
391 1.64112e+08 
392 1.64181e+08 
393 1.64286e+08 
394 1.64399e+08 
395 1.64399e+08 
396 1.64398e+08 
397 1.64201e+08 
398 1.63987e+08 
399 1.63516e+08 
400 1.62712e+08 
401 1.6169e+08 
402 1.60538e+08 
403 1.59569e+08 
404 1.58615e+08 
405 1.57757e+08 
406 1.57063e+08 
407 1.56527e+08 
408 1.55984e+08 
409 1.55426e+08 
410 1.54853e+08 
411 1.54142e+08 
412 1.53336e+08 
413 1.52594e+08 
414 1.51974e+08 
415 1.51364e+08 
416 1.5074e+08 
417 1.5006e+08 
418 1.49642e+08 
419 1.49477e+08 
420 1.49671e+08 
421 1.49959e+08 
422 1.50457e+08 
423 1.50929e+08 
424 1.51462e+08 
425 1.52068e+08 
426 1.52539e+08 
427 1.53154e+08 
428 1.53688e+08 
429 1.54041e+08 
430 1.54131e+08 
431 1.54041e+08 
432 1.53831e+08 
433 1.53445e+08 
434 1.53001e+08 
435 1.52302e+08 
436 1.51419e+08 
437 1.50355e+08 
438 1.49206e+08 
439 1.47916e+08 
440 1.467e+08 
441 1.45414e+08 
442 1.44227e+08 
443 1.43015e+08 
444 1.41884e+08 
445 1.40787e+08 
446 1.3994e+08 
447 1.39124e+08 
448 1.38408e+08 
449 1.37872e+08 
450 1.37279e+08 
451 1.36614e+08 
452 1.36039e+08 
453 1.35615e+08 
454 1.35222e+08 
455 1.34864e+08 
456 1.34348e+08 
457 1.33652e+08 
458 1.33137e+08 
459 1.32488e+08 
460 1.31795e+08 
461 1.30985e+08 
462 1.30118e+08 
463 1.29197e+08 
464 1.28329e+08 
465 1.27367e+08 
466 1.26175e+08 
467 1.24813e+08 
468 1.23334e+08 
469 1.21793e+08 
470 1.20047e+08 
471 1.18102e+08 
472 1.15975e+08 
473 1.13451e+08 
474 1.10798e+08 
475 1.08161e+08 
476 1.05525e+08 
477 1.03079e+08 
478 1.00714e+08 
479 9.84503e+07 
480 9.62957e+07 
481 9.41187e+07 
482 9.17242e+07 
483 8.93886e+07 
484 8.69729e+07 
485 8.46169e+07 
486 8.21795e+07 
487 7.98571e+07 
488 7.73799e+07 
489 7.48747e+07 
490 7.23829e+07 
491 6.98857e+07 
492 6.75059e+07 
493 6.53411e+07 
494 6.33023e+07 
495 6.15126e+07 
496 5.98841e+07 
497 5.83391e+07 
498 5.70121e+07 
499 5.5794e+07 
500 5.47384e+07 
501 5.3935e+07 
502 5.33216e+07 
503 5.28632e+07 
504 5.26582e+07 
505 5.25486e+07 
506 5.24507e+07 
507 5.24055e+07 
508 5.24664e+07 
509 5.25182e+07 
510 5.25574e+07 
511 5.23763e+07 
512 5.21062e+07 
513 5.17669e+07 
514 5.1327e+07 
515 5.08132e+07 
516 5.02923e+07 
517 4.95544e+07 
518 4.85855e+07 
519 4.74229e+07 
520 4.61331e+07 
521 4.47362e+07 
522 4.3238e+07 
523 4.16549e+07 
524 4.00582e+07 
525 3.83793e+07 
526 3.67477e+07 
527 3.51456e+07 
528 3.35143e+07 
529 3.18984e+07 
530 3.04657e+07 
531 2.91343e+07 
532 2.77969e+07 
533 2.65265e+07 
534 2.53629e+07 
535 2.42731e+07 
536 2.31704e+07 
537 2.20555e+07 
538 2.09429e+07 
539 1.9856e+07 
540 1.8774e+07 
541 1.77653e+07 
542 1.68543e+07 
543 1.60814e+07 
544 1.53424e+07 
545 1.46562e+07 
546 1.40652e+07 
547 1.36463e+07 
548 1.3248e+07 
549 1.28613e+07 
550 1.24519e+07 
551 1.199e+07 
552 1.16145e+07 
553 1.12595e+07 
554 1.08981e+07 
555 1.05288e+07 
556 1.01324e+07 
557 9.67246e+06 
558 9.18577e+06 
559 8.71763e+06 
560 8.25014e+06 
561 7.79584e+06 
562 7.30873e+06 
563 6.82601e+06 
564 6.35943e+06 
565 5.91992e+06 
566 5.48909e+06 
567 5.04475e+06 
568 4.60828e+06 
569 4.17942e+06 
570 3.79742e+06 
571 3.4638e+06 
572 3.15341e+06 
573 2.87212e+06 
574 2.60681e+06 
575 2.36603e+06 
576 2.15825e+06 
577 1.96047e+06 
578 1.7956e+06 
579 1.6788e+06 
580 1.57984e+06 
581 1.51222e+06 
582 1.47363e+06 
583 1.46726e+06 
584 1.46101e+06 
585 1.43582e+06 
586 1.40132e+06 
587 1.35404e+06 
588 1.30337e+06 
589 1.25145e+06 
590 1.19437e+06 
591 1.12875e+06 
592 1.04538e+06 
593 948062 
594 857977 
595 766673 
596 690149 
597 616849 
598 539326 
599 466586 
600 398414 
601 332409 
602 267721 
603 211026 
604 154539 
605 103656 
606 66995 
607 38773 
608 21605 
609 11498 
610 6442 
611 4011 
612 2083 
613 1025 
614 327 
615 79 
616 12 
617 2 
618 0 
619 0 
620 0 
621 0 
622 0 
623 0 
624 0 
625 0 
626 0 
627 0 
628 0 
629 0 
630 0 
631 0 
632 0 
633 0 
634 0 
635 0 
636 0 
637 0 
638 0 
639 0 
640 0 
641 0 
642 0 
643 0 
644 0 
645 0 
646 0 
647 0 
648 0 
649 0 
650 0 
651 0 
652 0 
653 0 
654 0 
655 0 
656 0 
657 0 
658 0 
659 0 
660 0 
661 0 
662 0 
663 0 
664 0 
665 0 
666 0 
667 0 
668 0 
669 0 
670 0 
671 0 
672 0 
673 0 
674 0 
675 0 
676 0 
677 0 
678 0 
679 0 
680 0 
681 0 
682 0 
683 0 
684 0 
685 0 
686 0 
687 0 
688 0 
689 0 
690 0 
691 0 
692 0 
693 0 
694 0 
695 0 
696 0 
697 0 
698 0 
699 0 
700 0 
701 0 
702 0 
703 0 
704 0 
705 0 
706 0 
707 0 
708 0 
709 0 
710 0 
711 0 
712 0 
713 0 
714 0 
715 0 
716 0 
717 0 
718 0 
719 0 
720 0 
721 0 
722 0 
723 0 
724 0 
725 0 
726 0 
727 0 
728 0 
729 0 
730 0 
731 0 
732 0 
733 0 
734 0 
735 0 
736 0 
737 0 
738 0 
739 0 
740 0 
741 0 
742 0 
743 0 
744 0 
745 0 
746 0 
747 0 
748 0 
749 0 
750 0 
751 0 
752 0 
753 0 
754 0 
755 0 
756 0 
757 0 
758 0 
759 0 
760 0 
761 0 
762 0 
763 0 
764 0 
765 0 
766 0 
767 0 
768 0 
769 0 
770 0 
771 0 
772 0 
773 0 
774 0 
775 0 
776 0 
777 0 
778 0 
779 0 
780 0 
781 0 
782 0 
783 0 
784 0 
785 0 
786 0 
787 0 
788 0 
789 0 
790 0 
791 0 
792 0 
793 0 
794 0 
795 0 
796 0 
797 0 
798 0 
799 0 
