0 0 
1 0 
2 0 
3 0 
4 0 
5 0 
6 0 
7 0 
8 0 
9 0 
10 0 
11 0 
12 0 
13 0 
14 0 
15 0 
16 0 
17 0 
18 0 
19 0 
20 0 
21 0 
22 0 
23 0 
24 0 
25 0 
26 0 
27 0 
28 0 
29 0 
30 0 
31 0 
32 0 
33 0 
34 0 
35 0 
36 0 
37 0 
38 0 
39 0 
40 0 
41 0 
42 0 
43 0 
44 0 
45 0 
46 0 
47 0 
48 0 
49 0 
50 0 
51 0 
52 0 
53 0 
54 0 
55 0 
56 0 
57 0 
58 0 
59 0 
60 0 
61 0 
62 0 
63 0 
64 0 
65 0 
66 0 
67 0 
68 0 
69 0 
70 0 
71 0 
72 0 
73 0 
74 0 
75 0 
76 0 
77 0 
78 0 
79 0 
80 0 
81 0 
82 0 
83 0 
84 0 
85 0 
86 0 
87 0 
88 0 
89 0 
90 0 
91 0 
92 0 
93 0 
94 0 
95 0 
96 0 
97 0 
98 0 
99 0 
100 0 
101 0 
102 0 
103 0 
104 0 
105 0 
106 0 
107 0 
108 0 
109 0 
110 0 
111 0 
112 0 
113 0 
114 0 
115 0 
116 0 
117 0 
118 0 
119 0 
120 0 
121 0 
122 0 
123 0 
124 0 
125 0 
126 0 
127 0 
128 0 
129 0 
130 0 
131 0 
132 0 
133 0 
134 0 
135 0 
136 0 
137 0 
138 0 
139 0 
140 0 
141 0 
142 0 
143 0 
144 0 
145 0 
146 0 
147 0 
148 0 
149 0 
150 0 
151 0 
152 0 
153 0 
154 0 
155 0 
156 0 
157 0 
158 0 
159 0 
160 0 
161 0 
162 0 
163 0 
164 0 
165 0 
166 0 
167 0 
168 0 
169 0 
170 0 
171 0 
172 0 
173 0 
174 0 
175 0 
176 0 
177 0 
178 0 
179 0 
180 0 
181 0 
182 0 
183 0 
184 0 
185 0 
186 0 
187 0 
188 0 
189 0 
190 0 
191 0 
192 0 
193 0 
194 0 
195 0 
196 0 
197 0 
198 0 
199 0 
200 0 
201 0 
202 0 
203 0 
204 0 
205 0 
206 0 
207 0 
208 0 
209 0 
210 0 
211 0 
212 0 
213 0 
214 0 
215 0 
216 0 
217 0 
218 0 
219 0 
220 0 
221 0 
222 0 
223 0 
224 0 
225 0 
226 0 
227 0 
228 0 
229 0 
230 0 
231 0 
232 0 
233 0 
234 0 
235 0 
236 0 
237 0 
238 0 
239 0 
240 0 
241 0 
242 0 
243 0 
244 0 
245 0 
246 0 
247 0 
248 0 
249 0 
250 0 
251 0 
252 0 
253 0 
254 0 
255 0 
256 0 
257 0 
258 0 
259 0 
260 0 
261 0 
262 0 
263 0 
264 0 
265 0 
266 0 
267 0 
268 0 
269 0 
270 0 
271 0 
272 0 
273 0 
274 0 
275 0 
276 0 
277 0 
278 0 
279 0 
280 0 
281 0 
282 0 
283 0 
284 0 
285 0 
286 0 
287 0 
288 0 
289 0 
290 0 
291 0 
292 0 
293 0 
294 0 
295 0 
296 2 
297 3 
298 1 
299 5 
300 23 
301 61 
302 106 
303 188 
304 296 
305 424 
306 659 
307 942 
308 1461 
309 2290 
310 3643 
311 5106 
312 6935 
313 9997 
314 13815 
315 18074 
316 24051 
317 30790 
318 39786 
319 49623 
320 62246 
321 77566 
322 95719 
323 115326 
324 139299 
325 169763 
326 206028 
327 248661 
328 300094 
329 360557 
330 432873 
331 514096 
332 615758 
333 732585 
334 869086 
335 1.03001e+06 
336 1.2097e+06 
337 1.41616e+06 
338 1.66709e+06 
339 1.95205e+06 
340 2.2865e+06 
341 2.68041e+06 
342 3.12721e+06 
343 3.65095e+06 
344 4.24564e+06 
345 4.93145e+06 
346 5.72241e+06 
347 6.62686e+06 
348 7.66897e+06 
349 8.85656e+06 
350 1.02094e+07 
351 1.17489e+07 
352 1.34958e+07 
353 1.54502e+07 
354 1.7666e+07 
355 2.01943e+07 
356 2.30298e+07 
357 2.62293e+07 
358 2.98313e+07 
359 3.38508e+07 
360 3.83222e+07 
361 4.32404e+07 
362 4.87166e+07 
363 5.46996e+07 
364 6.12933e+07 
365 6.8492e+07 
366 7.63677e+07 
367 8.49725e+07 
368 9.43701e+07 
369 1.04591e+08 
370 1.15663e+08 
371 1.27658e+08 
372 1.40538e+08 
373 1.54364e+08 
374 1.69226e+08 
375 1.85023e+08 
376 2.018e+08 
377 2.19561e+08 
378 2.3834e+08 
379 2.58026e+08 
380 2.78619e+08 
381 3.001e+08 
382 3.22278e+08 
383 3.45172e+08 
384 3.68542e+08 
385 3.92322e+08 
386 4.16386e+08 
387 4.40597e+08 
388 4.64732e+08 
389 4.88631e+08 
390 5.12019e+08 
391 5.34595e+08 
392 5.56165e+08 
393 5.7642e+08 
394 5.95001e+08 
395 6.1178e+08 
396 6.26132e+08 
397 6.38131e+08 
398 6.47123e+08 
399 6.53126e+08 
400 6.5571e+08 
401 6.52834e+08 
402 6.46568e+08 
403 6.37178e+08 
404 6.25044e+08 
405 6.10457e+08 
406 5.9354e+08 
407 5.74614e+08 
408 5.54028e+08 
409 5.32189e+08 
410 5.09416e+08 
411 4.85751e+08 
412 4.61671e+08 
413 4.37227e+08 
414 4.12754e+08 
415 3.88459e+08 
416 3.64514e+08 
417 3.41053e+08 
418 3.18112e+08 
419 2.95972e+08 
420 2.74532e+08 
421 2.53987e+08 
422 2.34437e+08 
423 2.15876e+08 
424 1.98372e+08 
425 1.81799e+08 
426 1.66195e+08 
427 1.51572e+08 
428 1.37935e+08 
429 1.25219e+08 
430 1.1347e+08 
431 1.02639e+08 
432 9.26576e+07 
433 8.35007e+07 
434 7.5079e+07 
435 6.73786e+07 
436 6.03456e+07 
437 5.39288e+07 
438 4.80958e+07 
439 4.2833e+07 
440 3.81043e+07 
441 3.38217e+07 
442 2.9956e+07 
443 2.64765e+07 
444 2.33346e+07 
445 2.05342e+07 
446 1.79934e+07 
447 1.57494e+07 
448 1.37352e+07 
449 1.19696e+07 
450 1.04163e+07 
451 9.05153e+06 
452 7.8623e+06 
453 6.82476e+06 
454 5.90136e+06 
455 5.10176e+06 
456 4.39778e+06 
457 3.77921e+06 
458 3.24234e+06 
459 2.77054e+06 
460 2.35828e+06 
461 2.00627e+06 
462 1.70203e+06 
463 1.43809e+06 
464 1.21406e+06 
465 1.02737e+06 
466 866818 
467 730157 
468 618295 
469 518588 
470 433178 
471 360719 
472 296718 
473 245447 
474 204228 
475 170205 
476 141211 
477 116476 
478 96155 
479 78597 
480 65512 
481 54450 
482 44946 
483 37116 
484 30343 
485 24320 
486 19470 
487 15615 
488 12522 
489 9996 
490 7968 
491 5993 
492 4848 
493 3612 
494 2620 
495 1953 
496 1423 
497 1222 
498 980 
499 832 
500 677 
501 629 
502 482 
503 344 
504 309 
505 263 
506 177 
507 66 
508 50 
509 34 
510 9 
511 17 
512 1 
513 1 
514 0 
515 0 
516 0 
517 0 
518 0 
519 0 
520 0 
521 0 
522 0 
523 0 
524 0 
525 0 
526 0 
527 0 
528 0 
529 0 
530 0 
531 0 
532 0 
533 0 
534 0 
535 0 
536 0 
537 0 
538 0 
539 0 
540 0 
541 0 
542 0 
543 0 
544 0 
545 0 
546 0 
547 0 
548 0 
549 0 
550 0 
551 0 
552 0 
553 0 
554 0 
555 0 
556 0 
557 0 
558 0 
559 0 
560 0 
561 0 
562 0 
563 0 
564 0 
565 0 
566 0 
567 0 
568 0 
569 0 
570 0 
571 0 
572 0 
573 0 
574 0 
575 0 
576 0 
577 0 
578 0 
579 0 
580 0 
581 0 
582 0 
583 0 
584 0 
585 0 
586 0 
587 0 
588 0 
589 0 
590 0 
591 0 
592 0 
593 0 
594 0 
595 0 
596 0 
597 0 
598 0 
599 0 
600 0 
601 0 
602 0 
603 0 
604 0 
605 0 
606 0 
607 0 
608 0 
609 0 
610 0 
611 0 
612 0 
613 0 
614 0 
615 0 
616 0 
617 0 
618 0 
619 0 
620 0 
621 0 
622 0 
623 0 
624 0 
625 0 
626 0 
627 0 
628 0 
629 0 
630 0 
631 0 
632 0 
633 0 
634 0 
635 0 
636 0 
637 0 
638 0 
639 0 
640 0 
641 0 
642 0 
643 0 
644 0 
645 0 
646 0 
647 0 
648 0 
649 0 
650 0 
651 0 
652 0 
653 0 
654 0 
655 0 
656 0 
657 0 
658 0 
659 0 
660 0 
661 0 
662 0 
663 0 
664 0 
665 0 
666 0 
667 0 
668 0 
669 0 
670 0 
671 0 
672 0 
673 0 
674 0 
675 0 
676 0 
677 0 
678 0 
679 0 
680 0 
681 0 
682 0 
683 0 
684 0 
685 0 
686 0 
687 0 
688 0 
689 0 
690 0 
691 0 
692 0 
693 0 
694 0 
695 0 
696 0 
697 0 
698 0 
699 0 
700 0 
701 0 
702 0 
703 0 
704 0 
705 0 
706 0 
707 0 
708 0 
709 0 
710 0 
711 0 
712 0 
713 0 
714 0 
715 0 
716 0 
717 0 
718 0 
719 0 
720 0 
721 0 
722 0 
723 0 
724 0 
725 0 
726 0 
727 0 
728 0 
729 0 
730 0 
731 0 
732 0 
733 0 
734 0 
735 0 
736 0 
737 0 
738 0 
739 0 
740 0 
741 0 
742 0 
743 0 
744 0 
745 0 
746 0 
747 0 
748 0 
749 0 
750 0 
751 0 
752 0 
753 0 
754 0 
755 0 
756 0 
757 0 
758 0 
759 0 
760 0 
761 0 
762 0 
763 0 
764 0 
765 0 
766 0 
767 0 
768 0 
769 0 
770 0 
771 0 
772 0 
773 0 
774 0 
775 0 
776 0 
777 0 
778 0 
779 0 
780 0 
781 0 
782 0 
783 0 
784 0 
785 0 
786 0 
787 0 
788 0 
789 0 
790 0 
791 0 
792 0 
793 0 
794 0 
795 0 
796 0 
797 0 
798 0 
799 0 
