0 0 
1 0 
2 0 
3 0 
4 0 
5 0 
6 0 
7 0 
8 0 
9 0 
10 0 
11 0 
12 0 
13 0 
14 0 
15 0 
16 0 
17 0 
18 0 
19 0 
20 0 
21 0 
22 0 
23 0 
24 0 
25 0 
26 0 
27 0 
28 0 
29 0 
30 0 
31 0 
32 0 
33 0 
34 0 
35 0 
36 0 
37 0 
38 0 
39 0 
40 0 
41 0 
42 0 
43 0 
44 0 
45 0 
46 0 
47 0 
48 0 
49 0 
50 0 
51 0 
52 0 
53 0 
54 0 
55 0 
56 0 
57 0 
58 0 
59 0 
60 0 
61 0 
62 0 
63 0 
64 0 
65 0 
66 0 
67 0 
68 0 
69 0 
70 0 
71 0 
72 0 
73 0 
74 0 
75 0 
76 0 
77 0 
78 0 
79 0 
80 0 
81 0 
82 0 
83 0 
84 0 
85 0 
86 0 
87 0 
88 0 
89 0 
90 0 
91 0 
92 0 
93 0 
94 0 
95 0 
96 0 
97 0 
98 0 
99 0 
100 0 
101 0 
102 0 
103 0 
104 0 
105 0 
106 0 
107 0 
108 0 
109 0 
110 0 
111 0 
112 0 
113 2 
114 3 
115 9 
116 14 
117 63 
118 96 
119 104 
120 130 
121 171 
122 253 
123 462 
124 509 
125 729 
126 885 
127 1027 
128 1209 
129 1494 
130 1727 
131 2139 
132 2589 
133 3241 
134 3773 
135 4432 
136 5598 
137 6662 
138 8006 
139 9044 
140 10512 
141 11454 
142 12711 
143 13945 
144 15270 
145 16559 
146 17627 
147 19111 
148 20522 
149 21712 
150 23319 
151 25153 
152 28447 
153 30789 
154 34540 
155 36711 
156 39610 
157 41558 
158 45174 
159 48434 
160 52654 
161 56659 
162 60138 
163 64479 
164 67953 
165 72290 
166 76019 
167 79603 
168 84564 
169 90036 
170 95405 
171 102244 
172 109390 
173 116964 
174 125548 
175 133416 
176 140422 
177 147438 
178 155812 
179 163801 
180 174610 
181 182982 
182 192305 
183 204560 
184 218085 
185 231805 
186 247118 
187 264384 
188 283418 
189 305264 
190 325720 
191 348186 
192 370373 
193 395389 
194 419726 
195 451858 
196 480457 
197 512664 
198 549816 
199 590942 
200 631981 
201 675045 
202 718859 
203 762427 
204 806745 
205 851201 
206 898689 
207 951389 
208 1.00976e+06 
209 1.06814e+06 
210 1.12919e+06 
211 1.19815e+06 
212 1.26945e+06 
213 1.34459e+06 
214 1.42613e+06 
215 1.51054e+06 
216 1.60486e+06 
217 1.70345e+06 
218 1.81285e+06 
219 1.92784e+06 
220 2.05023e+06 
221 2.17986e+06 
222 2.31313e+06 
223 2.45409e+06 
224 2.60574e+06 
225 2.76528e+06 
226 2.93474e+06 
227 3.10541e+06 
228 3.29361e+06 
229 3.48004e+06 
230 3.67234e+06 
231 3.87286e+06 
232 4.07822e+06 
233 4.30782e+06 
234 4.53754e+06 
235 4.77709e+06 
236 5.024e+06 
237 5.28466e+06 
238 5.55963e+06 
239 5.84876e+06 
240 6.14059e+06 
241 6.44764e+06 
242 6.75919e+06 
243 7.07402e+06 
244 7.41144e+06 
245 7.7663e+06 
246 8.13853e+06 
247 8.51896e+06 
248 8.92034e+06 
249 9.33185e+06 
250 9.75825e+06 
251 1.0173e+07 
252 1.0601e+07 
253 1.10304e+07 
254 1.15012e+07 
255 1.19831e+07 
256 1.24747e+07 
257 1.29713e+07 
258 1.34813e+07 
259 1.39807e+07 
260 1.45e+07 
261 1.5015e+07 
262 1.55483e+07 
263 1.60804e+07 
264 1.66116e+07 
265 1.71602e+07 
266 1.77115e+07 
267 1.8267e+07 
268 1.88149e+07 
269 1.93548e+07 
270 1.99207e+07 
271 2.05024e+07 
272 2.10848e+07 
273 2.16578e+07 
274 2.2247e+07 
275 2.28616e+07 
276 2.34844e+07 
277 2.4115e+07 
278 2.47434e+07 
279 2.54076e+07 
280 2.60492e+07 
281 2.67109e+07 
282 2.7377e+07 
283 2.8046e+07 
284 2.87115e+07 
285 2.94042e+07 
286 3.00772e+07 
287 3.07733e+07 
288 3.14882e+07 
289 3.22149e+07 
290 3.29485e+07 
291 3.3677e+07 
292 3.44414e+07 
293 3.52194e+07 
294 3.60431e+07 
295 3.68848e+07 
296 3.77467e+07 
297 3.8611e+07 
298 3.95205e+07 
299 4.04717e+07 
300 4.14328e+07 
301 4.24409e+07 
302 4.34777e+07 
303 4.4525e+07 
304 4.55844e+07 
305 4.66869e+07 
306 4.77791e+07 
307 4.89291e+07 
308 5.01034e+07 
309 5.12842e+07 
310 5.25097e+07 
311 5.37594e+07 
312 5.50415e+07 
313 5.63448e+07 
314 5.76681e+07 
315 5.90763e+07 
316 6.05179e+07 
317 6.20123e+07 
318 6.35446e+07 
319 6.50903e+07 
320 6.66508e+07 
321 6.82092e+07 
322 6.97963e+07 
323 7.13793e+07 
324 7.30078e+07 
325 7.4647e+07 
326 7.62769e+07 
327 7.79847e+07 
328 7.97116e+07 
329 8.14374e+07 
330 8.31724e+07 
331 8.49854e+07 
332 8.67867e+07 
333 8.86144e+07 
334 9.04821e+07 
335 9.22879e+07 
336 9.41307e+07 
337 9.60376e+07 
338 9.79306e+07 
339 9.9853e+07 
340 1.01794e+08 
341 1.03758e+08 
342 1.05697e+08 
343 1.07735e+08 
344 1.0978e+08 
345 1.11781e+08 
346 1.13786e+08 
347 1.1579e+08 
348 1.17792e+08 
349 1.19803e+08 
350 1.21765e+08 
351 1.23762e+08 
352 1.25754e+08 
353 1.27798e+08 
354 1.29788e+08 
355 1.31765e+08 
356 1.33764e+08 
357 1.3578e+08 
358 1.37674e+08 
359 1.3955e+08 
360 1.41417e+08 
361 1.43328e+08 
362 1.45254e+08 
363 1.4716e+08 
364 1.49033e+08 
365 1.50862e+08 
366 1.52721e+08 
367 1.54603e+08 
368 1.56386e+08 
369 1.58173e+08 
370 1.5996e+08 
371 1.61681e+08 
372 1.63349e+08 
373 1.65002e+08 
374 1.66635e+08 
375 1.68216e+08 
376 1.69678e+08 
377 1.71072e+08 
378 1.72496e+08 
379 1.73851e+08 
380 1.75169e+08 
381 1.76395e+08 
382 1.77678e+08 
383 1.78809e+08 
384 1.79891e+08 
385 1.808e+08 
386 1.81668e+08 
387 1.82442e+08 
388 1.83113e+08 
389 1.83688e+08 
390 1.84252e+08 
391 1.84755e+08 
392 1.85127e+08 
393 1.85464e+08 
394 1.85717e+08 
395 1.85845e+08 
396 1.85885e+08 
397 1.85855e+08 
398 1.85738e+08 
399 1.85504e+08 
400 1.8519e+08 
401 1.84768e+08 
402 1.84216e+08 
403 1.836e+08 
404 1.82867e+08 
405 1.82044e+08 
406 1.81161e+08 
407 1.80231e+08 
408 1.79132e+08 
409 1.77954e+08 
410 1.76777e+08 
411 1.75477e+08 
412 1.74104e+08 
413 1.72693e+08 
414 1.71294e+08 
415 1.69807e+08 
416 1.68256e+08 
417 1.66707e+08 
418 1.6506e+08 
419 1.63293e+08 
420 1.61529e+08 
421 1.5974e+08 
422 1.57857e+08 
423 1.55994e+08 
424 1.54113e+08 
425 1.52176e+08 
426 1.50312e+08 
427 1.48345e+08 
428 1.46412e+08 
429 1.44443e+08 
430 1.42448e+08 
431 1.40467e+08 
432 1.38466e+08 
433 1.36492e+08 
434 1.34465e+08 
435 1.325e+08 
436 1.30519e+08 
437 1.28508e+08 
438 1.26523e+08 
439 1.24512e+08 
440 1.22478e+08 
441 1.20528e+08 
442 1.18533e+08 
443 1.1649e+08 
444 1.14515e+08 
445 1.1251e+08 
446 1.10486e+08 
447 1.08392e+08 
448 1.06379e+08 
449 1.04373e+08 
450 1.02365e+08 
451 1.00439e+08 
452 9.85307e+07 
453 9.65582e+07 
454 9.46665e+07 
455 9.2791e+07 
456 9.0953e+07 
457 8.91568e+07 
458 8.7367e+07 
459 8.55888e+07 
460 8.38169e+07 
461 8.21114e+07 
462 8.04428e+07 
463 7.87808e+07 
464 7.71253e+07 
465 7.5508e+07 
466 7.39364e+07 
467 7.23686e+07 
468 7.08347e+07 
469 6.93454e+07 
470 6.78421e+07 
471 6.64241e+07 
472 6.49714e+07 
473 6.35397e+07 
474 6.21348e+07 
475 6.07821e+07 
476 5.94619e+07 
477 5.81307e+07 
478 5.6795e+07 
479 5.55208e+07 
480 5.43103e+07 
481 5.30853e+07 
482 5.18831e+07 
483 5.07241e+07 
484 4.95883e+07 
485 4.8424e+07 
486 4.73394e+07 
487 4.6272e+07 
488 4.52137e+07 
489 4.41709e+07 
490 4.31883e+07 
491 4.22454e+07 
492 4.12997e+07 
493 4.03963e+07 
494 3.9535e+07 
495 3.86875e+07 
496 3.78577e+07 
497 3.70467e+07 
498 3.62527e+07 
499 3.54677e+07 
500 3.47124e+07 
501 3.39593e+07 
502 3.32325e+07 
503 3.25329e+07 
504 3.18497e+07 
505 3.11621e+07 
506 3.04617e+07 
507 2.98454e+07 
508 2.92123e+07 
509 2.86035e+07 
510 2.80053e+07 
511 2.74175e+07 
512 2.68249e+07 
513 2.62777e+07 
514 2.57211e+07 
515 2.51567e+07 
516 2.46348e+07 
517 2.41004e+07 
518 2.35728e+07 
519 2.30683e+07 
520 2.25824e+07 
521 2.21023e+07 
522 2.16412e+07 
523 2.1177e+07 
524 2.07083e+07 
525 2.02595e+07 
526 1.9797e+07 
527 1.93763e+07 
528 1.89634e+07 
529 1.85477e+07 
530 1.81615e+07 
531 1.7783e+07 
532 1.74271e+07 
533 1.70505e+07 
534 1.6697e+07 
535 1.63381e+07 
536 1.59994e+07 
537 1.56673e+07 
538 1.53647e+07 
539 1.50475e+07 
540 1.47393e+07 
541 1.44309e+07 
542 1.41315e+07 
543 1.38339e+07 
544 1.35409e+07 
545 1.32498e+07 
546 1.29493e+07 
547 1.26675e+07 
548 1.23723e+07 
549 1.21209e+07 
550 1.18557e+07 
551 1.16063e+07 
552 1.13522e+07 
553 1.11026e+07 
554 1.08683e+07 
555 1.06451e+07 
556 1.04346e+07 
557 1.0228e+07 
558 1.00308e+07 
559 9.8564e+06 
560 9.68275e+06 
561 9.53596e+06 
562 9.37868e+06 
563 9.22796e+06 
564 9.08024e+06 
565 8.94545e+06 
566 8.80969e+06 
567 8.68026e+06 
568 8.54742e+06 
569 8.43286e+06 
570 8.31735e+06 
571 8.19724e+06 
572 8.08345e+06 
573 7.97439e+06 
574 7.87278e+06 
575 7.76352e+06 
576 7.64975e+06 
577 7.52781e+06 
578 7.41243e+06 
579 7.29983e+06 
580 7.20064e+06 
581 7.06293e+06 
582 6.94684e+06 
583 6.83012e+06 
584 6.71646e+06 
585 6.60564e+06 
586 6.48022e+06 
587 6.36556e+06 
588 6.25515e+06 
589 6.13696e+06 
590 6.0162e+06 
591 5.90187e+06 
592 5.78181e+06 
593 5.663e+06 
594 5.53013e+06 
595 5.40833e+06 
596 5.28365e+06 
597 5.16107e+06 
598 5.03174e+06 
599 4.89517e+06 
600 4.7588e+06 
601 4.62204e+06 
602 4.46408e+06 
603 4.31044e+06 
604 4.14838e+06 
605 3.99348e+06 
606 3.84603e+06 
607 3.70757e+06 
608 3.56166e+06 
609 3.4286e+06 
610 3.29308e+06 
611 3.16673e+06 
612 3.03725e+06 
613 2.91646e+06 
614 2.80534e+06 
615 2.69227e+06 
616 2.58672e+06 
617 2.47861e+06 
618 2.37964e+06 
619 2.28161e+06 
620 2.18261e+06 
621 2.09459e+06 
622 2.01374e+06 
623 1.93154e+06 
624 1.85335e+06 
625 1.776e+06 
626 1.70587e+06 
627 1.63229e+06 
628 1.56127e+06 
629 1.48789e+06 
630 1.41386e+06 
631 1.34768e+06 
632 1.27562e+06 
633 1.21035e+06 
634 1.14961e+06 
635 1.08768e+06 
636 1.02672e+06 
637 963032 
638 898840 
639 837862 
640 779630 
641 721896 
642 670740 
643 618709 
644 568946 
645 518992 
646 473417 
647 431903 
648 396699 
649 360705 
650 330357 
651 305638 
652 279896 
653 254586 
654 233188 
655 213422 
656 194972 
657 178817 
658 163975 
659 148677 
660 135584 
661 122919 
662 112013 
663 102282 
664 93113 
665 83922 
666 75712 
667 69114 
668 62217 
669 56613 
670 51073 
671 46577 
672 42298 
673 37466 
674 34400 
675 30675 
676 27328 
677 24169 
678 20830 
679 18097 
680 16245 
681 15201 
682 13285 
683 11662 
684 9749 
685 8216 
686 6870 
687 5732 
688 4526 
689 3563 
690 2893 
691 2213 
692 1623 
693 1356 
694 1174 
695 1059 
696 951 
697 922 
698 719 
699 472 
700 345 
701 255 
702 163 
703 88 
704 61 
705 22 
706 13 
707 0 
708 0 
709 0 
710 0 
711 0 
712 0 
713 0 
714 0 
715 0 
716 0 
717 0 
718 0 
719 0 
720 0 
721 0 
722 0 
723 0 
724 0 
725 0 
726 0 
727 0 
728 0 
729 0 
730 0 
731 0 
732 0 
733 0 
734 0 
735 0 
736 0 
737 0 
738 0 
739 0 
740 0 
741 0 
742 0 
743 0 
744 0 
745 0 
746 0 
747 0 
748 0 
749 0 
750 0 
751 0 
752 0 
753 0 
754 0 
755 0 
756 0 
757 0 
758 0 
759 0 
760 0 
761 0 
762 0 
763 0 
764 0 
765 0 
766 0 
767 0 
768 0 
769 0 
770 0 
771 0 
772 0 
773 0 
774 0 
775 0 
776 0 
777 0 
778 0 
779 0 
780 0 
781 0 
782 0 
783 0 
784 0 
785 0 
786 0 
787 0 
788 0 
789 0 
790 0 
791 0 
792 0 
793 0 
794 0 
795 0 
796 0 
797 0 
798 0 
799 0 
