0 0 
1 0 
2 0 
3 0 
4 0 
5 0 
6 0 
7 0 
8 0 
9 0 
10 0 
11 0 
12 0 
13 0 
14 0 
15 0 
16 0 
17 0 
18 0 
19 0 
20 0 
21 0 
22 0 
23 0 
24 0 
25 0 
26 0 
27 0 
28 0 
29 0 
30 0 
31 0 
32 0 
33 0 
34 0 
35 0 
36 0 
37 0 
38 0 
39 0 
40 0 
41 0 
42 0 
43 0 
44 0 
45 0 
46 0 
47 0 
48 0 
49 0 
50 0 
51 0 
52 0 
53 0 
54 0 
55 0 
56 0 
57 0 
58 0 
59 0 
60 0 
61 0 
62 0 
63 0 
64 0 
65 0 
66 0 
67 0 
68 0 
69 0 
70 0 
71 0 
72 0 
73 0 
74 0 
75 0 
76 0 
77 0 
78 0 
79 0 
80 0 
81 0 
82 0 
83 0 
84 0 
85 0 
86 0 
87 0 
88 0 
89 0 
90 0 
91 0 
92 0 
93 0 
94 0 
95 0 
96 0 
97 0 
98 0 
99 0 
100 0 
101 0 
102 0 
103 0 
104 0 
105 0 
106 0 
107 0 
108 0 
109 3 
110 25 
111 61 
112 151 
113 281 
114 572 
115 1270 
116 2150 
117 3702 
118 5704 
119 9212 
120 14066 
121 20666 
122 27761 
123 36398 
124 47834 
125 59898 
126 71667 
127 82141 
128 94674 
129 109893 
130 128139 
131 145795 
132 165177 
133 185834 
134 209495 
135 235069 
136 263584 
137 299442 
138 342583 
139 387776 
140 431760 
141 485507 
142 549227 
143 622710 
144 712084 
145 805437 
146 909041 
147 1.02893e+06 
148 1.16003e+06 
149 1.30256e+06 
150 1.45808e+06 
151 1.62964e+06 
152 1.80774e+06 
153 1.99679e+06 
154 2.19745e+06 
155 2.41576e+06 
156 2.65063e+06 
157 2.89874e+06 
158 3.16818e+06 
159 3.46589e+06 
160 3.77777e+06 
161 4.11156e+06 
162 4.4725e+06 
163 4.83555e+06 
164 5.2022e+06 
165 5.57444e+06 
166 5.95594e+06 
167 6.33286e+06 
168 6.7226e+06 
169 7.09308e+06 
170 7.47617e+06 
171 7.86637e+06 
172 8.26452e+06 
173 8.66911e+06 
174 9.05927e+06 
175 9.47465e+06 
176 9.90099e+06 
177 1.03564e+07 
178 1.0831e+07 
179 1.1325e+07 
180 1.1824e+07 
181 1.23409e+07 
182 1.28835e+07 
183 1.34177e+07 
184 1.39577e+07 
185 1.4477e+07 
186 1.50081e+07 
187 1.55334e+07 
188 1.60478e+07 
189 1.653e+07 
190 1.69855e+07 
191 1.74099e+07 
192 1.78088e+07 
193 1.81724e+07 
194 1.84767e+07 
195 1.86968e+07 
196 1.88559e+07 
197 1.89636e+07 
198 1.9011e+07 
199 1.90267e+07 
200 1.89746e+07 
201 1.89137e+07 
202 1.88085e+07 
203 1.86441e+07 
204 1.84311e+07 
205 1.81816e+07 
206 1.78827e+07 
207 1.75457e+07 
208 1.71829e+07 
209 1.67733e+07 
210 1.63377e+07 
211 1.59079e+07 
212 1.54935e+07 
213 1.50575e+07 
214 1.46737e+07 
215 1.43145e+07 
216 1.39614e+07 
217 1.36508e+07 
218 1.33528e+07 
219 1.30838e+07 
220 1.28187e+07 
221 1.26196e+07 
222 1.24543e+07 
223 1.23483e+07 
224 1.22771e+07 
225 1.22323e+07 
226 1.21877e+07 
227 1.21591e+07 
228 1.21522e+07 
229 1.21923e+07 
230 1.22574e+07 
231 1.23652e+07 
232 1.25068e+07 
233 1.26525e+07 
234 1.2834e+07 
235 1.30036e+07 
236 1.32062e+07 
237 1.34122e+07 
238 1.36361e+07 
239 1.38568e+07 
240 1.40836e+07 
241 1.43228e+07 
242 1.45427e+07 
243 1.4771e+07 
244 1.49816e+07 
245 1.51641e+07 
246 1.52942e+07 
247 1.54583e+07 
248 1.55972e+07 
249 1.5704e+07 
250 1.57797e+07 
251 1.58482e+07 
252 1.59244e+07 
253 1.59784e+07 
254 1.60216e+07 
255 1.60513e+07 
256 1.60602e+07 
257 1.60743e+07 
258 1.61057e+07 
259 1.60885e+07 
260 1.60775e+07 
261 1.6056e+07 
262 1.60567e+07 
263 1.60882e+07 
264 1.61376e+07 
265 1.6214e+07 
266 1.63035e+07 
267 1.64148e+07 
268 1.65529e+07 
269 1.67247e+07 
270 1.68978e+07 
271 1.70757e+07 
272 1.72629e+07 
273 1.74568e+07 
274 1.76747e+07 
275 1.79121e+07 
276 1.81078e+07 
277 1.83096e+07 
278 1.85627e+07 
279 1.88398e+07 
280 1.91454e+07 
281 1.94429e+07 
282 1.97439e+07 
283 2.01035e+07 
284 2.04622e+07 
285 2.08402e+07 
286 2.12119e+07 
287 2.15919e+07 
288 2.19865e+07 
289 2.23691e+07 
290 2.27303e+07 
291 2.30625e+07 
292 2.33629e+07 
293 2.36454e+07 
294 2.39484e+07 
295 2.42262e+07 
296 2.45414e+07 
297 2.48912e+07 
298 2.52809e+07 
299 2.57071e+07 
300 2.61254e+07 
301 2.65729e+07 
302 2.70448e+07 
303 2.75913e+07 
304 2.81626e+07 
305 2.87393e+07 
306 2.93668e+07 
307 3.00154e+07 
308 3.06597e+07 
309 3.13346e+07 
310 3.20188e+07 
311 3.2669e+07 
312 3.33256e+07 
313 3.40228e+07 
314 3.47249e+07 
315 3.54485e+07 
316 3.62117e+07 
317 3.69773e+07 
318 3.77321e+07 
319 3.84919e+07 
320 3.92436e+07 
321 4.00436e+07 
322 4.08658e+07 
323 4.17023e+07 
324 4.25916e+07 
325 4.35279e+07 
326 4.44999e+07 
327 4.54493e+07 
328 4.63933e+07 
329 4.73886e+07 
330 4.84348e+07 
331 4.95075e+07 
332 5.05887e+07 
333 5.16764e+07 
334 5.27947e+07 
335 5.39617e+07 
336 5.50706e+07 
337 5.62011e+07 
338 5.73051e+07 
339 5.84184e+07 
340 5.95295e+07 
341 6.06685e+07 
342 6.18794e+07 
343 6.31331e+07 
344 6.44554e+07 
345 6.58457e+07 
346 6.72885e+07 
347 6.87705e+07 
348 7.03383e+07 
349 7.19833e+07 
350 7.37576e+07 
351 7.56343e+07 
352 7.75082e+07 
353 7.95167e+07 
354 8.15794e+07 
355 8.37396e+07 
356 8.59256e+07 
357 8.8197e+07 
358 9.04236e+07 
359 9.27689e+07 
360 9.51092e+07 
361 9.75045e+07 
362 9.99479e+07 
363 1.02459e+08 
364 1.05008e+08 
365 1.07716e+08 
366 1.10409e+08 
367 1.1314e+08 
368 1.15925e+08 
369 1.18818e+08 
370 1.21842e+08 
371 1.24864e+08 
372 1.27889e+08 
373 1.30973e+08 
374 1.34099e+08 
375 1.37247e+08 
376 1.40369e+08 
377 1.4361e+08 
378 1.4686e+08 
379 1.50006e+08 
380 1.53099e+08 
381 1.5608e+08 
382 1.59025e+08 
383 1.6196e+08 
384 1.64788e+08 
385 1.67524e+08 
386 1.70183e+08 
387 1.72825e+08 
388 1.75387e+08 
389 1.77786e+08 
390 1.80061e+08 
391 1.82242e+08 
392 1.84285e+08 
393 1.86206e+08 
394 1.88004e+08 
395 1.89645e+08 
396 1.91065e+08 
397 1.92458e+08 
398 1.9376e+08 
399 1.94864e+08 
400 1.95827e+08 
401 1.96485e+08 
402 1.96883e+08 
403 1.97162e+08 
404 1.97142e+08 
405 1.96841e+08 
406 1.96332e+08 
407 1.95556e+08 
408 1.94605e+08 
409 1.93514e+08 
410 1.92232e+08 
411 1.90729e+08 
412 1.89132e+08 
413 1.87458e+08 
414 1.85661e+08 
415 1.83871e+08 
416 1.82046e+08 
417 1.80143e+08 
418 1.7811e+08 
419 1.76048e+08 
420 1.73985e+08 
421 1.71823e+08 
422 1.69632e+08 
423 1.67319e+08 
424 1.65025e+08 
425 1.62665e+08 
426 1.60403e+08 
427 1.58233e+08 
428 1.56155e+08 
429 1.54055e+08 
430 1.52041e+08 
431 1.50156e+08 
432 1.48308e+08 
433 1.46547e+08 
434 1.44834e+08 
435 1.43123e+08 
436 1.41446e+08 
437 1.39695e+08 
438 1.37988e+08 
439 1.36319e+08 
440 1.34687e+08 
441 1.33009e+08 
442 1.31356e+08 
443 1.29766e+08 
444 1.28107e+08 
445 1.26488e+08 
446 1.24774e+08 
447 1.23109e+08 
448 1.21349e+08 
449 1.1961e+08 
450 1.17876e+08 
451 1.16167e+08 
452 1.14381e+08 
453 1.12579e+08 
454 1.10691e+08 
455 1.08768e+08 
456 1.06906e+08 
457 1.05162e+08 
458 1.03334e+08 
459 1.01506e+08 
460 9.96787e+07 
461 9.78922e+07 
462 9.60869e+07 
463 9.42754e+07 
464 9.24608e+07 
465 9.06851e+07 
466 8.89304e+07 
467 8.72604e+07 
468 8.56199e+07 
469 8.40126e+07 
470 8.24641e+07 
471 8.09094e+07 
472 7.93762e+07 
473 7.79046e+07 
474 7.64076e+07 
475 7.49111e+07 
476 7.34917e+07 
477 7.21078e+07 
478 7.07887e+07 
479 6.94847e+07 
480 6.81697e+07 
481 6.69142e+07 
482 6.5717e+07 
483 6.45818e+07 
484 6.34721e+07 
485 6.24197e+07 
486 6.13927e+07 
487 6.0416e+07 
488 5.94838e+07 
489 5.85908e+07 
490 5.77263e+07 
491 5.69185e+07 
492 5.61938e+07 
493 5.55581e+07 
494 5.49564e+07 
495 5.44347e+07 
496 5.39931e+07 
497 5.36378e+07 
498 5.3315e+07 
499 5.29969e+07 
500 5.27295e+07 
501 5.24152e+07 
502 5.21547e+07 
503 5.18476e+07 
504 5.15091e+07 
505 5.11162e+07 
506 5.07036e+07 
507 5.02738e+07 
508 4.98381e+07 
509 4.94249e+07 
510 4.89995e+07 
511 4.85385e+07 
512 4.80799e+07 
513 4.75851e+07 
514 4.71096e+07 
515 4.66093e+07 
516 4.60823e+07 
517 4.55023e+07 
518 4.48607e+07 
519 4.42717e+07 
520 4.36155e+07 
521 4.29393e+07 
522 4.22449e+07 
523 4.15274e+07 
524 4.08215e+07 
525 4.00885e+07 
526 3.93803e+07 
527 3.86245e+07 
528 3.78222e+07 
529 3.70209e+07 
530 3.62143e+07 
531 3.53846e+07 
532 3.45334e+07 
533 3.37304e+07 
534 3.29105e+07 
535 3.2095e+07 
536 3.12392e+07 
537 3.0391e+07 
538 2.9518e+07 
539 2.86256e+07 
540 2.77421e+07 
541 2.68252e+07 
542 2.59399e+07 
543 2.50547e+07 
544 2.41571e+07 
545 2.33143e+07 
546 2.24538e+07 
547 2.16022e+07 
548 2.07559e+07 
549 1.99737e+07 
550 1.92054e+07 
551 1.84516e+07 
552 1.77125e+07 
553 1.70088e+07 
554 1.62938e+07 
555 1.55634e+07 
556 1.48163e+07 
557 1.40648e+07 
558 1.33425e+07 
559 1.26108e+07 
560 1.18953e+07 
561 1.12082e+07 
562 1.05364e+07 
563 9.89705e+06 
564 9.29066e+06 
565 8.68436e+06 
566 8.10617e+06 
567 7.55451e+06 
568 7.03568e+06 
569 6.53157e+06 
570 6.04342e+06 
571 5.56458e+06 
572 5.0959e+06 
573 4.65088e+06 
574 4.22767e+06 
575 3.8298e+06 
576 3.43896e+06 
577 3.06758e+06 
578 2.71696e+06 
579 2.39682e+06 
580 2.09318e+06 
581 1.82462e+06 
582 1.58262e+06 
583 1.36714e+06 
584 1.18086e+06 
585 1.01373e+06 
586 868413 
587 749974 
588 643154 
589 548841 
590 468590 
591 396998 
592 334238 
593 280671 
594 234985 
595 196573 
596 165099 
597 138441 
598 116045 
599 96273 
600 80937 
601 67335 
602 56550 
603 45132 
604 34967 
605 26828 
606 19781 
607 15002 
608 11494 
609 8974 
610 6844 
611 5291 
612 3624 
613 2295 
614 1472 
615 898 
616 542 
617 330 
618 132 
619 54 
620 9 
621 7 
622 0 
623 0 
624 0 
625 0 
626 0 
627 0 
628 0 
629 0 
630 0 
631 0 
632 0 
633 0 
634 0 
635 0 
636 0 
637 0 
638 0 
639 0 
640 0 
641 0 
642 0 
643 0 
644 0 
645 0 
646 0 
647 0 
648 0 
649 0 
650 0 
651 0 
652 0 
653 0 
654 0 
655 0 
656 0 
657 0 
658 0 
659 0 
660 0 
661 0 
662 0 
663 0 
664 0 
665 0 
666 0 
667 0 
668 0 
669 0 
670 0 
671 0 
672 0 
673 0 
674 0 
675 0 
676 0 
677 0 
678 0 
679 0 
680 0 
681 0 
682 0 
683 0 
684 0 
685 0 
686 0 
687 0 
688 0 
689 0 
690 0 
691 0 
692 0 
693 0 
694 0 
695 0 
696 0 
697 0 
698 0 
699 0 
700 0 
701 0 
702 0 
703 0 
704 0 
705 0 
706 0 
707 0 
708 0 
709 0 
710 0 
711 0 
712 0 
713 0 
714 0 
715 0 
716 0 
717 0 
718 0 
719 0 
720 0 
721 0 
722 0 
723 0 
724 0 
725 0 
726 0 
727 0 
728 0 
729 0 
730 0 
731 0 
732 0 
733 0 
734 0 
735 0 
736 0 
737 0 
738 0 
739 0 
740 0 
741 0 
742 0 
743 0 
744 0 
745 0 
746 0 
747 0 
748 0 
749 0 
750 0 
751 0 
752 0 
753 0 
754 0 
755 0 
756 0 
757 0 
758 0 
759 0 
760 0 
761 0 
762 0 
763 0 
764 0 
765 0 
766 0 
767 0 
768 0 
769 0 
770 0 
771 0 
772 0 
773 0 
774 0 
775 0 
776 0 
777 0 
778 0 
779 0 
780 0 
781 0 
782 0 
783 0 
784 0 
785 0 
786 0 
787 0 
788 0 
789 0 
790 0 
791 0 
792 0 
793 0 
794 0 
795 0 
796 0 
797 0 
798 0 
799 0 
