0 0 
1 0 
2 0 
3 0 
4 0 
5 0 
6 0 
7 0 
8 0 
9 0 
10 0 
11 0 
12 0 
13 0 
14 0 
15 0 
16 0 
17 0 
18 0 
19 0 
20 0 
21 0 
22 0 
23 0 
24 0 
25 0 
26 0 
27 0 
28 0 
29 0 
30 0 
31 0 
32 0 
33 0 
34 0 
35 0 
36 0 
37 0 
38 0 
39 0 
40 0 
41 0 
42 0 
43 0 
44 0 
45 0 
46 0 
47 0 
48 0 
49 0 
50 0 
51 0 
52 0 
53 0 
54 0 
55 0 
56 0 
57 0 
58 0 
59 0 
60 0 
61 0 
62 0 
63 0 
64 0 
65 0 
66 0 
67 0 
68 0 
69 0 
70 0 
71 0 
72 0 
73 0 
74 0 
75 0 
76 0 
77 0 
78 0 
79 0 
80 0 
81 0 
82 0 
83 0 
84 0 
85 0 
86 0 
87 0 
88 0 
89 0 
90 0 
91 0 
92 0 
93 0 
94 0 
95 0 
96 0 
97 0 
98 0 
99 0 
100 0 
101 0 
102 0 
103 0 
104 0 
105 0 
106 0 
107 0 
108 0 
109 0 
110 0 
111 0 
112 0 
113 0 
114 0 
115 0 
116 0 
117 0 
118 0 
119 0 
120 0 
121 0 
122 0 
123 0 
124 0 
125 0 
126 0 
127 0 
128 0 
129 0 
130 0 
131 0 
132 0 
133 0 
134 0 
135 0 
136 0 
137 0 
138 0 
139 0 
140 0 
141 0 
142 0 
143 0 
144 0 
145 0 
146 0 
147 0 
148 0 
149 0 
150 0 
151 0 
152 0 
153 0 
154 0 
155 0 
156 0 
157 0 
158 0 
159 0 
160 0 
161 0 
162 0 
163 0 
164 0 
165 0 
166 0 
167 0 
168 0 
169 0 
170 0 
171 0 
172 0 
173 0 
174 0 
175 0 
176 0 
177 0 
178 0 
179 0 
180 0 
181 0 
182 0 
183 0 
184 0 
185 0 
186 0 
187 0 
188 0 
189 0 
190 0 
191 0 
192 0 
193 0 
194 0 
195 0 
196 0 
197 0 
198 0 
199 0 
200 0 
201 0 
202 0 
203 0 
204 0 
205 0 
206 0 
207 0 
208 0 
209 0 
210 0 
211 0 
212 0 
213 0 
214 0 
215 0 
216 0 
217 0 
218 0 
219 0 
220 0 
221 0 
222 0 
223 0 
224 0 
225 0 
226 0 
227 0 
228 0 
229 0 
230 0 
231 0 
232 0 
233 0 
234 0 
235 0 
236 0 
237 0 
238 0 
239 0 
240 0 
241 0 
242 0 
243 0 
244 0 
245 0 
246 0 
247 0 
248 0 
249 4 
250 9 
251 31 
252 70 
253 140 
254 298 
255 450 
256 675 
257 831 
258 1054 
259 1274 
260 1645 
261 1813 
262 2458 
263 3231 
264 3713 
265 4560 
266 5261 
267 5968 
268 6638 
269 7154 
270 7821 
271 8949 
272 10145 
273 11270 
274 13035 
275 15247 
276 18106 
277 20487 
278 24221 
279 27303 
280 30333 
281 34921 
282 39642 
283 45532 
284 52225 
285 59536 
286 67425 
287 76415 
288 87064 
289 99355 
290 112365 
291 128513 
292 147265 
293 164991 
294 189472 
295 215585 
296 244041 
297 273810 
298 306952 
299 348232 
300 395723 
301 444694 
302 501790 
303 566953 
304 641354 
305 717618 
306 807688 
307 912782 
308 1.02912e+06 
309 1.15842e+06 
310 1.30505e+06 
311 1.47482e+06 
312 1.6561e+06 
313 1.85719e+06 
314 2.07543e+06 
315 2.31888e+06 
316 2.56652e+06 
317 2.84527e+06 
318 3.15328e+06 
319 3.47202e+06 
320 3.82421e+06 
321 4.21083e+06 
322 4.63239e+06 
323 5.07448e+06 
324 5.56966e+06 
325 6.10812e+06 
326 6.70547e+06 
327 7.34824e+06 
328 8.05033e+06 
329 8.80492e+06 
330 9.64007e+06 
331 1.0541e+07 
332 1.1526e+07 
333 1.25851e+07 
334 1.37574e+07 
335 1.50357e+07 
336 1.64242e+07 
337 1.78978e+07 
338 1.94977e+07 
339 2.12362e+07 
340 2.31089e+07 
341 2.51594e+07 
342 2.73341e+07 
343 2.96752e+07 
344 3.2217e+07 
345 3.4957e+07 
346 3.79263e+07 
347 4.11429e+07 
348 4.45845e+07 
349 4.82394e+07 
350 5.21545e+07 
351 5.63103e+07 
352 6.07285e+07 
353 6.53857e+07 
354 7.02922e+07 
355 7.54872e+07 
356 8.09184e+07 
357 8.6646e+07 
358 9.27158e+07 
359 9.90823e+07 
360 1.05761e+08 
361 1.12756e+08 
362 1.20005e+08 
363 1.27561e+08 
364 1.35371e+08 
365 1.43551e+08 
366 1.51959e+08 
367 1.60643e+08 
368 1.69621e+08 
369 1.78822e+08 
370 1.88249e+08 
371 1.97928e+08 
372 2.07786e+08 
373 2.17868e+08 
374 2.28168e+08 
375 2.38614e+08 
376 2.49238e+08 
377 2.6012e+08 
378 2.71094e+08 
379 2.82208e+08 
380 2.93398e+08 
381 3.04544e+08 
382 3.15751e+08 
383 3.26867e+08 
384 3.37853e+08 
385 3.48622e+08 
386 3.59192e+08 
387 3.69351e+08 
388 3.79102e+08 
389 3.88427e+08 
390 3.97116e+08 
391 4.05332e+08 
392 4.12853e+08 
393 4.19661e+08 
394 4.25647e+08 
395 4.30858e+08 
396 4.35159e+08 
397 4.38473e+08 
398 4.40753e+08 
399 4.41944e+08 
400 4.42153e+08 
401 4.40813e+08 
402 4.38525e+08 
403 4.35241e+08 
404 4.30955e+08 
405 4.25829e+08 
406 4.19732e+08 
407 4.12968e+08 
408 4.05335e+08 
409 3.97255e+08 
410 3.88454e+08 
411 3.79274e+08 
412 3.69631e+08 
413 3.59622e+08 
414 3.4928e+08 
415 3.38639e+08 
416 3.27866e+08 
417 3.16944e+08 
418 3.0589e+08 
419 2.94787e+08 
420 2.83773e+08 
421 2.72765e+08 
422 2.61754e+08 
423 2.5084e+08 
424 2.40048e+08 
425 2.29402e+08 
426 2.18913e+08 
427 2.08676e+08 
428 1.98659e+08 
429 1.88921e+08 
430 1.79382e+08 
431 1.70208e+08 
432 1.61269e+08 
433 1.52616e+08 
434 1.44206e+08 
435 1.36082e+08 
436 1.28259e+08 
437 1.20779e+08 
438 1.13675e+08 
439 1.06877e+08 
440 1.00355e+08 
441 9.41706e+07 
442 8.82605e+07 
443 8.26132e+07 
444 7.73028e+07 
445 7.22735e+07 
446 6.7519e+07 
447 6.29636e+07 
448 5.86931e+07 
449 5.4683e+07 
450 5.08728e+07 
451 4.72873e+07 
452 4.39299e+07 
453 4.07824e+07 
454 3.78e+07 
455 3.49911e+07 
456 3.23821e+07 
457 2.99658e+07 
458 2.77077e+07 
459 2.55864e+07 
460 2.36364e+07 
461 2.18103e+07 
462 2.00945e+07 
463 1.85119e+07 
464 1.70641e+07 
465 1.57374e+07 
466 1.4492e+07 
467 1.33419e+07 
468 1.22897e+07 
469 1.13028e+07 
470 1.03992e+07 
471 9.56031e+06 
472 8.77515e+06 
473 8.04044e+06 
474 7.3648e+06 
475 6.7333e+06 
476 6.14263e+06 
477 5.59942e+06 
478 5.10028e+06 
479 4.63807e+06 
480 4.22426e+06 
481 3.83196e+06 
482 3.46185e+06 
483 3.12727e+06 
484 2.82301e+06 
485 2.53935e+06 
486 2.27764e+06 
487 2.0399e+06 
488 1.82964e+06 
489 1.64079e+06 
490 1.46444e+06 
491 1.30738e+06 
492 1.15787e+06 
493 1.02325e+06 
494 905823 
495 797723 
496 701793 
497 616885 
498 539649 
499 468908 
500 404325 
501 348308 
502 296658 
503 250359 
504 209766 
505 174425 
506 145962 
507 121247 
508 100953 
509 84422 
510 71961 
511 60085 
512 49808 
513 41285 
514 35223 
515 29756 
516 25436 
517 21469 
518 18536 
519 15518 
520 12213 
521 10066 
522 8083 
523 6485 
524 5476 
525 4377 
526 3128 
527 2237 
528 1441 
529 1110 
530 685 
531 381 
532 182 
533 164 
534 123 
535 46 
536 19 
537 2 
538 0 
539 0 
540 0 
541 0 
542 0 
543 0 
544 0 
545 0 
546 0 
547 0 
548 0 
549 0 
550 0 
551 0 
552 0 
553 0 
554 0 
555 0 
556 0 
557 0 
558 0 
559 0 
560 0 
561 0 
562 0 
563 0 
564 0 
565 0 
566 0 
567 0 
568 0 
569 0 
570 0 
571 0 
572 0 
573 0 
574 0 
575 0 
576 0 
577 0 
578 0 
579 0 
580 0 
581 0 
582 0 
583 0 
584 0 
585 0 
586 0 
587 0 
588 0 
589 0 
590 0 
591 0 
592 0 
593 0 
594 0 
595 0 
596 0 
597 0 
598 0 
599 0 
600 0 
601 0 
602 0 
603 0 
604 0 
605 0 
606 0 
607 0 
608 0 
609 0 
610 0 
611 0 
612 0 
613 0 
614 0 
615 0 
616 0 
617 0 
618 0 
619 0 
620 0 
621 0 
622 0 
623 0 
624 0 
625 0 
626 0 
627 0 
628 0 
629 0 
630 0 
631 0 
632 0 
633 0 
634 0 
635 0 
636 0 
637 0 
638 0 
639 0 
640 0 
641 0 
642 0 
643 0 
644 0 
645 0 
646 0 
647 0 
648 0 
649 0 
650 0 
651 0 
652 0 
653 0 
654 0 
655 0 
656 0 
657 0 
658 0 
659 0 
660 0 
661 0 
662 0 
663 0 
664 0 
665 0 
666 0 
667 0 
668 0 
669 0 
670 0 
671 0 
672 0 
673 0 
674 0 
675 0 
676 0 
677 0 
678 0 
679 0 
680 0 
681 0 
682 0 
683 0 
684 0 
685 0 
686 0 
687 0 
688 0 
689 0 
690 0 
691 0 
692 0 
693 0 
694 0 
695 0 
696 0 
697 0 
698 0 
699 0 
700 0 
701 0 
702 0 
703 0 
704 0 
705 0 
706 0 
707 0 
708 0 
709 0 
710 0 
711 0 
712 0 
713 0 
714 0 
715 0 
716 0 
717 0 
718 0 
719 0 
720 0 
721 0 
722 0 
723 0 
724 0 
725 0 
726 0 
727 0 
728 0 
729 0 
730 0 
731 0 
732 0 
733 0 
734 0 
735 0 
736 0 
737 0 
738 0 
739 0 
740 0 
741 0 
742 0 
743 0 
744 0 
745 0 
746 0 
747 0 
748 0 
749 0 
750 0 
751 0 
752 0 
753 0 
754 0 
755 0 
756 0 
757 0 
758 0 
759 0 
760 0 
761 0 
762 0 
763 0 
764 0 
765 0 
766 0 
767 0 
768 0 
769 0 
770 0 
771 0 
772 0 
773 0 
774 0 
775 0 
776 0 
777 0 
778 0 
779 0 
780 0 
781 0 
782 0 
783 0 
784 0 
785 0 
786 0 
787 0 
788 0 
789 0 
790 0 
791 0 
792 0 
793 0 
794 0 
795 0 
796 0 
797 0 
798 0 
799 0 
