0 0 
1 0 
2 0 
3 0 
4 0 
5 0 
6 0 
7 0 
8 0 
9 0 
10 0 
11 0 
12 0 
13 0 
14 0 
15 0 
16 0 
17 0 
18 0 
19 0 
20 0 
21 0 
22 0 
23 0 
24 0 
25 0 
26 0 
27 0 
28 0 
29 0 
30 0 
31 0 
32 0 
33 0 
34 0 
35 0 
36 0 
37 0 
38 0 
39 0 
40 0 
41 0 
42 0 
43 0 
44 0 
45 0 
46 0 
47 0 
48 0 
49 0 
50 0 
51 0 
52 0 
53 0 
54 0 
55 0 
56 0 
57 0 
58 0 
59 0 
60 0 
61 0 
62 0 
63 0 
64 0 
65 0 
66 0 
67 0 
68 0 
69 0 
70 0 
71 0 
72 0 
73 0 
74 0 
75 0 
76 0 
77 0 
78 0 
79 0 
80 0 
81 0 
82 0 
83 0 
84 0 
85 0 
86 0 
87 0 
88 0 
89 0 
90 0 
91 0 
92 0 
93 0 
94 0 
95 0 
96 0 
97 0 
98 0 
99 0 
100 0 
101 0 
102 0 
103 0 
104 0 
105 0 
106 0 
107 0 
108 0 
109 0 
110 0 
111 0 
112 0 
113 0 
114 0 
115 0 
116 0 
117 0 
118 0 
119 0 
120 8 
121 7 
122 17 
123 39 
124 51 
125 77 
126 90 
127 117 
128 191 
129 297 
130 376 
131 467 
132 654 
133 827 
134 1181 
135 1557 
136 2114 
137 2831 
138 3503 
139 4308 
140 4917 
141 5920 
142 6898 
143 8278 
144 9749 
145 11442 
146 13503 
147 15490 
148 18606 
149 21161 
150 24730 
151 28869 
152 34139 
153 38661 
154 45423 
155 52352 
156 60101 
157 68662 
158 77740 
159 88199 
160 98205 
161 106822 
162 117784 
163 129301 
164 140925 
165 152801 
166 165776 
167 176438 
168 191181 
169 207376 
170 224080 
171 242809 
172 260982 
173 280187 
174 302012 
175 323284 
176 345334 
177 368270 
178 391979 
179 417765 
180 443114 
181 469454 
182 492615 
183 519609 
184 547602 
185 579224 
186 613460 
187 645841 
188 681493 
189 717364 
190 755647 
191 789400 
192 831647 
193 871366 
194 917763 
195 963045 
196 1.00321e+06 
197 1.04824e+06 
198 1.09339e+06 
199 1.14342e+06 
200 1.18465e+06 
201 1.23576e+06 
202 1.28271e+06 
203 1.33279e+06 
204 1.37787e+06 
205 1.42954e+06 
206 1.47961e+06 
207 1.53116e+06 
208 1.58263e+06 
209 1.63471e+06 
210 1.68845e+06 
211 1.74766e+06 
212 1.80204e+06 
213 1.87099e+06 
214 1.9406e+06 
215 2.01162e+06 
216 2.08097e+06 
217 2.15355e+06 
218 2.22985e+06 
219 2.31223e+06 
220 2.39366e+06 
221 2.47365e+06 
222 2.55172e+06 
223 2.62644e+06 
224 2.70882e+06 
225 2.78338e+06 
226 2.86677e+06 
227 2.95494e+06 
228 3.04579e+06 
229 3.13563e+06 
230 3.23096e+06 
231 3.33152e+06 
232 3.43298e+06 
233 3.54575e+06 
234 3.66406e+06 
235 3.78098e+06 
236 3.90929e+06 
237 4.03591e+06 
238 4.17694e+06 
239 4.32243e+06 
240 4.47832e+06 
241 4.64666e+06 
242 4.81803e+06 
243 4.99733e+06 
244 5.16771e+06 
245 5.3381e+06 
246 5.51977e+06 
247 5.72672e+06 
248 5.93909e+06 
249 6.16202e+06 
250 6.37947e+06 
251 6.60051e+06 
252 6.83266e+06 
253 7.0635e+06 
254 7.30498e+06 
255 7.55164e+06 
256 7.80634e+06 
257 8.07815e+06 
258 8.3485e+06 
259 8.62273e+06 
260 8.91808e+06 
261 9.22749e+06 
262 9.53028e+06 
263 9.84529e+06 
264 1.01594e+07 
265 1.04826e+07 
266 1.08177e+07 
267 1.11487e+07 
268 1.14906e+07 
269 1.18605e+07 
270 1.22182e+07 
271 1.2608e+07 
272 1.30098e+07 
273 1.34254e+07 
274 1.38487e+07 
275 1.42878e+07 
276 1.47172e+07 
277 1.51848e+07 
278 1.56641e+07 
279 1.61356e+07 
280 1.66061e+07 
281 1.70866e+07 
282 1.75761e+07 
283 1.80457e+07 
284 1.85238e+07 
285 1.90077e+07 
286 1.95141e+07 
287 2.001e+07 
288 2.05257e+07 
289 2.10441e+07 
290 2.15509e+07 
291 2.20703e+07 
292 2.26185e+07 
293 2.31736e+07 
294 2.37615e+07 
295 2.43479e+07 
296 2.49602e+07 
297 2.55741e+07 
298 2.62056e+07 
299 2.68639e+07 
300 2.75274e+07 
301 2.82379e+07 
302 2.89761e+07 
303 2.97393e+07 
304 3.05254e+07 
305 3.13632e+07 
306 3.22141e+07 
307 3.30818e+07 
308 3.39466e+07 
309 3.48442e+07 
310 3.57719e+07 
311 3.67204e+07 
312 3.77206e+07 
313 3.87483e+07 
314 3.97815e+07 
315 4.0836e+07 
316 4.19e+07 
317 4.3019e+07 
318 4.41692e+07 
319 4.53847e+07 
320 4.66616e+07 
321 4.79737e+07 
322 4.93201e+07 
323 5.0728e+07 
324 5.21949e+07 
325 5.37014e+07 
326 5.52341e+07 
327 5.68254e+07 
328 5.84898e+07 
329 6.01968e+07 
330 6.19858e+07 
331 6.38291e+07 
332 6.5756e+07 
333 6.77078e+07 
334 6.97222e+07 
335 7.1788e+07 
336 7.38972e+07 
337 7.6068e+07 
338 7.8258e+07 
339 8.05541e+07 
340 8.2864e+07 
341 8.52503e+07 
342 8.77067e+07 
343 9.01971e+07 
344 9.27234e+07 
345 9.53036e+07 
346 9.79424e+07 
347 1.00589e+08 
348 1.0331e+08 
349 1.06028e+08 
350 1.0879e+08 
351 1.1156e+08 
352 1.14403e+08 
353 1.17275e+08 
354 1.20175e+08 
355 1.23137e+08 
356 1.26126e+08 
357 1.29155e+08 
358 1.32245e+08 
359 1.35339e+08 
360 1.38452e+08 
361 1.41614e+08 
362 1.44808e+08 
363 1.47978e+08 
364 1.51158e+08 
365 1.54433e+08 
366 1.57679e+08 
367 1.60889e+08 
368 1.6414e+08 
369 1.67379e+08 
370 1.70585e+08 
371 1.73832e+08 
372 1.7705e+08 
373 1.80177e+08 
374 1.83381e+08 
375 1.8655e+08 
376 1.89642e+08 
377 1.92614e+08 
378 1.95599e+08 
379 1.98506e+08 
380 2.01361e+08 
381 2.04241e+08 
382 2.06992e+08 
383 2.09763e+08 
384 2.1241e+08 
385 2.14963e+08 
386 2.17409e+08 
387 2.19827e+08 
388 2.22074e+08 
389 2.24174e+08 
390 2.26149e+08 
391 2.28082e+08 
392 2.29838e+08 
393 2.31434e+08 
394 2.3295e+08 
395 2.34206e+08 
396 2.35256e+08 
397 2.3624e+08 
398 2.3702e+08 
399 2.37562e+08 
400 2.38037e+08 
401 2.38272e+08 
402 2.38233e+08 
403 2.38126e+08 
404 2.37821e+08 
405 2.37318e+08 
406 2.36695e+08 
407 2.35918e+08 
408 2.3494e+08 
409 2.33878e+08 
410 2.32564e+08 
411 2.31188e+08 
412 2.29672e+08 
413 2.28011e+08 
414 2.26223e+08 
415 2.24289e+08 
416 2.22164e+08 
417 2.19969e+08 
418 2.1764e+08 
419 2.15151e+08 
420 2.12543e+08 
421 2.0984e+08 
422 2.07068e+08 
423 2.04241e+08 
424 2.01425e+08 
425 1.9849e+08 
426 1.95522e+08 
427 1.9245e+08 
428 1.89354e+08 
429 1.8616e+08 
430 1.82966e+08 
431 1.79729e+08 
432 1.76467e+08 
433 1.73123e+08 
434 1.69829e+08 
435 1.66525e+08 
436 1.63146e+08 
437 1.59791e+08 
438 1.56444e+08 
439 1.53018e+08 
440 1.49599e+08 
441 1.462e+08 
442 1.42797e+08 
443 1.39391e+08 
444 1.35984e+08 
445 1.32642e+08 
446 1.29283e+08 
447 1.25967e+08 
448 1.22679e+08 
449 1.1942e+08 
450 1.16172e+08 
451 1.12961e+08 
452 1.09755e+08 
453 1.06592e+08 
454 1.03481e+08 
455 1.00425e+08 
456 9.73983e+07 
457 9.43948e+07 
458 9.14623e+07 
459 8.86238e+07 
460 8.58004e+07 
461 8.30544e+07 
462 8.03653e+07 
463 7.76987e+07 
464 7.51082e+07 
465 7.25638e+07 
466 7.00917e+07 
467 6.76758e+07 
468 6.52792e+07 
469 6.29388e+07 
470 6.06395e+07 
471 5.83944e+07 
472 5.61739e+07 
473 5.40598e+07 
474 5.20125e+07 
475 5.00148e+07 
476 4.80709e+07 
477 4.61744e+07 
478 4.4354e+07 
479 4.25715e+07 
480 4.08383e+07 
481 3.91292e+07 
482 3.74806e+07 
483 3.5882e+07 
484 3.43346e+07 
485 3.28219e+07 
486 3.13723e+07 
487 2.99704e+07 
488 2.86374e+07 
489 2.73564e+07 
490 2.60975e+07 
491 2.48919e+07 
492 2.37615e+07 
493 2.26502e+07 
494 2.15871e+07 
495 2.05762e+07 
496 1.95879e+07 
497 1.86642e+07 
498 1.77651e+07 
499 1.6897e+07 
500 1.60576e+07 
501 1.52618e+07 
502 1.44963e+07 
503 1.37558e+07 
504 1.30359e+07 
505 1.2325e+07 
506 1.16565e+07 
507 1.10177e+07 
508 1.04183e+07 
509 9.82941e+06 
510 9.28001e+06 
511 8.7482e+06 
512 8.24042e+06 
513 7.75197e+06 
514 7.2909e+06 
515 6.85016e+06 
516 6.4358e+06 
517 6.04488e+06 
518 5.66228e+06 
519 5.29966e+06 
520 4.95189e+06 
521 4.61996e+06 
522 4.29257e+06 
523 3.99431e+06 
524 3.70966e+06 
525 3.44102e+06 
526 3.18171e+06 
527 2.9361e+06 
528 2.70515e+06 
529 2.495e+06 
530 2.29865e+06 
531 2.11942e+06 
532 1.94613e+06 
533 1.7834e+06 
534 1.63238e+06 
535 1.4896e+06 
536 1.36069e+06 
537 1.24022e+06 
538 1.12837e+06 
539 1.0289e+06 
540 935997 
541 848308 
542 771911 
543 698914 
544 631928 
545 574441 
546 519150 
547 471767 
548 427452 
549 392792 
550 357923 
551 330740 
552 308100 
553 282990 
554 262424 
555 247181 
556 231815 
557 217343 
558 203427 
559 191501 
560 179201 
561 168756 
562 157265 
563 146197 
564 135735 
565 125788 
566 116275 
567 107540 
568 98600 
569 91107 
570 83767 
571 76395 
572 69527 
573 63039 
574 57249 
575 51448 
576 45291 
577 40821 
578 37102 
579 32440 
580 28848 
581 25663 
582 23072 
583 20532 
584 19433 
585 17705 
586 15875 
587 14278 
588 12911 
589 11995 
590 11315 
591 10223 
592 9606 
593 8706 
594 8081 
595 7241 
596 6898 
597 6321 
598 5851 
599 5386 
600 4983 
601 4658 
602 4138 
603 3648 
604 3186 
605 2875 
606 2610 
607 2109 
608 1891 
609 1599 
610 1450 
611 1174 
612 988 
613 920 
614 704 
615 566 
616 539 
617 357 
618 335 
619 208 
620 154 
621 77 
622 62 
623 33 
624 23 
625 5 
626 0 
627 0 
628 0 
629 0 
630 0 
631 0 
632 0 
633 0 
634 0 
635 0 
636 0 
637 0 
638 0 
639 0 
640 0 
641 0 
642 0 
643 0 
644 0 
645 0 
646 0 
647 0 
648 0 
649 0 
650 0 
651 0 
652 0 
653 0 
654 0 
655 0 
656 0 
657 0 
658 0 
659 0 
660 0 
661 0 
662 0 
663 0 
664 0 
665 0 
666 0 
667 0 
668 0 
669 0 
670 0 
671 0 
672 0 
673 0 
674 0 
675 0 
676 0 
677 0 
678 0 
679 0 
680 0 
681 0 
682 0 
683 0 
684 0 
685 0 
686 0 
687 0 
688 0 
689 0 
690 0 
691 0 
692 0 
693 0 
694 0 
695 0 
696 0 
697 0 
698 0 
699 0 
700 0 
701 0 
702 0 
703 0 
704 0 
705 0 
706 0 
707 0 
708 0 
709 0 
710 0 
711 0 
712 0 
713 0 
714 0 
715 0 
716 0 
717 0 
718 0 
719 0 
720 0 
721 0 
722 0 
723 0 
724 0 
725 0 
726 0 
727 0 
728 0 
729 0 
730 0 
731 0 
732 0 
733 0 
734 0 
735 0 
736 0 
737 0 
738 0 
739 0 
740 0 
741 0 
742 0 
743 0 
744 0 
745 0 
746 0 
747 0 
748 0 
749 0 
750 0 
751 0 
752 0 
753 0 
754 0 
755 0 
756 0 
757 0 
758 0 
759 0 
760 0 
761 0 
762 0 
763 0 
764 0 
765 0 
766 0 
767 0 
768 0 
769 0 
770 0 
771 0 
772 0 
773 0 
774 0 
775 0 
776 0 
777 0 
778 0 
779 0 
780 0 
781 0 
782 0 
783 0 
784 0 
785 0 
786 0 
787 0 
788 0 
789 0 
790 0 
791 0 
792 0 
793 0 
794 0 
795 0 
796 0 
797 0 
798 0 
799 0 
