0 0 
1 0 
2 0 
3 0 
4 0 
5 0 
6 0 
7 0 
8 0 
9 0 
10 0 
11 0 
12 0 
13 0 
14 0 
15 0 
16 0 
17 0 
18 0 
19 0 
20 0 
21 0 
22 0 
23 0 
24 0 
25 0 
26 0 
27 0 
28 0 
29 0 
30 0 
31 0 
32 0 
33 0 
34 0 
35 0 
36 0 
37 0 
38 0 
39 0 
40 0 
41 0 
42 0 
43 0 
44 0 
45 0 
46 0 
47 0 
48 0 
49 0 
50 0 
51 0 
52 0 
53 0 
54 0 
55 0 
56 0 
57 0 
58 0 
59 0 
60 0 
61 0 
62 0 
63 0 
64 0 
65 0 
66 0 
67 0 
68 0 
69 0 
70 0 
71 0 
72 0 
73 0 
74 0 
75 0 
76 0 
77 0 
78 0 
79 0 
80 0 
81 0 
82 0 
83 0 
84 0 
85 0 
86 0 
87 0 
88 0 
89 0 
90 0 
91 0 
92 0 
93 0 
94 0 
95 0 
96 0 
97 0 
98 0 
99 0 
100 0 
101 0 
102 0 
103 0 
104 0 
105 0 
106 0 
107 0 
108 0 
109 0 
110 0 
111 0 
112 0 
113 0 
114 0 
115 0 
116 0 
117 0 
118 0 
119 0 
120 0 
121 0 
122 0 
123 0 
124 0 
125 0 
126 0 
127 0 
128 0 
129 0 
130 0 
131 0 
132 0 
133 0 
134 0 
135 0 
136 0 
137 0 
138 0 
139 0 
140 0 
141 0 
142 0 
143 0 
144 0 
145 0 
146 0 
147 0 
148 0 
149 0 
150 0 
151 0 
152 0 
153 0 
154 0 
155 0 
156 0 
157 0 
158 0 
159 0 
160 0 
161 0 
162 0 
163 0 
164 0 
165 0 
166 0 
167 0 
168 0 
169 0 
170 0 
171 0 
172 0 
173 0 
174 0 
175 0 
176 0 
177 0 
178 0 
179 0 
180 0 
181 0 
182 9 
183 28 
184 73 
185 120 
186 175 
187 231 
188 374 
189 454 
190 594 
191 773 
192 1107 
193 1441 
194 2050 
195 2835 
196 4143 
197 5766 
198 8148 
199 10319 
200 12775 
201 15764 
202 19293 
203 24061 
204 28399 
205 34021 
206 40419 
207 47724 
208 55908 
209 64807 
210 74241 
211 83908 
212 96440 
213 109279 
214 123664 
215 139622 
216 155966 
217 174448 
218 196265 
219 215932 
220 237620 
221 262781 
222 291483 
223 324221 
224 360001 
225 396788 
226 433855 
227 475444 
228 524218 
229 573332 
230 627337 
231 684500 
232 744655 
233 814035 
234 884585 
235 956660 
236 1.0339e+06 
237 1.12171e+06 
238 1.20894e+06 
239 1.30005e+06 
240 1.3995e+06 
241 1.50421e+06 
242 1.62442e+06 
243 1.75089e+06 
244 1.89258e+06 
245 2.0464e+06 
246 2.21006e+06 
247 2.39494e+06 
248 2.59764e+06 
249 2.81965e+06 
250 3.04539e+06 
251 3.29839e+06 
252 3.57301e+06 
253 3.86141e+06 
254 4.16722e+06 
255 4.49519e+06 
256 4.82845e+06 
257 5.16293e+06 
258 5.53306e+06 
259 5.91713e+06 
260 6.31151e+06 
261 6.72645e+06 
262 7.14352e+06 
263 7.57185e+06 
264 8.01525e+06 
265 8.47378e+06 
266 8.94866e+06 
267 9.42657e+06 
268 9.92609e+06 
269 1.04001e+07 
270 1.08969e+07 
271 1.13736e+07 
272 1.18598e+07 
273 1.23185e+07 
274 1.27684e+07 
275 1.32016e+07 
276 1.36348e+07 
277 1.40393e+07 
278 1.44554e+07 
279 1.48289e+07 
280 1.51935e+07 
281 1.5545e+07 
282 1.58694e+07 
283 1.61903e+07 
284 1.651e+07 
285 1.68376e+07 
286 1.71448e+07 
287 1.74396e+07 
288 1.77459e+07 
289 1.80171e+07 
290 1.82516e+07 
291 1.84986e+07 
292 1.87451e+07 
293 1.90006e+07 
294 1.92531e+07 
295 1.95456e+07 
296 1.98625e+07 
297 2.01679e+07 
298 2.05136e+07 
299 2.08866e+07 
300 2.12602e+07 
301 2.16494e+07 
302 2.20673e+07 
303 2.24699e+07 
304 2.28859e+07 
305 2.33104e+07 
306 2.37568e+07 
307 2.42445e+07 
308 2.47499e+07 
309 2.52728e+07 
310 2.58367e+07 
311 2.64457e+07 
312 2.71171e+07 
313 2.78715e+07 
314 2.86744e+07 
315 2.95433e+07 
316 3.04696e+07 
317 3.14324e+07 
318 3.24568e+07 
319 3.35538e+07 
320 3.47061e+07 
321 3.59587e+07 
322 3.72428e+07 
323 3.85796e+07 
324 3.99556e+07 
325 4.13783e+07 
326 4.28679e+07 
327 4.44524e+07 
328 4.60613e+07 
329 4.77232e+07 
330 4.94856e+07 
331 5.12895e+07 
332 5.30826e+07 
333 5.4942e+07 
334 5.68095e+07 
335 5.87998e+07 
336 6.08106e+07 
337 6.29199e+07 
338 6.50847e+07 
339 6.73131e+07 
340 6.95424e+07 
341 7.18107e+07 
342 7.41712e+07 
343 7.66239e+07 
344 7.92197e+07 
345 8.17929e+07 
346 8.44292e+07 
347 8.71085e+07 
348 8.97971e+07 
349 9.25616e+07 
350 9.54205e+07 
351 9.83177e+07 
352 1.01312e+08 
353 1.04369e+08 
354 1.07469e+08 
355 1.10662e+08 
356 1.13986e+08 
357 1.17443e+08 
358 1.21066e+08 
359 1.2477e+08 
360 1.28558e+08 
361 1.32559e+08 
362 1.36538e+08 
363 1.40638e+08 
364 1.44749e+08 
365 1.48899e+08 
366 1.53071e+08 
367 1.57337e+08 
368 1.61674e+08 
369 1.6599e+08 
370 1.7031e+08 
371 1.74727e+08 
372 1.7914e+08 
373 1.83673e+08 
374 1.88282e+08 
375 1.9292e+08 
376 1.97572e+08 
377 2.02127e+08 
378 2.06751e+08 
379 2.11288e+08 
380 2.15906e+08 
381 2.20436e+08 
382 2.2495e+08 
383 2.29414e+08 
384 2.33762e+08 
385 2.37928e+08 
386 2.4201e+08 
387 2.4597e+08 
388 2.49817e+08 
389 2.53466e+08 
390 2.5698e+08 
391 2.60328e+08 
392 2.63467e+08 
393 2.66453e+08 
394 2.69227e+08 
395 2.71764e+08 
396 2.74023e+08 
397 2.75974e+08 
398 2.77667e+08 
399 2.78937e+08 
400 2.79829e+08 
401 2.80299e+08 
402 2.80431e+08 
403 2.80236e+08 
404 2.79666e+08 
405 2.7866e+08 
406 2.7734e+08 
407 2.75585e+08 
408 2.73497e+08 
409 2.71078e+08 
410 2.68326e+08 
411 2.65373e+08 
412 2.62186e+08 
413 2.58786e+08 
414 2.55178e+08 
415 2.51416e+08 
416 2.47596e+08 
417 2.43649e+08 
418 2.39545e+08 
419 2.35226e+08 
420 2.30854e+08 
421 2.26346e+08 
422 2.21756e+08 
423 2.17096e+08 
424 2.12275e+08 
425 2.07411e+08 
426 2.02458e+08 
427 1.97474e+08 
428 1.92417e+08 
429 1.87407e+08 
430 1.82359e+08 
431 1.77287e+08 
432 1.72262e+08 
433 1.67322e+08 
434 1.62501e+08 
435 1.57727e+08 
436 1.53081e+08 
437 1.48495e+08 
438 1.44023e+08 
439 1.39688e+08 
440 1.35527e+08 
441 1.31505e+08 
442 1.27618e+08 
443 1.23898e+08 
444 1.20391e+08 
445 1.17002e+08 
446 1.13629e+08 
447 1.10389e+08 
448 1.07249e+08 
449 1.04134e+08 
450 1.01124e+08 
451 9.82079e+07 
452 9.53573e+07 
453 9.25702e+07 
454 8.9866e+07 
455 8.72812e+07 
456 8.47019e+07 
457 8.21904e+07 
458 7.97199e+07 
459 7.7293e+07 
460 7.49202e+07 
461 7.25745e+07 
462 7.02515e+07 
463 6.79083e+07 
464 6.56562e+07 
465 6.34624e+07 
466 6.12612e+07 
467 5.90894e+07 
468 5.69809e+07 
469 5.50188e+07 
470 5.31207e+07 
471 5.12459e+07 
472 4.94501e+07 
473 4.77251e+07 
474 4.60524e+07 
475 4.44509e+07 
476 4.29132e+07 
477 4.14259e+07 
478 3.99528e+07 
479 3.84879e+07 
480 3.71026e+07 
481 3.57342e+07 
482 3.43895e+07 
483 3.30611e+07 
484 3.17124e+07 
485 3.03581e+07 
486 2.90796e+07 
487 2.78001e+07 
488 2.6565e+07 
489 2.53679e+07 
490 2.41979e+07 
491 2.30069e+07 
492 2.1842e+07 
493 2.07312e+07 
494 1.96961e+07 
495 1.86968e+07 
496 1.7765e+07 
497 1.68321e+07 
498 1.5973e+07 
499 1.51541e+07 
500 1.43747e+07 
501 1.36361e+07 
502 1.29351e+07 
503 1.22714e+07 
504 1.1642e+07 
505 1.10665e+07 
506 1.0531e+07 
507 1.00456e+07 
508 9.58448e+06 
509 9.1864e+06 
510 8.8105e+06 
511 8.46948e+06 
512 8.17293e+06 
513 7.9117e+06 
514 7.67778e+06 
515 7.46215e+06 
516 7.26539e+06 
517 7.08648e+06 
518 6.92152e+06 
519 6.77075e+06 
520 6.63544e+06 
521 6.4914e+06 
522 6.37748e+06 
523 6.25124e+06 
524 6.13542e+06 
525 6.03201e+06 
526 5.94972e+06 
527 5.87406e+06 
528 5.81583e+06 
529 5.73025e+06 
530 5.6345e+06 
531 5.5569e+06 
532 5.47788e+06 
533 5.37455e+06 
534 5.26392e+06 
535 5.16461e+06 
536 5.05356e+06 
537 4.93376e+06 
538 4.82124e+06 
539 4.69472e+06 
540 4.57159e+06 
541 4.45073e+06 
542 4.33597e+06 
543 4.22015e+06 
544 4.10409e+06 
545 3.99438e+06 
546 3.87678e+06 
547 3.7673e+06 
548 3.66899e+06 
549 3.57422e+06 
550 3.50445e+06 
551 3.43015e+06 
552 3.36186e+06 
553 3.29823e+06 
554 3.23781e+06 
555 3.18024e+06 
556 3.11316e+06 
557 3.03306e+06 
558 2.95037e+06 
559 2.86033e+06 
560 2.7572e+06 
561 2.64534e+06 
562 2.53048e+06 
563 2.40866e+06 
564 2.2815e+06 
565 2.15669e+06 
566 2.03341e+06 
567 1.90737e+06 
568 1.78895e+06 
569 1.67814e+06 
570 1.55736e+06 
571 1.44402e+06 
572 1.33219e+06 
573 1.2272e+06 
574 1.12598e+06 
575 1.0215e+06 
576 932261 
577 844075 
578 757074 
579 679642 
580 606753 
581 538196 
582 475724 
583 413982 
584 362988 
585 314879 
586 268648 
587 226944 
588 190757 
589 154983 
590 124654 
591 98370 
592 76432 
593 58327 
594 44847 
595 34782 
596 26291 
597 20287 
598 15326 
599 12468 
600 10474 
601 8460 
602 6372 
603 4386 
604 3293 
605 2532 
606 1546 
607 1027 
608 669 
609 378 
610 211 
611 125 
612 29 
613 19 
614 6 
615 0 
616 0 
617 0 
618 0 
619 0 
620 0 
621 0 
622 0 
623 0 
624 0 
625 0 
626 0 
627 0 
628 0 
629 0 
630 0 
631 0 
632 0 
633 0 
634 0 
635 0 
636 0 
637 0 
638 0 
639 0 
640 0 
641 0 
642 0 
643 0 
644 0 
645 0 
646 0 
647 0 
648 0 
649 0 
650 0 
651 0 
652 0 
653 0 
654 0 
655 0 
656 0 
657 0 
658 0 
659 0 
660 0 
661 0 
662 0 
663 0 
664 0 
665 0 
666 0 
667 0 
668 0 
669 0 
670 0 
671 0 
672 0 
673 0 
674 0 
675 0 
676 0 
677 0 
678 0 
679 0 
680 0 
681 0 
682 0 
683 0 
684 0 
685 0 
686 0 
687 0 
688 0 
689 0 
690 0 
691 0 
692 0 
693 0 
694 0 
695 0 
696 0 
697 0 
698 0 
699 0 
700 0 
701 0 
702 0 
703 0 
704 0 
705 0 
706 0 
707 0 
708 0 
709 0 
710 0 
711 0 
712 0 
713 0 
714 0 
715 0 
716 0 
717 0 
718 0 
719 0 
720 0 
721 0 
722 0 
723 0 
724 0 
725 0 
726 0 
727 0 
728 0 
729 0 
730 0 
731 0 
732 0 
733 0 
734 0 
735 0 
736 0 
737 0 
738 0 
739 0 
740 0 
741 0 
742 0 
743 0 
744 0 
745 0 
746 0 
747 0 
748 0 
749 0 
750 0 
751 0 
752 0 
753 0 
754 0 
755 0 
756 0 
757 0 
758 0 
759 0 
760 0 
761 0 
762 0 
763 0 
764 0 
765 0 
766 0 
767 0 
768 0 
769 0 
770 0 
771 0 
772 0 
773 0 
774 0 
775 0 
776 0 
777 0 
778 0 
779 0 
780 0 
781 0 
782 0 
783 0 
784 0 
785 0 
786 0 
787 0 
788 0 
789 0 
790 0 
791 0 
792 0 
793 0 
794 0 
795 0 
796 0 
797 0 
798 0 
799 0 
