0 0 
1 0 
2 0 
3 0 
4 0 
5 0 
6 0 
7 0 
8 0 
9 0 
10 0 
11 0 
12 0 
13 0 
14 0 
15 0 
16 0 
17 0 
18 0 
19 0 
20 0 
21 0 
22 0 
23 0 
24 0 
25 0 
26 0 
27 0 
28 0 
29 0 
30 0 
31 0 
32 0 
33 0 
34 0 
35 0 
36 0 
37 0 
38 0 
39 0 
40 0 
41 0 
42 0 
43 0 
44 0 
45 0 
46 0 
47 0 
48 0 
49 0 
50 0 
51 0 
52 0 
53 0 
54 0 
55 0 
56 0 
57 0 
58 0 
59 0 
60 0 
61 0 
62 0 
63 0 
64 0 
65 0 
66 0 
67 0 
68 0 
69 0 
70 0 
71 0 
72 0 
73 0 
74 0 
75 0 
76 0 
77 0 
78 0 
79 0 
80 0 
81 0 
82 0 
83 0 
84 0 
85 0 
86 0 
87 0 
88 0 
89 0 
90 0 
91 0 
92 0 
93 0 
94 0 
95 0 
96 0 
97 0 
98 0 
99 0 
100 0 
101 0 
102 0 
103 0 
104 0 
105 0 
106 0 
107 0 
108 0 
109 0 
110 0 
111 0 
112 0 
113 0 
114 0 
115 0 
116 0 
117 0 
118 0 
119 0 
120 0 
121 0 
122 0 
123 0 
124 0 
125 0 
126 0 
127 0 
128 0 
129 0 
130 0 
131 0 
132 0 
133 0 
134 0 
135 0 
136 0 
137 0 
138 0 
139 0 
140 0 
141 0 
142 0 
143 0 
144 0 
145 0 
146 0 
147 0 
148 0 
149 0 
150 0 
151 0 
152 0 
153 0 
154 0 
155 0 
156 0 
157 0 
158 0 
159 0 
160 0 
161 0 
162 0 
163 0 
164 0 
165 0 
166 0 
167 0 
168 0 
169 0 
170 0 
171 0 
172 0 
173 0 
174 0 
175 0 
176 0 
177 0 
178 0 
179 0 
180 0 
181 0 
182 0 
183 0 
184 0 
185 0 
186 0 
187 0 
188 0 
189 0 
190 0 
191 0 
192 0 
193 0 
194 0 
195 0 
196 0 
197 0 
198 0 
199 0 
200 0 
201 0 
202 0 
203 0 
204 0 
205 0 
206 0 
207 0 
208 0 
209 0 
210 0 
211 0 
212 0 
213 0 
214 0 
215 0 
216 0 
217 0 
218 0 
219 0 
220 0 
221 0 
222 0 
223 0 
224 0 
225 0 
226 0 
227 0 
228 0 
229 0 
230 0 
231 0 
232 0 
233 0 
234 0 
235 0 
236 0 
237 0 
238 0 
239 0 
240 0 
241 0 
242 0 
243 0 
244 0 
245 0 
246 0 
247 0 
248 0 
249 0 
250 0 
251 0 
252 0 
253 0 
254 0 
255 0 
256 0 
257 0 
258 0 
259 0 
260 0 
261 0 
262 0 
263 0 
264 0 
265 0 
266 0 
267 0 
268 0 
269 0 
270 0 
271 0 
272 2 
273 16 
274 75 
275 163 
276 259 
277 327 
278 760 
279 1634 
280 3511 
281 7757 
282 15474 
283 27576 
284 44448 
285 66992 
286 93506 
287 126036 
288 164962 
289 203997 
290 245889 
291 294402 
292 346891 
293 414323 
294 499329 
295 612674 
296 738806 
297 893804 
298 1.06123e+06 
299 1.23808e+06 
300 1.4191e+06 
301 1.60586e+06 
302 1.78852e+06 
303 1.93727e+06 
304 2.08199e+06 
305 2.205e+06 
306 2.34158e+06 
307 2.47174e+06 
308 2.58678e+06 
309 2.70028e+06 
310 2.82193e+06 
311 2.96399e+06 
312 3.12925e+06 
313 3.31255e+06 
314 3.50514e+06 
315 3.68357e+06 
316 3.87032e+06 
317 4.06388e+06 
318 4.29686e+06 
319 4.54376e+06 
320 4.80978e+06 
321 5.09367e+06 
322 5.35206e+06 
323 5.60199e+06 
324 5.8434e+06 
325 6.08521e+06 
326 6.30398e+06 
327 6.51843e+06 
328 6.69032e+06 
329 6.84424e+06 
330 6.95154e+06 
331 7.03622e+06 
332 7.12547e+06 
333 7.20655e+06 
334 7.3017e+06 
335 7.41074e+06 
336 7.55336e+06 
337 7.7371e+06 
338 8.00106e+06 
339 8.31404e+06 
340 8.66166e+06 
341 9.10589e+06 
342 9.67576e+06 
343 1.03532e+07 
344 1.11304e+07 
345 1.19778e+07 
346 1.29459e+07 
347 1.40448e+07 
348 1.52331e+07 
349 1.65596e+07 
350 1.81077e+07 
351 1.97996e+07 
352 2.16655e+07 
353 2.3814e+07 
354 2.61907e+07 
355 2.87889e+07 
356 3.15176e+07 
357 3.44606e+07 
358 3.75885e+07 
359 4.097e+07 
360 4.45472e+07 
361 4.8406e+07 
362 5.25475e+07 
363 5.70194e+07 
364 6.19052e+07 
365 6.72238e+07 
366 7.30443e+07 
367 7.92301e+07 
368 8.6055e+07 
369 9.34345e+07 
370 1.01462e+08 
371 1.10079e+08 
372 1.19564e+08 
373 1.30224e+08 
374 1.41974e+08 
375 1.54847e+08 
376 1.68779e+08 
377 1.83982e+08 
378 2.00507e+08 
379 2.18306e+08 
380 2.37532e+08 
381 2.58125e+08 
382 2.80388e+08 
383 3.04677e+08 
384 3.3054e+08 
385 3.57706e+08 
386 3.85939e+08 
387 4.15059e+08 
388 4.4504e+08 
389 4.75364e+08 
390 5.05509e+08 
391 5.35452e+08 
392 5.65014e+08 
393 5.94026e+08 
394 6.21325e+08 
395 6.45943e+08 
396 6.67791e+08 
397 6.85868e+08 
398 6.99758e+08 
399 7.08725e+08 
400 7.12616e+08 
401 7.09678e+08 
402 7.01333e+08 
403 6.88358e+08 
404 6.71054e+08 
405 6.50182e+08 
406 6.26648e+08 
407 6.00594e+08 
408 5.72845e+08 
409 5.43739e+08 
410 5.13925e+08 
411 4.83382e+08 
412 4.52847e+08 
413 4.22717e+08 
414 3.93241e+08 
415 3.64745e+08 
416 3.37238e+08 
417 3.10876e+08 
418 2.8561e+08 
419 2.6183e+08 
420 2.39854e+08 
421 2.19467e+08 
422 2.00579e+08 
423 1.83126e+08 
424 1.67116e+08 
425 1.52495e+08 
426 1.39062e+08 
427 1.26957e+08 
428 1.15839e+08 
429 1.05564e+08 
430 9.6042e+07 
431 8.73733e+07 
432 7.95651e+07 
433 7.25381e+07 
434 6.63089e+07 
435 6.07454e+07 
436 5.56671e+07 
437 5.10593e+07 
438 4.70042e+07 
439 4.33717e+07 
440 4.00859e+07 
441 3.70756e+07 
442 3.42781e+07 
443 3.16706e+07 
444 2.93219e+07 
445 2.71472e+07 
446 2.51842e+07 
447 2.34647e+07 
448 2.18296e+07 
449 2.02307e+07 
450 1.87324e+07 
451 1.73231e+07 
452 1.60176e+07 
453 1.47921e+07 
454 1.36222e+07 
455 1.24808e+07 
456 1.1372e+07 
457 1.03125e+07 
458 9.33572e+06 
459 8.43276e+06 
460 7.60786e+06 
461 6.81297e+06 
462 6.03189e+06 
463 5.30763e+06 
464 4.59845e+06 
465 3.91891e+06 
466 3.27121e+06 
467 2.69761e+06 
468 2.20222e+06 
469 1.77653e+06 
470 1.42504e+06 
471 1.14368e+06 
472 906760 
473 706512 
474 538667 
475 410014 
476 311105 
477 230648 
478 164154 
479 115697 
480 78866 
481 51824 
482 32367 
483 18738 
484 9287 
485 4174 
486 1855 
487 909 
488 269 
489 67 
490 24 
491 0 
492 0 
493 0 
494 0 
495 0 
496 0 
497 0 
498 0 
499 0 
500 0 
501 0 
502 0 
503 0 
504 0 
505 0 
506 0 
507 0 
508 0 
509 0 
510 0 
511 0 
512 0 
513 0 
514 0 
515 0 
516 0 
517 0 
518 0 
519 0 
520 0 
521 0 
522 0 
523 0 
524 0 
525 0 
526 0 
527 0 
528 0 
529 0 
530 0 
531 0 
532 0 
533 0 
534 0 
535 0 
536 0 
537 0 
538 0 
539 0 
540 0 
541 0 
542 0 
543 0 
544 0 
545 0 
546 0 
547 0 
548 0 
549 0 
550 0 
551 0 
552 0 
553 0 
554 0 
555 0 
556 0 
557 0 
558 0 
559 0 
560 0 
561 0 
562 0 
563 0 
564 0 
565 0 
566 0 
567 0 
568 0 
569 0 
570 0 
571 0 
572 0 
573 0 
574 0 
575 0 
576 0 
577 0 
578 0 
579 0 
580 0 
581 0 
582 0 
583 0 
584 0 
585 0 
586 0 
587 0 
588 0 
589 0 
590 0 
591 0 
592 0 
593 0 
594 0 
595 0 
596 0 
597 0 
598 0 
599 0 
600 0 
601 0 
602 0 
603 0 
604 0 
605 0 
606 0 
607 0 
608 0 
609 0 
610 0 
611 0 
612 0 
613 0 
614 0 
615 0 
616 0 
617 0 
618 0 
619 0 
620 0 
621 0 
622 0 
623 0 
624 0 
625 0 
626 0 
627 0 
628 0 
629 0 
630 0 
631 0 
632 0 
633 0 
634 0 
635 0 
636 0 
637 0 
638 0 
639 0 
640 0 
641 0 
642 0 
643 0 
644 0 
645 0 
646 0 
647 0 
648 0 
649 0 
650 0 
651 0 
652 0 
653 0 
654 0 
655 0 
656 0 
657 0 
658 0 
659 0 
660 0 
661 0 
662 0 
663 0 
664 0 
665 0 
666 0 
667 0 
668 0 
669 0 
670 0 
671 0 
672 0 
673 0 
674 0 
675 0 
676 0 
677 0 
678 0 
679 0 
680 0 
681 0 
682 0 
683 0 
684 0 
685 0 
686 0 
687 0 
688 0 
689 0 
690 0 
691 0 
692 0 
693 0 
694 0 
695 0 
696 0 
697 0 
698 0 
699 0 
700 0 
701 0 
702 0 
703 0 
704 0 
705 0 
706 0 
707 0 
708 0 
709 0 
710 0 
711 0 
712 0 
713 0 
714 0 
715 0 
716 0 
717 0 
718 0 
719 0 
720 0 
721 0 
722 0 
723 0 
724 0 
725 0 
726 0 
727 0 
728 0 
729 0 
730 0 
731 0 
732 0 
733 0 
734 0 
735 0 
736 0 
737 0 
738 0 
739 0 
740 0 
741 0 
742 0 
743 0 
744 0 
745 0 
746 0 
747 0 
748 0 
749 0 
750 0 
751 0 
752 0 
753 0 
754 0 
755 0 
756 0 
757 0 
758 0 
759 0 
760 0 
761 0 
762 0 
763 0 
764 0 
765 0 
766 0 
767 0 
768 0 
769 0 
770 0 
771 0 
772 0 
773 0 
774 0 
775 0 
776 0 
777 0 
778 0 
779 0 
780 0 
781 0 
782 0 
783 0 
784 0 
785 0 
786 0 
787 0 
788 0 
789 0 
790 0 
791 0 
792 0 
793 0 
794 0 
795 0 
796 0 
797 0 
798 0 
799 0 
