0 0 
1 0 
2 0 
3 0 
4 0 
5 0 
6 0 
7 0 
8 0 
9 0 
10 0 
11 0 
12 0 
13 0 
14 0 
15 0 
16 0 
17 0 
18 0 
19 0 
20 0 
21 0 
22 0 
23 0 
24 0 
25 0 
26 0 
27 0 
28 0 
29 0 
30 0 
31 0 
32 0 
33 0 
34 0 
35 0 
36 0 
37 0 
38 0 
39 0 
40 0 
41 0 
42 0 
43 0 
44 0 
45 0 
46 0 
47 0 
48 0 
49 0 
50 0 
51 0 
52 0 
53 0 
54 0 
55 0 
56 0 
57 0 
58 0 
59 0 
60 0 
61 0 
62 0 
63 0 
64 0 
65 0 
66 0 
67 0 
68 0 
69 0 
70 0 
71 0 
72 0 
73 0 
74 0 
75 0 
76 0 
77 0 
78 0 
79 0 
80 0 
81 0 
82 0 
83 0 
84 0 
85 0 
86 0 
87 0 
88 0 
89 0 
90 0 
91 0 
92 0 
93 0 
94 0 
95 0 
96 0 
97 0 
98 0 
99 0 
100 0 
101 0 
102 0 
103 0 
104 0 
105 0 
106 0 
107 0 
108 0 
109 0 
110 0 
111 0 
112 1 
113 4 
114 23 
115 44 
116 63 
117 87 
118 155 
119 184 
120 188 
121 275 
122 364 
123 589 
124 823 
125 1108 
126 1348 
127 1623 
128 2034 
129 2585 
130 3323 
131 4083 
132 5106 
133 6253 
134 7498 
135 9071 
136 10586 
137 11924 
138 13202 
139 15252 
140 16791 
141 17579 
142 19425 
143 20772 
144 22598 
145 23657 
146 25406 
147 27611 
148 30498 
149 33022 
150 36517 
151 40403 
152 45174 
153 50463 
154 55437 
155 62162 
156 69114 
157 76926 
158 84653 
159 92894 
160 101461 
161 110607 
162 119708 
163 130260 
164 137307 
165 146887 
166 155072 
167 165520 
168 174789 
169 187428 
170 195357 
171 204637 
172 215698 
173 226232 
174 237533 
175 247340 
176 260807 
177 273176 
178 286734 
179 298631 
180 310710 
181 327938 
182 346321 
183 365152 
184 386201 
185 409948 
186 431189 
187 456725 
188 480621 
189 509158 
190 537139 
191 568472 
192 597656 
193 630579 
194 665299 
195 698638 
196 734238 
197 773890 
198 813383 
199 852528 
200 897450 
201 939913 
202 991974 
203 1.04584e+06 
204 1.10299e+06 
205 1.1614e+06 
206 1.21546e+06 
207 1.28111e+06 
208 1.34203e+06 
209 1.40859e+06 
210 1.47756e+06 
211 1.55228e+06 
212 1.6263e+06 
213 1.70683e+06 
214 1.78948e+06 
215 1.87503e+06 
216 1.96365e+06 
217 2.05994e+06 
218 2.16775e+06 
219 2.26863e+06 
220 2.37252e+06 
221 2.47915e+06 
222 2.5916e+06 
223 2.71173e+06 
224 2.83089e+06 
225 2.96052e+06 
226 3.0953e+06 
227 3.23143e+06 
228 3.37343e+06 
229 3.52133e+06 
230 3.68063e+06 
231 3.84371e+06 
232 4.01511e+06 
233 4.19252e+06 
234 4.38495e+06 
235 4.59448e+06 
236 4.80625e+06 
237 5.00697e+06 
238 5.23326e+06 
239 5.456e+06 
240 5.6879e+06 
241 5.9268e+06 
242 6.17667e+06 
243 6.42242e+06 
244 6.67334e+06 
245 6.93104e+06 
246 7.19999e+06 
247 7.48173e+06 
248 7.73775e+06 
249 8.02667e+06 
250 8.3114e+06 
251 8.59444e+06 
252 8.9011e+06 
253 9.19846e+06 
254 9.52667e+06 
255 9.85683e+06 
256 1.01841e+07 
257 1.05225e+07 
258 1.0856e+07 
259 1.12157e+07 
260 1.15643e+07 
261 1.1926e+07 
262 1.23012e+07 
263 1.26892e+07 
264 1.30804e+07 
265 1.34814e+07 
266 1.38931e+07 
267 1.43226e+07 
268 1.47538e+07 
269 1.51967e+07 
270 1.56659e+07 
271 1.61481e+07 
272 1.66295e+07 
273 1.71479e+07 
274 1.76801e+07 
275 1.8213e+07 
276 1.8756e+07 
277 1.92955e+07 
278 1.98624e+07 
279 2.04408e+07 
280 2.10559e+07 
281 2.16904e+07 
282 2.23335e+07 
283 2.29843e+07 
284 2.3659e+07 
285 2.43488e+07 
286 2.50789e+07 
287 2.58288e+07 
288 2.65872e+07 
289 2.73483e+07 
290 2.81417e+07 
291 2.8938e+07 
292 2.97519e+07 
293 3.05955e+07 
294 3.1466e+07 
295 3.23406e+07 
296 3.32454e+07 
297 3.41638e+07 
298 3.51055e+07 
299 3.60847e+07 
300 3.70878e+07 
301 3.8131e+07 
302 3.91735e+07 
303 4.02402e+07 
304 4.13443e+07 
305 4.24655e+07 
306 4.36095e+07 
307 4.47776e+07 
308 4.59696e+07 
309 4.71672e+07 
310 4.84082e+07 
311 4.96923e+07 
312 5.10081e+07 
313 5.23872e+07 
314 5.38264e+07 
315 5.53275e+07 
316 5.68531e+07 
317 5.84884e+07 
318 6.01157e+07 
319 6.17898e+07 
320 6.35237e+07 
321 6.5351e+07 
322 6.72115e+07 
323 6.91319e+07 
324 7.1084e+07 
325 7.3125e+07 
326 7.5193e+07 
327 7.72964e+07 
328 7.94851e+07 
329 8.16685e+07 
330 8.39369e+07 
331 8.62347e+07 
332 8.85372e+07 
333 9.09049e+07 
334 9.33379e+07 
335 9.58436e+07 
336 9.83703e+07 
337 1.00941e+08 
338 1.03532e+08 
339 1.06199e+08 
340 1.08896e+08 
341 1.11623e+08 
342 1.14379e+08 
343 1.17115e+08 
344 1.19958e+08 
345 1.22811e+08 
346 1.25665e+08 
347 1.2848e+08 
348 1.31392e+08 
349 1.34313e+08 
350 1.3728e+08 
351 1.40259e+08 
352 1.43198e+08 
353 1.46327e+08 
354 1.49407e+08 
355 1.52491e+08 
356 1.55664e+08 
357 1.58795e+08 
358 1.61969e+08 
359 1.65135e+08 
360 1.68328e+08 
361 1.71464e+08 
362 1.7463e+08 
363 1.77798e+08 
364 1.80947e+08 
365 1.84091e+08 
366 1.87248e+08 
367 1.90289e+08 
368 1.93348e+08 
369 1.96334e+08 
370 1.99347e+08 
371 2.02353e+08 
372 2.05322e+08 
373 2.08162e+08 
374 2.11035e+08 
375 2.13809e+08 
376 2.16485e+08 
377 2.19089e+08 
378 2.21558e+08 
379 2.23952e+08 
380 2.26252e+08 
381 2.28495e+08 
382 2.30566e+08 
383 2.32528e+08 
384 2.34337e+08 
385 2.36079e+08 
386 2.37635e+08 
387 2.39089e+08 
388 2.40375e+08 
389 2.41606e+08 
390 2.42655e+08 
391 2.43599e+08 
392 2.44363e+08 
393 2.44999e+08 
394 2.45459e+08 
395 2.45712e+08 
396 2.45885e+08 
397 2.45831e+08 
398 2.45587e+08 
399 2.45158e+08 
400 2.44499e+08 
401 2.4364e+08 
402 2.42638e+08 
403 2.41393e+08 
404 2.39973e+08 
405 2.38314e+08 
406 2.36474e+08 
407 2.34413e+08 
408 2.3223e+08 
409 2.29886e+08 
410 2.27342e+08 
411 2.24665e+08 
412 2.21887e+08 
413 2.18837e+08 
414 2.15645e+08 
415 2.12354e+08 
416 2.08982e+08 
417 2.05492e+08 
418 2.01869e+08 
419 1.98145e+08 
420 1.94344e+08 
421 1.90526e+08 
422 1.86607e+08 
423 1.82661e+08 
424 1.78667e+08 
425 1.74572e+08 
426 1.70505e+08 
427 1.66387e+08 
428 1.62298e+08 
429 1.58258e+08 
430 1.5425e+08 
431 1.50223e+08 
432 1.46203e+08 
433 1.42229e+08 
434 1.38288e+08 
435 1.34332e+08 
436 1.30387e+08 
437 1.26562e+08 
438 1.22732e+08 
439 1.18934e+08 
440 1.15182e+08 
441 1.11475e+08 
442 1.07764e+08 
443 1.04125e+08 
444 1.00552e+08 
445 9.70224e+07 
446 9.35828e+07 
447 9.01875e+07 
448 8.68362e+07 
449 8.35908e+07 
450 8.0398e+07 
451 7.72608e+07 
452 7.42044e+07 
453 7.12441e+07 
454 6.83435e+07 
455 6.55312e+07 
456 6.27816e+07 
457 6.01047e+07 
458 5.7548e+07 
459 5.50362e+07 
460 5.26144e+07 
461 5.02762e+07 
462 4.80109e+07 
463 4.57903e+07 
464 4.36653e+07 
465 4.16239e+07 
466 3.96339e+07 
467 3.77449e+07 
468 3.58671e+07 
469 3.40985e+07 
470 3.24159e+07 
471 3.08252e+07 
472 2.92957e+07 
473 2.77804e+07 
474 2.63497e+07 
475 2.49772e+07 
476 2.36919e+07 
477 2.24462e+07 
478 2.12577e+07 
479 2.01463e+07 
480 1.90753e+07 
481 1.80721e+07 
482 1.71166e+07 
483 1.62242e+07 
484 1.53492e+07 
485 1.45478e+07 
486 1.3753e+07 
487 1.30102e+07 
488 1.22854e+07 
489 1.16028e+07 
490 1.09567e+07 
491 1.03345e+07 
492 9.74422e+06 
493 9.17831e+06 
494 8.65645e+06 
495 8.15361e+06 
496 7.68611e+06 
497 7.24575e+06 
498 6.8223e+06 
499 6.41319e+06 
500 6.04251e+06 
501 5.68674e+06 
502 5.35232e+06 
503 5.03007e+06 
504 4.72343e+06 
505 4.44635e+06 
506 4.18132e+06 
507 3.94494e+06 
508 3.70356e+06 
509 3.48705e+06 
510 3.28372e+06 
511 3.09265e+06 
512 2.90757e+06 
513 2.73931e+06 
514 2.58146e+06 
515 2.42714e+06 
516 2.28474e+06 
517 2.14841e+06 
518 2.03081e+06 
519 1.91717e+06 
520 1.8135e+06 
521 1.71212e+06 
522 1.616e+06 
523 1.52299e+06 
524 1.43599e+06 
525 1.35577e+06 
526 1.27738e+06 
527 1.20715e+06 
528 1.1352e+06 
529 1.06468e+06 
530 1.00264e+06 
531 947595 
532 890705 
533 840260 
534 791147 
535 746183 
536 702472 
537 660501 
538 613770 
539 571498 
540 532725 
541 494475 
542 458459 
543 428533 
544 398274 
545 368022 
546 339940 
547 312593 
548 286453 
549 260489 
550 236052 
551 214139 
552 192475 
553 172091 
554 154784 
555 140304 
556 127023 
557 113861 
558 101177 
559 89861 
560 79239 
561 68984 
562 61491 
563 53460 
564 46660 
565 39652 
566 34220 
567 30003 
568 25984 
569 22273 
570 19238 
571 16773 
572 13961 
573 12179 
574 10431 
575 8734 
576 7168 
577 6066 
578 4779 
579 3714 
580 2879 
581 2378 
582 1907 
583 1456 
584 1158 
585 982 
586 740 
587 589 
588 465 
589 289 
590 230 
591 161 
592 113 
593 73 
594 37 
595 26 
596 16 
597 27 
598 13 
599 7 
600 11 
601 8 
602 1 
603 0 
604 0 
605 0 
606 0 
607 0 
608 0 
609 0 
610 0 
611 0 
612 0 
613 0 
614 0 
615 0 
616 0 
617 0 
618 0 
619 0 
620 0 
621 0 
622 0 
623 0 
624 0 
625 0 
626 0 
627 0 
628 0 
629 0 
630 0 
631 0 
632 0 
633 0 
634 0 
635 0 
636 0 
637 0 
638 0 
639 0 
640 0 
641 0 
642 0 
643 0 
644 0 
645 0 
646 0 
647 0 
648 0 
649 0 
650 0 
651 0 
652 0 
653 0 
654 0 
655 0 
656 0 
657 0 
658 0 
659 0 
660 0 
661 0 
662 0 
663 0 
664 0 
665 0 
666 0 
667 0 
668 0 
669 0 
670 0 
671 0 
672 0 
673 0 
674 0 
675 0 
676 0 
677 0 
678 0 
679 0 
680 0 
681 0 
682 0 
683 0 
684 0 
685 0 
686 0 
687 0 
688 0 
689 0 
690 0 
691 0 
692 0 
693 0 
694 0 
695 0 
696 0 
697 0 
698 0 
699 0 
700 0 
701 0 
702 0 
703 0 
704 0 
705 0 
706 0 
707 0 
708 0 
709 0 
710 0 
711 0 
712 0 
713 0 
714 0 
715 0 
716 0 
717 0 
718 0 
719 0 
720 0 
721 0 
722 0 
723 0 
724 0 
725 0 
726 0 
727 0 
728 0 
729 0 
730 0 
731 0 
732 0 
733 0 
734 0 
735 0 
736 0 
737 0 
738 0 
739 0 
740 0 
741 0 
742 0 
743 0 
744 0 
745 0 
746 0 
747 0 
748 0 
749 0 
750 0 
751 0 
752 0 
753 0 
754 0 
755 0 
756 0 
757 0 
758 0 
759 0 
760 0 
761 0 
762 0 
763 0 
764 0 
765 0 
766 0 
767 0 
768 0 
769 0 
770 0 
771 0 
772 0 
773 0 
774 0 
775 0 
776 0 
777 0 
778 0 
779 0 
780 0 
781 0 
782 0 
783 0 
784 0 
785 0 
786 0 
787 0 
788 0 
789 0 
790 0 
791 0 
792 0 
793 0 
794 0 
795 0 
796 0 
797 0 
798 0 
799 0 
