0 0 
1 0 
2 0 
3 0 
4 0 
5 0 
6 0 
7 0 
8 0 
9 0 
10 0 
11 0 
12 0 
13 0 
14 0 
15 0 
16 0 
17 0 
18 0 
19 0 
20 0 
21 0 
22 0 
23 0 
24 0 
25 0 
26 0 
27 0 
28 0 
29 0 
30 0 
31 0 
32 0 
33 0 
34 0 
35 0 
36 0 
37 0 
38 0 
39 0 
40 0 
41 0 
42 0 
43 0 
44 0 
45 0 
46 0 
47 0 
48 0 
49 0 
50 0 
51 0 
52 0 
53 0 
54 0 
55 0 
56 0 
57 0 
58 0 
59 0 
60 0 
61 0 
62 0 
63 0 
64 0 
65 0 
66 0 
67 0 
68 0 
69 0 
70 0 
71 0 
72 0 
73 0 
74 0 
75 0 
76 0 
77 0 
78 0 
79 0 
80 0 
81 0 
82 0 
83 0 
84 0 
85 0 
86 0 
87 0 
88 0 
89 0 
90 0 
91 0 
92 0 
93 0 
94 0 
95 0 
96 0 
97 0 
98 0 
99 0 
100 0 
101 0 
102 0 
103 0 
104 0 
105 0 
106 0 
107 0 
108 0 
109 0 
110 0 
111 0 
112 0 
113 0 
114 0 
115 0 
116 0 
117 0 
118 0 
119 0 
120 0 
121 0 
122 0 
123 0 
124 0 
125 0 
126 0 
127 0 
128 0 
129 0 
130 0 
131 0 
132 0 
133 0 
134 0 
135 0 
136 0 
137 0 
138 0 
139 0 
140 0 
141 0 
142 0 
143 0 
144 0 
145 0 
146 0 
147 0 
148 0 
149 0 
150 0 
151 0 
152 0 
153 0 
154 0 
155 0 
156 0 
157 0 
158 0 
159 0 
160 0 
161 0 
162 0 
163 0 
164 0 
165 0 
166 0 
167 0 
168 0 
169 0 
170 0 
171 0 
172 0 
173 0 
174 0 
175 0 
176 0 
177 0 
178 0 
179 0 
180 0 
181 0 
182 0 
183 0 
184 0 
185 0 
186 0 
187 0 
188 0 
189 0 
190 0 
191 0 
192 0 
193 0 
194 0 
195 0 
196 0 
197 0 
198 0 
199 0 
200 0 
201 0 
202 0 
203 0 
204 0 
205 0 
206 0 
207 0 
208 0 
209 0 
210 0 
211 0 
212 0 
213 0 
214 0 
215 0 
216 0 
217 0 
218 0 
219 0 
220 0 
221 0 
222 0 
223 0 
224 0 
225 0 
226 0 
227 0 
228 0 
229 0 
230 0 
231 0 
232 0 
233 0 
234 0 
235 0 
236 0 
237 0 
238 0 
239 0 
240 0 
241 0 
242 0 
243 0 
244 0 
245 0 
246 0 
247 0 
248 0 
249 0 
250 0 
251 0 
252 0 
253 0 
254 0 
255 0 
256 0 
257 0 
258 0 
259 0 
260 0 
261 0 
262 0 
263 0 
264 0 
265 0 
266 0 
267 0 
268 0 
269 0 
270 0 
271 0 
272 0 
273 0 
274 0 
275 0 
276 0 
277 0 
278 0 
279 0 
280 0 
281 0 
282 0 
283 0 
284 0 
285 0 
286 0 
287 0 
288 7 
289 14 
290 92 
291 269 
292 448 
293 861 
294 1741 
295 3456 
296 5864 
297 10116 
298 17568 
299 26653 
300 41948 
301 62401 
302 93289 
303 139263 
304 204923 
305 283137 
306 380646 
307 506739 
308 659492 
309 824316 
310 1.00799e+06 
311 1.19876e+06 
312 1.40805e+06 
313 1.60495e+06 
314 1.83446e+06 
315 2.10859e+06 
316 2.42412e+06 
317 2.77507e+06 
318 3.13959e+06 
319 3.50919e+06 
320 3.89469e+06 
321 4.31094e+06 
322 4.75735e+06 
323 5.2767e+06 
324 5.85388e+06 
325 6.48526e+06 
326 7.16095e+06 
327 7.8948e+06 
328 8.69579e+06 
329 9.59686e+06 
330 1.0607e+07 
331 1.16603e+07 
332 1.2842e+07 
333 1.40627e+07 
334 1.53628e+07 
335 1.66885e+07 
336 1.81332e+07 
337 1.96128e+07 
338 2.111e+07 
339 2.26668e+07 
340 2.42621e+07 
341 2.59976e+07 
342 2.79293e+07 
343 3.01019e+07 
344 3.24656e+07 
345 3.49022e+07 
346 3.75129e+07 
347 4.03309e+07 
348 4.33049e+07 
349 4.63312e+07 
350 4.93502e+07 
351 5.22932e+07 
352 5.52294e+07 
353 5.8266e+07 
354 6.14536e+07 
355 6.49115e+07 
356 6.85305e+07 
357 7.2498e+07 
358 7.66917e+07 
359 8.10197e+07 
360 8.57766e+07 
361 9.08461e+07 
362 9.63826e+07 
363 1.02236e+08 
364 1.08686e+08 
365 1.15699e+08 
366 1.23343e+08 
367 1.31658e+08 
368 1.40685e+08 
369 1.50377e+08 
370 1.60545e+08 
371 1.71411e+08 
372 1.82949e+08 
373 1.94938e+08 
374 2.07562e+08 
375 2.20534e+08 
376 2.33789e+08 
377 2.47362e+08 
378 2.61368e+08 
379 2.75546e+08 
380 2.89777e+08 
381 3.03907e+08 
382 3.17925e+08 
383 3.31972e+08 
384 3.4616e+08 
385 3.60024e+08 
386 3.73929e+08 
387 3.87522e+08 
388 4.01311e+08 
389 4.14372e+08 
390 4.26931e+08 
391 4.39247e+08 
392 4.50923e+08 
393 4.62098e+08 
394 4.72732e+08 
395 4.8231e+08 
396 4.90663e+08 
397 4.978e+08 
398 5.03078e+08 
399 5.06535e+08 
400 5.07916e+08 
401 5.07004e+08 
402 5.04114e+08 
403 4.99403e+08 
404 4.92722e+08 
405 4.84306e+08 
406 4.74642e+08 
407 4.63626e+08 
408 4.51276e+08 
409 4.37889e+08 
410 4.23758e+08 
411 4.08804e+08 
412 3.93468e+08 
413 3.77976e+08 
414 3.62585e+08 
415 3.46867e+08 
416 3.31285e+08 
417 3.15929e+08 
418 3.00806e+08 
419 2.85572e+08 
420 2.70351e+08 
421 2.55013e+08 
422 2.39921e+08 
423 2.24939e+08 
424 2.10411e+08 
425 1.96534e+08 
426 1.83118e+08 
427 1.70258e+08 
428 1.57938e+08 
429 1.46702e+08 
430 1.36213e+08 
431 1.2639e+08 
432 1.1731e+08 
433 1.08859e+08 
434 1.00849e+08 
435 9.35048e+07 
436 8.67499e+07 
437 8.06871e+07 
438 7.52187e+07 
439 7.03908e+07 
440 6.61296e+07 
441 6.22338e+07 
442 5.85532e+07 
443 5.50529e+07 
444 5.17933e+07 
445 4.88611e+07 
446 4.61398e+07 
447 4.35187e+07 
448 4.09862e+07 
449 3.85443e+07 
450 3.62782e+07 
451 3.40791e+07 
452 3.20126e+07 
453 3.00809e+07 
454 2.837e+07 
455 2.6903e+07 
456 2.56081e+07 
457 2.4411e+07 
458 2.33282e+07 
459 2.24359e+07 
460 2.16145e+07 
461 2.08989e+07 
462 2.01841e+07 
463 1.95184e+07 
464 1.88437e+07 
465 1.82194e+07 
466 1.76691e+07 
467 1.71369e+07 
468 1.66549e+07 
469 1.62368e+07 
470 1.58865e+07 
471 1.56139e+07 
472 1.53962e+07 
473 1.51647e+07 
474 1.49757e+07 
475 1.48637e+07 
476 1.48119e+07 
477 1.48048e+07 
478 1.48585e+07 
479 1.49279e+07 
480 1.49346e+07 
481 1.48861e+07 
482 1.473e+07 
483 1.44756e+07 
484 1.41392e+07 
485 1.37101e+07 
486 1.32492e+07 
487 1.27257e+07 
488 1.2162e+07 
489 1.15428e+07 
490 1.09682e+07 
491 1.03637e+07 
492 9.77806e+06 
493 9.17486e+06 
494 8.51888e+06 
495 7.83585e+06 
496 7.16831e+06 
497 6.53258e+06 
498 5.91727e+06 
499 5.34106e+06 
500 4.79609e+06 
501 4.29379e+06 
502 3.81681e+06 
503 3.35821e+06 
504 2.92165e+06 
505 2.5126e+06 
506 2.09814e+06 
507 1.7416e+06 
508 1.43221e+06 
509 1.15326e+06 
510 908513 
511 703354 
512 540370 
513 414469 
514 313724 
515 232703 
516 166647 
517 115060 
518 76485 
519 47125 
520 27699 
521 14676 
522 7155 
523 3076 
524 1304 
525 506 
526 148 
527 64 
528 10 
529 10 
530 9 
531 0 
532 0 
533 0 
534 0 
535 0 
536 0 
537 0 
538 0 
539 0 
540 0 
541 0 
542 0 
543 0 
544 0 
545 0 
546 0 
547 0 
548 0 
549 0 
550 0 
551 0 
552 0 
553 0 
554 0 
555 0 
556 0 
557 0 
558 0 
559 0 
560 0 
561 0 
562 0 
563 0 
564 0 
565 0 
566 0 
567 0 
568 0 
569 0 
570 0 
571 0 
572 0 
573 0 
574 0 
575 0 
576 0 
577 0 
578 0 
579 0 
580 0 
581 0 
582 0 
583 0 
584 0 
585 0 
586 0 
587 0 
588 0 
589 0 
590 0 
591 0 
592 0 
593 0 
594 0 
595 0 
596 0 
597 0 
598 0 
599 0 
600 0 
601 0 
602 0 
603 0 
604 0 
605 0 
606 0 
607 0 
608 0 
609 0 
610 0 
611 0 
612 0 
613 0 
614 0 
615 0 
616 0 
617 0 
618 0 
619 0 
620 0 
621 0 
622 0 
623 0 
624 0 
625 0 
626 0 
627 0 
628 0 
629 0 
630 0 
631 0 
632 0 
633 0 
634 0 
635 0 
636 0 
637 0 
638 0 
639 0 
640 0 
641 0 
642 0 
643 0 
644 0 
645 0 
646 0 
647 0 
648 0 
649 0 
650 0 
651 0 
652 0 
653 0 
654 0 
655 0 
656 0 
657 0 
658 0 
659 0 
660 0 
661 0 
662 0 
663 0 
664 0 
665 0 
666 0 
667 0 
668 0 
669 0 
670 0 
671 0 
672 0 
673 0 
674 0 
675 0 
676 0 
677 0 
678 0 
679 0 
680 0 
681 0 
682 0 
683 0 
684 0 
685 0 
686 0 
687 0 
688 0 
689 0 
690 0 
691 0 
692 0 
693 0 
694 0 
695 0 
696 0 
697 0 
698 0 
699 0 
700 0 
701 0 
702 0 
703 0 
704 0 
705 0 
706 0 
707 0 
708 0 
709 0 
710 0 
711 0 
712 0 
713 0 
714 0 
715 0 
716 0 
717 0 
718 0 
719 0 
720 0 
721 0 
722 0 
723 0 
724 0 
725 0 
726 0 
727 0 
728 0 
729 0 
730 0 
731 0 
732 0 
733 0 
734 0 
735 0 
736 0 
737 0 
738 0 
739 0 
740 0 
741 0 
742 0 
743 0 
744 0 
745 0 
746 0 
747 0 
748 0 
749 0 
750 0 
751 0 
752 0 
753 0 
754 0 
755 0 
756 0 
757 0 
758 0 
759 0 
760 0 
761 0 
762 0 
763 0 
764 0 
765 0 
766 0 
767 0 
768 0 
769 0 
770 0 
771 0 
772 0 
773 0 
774 0 
775 0 
776 0 
777 0 
778 0 
779 0 
780 0 
781 0 
782 0 
783 0 
784 0 
785 0 
786 0 
787 0 
788 0 
789 0 
790 0 
791 0 
792 0 
793 0 
794 0 
795 0 
796 0 
797 0 
798 0 
799 0 
