0 0 
1 0 
2 0 
3 0 
4 0 
5 0 
6 0 
7 0 
8 0 
9 0 
10 0 
11 0 
12 0 
13 0 
14 0 
15 0 
16 0 
17 0 
18 0 
19 0 
20 0 
21 0 
22 0 
23 0 
24 0 
25 0 
26 3 
27 9 
28 18 
29 37 
30 72 
31 69 
32 139 
33 203 
34 274 
35 454 
36 621 
37 913 
38 1183 
39 1603 
40 1980 
41 2531 
42 3048 
43 3723 
44 4621 
45 5571 
46 6930 
47 8495 
48 10305 
49 12523 
50 15141 
51 18448 
52 21746 
53 25054 
54 29095 
55 32854 
56 36646 
57 40506 
58 44782 
59 49037 
60 53688 
61 59802 
62 65893 
63 73316 
64 80357 
65 89185 
66 97218 
67 106435 
68 117500 
69 128994 
70 138929 
71 150846 
72 162655 
73 174782 
74 187745 
75 202673 
76 216248 
77 234202 
78 251351 
79 269336 
80 288441 
81 309789 
82 331257 
83 352523 
84 373099 
85 395819 
86 420171 
87 446123 
88 475273 
89 504319 
90 534737 
91 566038 
92 600795 
93 636645 
94 675512 
95 718108 
96 758874 
97 805160 
98 852754 
99 902631 
100 958033 
101 1.01062e+06 
102 1.06704e+06 
103 1.12958e+06 
104 1.19056e+06 
105 1.25933e+06 
106 1.32989e+06 
107 1.40511e+06 
108 1.48144e+06 
109 1.5605e+06 
110 1.6421e+06 
111 1.72245e+06 
112 1.81123e+06 
113 1.89673e+06 
114 1.98022e+06 
115 2.07168e+06 
116 2.16353e+06 
117 2.25964e+06 
118 2.3614e+06 
119 2.47373e+06 
120 2.58228e+06 
121 2.69772e+06 
122 2.80829e+06 
123 2.91852e+06 
124 3.02912e+06 
125 3.14331e+06 
126 3.26206e+06 
127 3.38884e+06 
128 3.49986e+06 
129 3.62358e+06 
130 3.7527e+06 
131 3.87977e+06 
132 4.01611e+06 
133 4.15196e+06 
134 4.28018e+06 
135 4.40222e+06 
136 4.52948e+06 
137 4.66272e+06 
138 4.7822e+06 
139 4.90776e+06 
140 5.03853e+06 
141 5.16446e+06 
142 5.29912e+06 
143 5.43105e+06 
144 5.56569e+06 
145 5.69405e+06 
146 5.83936e+06 
147 5.99095e+06 
148 6.14472e+06 
149 6.2836e+06 
150 6.42696e+06 
151 6.58927e+06 
152 6.74245e+06 
153 6.89853e+06 
154 7.05512e+06 
155 7.21515e+06 
156 7.38986e+06 
157 7.56423e+06 
158 7.72121e+06 
159 7.8851e+06 
160 8.05955e+06 
161 8.22914e+06 
162 8.40448e+06 
163 8.5852e+06 
164 8.75727e+06 
165 8.93606e+06 
166 9.11876e+06 
167 9.31379e+06 
168 9.50567e+06 
169 9.70091e+06 
170 9.90866e+06 
171 1.00928e+07 
172 1.02938e+07 
173 1.04881e+07 
174 1.06894e+07 
175 1.08867e+07 
176 1.10719e+07 
177 1.12676e+07 
178 1.14687e+07 
179 1.1654e+07 
180 1.18428e+07 
181 1.2029e+07 
182 1.22135e+07 
183 1.23979e+07 
184 1.25768e+07 
185 1.2757e+07 
186 1.29471e+07 
187 1.31561e+07 
188 1.33402e+07 
189 1.3568e+07 
190 1.37816e+07 
191 1.40168e+07 
192 1.42543e+07 
193 1.4513e+07 
194 1.4774e+07 
195 1.50213e+07 
196 1.5284e+07 
197 1.55756e+07 
198 1.5851e+07 
199 1.61292e+07 
200 1.6403e+07 
201 1.66966e+07 
202 1.69767e+07 
203 1.72754e+07 
204 1.75726e+07 
205 1.78857e+07 
206 1.82165e+07 
207 1.85338e+07 
208 1.88617e+07 
209 1.92184e+07 
210 1.96109e+07 
211 2.00021e+07 
212 2.03923e+07 
213 2.08128e+07 
214 2.12516e+07 
215 2.16921e+07 
216 2.21217e+07 
217 2.25561e+07 
218 2.30068e+07 
219 2.34567e+07 
220 2.3936e+07 
221 2.4428e+07 
222 2.49292e+07 
223 2.54371e+07 
224 2.59564e+07 
225 2.64852e+07 
226 2.70367e+07 
227 2.76057e+07 
228 2.81943e+07 
229 2.87802e+07 
230 2.93846e+07 
231 3.00155e+07 
232 3.06673e+07 
233 3.13178e+07 
234 3.19674e+07 
235 3.26357e+07 
236 3.32811e+07 
237 3.39342e+07 
238 3.45819e+07 
239 3.52425e+07 
240 3.58782e+07 
241 3.65296e+07 
242 3.71869e+07 
243 3.78395e+07 
244 3.85003e+07 
245 3.91563e+07 
246 3.98124e+07 
247 4.04372e+07 
248 4.10364e+07 
249 4.16425e+07 
250 4.22313e+07 
251 4.28363e+07 
252 4.34154e+07 
253 4.39897e+07 
254 4.45356e+07 
255 4.50721e+07 
256 4.5598e+07 
257 4.60906e+07 
258 4.659e+07 
259 4.70601e+07 
260 4.75399e+07 
261 4.80056e+07 
262 4.84491e+07 
263 4.8883e+07 
264 4.92782e+07 
265 4.97033e+07 
266 5.01281e+07 
267 5.0551e+07 
268 5.09421e+07 
269 5.13213e+07 
270 5.17159e+07 
271 5.21043e+07 
272 5.249e+07 
273 5.28695e+07 
274 5.32055e+07 
275 5.35508e+07 
276 5.38753e+07 
277 5.41753e+07 
278 5.4481e+07 
279 5.4695e+07 
280 5.49526e+07 
281 5.52202e+07 
282 5.54466e+07 
283 5.56495e+07 
284 5.58519e+07 
285 5.60474e+07 
286 5.62234e+07 
287 5.63735e+07 
288 5.65664e+07 
289 5.6737e+07 
290 5.68889e+07 
291 5.70496e+07 
292 5.72034e+07 
293 5.7329e+07 
294 5.74186e+07 
295 5.75054e+07 
296 5.75673e+07 
297 5.76173e+07 
298 5.76199e+07 
299 5.76172e+07 
300 5.7623e+07 
301 5.7624e+07 
302 5.75922e+07 
303 5.75246e+07 
304 5.74963e+07 
305 5.74251e+07 
306 5.73504e+07 
307 5.72337e+07 
308 5.70896e+07 
309 5.69419e+07 
310 5.67763e+07 
311 5.65926e+07 
312 5.63799e+07 
313 5.61191e+07 
314 5.58967e+07 
315 5.56441e+07 
316 5.5391e+07 
317 5.51047e+07 
318 5.48456e+07 
319 5.45831e+07 
320 5.43083e+07 
321 5.40059e+07 
322 5.37504e+07 
323 5.34918e+07 
324 5.32409e+07 
325 5.29476e+07 
326 5.267e+07 
327 5.24277e+07 
328 5.21605e+07 
329 5.18865e+07 
330 5.16328e+07 
331 5.13975e+07 
332 5.11653e+07 
333 5.09479e+07 
334 5.07388e+07 
335 5.05225e+07 
336 5.03154e+07 
337 5.01224e+07 
338 4.9933e+07 
339 4.97454e+07 
340 4.95847e+07 
341 4.94096e+07 
342 4.9259e+07 
343 4.91285e+07 
344 4.90006e+07 
345 4.88689e+07 
346 4.87676e+07 
347 4.86656e+07 
348 4.85992e+07 
349 4.85702e+07 
350 4.85677e+07 
351 4.854e+07 
352 4.85374e+07 
353 4.85896e+07 
354 4.86815e+07 
355 4.87895e+07 
356 4.89612e+07 
357 4.9168e+07 
358 4.93722e+07 
359 4.95921e+07 
360 4.98289e+07 
361 5.00977e+07 
362 5.03889e+07 
363 5.0717e+07 
364 5.10557e+07 
365 5.14408e+07 
366 5.18509e+07 
367 5.22941e+07 
368 5.27094e+07 
369 5.31829e+07 
370 5.36639e+07 
371 5.41676e+07 
372 5.46862e+07 
373 5.52478e+07 
374 5.5815e+07 
375 5.63983e+07 
376 5.70122e+07 
377 5.76179e+07 
378 5.82121e+07 
379 5.88435e+07 
380 5.94987e+07 
381 6.01362e+07 
382 6.07627e+07 
383 6.14232e+07 
384 6.20715e+07 
385 6.27768e+07 
386 6.34774e+07 
387 6.41824e+07 
388 6.48496e+07 
389 6.55286e+07 
390 6.62222e+07 
391 6.69752e+07 
392 6.76445e+07 
393 6.83269e+07 
394 6.90187e+07 
395 6.96923e+07 
396 7.03838e+07 
397 7.1062e+07 
398 7.17035e+07 
399 7.23452e+07 
400 7.29259e+07 
401 7.35455e+07 
402 7.4072e+07 
403 7.45882e+07 
404 7.5078e+07 
405 7.56175e+07 
406 7.61053e+07 
407 7.66143e+07 
408 7.70768e+07 
409 7.75544e+07 
410 7.80294e+07 
411 7.8488e+07 
412 7.89378e+07 
413 7.93669e+07 
414 7.98209e+07 
415 8.02308e+07 
416 8.06211e+07 
417 8.10526e+07 
418 8.14394e+07 
419 8.18058e+07 
420 8.22381e+07 
421 8.26211e+07 
422 8.30012e+07 
423 8.33666e+07 
424 8.37339e+07 
425 8.4132e+07 
426 8.44353e+07 
427 8.47748e+07 
428 8.50855e+07 
429 8.54126e+07 
430 8.56641e+07 
431 8.59275e+07 
432 8.6191e+07 
433 8.64102e+07 
434 8.66236e+07 
435 8.68745e+07 
436 8.70655e+07 
437 8.72779e+07 
438 8.74732e+07 
439 8.76524e+07 
440 8.79034e+07 
441 8.81773e+07 
442 8.84664e+07 
443 8.87152e+07 
444 8.89684e+07 
445 8.91569e+07 
446 8.93551e+07 
447 8.95455e+07 
448 8.97334e+07 
449 8.99079e+07 
450 9.011e+07 
451 9.02758e+07 
452 9.03831e+07 
453 9.04805e+07 
454 9.06104e+07 
455 9.06347e+07 
456 9.06634e+07 
457 9.06827e+07 
458 9.06775e+07 
459 9.06504e+07 
460 9.06577e+07 
461 9.06612e+07 
462 9.06158e+07 
463 9.05208e+07 
464 9.04053e+07 
465 9.02853e+07 
466 9.01687e+07 
467 9.00552e+07 
468 8.98647e+07 
469 8.97262e+07 
470 8.95078e+07 
471 8.92997e+07 
472 8.90398e+07 
473 8.88234e+07 
474 8.85622e+07 
475 8.82994e+07 
476 8.80541e+07 
477 8.77703e+07 
478 8.74845e+07 
479 8.71616e+07 
480 8.68165e+07 
481 8.64939e+07 
482 8.61288e+07 
483 8.5801e+07 
484 8.54403e+07 
485 8.50698e+07 
486 8.46419e+07 
487 8.42298e+07 
488 8.38309e+07 
489 8.34268e+07 
490 8.30433e+07 
491 8.2695e+07 
492 8.23612e+07 
493 8.20117e+07 
494 8.16452e+07 
495 8.1263e+07 
496 8.09133e+07 
497 8.05043e+07 
498 8.01605e+07 
499 7.98089e+07 
500 7.944e+07 
501 7.90638e+07 
502 7.868e+07 
503 7.82841e+07 
504 7.78876e+07 
505 7.7468e+07 
506 7.70588e+07 
507 7.66799e+07 
508 7.626e+07 
509 7.58971e+07 
510 7.55113e+07 
511 7.51149e+07 
512 7.47048e+07 
513 7.43055e+07 
514 7.38752e+07 
515 7.34279e+07 
516 7.29999e+07 
517 7.25613e+07 
518 7.21172e+07 
519 7.16756e+07 
520 7.12254e+07 
521 7.07731e+07 
522 7.03595e+07 
523 6.9936e+07 
524 6.95357e+07 
525 6.9134e+07 
526 6.87313e+07 
527 6.83542e+07 
528 6.79629e+07 
529 6.76201e+07 
530 6.72682e+07 
531 6.69115e+07 
532 6.65271e+07 
533 6.61567e+07 
534 6.58572e+07 
535 6.5496e+07 
536 6.51153e+07 
537 6.47085e+07 
538 6.43379e+07 
539 6.39771e+07 
540 6.35955e+07 
541 6.32434e+07 
542 6.28693e+07 
543 6.24726e+07 
544 6.20744e+07 
545 6.16434e+07 
546 6.12061e+07 
547 6.07834e+07 
548 6.03639e+07 
549 5.99083e+07 
550 5.94404e+07 
551 5.8928e+07 
552 5.84245e+07 
553 5.79042e+07 
554 5.73655e+07 
555 5.68244e+07 
556 5.63004e+07 
557 5.57647e+07 
558 5.52407e+07 
559 5.47158e+07 
560 5.41753e+07 
561 5.36198e+07 
562 5.30715e+07 
563 5.24785e+07 
564 5.18538e+07 
565 5.12249e+07 
566 5.05874e+07 
567 4.99146e+07 
568 4.92485e+07 
569 4.85723e+07 
570 4.78953e+07 
571 4.72166e+07 
572 4.65373e+07 
573 4.58445e+07 
574 4.51482e+07 
575 4.44642e+07 
576 4.37461e+07 
577 4.3024e+07 
578 4.23061e+07 
579 4.15949e+07 
580 4.086e+07 
581 4.01365e+07 
582 3.93773e+07 
583 3.86737e+07 
584 3.79308e+07 
585 3.72133e+07 
586 3.65004e+07 
587 3.57896e+07 
588 3.51198e+07 
589 3.44627e+07 
590 3.38246e+07 
591 3.32022e+07 
592 3.25933e+07 
593 3.19824e+07 
594 3.13911e+07 
595 3.08235e+07 
596 3.023e+07 
597 2.96906e+07 
598 2.91488e+07 
599 2.86149e+07 
600 2.8118e+07 
601 2.76172e+07 
602 2.71292e+07 
603 2.66374e+07 
604 2.61918e+07 
605 2.57407e+07 
606 2.53111e+07 
607 2.4907e+07 
608 2.45127e+07 
609 2.41337e+07 
610 2.37656e+07 
611 2.33947e+07 
612 2.30348e+07 
613 2.26922e+07 
614 2.2346e+07 
615 2.20267e+07 
616 2.17154e+07 
617 2.13826e+07 
618 2.10248e+07 
619 2.06798e+07 
620 2.03347e+07 
621 1.99862e+07 
622 1.96345e+07 
623 1.92732e+07 
624 1.8928e+07 
625 1.85479e+07 
626 1.81541e+07 
627 1.776e+07 
628 1.73545e+07 
629 1.69543e+07 
630 1.65633e+07 
631 1.61631e+07 
632 1.57707e+07 
633 1.53835e+07 
634 1.49972e+07 
635 1.46198e+07 
636 1.42446e+07 
637 1.38812e+07 
638 1.35196e+07 
639 1.31619e+07 
640 1.28004e+07 
641 1.24452e+07 
642 1.2106e+07 
643 1.17721e+07 
644 1.14524e+07 
645 1.11331e+07 
646 1.08056e+07 
647 1.04865e+07 
648 1.01699e+07 
649 9.8607e+06 
650 9.55517e+06 
651 9.24041e+06 
652 8.94205e+06 
653 8.63768e+06 
654 8.35287e+06 
655 8.06444e+06 
656 7.76983e+06 
657 7.48576e+06 
658 7.22372e+06 
659 6.94005e+06 
660 6.64965e+06 
661 6.365e+06 
662 6.09742e+06 
663 5.8438e+06 
664 5.61335e+06 
665 5.37829e+06 
666 5.16185e+06 
667 4.94557e+06 
668 4.74178e+06 
669 4.54507e+06 
670 4.35292e+06 
671 4.16455e+06 
672 3.9797e+06 
673 3.79833e+06 
674 3.62687e+06 
675 3.46072e+06 
676 3.30102e+06 
677 3.15798e+06 
678 3.01415e+06 
679 2.88734e+06 
680 2.7612e+06 
681 2.6376e+06 
682 2.5133e+06 
683 2.40502e+06 
684 2.30217e+06 
685 2.19924e+06 
686 2.09403e+06 
687 2.00155e+06 
688 1.90362e+06 
689 1.81078e+06 
690 1.71446e+06 
691 1.62763e+06 
692 1.53562e+06 
693 1.45168e+06 
694 1.37502e+06 
695 1.29792e+06 
696 1.2264e+06 
697 1.15413e+06 
698 1.08916e+06 
699 1.02493e+06 
700 961482 
701 905319 
702 851022 
703 799896 
704 753134 
705 706072 
706 662931 
707 619907 
708 579421 
709 537607 
710 504988 
711 472662 
712 439306 
713 406586 
714 379940 
715 351705 
716 326744 
717 302137 
718 278151 
719 255416 
720 232460 
721 211881 
722 191734 
723 175044 
724 159276 
725 145843 
726 133408 
727 121585 
728 109610 
729 99546 
730 91716 
731 82810 
732 76336 
733 69262 
734 63372 
735 58337 
736 53163 
737 47864 
738 42723 
739 39364 
740 34996 
741 31046 
742 27071 
743 23020 
744 20234 
745 17861 
746 15542 
747 13569 
748 11931 
749 10723 
750 9607 
751 8289 
752 7252 
753 6190 
754 5622 
755 4685 
756 3989 
757 3630 
758 3185 
759 2817 
760 2520 
761 2050 
762 1879 
763 1496 
764 1189 
765 932 
766 656 
767 483 
768 408 
769 235 
770 161 
771 117 
772 117 
773 70 
774 36 
775 52 
776 37 
777 13 
778 14 
779 6 
780 16 
781 11 
782 6 
783 1 
784 0 
785 0 
786 0 
787 0 
788 0 
789 0 
790 0 
791 0 
792 0 
793 0 
794 0 
795 0 
796 0 
797 0 
798 0 
799 0 
