0 0 
1 14 
2 23 
3 35 
4 61 
5 66 
6 77 
7 83 
8 88 
9 162 
10 251 
11 408 
12 610 
13 811 
14 964 
15 1233 
16 1403 
17 1533 
18 1827 
19 2270 
20 2608 
21 3364 
22 3939 
23 4533 
24 5259 
25 6151 
26 7174 
27 8551 
28 9652 
29 11349 
30 12631 
31 13990 
32 15111 
33 16825 
34 17934 
35 19604 
36 20872 
37 21988 
38 23296 
39 24044 
40 25451 
41 27628 
42 29431 
43 31906 
44 35534 
45 38858 
46 43118 
47 48104 
48 52503 
49 57662 
50 64423 
51 70775 
52 78433 
53 87059 
54 95913 
55 107189 
56 119605 
57 131162 
58 140818 
59 152803 
60 165421 
61 179586 
62 192731 
63 203927 
64 215705 
65 228053 
66 241753 
67 254707 
68 268685 
69 281360 
70 293468 
71 305509 
72 322369 
73 337432 
74 353015 
75 367833 
76 381317 
77 395856 
78 411371 
79 428951 
80 445778 
81 463542 
82 479671 
83 493472 
84 508993 
85 527275 
86 542622 
87 558984 
88 574431 
89 590880 
90 609098 
91 624357 
92 642210 
93 654324 
94 665352 
95 677075 
96 691015 
97 703400 
98 711994 
99 730694 
100 743592 
101 753787 
102 770479 
103 788284 
104 807214 
105 831041 
106 851573 
107 881472 
108 910293 
109 945122 
110 979829 
111 1.01813e+06 
112 1.06128e+06 
113 1.10926e+06 
114 1.15914e+06 
115 1.20842e+06 
116 1.26503e+06 
117 1.31808e+06 
118 1.36894e+06 
119 1.42871e+06 
120 1.4913e+06 
121 1.55793e+06 
122 1.62658e+06 
123 1.6977e+06 
124 1.77386e+06 
125 1.85053e+06 
126 1.94004e+06 
127 2.0222e+06 
128 2.11802e+06 
129 2.2205e+06 
130 2.32171e+06 
131 2.42268e+06 
132 2.52941e+06 
133 2.63327e+06 
134 2.74234e+06 
135 2.84686e+06 
136 2.95753e+06 
137 3.06707e+06 
138 3.1692e+06 
139 3.28082e+06 
140 3.40077e+06 
141 3.51927e+06 
142 3.64349e+06 
143 3.77256e+06 
144 3.90782e+06 
145 4.04796e+06 
146 4.18966e+06 
147 4.34016e+06 
148 4.5066e+06 
149 4.65799e+06 
150 4.82359e+06 
151 4.99024e+06 
152 5.16437e+06 
153 5.33642e+06 
154 5.51348e+06 
155 5.69614e+06 
156 5.87038e+06 
157 6.05806e+06 
158 6.26512e+06 
159 6.4578e+06 
160 6.66282e+06 
161 6.8645e+06 
162 7.0724e+06 
163 7.27825e+06 
164 7.49557e+06 
165 7.70932e+06 
166 7.9428e+06 
167 8.16376e+06 
168 8.38684e+06 
169 8.62288e+06 
170 8.86691e+06 
171 9.11579e+06 
172 9.37583e+06 
173 9.6393e+06 
174 9.90758e+06 
175 1.01991e+07 
176 1.04715e+07 
177 1.07591e+07 
178 1.10552e+07 
179 1.13561e+07 
180 1.16517e+07 
181 1.19602e+07 
182 1.22832e+07 
183 1.25998e+07 
184 1.29636e+07 
185 1.33148e+07 
186 1.36816e+07 
187 1.405e+07 
188 1.44189e+07 
189 1.47973e+07 
190 1.5182e+07 
191 1.55878e+07 
192 1.60189e+07 
193 1.64617e+07 
194 1.69072e+07 
195 1.73486e+07 
196 1.77931e+07 
197 1.82311e+07 
198 1.8681e+07 
199 1.91476e+07 
200 1.96103e+07 
201 2.00625e+07 
202 2.05357e+07 
203 2.09904e+07 
204 2.14902e+07 
205 2.19816e+07 
206 2.24889e+07 
207 2.30085e+07 
208 2.35141e+07 
209 2.40165e+07 
210 2.45148e+07 
211 2.50202e+07 
212 2.55305e+07 
213 2.60516e+07 
214 2.65712e+07 
215 2.70978e+07 
216 2.75908e+07 
217 2.81155e+07 
218 2.86301e+07 
219 2.91565e+07 
220 2.96766e+07 
221 3.01794e+07 
222 3.06595e+07 
223 3.11665e+07 
224 3.16747e+07 
225 3.21785e+07 
226 3.26745e+07 
227 3.31676e+07 
228 3.36502e+07 
229 3.41424e+07 
230 3.46272e+07 
231 3.50913e+07 
232 3.55678e+07 
233 3.60599e+07 
234 3.65372e+07 
235 3.70309e+07 
236 3.75178e+07 
237 3.80138e+07 
238 3.84996e+07 
239 3.90096e+07 
240 3.9522e+07 
241 4.00348e+07 
242 4.05637e+07 
243 4.10573e+07 
244 4.15757e+07 
245 4.20966e+07 
246 4.2637e+07 
247 4.31632e+07 
248 4.36632e+07 
249 4.4156e+07 
250 4.46302e+07 
251 4.51433e+07 
252 4.56558e+07 
253 4.6188e+07 
254 4.66641e+07 
255 4.71626e+07 
256 4.76283e+07 
257 4.80517e+07 
258 4.85196e+07 
259 4.89695e+07 
260 4.93832e+07 
261 4.97604e+07 
262 5.01626e+07 
263 5.05225e+07 
264 5.08906e+07 
265 5.12089e+07 
266 5.1508e+07 
267 5.17689e+07 
268 5.20262e+07 
269 5.22197e+07 
270 5.24333e+07 
271 5.26062e+07 
272 5.27586e+07 
273 5.29067e+07 
274 5.30372e+07 
275 5.31882e+07 
276 5.33349e+07 
277 5.34755e+07 
278 5.36625e+07 
279 5.38093e+07 
280 5.39347e+07 
281 5.41114e+07 
282 5.4248e+07 
283 5.44251e+07 
284 5.46013e+07 
285 5.4772e+07 
286 5.49155e+07 
287 5.51233e+07 
288 5.53302e+07 
289 5.55637e+07 
290 5.57909e+07 
291 5.60258e+07 
292 5.63068e+07 
293 5.65595e+07 
294 5.68118e+07 
295 5.7114e+07 
296 5.73902e+07 
297 5.76626e+07 
298 5.79649e+07 
299 5.82714e+07 
300 5.85942e+07 
301 5.8915e+07 
302 5.9241e+07 
303 5.95514e+07 
304 5.99079e+07 
305 6.03007e+07 
306 6.06707e+07 
307 6.11003e+07 
308 6.15416e+07 
309 6.20189e+07 
310 6.25121e+07 
311 6.30713e+07 
312 6.3604e+07 
313 6.41641e+07 
314 6.47624e+07 
315 6.53174e+07 
316 6.58901e+07 
317 6.64756e+07 
318 6.70831e+07 
319 6.77452e+07 
320 6.84103e+07 
321 6.90733e+07 
322 6.97448e+07 
323 7.04206e+07 
324 7.10566e+07 
325 7.16956e+07 
326 7.23414e+07 
327 7.30063e+07 
328 7.36342e+07 
329 7.42378e+07 
330 7.48553e+07 
331 7.54643e+07 
332 7.60874e+07 
333 7.66754e+07 
334 7.7302e+07 
335 7.78534e+07 
336 7.84123e+07 
337 7.89527e+07 
338 7.94689e+07 
339 7.9981e+07 
340 8.05013e+07 
341 8.09687e+07 
342 8.14156e+07 
343 8.18702e+07 
344 8.22938e+07 
345 8.27036e+07 
346 8.30725e+07 
347 8.34389e+07 
348 8.38063e+07 
349 8.41518e+07 
350 8.44838e+07 
351 8.47828e+07 
352 8.50882e+07 
353 8.53984e+07 
354 8.56972e+07 
355 8.59697e+07 
356 8.62174e+07 
357 8.64453e+07 
358 8.66679e+07 
359 8.69005e+07 
360 8.71094e+07 
361 8.72787e+07 
362 8.74569e+07 
363 8.76289e+07 
364 8.77047e+07 
365 8.78066e+07 
366 8.78816e+07 
367 8.79635e+07 
368 8.80623e+07 
369 8.81809e+07 
370 8.82884e+07 
371 8.83825e+07 
372 8.84571e+07 
373 8.85317e+07 
374 8.8558e+07 
375 8.85995e+07 
376 8.86652e+07 
377 8.86685e+07 
378 8.86754e+07 
379 8.86384e+07 
380 8.86547e+07 
381 8.86618e+07 
382 8.8652e+07 
383 8.86217e+07 
384 8.85503e+07 
385 8.8461e+07 
386 8.83786e+07 
387 8.82787e+07 
388 8.81598e+07 
389 8.80199e+07 
390 8.78884e+07 
391 8.77288e+07 
392 8.75667e+07 
393 8.7417e+07 
394 8.72273e+07 
395 8.70382e+07 
396 8.68354e+07 
397 8.65934e+07 
398 8.63721e+07 
399 8.60792e+07 
400 8.57594e+07 
401 8.54394e+07 
402 8.51324e+07 
403 8.4761e+07 
404 8.43989e+07 
405 8.39662e+07 
406 8.35514e+07 
407 8.31566e+07 
408 8.27074e+07 
409 8.22307e+07 
410 8.17627e+07 
411 8.12837e+07 
412 8.08282e+07 
413 8.03709e+07 
414 7.99457e+07 
415 7.95181e+07 
416 7.91257e+07 
417 7.87288e+07 
418 7.83141e+07 
419 7.79071e+07 
420 7.751e+07 
421 7.71314e+07 
422 7.67472e+07 
423 7.63349e+07 
424 7.59201e+07 
425 7.55233e+07 
426 7.51512e+07 
427 7.48111e+07 
428 7.44597e+07 
429 7.40574e+07 
430 7.36678e+07 
431 7.32825e+07 
432 7.2888e+07 
433 7.2462e+07 
434 7.20766e+07 
435 7.16771e+07 
436 7.128e+07 
437 7.08795e+07 
438 7.05056e+07 
439 7.01341e+07 
440 6.97105e+07 
441 6.93037e+07 
442 6.89106e+07 
443 6.85033e+07 
444 6.80904e+07 
445 6.76856e+07 
446 6.72388e+07 
447 6.67562e+07 
448 6.62857e+07 
449 6.58185e+07 
450 6.53506e+07 
451 6.48356e+07 
452 6.43799e+07 
453 6.38974e+07 
454 6.33888e+07 
455 6.29019e+07 
456 6.24237e+07 
457 6.196e+07 
458 6.14881e+07 
459 6.10145e+07 
460 6.05216e+07 
461 6.00867e+07 
462 5.96107e+07 
463 5.91952e+07 
464 5.87489e+07 
465 5.82744e+07 
466 5.78285e+07 
467 5.73978e+07 
468 5.69926e+07 
469 5.65913e+07 
470 5.62039e+07 
471 5.58508e+07 
472 5.54625e+07 
473 5.51126e+07 
474 5.47604e+07 
475 5.44519e+07 
476 5.41378e+07 
477 5.37627e+07 
478 5.34212e+07 
479 5.30321e+07 
480 5.26501e+07 
481 5.22428e+07 
482 5.18517e+07 
483 5.14798e+07 
484 5.11216e+07 
485 5.07301e+07 
486 5.03588e+07 
487 4.99874e+07 
488 4.96124e+07 
489 4.92456e+07 
490 4.89245e+07 
491 4.85798e+07 
492 4.82158e+07 
493 4.78494e+07 
494 4.74645e+07 
495 4.71263e+07 
496 4.6756e+07 
497 4.64308e+07 
498 4.60921e+07 
499 4.57499e+07 
500 4.54424e+07 
501 4.5145e+07 
502 4.48003e+07 
503 4.44724e+07 
504 4.41643e+07 
505 4.38714e+07 
506 4.36186e+07 
507 4.33458e+07 
508 4.3054e+07 
509 4.27294e+07 
510 4.24461e+07 
511 4.21458e+07 
512 4.18567e+07 
513 4.15572e+07 
514 4.1251e+07 
515 4.09371e+07 
516 4.06503e+07 
517 4.03304e+07 
518 4.00107e+07 
519 3.97206e+07 
520 3.94161e+07 
521 3.91145e+07 
522 3.8777e+07 
523 3.84551e+07 
524 3.81505e+07 
525 3.78493e+07 
526 3.75467e+07 
527 3.72637e+07 
528 3.70001e+07 
529 3.67357e+07 
530 3.64497e+07 
531 3.61647e+07 
532 3.59003e+07 
533 3.56527e+07 
534 3.53904e+07 
535 3.51493e+07 
536 3.49075e+07 
537 3.46492e+07 
538 3.44104e+07 
539 3.42212e+07 
540 3.39954e+07 
541 3.37858e+07 
542 3.35648e+07 
543 3.33373e+07 
544 3.31356e+07 
545 3.28935e+07 
546 3.2635e+07 
547 3.23736e+07 
548 3.20876e+07 
549 3.18165e+07 
550 3.15357e+07 
551 3.12594e+07 
552 3.09618e+07 
553 3.06814e+07 
554 3.03943e+07 
555 3.00863e+07 
556 2.97883e+07 
557 2.9485e+07 
558 2.91947e+07 
559 2.88852e+07 
560 2.8614e+07 
561 2.83205e+07 
562 2.80659e+07 
563 2.77989e+07 
564 2.75323e+07 
565 2.729e+07 
566 2.7042e+07 
567 2.67929e+07 
568 2.65277e+07 
569 2.62724e+07 
570 2.60205e+07 
571 2.57649e+07 
572 2.54852e+07 
573 2.52511e+07 
574 2.50225e+07 
575 2.47962e+07 
576 2.45871e+07 
577 2.43711e+07 
578 2.41681e+07 
579 2.39984e+07 
580 2.38221e+07 
581 2.36312e+07 
582 2.34583e+07 
583 2.3292e+07 
584 2.31051e+07 
585 2.29636e+07 
586 2.28115e+07 
587 2.26701e+07 
588 2.25046e+07 
589 2.23634e+07 
590 2.22526e+07 
591 2.21023e+07 
592 2.19837e+07 
593 2.18635e+07 
594 2.17649e+07 
595 2.16465e+07 
596 2.15464e+07 
597 2.14381e+07 
598 2.1356e+07 
599 2.12811e+07 
600 2.12064e+07 
601 2.11617e+07 
602 2.11093e+07 
603 2.1077e+07 
604 2.10473e+07 
605 2.09962e+07 
606 2.09666e+07 
607 2.09335e+07 
608 2.09094e+07 
609 2.08981e+07 
610 2.08945e+07 
611 2.09025e+07 
612 2.08987e+07 
613 2.09127e+07 
614 2.08912e+07 
615 2.08743e+07 
616 2.08441e+07 
617 2.08097e+07 
618 2.08033e+07 
619 2.079e+07 
620 2.07918e+07 
621 2.07845e+07 
622 2.07847e+07 
623 2.07882e+07 
624 2.08053e+07 
625 2.08179e+07 
626 2.08357e+07 
627 2.08466e+07 
628 2.08795e+07 
629 2.09232e+07 
630 2.09859e+07 
631 2.10469e+07 
632 2.11095e+07 
633 2.11666e+07 
634 2.12327e+07 
635 2.13088e+07 
636 2.13612e+07 
637 2.14108e+07 
638 2.14525e+07 
639 2.14912e+07 
640 2.15568e+07 
641 2.15953e+07 
642 2.16306e+07 
643 2.16691e+07 
644 2.17269e+07 
645 2.17639e+07 
646 2.1791e+07 
647 2.18331e+07 
648 2.18568e+07 
649 2.18948e+07 
650 2.19149e+07 
651 2.1925e+07 
652 2.19539e+07 
653 2.19658e+07 
654 2.20011e+07 
655 2.20471e+07 
656 2.20829e+07 
657 2.21151e+07 
658 2.21662e+07 
659 2.22142e+07 
660 2.22465e+07 
661 2.22905e+07 
662 2.23398e+07 
663 2.23679e+07 
664 2.23952e+07 
665 2.24468e+07 
666 2.24719e+07 
667 2.24477e+07 
668 2.24502e+07 
669 2.24325e+07 
670 2.24056e+07 
671 2.2385e+07 
672 2.23816e+07 
673 2.23261e+07 
674 2.22596e+07 
675 2.2176e+07 
676 2.20786e+07 
677 2.19777e+07 
678 2.18433e+07 
679 2.16982e+07 
680 2.15743e+07 
681 2.14227e+07 
682 2.12489e+07 
683 2.10748e+07 
684 2.09221e+07 
685 2.07517e+07 
686 2.05617e+07 
687 2.03855e+07 
688 2.01971e+07 
689 1.99971e+07 
690 1.97889e+07 
691 1.95988e+07 
692 1.93961e+07 
693 1.91988e+07 
694 1.89702e+07 
695 1.87693e+07 
696 1.8539e+07 
697 1.83412e+07 
698 1.81368e+07 
699 1.79341e+07 
700 1.7737e+07 
701 1.75374e+07 
702 1.73449e+07 
703 1.71543e+07 
704 1.69577e+07 
705 1.67461e+07 
706 1.65544e+07 
707 1.63828e+07 
708 1.62208e+07 
709 1.60753e+07 
710 1.59127e+07 
711 1.57729e+07 
712 1.56443e+07 
713 1.55084e+07 
714 1.53843e+07 
715 1.5255e+07 
716 1.51361e+07 
717 1.50229e+07 
718 1.4908e+07 
719 1.47902e+07 
720 1.46722e+07 
721 1.45347e+07 
722 1.43971e+07 
723 1.42621e+07 
724 1.41152e+07 
725 1.3975e+07 
726 1.38487e+07 
727 1.37113e+07 
728 1.3605e+07 
729 1.34952e+07 
730 1.33795e+07 
731 1.32578e+07 
732 1.31389e+07 
733 1.29965e+07 
734 1.28643e+07 
735 1.2729e+07 
736 1.25846e+07 
737 1.24439e+07 
738 1.22949e+07 
739 1.21547e+07 
740 1.19748e+07 
741 1.18031e+07 
742 1.1631e+07 
743 1.14431e+07 
744 1.12444e+07 
745 1.10466e+07 
746 1.08485e+07 
747 1.0643e+07 
748 1.04323e+07 
749 1.02276e+07 
750 1.00228e+07 
751 9.80013e+06 
752 9.58575e+06 
753 9.3725e+06 
754 9.15168e+06 
755 8.93158e+06 
756 8.71479e+06 
757 8.49599e+06 
758 8.28305e+06 
759 8.0582e+06 
760 7.83759e+06 
761 7.59911e+06 
762 7.37607e+06 
763 7.14277e+06 
764 6.90573e+06 
765 6.67268e+06 
766 6.43528e+06 
767 6.20342e+06 
768 5.96594e+06 
769 5.72887e+06 
770 5.48852e+06 
771 5.25338e+06 
772 5.0102e+06 
773 4.77406e+06 
774 4.53552e+06 
775 4.30186e+06 
776 4.06412e+06 
777 3.83535e+06 
778 3.59819e+06 
779 3.36045e+06 
780 3.12818e+06 
781 2.90303e+06 
782 2.68854e+06 
783 2.47499e+06 
784 2.26903e+06 
785 2.06439e+06 
786 1.86693e+06 
787 1.68014e+06 
788 1.5057e+06 
789 1.33461e+06 
790 1.17038e+06 
791 1.01867e+06 
792 873178 
793 742205 
794 618558 
795 504440 
796 403184 
797 310318 
798 230399 
799 160160 
