0 0 
1 0 
2 0 
3 0 
4 0 
5 0 
6 0 
7 0 
8 0 
9 0 
10 0 
11 0 
12 0 
13 0 
14 0 
15 0 
16 0 
17 0 
18 0 
19 0 
20 0 
21 0 
22 0 
23 0 
24 0 
25 0 
26 0 
27 0 
28 0 
29 0 
30 0 
31 0 
32 0 
33 0 
34 0 
35 0 
36 0 
37 0 
38 0 
39 0 
40 0 
41 0 
42 0 
43 0 
44 0 
45 0 
46 0 
47 0 
48 0 
49 0 
50 0 
51 0 
52 0 
53 0 
54 0 
55 0 
56 0 
57 0 
58 0 
59 0 
60 0 
61 0 
62 0 
63 0 
64 0 
65 0 
66 0 
67 0 
68 0 
69 0 
70 0 
71 0 
72 0 
73 0 
74 0 
75 0 
76 0 
77 0 
78 0 
79 0 
80 0 
81 0 
82 0 
83 0 
84 0 
85 0 
86 0 
87 0 
88 0 
89 0 
90 0 
91 0 
92 0 
93 0 
94 0 
95 0 
96 0 
97 0 
98 0 
99 0 
100 0 
101 0 
102 0 
103 0 
104 0 
105 0 
106 0 
107 0 
108 0 
109 0 
110 0 
111 0 
112 0 
113 0 
114 0 
115 0 
116 0 
117 0 
118 0 
119 0 
120 0 
121 0 
122 0 
123 0 
124 0 
125 0 
126 0 
127 0 
128 0 
129 0 
130 0 
131 0 
132 0 
133 0 
134 0 
135 0 
136 0 
137 0 
138 0 
139 0 
140 0 
141 0 
142 0 
143 0 
144 0 
145 0 
146 0 
147 0 
148 0 
149 0 
150 0 
151 0 
152 0 
153 0 
154 0 
155 0 
156 0 
157 0 
158 0 
159 0 
160 0 
161 0 
162 0 
163 0 
164 0 
165 0 
166 0 
167 0 
168 0 
169 0 
170 0 
171 0 
172 0 
173 0 
174 0 
175 0 
176 0 
177 0 
178 1 
179 17 
180 89 
181 125 
182 154 
183 206 
184 184 
185 256 
186 343 
187 501 
188 907 
189 1404 
190 1985 
191 2477 
192 3490 
193 4397 
194 5384 
195 6630 
196 8384 
197 10168 
198 11555 
199 13405 
200 15644 
201 18857 
202 22121 
203 27024 
204 32270 
205 38198 
206 45761 
207 54987 
208 64687 
209 76449 
210 88812 
211 103415 
212 118246 
213 133006 
214 149938 
215 168980 
216 190018 
217 212482 
218 238971 
219 271666 
220 310006 
221 350478 
222 397949 
223 454257 
224 518494 
225 591101 
226 675191 
227 767535 
228 874198 
229 996098 
230 1.12795e+06 
231 1.2797e+06 
232 1.44305e+06 
233 1.62105e+06 
234 1.81664e+06 
235 2.04065e+06 
236 2.27046e+06 
237 2.50526e+06 
238 2.75414e+06 
239 3.03935e+06 
240 3.34005e+06 
241 3.64985e+06 
242 3.99414e+06 
243 4.37016e+06 
244 4.77242e+06 
245 5.21468e+06 
246 5.69046e+06 
247 6.20789e+06 
248 6.75971e+06 
249 7.35682e+06 
250 7.98823e+06 
251 8.66827e+06 
252 9.40688e+06 
253 1.01729e+07 
254 1.10039e+07 
255 1.18832e+07 
256 1.28274e+07 
257 1.38337e+07 
258 1.49017e+07 
259 1.60253e+07 
260 1.72067e+07 
261 1.84434e+07 
262 1.97237e+07 
263 2.10478e+07 
264 2.2435e+07 
265 2.38893e+07 
266 2.53874e+07 
267 2.69163e+07 
268 2.85468e+07 
269 3.01996e+07 
270 3.19028e+07 
271 3.36747e+07 
272 3.54761e+07 
273 3.7304e+07 
274 3.91833e+07 
275 4.11297e+07 
276 4.3087e+07 
277 4.50692e+07 
278 4.70863e+07 
279 4.91101e+07 
280 5.1149e+07 
281 5.31453e+07 
282 5.5101e+07 
283 5.70227e+07 
284 5.89774e+07 
285 6.08833e+07 
286 6.26904e+07 
287 6.44912e+07 
288 6.62028e+07 
289 6.78881e+07 
290 6.95546e+07 
291 7.11486e+07 
292 7.27537e+07 
293 7.44235e+07 
294 7.6061e+07 
295 7.77141e+07 
296 7.93662e+07 
297 8.10129e+07 
298 8.2668e+07 
299 8.4256e+07 
300 8.58525e+07 
301 8.73805e+07 
302 8.89236e+07 
303 9.04153e+07 
304 9.18458e+07 
305 9.31694e+07 
306 9.44515e+07 
307 9.56454e+07 
308 9.67714e+07 
309 9.78295e+07 
310 9.88481e+07 
311 9.98403e+07 
312 1.008e+08 
313 1.01712e+08 
314 1.02626e+08 
315 1.03496e+08 
316 1.04307e+08 
317 1.05138e+08 
318 1.05986e+08 
319 1.06875e+08 
320 1.07677e+08 
321 1.08439e+08 
322 1.09176e+08 
323 1.09894e+08 
324 1.10635e+08 
325 1.11346e+08 
326 1.12043e+08 
327 1.12641e+08 
328 1.13148e+08 
329 1.13578e+08 
330 1.13996e+08 
331 1.14329e+08 
332 1.1461e+08 
333 1.14856e+08 
334 1.15033e+08 
335 1.15164e+08 
336 1.15204e+08 
337 1.15277e+08 
338 1.15381e+08 
339 1.15551e+08 
340 1.15773e+08 
341 1.15998e+08 
342 1.16221e+08 
343 1.16424e+08 
344 1.16739e+08 
345 1.16988e+08 
346 1.17337e+08 
347 1.17748e+08 
348 1.18165e+08 
349 1.18631e+08 
350 1.19206e+08 
351 1.19768e+08 
352 1.20289e+08 
353 1.20851e+08 
354 1.21404e+08 
355 1.22019e+08 
356 1.227e+08 
357 1.23355e+08 
358 1.24093e+08 
359 1.24875e+08 
360 1.25688e+08 
361 1.26592e+08 
362 1.27449e+08 
363 1.28287e+08 
364 1.29133e+08 
365 1.29981e+08 
366 1.30891e+08 
367 1.31781e+08 
368 1.32774e+08 
369 1.33806e+08 
370 1.34957e+08 
371 1.36134e+08 
372 1.37326e+08 
373 1.38514e+08 
374 1.39723e+08 
375 1.40947e+08 
376 1.42143e+08 
377 1.43325e+08 
378 1.44561e+08 
379 1.45791e+08 
380 1.46929e+08 
381 1.48043e+08 
382 1.49176e+08 
383 1.50227e+08 
384 1.51322e+08 
385 1.52382e+08 
386 1.5335e+08 
387 1.54196e+08 
388 1.54953e+08 
389 1.55566e+08 
390 1.5606e+08 
391 1.56458e+08 
392 1.56775e+08 
393 1.56831e+08 
394 1.56633e+08 
395 1.56333e+08 
396 1.55778e+08 
397 1.55103e+08 
398 1.54297e+08 
399 1.5327e+08 
400 1.52049e+08 
401 1.50603e+08 
402 1.49043e+08 
403 1.47359e+08 
404 1.45512e+08 
405 1.43606e+08 
406 1.41614e+08 
407 1.39556e+08 
408 1.3745e+08 
409 1.35329e+08 
410 1.33215e+08 
411 1.31069e+08 
412 1.28829e+08 
413 1.26637e+08 
414 1.24375e+08 
415 1.22135e+08 
416 1.19863e+08 
417 1.1762e+08 
418 1.15366e+08 
419 1.13167e+08 
420 1.10978e+08 
421 1.08838e+08 
422 1.06692e+08 
423 1.04512e+08 
424 1.02426e+08 
425 1.00407e+08 
426 9.83748e+07 
427 9.64418e+07 
428 9.46194e+07 
429 9.2796e+07 
430 9.10005e+07 
431 8.92651e+07 
432 8.76179e+07 
433 8.60328e+07 
434 8.45899e+07 
435 8.31652e+07 
436 8.17289e+07 
437 8.03978e+07 
438 7.90806e+07 
439 7.78277e+07 
440 7.6669e+07 
441 7.5543e+07 
442 7.43978e+07 
443 7.33237e+07 
444 7.22461e+07 
445 7.11832e+07 
446 7.00859e+07 
447 6.90184e+07 
448 6.78818e+07 
449 6.68064e+07 
450 6.57452e+07 
451 6.46085e+07 
452 6.35026e+07 
453 6.23838e+07 
454 6.12965e+07 
455 6.02113e+07 
456 5.91315e+07 
457 5.80775e+07 
458 5.70677e+07 
459 5.61188e+07 
460 5.5188e+07 
461 5.4218e+07 
462 5.33052e+07 
463 5.23894e+07 
464 5.15395e+07 
465 5.07221e+07 
466 4.9946e+07 
467 4.9198e+07 
468 4.84754e+07 
469 4.78336e+07 
470 4.72189e+07 
471 4.66113e+07 
472 4.60231e+07 
473 4.5449e+07 
474 4.48927e+07 
475 4.43679e+07 
476 4.38574e+07 
477 4.33466e+07 
478 4.28491e+07 
479 4.23596e+07 
480 4.18545e+07 
481 4.13872e+07 
482 4.08566e+07 
483 4.03142e+07 
484 3.97143e+07 
485 3.91561e+07 
486 3.85869e+07 
487 3.80689e+07 
488 3.75637e+07 
489 3.7123e+07 
490 3.66757e+07 
491 3.62517e+07 
492 3.58085e+07 
493 3.53973e+07 
494 3.49762e+07 
495 3.45845e+07 
496 3.41414e+07 
497 3.36935e+07 
498 3.32459e+07 
499 3.28165e+07 
500 3.23482e+07 
501 3.18589e+07 
502 3.13714e+07 
503 3.08662e+07 
504 3.03916e+07 
505 2.99164e+07 
506 2.94174e+07 
507 2.89164e+07 
508 2.84307e+07 
509 2.8006e+07 
510 2.75495e+07 
511 2.71155e+07 
512 2.66755e+07 
513 2.62561e+07 
514 2.58611e+07 
515 2.54879e+07 
516 2.51487e+07 
517 2.47604e+07 
518 2.43588e+07 
519 2.39412e+07 
520 2.35172e+07 
521 2.3084e+07 
522 2.26531e+07 
523 2.2213e+07 
524 2.17983e+07 
525 2.14051e+07 
526 2.10125e+07 
527 2.06628e+07 
528 2.03267e+07 
529 2.00543e+07 
530 1.98151e+07 
531 1.96423e+07 
532 1.95346e+07 
533 1.94434e+07 
534 1.93978e+07 
535 1.93831e+07 
536 1.93725e+07 
537 1.93717e+07 
538 1.93562e+07 
539 1.93514e+07 
540 1.9346e+07 
541 1.93882e+07 
542 1.94385e+07 
543 1.95014e+07 
544 1.95921e+07 
545 1.96699e+07 
546 1.97578e+07 
547 1.98636e+07 
548 1.99594e+07 
549 2.00617e+07 
550 2.01756e+07 
551 2.02851e+07 
552 2.04287e+07 
553 2.05618e+07 
554 2.07001e+07 
555 2.08425e+07 
556 2.10047e+07 
557 2.12206e+07 
558 2.14303e+07 
559 2.16916e+07 
560 2.19849e+07 
561 2.22829e+07 
562 2.26656e+07 
563 2.30483e+07 
564 2.34369e+07 
565 2.38278e+07 
566 2.42318e+07 
567 2.46324e+07 
568 2.50112e+07 
569 2.53927e+07 
570 2.5795e+07 
571 2.6157e+07 
572 2.65069e+07 
573 2.68596e+07 
574 2.71583e+07 
575 2.74618e+07 
576 2.76748e+07 
577 2.78282e+07 
578 2.79325e+07 
579 2.79807e+07 
580 2.79663e+07 
581 2.78943e+07 
582 2.77817e+07 
583 2.75732e+07 
584 2.73187e+07 
585 2.70356e+07 
586 2.67098e+07 
587 2.63571e+07 
588 2.60291e+07 
589 2.56561e+07 
590 2.52363e+07 
591 2.47997e+07 
592 2.42997e+07 
593 2.3822e+07 
594 2.33428e+07 
595 2.28691e+07 
596 2.24399e+07 
597 2.20196e+07 
598 2.16144e+07 
599 2.12194e+07 
600 2.08146e+07 
601 2.04326e+07 
602 2.00284e+07 
603 1.96382e+07 
604 1.92447e+07 
605 1.8821e+07 
606 1.83947e+07 
607 1.79489e+07 
608 1.75242e+07 
609 1.70913e+07 
610 1.668e+07 
611 1.62836e+07 
612 1.59154e+07 
613 1.56161e+07 
614 1.5348e+07 
615 1.51278e+07 
616 1.49525e+07 
617 1.47928e+07 
618 1.47031e+07 
619 1.4674e+07 
620 1.4666e+07 
621 1.4689e+07 
622 1.47271e+07 
623 1.48047e+07 
624 1.49396e+07 
625 1.50922e+07 
626 1.52546e+07 
627 1.54312e+07 
628 1.55808e+07 
629 1.57137e+07 
630 1.58505e+07 
631 1.59843e+07 
632 1.60866e+07 
633 1.61687e+07 
634 1.62207e+07 
635 1.62495e+07 
636 1.62043e+07 
637 1.61172e+07 
638 1.60016e+07 
639 1.5833e+07 
640 1.56301e+07 
641 1.53936e+07 
642 1.51446e+07 
643 1.48594e+07 
644 1.45578e+07 
645 1.42126e+07 
646 1.38823e+07 
647 1.35746e+07 
648 1.32427e+07 
649 1.2929e+07 
650 1.26294e+07 
651 1.22967e+07 
652 1.19566e+07 
653 1.16332e+07 
654 1.13277e+07 
655 1.10197e+07 
656 1.07106e+07 
657 1.0399e+07 
658 1.01128e+07 
659 9.82947e+06 
660 9.54861e+06 
661 9.27155e+06 
662 9.01572e+06 
663 8.75368e+06 
664 8.46992e+06 
665 8.20749e+06 
666 7.9407e+06 
667 7.67985e+06 
668 7.40541e+06 
669 7.1197e+06 
670 6.84371e+06 
671 6.54472e+06 
672 6.23047e+06 
673 5.89871e+06 
674 5.5633e+06 
675 5.21378e+06 
676 4.87316e+06 
677 4.5372e+06 
678 4.21714e+06 
679 3.91342e+06 
680 3.61644e+06 
681 3.32802e+06 
682 3.06664e+06 
683 2.81764e+06 
684 2.58309e+06 
685 2.35636e+06 
686 2.14995e+06 
687 1.96144e+06 
688 1.77732e+06 
689 1.60857e+06 
690 1.4447e+06 
691 1.29632e+06 
692 1.15695e+06 
693 1.03267e+06 
694 921874 
695 826395 
696 738331 
697 655639 
698 576779 
699 502036 
700 436456 
701 377305 
702 325006 
703 275972 
704 234631 
705 197382 
706 163179 
707 133094 
708 108840 
709 88101 
710 70101 
711 56676 
712 45513 
713 35703 
714 27936 
715 21766 
716 17275 
717 12785 
718 9822 
719 7314 
720 5254 
721 3590 
722 2643 
723 1933 
724 1347 
725 1121 
726 887 
727 693 
728 505 
729 351 
730 249 
731 193 
732 186 
733 202 
734 197 
735 139 
736 130 
737 117 
738 93 
739 52 
740 24 
741 19 
742 10 
743 5 
744 2 
745 0 
746 0 
747 0 
748 0 
749 0 
750 0 
751 0 
752 0 
753 0 
754 0 
755 0 
756 0 
757 0 
758 0 
759 0 
760 0 
761 0 
762 0 
763 0 
764 0 
765 0 
766 0 
767 0 
768 0 
769 0 
770 0 
771 0 
772 0 
773 0 
774 0 
775 0 
776 0 
777 0 
778 0 
779 0 
780 0 
781 0 
782 0 
783 0 
784 0 
785 0 
786 0 
787 0 
788 0 
789 0 
790 0 
791 0 
792 0 
793 0 
794 0 
795 0 
796 0 
797 0 
798 0 
799 0 
