0 0 
1 49710 
2 71806 
3 96737 
4 125736 
5 158295 
6 194690 
7 235278 
8 278367 
9 324658 
10 373922 
11 430796 
12 489099 
13 551633 
14 615093 
15 686578 
16 761548 
17 840480 
18 925330 
19 1.01943e+06 
20 1.12029e+06 
21 1.22627e+06 
22 1.33627e+06 
23 1.4519e+06 
24 1.57373e+06 
25 1.69715e+06 
26 1.83048e+06 
27 1.96363e+06 
28 2.10476e+06 
29 2.25639e+06 
30 2.40813e+06 
31 2.56182e+06 
32 2.722e+06 
33 2.8893e+06 
34 3.06082e+06 
35 3.2263e+06 
36 3.39588e+06 
37 3.57869e+06 
38 3.76989e+06 
39 3.96211e+06 
40 4.16536e+06 
41 4.37733e+06 
42 4.58487e+06 
43 4.80727e+06 
44 5.04948e+06 
45 5.28814e+06 
46 5.53003e+06 
47 5.7748e+06 
48 6.02436e+06 
49 6.29137e+06 
50 6.55481e+06 
51 6.82808e+06 
52 7.1138e+06 
53 7.41603e+06 
54 7.72447e+06 
55 8.05473e+06 
56 8.39295e+06 
57 8.7425e+06 
58 9.10233e+06 
59 9.46558e+06 
60 9.8473e+06 
61 1.02314e+07 
62 1.06186e+07 
63 1.09945e+07 
64 1.1395e+07 
65 1.17984e+07 
66 1.21991e+07 
67 1.26234e+07 
68 1.30415e+07 
69 1.3475e+07 
70 1.39202e+07 
71 1.43461e+07 
72 1.47888e+07 
73 1.52494e+07 
74 1.57224e+07 
75 1.61995e+07 
76 1.669e+07 
77 1.71647e+07 
78 1.76212e+07 
79 1.80852e+07 
80 1.85585e+07 
81 1.90213e+07 
82 1.94987e+07 
83 1.99863e+07 
84 2.0471e+07 
85 2.09418e+07 
86 2.14197e+07 
87 2.19128e+07 
88 2.23989e+07 
89 2.2894e+07 
90 2.33974e+07 
91 2.38949e+07 
92 2.4392e+07 
93 2.4899e+07 
94 2.54044e+07 
95 2.59175e+07 
96 2.64528e+07 
97 2.70191e+07 
98 2.75865e+07 
99 2.81298e+07 
100 2.86528e+07 
101 2.91961e+07 
102 2.9735e+07 
103 3.02437e+07 
104 3.07448e+07 
105 3.12411e+07 
106 3.17653e+07 
107 3.22514e+07 
108 3.27474e+07 
109 3.32238e+07 
110 3.36651e+07 
111 3.41127e+07 
112 3.4515e+07 
113 3.49411e+07 
114 3.53505e+07 
115 3.58006e+07 
116 3.62206e+07 
117 3.66023e+07 
118 3.69747e+07 
119 3.73547e+07 
120 3.76967e+07 
121 3.80181e+07 
122 3.83392e+07 
123 3.86495e+07 
124 3.89499e+07 
125 3.92219e+07 
126 3.94805e+07 
127 3.97228e+07 
128 3.9972e+07 
129 4.02014e+07 
130 4.04553e+07 
131 4.06512e+07 
132 4.08524e+07 
133 4.10194e+07 
134 4.11728e+07 
135 4.13256e+07 
136 4.14532e+07 
137 4.15614e+07 
138 4.16833e+07 
139 4.18005e+07 
140 4.18844e+07 
141 4.19682e+07 
142 4.20546e+07 
143 4.21052e+07 
144 4.21726e+07 
145 4.22552e+07 
146 4.23243e+07 
147 4.24103e+07 
148 4.24945e+07 
149 4.2551e+07 
150 4.26085e+07 
151 4.27074e+07 
152 4.28168e+07 
153 4.28934e+07 
154 4.2957e+07 
155 4.30652e+07 
156 4.31439e+07 
157 4.32002e+07 
158 4.32682e+07 
159 4.33939e+07 
160 4.34857e+07 
161 4.35839e+07 
162 4.36826e+07 
163 4.37956e+07 
164 4.3899e+07 
165 4.40222e+07 
166 4.41537e+07 
167 4.4293e+07 
168 4.44308e+07 
169 4.45939e+07 
170 4.47446e+07 
171 4.49178e+07 
172 4.50752e+07 
173 4.52502e+07 
174 4.54373e+07 
175 4.5658e+07 
176 4.59026e+07 
177 4.6109e+07 
178 4.63085e+07 
179 4.65324e+07 
180 4.67779e+07 
181 4.69553e+07 
182 4.71841e+07 
183 4.74117e+07 
184 4.76704e+07 
185 4.78756e+07 
186 4.81132e+07 
187 4.83563e+07 
188 4.86295e+07 
189 4.88795e+07 
190 4.91576e+07 
191 4.94613e+07 
192 4.97359e+07 
193 5.00079e+07 
194 5.02507e+07 
195 5.05302e+07 
196 5.07661e+07 
197 5.1008e+07 
198 5.12527e+07 
199 5.14666e+07 
200 5.16995e+07 
201 5.18946e+07 
202 5.21093e+07 
203 5.23236e+07 
204 5.25482e+07 
205 5.2744e+07 
206 5.29077e+07 
207 5.30987e+07 
208 5.32995e+07 
209 5.35014e+07 
210 5.37278e+07 
211 5.39234e+07 
212 5.41859e+07 
213 5.4432e+07 
214 5.46581e+07 
215 5.48281e+07 
216 5.50099e+07 
217 5.51948e+07 
218 5.53805e+07 
219 5.55479e+07 
220 5.57436e+07 
221 5.58935e+07 
222 5.60504e+07 
223 5.61891e+07 
224 5.63431e+07 
225 5.64814e+07 
226 5.66222e+07 
227 5.67439e+07 
228 5.69075e+07 
229 5.705e+07 
230 5.71885e+07 
231 5.73172e+07 
232 5.74388e+07 
233 5.75136e+07 
234 5.76021e+07 
235 5.76621e+07 
236 5.77392e+07 
237 5.78094e+07 
238 5.78393e+07 
239 5.7858e+07 
240 5.78621e+07 
241 5.78587e+07 
242 5.78181e+07 
243 5.77269e+07 
244 5.76464e+07 
245 5.75209e+07 
246 5.73879e+07 
247 5.72442e+07 
248 5.70711e+07 
249 5.69027e+07 
250 5.66772e+07 
251 5.64803e+07 
252 5.62685e+07 
253 5.60712e+07 
254 5.58464e+07 
255 5.56097e+07 
256 5.5379e+07 
257 5.5119e+07 
258 5.4807e+07 
259 5.45013e+07 
260 5.41778e+07 
261 5.38748e+07 
262 5.35595e+07 
263 5.3261e+07 
264 5.30026e+07 
265 5.26701e+07 
266 5.23821e+07 
267 5.20483e+07 
268 5.17137e+07 
269 5.13684e+07 
270 5.10032e+07 
271 5.06438e+07 
272 5.02738e+07 
273 4.98944e+07 
274 4.95172e+07 
275 4.91169e+07 
276 4.87142e+07 
277 4.82873e+07 
278 4.78448e+07 
279 4.7393e+07 
280 4.69232e+07 
281 4.64462e+07 
282 4.59565e+07 
283 4.54673e+07 
284 4.4983e+07 
285 4.44773e+07 
286 4.39712e+07 
287 4.34437e+07 
288 4.29325e+07 
289 4.24286e+07 
290 4.18974e+07 
291 4.14033e+07 
292 4.08591e+07 
293 4.03548e+07 
294 3.98265e+07 
295 3.92913e+07 
296 3.87531e+07 
297 3.82373e+07 
298 3.77318e+07 
299 3.72504e+07 
300 3.67675e+07 
301 3.63061e+07 
302 3.58895e+07 
303 3.54631e+07 
304 3.5055e+07 
305 3.46906e+07 
306 3.43385e+07 
307 3.39987e+07 
308 3.36837e+07 
309 3.33956e+07 
310 3.31067e+07 
311 3.28532e+07 
312 3.26185e+07 
313 3.23702e+07 
314 3.21764e+07 
315 3.19962e+07 
316 3.18397e+07 
317 3.17075e+07 
318 3.15735e+07 
319 3.14502e+07 
320 3.13823e+07 
321 3.13089e+07 
322 3.1264e+07 
323 3.12523e+07 
324 3.12357e+07 
325 3.12202e+07 
326 3.12242e+07 
327 3.12454e+07 
328 3.12886e+07 
329 3.13172e+07 
330 3.1355e+07 
331 3.14229e+07 
332 3.1517e+07 
333 3.16274e+07 
334 3.17551e+07 
335 3.18735e+07 
336 3.19994e+07 
337 3.21012e+07 
338 3.22486e+07 
339 3.24209e+07 
340 3.25724e+07 
341 3.27277e+07 
342 3.28975e+07 
343 3.30697e+07 
344 3.32386e+07 
345 3.34198e+07 
346 3.3589e+07 
347 3.37856e+07 
348 3.39627e+07 
349 3.41515e+07 
350 3.43373e+07 
351 3.44925e+07 
352 3.46697e+07 
353 3.48664e+07 
354 3.50478e+07 
355 3.52178e+07 
356 3.54113e+07 
357 3.55724e+07 
358 3.57331e+07 
359 3.58919e+07 
360 3.60659e+07 
361 3.62265e+07 
362 3.6391e+07 
363 3.65513e+07 
364 3.67164e+07 
365 3.68911e+07 
366 3.70309e+07 
367 3.71856e+07 
368 3.7367e+07 
369 3.75119e+07 
370 3.76757e+07 
371 3.7804e+07 
372 3.79894e+07 
373 3.81591e+07 
374 3.8319e+07 
375 3.85303e+07 
376 3.87394e+07 
377 3.89598e+07 
378 3.9202e+07 
379 3.9439e+07 
380 3.9621e+07 
381 3.9875e+07 
382 4.01469e+07 
383 4.04094e+07 
384 4.06608e+07 
385 4.09017e+07 
386 4.11608e+07 
387 4.14242e+07 
388 4.17174e+07 
389 4.20036e+07 
390 4.22589e+07 
391 4.25606e+07 
392 4.28466e+07 
393 4.31389e+07 
394 4.34408e+07 
395 4.37442e+07 
396 4.40251e+07 
397 4.43199e+07 
398 4.45759e+07 
399 4.48572e+07 
400 4.51175e+07 
401 4.5375e+07 
402 4.5625e+07 
403 4.58826e+07 
404 4.61525e+07 
405 4.64275e+07 
406 4.67094e+07 
407 4.69836e+07 
408 4.72701e+07 
409 4.75328e+07 
410 4.78048e+07 
411 4.80928e+07 
412 4.83682e+07 
413 4.86689e+07 
414 4.89633e+07 
415 4.92616e+07 
416 4.95034e+07 
417 4.97748e+07 
418 5.00191e+07 
419 5.02799e+07 
420 5.04576e+07 
421 5.06576e+07 
422 5.08668e+07 
423 5.10276e+07 
424 5.12119e+07 
425 5.13774e+07 
426 5.14739e+07 
427 5.15679e+07 
428 5.1647e+07 
429 5.17282e+07 
430 5.17984e+07 
431 5.1876e+07 
432 5.1881e+07 
433 5.19115e+07 
434 5.18941e+07 
435 5.18886e+07 
436 5.18809e+07 
437 5.18574e+07 
438 5.18081e+07 
439 5.18019e+07 
440 5.17808e+07 
441 5.17525e+07 
442 5.17352e+07 
443 5.17351e+07 
444 5.17208e+07 
445 5.17334e+07 
446 5.17179e+07 
447 5.16914e+07 
448 5.1701e+07 
449 5.16881e+07 
450 5.17316e+07 
451 5.17398e+07 
452 5.17533e+07 
453 5.17766e+07 
454 5.18282e+07 
455 5.18554e+07 
456 5.19165e+07 
457 5.19885e+07 
458 5.20997e+07 
459 5.21909e+07 
460 5.23374e+07 
461 5.2462e+07 
462 5.25579e+07 
463 5.26584e+07 
464 5.27919e+07 
465 5.29082e+07 
466 5.30256e+07 
467 5.31535e+07 
468 5.32797e+07 
469 5.34127e+07 
470 5.3478e+07 
471 5.36087e+07 
472 5.37109e+07 
473 5.38211e+07 
474 5.39131e+07 
475 5.39767e+07 
476 5.40257e+07 
477 5.41117e+07 
478 5.42044e+07 
479 5.42724e+07 
480 5.43488e+07 
481 5.44063e+07 
482 5.4484e+07 
483 5.45563e+07 
484 5.46533e+07 
485 5.47546e+07 
486 5.48271e+07 
487 5.4912e+07 
488 5.50344e+07 
489 5.51487e+07 
490 5.52413e+07 
491 5.53543e+07 
492 5.5496e+07 
493 5.56238e+07 
494 5.57904e+07 
495 5.59084e+07 
496 5.60425e+07 
497 5.61906e+07 
498 5.63022e+07 
499 5.64254e+07 
500 5.65095e+07 
501 5.6612e+07 
502 5.66864e+07 
503 5.67234e+07 
504 5.6745e+07 
505 5.67095e+07 
506 5.67108e+07 
507 5.66573e+07 
508 5.65848e+07 
509 5.65037e+07 
510 5.63954e+07 
511 5.62924e+07 
512 5.6207e+07 
513 5.61145e+07 
514 5.60107e+07 
515 5.58698e+07 
516 5.57224e+07 
517 5.55676e+07 
518 5.53844e+07 
519 5.51999e+07 
520 5.50336e+07 
521 5.485e+07 
522 5.47009e+07 
523 5.45173e+07 
524 5.43556e+07 
525 5.41556e+07 
526 5.39413e+07 
527 5.37299e+07 
528 5.35474e+07 
529 5.33505e+07 
530 5.31257e+07 
531 5.28763e+07 
532 5.26258e+07 
533 5.23355e+07 
534 5.20997e+07 
535 5.18072e+07 
536 5.1503e+07 
537 5.11561e+07 
538 5.08049e+07 
539 5.04836e+07 
540 5.01383e+07 
541 4.97982e+07 
542 4.94455e+07 
543 4.91032e+07 
544 4.87227e+07 
545 4.83789e+07 
546 4.79988e+07 
547 4.76335e+07 
548 4.72353e+07 
549 4.68587e+07 
550 4.64591e+07 
551 4.60681e+07 
552 4.56757e+07 
553 4.52786e+07 
554 4.48704e+07 
555 4.44488e+07 
556 4.39898e+07 
557 4.35455e+07 
558 4.31156e+07 
559 4.26816e+07 
560 4.22272e+07 
561 4.17758e+07 
562 4.13012e+07 
563 4.0846e+07 
564 4.03689e+07 
565 3.99075e+07 
566 3.94232e+07 
567 3.89448e+07 
568 3.84921e+07 
569 3.79942e+07 
570 3.75136e+07 
571 3.70482e+07 
572 3.6558e+07 
573 3.60745e+07 
574 3.56089e+07 
575 3.5112e+07 
576 3.46356e+07 
577 3.41451e+07 
578 3.36602e+07 
579 3.31917e+07 
580 3.27186e+07 
581 3.22699e+07 
582 3.18205e+07 
583 3.1395e+07 
584 3.09653e+07 
585 3.05207e+07 
586 3.00714e+07 
587 2.96616e+07 
588 2.92255e+07 
589 2.88338e+07 
590 2.84108e+07 
591 2.80158e+07 
592 2.76345e+07 
593 2.72572e+07 
594 2.68629e+07 
595 2.64813e+07 
596 2.60944e+07 
597 2.56964e+07 
598 2.53121e+07 
599 2.49137e+07 
600 2.45509e+07 
601 2.41686e+07 
602 2.3794e+07 
603 2.3413e+07 
604 2.30353e+07 
605 2.26894e+07 
606 2.2342e+07 
607 2.2004e+07 
608 2.16612e+07 
609 2.13128e+07 
610 2.09874e+07 
611 2.06554e+07 
612 2.03426e+07 
613 2.0035e+07 
614 1.97461e+07 
615 1.94507e+07 
616 1.91506e+07 
617 1.88648e+07 
618 1.8597e+07 
619 1.83075e+07 
620 1.80326e+07 
621 1.77492e+07 
622 1.74726e+07 
623 1.71905e+07 
624 1.69157e+07 
625 1.66586e+07 
626 1.63836e+07 
627 1.61241e+07 
628 1.58792e+07 
629 1.56411e+07 
630 1.54011e+07 
631 1.51727e+07 
632 1.49529e+07 
633 1.4724e+07 
634 1.4533e+07 
635 1.43227e+07 
636 1.41298e+07 
637 1.39302e+07 
638 1.37318e+07 
639 1.35422e+07 
640 1.33476e+07 
641 1.31508e+07 
642 1.2977e+07 
643 1.28156e+07 
644 1.26429e+07 
645 1.24599e+07 
646 1.22951e+07 
647 1.21337e+07 
648 1.19571e+07 
649 1.17883e+07 
650 1.164e+07 
651 1.14734e+07 
652 1.13363e+07 
653 1.1213e+07 
654 1.10729e+07 
655 1.09371e+07 
656 1.07981e+07 
657 1.06739e+07 
658 1.05538e+07 
659 1.04509e+07 
660 1.03613e+07 
661 1.02673e+07 
662 1.01705e+07 
663 1.00904e+07 
664 1.00137e+07 
665 9.93556e+06 
666 9.86425e+06 
667 9.79926e+06 
668 9.73835e+06 
669 9.69101e+06 
670 9.65207e+06 
671 9.62234e+06 
672 9.59676e+06 
673 9.56644e+06 
674 9.53152e+06 
675 9.51961e+06 
676 9.51757e+06 
677 9.50517e+06 
678 9.51366e+06 
679 9.53632e+06 
680 9.55656e+06 
681 9.58691e+06 
682 9.61892e+06 
683 9.67701e+06 
684 9.72589e+06 
685 9.78719e+06 
686 9.85128e+06 
687 9.92452e+06 
688 1.00106e+07 
689 1.00918e+07 
690 1.01658e+07 
691 1.02271e+07 
692 1.02979e+07 
693 1.03722e+07 
694 1.04372e+07 
695 1.05126e+07 
696 1.05869e+07 
697 1.06369e+07 
698 1.07013e+07 
699 1.07602e+07 
700 1.08111e+07 
701 1.087e+07 
702 1.09046e+07 
703 1.09551e+07 
704 1.09904e+07 
705 1.10258e+07 
706 1.10775e+07 
707 1.11203e+07 
708 1.11667e+07 
709 1.11985e+07 
710 1.12532e+07 
711 1.1287e+07 
712 1.13301e+07 
713 1.13654e+07 
714 1.14028e+07 
715 1.14182e+07 
716 1.14317e+07 
717 1.14248e+07 
718 1.14359e+07 
719 1.14362e+07 
720 1.14169e+07 
721 1.139e+07 
722 1.13464e+07 
723 1.12821e+07 
724 1.12251e+07 
725 1.11676e+07 
726 1.11069e+07 
727 1.10314e+07 
728 1.09404e+07 
729 1.08602e+07 
730 1.07493e+07 
731 1.06397e+07 
732 1.05158e+07 
733 1.03971e+07 
734 1.02654e+07 
735 1.01408e+07 
736 1.00029e+07 
737 9.86656e+06 
738 9.72028e+06 
739 9.55849e+06 
740 9.38706e+06 
741 9.21706e+06 
742 9.04008e+06 
743 8.84437e+06 
744 8.6429e+06 
745 8.4396e+06 
746 8.23136e+06 
747 8.02874e+06 
748 7.83296e+06 
749 7.6293e+06 
750 7.42189e+06 
751 7.21063e+06 
752 6.98214e+06 
753 6.77419e+06 
754 6.56225e+06 
755 6.35254e+06 
756 6.1342e+06 
757 5.90784e+06 
758 5.68711e+06 
759 5.47062e+06 
760 5.2644e+06 
761 5.06868e+06 
762 4.8716e+06 
763 4.67632e+06 
764 4.47081e+06 
765 4.27094e+06 
766 4.07697e+06 
767 3.8826e+06 
768 3.69914e+06 
769 3.50992e+06 
770 3.32317e+06 
771 3.13643e+06 
772 2.96432e+06 
773 2.79498e+06 
774 2.6227e+06 
775 2.45459e+06 
776 2.29228e+06 
777 2.1414e+06 
778 1.99752e+06 
779 1.85543e+06 
780 1.71776e+06 
781 1.5782e+06 
782 1.44723e+06 
783 1.32571e+06 
784 1.20225e+06 
785 1.08952e+06 
786 982999 
787 882766 
788 785479 
789 696258 
790 609896 
791 530951 
792 456396 
793 387876 
794 323211 
795 262263 
796 209054 
797 160529 
798 120569 
799 84858 
