0 0 
1 170400 
2 245414 
3 333572 
4 438469 
5 557403 
6 689461 
7 837382 
8 997489 
9 1.17805e+06 
10 1.37808e+06 
11 1.59315e+06 
12 1.82116e+06 
13 2.06457e+06 
14 2.32384e+06 
15 2.59566e+06 
16 2.89078e+06 
17 3.20113e+06 
18 3.52336e+06 
19 3.85005e+06 
20 4.19412e+06 
21 4.5413e+06 
22 4.90679e+06 
23 5.29848e+06 
24 5.70468e+06 
25 6.11754e+06 
26 6.553e+06 
27 7.00674e+06 
28 7.46302e+06 
29 7.92527e+06 
30 8.39098e+06 
31 8.87618e+06 
32 9.35388e+06 
33 9.8505e+06 
34 1.0337e+07 
35 1.08482e+07 
36 1.13579e+07 
37 1.18523e+07 
38 1.23476e+07 
39 1.28284e+07 
40 1.33383e+07 
41 1.3835e+07 
42 1.43489e+07 
43 1.48473e+07 
44 1.53262e+07 
45 1.5805e+07 
46 1.63065e+07 
47 1.68028e+07 
48 1.73046e+07 
49 1.78e+07 
50 1.82993e+07 
51 1.87864e+07 
52 1.92765e+07 
53 1.97719e+07 
54 2.02657e+07 
55 2.0774e+07 
56 2.12883e+07 
57 2.18259e+07 
58 2.23239e+07 
59 2.28384e+07 
60 2.33795e+07 
61 2.38889e+07 
62 2.44265e+07 
63 2.49432e+07 
64 2.54819e+07 
65 2.60121e+07 
66 2.6539e+07 
67 2.70917e+07 
68 2.7583e+07 
69 2.8105e+07 
70 2.86051e+07 
71 2.90852e+07 
72 2.95788e+07 
73 3.00569e+07 
74 3.05289e+07 
75 3.09763e+07 
76 3.14141e+07 
77 3.1857e+07 
78 3.22463e+07 
79 3.26377e+07 
80 3.3021e+07 
81 3.33708e+07 
82 3.37022e+07 
83 3.40154e+07 
84 3.4323e+07 
85 3.45674e+07 
86 3.48139e+07 
87 3.50021e+07 
88 3.52169e+07 
89 3.54056e+07 
90 3.55682e+07 
91 3.57271e+07 
92 3.58579e+07 
93 3.59581e+07 
94 3.60846e+07 
95 3.61977e+07 
96 3.631e+07 
97 3.64044e+07 
98 3.65183e+07 
99 3.66202e+07 
100 3.67397e+07 
101 3.68511e+07 
102 3.69386e+07 
103 3.70367e+07 
104 3.71241e+07 
105 3.71974e+07 
106 3.72885e+07 
107 3.73409e+07 
108 3.7434e+07 
109 3.75053e+07 
110 3.75839e+07 
111 3.76223e+07 
112 3.77141e+07 
113 3.77576e+07 
114 3.78157e+07 
115 3.78659e+07 
116 3.78877e+07 
117 3.79213e+07 
118 3.79346e+07 
119 3.79257e+07 
120 3.79208e+07 
121 3.79058e+07 
122 3.79068e+07 
123 3.78888e+07 
124 3.78721e+07 
125 3.78484e+07 
126 3.78474e+07 
127 3.78552e+07 
128 3.78288e+07 
129 3.77944e+07 
130 3.77097e+07 
131 3.76411e+07 
132 3.75552e+07 
133 3.74792e+07 
134 3.73911e+07 
135 3.72997e+07 
136 3.72062e+07 
137 3.71188e+07 
138 3.7035e+07 
139 3.69244e+07 
140 3.68573e+07 
141 3.67477e+07 
142 3.66282e+07 
143 3.6501e+07 
144 3.63761e+07 
145 3.62555e+07 
146 3.611e+07 
147 3.59765e+07 
148 3.58124e+07 
149 3.56785e+07 
150 3.5544e+07 
151 3.54185e+07 
152 3.53357e+07 
153 3.52533e+07 
154 3.51526e+07 
155 3.50672e+07 
156 3.49739e+07 
157 3.48895e+07 
158 3.48261e+07 
159 3.47278e+07 
160 3.46398e+07 
161 3.45526e+07 
162 3.44492e+07 
163 3.43486e+07 
164 3.4265e+07 
165 3.41544e+07 
166 3.40568e+07 
167 3.39547e+07 
168 3.38819e+07 
169 3.37644e+07 
170 3.36412e+07 
171 3.35153e+07 
172 3.33948e+07 
173 3.32861e+07 
174 3.3159e+07 
175 3.30306e+07 
176 3.29187e+07 
177 3.28315e+07 
178 3.27216e+07 
179 3.26358e+07 
180 3.25732e+07 
181 3.2509e+07 
182 3.24551e+07 
183 3.23869e+07 
184 3.23038e+07 
185 3.22184e+07 
186 3.2126e+07 
187 3.20104e+07 
188 3.18982e+07 
189 3.17673e+07 
190 3.16139e+07 
191 3.14668e+07 
192 3.13246e+07 
193 3.11968e+07 
194 3.10557e+07 
195 3.08938e+07 
196 3.07371e+07 
197 3.05827e+07 
198 3.04358e+07 
199 3.02841e+07 
200 3.01452e+07 
201 2.99941e+07 
202 2.98716e+07 
203 2.97359e+07 
204 2.96114e+07 
205 2.94996e+07 
206 2.93929e+07 
207 2.92847e+07 
208 2.91752e+07 
209 2.9094e+07 
210 2.90031e+07 
211 2.89258e+07 
212 2.88713e+07 
213 2.88134e+07 
214 2.87427e+07 
215 2.8701e+07 
216 2.86802e+07 
217 2.86442e+07 
218 2.85958e+07 
219 2.85788e+07 
220 2.85694e+07 
221 2.85603e+07 
222 2.85747e+07 
223 2.86005e+07 
224 2.86641e+07 
225 2.8722e+07 
226 2.87904e+07 
227 2.88836e+07 
228 2.89832e+07 
229 2.90912e+07 
230 2.92e+07 
231 2.93281e+07 
232 2.94611e+07 
233 2.96099e+07 
234 2.97644e+07 
235 2.9907e+07 
236 3.0075e+07 
237 3.02229e+07 
238 3.03633e+07 
239 3.05194e+07 
240 3.07015e+07 
241 3.08723e+07 
242 3.10523e+07 
243 3.12631e+07 
244 3.14583e+07 
245 3.16693e+07 
246 3.18971e+07 
247 3.21478e+07 
248 3.23902e+07 
249 3.26397e+07 
250 3.28609e+07 
251 3.30853e+07 
252 3.33145e+07 
253 3.3567e+07 
254 3.37865e+07 
255 3.39952e+07 
256 3.42107e+07 
257 3.44158e+07 
258 3.4628e+07 
259 3.48309e+07 
260 3.50311e+07 
261 3.52349e+07 
262 3.5441e+07 
263 3.56683e+07 
264 3.58849e+07 
265 3.60924e+07 
266 3.63045e+07 
267 3.65412e+07 
268 3.6771e+07 
269 3.70119e+07 
270 3.72684e+07 
271 3.75421e+07 
272 3.78314e+07 
273 3.81217e+07 
274 3.83962e+07 
275 3.86999e+07 
276 3.90437e+07 
277 3.9361e+07 
278 3.97132e+07 
279 4.00725e+07 
280 4.0432e+07 
281 4.07988e+07 
282 4.11568e+07 
283 4.15114e+07 
284 4.18723e+07 
285 4.22366e+07 
286 4.25968e+07 
287 4.29578e+07 
288 4.33396e+07 
289 4.37171e+07 
290 4.41017e+07 
291 4.44795e+07 
292 4.48604e+07 
293 4.52252e+07 
294 4.55965e+07 
295 4.59582e+07 
296 4.63478e+07 
297 4.67792e+07 
298 4.71626e+07 
299 4.75309e+07 
300 4.79038e+07 
301 4.83195e+07 
302 4.8698e+07 
303 4.91008e+07 
304 4.95216e+07 
305 4.99204e+07 
306 5.03529e+07 
307 5.07941e+07 
308 5.12381e+07 
309 5.16834e+07 
310 5.21308e+07 
311 5.26071e+07 
312 5.30577e+07 
313 5.35226e+07 
314 5.40037e+07 
315 5.45216e+07 
316 5.50217e+07 
317 5.55225e+07 
318 5.60607e+07 
319 5.65906e+07 
320 5.71592e+07 
321 5.77314e+07 
322 5.83584e+07 
323 5.89907e+07 
324 5.96793e+07 
325 6.03516e+07 
326 6.10668e+07 
327 6.17441e+07 
328 6.2473e+07 
329 6.3166e+07 
330 6.38528e+07 
331 6.45809e+07 
332 6.52763e+07 
333 6.59537e+07 
334 6.66277e+07 
335 6.73103e+07 
336 6.79737e+07 
337 6.8639e+07 
338 6.93663e+07 
339 7.00529e+07 
340 7.07685e+07 
341 7.14986e+07 
342 7.22295e+07 
343 7.29517e+07 
344 7.36725e+07 
345 7.44359e+07 
346 7.52432e+07 
347 7.6051e+07 
348 7.6885e+07 
349 7.76814e+07 
350 7.84728e+07 
351 7.92777e+07 
352 8.00766e+07 
353 8.09074e+07 
354 8.17006e+07 
355 8.24927e+07 
356 8.33035e+07 
357 8.41245e+07 
358 8.49549e+07 
359 8.58171e+07 
360 8.66551e+07 
361 8.75233e+07 
362 8.83862e+07 
363 8.92662e+07 
364 9.01729e+07 
365 9.10785e+07 
366 9.19561e+07 
367 9.2782e+07 
368 9.36069e+07 
369 9.43806e+07 
370 9.51465e+07 
371 9.58571e+07 
372 9.65946e+07 
373 9.72402e+07 
374 9.78112e+07 
375 9.84158e+07 
376 9.89241e+07 
377 9.94201e+07 
378 9.99197e+07 
379 1.00369e+08 
380 1.00784e+08 
381 1.01224e+08 
382 1.01656e+08 
383 1.02062e+08 
384 1.02457e+08 
385 1.02852e+08 
386 1.03257e+08 
387 1.0365e+08 
388 1.03997e+08 
389 1.04342e+08 
390 1.04665e+08 
391 1.04951e+08 
392 1.05191e+08 
393 1.05429e+08 
394 1.056e+08 
395 1.05833e+08 
396 1.06085e+08 
397 1.06297e+08 
398 1.06433e+08 
399 1.06543e+08 
400 1.06647e+08 
401 1.06755e+08 
402 1.06839e+08 
403 1.06852e+08 
404 1.06858e+08 
405 1.0687e+08 
406 1.06854e+08 
407 1.06799e+08 
408 1.06727e+08 
409 1.06612e+08 
410 1.0654e+08 
411 1.06433e+08 
412 1.06304e+08 
413 1.06106e+08 
414 1.05907e+08 
415 1.05706e+08 
416 1.05457e+08 
417 1.05235e+08 
418 1.05015e+08 
419 1.04769e+08 
420 1.04503e+08 
421 1.04248e+08 
422 1.03982e+08 
423 1.03668e+08 
424 1.03386e+08 
425 1.03123e+08 
426 1.02909e+08 
427 1.0263e+08 
428 1.02387e+08 
429 1.02138e+08 
430 1.01815e+08 
431 1.01474e+08 
432 1.01141e+08 
433 1.00753e+08 
434 1.00308e+08 
435 9.98431e+07 
436 9.93113e+07 
437 9.87808e+07 
438 9.82272e+07 
439 9.7624e+07 
440 9.6989e+07 
441 9.63497e+07 
442 9.56852e+07 
443 9.49355e+07 
444 9.41421e+07 
445 9.33551e+07 
446 9.25555e+07 
447 9.17276e+07 
448 9.07956e+07 
449 8.98287e+07 
450 8.88433e+07 
451 8.78196e+07 
452 8.68277e+07 
453 8.5794e+07 
454 8.4776e+07 
455 8.37256e+07 
456 8.26433e+07 
457 8.15366e+07 
458 8.04166e+07 
459 7.93345e+07 
460 7.82193e+07 
461 7.70837e+07 
462 7.59431e+07 
463 7.47792e+07 
464 7.36428e+07 
465 7.24845e+07 
466 7.12872e+07 
467 7.00732e+07 
468 6.88548e+07 
469 6.76148e+07 
470 6.63906e+07 
471 6.516e+07 
472 6.39321e+07 
473 6.2703e+07 
474 6.1499e+07 
475 6.02753e+07 
476 5.90849e+07 
477 5.7901e+07 
478 5.67196e+07 
479 5.5547e+07 
480 5.44273e+07 
481 5.32525e+07 
482 5.21401e+07 
483 5.10237e+07 
484 4.99218e+07 
485 4.88453e+07 
486 4.77681e+07 
487 4.67149e+07 
488 4.56748e+07 
489 4.46333e+07 
490 4.3595e+07 
491 4.25794e+07 
492 4.15687e+07 
493 4.05359e+07 
494 3.9522e+07 
495 3.85024e+07 
496 3.74774e+07 
497 3.64652e+07 
498 3.54636e+07 
499 3.44599e+07 
500 3.3456e+07 
501 3.24908e+07 
502 3.15225e+07 
503 3.05609e+07 
504 2.96039e+07 
505 2.86473e+07 
506 2.76775e+07 
507 2.67392e+07 
508 2.57968e+07 
509 2.48996e+07 
510 2.39991e+07 
511 2.31212e+07 
512 2.22616e+07 
513 2.14267e+07 
514 2.06129e+07 
515 1.98343e+07 
516 1.90862e+07 
517 1.83218e+07 
518 1.75801e+07 
519 1.68631e+07 
520 1.6151e+07 
521 1.54568e+07 
522 1.47726e+07 
523 1.41247e+07 
524 1.34795e+07 
525 1.28631e+07 
526 1.22546e+07 
527 1.16626e+07 
528 1.10799e+07 
529 1.0546e+07 
530 1.00312e+07 
531 9.52665e+06 
532 9.04844e+06 
533 8.57381e+06 
534 8.11693e+06 
535 7.68236e+06 
536 7.26761e+06 
537 6.87307e+06 
538 6.50438e+06 
539 6.15936e+06 
540 5.82378e+06 
541 5.51243e+06 
542 5.21298e+06 
543 4.92616e+06 
544 4.65398e+06 
545 4.39532e+06 
546 4.1523e+06 
547 3.91886e+06 
548 3.68953e+06 
549 3.48287e+06 
550 3.2812e+06 
551 3.08646e+06 
552 2.90557e+06 
553 2.73436e+06 
554 2.56464e+06 
555 2.40755e+06 
556 2.25451e+06 
557 2.11452e+06 
558 1.98672e+06 
559 1.86652e+06 
560 1.75066e+06 
561 1.64696e+06 
562 1.54369e+06 
563 1.44616e+06 
564 1.36179e+06 
565 1.28178e+06 
566 1.20633e+06 
567 1.13262e+06 
568 1.06508e+06 
569 995615 
570 928730 
571 864536 
572 804021 
573 746770 
574 690721 
575 640753 
576 594310 
577 548704 
578 507487 
579 468454 
580 430885 
581 397786 
582 365414 
583 335158 
584 306030 
585 277963 
586 252411 
587 227277 
588 204612 
589 184858 
590 166479 
591 149656 
592 134226 
593 119217 
594 105950 
595 93756 
596 80936 
597 70533 
598 62043 
599 52617 
600 45033 
601 38530 
602 32442 
603 27541 
604 23443 
605 20494 
606 17262 
607 14421 
608 12235 
609 10039 
610 8209 
611 6768 
612 5955 
613 5055 
614 4086 
615 3696 
616 3276 
617 2771 
618 2527 
619 2170 
620 1992 
621 1702 
622 1297 
623 1064 
624 699 
625 505 
626 346 
627 232 
628 136 
629 77 
630 52 
631 19 
632 16 
633 1 
634 0 
635 0 
636 0 
637 0 
638 0 
639 0 
640 0 
641 0 
642 0 
643 0 
644 0 
645 0 
646 0 
647 0 
648 0 
649 0 
650 0 
651 0 
652 0 
653 0 
654 0 
655 0 
656 0 
657 0 
658 0 
659 0 
660 0 
661 0 
662 0 
663 0 
664 0 
665 0 
666 0 
667 0 
668 0 
669 0 
670 0 
671 0 
672 0 
673 0 
674 0 
675 0 
676 0 
677 0 
678 0 
679 0 
680 0 
681 0 
682 0 
683 0 
684 0 
685 0 
686 0 
687 0 
688 0 
689 0 
690 0 
691 0 
692 0 
693 0 
694 0 
695 0 
696 0 
697 0 
698 0 
699 0 
700 0 
701 0 
702 0 
703 0 
704 0 
705 0 
706 0 
707 0 
708 0 
709 0 
710 0 
711 0 
712 0 
713 0 
714 0 
715 0 
716 0 
717 0 
718 0 
719 0 
720 0 
721 0 
722 0 
723 0 
724 0 
725 0 
726 0 
727 0 
728 0 
729 0 
730 0 
731 0 
732 0 
733 0 
734 0 
735 0 
736 0 
737 0 
738 0 
739 0 
740 0 
741 0 
742 0 
743 0 
744 0 
745 0 
746 0 
747 0 
748 0 
749 0 
750 0 
751 0 
752 0 
753 0 
754 0 
755 0 
756 0 
757 0 
758 0 
759 0 
760 0 
761 0 
762 0 
763 0 
764 0 
765 0 
766 0 
767 0 
768 0 
769 0 
770 0 
771 0 
772 0 
773 0 
774 0 
775 0 
776 0 
777 0 
778 0 
779 0 
780 0 
781 0 
782 0 
783 0 
784 0 
785 0 
786 0 
787 0 
788 0 
789 0 
790 0 
791 0 
792 0 
793 0 
794 0 
795 0 
796 0 
797 0 
798 0 
799 0 
