0 0 
1 0 
2 0 
3 0 
4 0 
5 0 
6 0 
7 0 
8 0 
9 0 
10 0 
11 0 
12 0 
13 0 
14 0 
15 0 
16 0 
17 0 
18 0 
19 0 
20 0 
21 0 
22 0 
23 0 
24 0 
25 0 
26 0 
27 0 
28 0 
29 0 
30 0 
31 0 
32 0 
33 0 
34 0 
35 0 
36 0 
37 0 
38 0 
39 0 
40 0 
41 0 
42 0 
43 0 
44 0 
45 0 
46 0 
47 0 
48 0 
49 0 
50 0 
51 0 
52 0 
53 0 
54 0 
55 0 
56 0 
57 0 
58 0 
59 0 
60 0 
61 0 
62 0 
63 0 
64 0 
65 0 
66 0 
67 0 
68 0 
69 0 
70 0 
71 0 
72 0 
73 0 
74 0 
75 0 
76 0 
77 0 
78 0 
79 0 
80 0 
81 0 
82 0 
83 0 
84 0 
85 0 
86 0 
87 0 
88 0 
89 0 
90 0 
91 0 
92 0 
93 0 
94 0 
95 0 
96 0 
97 0 
98 0 
99 0 
100 0 
101 0 
102 0 
103 0 
104 0 
105 0 
106 0 
107 0 
108 0 
109 0 
110 0 
111 0 
112 0 
113 0 
114 0 
115 0 
116 0 
117 0 
118 0 
119 0 
120 0 
121 0 
122 0 
123 0 
124 0 
125 0 
126 0 
127 0 
128 0 
129 0 
130 0 
131 0 
132 0 
133 0 
134 0 
135 0 
136 0 
137 0 
138 0 
139 0 
140 0 
141 0 
142 0 
143 0 
144 0 
145 0 
146 0 
147 0 
148 0 
149 0 
150 0 
151 0 
152 0 
153 0 
154 0 
155 0 
156 0 
157 0 
158 0 
159 0 
160 0 
161 0 
162 0 
163 0 
164 0 
165 0 
166 0 
167 0 
168 0 
169 0 
170 0 
171 0 
172 0 
173 0 
174 0 
175 0 
176 0 
177 0 
178 0 
179 0 
180 0 
181 0 
182 0 
183 0 
184 0 
185 0 
186 0 
187 0 
188 0 
189 0 
190 0 
191 0 
192 0 
193 0 
194 0 
195 0 
196 0 
197 0 
198 0 
199 0 
200 0 
201 0 
202 0 
203 0 
204 0 
205 0 
206 0 
207 0 
208 0 
209 0 
210 0 
211 0 
212 0 
213 0 
214 0 
215 0 
216 0 
217 0 
218 0 
219 0 
220 0 
221 0 
222 0 
223 0 
224 0 
225 0 
226 0 
227 0 
228 0 
229 0 
230 0 
231 0 
232 0 
233 0 
234 0 
235 0 
236 3 
237 16 
238 66 
239 167 
240 489 
241 1223 
242 3269 
243 7113 
244 13100 
245 21089 
246 30639 
247 42839 
248 52865 
249 65149 
250 73740 
251 83563 
252 97835 
253 118124 
254 140528 
255 169131 
256 209996 
257 263504 
258 330259 
259 411798 
260 508251 
261 610026 
262 726894 
263 865841 
264 1.01673e+06 
265 1.17662e+06 
266 1.3671e+06 
267 1.57057e+06 
268 1.77526e+06 
269 1.98361e+06 
270 2.20986e+06 
271 2.44176e+06 
272 2.6861e+06 
273 2.94062e+06 
274 3.21425e+06 
275 3.50359e+06 
276 3.80884e+06 
277 4.15012e+06 
278 4.49324e+06 
279 4.83482e+06 
280 5.19136e+06 
281 5.54401e+06 
282 5.87337e+06 
283 6.17942e+06 
284 6.4514e+06 
285 6.72126e+06 
286 7.00756e+06 
287 7.29345e+06 
288 7.56001e+06 
289 7.84801e+06 
290 8.14781e+06 
291 8.4673e+06 
292 8.85958e+06 
293 9.26235e+06 
294 9.63674e+06 
295 1.00452e+07 
296 1.04803e+07 
297 1.09503e+07 
298 1.15046e+07 
299 1.22217e+07 
300 1.30329e+07 
301 1.40053e+07 
302 1.50579e+07 
303 1.62053e+07 
304 1.75042e+07 
305 1.89129e+07 
306 2.04277e+07 
307 2.20211e+07 
308 2.37106e+07 
309 2.55402e+07 
310 2.74188e+07 
311 2.93631e+07 
312 3.13604e+07 
313 3.33926e+07 
314 3.55504e+07 
315 3.76498e+07 
316 3.97028e+07 
317 4.15931e+07 
318 4.33691e+07 
319 4.50904e+07 
320 4.66795e+07 
321 4.82304e+07 
322 4.97302e+07 
323 5.1217e+07 
324 5.26841e+07 
325 5.40321e+07 
326 5.54821e+07 
327 5.69213e+07 
328 5.82532e+07 
329 5.94174e+07 
330 6.03639e+07 
331 6.11432e+07 
332 6.18571e+07 
333 6.24228e+07 
334 6.26323e+07 
335 6.2747e+07 
336 6.28414e+07 
337 6.29705e+07 
338 6.31556e+07 
339 6.34394e+07 
340 6.37147e+07 
341 6.41919e+07 
342 6.48118e+07 
343 6.55277e+07 
344 6.6278e+07 
345 6.70481e+07 
346 6.80725e+07 
347 6.93445e+07 
348 7.06832e+07 
349 7.21707e+07 
350 7.36855e+07 
351 7.53819e+07 
352 7.73262e+07 
353 7.95256e+07 
354 8.20854e+07 
355 8.50565e+07 
356 8.83336e+07 
357 9.18611e+07 
358 9.56921e+07 
359 9.98479e+07 
360 1.04283e+08 
361 1.09093e+08 
362 1.14179e+08 
363 1.19442e+08 
364 1.24735e+08 
365 1.30282e+08 
366 1.35863e+08 
367 1.41344e+08 
368 1.46799e+08 
369 1.52367e+08 
370 1.58225e+08 
371 1.64337e+08 
372 1.70745e+08 
373 1.77357e+08 
374 1.84291e+08 
375 1.91654e+08 
376 1.99371e+08 
377 2.07182e+08 
378 2.15339e+08 
379 2.23708e+08 
380 2.32528e+08 
381 2.41896e+08 
382 2.51755e+08 
383 2.61765e+08 
384 2.71851e+08 
385 2.81905e+08 
386 2.9183e+08 
387 3.01218e+08 
388 3.10445e+08 
389 3.19299e+08 
390 3.2794e+08 
391 3.35832e+08 
392 3.4336e+08 
393 3.50446e+08 
394 3.56868e+08 
395 3.62625e+08 
396 3.67693e+08 
397 3.71694e+08 
398 3.74892e+08 
399 3.77529e+08 
400 3.79155e+08 
401 3.79687e+08 
402 3.7912e+08 
403 3.77552e+08 
404 3.75101e+08 
405 3.72231e+08 
406 3.68859e+08 
407 3.64964e+08 
408 3.60306e+08 
409 3.55099e+08 
410 3.49033e+08 
411 3.42282e+08 
412 3.3488e+08 
413 3.26756e+08 
414 3.18085e+08 
415 3.08874e+08 
416 2.99466e+08 
417 2.89534e+08 
418 2.79352e+08 
419 2.68727e+08 
420 2.58013e+08 
421 2.47163e+08 
422 2.36357e+08 
423 2.25166e+08 
424 2.1415e+08 
425 2.03152e+08 
426 1.92635e+08 
427 1.82594e+08 
428 1.72994e+08 
429 1.64023e+08 
430 1.55654e+08 
431 1.47955e+08 
432 1.41005e+08 
433 1.34582e+08 
434 1.28642e+08 
435 1.22935e+08 
436 1.17504e+08 
437 1.12355e+08 
438 1.0742e+08 
439 1.02596e+08 
440 9.80607e+07 
441 9.38493e+07 
442 8.98496e+07 
443 8.62171e+07 
444 8.28946e+07 
445 7.96809e+07 
446 7.65068e+07 
447 7.34337e+07 
448 7.05111e+07 
449 6.77134e+07 
450 6.50944e+07 
451 6.26292e+07 
452 6.03939e+07 
453 5.82217e+07 
454 5.62462e+07 
455 5.44236e+07 
456 5.26642e+07 
457 5.10473e+07 
458 4.94786e+07 
459 4.79844e+07 
460 4.64991e+07 
461 4.50258e+07 
462 4.35832e+07 
463 4.2094e+07 
464 4.05499e+07 
465 3.89818e+07 
466 3.73451e+07 
467 3.56866e+07 
468 3.40223e+07 
469 3.23678e+07 
470 3.08319e+07 
471 2.94068e+07 
472 2.80322e+07 
473 2.67251e+07 
474 2.54365e+07 
475 2.42001e+07 
476 2.29755e+07 
477 2.17391e+07 
478 2.05335e+07 
479 1.94445e+07 
480 1.83774e+07 
481 1.74089e+07 
482 1.6571e+07 
483 1.58537e+07 
484 1.53223e+07 
485 1.48504e+07 
486 1.44272e+07 
487 1.40378e+07 
488 1.36741e+07 
489 1.33057e+07 
490 1.28822e+07 
491 1.24325e+07 
492 1.19675e+07 
493 1.14663e+07 
494 1.09929e+07 
495 1.06016e+07 
496 1.02622e+07 
497 9.9719e+06 
498 9.7688e+06 
499 9.61108e+06 
500 9.49726e+06 
501 9.38095e+06 
502 9.26981e+06 
503 9.12195e+06 
504 8.91674e+06 
505 8.67651e+06 
506 8.44316e+06 
507 8.22227e+06 
508 8.02594e+06 
509 7.82181e+06 
510 7.54516e+06 
511 7.24744e+06 
512 6.88294e+06 
513 6.47974e+06 
514 6.10219e+06 
515 5.75222e+06 
516 5.40128e+06 
517 5.05616e+06 
518 4.69492e+06 
519 4.30587e+06 
520 3.91121e+06 
521 3.51792e+06 
522 3.12206e+06 
523 2.72281e+06 
524 2.34136e+06 
525 1.97038e+06 
526 1.65008e+06 
527 1.36203e+06 
528 1.1239e+06 
529 918936 
530 748249 
531 598395 
532 478840 
533 377317 
534 292993 
535 227530 
536 175399 
537 135901 
538 103704 
539 79033 
540 56930 
541 39363 
542 27984 
543 18846 
544 13342 
545 8252 
546 5277 
547 3077 
548 1986 
549 1331 
550 1004 
551 667 
552 543 
553 155 
554 55 
555 7 
556 2 
557 0 
558 0 
559 0 
560 0 
561 0 
562 0 
563 0 
564 0 
565 0 
566 0 
567 0 
568 0 
569 0 
570 0 
571 0 
572 0 
573 0 
574 0 
575 0 
576 0 
577 0 
578 0 
579 0 
580 0 
581 0 
582 0 
583 0 
584 0 
585 0 
586 0 
587 0 
588 0 
589 0 
590 0 
591 0 
592 0 
593 0 
594 0 
595 0 
596 0 
597 0 
598 0 
599 0 
600 0 
601 0 
602 0 
603 0 
604 0 
605 0 
606 0 
607 0 
608 0 
609 0 
610 0 
611 0 
612 0 
613 0 
614 0 
615 0 
616 0 
617 0 
618 0 
619 0 
620 0 
621 0 
622 0 
623 0 
624 0 
625 0 
626 0 
627 0 
628 0 
629 0 
630 0 
631 0 
632 0 
633 0 
634 0 
635 0 
636 0 
637 0 
638 0 
639 0 
640 0 
641 0 
642 0 
643 0 
644 0 
645 0 
646 0 
647 0 
648 0 
649 0 
650 0 
651 0 
652 0 
653 0 
654 0 
655 0 
656 0 
657 0 
658 0 
659 0 
660 0 
661 0 
662 0 
663 0 
664 0 
665 0 
666 0 
667 0 
668 0 
669 0 
670 0 
671 0 
672 0 
673 0 
674 0 
675 0 
676 0 
677 0 
678 0 
679 0 
680 0 
681 0 
682 0 
683 0 
684 0 
685 0 
686 0 
687 0 
688 0 
689 0 
690 0 
691 0 
692 0 
693 0 
694 0 
695 0 
696 0 
697 0 
698 0 
699 0 
700 0 
701 0 
702 0 
703 0 
704 0 
705 0 
706 0 
707 0 
708 0 
709 0 
710 0 
711 0 
712 0 
713 0 
714 0 
715 0 
716 0 
717 0 
718 0 
719 0 
720 0 
721 0 
722 0 
723 0 
724 0 
725 0 
726 0 
727 0 
728 0 
729 0 
730 0 
731 0 
732 0 
733 0 
734 0 
735 0 
736 0 
737 0 
738 0 
739 0 
740 0 
741 0 
742 0 
743 0 
744 0 
745 0 
746 0 
747 0 
748 0 
749 0 
750 0 
751 0 
752 0 
753 0 
754 0 
755 0 
756 0 
757 0 
758 0 
759 0 
760 0 
761 0 
762 0 
763 0 
764 0 
765 0 
766 0 
767 0 
768 0 
769 0 
770 0 
771 0 
772 0 
773 0 
774 0 
775 0 
776 0 
777 0 
778 0 
779 0 
780 0 
781 0 
782 0 
783 0 
784 0 
785 0 
786 0 
787 0 
788 0 
789 0 
790 0 
791 0 
792 0 
793 0 
794 0 
795 0 
796 0 
797 0 
798 0 
799 0 
