0 0 
1 0 
2 0 
3 0 
4 0 
5 0 
6 0 
7 0 
8 0 
9 0 
10 0 
11 0 
12 0 
13 0 
14 0 
15 0 
16 0 
17 0 
18 0 
19 0 
20 0 
21 0 
22 0 
23 0 
24 0 
25 0 
26 0 
27 0 
28 0 
29 0 
30 0 
31 0 
32 0 
33 0 
34 0 
35 0 
36 0 
37 0 
38 0 
39 0 
40 0 
41 0 
42 0 
43 0 
44 0 
45 0 
46 0 
47 0 
48 0 
49 0 
50 0 
51 0 
52 0 
53 0 
54 0 
55 0 
56 0 
57 0 
58 0 
59 0 
60 0 
61 0 
62 0 
63 0 
64 0 
65 0 
66 0 
67 0 
68 0 
69 0 
70 0 
71 0 
72 0 
73 0 
74 0 
75 0 
76 0 
77 0 
78 0 
79 0 
80 0 
81 0 
82 0 
83 0 
84 0 
85 0 
86 0 
87 0 
88 0 
89 0 
90 0 
91 0 
92 0 
93 0 
94 0 
95 0 
96 0 
97 0 
98 0 
99 0 
100 0 
101 0 
102 0 
103 0 
104 0 
105 0 
106 0 
107 0 
108 0 
109 0 
110 0 
111 0 
112 0 
113 0 
114 0 
115 0 
116 0 
117 0 
118 0 
119 0 
120 0 
121 0 
122 0 
123 0 
124 0 
125 0 
126 0 
127 0 
128 0 
129 0 
130 0 
131 0 
132 0 
133 0 
134 0 
135 0 
136 0 
137 0 
138 0 
139 0 
140 0 
141 0 
142 0 
143 0 
144 0 
145 0 
146 0 
147 0 
148 0 
149 0 
150 0 
151 0 
152 0 
153 0 
154 0 
155 0 
156 0 
157 0 
158 0 
159 0 
160 0 
161 0 
162 0 
163 0 
164 0 
165 0 
166 0 
167 0 
168 0 
169 0 
170 0 
171 0 
172 0 
173 0 
174 0 
175 0 
176 0 
177 0 
178 0 
179 0 
180 0 
181 0 
182 0 
183 0 
184 0 
185 0 
186 0 
187 0 
188 0 
189 0 
190 0 
191 0 
192 0 
193 0 
194 0 
195 0 
196 0 
197 0 
198 0 
199 0 
200 0 
201 0 
202 0 
203 0 
204 0 
205 0 
206 0 
207 0 
208 0 
209 0 
210 0 
211 0 
212 0 
213 0 
214 0 
215 0 
216 0 
217 0 
218 0 
219 0 
220 0 
221 0 
222 0 
223 0 
224 0 
225 0 
226 0 
227 0 
228 0 
229 0 
230 0 
231 0 
232 0 
233 0 
234 0 
235 0 
236 0 
237 0 
238 0 
239 0 
240 0 
241 0 
242 0 
243 0 
244 0 
245 0 
246 0 
247 0 
248 0 
249 0 
250 0 
251 0 
252 0 
253 0 
254 0 
255 0 
256 0 
257 0 
258 0 
259 0 
260 0 
261 0 
262 0 
263 0 
264 0 
265 0 
266 0 
267 1 
268 1 
269 11 
270 10 
271 17 
272 11 
273 38 
274 58 
275 92 
276 86 
277 148 
278 231 
279 419 
280 495 
281 575 
282 707 
283 875 
284 900 
285 1107 
286 1142 
287 1439 
288 1507 
289 1946 
290 2171 
291 2529 
292 2959 
293 3154 
294 3327 
295 4105 
296 4825 
297 5563 
298 6419 
299 7376 
300 8961 
301 10445 
302 12402 
303 14995 
304 16916 
305 20036 
306 23743 
307 28605 
308 33951 
309 40878 
310 49125 
311 57572 
312 68920 
313 82083 
314 95862 
315 112231 
316 130625 
317 152876 
318 180033 
319 210001 
320 246126 
321 288362 
322 337728 
323 391161 
324 455315 
325 528363 
326 613480 
327 706724 
328 820784 
329 940760 
330 1.08042e+06 
331 1.24772e+06 
332 1.44394e+06 
333 1.66023e+06 
334 1.90834e+06 
335 2.18906e+06 
336 2.51362e+06 
337 2.88302e+06 
338 3.30452e+06 
339 3.77953e+06 
340 4.32555e+06 
341 4.94549e+06 
342 5.64817e+06 
343 6.43524e+06 
344 7.32952e+06 
345 8.32893e+06 
346 9.4674e+06 
347 1.07541e+07 
348 1.22229e+07 
349 1.38227e+07 
350 1.5647e+07 
351 1.76731e+07 
352 1.99308e+07 
353 2.24521e+07 
354 2.52495e+07 
355 2.83214e+07 
356 3.17198e+07 
357 3.54671e+07 
358 3.96086e+07 
359 4.41706e+07 
360 4.91454e+07 
361 5.46339e+07 
362 6.06223e+07 
363 6.71847e+07 
364 7.43308e+07 
365 8.20002e+07 
366 9.03474e+07 
367 9.93658e+07 
368 1.09146e+08 
369 1.19643e+08 
370 1.30934e+08 
371 1.42971e+08 
372 1.55787e+08 
373 1.69448e+08 
374 1.83872e+08 
375 1.99107e+08 
376 2.15126e+08 
377 2.31973e+08 
378 2.49615e+08 
379 2.67962e+08 
380 2.86904e+08 
381 3.0659e+08 
382 3.26754e+08 
383 3.47429e+08 
384 3.68377e+08 
385 3.89659e+08 
386 4.11007e+08 
387 4.32289e+08 
388 4.53395e+08 
389 4.74018e+08 
390 4.94158e+08 
391 5.13466e+08 
392 5.31897e+08 
393 5.49143e+08 
394 5.6488e+08 
395 5.78954e+08 
396 5.91128e+08 
397 6.01233e+08 
398 6.09091e+08 
399 6.1452e+08 
400 6.17231e+08 
401 6.14302e+08 
402 6.08723e+08 
403 6.00516e+08 
404 5.89893e+08 
405 5.77247e+08 
406 5.62681e+08 
407 5.46518e+08 
408 5.28901e+08 
409 5.10111e+08 
410 4.90369e+08 
411 4.69909e+08 
412 4.48798e+08 
413 4.2737e+08 
414 4.05795e+08 
415 3.84311e+08 
416 3.62943e+08 
417 3.41873e+08 
418 3.21234e+08 
419 3.01043e+08 
420 2.81414e+08 
421 2.62424e+08 
422 2.44159e+08 
423 2.2664e+08 
424 2.09752e+08 
425 1.93831e+08 
426 1.78654e+08 
427 1.64293e+08 
428 1.5071e+08 
429 1.37987e+08 
430 1.26108e+08 
431 1.14991e+08 
432 1.04664e+08 
433 9.51179e+07 
434 8.62852e+07 
435 7.80755e+07 
436 7.05468e+07 
437 6.35765e+07 
438 5.72392e+07 
439 5.14584e+07 
440 4.61753e+07 
441 4.13389e+07 
442 3.69493e+07 
443 3.29688e+07 
444 2.93858e+07 
445 2.61368e+07 
446 2.32093e+07 
447 2.05801e+07 
448 1.82131e+07 
449 1.60855e+07 
450 1.41774e+07 
451 1.24811e+07 
452 1.09788e+07 
453 9.63216e+06 
454 8.44132e+06 
455 7.3833e+06 
456 6.45328e+06 
457 5.62588e+06 
458 4.90721e+06 
459 4.26116e+06 
460 3.69434e+06 
461 3.21063e+06 
462 2.78192e+06 
463 2.39784e+06 
464 2.07343e+06 
465 1.78866e+06 
466 1.54401e+06 
467 1.33483e+06 
468 1.15018e+06 
469 987515 
470 849204 
471 728032 
472 623693 
473 534659 
474 451297 
475 382128 
476 323924 
477 276523 
478 234684 
479 199716 
480 168699 
481 142275 
482 120969 
483 103141 
484 86729 
485 72539 
486 60344 
487 49320 
488 39976 
489 32292 
490 25551 
491 19677 
492 15634 
493 12098 
494 9304 
495 6948 
496 5189 
497 4042 
498 3148 
499 2308 
500 1678 
501 1150 
502 724 
503 538 
504 327 
505 209 
506 143 
507 113 
508 115 
509 64 
510 52 
511 23 
512 23 
513 15 
514 6 
515 6 
516 1 
517 0 
518 0 
519 0 
520 0 
521 0 
522 0 
523 0 
524 0 
525 0 
526 0 
527 0 
528 0 
529 0 
530 0 
531 0 
532 0 
533 0 
534 0 
535 0 
536 0 
537 0 
538 0 
539 0 
540 0 
541 0 
542 0 
543 0 
544 0 
545 0 
546 0 
547 0 
548 0 
549 0 
550 0 
551 0 
552 0 
553 0 
554 0 
555 0 
556 0 
557 0 
558 0 
559 0 
560 0 
561 0 
562 0 
563 0 
564 0 
565 0 
566 0 
567 0 
568 0 
569 0 
570 0 
571 0 
572 0 
573 0 
574 0 
575 0 
576 0 
577 0 
578 0 
579 0 
580 0 
581 0 
582 0 
583 0 
584 0 
585 0 
586 0 
587 0 
588 0 
589 0 
590 0 
591 0 
592 0 
593 0 
594 0 
595 0 
596 0 
597 0 
598 0 
599 0 
600 0 
601 0 
602 0 
603 0 
604 0 
605 0 
606 0 
607 0 
608 0 
609 0 
610 0 
611 0 
612 0 
613 0 
614 0 
615 0 
616 0 
617 0 
618 0 
619 0 
620 0 
621 0 
622 0 
623 0 
624 0 
625 0 
626 0 
627 0 
628 0 
629 0 
630 0 
631 0 
632 0 
633 0 
634 0 
635 0 
636 0 
637 0 
638 0 
639 0 
640 0 
641 0 
642 0 
643 0 
644 0 
645 0 
646 0 
647 0 
648 0 
649 0 
650 0 
651 0 
652 0 
653 0 
654 0 
655 0 
656 0 
657 0 
658 0 
659 0 
660 0 
661 0 
662 0 
663 0 
664 0 
665 0 
666 0 
667 0 
668 0 
669 0 
670 0 
671 0 
672 0 
673 0 
674 0 
675 0 
676 0 
677 0 
678 0 
679 0 
680 0 
681 0 
682 0 
683 0 
684 0 
685 0 
686 0 
687 0 
688 0 
689 0 
690 0 
691 0 
692 0 
693 0 
694 0 
695 0 
696 0 
697 0 
698 0 
699 0 
700 0 
701 0 
702 0 
703 0 
704 0 
705 0 
706 0 
707 0 
708 0 
709 0 
710 0 
711 0 
712 0 
713 0 
714 0 
715 0 
716 0 
717 0 
718 0 
719 0 
720 0 
721 0 
722 0 
723 0 
724 0 
725 0 
726 0 
727 0 
728 0 
729 0 
730 0 
731 0 
732 0 
733 0 
734 0 
735 0 
736 0 
737 0 
738 0 
739 0 
740 0 
741 0 
742 0 
743 0 
744 0 
745 0 
746 0 
747 0 
748 0 
749 0 
750 0 
751 0 
752 0 
753 0 
754 0 
755 0 
756 0 
757 0 
758 0 
759 0 
760 0 
761 0 
762 0 
763 0 
764 0 
765 0 
766 0 
767 0 
768 0 
769 0 
770 0 
771 0 
772 0 
773 0 
774 0 
775 0 
776 0 
777 0 
778 0 
779 0 
780 0 
781 0 
782 0 
783 0 
784 0 
785 0 
786 0 
787 0 
788 0 
789 0 
790 0 
791 0 
792 0 
793 0 
794 0 
795 0 
796 0 
797 0 
798 0 
799 0 
