0 0 
1 0 
2 0 
3 0 
4 0 
5 0 
6 0 
7 0 
8 0 
9 0 
10 0 
11 0 
12 0 
13 0 
14 0 
15 0 
16 0 
17 0 
18 0 
19 0 
20 0 
21 0 
22 0 
23 0 
24 0 
25 0 
26 0 
27 0 
28 0 
29 0 
30 0 
31 0 
32 0 
33 0 
34 0 
35 0 
36 0 
37 0 
38 0 
39 0 
40 0 
41 0 
42 0 
43 0 
44 0 
45 0 
46 0 
47 0 
48 0 
49 0 
50 0 
51 0 
52 0 
53 0 
54 0 
55 0 
56 0 
57 0 
58 0 
59 0 
60 0 
61 0 
62 0 
63 0 
64 0 
65 0 
66 0 
67 0 
68 0 
69 0 
70 0 
71 0 
72 0 
73 0 
74 0 
75 0 
76 0 
77 0 
78 0 
79 0 
80 0 
81 0 
82 0 
83 0 
84 0 
85 0 
86 0 
87 0 
88 0 
89 0 
90 0 
91 0 
92 0 
93 0 
94 0 
95 0 
96 0 
97 0 
98 0 
99 0 
100 0 
101 0 
102 0 
103 0 
104 0 
105 0 
106 0 
107 0 
108 0 
109 0 
110 0 
111 0 
112 0 
113 0 
114 0 
115 0 
116 0 
117 0 
118 0 
119 0 
120 0 
121 0 
122 0 
123 0 
124 0 
125 0 
126 0 
127 0 
128 0 
129 0 
130 0 
131 0 
132 0 
133 0 
134 0 
135 0 
136 0 
137 0 
138 0 
139 0 
140 0 
141 0 
142 0 
143 0 
144 0 
145 0 
146 0 
147 0 
148 0 
149 0 
150 0 
151 0 
152 0 
153 0 
154 0 
155 0 
156 0 
157 0 
158 0 
159 0 
160 0 
161 0 
162 0 
163 0 
164 0 
165 0 
166 0 
167 0 
168 0 
169 0 
170 0 
171 0 
172 0 
173 0 
174 0 
175 0 
176 0 
177 0 
178 0 
179 0 
180 0 
181 0 
182 0 
183 0 
184 0 
185 0 
186 0 
187 0 
188 0 
189 0 
190 0 
191 0 
192 0 
193 0 
194 0 
195 0 
196 0 
197 0 
198 0 
199 0 
200 0 
201 0 
202 0 
203 0 
204 0 
205 0 
206 0 
207 0 
208 0 
209 0 
210 0 
211 0 
212 0 
213 0 
214 0 
215 0 
216 0 
217 0 
218 0 
219 0 
220 0 
221 0 
222 0 
223 0 
224 0 
225 0 
226 0 
227 0 
228 0 
229 0 
230 0 
231 0 
232 0 
233 0 
234 0 
235 0 
236 0 
237 0 
238 0 
239 0 
240 0 
241 0 
242 0 
243 0 
244 0 
245 0 
246 0 
247 0 
248 0 
249 0 
250 0 
251 0 
252 0 
253 0 
254 0 
255 0 
256 0 
257 0 
258 0 
259 0 
260 0 
261 0 
262 12 
263 27 
264 38 
265 55 
266 102 
267 92 
268 101 
269 75 
270 82 
271 127 
272 193 
273 198 
274 136 
275 219 
276 272 
277 280 
278 258 
279 284 
280 331 
281 427 
282 547 
283 544 
284 774 
285 1064 
286 1373 
287 1840 
288 2290 
289 3141 
290 4034 
291 5133 
292 6293 
293 7567 
294 9441 
295 12417 
296 15503 
297 18808 
298 23214 
299 27834 
300 33617 
301 40438 
302 48278 
303 57290 
304 67986 
305 80330 
306 94695 
307 111884 
308 131094 
309 149852 
310 174635 
311 201116 
312 230903 
313 266871 
314 306201 
315 347770 
316 398993 
317 458510 
318 524519 
319 603164 
320 685001 
321 779637 
322 885583 
323 1.0095e+06 
324 1.14234e+06 
325 1.29698e+06 
326 1.47729e+06 
327 1.67063e+06 
328 1.89454e+06 
329 2.14873e+06 
330 2.42709e+06 
331 2.75138e+06 
332 3.1178e+06 
333 3.52992e+06 
334 3.99378e+06 
335 4.51731e+06 
336 5.09292e+06 
337 5.74436e+06 
338 6.4798e+06 
339 7.29617e+06 
340 8.20151e+06 
341 9.20272e+06 
342 1.03249e+07 
343 1.15683e+07 
344 1.29636e+07 
345 1.45009e+07 
346 1.61939e+07 
347 1.8045e+07 
348 2.00776e+07 
349 2.23529e+07 
350 2.48198e+07 
351 2.7524e+07 
352 3.04781e+07 
353 3.36685e+07 
354 3.71707e+07 
355 4.09899e+07 
356 4.51502e+07 
357 4.96375e+07 
358 5.45009e+07 
359 5.98046e+07 
360 6.55153e+07 
361 7.16993e+07 
362 7.82985e+07 
363 8.53871e+07 
364 9.30293e+07 
365 1.01163e+08 
366 1.09899e+08 
367 1.19185e+08 
368 1.2907e+08 
369 1.39545e+08 
370 1.50582e+08 
371 1.62317e+08 
372 1.74564e+08 
373 1.87477e+08 
374 2.00991e+08 
375 2.15097e+08 
376 2.29749e+08 
377 2.44956e+08 
378 2.60682e+08 
379 2.7688e+08 
380 2.93535e+08 
381 3.1053e+08 
382 3.2778e+08 
383 3.4523e+08 
384 3.62904e+08 
385 3.80579e+08 
386 3.98094e+08 
387 4.15518e+08 
388 4.32724e+08 
389 4.49339e+08 
390 4.65553e+08 
391 4.80913e+08 
392 4.95353e+08 
393 5.08729e+08 
394 5.20807e+08 
395 5.31486e+08 
396 5.40758e+08 
397 5.48381e+08 
398 5.54189e+08 
399 5.581e+08 
400 5.59855e+08 
401 5.57502e+08 
402 5.5309e+08 
403 5.46731e+08 
404 5.38615e+08 
405 5.28977e+08 
406 5.1775e+08 
407 5.05172e+08 
408 4.91518e+08 
409 4.76904e+08 
410 4.61443e+08 
411 4.45199e+08 
412 4.2838e+08 
413 4.11131e+08 
414 3.93658e+08 
415 3.75919e+08 
416 3.58164e+08 
417 3.40623e+08 
418 3.23047e+08 
419 3.05735e+08 
420 2.88719e+08 
421 2.72109e+08 
422 2.56017e+08 
423 2.40289e+08 
424 2.25084e+08 
425 2.104e+08 
426 1.96319e+08 
427 1.82883e+08 
428 1.70013e+08 
429 1.57742e+08 
430 1.46139e+08 
431 1.35079e+08 
432 1.24673e+08 
433 1.14831e+08 
434 1.05626e+08 
435 9.7008e+07 
436 8.89197e+07 
437 8.1409e+07 
438 7.44052e+07 
439 6.79114e+07 
440 6.1843e+07 
441 5.62567e+07 
442 5.10831e+07 
443 4.63515e+07 
444 4.1956e+07 
445 3.79448e+07 
446 3.42757e+07 
447 3.09195e+07 
448 2.78446e+07 
449 2.50337e+07 
450 2.25023e+07 
451 2.01961e+07 
452 1.81071e+07 
453 1.62071e+07 
454 1.45149e+07 
455 1.2971e+07 
456 1.15725e+07 
457 1.03109e+07 
458 9.17843e+06 
459 8.17371e+06 
460 7.27163e+06 
461 6.46304e+06 
462 5.73672e+06 
463 5.09255e+06 
464 4.51529e+06 
465 3.99674e+06 
466 3.54134e+06 
467 3.12412e+06 
468 2.76054e+06 
469 2.43247e+06 
470 2.14037e+06 
471 1.88292e+06 
472 1.65987e+06 
473 1.45221e+06 
474 1.2713e+06 
475 1.11253e+06 
476 970392 
477 846212 
478 738475 
479 643086 
480 556689 
481 483090 
482 417890 
483 360729 
484 311027 
485 269592 
486 233758 
487 201474 
488 174675 
489 149126 
490 127165 
491 108870 
492 93370 
493 78291 
494 66725 
495 56609 
496 47229 
497 39618 
498 33204 
499 26838 
500 22382 
501 18097 
502 14486 
503 11864 
504 9334 
505 7034 
506 5261 
507 3884 
508 2715 
509 1873 
510 1319 
511 806 
512 519 
513 349 
514 179 
515 104 
516 75 
517 43 
518 14 
519 11 
520 0 
521 0 
522 0 
523 0 
524 0 
525 0 
526 0 
527 0 
528 0 
529 0 
530 0 
531 0 
532 0 
533 0 
534 0 
535 0 
536 0 
537 0 
538 0 
539 0 
540 0 
541 0 
542 0 
543 0 
544 0 
545 0 
546 0 
547 0 
548 0 
549 0 
550 0 
551 0 
552 0 
553 0 
554 0 
555 0 
556 0 
557 0 
558 0 
559 0 
560 0 
561 0 
562 0 
563 0 
564 0 
565 0 
566 0 
567 0 
568 0 
569 0 
570 0 
571 0 
572 0 
573 0 
574 0 
575 0 
576 0 
577 0 
578 0 
579 0 
580 0 
581 0 
582 0 
583 0 
584 0 
585 0 
586 0 
587 0 
588 0 
589 0 
590 0 
591 0 
592 0 
593 0 
594 0 
595 0 
596 0 
597 0 
598 0 
599 0 
600 0 
601 0 
602 0 
603 0 
604 0 
605 0 
606 0 
607 0 
608 0 
609 0 
610 0 
611 0 
612 0 
613 0 
614 0 
615 0 
616 0 
617 0 
618 0 
619 0 
620 0 
621 0 
622 0 
623 0 
624 0 
625 0 
626 0 
627 0 
628 0 
629 0 
630 0 
631 0 
632 0 
633 0 
634 0 
635 0 
636 0 
637 0 
638 0 
639 0 
640 0 
641 0 
642 0 
643 0 
644 0 
645 0 
646 0 
647 0 
648 0 
649 0 
650 0 
651 0 
652 0 
653 0 
654 0 
655 0 
656 0 
657 0 
658 0 
659 0 
660 0 
661 0 
662 0 
663 0 
664 0 
665 0 
666 0 
667 0 
668 0 
669 0 
670 0 
671 0 
672 0 
673 0 
674 0 
675 0 
676 0 
677 0 
678 0 
679 0 
680 0 
681 0 
682 0 
683 0 
684 0 
685 0 
686 0 
687 0 
688 0 
689 0 
690 0 
691 0 
692 0 
693 0 
694 0 
695 0 
696 0 
697 0 
698 0 
699 0 
700 0 
701 0 
702 0 
703 0 
704 0 
705 0 
706 0 
707 0 
708 0 
709 0 
710 0 
711 0 
712 0 
713 0 
714 0 
715 0 
716 0 
717 0 
718 0 
719 0 
720 0 
721 0 
722 0 
723 0 
724 0 
725 0 
726 0 
727 0 
728 0 
729 0 
730 0 
731 0 
732 0 
733 0 
734 0 
735 0 
736 0 
737 0 
738 0 
739 0 
740 0 
741 0 
742 0 
743 0 
744 0 
745 0 
746 0 
747 0 
748 0 
749 0 
750 0 
751 0 
752 0 
753 0 
754 0 
755 0 
756 0 
757 0 
758 0 
759 0 
760 0 
761 0 
762 0 
763 0 
764 0 
765 0 
766 0 
767 0 
768 0 
769 0 
770 0 
771 0 
772 0 
773 0 
774 0 
775 0 
776 0 
777 0 
778 0 
779 0 
780 0 
781 0 
782 0 
783 0 
784 0 
785 0 
786 0 
787 0 
788 0 
789 0 
790 0 
791 0 
792 0 
793 0 
794 0 
795 0 
796 0 
797 0 
798 0 
799 0 
