0 0 
1 0 
2 0 
3 0 
4 0 
5 0 
6 0 
7 0 
8 0 
9 0 
10 0 
11 0 
12 0 
13 0 
14 0 
15 0 
16 0 
17 0 
18 0 
19 0 
20 0 
21 0 
22 0 
23 0 
24 0 
25 0 
26 0 
27 0 
28 0 
29 0 
30 0 
31 0 
32 0 
33 0 
34 0 
35 0 
36 0 
37 0 
38 0 
39 0 
40 0 
41 0 
42 0 
43 0 
44 0 
45 0 
46 0 
47 0 
48 0 
49 0 
50 0 
51 0 
52 0 
53 0 
54 0 
55 0 
56 0 
57 0 
58 0 
59 0 
60 0 
61 0 
62 0 
63 0 
64 0 
65 0 
66 0 
67 0 
68 0 
69 0 
70 0 
71 0 
72 0 
73 0 
74 0 
75 0 
76 0 
77 0 
78 0 
79 0 
80 0 
81 0 
82 0 
83 0 
84 0 
85 0 
86 0 
87 0 
88 0 
89 0 
90 0 
91 0 
92 0 
93 0 
94 0 
95 0 
96 0 
97 0 
98 0 
99 0 
100 0 
101 0 
102 0 
103 0 
104 0 
105 0 
106 0 
107 0 
108 0 
109 0 
110 0 
111 0 
112 0 
113 0 
114 0 
115 0 
116 0 
117 0 
118 0 
119 0 
120 0 
121 0 
122 0 
123 0 
124 0 
125 0 
126 0 
127 0 
128 0 
129 0 
130 0 
131 0 
132 0 
133 0 
134 0 
135 0 
136 0 
137 0 
138 0 
139 0 
140 0 
141 0 
142 0 
143 0 
144 0 
145 0 
146 0 
147 0 
148 0 
149 0 
150 0 
151 0 
152 0 
153 0 
154 0 
155 0 
156 0 
157 0 
158 0 
159 0 
160 0 
161 0 
162 0 
163 0 
164 0 
165 0 
166 0 
167 0 
168 0 
169 0 
170 0 
171 0 
172 0 
173 0 
174 0 
175 0 
176 0 
177 0 
178 0 
179 0 
180 0 
181 0 
182 0 
183 0 
184 0 
185 0 
186 0 
187 0 
188 0 
189 0 
190 0 
191 0 
192 0 
193 0 
194 0 
195 0 
196 0 
197 0 
198 0 
199 0 
200 0 
201 0 
202 0 
203 0 
204 0 
205 0 
206 0 
207 0 
208 0 
209 0 
210 0 
211 0 
212 0 
213 0 
214 0 
215 0 
216 0 
217 0 
218 0 
219 0 
220 0 
221 0 
222 0 
223 0 
224 0 
225 0 
226 0 
227 0 
228 0 
229 0 
230 0 
231 0 
232 0 
233 0 
234 0 
235 0 
236 0 
237 0 
238 0 
239 0 
240 0 
241 0 
242 0 
243 0 
244 0 
245 0 
246 0 
247 0 
248 0 
249 0 
250 0 
251 0 
252 0 
253 0 
254 0 
255 0 
256 0 
257 0 
258 0 
259 0 
260 0 
261 0 
262 0 
263 0 
264 0 
265 0 
266 0 
267 0 
268 0 
269 0 
270 0 
271 0 
272 5 
273 7 
274 15 
275 17 
276 47 
277 84 
278 150 
279 248 
280 487 
281 677 
282 902 
283 1204 
284 1516 
285 2153 
286 2614 
287 3626 
288 4580 
289 5676 
290 7350 
291 9498 
292 12128 
293 15322 
294 19445 
295 24731 
296 31000 
297 37452 
298 46040 
299 55619 
300 67607 
301 80883 
302 95686 
303 112667 
304 130279 
305 153018 
306 175751 
307 205004 
308 234468 
309 268240 
310 306161 
311 350024 
312 395556 
313 452275 
314 514057 
315 584790 
316 665395 
317 755621 
318 860998 
319 981397 
320 1.11425e+06 
321 1.26715e+06 
322 1.43727e+06 
323 1.64119e+06 
324 1.86658e+06 
325 2.12065e+06 
326 2.40053e+06 
327 2.71843e+06 
328 3.07114e+06 
329 3.45828e+06 
330 3.9033e+06 
331 4.38738e+06 
332 4.9382e+06 
333 5.53729e+06 
334 6.21094e+06 
335 6.96325e+06 
336 7.7839e+06 
337 8.70003e+06 
338 9.70492e+06 
339 1.08216e+07 
340 1.20478e+07 
341 1.34024e+07 
342 1.49004e+07 
343 1.65177e+07 
344 1.82862e+07 
345 2.02106e+07 
346 2.23066e+07 
347 2.45929e+07 
348 2.70684e+07 
349 2.97587e+07 
350 3.26609e+07 
351 3.58109e+07 
352 3.92364e+07 
353 4.29004e+07 
354 4.68371e+07 
355 5.11093e+07 
356 5.57136e+07 
357 6.06274e+07 
358 6.58906e+07 
359 7.14565e+07 
360 7.74476e+07 
361 8.38021e+07 
362 9.05683e+07 
363 9.77542e+07 
364 1.05371e+08 
365 1.13393e+08 
366 1.21855e+08 
367 1.30737e+08 
368 1.40104e+08 
369 1.49939e+08 
370 1.60267e+08 
371 1.71003e+08 
372 1.82228e+08 
373 1.93901e+08 
374 2.06071e+08 
375 2.18549e+08 
376 2.3146e+08 
377 2.4473e+08 
378 2.5838e+08 
379 2.72342e+08 
380 2.8664e+08 
381 3.01008e+08 
382 3.15625e+08 
383 3.30283e+08 
384 3.45081e+08 
385 3.5985e+08 
386 3.74401e+08 
387 3.88832e+08 
388 4.02922e+08 
389 4.16462e+08 
390 4.29675e+08 
391 4.42176e+08 
392 4.53837e+08 
393 4.64711e+08 
394 4.74628e+08 
395 4.83347e+08 
396 4.91068e+08 
397 4.97494e+08 
398 5.02526e+08 
399 5.06159e+08 
400 5.08195e+08 
401 5.0741e+08 
402 5.05073e+08 
403 5.01186e+08 
404 4.95996e+08 
405 4.89518e+08 
406 4.81805e+08 
407 4.73044e+08 
408 4.63139e+08 
409 4.52391e+08 
410 4.40854e+08 
411 4.28567e+08 
412 4.15724e+08 
413 4.02313e+08 
414 3.88535e+08 
415 3.74369e+08 
416 3.59982e+08 
417 3.45478e+08 
418 3.3082e+08 
419 3.16237e+08 
420 3.01679e+08 
421 2.87229e+08 
422 2.72995e+08 
423 2.58929e+08 
424 2.45124e+08 
425 2.31555e+08 
426 2.18469e+08 
427 2.05682e+08 
428 1.93347e+08 
429 1.81465e+08 
430 1.70111e+08 
431 1.59187e+08 
432 1.48714e+08 
433 1.38797e+08 
434 1.29306e+08 
435 1.20325e+08 
436 1.11805e+08 
437 1.03707e+08 
438 9.61211e+07 
439 8.89449e+07 
440 8.21858e+07 
441 7.58543e+07 
442 6.99573e+07 
443 6.4515e+07 
444 5.93545e+07 
445 5.45054e+07 
446 4.99937e+07 
447 4.58011e+07 
448 4.18776e+07 
449 3.82598e+07 
450 3.4914e+07 
451 3.18284e+07 
452 2.89951e+07 
453 2.63937e+07 
454 2.40016e+07 
455 2.17786e+07 
456 1.97241e+07 
457 1.78451e+07 
458 1.61198e+07 
459 1.45386e+07 
460 1.30982e+07 
461 1.17833e+07 
462 1.06041e+07 
463 9.53943e+06 
464 8.58055e+06 
465 7.69586e+06 
466 6.90974e+06 
467 6.19175e+06 
468 5.5408e+06 
469 4.94465e+06 
470 4.41255e+06 
471 3.93376e+06 
472 3.49936e+06 
473 3.10619e+06 
474 2.7543e+06 
475 2.44028e+06 
476 2.15585e+06 
477 1.90617e+06 
478 1.68039e+06 
479 1.47795e+06 
480 1.29864e+06 
481 1.1418e+06 
482 995494 
483 870261 
484 751504 
485 654294 
486 566946 
487 490386 
488 422857 
489 363859 
490 311761 
491 266180 
492 226451 
493 192033 
494 161900 
495 138477 
496 115204 
497 96493 
498 79487 
499 66247 
500 55711 
501 46735 
502 38243 
503 30706 
504 25106 
505 19716 
506 15896 
507 12571 
508 9881 
509 8078 
510 6100 
511 4528 
512 3471 
513 2595 
514 1868 
515 1304 
516 998 
517 821 
518 629 
519 495 
520 345 
521 269 
522 146 
523 92 
524 32 
525 15 
526 4 
527 10 
528 14 
529 2 
530 0 
531 0 
532 0 
533 0 
534 0 
535 0 
536 0 
537 0 
538 0 
539 0 
540 0 
541 0 
542 0 
543 0 
544 0 
545 0 
546 0 
547 0 
548 0 
549 0 
550 0 
551 0 
552 0 
553 0 
554 0 
555 0 
556 0 
557 0 
558 0 
559 0 
560 0 
561 0 
562 0 
563 0 
564 0 
565 0 
566 0 
567 0 
568 0 
569 0 
570 0 
571 0 
572 0 
573 0 
574 0 
575 0 
576 0 
577 0 
578 0 
579 0 
580 0 
581 0 
582 0 
583 0 
584 0 
585 0 
586 0 
587 0 
588 0 
589 0 
590 0 
591 0 
592 0 
593 0 
594 0 
595 0 
596 0 
597 0 
598 0 
599 0 
600 0 
601 0 
602 0 
603 0 
604 0 
605 0 
606 0 
607 0 
608 0 
609 0 
610 0 
611 0 
612 0 
613 0 
614 0 
615 0 
616 0 
617 0 
618 0 
619 0 
620 0 
621 0 
622 0 
623 0 
624 0 
625 0 
626 0 
627 0 
628 0 
629 0 
630 0 
631 0 
632 0 
633 0 
634 0 
635 0 
636 0 
637 0 
638 0 
639 0 
640 0 
641 0 
642 0 
643 0 
644 0 
645 0 
646 0 
647 0 
648 0 
649 0 
650 0 
651 0 
652 0 
653 0 
654 0 
655 0 
656 0 
657 0 
658 0 
659 0 
660 0 
661 0 
662 0 
663 0 
664 0 
665 0 
666 0 
667 0 
668 0 
669 0 
670 0 
671 0 
672 0 
673 0 
674 0 
675 0 
676 0 
677 0 
678 0 
679 0 
680 0 
681 0 
682 0 
683 0 
684 0 
685 0 
686 0 
687 0 
688 0 
689 0 
690 0 
691 0 
692 0 
693 0 
694 0 
695 0 
696 0 
697 0 
698 0 
699 0 
700 0 
701 0 
702 0 
703 0 
704 0 
705 0 
706 0 
707 0 
708 0 
709 0 
710 0 
711 0 
712 0 
713 0 
714 0 
715 0 
716 0 
717 0 
718 0 
719 0 
720 0 
721 0 
722 0 
723 0 
724 0 
725 0 
726 0 
727 0 
728 0 
729 0 
730 0 
731 0 
732 0 
733 0 
734 0 
735 0 
736 0 
737 0 
738 0 
739 0 
740 0 
741 0 
742 0 
743 0 
744 0 
745 0 
746 0 
747 0 
748 0 
749 0 
750 0 
751 0 
752 0 
753 0 
754 0 
755 0 
756 0 
757 0 
758 0 
759 0 
760 0 
761 0 
762 0 
763 0 
764 0 
765 0 
766 0 
767 0 
768 0 
769 0 
770 0 
771 0 
772 0 
773 0 
774 0 
775 0 
776 0 
777 0 
778 0 
779 0 
780 0 
781 0 
782 0 
783 0 
784 0 
785 0 
786 0 
787 0 
788 0 
789 0 
790 0 
791 0 
792 0 
793 0 
794 0 
795 0 
796 0 
797 0 
798 0 
799 0 
