0 0 
1 0 
2 0 
3 0 
4 0 
5 0 
6 0 
7 0 
8 0 
9 0 
10 0 
11 0 
12 0 
13 0 
14 0 
15 0 
16 0 
17 0 
18 0 
19 0 
20 0 
21 0 
22 0 
23 0 
24 0 
25 0 
26 0 
27 0 
28 0 
29 0 
30 0 
31 0 
32 0 
33 0 
34 0 
35 0 
36 0 
37 0 
38 0 
39 0 
40 0 
41 0 
42 0 
43 0 
44 0 
45 0 
46 0 
47 0 
48 0 
49 0 
50 0 
51 0 
52 0 
53 0 
54 0 
55 0 
56 0 
57 0 
58 0 
59 0 
60 0 
61 0 
62 0 
63 0 
64 0 
65 0 
66 0 
67 0 
68 0 
69 0 
70 0 
71 0 
72 0 
73 0 
74 0 
75 0 
76 0 
77 0 
78 0 
79 0 
80 0 
81 0 
82 0 
83 0 
84 0 
85 0 
86 0 
87 0 
88 0 
89 0 
90 0 
91 0 
92 0 
93 0 
94 0 
95 0 
96 0 
97 0 
98 0 
99 0 
100 0 
101 0 
102 0 
103 0 
104 0 
105 0 
106 0 
107 0 
108 0 
109 0 
110 0 
111 0 
112 0 
113 0 
114 0 
115 0 
116 0 
117 0 
118 0 
119 0 
120 0 
121 0 
122 0 
123 0 
124 0 
125 0 
126 0 
127 0 
128 0 
129 0 
130 0 
131 0 
132 0 
133 0 
134 0 
135 0 
136 0 
137 0 
138 0 
139 0 
140 0 
141 0 
142 0 
143 0 
144 0 
145 0 
146 0 
147 0 
148 0 
149 0 
150 0 
151 0 
152 0 
153 0 
154 0 
155 0 
156 0 
157 0 
158 0 
159 0 
160 0 
161 0 
162 0 
163 0 
164 0 
165 0 
166 0 
167 0 
168 0 
169 0 
170 0 
171 0 
172 0 
173 0 
174 0 
175 0 
176 0 
177 0 
178 0 
179 0 
180 0 
181 0 
182 0 
183 0 
184 0 
185 0 
186 0 
187 0 
188 0 
189 0 
190 0 
191 0 
192 0 
193 0 
194 0 
195 0 
196 0 
197 0 
198 0 
199 0 
200 0 
201 0 
202 0 
203 0 
204 0 
205 0 
206 0 
207 0 
208 0 
209 0 
210 0 
211 0 
212 0 
213 0 
214 0 
215 0 
216 0 
217 0 
218 0 
219 0 
220 0 
221 0 
222 0 
223 0 
224 0 
225 0 
226 0 
227 0 
228 0 
229 0 
230 0 
231 0 
232 0 
233 0 
234 0 
235 0 
236 0 
237 0 
238 0 
239 0 
240 0 
241 0 
242 0 
243 0 
244 0 
245 0 
246 0 
247 0 
248 2 
249 6 
250 3 
251 9 
252 7 
253 11 
254 21 
255 22 
256 28 
257 53 
258 104 
259 139 
260 239 
261 326 
262 545 
263 761 
264 1034 
265 1221 
266 1460 
267 1937 
268 2331 
269 2680 
270 3340 
271 4347 
272 5286 
273 6842 
274 8300 
275 10086 
276 11956 
277 13776 
278 16779 
279 20396 
280 25210 
281 30546 
282 36700 
283 44863 
284 53444 
285 64137 
286 76218 
287 90203 
288 107517 
289 125167 
290 146702 
291 172573 
292 201009 
293 234637 
294 273236 
295 316164 
296 360990 
297 412185 
298 469259 
299 533789 
300 603945 
301 681331 
302 767005 
303 858271 
304 962123 
305 1.07641e+06 
306 1.2017e+06 
307 1.34086e+06 
308 1.4862e+06 
309 1.64459e+06 
310 1.8211e+06 
311 2.0182e+06 
312 2.23415e+06 
313 2.47636e+06 
314 2.74626e+06 
315 3.04372e+06 
316 3.36779e+06 
317 3.72266e+06 
318 4.11158e+06 
319 4.54294e+06 
320 5.00147e+06 
321 5.5074e+06 
322 6.06541e+06 
323 6.67362e+06 
324 7.33712e+06 
325 8.04094e+06 
326 8.80015e+06 
327 9.62413e+06 
328 1.05182e+07 
329 1.14712e+07 
330 1.2505e+07 
331 1.36279e+07 
332 1.48362e+07 
333 1.61412e+07 
334 1.75362e+07 
335 1.90544e+07 
336 2.06781e+07 
337 2.24249e+07 
338 2.42934e+07 
339 2.63079e+07 
340 2.84846e+07 
341 3.08019e+07 
342 3.32862e+07 
343 3.59224e+07 
344 3.87461e+07 
345 4.17726e+07 
346 4.49838e+07 
347 4.83428e+07 
348 5.19267e+07 
349 5.57035e+07 
350 5.97705e+07 
351 6.4027e+07 
352 6.85272e+07 
353 7.32514e+07 
354 7.82734e+07 
355 8.3547e+07 
356 8.90755e+07 
357 9.48578e+07 
358 1.00946e+08 
359 1.07282e+08 
360 1.13929e+08 
361 1.20814e+08 
362 1.28008e+08 
363 1.35483e+08 
364 1.43159e+08 
365 1.51135e+08 
366 1.59328e+08 
367 1.67703e+08 
368 1.76302e+08 
369 1.85195e+08 
370 1.94239e+08 
371 2.03503e+08 
372 2.12869e+08 
373 2.22465e+08 
374 2.32181e+08 
375 2.4202e+08 
376 2.51887e+08 
377 2.61772e+08 
378 2.71776e+08 
379 2.81719e+08 
380 2.91632e+08 
381 3.0142e+08 
382 3.11225e+08 
383 3.20866e+08 
384 3.30377e+08 
385 3.39701e+08 
386 3.48752e+08 
387 3.57587e+08 
388 3.66043e+08 
389 3.74016e+08 
390 3.81404e+08 
391 3.884e+08 
392 3.94753e+08 
393 4.00455e+08 
394 4.05505e+08 
395 4.09939e+08 
396 4.13556e+08 
397 4.16317e+08 
398 4.1828e+08 
399 4.19434e+08 
400 4.19637e+08 
401 4.1836e+08 
402 4.1627e+08 
403 4.13373e+08 
404 4.09599e+08 
405 4.05069e+08 
406 3.99854e+08 
407 3.93937e+08 
408 3.87514e+08 
409 3.80588e+08 
410 3.73011e+08 
411 3.65038e+08 
412 3.5667e+08 
413 3.47815e+08 
414 3.38668e+08 
415 3.29249e+08 
416 3.19549e+08 
417 3.09688e+08 
418 2.9974e+08 
419 2.89648e+08 
420 2.79575e+08 
421 2.69358e+08 
422 2.59215e+08 
423 2.49123e+08 
424 2.39128e+08 
425 2.29201e+08 
426 2.19425e+08 
427 2.09751e+08 
428 2.00287e+08 
429 1.90991e+08 
430 1.81869e+08 
431 1.73027e+08 
432 1.64448e+08 
433 1.56137e+08 
434 1.48031e+08 
435 1.4027e+08 
436 1.32787e+08 
437 1.25593e+08 
438 1.18723e+08 
439 1.12124e+08 
440 1.05759e+08 
441 9.96894e+07 
442 9.39098e+07 
443 8.84088e+07 
444 8.31224e+07 
445 7.81216e+07 
446 7.33277e+07 
447 6.8752e+07 
448 6.44319e+07 
449 6.03881e+07 
450 5.65527e+07 
451 5.29573e+07 
452 4.95896e+07 
453 4.63725e+07 
454 4.33584e+07 
455 4.04881e+07 
456 3.77973e+07 
457 3.52504e+07 
458 3.28617e+07 
459 3.06015e+07 
460 2.84783e+07 
461 2.65101e+07 
462 2.46585e+07 
463 2.29197e+07 
464 2.13043e+07 
465 1.97985e+07 
466 1.83807e+07 
467 1.70964e+07 
468 1.58856e+07 
469 1.47721e+07 
470 1.37253e+07 
471 1.27653e+07 
472 1.18662e+07 
473 1.10345e+07 
474 1.02806e+07 
475 9.57296e+06 
476 8.91376e+06 
477 8.29449e+06 
478 7.70387e+06 
479 7.16128e+06 
480 6.64978e+06 
481 6.16965e+06 
482 5.72588e+06 
483 5.30295e+06 
484 4.91676e+06 
485 4.55662e+06 
486 4.22506e+06 
487 3.91002e+06 
488 3.61689e+06 
489 3.34406e+06 
490 3.09445e+06 
491 2.85886e+06 
492 2.63746e+06 
493 2.43508e+06 
494 2.24733e+06 
495 2.07587e+06 
496 1.92157e+06 
497 1.76958e+06 
498 1.6249e+06 
499 1.49751e+06 
500 1.37806e+06 
501 1.2691e+06 
502 1.16969e+06 
503 1.07926e+06 
504 994186 
505 917891 
506 850223 
507 790837 
508 732047 
509 678035 
510 627823 
511 584170 
512 544474 
513 504486 
514 472264 
515 441812 
516 412922 
517 384942 
518 360268 
519 333933 
520 311906 
521 290825 
522 267647 
523 247988 
524 229269 
525 212532 
526 193694 
527 177089 
528 163387 
529 151170 
530 141367 
531 131981 
532 123315 
533 113932 
534 106180 
535 100344 
536 94160 
537 88749 
538 82667 
539 77523 
540 72287 
541 66320 
542 61124 
543 55610 
544 51151 
545 47244 
546 42399 
547 37190 
548 32913 
549 28859 
550 25624 
551 22864 
552 20504 
553 17516 
554 15099 
555 12543 
556 10690 
557 9346 
558 7977 
559 6619 
560 5646 
561 4513 
562 3586 
563 2908 
564 2251 
565 1784 
566 1238 
567 839 
568 539 
569 361 
570 238 
571 179 
572 126 
573 96 
574 63 
575 32 
576 18 
577 9 
578 7 
579 4 
580 1 
581 0 
582 0 
583 0 
584 0 
585 0 
586 0 
587 0 
588 0 
589 0 
590 0 
591 0 
592 0 
593 0 
594 0 
595 0 
596 0 
597 0 
598 0 
599 0 
600 0 
601 0 
602 0 
603 0 
604 0 
605 0 
606 0 
607 0 
608 0 
609 0 
610 0 
611 0 
612 0 
613 0 
614 0 
615 0 
616 0 
617 0 
618 0 
619 0 
620 0 
621 0 
622 0 
623 0 
624 0 
625 0 
626 0 
627 0 
628 0 
629 0 
630 0 
631 0 
632 0 
633 0 
634 0 
635 0 
636 0 
637 0 
638 0 
639 0 
640 0 
641 0 
642 0 
643 0 
644 0 
645 0 
646 0 
647 0 
648 0 
649 0 
650 0 
651 0 
652 0 
653 0 
654 0 
655 0 
656 0 
657 0 
658 0 
659 0 
660 0 
661 0 
662 0 
663 0 
664 0 
665 0 
666 0 
667 0 
668 0 
669 0 
670 0 
671 0 
672 0 
673 0 
674 0 
675 0 
676 0 
677 0 
678 0 
679 0 
680 0 
681 0 
682 0 
683 0 
684 0 
685 0 
686 0 
687 0 
688 0 
689 0 
690 0 
691 0 
692 0 
693 0 
694 0 
695 0 
696 0 
697 0 
698 0 
699 0 
700 0 
701 0 
702 0 
703 0 
704 0 
705 0 
706 0 
707 0 
708 0 
709 0 
710 0 
711 0 
712 0 
713 0 
714 0 
715 0 
716 0 
717 0 
718 0 
719 0 
720 0 
721 0 
722 0 
723 0 
724 0 
725 0 
726 0 
727 0 
728 0 
729 0 
730 0 
731 0 
732 0 
733 0 
734 0 
735 0 
736 0 
737 0 
738 0 
739 0 
740 0 
741 0 
742 0 
743 0 
744 0 
745 0 
746 0 
747 0 
748 0 
749 0 
750 0 
751 0 
752 0 
753 0 
754 0 
755 0 
756 0 
757 0 
758 0 
759 0 
760 0 
761 0 
762 0 
763 0 
764 0 
765 0 
766 0 
767 0 
768 0 
769 0 
770 0 
771 0 
772 0 
773 0 
774 0 
775 0 
776 0 
777 0 
778 0 
779 0 
780 0 
781 0 
782 0 
783 0 
784 0 
785 0 
786 0 
787 0 
788 0 
789 0 
790 0 
791 0 
792 0 
793 0 
794 0 
795 0 
796 0 
797 0 
798 0 
799 0 
