0 0 
1 0 
2 0 
3 0 
4 0 
5 0 
6 0 
7 0 
8 0 
9 0 
10 0 
11 0 
12 0 
13 0 
14 0 
15 0 
16 0 
17 0 
18 0 
19 0 
20 0 
21 0 
22 0 
23 0 
24 0 
25 0 
26 0 
27 0 
28 0 
29 0 
30 0 
31 0 
32 0 
33 0 
34 0 
35 0 
36 0 
37 0 
38 0 
39 0 
40 0 
41 0 
42 0 
43 0 
44 0 
45 0 
46 0 
47 0 
48 0 
49 0 
50 0 
51 0 
52 0 
53 0 
54 0 
55 0 
56 0 
57 0 
58 0 
59 0 
60 0 
61 0 
62 0 
63 0 
64 0 
65 0 
66 0 
67 0 
68 0 
69 0 
70 0 
71 0 
72 0 
73 0 
74 0 
75 0 
76 0 
77 0 
78 0 
79 0 
80 0 
81 0 
82 0 
83 0 
84 0 
85 0 
86 0 
87 0 
88 0 
89 0 
90 0 
91 0 
92 0 
93 0 
94 0 
95 0 
96 0 
97 0 
98 0 
99 0 
100 0 
101 0 
102 0 
103 0 
104 0 
105 0 
106 0 
107 0 
108 0 
109 0 
110 0 
111 0 
112 0 
113 0 
114 0 
115 0 
116 0 
117 0 
118 0 
119 0 
120 0 
121 0 
122 0 
123 0 
124 0 
125 0 
126 0 
127 0 
128 0 
129 0 
130 0 
131 0 
132 0 
133 0 
134 0 
135 0 
136 0 
137 0 
138 0 
139 0 
140 0 
141 0 
142 0 
143 0 
144 0 
145 0 
146 0 
147 0 
148 0 
149 0 
150 0 
151 0 
152 0 
153 0 
154 0 
155 0 
156 0 
157 0 
158 0 
159 0 
160 0 
161 0 
162 0 
163 0 
164 0 
165 0 
166 0 
167 0 
168 0 
169 0 
170 0 
171 0 
172 0 
173 0 
174 0 
175 0 
176 0 
177 0 
178 0 
179 0 
180 0 
181 0 
182 0 
183 0 
184 0 
185 0 
186 0 
187 0 
188 0 
189 0 
190 0 
191 0 
192 0 
193 0 
194 0 
195 0 
196 0 
197 0 
198 2 
199 11 
200 33 
201 64 
202 153 
203 186 
204 380 
205 636 
206 1009 
207 1573 
208 2628 
209 3828 
210 5528 
211 7784 
212 11233 
213 16019 
214 21674 
215 28163 
216 35366 
217 45393 
218 55487 
219 69593 
220 85704 
221 102379 
222 120231 
223 143490 
224 169065 
225 195856 
226 226574 
227 260444 
228 297856 
229 338935 
230 386404 
231 436810 
232 491656 
233 544850 
234 606352 
235 672408 
236 744623 
237 825263 
238 912727 
239 1.00113e+06 
240 1.10197e+06 
241 1.21092e+06 
242 1.32012e+06 
243 1.43051e+06 
244 1.55229e+06 
245 1.68186e+06 
246 1.82619e+06 
247 1.97385e+06 
248 2.13656e+06 
249 2.30628e+06 
250 2.48396e+06 
251 2.68152e+06 
252 2.88021e+06 
253 3.07336e+06 
254 3.28022e+06 
255 3.48899e+06 
256 3.70794e+06 
257 3.92237e+06 
258 4.13337e+06 
259 4.32743e+06 
260 4.51814e+06 
261 4.72716e+06 
262 4.93454e+06 
263 5.14473e+06 
264 5.36288e+06 
265 5.57368e+06 
266 5.78647e+06 
267 5.99169e+06 
268 6.19861e+06 
269 6.40917e+06 
270 6.62487e+06 
271 6.83982e+06 
272 7.03685e+06 
273 7.2393e+06 
274 7.4374e+06 
275 7.63593e+06 
276 7.82239e+06 
277 8.00211e+06 
278 8.19344e+06 
279 8.40516e+06 
280 8.62823e+06 
281 8.85851e+06 
282 9.11587e+06 
283 9.40943e+06 
284 9.73391e+06 
285 1.00637e+07 
286 1.0409e+07 
287 1.07916e+07 
288 1.1209e+07 
289 1.16499e+07 
290 1.21387e+07 
291 1.26665e+07 
292 1.32447e+07 
293 1.38214e+07 
294 1.44407e+07 
295 1.5072e+07 
296 1.5714e+07 
297 1.63639e+07 
298 1.70218e+07 
299 1.76738e+07 
300 1.83258e+07 
301 1.89979e+07 
302 1.96537e+07 
303 2.03191e+07 
304 2.09844e+07 
305 2.16691e+07 
306 2.23838e+07 
307 2.31075e+07 
308 2.38236e+07 
309 2.45509e+07 
310 2.52905e+07 
311 2.6084e+07 
312 2.69199e+07 
313 2.77779e+07 
314 2.86537e+07 
315 2.95646e+07 
316 3.05327e+07 
317 3.15397e+07 
318 3.25975e+07 
319 3.36649e+07 
320 3.47718e+07 
321 3.59003e+07 
322 3.70473e+07 
323 3.82043e+07 
324 3.94127e+07 
325 4.0655e+07 
326 4.18672e+07 
327 4.31602e+07 
328 4.44984e+07 
329 4.59422e+07 
330 4.73738e+07 
331 4.88743e+07 
332 5.04125e+07 
333 5.20096e+07 
334 5.37343e+07 
335 5.55737e+07 
336 5.74569e+07 
337 5.93999e+07 
338 6.14173e+07 
339 6.34958e+07 
340 6.56886e+07 
341 6.79416e+07 
342 7.02495e+07 
343 7.27259e+07 
344 7.52947e+07 
345 7.79505e+07 
346 8.07013e+07 
347 8.35201e+07 
348 8.6396e+07 
349 8.93412e+07 
350 9.23736e+07 
351 9.54563e+07 
352 9.85541e+07 
353 1.01637e+08 
354 1.04746e+08 
355 1.07896e+08 
356 1.10967e+08 
357 1.14015e+08 
358 1.17143e+08 
359 1.20409e+08 
360 1.23668e+08 
361 1.27063e+08 
362 1.30415e+08 
363 1.338e+08 
364 1.37164e+08 
365 1.40516e+08 
366 1.43859e+08 
367 1.4711e+08 
368 1.50371e+08 
369 1.53621e+08 
370 1.56858e+08 
371 1.60067e+08 
372 1.6333e+08 
373 1.66562e+08 
374 1.69764e+08 
375 1.7286e+08 
376 1.76019e+08 
377 1.7916e+08 
378 1.82384e+08 
379 1.85581e+08 
380 1.88779e+08 
381 1.91974e+08 
382 1.95128e+08 
383 1.98262e+08 
384 2.01388e+08 
385 2.04377e+08 
386 2.07367e+08 
387 2.10423e+08 
388 2.13358e+08 
389 2.16193e+08 
390 2.18971e+08 
391 2.21693e+08 
392 2.24245e+08 
393 2.26637e+08 
394 2.28816e+08 
395 2.30808e+08 
396 2.32678e+08 
397 2.34307e+08 
398 2.35728e+08 
399 2.36878e+08 
400 2.37766e+08 
401 2.38389e+08 
402 2.38638e+08 
403 2.38727e+08 
404 2.3862e+08 
405 2.38195e+08 
406 2.37568e+08 
407 2.36655e+08 
408 2.35532e+08 
409 2.34112e+08 
410 2.325e+08 
411 2.30634e+08 
412 2.28533e+08 
413 2.26295e+08 
414 2.23832e+08 
415 2.21219e+08 
416 2.18474e+08 
417 2.15733e+08 
418 2.12843e+08 
419 2.0985e+08 
420 2.0689e+08 
421 2.03759e+08 
422 2.005e+08 
423 1.97271e+08 
424 1.93913e+08 
425 1.90507e+08 
426 1.87072e+08 
427 1.83649e+08 
428 1.80085e+08 
429 1.76541e+08 
430 1.72931e+08 
431 1.69282e+08 
432 1.65616e+08 
433 1.61969e+08 
434 1.58303e+08 
435 1.54702e+08 
436 1.51262e+08 
437 1.47934e+08 
438 1.44695e+08 
439 1.41539e+08 
440 1.38411e+08 
441 1.35301e+08 
442 1.3234e+08 
443 1.29464e+08 
444 1.2658e+08 
445 1.23838e+08 
446 1.21215e+08 
447 1.18657e+08 
448 1.16232e+08 
449 1.13835e+08 
450 1.11435e+08 
451 1.09122e+08 
452 1.06837e+08 
453 1.04596e+08 
454 1.02409e+08 
455 1.00231e+08 
456 9.81398e+07 
457 9.60603e+07 
458 9.39984e+07 
459 9.20664e+07 
460 9.01821e+07 
461 8.83262e+07 
462 8.65777e+07 
463 8.49089e+07 
464 8.33362e+07 
465 8.1843e+07 
466 8.04456e+07 
467 7.91545e+07 
468 7.79581e+07 
469 7.67832e+07 
470 7.56693e+07 
471 7.45712e+07 
472 7.35029e+07 
473 7.25058e+07 
474 7.15764e+07 
475 7.06512e+07 
476 6.972e+07 
477 6.87307e+07 
478 6.77287e+07 
479 6.67157e+07 
480 6.56008e+07 
481 6.44634e+07 
482 6.32964e+07 
483 6.21102e+07 
484 6.09287e+07 
485 5.97796e+07 
486 5.86331e+07 
487 5.75529e+07 
488 5.65171e+07 
489 5.54866e+07 
490 5.44904e+07 
491 5.3418e+07 
492 5.23454e+07 
493 5.12895e+07 
494 5.02047e+07 
495 4.91538e+07 
496 4.81214e+07 
497 4.71298e+07 
498 4.61528e+07 
499 4.52219e+07 
500 4.42877e+07 
501 4.33092e+07 
502 4.23368e+07 
503 4.12989e+07 
504 4.02348e+07 
505 3.91453e+07 
506 3.80207e+07 
507 3.69007e+07 
508 3.57508e+07 
509 3.45892e+07 
510 3.34536e+07 
511 3.23204e+07 
512 3.11954e+07 
513 3.00513e+07 
514 2.89461e+07 
515 2.78814e+07 
516 2.68226e+07 
517 2.58258e+07 
518 2.47984e+07 
519 2.38025e+07 
520 2.2846e+07 
521 2.19022e+07 
522 2.09999e+07 
523 2.01429e+07 
524 1.9313e+07 
525 1.85447e+07 
526 1.78048e+07 
527 1.71028e+07 
528 1.6454e+07 
529 1.58393e+07 
530 1.52809e+07 
531 1.47547e+07 
532 1.43031e+07 
533 1.39032e+07 
534 1.35285e+07 
535 1.3199e+07 
536 1.29073e+07 
537 1.26642e+07 
538 1.24513e+07 
539 1.2266e+07 
540 1.20828e+07 
541 1.19387e+07 
542 1.18036e+07 
543 1.16487e+07 
544 1.15176e+07 
545 1.13705e+07 
546 1.12114e+07 
547 1.10486e+07 
548 1.09016e+07 
549 1.07334e+07 
550 1.0549e+07 
551 1.03805e+07 
552 1.01938e+07 
553 9.9892e+06 
554 9.78768e+06 
555 9.56721e+06 
556 9.36165e+06 
557 9.14555e+06 
558 8.91364e+06 
559 8.64973e+06 
560 8.40248e+06 
561 8.17884e+06 
562 7.95577e+06 
563 7.75049e+06 
564 7.56558e+06 
565 7.40927e+06 
566 7.24514e+06 
567 7.07838e+06 
568 6.93176e+06 
569 6.76588e+06 
570 6.60972e+06 
571 6.45746e+06 
572 6.30222e+06 
573 6.13772e+06 
574 5.97673e+06 
575 5.83179e+06 
576 5.67536e+06 
577 5.52978e+06 
578 5.38256e+06 
579 5.2547e+06 
580 5.12428e+06 
581 4.98775e+06 
582 4.85556e+06 
583 4.7294e+06 
584 4.60299e+06 
585 4.46882e+06 
586 4.3357e+06 
587 4.1967e+06 
588 4.07363e+06 
589 3.95225e+06 
590 3.82961e+06 
591 3.70834e+06 
592 3.57814e+06 
593 3.44364e+06 
594 3.31139e+06 
595 3.18476e+06 
596 3.05765e+06 
597 2.9363e+06 
598 2.80105e+06 
599 2.66182e+06 
600 2.52769e+06 
601 2.38872e+06 
602 2.25011e+06 
603 2.10084e+06 
604 1.97087e+06 
605 1.83698e+06 
606 1.69834e+06 
607 1.56644e+06 
608 1.43735e+06 
609 1.30767e+06 
610 1.1873e+06 
611 1.06625e+06 
612 950829 
613 837681 
614 730846 
615 630168 
616 538046 
617 455616 
618 381319 
619 316114 
620 264281 
621 217797 
622 176152 
623 143194 
624 113667 
625 91726 
626 73568 
627 59947 
628 48312 
629 38694 
630 31484 
631 24747 
632 18863 
633 13790 
634 10163 
635 6702 
636 4376 
637 2667 
638 1487 
639 745 
640 393 
641 203 
642 88 
643 40 
644 18 
645 3 
646 0 
647 0 
648 0 
649 0 
650 0 
651 0 
652 0 
653 0 
654 0 
655 0 
656 0 
657 0 
658 0 
659 0 
660 0 
661 0 
662 0 
663 0 
664 0 
665 0 
666 0 
667 0 
668 0 
669 0 
670 0 
671 0 
672 0 
673 0 
674 0 
675 0 
676 0 
677 0 
678 0 
679 0 
680 0 
681 0 
682 0 
683 0 
684 0 
685 0 
686 0 
687 0 
688 0 
689 0 
690 0 
691 0 
692 0 
693 0 
694 0 
695 0 
696 0 
697 0 
698 0 
699 0 
700 0 
701 0 
702 0 
703 0 
704 0 
705 0 
706 0 
707 0 
708 0 
709 0 
710 0 
711 0 
712 0 
713 0 
714 0 
715 0 
716 0 
717 0 
718 0 
719 0 
720 0 
721 0 
722 0 
723 0 
724 0 
725 0 
726 0 
727 0 
728 0 
729 0 
730 0 
731 0 
732 0 
733 0 
734 0 
735 0 
736 0 
737 0 
738 0 
739 0 
740 0 
741 0 
742 0 
743 0 
744 0 
745 0 
746 0 
747 0 
748 0 
749 0 
750 0 
751 0 
752 0 
753 0 
754 0 
755 0 
756 0 
757 0 
758 0 
759 0 
760 0 
761 0 
762 0 
763 0 
764 0 
765 0 
766 0 
767 0 
768 0 
769 0 
770 0 
771 0 
772 0 
773 0 
774 0 
775 0 
776 0 
777 0 
778 0 
779 0 
780 0 
781 0 
782 0 
783 0 
784 0 
785 0 
786 0 
787 0 
788 0 
789 0 
790 0 
791 0 
792 0 
793 0 
794 0 
795 0 
796 0 
797 0 
798 0 
799 0 
