0 0 
1 0 
2 0 
3 0 
4 0 
5 0 
6 0 
7 0 
8 0 
9 0 
10 0 
11 0 
12 0 
13 0 
14 0 
15 0 
16 0 
17 0 
18 0 
19 0 
20 0 
21 0 
22 0 
23 0 
24 0 
25 0 
26 0 
27 0 
28 0 
29 0 
30 0 
31 0 
32 0 
33 0 
34 0 
35 0 
36 0 
37 0 
38 0 
39 0 
40 0 
41 0 
42 0 
43 0 
44 0 
45 0 
46 0 
47 0 
48 0 
49 0 
50 0 
51 0 
52 0 
53 0 
54 0 
55 0 
56 0 
57 0 
58 0 
59 0 
60 0 
61 0 
62 0 
63 0 
64 0 
65 0 
66 0 
67 0 
68 0 
69 0 
70 0 
71 0 
72 0 
73 1 
74 5 
75 3 
76 15 
77 11 
78 48 
79 119 
80 140 
81 223 
82 437 
83 596 
84 848 
85 981 
86 1376 
87 1667 
88 1859 
89 2431 
90 2911 
91 3481 
92 4689 
93 6372 
94 7989 
95 9616 
96 11262 
97 13493 
98 15834 
99 18615 
100 22095 
101 25982 
102 30597 
103 35640 
104 42014 
105 49073 
106 56600 
107 65481 
108 75030 
109 85428 
110 98118 
111 112701 
112 127350 
113 145270 
114 165051 
115 191161 
116 218161 
117 247425 
118 280641 
119 312792 
120 351104 
121 391532 
122 438161 
123 485999 
124 533044 
125 581501 
126 635594 
127 688483 
128 745312 
129 801661 
130 859743 
131 919237 
132 977005 
133 1.03082e+06 
134 1.09044e+06 
135 1.14541e+06 
136 1.20267e+06 
137 1.25433e+06 
138 1.30726e+06 
139 1.35602e+06 
140 1.4038e+06 
141 1.44939e+06 
142 1.49397e+06 
143 1.53046e+06 
144 1.5701e+06 
145 1.60301e+06 
146 1.63744e+06 
147 1.67334e+06 
148 1.70599e+06 
149 1.74165e+06 
150 1.77292e+06 
151 1.7939e+06 
152 1.81539e+06 
153 1.83269e+06 
154 1.84789e+06 
155 1.85883e+06 
156 1.87693e+06 
157 1.89233e+06 
158 1.91509e+06 
159 1.94183e+06 
160 1.9743e+06 
161 2.01603e+06 
162 2.06336e+06 
163 2.11574e+06 
164 2.16497e+06 
165 2.22939e+06 
166 2.28648e+06 
167 2.35161e+06 
168 2.42361e+06 
169 2.49773e+06 
170 2.57828e+06 
171 2.66209e+06 
172 2.75522e+06 
173 2.86355e+06 
174 2.98284e+06 
175 3.10576e+06 
176 3.22644e+06 
177 3.36556e+06 
178 3.50669e+06 
179 3.65757e+06 
180 3.80866e+06 
181 3.97061e+06 
182 4.13868e+06 
183 4.30877e+06 
184 4.47866e+06 
185 4.6504e+06 
186 4.81427e+06 
187 4.98153e+06 
188 5.15168e+06 
189 5.31199e+06 
190 5.47267e+06 
191 5.63034e+06 
192 5.78437e+06 
193 5.95116e+06 
194 6.12051e+06 
195 6.27991e+06 
196 6.44111e+06 
197 6.59938e+06 
198 6.73559e+06 
199 6.87918e+06 
200 7.00474e+06 
201 7.14613e+06 
202 7.27109e+06 
203 7.41101e+06 
204 7.54509e+06 
205 7.67502e+06 
206 7.80922e+06 
207 7.9424e+06 
208 8.08899e+06 
209 8.23668e+06 
210 8.38169e+06 
211 8.53712e+06 
212 8.68747e+06 
213 8.85903e+06 
214 9.01063e+06 
215 9.17581e+06 
216 9.36931e+06 
217 9.54719e+06 
218 9.73657e+06 
219 9.96454e+06 
220 1.01868e+07 
221 1.0412e+07 
222 1.06525e+07 
223 1.08886e+07 
224 1.11327e+07 
225 1.13904e+07 
226 1.16424e+07 
227 1.19117e+07 
228 1.21962e+07 
229 1.24895e+07 
230 1.27993e+07 
231 1.31262e+07 
232 1.3478e+07 
233 1.38452e+07 
234 1.42075e+07 
235 1.45752e+07 
236 1.49631e+07 
237 1.53413e+07 
238 1.57347e+07 
239 1.61286e+07 
240 1.65309e+07 
241 1.69467e+07 
242 1.73928e+07 
243 1.78344e+07 
244 1.82694e+07 
245 1.86941e+07 
246 1.91171e+07 
247 1.9528e+07 
248 1.99455e+07 
249 2.03446e+07 
250 2.07619e+07 
251 2.11526e+07 
252 2.1552e+07 
253 2.19466e+07 
254 2.23381e+07 
255 2.27021e+07 
256 2.30889e+07 
257 2.34722e+07 
258 2.3824e+07 
259 2.41579e+07 
260 2.4495e+07 
261 2.47991e+07 
262 2.51033e+07 
263 2.54077e+07 
264 2.57003e+07 
265 2.60073e+07 
266 2.62983e+07 
267 2.65922e+07 
268 2.68995e+07 
269 2.7206e+07 
270 2.75389e+07 
271 2.78684e+07 
272 2.82003e+07 
273 2.85587e+07 
274 2.88879e+07 
275 2.92373e+07 
276 2.95683e+07 
277 2.98861e+07 
278 3.02265e+07 
279 3.04984e+07 
280 3.07992e+07 
281 3.10802e+07 
282 3.13228e+07 
283 3.1551e+07 
284 3.1771e+07 
285 3.19714e+07 
286 3.21637e+07 
287 3.23585e+07 
288 3.25594e+07 
289 3.27803e+07 
290 3.29956e+07 
291 3.32455e+07 
292 3.3486e+07 
293 3.37309e+07 
294 3.39345e+07 
295 3.4155e+07 
296 3.43993e+07 
297 3.46608e+07 
298 3.49155e+07 
299 3.51966e+07 
300 3.54916e+07 
301 3.57865e+07 
302 3.60572e+07 
303 3.63558e+07 
304 3.6691e+07 
305 3.70221e+07 
306 3.73531e+07 
307 3.77074e+07 
308 3.8085e+07 
309 3.84729e+07 
310 3.8891e+07 
311 3.93104e+07 
312 3.97223e+07 
313 4.01716e+07 
314 4.06127e+07 
315 4.10774e+07 
316 4.1571e+07 
317 4.21129e+07 
318 4.26429e+07 
319 4.31861e+07 
320 4.37622e+07 
321 4.4281e+07 
322 4.48439e+07 
323 4.54051e+07 
324 4.59937e+07 
325 4.66234e+07 
326 4.72759e+07 
327 4.79744e+07 
328 4.86381e+07 
329 4.93427e+07 
330 5.00633e+07 
331 5.07845e+07 
332 5.14933e+07 
333 5.21726e+07 
334 5.2833e+07 
335 5.3496e+07 
336 5.41642e+07 
337 5.48054e+07 
338 5.54197e+07 
339 5.60648e+07 
340 5.66908e+07 
341 5.73279e+07 
342 5.7993e+07 
343 5.86411e+07 
344 5.92843e+07 
345 5.99012e+07 
346 6.05311e+07 
347 6.11581e+07 
348 6.1791e+07 
349 6.24252e+07 
350 6.30593e+07 
351 6.3712e+07 
352 6.43908e+07 
353 6.50674e+07 
354 6.5724e+07 
355 6.63954e+07 
356 6.70453e+07 
357 6.7722e+07 
358 6.83578e+07 
359 6.89775e+07 
360 6.95741e+07 
361 7.01602e+07 
362 7.07338e+07 
363 7.13422e+07 
364 7.19015e+07 
365 7.25001e+07 
366 7.30899e+07 
367 7.3651e+07 
368 7.42211e+07 
369 7.47657e+07 
370 7.5274e+07 
371 7.57393e+07 
372 7.62001e+07 
373 7.66063e+07 
374 7.69526e+07 
375 7.72879e+07 
376 7.76315e+07 
377 7.79652e+07 
378 7.81884e+07 
379 7.83891e+07 
380 7.85182e+07 
381 7.8619e+07 
382 7.86656e+07 
383 7.8689e+07 
384 7.87046e+07 
385 7.8696e+07 
386 7.86647e+07 
387 7.86182e+07 
388 7.86482e+07 
389 7.86573e+07 
390 7.87095e+07 
391 7.86985e+07 
392 7.86687e+07 
393 7.86616e+07 
394 7.85981e+07 
395 7.85289e+07 
396 7.84592e+07 
397 7.84049e+07 
398 7.84113e+07 
399 7.83712e+07 
400 7.83942e+07 
401 7.83704e+07 
402 7.83817e+07 
403 7.83786e+07 
404 7.83762e+07 
405 7.83979e+07 
406 7.83593e+07 
407 7.83164e+07 
408 7.82733e+07 
409 7.81932e+07 
410 7.81031e+07 
411 7.80221e+07 
412 7.79603e+07 
413 7.78565e+07 
414 7.77529e+07 
415 7.77121e+07 
416 7.76158e+07 
417 7.75206e+07 
418 7.74788e+07 
419 7.7365e+07 
420 7.73037e+07 
421 7.72093e+07 
422 7.71428e+07 
423 7.70333e+07 
424 7.69099e+07 
425 7.67281e+07 
426 7.65558e+07 
427 7.63616e+07 
428 7.61444e+07 
429 7.58578e+07 
430 7.56191e+07 
431 7.53575e+07 
432 7.51202e+07 
433 7.48986e+07 
434 7.46596e+07 
435 7.44272e+07 
436 7.42039e+07 
437 7.39745e+07 
438 7.37092e+07 
439 7.34097e+07 
440 7.30823e+07 
441 7.27791e+07 
442 7.2435e+07 
443 7.20979e+07 
444 7.17359e+07 
445 7.13851e+07 
446 7.10251e+07 
447 7.06345e+07 
448 7.01856e+07 
449 6.97305e+07 
450 6.92673e+07 
451 6.88035e+07 
452 6.82667e+07 
453 6.77403e+07 
454 6.71702e+07 
455 6.65591e+07 
456 6.5966e+07 
457 6.53549e+07 
458 6.47192e+07 
459 6.40988e+07 
460 6.35317e+07 
461 6.29184e+07 
462 6.23425e+07 
463 6.18123e+07 
464 6.1256e+07 
465 6.07453e+07 
466 6.02719e+07 
467 5.98108e+07 
468 5.9382e+07 
469 5.89919e+07 
470 5.86342e+07 
471 5.82616e+07 
472 5.79263e+07 
473 5.75985e+07 
474 5.72887e+07 
475 5.69809e+07 
476 5.66747e+07 
477 5.64625e+07 
478 5.62557e+07 
479 5.60423e+07 
480 5.58463e+07 
481 5.56798e+07 
482 5.55035e+07 
483 5.53517e+07 
484 5.52033e+07 
485 5.50687e+07 
486 5.49233e+07 
487 5.48014e+07 
488 5.46558e+07 
489 5.45306e+07 
490 5.4388e+07 
491 5.42145e+07 
492 5.40578e+07 
493 5.39014e+07 
494 5.37093e+07 
495 5.35157e+07 
496 5.33538e+07 
497 5.31884e+07 
498 5.30104e+07 
499 5.28113e+07 
500 5.26034e+07 
501 5.23897e+07 
502 5.21741e+07 
503 5.19521e+07 
504 5.16912e+07 
505 5.14438e+07 
506 5.11488e+07 
507 5.08689e+07 
508 5.05793e+07 
509 5.03026e+07 
510 5.00488e+07 
511 4.97976e+07 
512 4.95367e+07 
513 4.92526e+07 
514 4.90418e+07 
515 4.88604e+07 
516 4.86419e+07 
517 4.84305e+07 
518 4.82601e+07 
519 4.80818e+07 
520 4.79001e+07 
521 4.77163e+07 
522 4.75176e+07 
523 4.73392e+07 
524 4.71556e+07 
525 4.70381e+07 
526 4.69898e+07 
527 4.69318e+07 
528 4.69112e+07 
529 4.69097e+07 
530 4.69018e+07 
531 4.69572e+07 
532 4.69745e+07 
533 4.70155e+07 
534 4.70749e+07 
535 4.7127e+07 
536 4.71776e+07 
537 4.72477e+07 
538 4.73041e+07 
539 4.73776e+07 
540 4.74434e+07 
541 4.75351e+07 
542 4.76402e+07 
543 4.77728e+07 
544 4.79267e+07 
545 4.806e+07 
546 4.822e+07 
547 4.83635e+07 
548 4.85193e+07 
549 4.86389e+07 
550 4.87742e+07 
551 4.89081e+07 
552 4.89756e+07 
553 4.90185e+07 
554 4.90528e+07 
555 4.90682e+07 
556 4.90886e+07 
557 4.91239e+07 
558 4.91164e+07 
559 4.91316e+07 
560 4.9084e+07 
561 4.90232e+07 
562 4.8938e+07 
563 4.88377e+07 
564 4.86981e+07 
565 4.85869e+07 
566 4.84466e+07 
567 4.82683e+07 
568 4.80368e+07 
569 4.78156e+07 
570 4.75954e+07 
571 4.73091e+07 
572 4.69811e+07 
573 4.66762e+07 
574 4.633e+07 
575 4.60042e+07 
576 4.56614e+07 
577 4.53225e+07 
578 4.49921e+07 
579 4.4643e+07 
580 4.4316e+07 
581 4.39498e+07 
582 4.35845e+07 
583 4.32413e+07 
584 4.2921e+07 
585 4.25524e+07 
586 4.21683e+07 
587 4.18006e+07 
588 4.14465e+07 
589 4.10964e+07 
590 4.07295e+07 
591 4.03751e+07 
592 4.00034e+07 
593 3.96728e+07 
594 3.93175e+07 
595 3.89923e+07 
596 3.86638e+07 
597 3.83597e+07 
598 3.80478e+07 
599 3.77327e+07 
600 3.74697e+07 
601 3.72223e+07 
602 3.6989e+07 
603 3.67595e+07 
604 3.65238e+07 
605 3.62739e+07 
606 3.60557e+07 
607 3.58336e+07 
608 3.56106e+07 
609 3.53709e+07 
610 3.51e+07 
611 3.48563e+07 
612 3.46329e+07 
613 3.43972e+07 
614 3.41736e+07 
615 3.39512e+07 
616 3.37302e+07 
617 3.35374e+07 
618 3.3309e+07 
619 3.31078e+07 
620 3.29086e+07 
621 3.27105e+07 
622 3.25115e+07 
623 3.22907e+07 
624 3.20984e+07 
625 3.19079e+07 
626 3.17334e+07 
627 3.15089e+07 
628 3.12972e+07 
629 3.11032e+07 
630 3.09199e+07 
631 3.07385e+07 
632 3.05886e+07 
633 3.04324e+07 
634 3.0272e+07 
635 3.01072e+07 
636 2.99532e+07 
637 2.97847e+07 
638 2.96433e+07 
639 2.94675e+07 
640 2.92975e+07 
641 2.91488e+07 
642 2.89941e+07 
643 2.88255e+07 
644 2.8683e+07 
645 2.85491e+07 
646 2.84289e+07 
647 2.83168e+07 
648 2.82162e+07 
649 2.81121e+07 
650 2.80197e+07 
651 2.79051e+07 
652 2.7834e+07 
653 2.77356e+07 
654 2.76861e+07 
655 2.75993e+07 
656 2.75177e+07 
657 2.74148e+07 
658 2.73373e+07 
659 2.73059e+07 
660 2.72558e+07 
661 2.72172e+07 
662 2.71831e+07 
663 2.71582e+07 
664 2.71382e+07 
665 2.71459e+07 
666 2.71254e+07 
667 2.71439e+07 
668 2.71381e+07 
669 2.71744e+07 
670 2.71834e+07 
671 2.71954e+07 
672 2.72231e+07 
673 2.72373e+07 
674 2.72798e+07 
675 2.73233e+07 
676 2.74116e+07 
677 2.74835e+07 
678 2.75223e+07 
679 2.75659e+07 
680 2.76292e+07 
681 2.77051e+07 
682 2.77807e+07 
683 2.78667e+07 
684 2.79733e+07 
685 2.80636e+07 
686 2.81905e+07 
687 2.83355e+07 
688 2.84847e+07 
689 2.86592e+07 
690 2.88339e+07 
691 2.90047e+07 
692 2.9193e+07 
693 2.93962e+07 
694 2.96346e+07 
695 2.98542e+07 
696 3.00959e+07 
697 3.0355e+07 
698 3.06235e+07 
699 3.09025e+07 
700 3.11745e+07 
701 3.14385e+07 
702 3.17104e+07 
703 3.19692e+07 
704 3.22571e+07 
705 3.25365e+07 
706 3.28614e+07 
707 3.31764e+07 
708 3.34901e+07 
709 3.38468e+07 
710 3.41929e+07 
711 3.454e+07 
712 3.49039e+07 
713 3.52432e+07 
714 3.55859e+07 
715 3.59226e+07 
716 3.62731e+07 
717 3.65921e+07 
718 3.6929e+07 
719 3.72485e+07 
720 3.75925e+07 
721 3.79172e+07 
722 3.82691e+07 
723 3.85771e+07 
724 3.88598e+07 
725 3.91315e+07 
726 3.94002e+07 
727 3.96751e+07 
728 3.99396e+07 
729 4.0224e+07 
730 4.04932e+07 
731 4.07646e+07 
732 4.10114e+07 
733 4.11907e+07 
734 4.13962e+07 
735 4.15715e+07 
736 4.16995e+07 
737 4.17907e+07 
738 4.18525e+07 
739 4.18228e+07 
740 4.17606e+07 
741 4.16389e+07 
742 4.15105e+07 
743 4.1319e+07 
744 4.10819e+07 
745 4.07979e+07 
746 4.04706e+07 
747 4.01139e+07 
748 3.9715e+07 
749 3.92775e+07 
750 3.87959e+07 
751 3.82935e+07 
752 3.77209e+07 
753 3.71388e+07 
754 3.64828e+07 
755 3.57938e+07 
756 3.50919e+07 
757 3.4332e+07 
758 3.35289e+07 
759 3.26922e+07 
760 3.18318e+07 
761 3.09746e+07 
762 3.01233e+07 
763 2.92507e+07 
764 2.83733e+07 
765 2.7468e+07 
766 2.65687e+07 
767 2.56286e+07 
768 2.46829e+07 
769 2.37114e+07 
770 2.27462e+07 
771 2.17518e+07 
772 2.0765e+07 
773 1.97496e+07 
774 1.87547e+07 
775 1.774e+07 
776 1.67306e+07 
777 1.57179e+07 
778 1.47226e+07 
779 1.37437e+07 
780 1.27788e+07 
781 1.18448e+07 
782 1.09206e+07 
783 1.00218e+07 
784 9.13608e+06 
785 8.27646e+06 
786 7.45342e+06 
787 6.66639e+06 
788 5.90847e+06 
789 5.19044e+06 
790 4.50934e+06 
791 3.86207e+06 
792 3.26155e+06 
793 2.70935e+06 
794 2.19852e+06 
795 1.74309e+06 
796 1.33926e+06 
797 980857 
798 678647 
799 433780 
