0 0 
1 0 
2 0 
3 0 
4 0 
5 0 
6 0 
7 0 
8 0 
9 0 
10 0 
11 0 
12 0 
13 0 
14 0 
15 0 
16 0 
17 0 
18 0 
19 0 
20 0 
21 0 
22 0 
23 0 
24 0 
25 0 
26 0 
27 0 
28 0 
29 0 
30 0 
31 0 
32 0 
33 0 
34 0 
35 0 
36 0 
37 0 
38 0 
39 0 
40 0 
41 0 
42 0 
43 0 
44 0 
45 0 
46 0 
47 0 
48 0 
49 0 
50 0 
51 0 
52 0 
53 0 
54 0 
55 0 
56 0 
57 0 
58 0 
59 0 
60 0 
61 0 
62 0 
63 0 
64 0 
65 0 
66 0 
67 0 
68 0 
69 0 
70 0 
71 0 
72 0 
73 0 
74 0 
75 0 
76 0 
77 0 
78 0 
79 0 
80 0 
81 0 
82 0 
83 0 
84 0 
85 0 
86 0 
87 0 
88 0 
89 0 
90 0 
91 0 
92 0 
93 0 
94 0 
95 0 
96 0 
97 0 
98 0 
99 0 
100 0 
101 0 
102 0 
103 0 
104 0 
105 0 
106 0 
107 0 
108 0 
109 0 
110 0 
111 0 
112 0 
113 0 
114 0 
115 0 
116 0 
117 0 
118 0 
119 0 
120 0 
121 0 
122 0 
123 0 
124 0 
125 0 
126 0 
127 0 
128 0 
129 0 
130 0 
131 0 
132 0 
133 0 
134 0 
135 0 
136 0 
137 0 
138 0 
139 0 
140 0 
141 0 
142 0 
143 0 
144 0 
145 0 
146 0 
147 0 
148 0 
149 0 
150 0 
151 0 
152 0 
153 0 
154 0 
155 0 
156 0 
157 0 
158 0 
159 0 
160 0 
161 0 
162 0 
163 0 
164 0 
165 0 
166 0 
167 0 
168 0 
169 0 
170 0 
171 0 
172 0 
173 0 
174 0 
175 0 
176 0 
177 0 
178 0 
179 0 
180 0 
181 0 
182 0 
183 0 
184 0 
185 0 
186 0 
187 0 
188 0 
189 0 
190 0 
191 0 
192 0 
193 0 
194 0 
195 0 
196 0 
197 0 
198 0 
199 0 
200 0 
201 0 
202 0 
203 0 
204 0 
205 0 
206 0 
207 0 
208 0 
209 0 
210 0 
211 0 
212 0 
213 0 
214 0 
215 0 
216 0 
217 0 
218 0 
219 0 
220 0 
221 0 
222 0 
223 0 
224 0 
225 0 
226 0 
227 0 
228 0 
229 0 
230 0 
231 0 
232 0 
233 0 
234 0 
235 0 
236 0 
237 0 
238 0 
239 0 
240 0 
241 0 
242 0 
243 0 
244 0 
245 0 
246 0 
247 0 
248 0 
249 0 
250 0 
251 0 
252 8 
253 7 
254 20 
255 39 
256 43 
257 84 
258 151 
259 261 
260 396 
261 713 
262 996 
263 1494 
264 2125 
265 2852 
266 3795 
267 4762 
268 6339 
269 7774 
270 9844 
271 11972 
272 14285 
273 17849 
274 21763 
275 26340 
276 32274 
277 38709 
278 45537 
279 53028 
280 60707 
281 67979 
282 77107 
283 86674 
284 97646 
285 110689 
286 124106 
287 139550 
288 155841 
289 174597 
290 194716 
291 219697 
292 245120 
293 276683 
294 311387 
295 352468 
296 395743 
297 439094 
298 490823 
299 544998 
300 605655 
301 666708 
302 732339 
303 805042 
304 883436 
305 974758 
306 1.07189e+06 
307 1.18015e+06 
308 1.29969e+06 
309 1.43362e+06 
310 1.57512e+06 
311 1.72725e+06 
312 1.89724e+06 
313 2.08801e+06 
314 2.2908e+06 
315 2.52012e+06 
316 2.77429e+06 
317 3.05056e+06 
318 3.34716e+06 
319 3.68688e+06 
320 4.06147e+06 
321 4.46401e+06 
322 4.90658e+06 
323 5.38843e+06 
324 5.92426e+06 
325 6.5007e+06 
326 7.12013e+06 
327 7.78138e+06 
328 8.52059e+06 
329 9.30887e+06 
330 1.01549e+07 
331 1.10636e+07 
332 1.20428e+07 
333 1.307e+07 
334 1.41843e+07 
335 1.53709e+07 
336 1.66492e+07 
337 1.80348e+07 
338 1.95149e+07 
339 2.11179e+07 
340 2.28808e+07 
341 2.474e+07 
342 2.67489e+07 
343 2.8914e+07 
344 3.12185e+07 
345 3.36975e+07 
346 3.63863e+07 
347 3.92077e+07 
348 4.22422e+07 
349 4.54759e+07 
350 4.88984e+07 
351 5.25432e+07 
352 5.64325e+07 
353 6.05753e+07 
354 6.49517e+07 
355 6.95617e+07 
356 7.44165e+07 
357 7.96122e+07 
358 8.4995e+07 
359 9.06747e+07 
360 9.66409e+07 
361 1.02805e+08 
362 1.09268e+08 
363 1.1611e+08 
364 1.2315e+08 
365 1.30519e+08 
366 1.3818e+08 
367 1.46148e+08 
368 1.54386e+08 
369 1.62921e+08 
370 1.71685e+08 
371 1.80703e+08 
372 1.89885e+08 
373 1.99379e+08 
374 2.0905e+08 
375 2.18938e+08 
376 2.28953e+08 
377 2.39144e+08 
378 2.49461e+08 
379 2.59867e+08 
380 2.70435e+08 
381 2.81023e+08 
382 2.9148e+08 
383 3.01992e+08 
384 3.12395e+08 
385 3.22554e+08 
386 3.32594e+08 
387 3.42399e+08 
388 3.51833e+08 
389 3.60888e+08 
390 3.6959e+08 
391 3.77839e+08 
392 3.85515e+08 
393 3.92679e+08 
394 3.99126e+08 
395 4.04951e+08 
396 4.10126e+08 
397 4.14445e+08 
398 4.17855e+08 
399 4.20533e+08 
400 4.22375e+08 
401 4.22816e+08 
402 4.22422e+08 
403 4.21105e+08 
404 4.18894e+08 
405 4.15888e+08 
406 4.12092e+08 
407 4.07569e+08 
408 4.02264e+08 
409 3.96478e+08 
410 3.90013e+08 
411 3.83053e+08 
412 3.75686e+08 
413 3.67984e+08 
414 3.59858e+08 
415 3.51339e+08 
416 3.42362e+08 
417 3.33175e+08 
418 3.23664e+08 
419 3.13946e+08 
420 3.04103e+08 
421 2.94155e+08 
422 2.84167e+08 
423 2.74168e+08 
424 2.64152e+08 
425 2.54163e+08 
426 2.44231e+08 
427 2.34365e+08 
428 2.24605e+08 
429 2.15025e+08 
430 2.05515e+08 
431 1.96266e+08 
432 1.87101e+08 
433 1.78173e+08 
434 1.69422e+08 
435 1.6097e+08 
436 1.52737e+08 
437 1.44768e+08 
438 1.37155e+08 
439 1.29762e+08 
440 1.22695e+08 
441 1.15836e+08 
442 1.09264e+08 
443 1.03009e+08 
444 9.69712e+07 
445 9.1235e+07 
446 8.57501e+07 
447 8.05139e+07 
448 7.54488e+07 
449 7.06452e+07 
450 6.60434e+07 
451 6.16748e+07 
452 5.75384e+07 
453 5.36002e+07 
454 4.99219e+07 
455 4.64268e+07 
456 4.31432e+07 
457 4.00579e+07 
458 3.71249e+07 
459 3.43543e+07 
460 3.17629e+07 
461 2.93468e+07 
462 2.70909e+07 
463 2.49701e+07 
464 2.29817e+07 
465 2.11419e+07 
466 1.94131e+07 
467 1.78066e+07 
468 1.63255e+07 
469 1.49436e+07 
470 1.36541e+07 
471 1.2451e+07 
472 1.13476e+07 
473 1.03144e+07 
474 9.36358e+06 
475 8.47876e+06 
476 7.6813e+06 
477 6.94496e+06 
478 6.26641e+06 
479 5.64727e+06 
480 5.06814e+06 
481 4.54265e+06 
482 4.05635e+06 
483 3.60778e+06 
484 3.2185e+06 
485 2.86178e+06 
486 2.53826e+06 
487 2.25707e+06 
488 2.01256e+06 
489 1.78497e+06 
490 1.58601e+06 
491 1.41347e+06 
492 1.26231e+06 
493 1.12428e+06 
494 998229 
495 889210 
496 795319 
497 711195 
498 633717 
499 565961 
500 506153 
501 450588 
502 400749 
503 358912 
504 320435 
505 286827 
506 256944 
507 228803 
508 204957 
509 182240 
510 162739 
511 145624 
512 131251 
513 118167 
514 105989 
515 92679 
516 82237 
517 74710 
518 65448 
519 59344 
520 53338 
521 48006 
522 43631 
523 39685 
524 34643 
525 30236 
526 26629 
527 22425 
528 18392 
529 15559 
530 12421 
531 9418 
532 7346 
533 5918 
534 4649 
535 3656 
536 2836 
537 2320 
538 1770 
539 1329 
540 841 
541 553 
542 364 
543 261 
544 187 
545 112 
546 53 
547 8 
548 3 
549 2 
550 0 
551 0 
552 0 
553 0 
554 0 
555 0 
556 0 
557 0 
558 0 
559 0 
560 0 
561 0 
562 0 
563 0 
564 0 
565 0 
566 0 
567 0 
568 0 
569 0 
570 0 
571 0 
572 0 
573 0 
574 0 
575 0 
576 0 
577 0 
578 0 
579 0 
580 0 
581 0 
582 0 
583 0 
584 0 
585 0 
586 0 
587 0 
588 0 
589 0 
590 0 
591 0 
592 0 
593 0 
594 0 
595 0 
596 0 
597 0 
598 0 
599 0 
600 0 
601 0 
602 0 
603 0 
604 0 
605 0 
606 0 
607 0 
608 0 
609 0 
610 0 
611 0 
612 0 
613 0 
614 0 
615 0 
616 0 
617 0 
618 0 
619 0 
620 0 
621 0 
622 0 
623 0 
624 0 
625 0 
626 0 
627 0 
628 0 
629 0 
630 0 
631 0 
632 0 
633 0 
634 0 
635 0 
636 0 
637 0 
638 0 
639 0 
640 0 
641 0 
642 0 
643 0 
644 0 
645 0 
646 0 
647 0 
648 0 
649 0 
650 0 
651 0 
652 0 
653 0 
654 0 
655 0 
656 0 
657 0 
658 0 
659 0 
660 0 
661 0 
662 0 
663 0 
664 0 
665 0 
666 0 
667 0 
668 0 
669 0 
670 0 
671 0 
672 0 
673 0 
674 0 
675 0 
676 0 
677 0 
678 0 
679 0 
680 0 
681 0 
682 0 
683 0 
684 0 
685 0 
686 0 
687 0 
688 0 
689 0 
690 0 
691 0 
692 0 
693 0 
694 0 
695 0 
696 0 
697 0 
698 0 
699 0 
700 0 
701 0 
702 0 
703 0 
704 0 
705 0 
706 0 
707 0 
708 0 
709 0 
710 0 
711 0 
712 0 
713 0 
714 0 
715 0 
716 0 
717 0 
718 0 
719 0 
720 0 
721 0 
722 0 
723 0 
724 0 
725 0 
726 0 
727 0 
728 0 
729 0 
730 0 
731 0 
732 0 
733 0 
734 0 
735 0 
736 0 
737 0 
738 0 
739 0 
740 0 
741 0 
742 0 
743 0 
744 0 
745 0 
746 0 
747 0 
748 0 
749 0 
750 0 
751 0 
752 0 
753 0 
754 0 
755 0 
756 0 
757 0 
758 0 
759 0 
760 0 
761 0 
762 0 
763 0 
764 0 
765 0 
766 0 
767 0 
768 0 
769 0 
770 0 
771 0 
772 0 
773 0 
774 0 
775 0 
776 0 
777 0 
778 0 
779 0 
780 0 
781 0 
782 0 
783 0 
784 0 
785 0 
786 0 
787 0 
788 0 
789 0 
790 0 
791 0 
792 0 
793 0 
794 0 
795 0 
796 0 
797 0 
798 0 
799 0 
