0 0 
1 0 
2 0 
3 0 
4 0 
5 0 
6 0 
7 0 
8 0 
9 0 
10 0 
11 0 
12 0 
13 0 
14 0 
15 0 
16 0 
17 0 
18 0 
19 0 
20 0 
21 0 
22 0 
23 0 
24 0 
25 0 
26 0 
27 0 
28 0 
29 0 
30 0 
31 0 
32 0 
33 0 
34 0 
35 0 
36 0 
37 0 
38 0 
39 0 
40 0 
41 0 
42 0 
43 0 
44 0 
45 0 
46 0 
47 0 
48 0 
49 0 
50 0 
51 0 
52 0 
53 0 
54 0 
55 0 
56 0 
57 0 
58 0 
59 0 
60 0 
61 0 
62 0 
63 0 
64 0 
65 0 
66 0 
67 0 
68 0 
69 0 
70 0 
71 0 
72 0 
73 0 
74 0 
75 0 
76 0 
77 0 
78 0 
79 0 
80 0 
81 0 
82 0 
83 0 
84 0 
85 0 
86 0 
87 0 
88 0 
89 0 
90 0 
91 0 
92 0 
93 0 
94 0 
95 0 
96 0 
97 0 
98 0 
99 0 
100 0 
101 0 
102 0 
103 0 
104 0 
105 0 
106 0 
107 0 
108 0 
109 0 
110 0 
111 0 
112 0 
113 0 
114 0 
115 0 
116 0 
117 0 
118 0 
119 0 
120 0 
121 0 
122 0 
123 0 
124 0 
125 0 
126 0 
127 0 
128 0 
129 0 
130 0 
131 0 
132 0 
133 0 
134 0 
135 0 
136 0 
137 0 
138 0 
139 0 
140 0 
141 0 
142 0 
143 0 
144 0 
145 0 
146 0 
147 0 
148 0 
149 0 
150 0 
151 0 
152 0 
153 0 
154 0 
155 0 
156 0 
157 0 
158 0 
159 0 
160 0 
161 0 
162 0 
163 0 
164 0 
165 0 
166 0 
167 0 
168 0 
169 0 
170 0 
171 0 
172 0 
173 0 
174 0 
175 0 
176 0 
177 0 
178 0 
179 0 
180 0 
181 0 
182 0 
183 0 
184 0 
185 0 
186 0 
187 0 
188 0 
189 0 
190 0 
191 0 
192 0 
193 0 
194 0 
195 0 
196 0 
197 0 
198 0 
199 0 
200 0 
201 0 
202 0 
203 0 
204 0 
205 0 
206 0 
207 0 
208 0 
209 0 
210 0 
211 0 
212 0 
213 0 
214 0 
215 0 
216 0 
217 0 
218 0 
219 0 
220 0 
221 0 
222 0 
223 0 
224 0 
225 0 
226 0 
227 0 
228 0 
229 0 
230 0 
231 0 
232 0 
233 0 
234 0 
235 0 
236 0 
237 0 
238 0 
239 0 
240 0 
241 0 
242 0 
243 0 
244 0 
245 0 
246 0 
247 0 
248 0 
249 0 
250 0 
251 0 
252 0 
253 0 
254 0 
255 0 
256 0 
257 0 
258 0 
259 0 
260 0 
261 0 
262 0 
263 0 
264 0 
265 0 
266 0 
267 0 
268 0 
269 0 
270 0 
271 0 
272 0 
273 0 
274 0 
275 0 
276 3 
277 3 
278 5 
279 4 
280 19 
281 46 
282 77 
283 102 
284 183 
285 249 
286 336 
287 447 
288 703 
289 1018 
290 1453 
291 1895 
292 2239 
293 2559 
294 2976 
295 3675 
296 4825 
297 5814 
298 7099 
299 8325 
300 9667 
301 11118 
302 13128 
303 15351 
304 18019 
305 21260 
306 25354 
307 30622 
308 36545 
309 42984 
310 50666 
311 60242 
312 69783 
313 82985 
314 98581 
315 116884 
316 138709 
317 166073 
318 197370 
319 235019 
320 278793 
321 332884 
322 395835 
323 462770 
324 545541 
325 641925 
326 746830 
327 875320 
328 1.01592e+06 
329 1.18138e+06 
330 1.37379e+06 
331 1.58841e+06 
332 1.83915e+06 
333 2.12495e+06 
334 2.45012e+06 
335 2.82786e+06 
336 3.24975e+06 
337 3.72942e+06 
338 4.26894e+06 
339 4.87178e+06 
340 5.54667e+06 
341 6.30457e+06 
342 7.15662e+06 
343 8.11593e+06 
344 9.19328e+06 
345 1.04125e+07 
346 1.17538e+07 
347 1.32686e+07 
348 1.4963e+07 
349 1.68268e+07 
350 1.89075e+07 
351 2.124e+07 
352 2.37842e+07 
353 2.66063e+07 
354 2.97414e+07 
355 3.3179e+07 
356 3.69637e+07 
357 4.11335e+07 
358 4.56978e+07 
359 5.07192e+07 
360 5.61878e+07 
361 6.21347e+07 
362 6.86101e+07 
363 7.55974e+07 
364 8.32185e+07 
365 9.13892e+07 
366 1.00183e+08 
367 1.09649e+08 
368 1.19743e+08 
369 1.30522e+08 
370 1.42012e+08 
371 1.54204e+08 
372 1.67102e+08 
373 1.80739e+08 
374 1.9508e+08 
375 2.101e+08 
376 2.25738e+08 
377 2.42012e+08 
378 2.58839e+08 
379 2.76114e+08 
380 2.93895e+08 
381 3.12038e+08 
382 3.30488e+08 
383 3.49227e+08 
384 3.681e+08 
385 3.86927e+08 
386 4.05715e+08 
387 4.24292e+08 
388 4.42415e+08 
389 4.60134e+08 
390 4.77064e+08 
391 4.93145e+08 
392 5.08396e+08 
393 5.22601e+08 
394 5.35403e+08 
395 5.4675e+08 
396 5.56363e+08 
397 5.64357e+08 
398 5.70382e+08 
399 5.74233e+08 
400 5.7586e+08 
401 5.73669e+08 
402 5.69346e+08 
403 5.62913e+08 
404 5.54561e+08 
405 5.44545e+08 
406 5.32815e+08 
407 5.1957e+08 
408 5.05016e+08 
409 4.89482e+08 
410 4.73003e+08 
411 4.55687e+08 
412 4.37854e+08 
413 4.19559e+08 
414 4.00953e+08 
415 3.82255e+08 
416 3.63575e+08 
417 3.44972e+08 
418 3.26552e+08 
419 3.08373e+08 
420 2.90541e+08 
421 2.73155e+08 
422 2.5623e+08 
423 2.39866e+08 
424 2.2411e+08 
425 2.08916e+08 
426 1.94314e+08 
427 1.80365e+08 
428 1.67098e+08 
429 1.5448e+08 
430 1.42439e+08 
431 1.31094e+08 
432 1.20386e+08 
433 1.10326e+08 
434 1.00906e+08 
435 9.21497e+07 
436 8.40024e+07 
437 7.64564e+07 
438 6.94152e+07 
439 6.29759e+07 
440 5.70209e+07 
441 5.15655e+07 
442 4.65505e+07 
443 4.19463e+07 
444 3.77176e+07 
445 3.39084e+07 
446 3.043e+07 
447 2.72717e+07 
448 2.44062e+07 
449 2.18123e+07 
450 1.94564e+07 
451 1.73344e+07 
452 1.54407e+07 
453 1.37181e+07 
454 1.2198e+07 
455 1.08395e+07 
456 9.61772e+06 
457 8.53066e+06 
458 7.55818e+06 
459 6.70351e+06 
460 5.9197e+06 
461 5.22639e+06 
462 4.59949e+06 
463 4.05678e+06 
464 3.56851e+06 
465 3.12802e+06 
466 2.73959e+06 
467 2.39161e+06 
468 2.08758e+06 
469 1.82225e+06 
470 1.58549e+06 
471 1.37842e+06 
472 1.20084e+06 
473 1.04728e+06 
474 908349 
475 783196 
476 681244 
477 591767 
478 511906 
479 442591 
480 380445 
481 330434 
482 283400 
483 242551 
484 207268 
485 176672 
486 148761 
487 127134 
488 107411 
489 90375 
490 77028 
491 66492 
492 56784 
493 48694 
494 41129 
495 35686 
496 31211 
497 26727 
498 22830 
499 19759 
500 16429 
501 13953 
502 12023 
503 10336 
504 8756 
505 7019 
506 5936 
507 5056 
508 3963 
509 3170 
510 2447 
511 1890 
512 1507 
513 1091 
514 871 
515 783 
516 528 
517 456 
518 292 
519 199 
520 109 
521 58 
522 55 
523 19 
524 3 
525 0 
526 0 
527 0 
528 0 
529 0 
530 0 
531 0 
532 0 
533 0 
534 0 
535 0 
536 0 
537 0 
538 0 
539 0 
540 0 
541 0 
542 0 
543 0 
544 0 
545 0 
546 0 
547 0 
548 0 
549 0 
550 0 
551 0 
552 0 
553 0 
554 0 
555 0 
556 0 
557 0 
558 0 
559 0 
560 0 
561 0 
562 0 
563 0 
564 0 
565 0 
566 0 
567 0 
568 0 
569 0 
570 0 
571 0 
572 0 
573 0 
574 0 
575 0 
576 0 
577 0 
578 0 
579 0 
580 0 
581 0 
582 0 
583 0 
584 0 
585 0 
586 0 
587 0 
588 0 
589 0 
590 0 
591 0 
592 0 
593 0 
594 0 
595 0 
596 0 
597 0 
598 0 
599 0 
600 0 
601 0 
602 0 
603 0 
604 0 
605 0 
606 0 
607 0 
608 0 
609 0 
610 0 
611 0 
612 0 
613 0 
614 0 
615 0 
616 0 
617 0 
618 0 
619 0 
620 0 
621 0 
622 0 
623 0 
624 0 
625 0 
626 0 
627 0 
628 0 
629 0 
630 0 
631 0 
632 0 
633 0 
634 0 
635 0 
636 0 
637 0 
638 0 
639 0 
640 0 
641 0 
642 0 
643 0 
644 0 
645 0 
646 0 
647 0 
648 0 
649 0 
650 0 
651 0 
652 0 
653 0 
654 0 
655 0 
656 0 
657 0 
658 0 
659 0 
660 0 
661 0 
662 0 
663 0 
664 0 
665 0 
666 0 
667 0 
668 0 
669 0 
670 0 
671 0 
672 0 
673 0 
674 0 
675 0 
676 0 
677 0 
678 0 
679 0 
680 0 
681 0 
682 0 
683 0 
684 0 
685 0 
686 0 
687 0 
688 0 
689 0 
690 0 
691 0 
692 0 
693 0 
694 0 
695 0 
696 0 
697 0 
698 0 
699 0 
700 0 
701 0 
702 0 
703 0 
704 0 
705 0 
706 0 
707 0 
708 0 
709 0 
710 0 
711 0 
712 0 
713 0 
714 0 
715 0 
716 0 
717 0 
718 0 
719 0 
720 0 
721 0 
722 0 
723 0 
724 0 
725 0 
726 0 
727 0 
728 0 
729 0 
730 0 
731 0 
732 0 
733 0 
734 0 
735 0 
736 0 
737 0 
738 0 
739 0 
740 0 
741 0 
742 0 
743 0 
744 0 
745 0 
746 0 
747 0 
748 0 
749 0 
750 0 
751 0 
752 0 
753 0 
754 0 
755 0 
756 0 
757 0 
758 0 
759 0 
760 0 
761 0 
762 0 
763 0 
764 0 
765 0 
766 0 
767 0 
768 0 
769 0 
770 0 
771 0 
772 0 
773 0 
774 0 
775 0 
776 0 
777 0 
778 0 
779 0 
780 0 
781 0 
782 0 
783 0 
784 0 
785 0 
786 0 
787 0 
788 0 
789 0 
790 0 
791 0 
792 0 
793 0 
794 0 
795 0 
796 0 
797 0 
798 0 
799 0 
