0 0 
1 2 
2 4 
3 9 
4 15 
5 10 
6 29 
7 62 
8 128 
9 220 
10 268 
11 321 
12 398 
13 544 
14 776 
15 984 
16 1173 
17 1240 
18 1312 
19 1797 
20 2048 
21 2559 
22 3026 
23 3716 
24 4772 
25 5426 
26 6466 
27 8161 
28 10223 
29 11949 
30 14510 
31 17436 
32 21553 
33 25577 
34 30927 
35 36626 
36 45332 
37 56623 
38 69848 
39 85607 
40 106304 
41 132369 
42 166322 
43 204347 
44 248964 
45 300926 
46 356484 
47 422200 
48 497105 
49 574843 
50 663271 
51 759839 
52 864795 
53 977190 
54 1.10572e+06 
55 1.24239e+06 
56 1.3873e+06 
57 1.54119e+06 
58 1.69819e+06 
59 1.86476e+06 
60 2.02792e+06 
61 2.19882e+06 
62 2.37981e+06 
63 2.56703e+06 
64 2.76626e+06 
65 2.97146e+06 
66 3.19087e+06 
67 3.43267e+06 
68 3.67178e+06 
69 3.92064e+06 
70 4.16726e+06 
71 4.4108e+06 
72 4.66974e+06 
73 4.93189e+06 
74 5.19562e+06 
75 5.45644e+06 
76 5.72096e+06 
77 6.00027e+06 
78 6.28984e+06 
79 6.57169e+06 
80 6.84935e+06 
81 7.11347e+06 
82 7.39457e+06 
83 7.64286e+06 
84 7.90356e+06 
85 8.15543e+06 
86 8.38969e+06 
87 8.63424e+06 
88 8.87058e+06 
89 9.10395e+06 
90 9.3044e+06 
91 9.50438e+06 
92 9.68748e+06 
93 9.87544e+06 
94 1.00556e+07 
95 1.02282e+07 
96 1.04066e+07 
97 1.06044e+07 
98 1.07932e+07 
99 1.09639e+07 
100 1.11304e+07 
101 1.12731e+07 
102 1.14005e+07 
103 1.15468e+07 
104 1.16861e+07 
105 1.18147e+07 
106 1.19382e+07 
107 1.20294e+07 
108 1.21198e+07 
109 1.22e+07 
110 1.22618e+07 
111 1.23156e+07 
112 1.23527e+07 
113 1.23909e+07 
114 1.24051e+07 
115 1.24318e+07 
116 1.24311e+07 
117 1.24257e+07 
118 1.24052e+07 
119 1.23716e+07 
120 1.23525e+07 
121 1.23081e+07 
122 1.22389e+07 
123 1.2129e+07 
124 1.19854e+07 
125 1.18408e+07 
126 1.16702e+07 
127 1.1493e+07 
128 1.13031e+07 
129 1.10741e+07 
130 1.0826e+07 
131 1.05938e+07 
132 1.03628e+07 
133 1.01642e+07 
134 9.97591e+06 
135 9.80256e+06 
136 9.65098e+06 
137 9.5161e+06 
138 9.42339e+06 
139 9.34931e+06 
140 9.29713e+06 
141 9.26485e+06 
142 9.22091e+06 
143 9.19881e+06 
144 9.18621e+06 
145 9.17074e+06 
146 9.17102e+06 
147 9.18286e+06 
148 9.21538e+06 
149 9.30829e+06 
150 9.4101e+06 
151 9.51117e+06 
152 9.64781e+06 
153 9.77662e+06 
154 9.94219e+06 
155 1.0113e+07 
156 1.03077e+07 
157 1.0548e+07 
158 1.08012e+07 
159 1.10999e+07 
160 1.13966e+07 
161 1.17133e+07 
162 1.20612e+07 
163 1.24245e+07 
164 1.28346e+07 
165 1.32544e+07 
166 1.36904e+07 
167 1.41371e+07 
168 1.4598e+07 
169 1.50706e+07 
170 1.55953e+07 
171 1.61327e+07 
172 1.67144e+07 
173 1.73409e+07 
174 1.79872e+07 
175 1.86559e+07 
176 1.93524e+07 
177 2.00474e+07 
178 2.07567e+07 
179 2.15173e+07 
180 2.22781e+07 
181 2.30629e+07 
182 2.38439e+07 
183 2.46241e+07 
184 2.53907e+07 
185 2.62138e+07 
186 2.70839e+07 
187 2.79505e+07 
188 2.88453e+07 
189 2.97553e+07 
190 3.07347e+07 
191 3.17194e+07 
192 3.27628e+07 
193 3.38589e+07 
194 3.49758e+07 
195 3.61507e+07 
196 3.73472e+07 
197 3.85575e+07 
198 3.98081e+07 
199 4.10912e+07 
200 4.23298e+07 
201 4.3581e+07 
202 4.4756e+07 
203 4.59075e+07 
204 4.70228e+07 
205 4.80829e+07 
206 4.9144e+07 
207 5.01793e+07 
208 5.12396e+07 
209 5.22693e+07 
210 5.32783e+07 
211 5.42489e+07 
212 5.52003e+07 
213 5.61673e+07 
214 5.71025e+07 
215 5.80141e+07 
216 5.89427e+07 
217 5.99029e+07 
218 6.09249e+07 
219 6.19199e+07 
220 6.29485e+07 
221 6.39601e+07 
222 6.49748e+07 
223 6.60215e+07 
224 6.70415e+07 
225 6.80687e+07 
226 6.90153e+07 
227 6.99151e+07 
228 7.07955e+07 
229 7.1649e+07 
230 7.25717e+07 
231 7.34988e+07 
232 7.43962e+07 
233 7.52444e+07 
234 7.60389e+07 
235 7.68068e+07 
236 7.74734e+07 
237 7.81965e+07 
238 7.88694e+07 
239 7.95808e+07 
240 8.02764e+07 
241 8.10153e+07 
242 8.17467e+07 
243 8.2523e+07 
244 8.32925e+07 
245 8.40459e+07 
246 8.47858e+07 
247 8.55374e+07 
248 8.62263e+07 
249 8.6844e+07 
250 8.74309e+07 
251 8.79537e+07 
252 8.84504e+07 
253 8.89426e+07 
254 8.93496e+07 
255 8.97048e+07 
256 9.00431e+07 
257 9.03088e+07 
258 9.05423e+07 
259 9.07964e+07 
260 9.09302e+07 
261 9.09522e+07 
262 9.09486e+07 
263 9.09163e+07 
264 9.08655e+07 
265 9.08223e+07 
266 9.0755e+07 
267 9.06853e+07 
268 9.05577e+07 
269 9.04331e+07 
270 9.03058e+07 
271 9.02464e+07 
272 9.01934e+07 
273 9.02102e+07 
274 9.02635e+07 
275 9.02995e+07 
276 9.03557e+07 
277 9.04621e+07 
278 9.05684e+07 
279 9.06515e+07 
280 9.06804e+07 
281 9.06909e+07 
282 9.06496e+07 
283 9.05983e+07 
284 9.0483e+07 
285 9.02998e+07 
286 9.01185e+07 
287 8.98932e+07 
288 8.96604e+07 
289 8.93741e+07 
290 8.90588e+07 
291 8.87357e+07 
292 8.84151e+07 
293 8.81222e+07 
294 8.77855e+07 
295 8.74186e+07 
296 8.70745e+07 
297 8.66538e+07 
298 8.61909e+07 
299 8.57755e+07 
300 8.53896e+07 
301 8.49588e+07 
302 8.45391e+07 
303 8.41418e+07 
304 8.38132e+07 
305 8.3549e+07 
306 8.33841e+07 
307 8.32224e+07 
308 8.30972e+07 
309 8.29987e+07 
310 8.29609e+07 
311 8.28831e+07 
312 8.28083e+07 
313 8.27091e+07 
314 8.26715e+07 
315 8.26814e+07 
316 8.26794e+07 
317 8.27209e+07 
318 8.277e+07 
319 8.28405e+07 
320 8.29261e+07 
321 8.29748e+07 
322 8.30954e+07 
323 8.32626e+07 
324 8.33962e+07 
325 8.35389e+07 
326 8.35898e+07 
327 8.3604e+07 
328 8.35688e+07 
329 8.34979e+07 
330 8.33248e+07 
331 8.32334e+07 
332 8.30558e+07 
333 8.28117e+07 
334 8.2695e+07 
335 8.25785e+07 
336 8.24041e+07 
337 8.22384e+07 
338 8.21298e+07 
339 8.19811e+07 
340 8.17545e+07 
341 8.16301e+07 
342 8.14963e+07 
343 8.13945e+07 
344 8.13619e+07 
345 8.13681e+07 
346 8.14384e+07 
347 8.161e+07 
348 8.18421e+07 
349 8.21411e+07 
350 8.24863e+07 
351 8.29626e+07 
352 8.34271e+07 
353 8.39231e+07 
354 8.45029e+07 
355 8.52184e+07 
356 8.59738e+07 
357 8.67319e+07 
358 8.75208e+07 
359 8.83017e+07 
360 8.91209e+07 
361 9.00144e+07 
362 9.08924e+07 
363 9.17604e+07 
364 9.25962e+07 
365 9.34332e+07 
366 9.41897e+07 
367 9.49346e+07 
368 9.5566e+07 
369 9.60868e+07 
370 9.66127e+07 
371 9.70529e+07 
372 9.74243e+07 
373 9.77679e+07 
374 9.80727e+07 
375 9.82589e+07 
376 9.84206e+07 
377 9.85889e+07 
378 9.86574e+07 
379 9.86661e+07 
380 9.85603e+07 
381 9.84306e+07 
382 9.8256e+07 
383 9.79875e+07 
384 9.76562e+07 
385 9.72002e+07 
386 9.6695e+07 
387 9.60969e+07 
388 9.54834e+07 
389 9.47468e+07 
390 9.38929e+07 
391 9.305e+07 
392 9.21868e+07 
393 9.12987e+07 
394 9.03583e+07 
395 8.94497e+07 
396 8.85028e+07 
397 8.75543e+07 
398 8.65817e+07 
399 8.5615e+07 
400 8.46776e+07 
401 8.37358e+07 
402 8.27761e+07 
403 8.18444e+07 
404 8.09052e+07 
405 7.99691e+07 
406 7.90275e+07 
407 7.81216e+07 
408 7.72628e+07 
409 7.64745e+07 
410 7.56728e+07 
411 7.48962e+07 
412 7.41373e+07 
413 7.33767e+07 
414 7.26999e+07 
415 7.20575e+07 
416 7.14498e+07 
417 7.0929e+07 
418 7.037e+07 
419 6.98774e+07 
420 6.93909e+07 
421 6.89115e+07 
422 6.85672e+07 
423 6.81905e+07 
424 6.77928e+07 
425 6.74028e+07 
426 6.70414e+07 
427 6.66715e+07 
428 6.63005e+07 
429 6.60163e+07 
430 6.57255e+07 
431 6.53581e+07 
432 6.50038e+07 
433 6.4682e+07 
434 6.43802e+07 
435 6.4057e+07 
436 6.36911e+07 
437 6.33127e+07 
438 6.29196e+07 
439 6.25683e+07 
440 6.21762e+07 
441 6.18302e+07 
442 6.14762e+07 
443 6.10988e+07 
444 6.06696e+07 
445 6.02195e+07 
446 5.97227e+07 
447 5.9174e+07 
448 5.86062e+07 
449 5.80037e+07 
450 5.73694e+07 
451 5.67283e+07 
452 5.60614e+07 
453 5.54068e+07 
454 5.47633e+07 
455 5.4069e+07 
456 5.33131e+07 
457 5.25958e+07 
458 5.18917e+07 
459 5.11807e+07 
460 5.04853e+07 
461 4.98022e+07 
462 4.91946e+07 
463 4.85775e+07 
464 4.80023e+07 
465 4.74647e+07 
466 4.6961e+07 
467 4.6396e+07 
468 4.58482e+07 
469 4.53035e+07 
470 4.48155e+07 
471 4.43269e+07 
472 4.38097e+07 
473 4.33064e+07 
474 4.28291e+07 
475 4.23524e+07 
476 4.19131e+07 
477 4.14939e+07 
478 4.10865e+07 
479 4.06923e+07 
480 4.03441e+07 
481 4.00111e+07 
482 3.96816e+07 
483 3.93217e+07 
484 3.89265e+07 
485 3.8589e+07 
486 3.82286e+07 
487 3.78332e+07 
488 3.74801e+07 
489 3.71267e+07 
490 3.68039e+07 
491 3.64375e+07 
492 3.60572e+07 
493 3.56915e+07 
494 3.52789e+07 
495 3.48232e+07 
496 3.43087e+07 
497 3.37573e+07 
498 3.32137e+07 
499 3.26813e+07 
500 3.21842e+07 
501 3.16889e+07 
502 3.1158e+07 
503 3.06223e+07 
504 3.00375e+07 
505 2.94226e+07 
506 2.87959e+07 
507 2.81933e+07 
508 2.75379e+07 
509 2.68912e+07 
510 2.62159e+07 
511 2.54961e+07 
512 2.48215e+07 
513 2.41484e+07 
514 2.34848e+07 
515 2.28073e+07 
516 2.2149e+07 
517 2.15246e+07 
518 2.08912e+07 
519 2.02807e+07 
520 1.96626e+07 
521 1.90484e+07 
522 1.84528e+07 
523 1.78357e+07 
524 1.72276e+07 
525 1.66324e+07 
526 1.60419e+07 
527 1.54638e+07 
528 1.4888e+07 
529 1.43572e+07 
530 1.38547e+07 
531 1.33982e+07 
532 1.29468e+07 
533 1.254e+07 
534 1.21622e+07 
535 1.17937e+07 
536 1.14476e+07 
537 1.1122e+07 
538 1.0838e+07 
539 1.05751e+07 
540 1.03537e+07 
541 1.01417e+07 
542 9.94708e+06 
543 9.77174e+06 
544 9.60342e+06 
545 9.42449e+06 
546 9.27299e+06 
547 9.11196e+06 
548 8.95772e+06 
549 8.8113e+06 
550 8.67004e+06 
551 8.52962e+06 
552 8.39032e+06 
553 8.26284e+06 
554 8.13405e+06 
555 8.03854e+06 
556 7.95422e+06 
557 7.87269e+06 
558 7.81625e+06 
559 7.75618e+06 
560 7.72904e+06 
561 7.71144e+06 
562 7.72273e+06 
563 7.74656e+06 
564 7.80446e+06 
565 7.88029e+06 
566 7.96971e+06 
567 8.08912e+06 
568 8.20878e+06 
569 8.34732e+06 
570 8.48482e+06 
571 8.63023e+06 
572 8.77688e+06 
573 8.92619e+06 
574 9.06523e+06 
575 9.19753e+06 
576 9.31862e+06 
577 9.43379e+06 
578 9.54823e+06 
579 9.63411e+06 
580 9.72261e+06 
581 9.80216e+06 
582 9.88052e+06 
583 9.94085e+06 
584 9.99344e+06 
585 1.00048e+07 
586 9.99883e+06 
587 9.95992e+06 
588 9.86479e+06 
589 9.76056e+06 
590 9.65093e+06 
591 9.5203e+06 
592 9.38922e+06 
593 9.24308e+06 
594 9.07326e+06 
595 8.89074e+06 
596 8.69304e+06 
597 8.49567e+06 
598 8.28962e+06 
599 8.0791e+06 
600 7.87879e+06 
601 7.69068e+06 
602 7.51764e+06 
603 7.34117e+06 
604 7.15743e+06 
605 6.96447e+06 
606 6.775e+06 
607 6.58075e+06 
608 6.38155e+06 
609 6.19172e+06 
610 6.01226e+06 
611 5.82007e+06 
612 5.62716e+06 
613 5.44171e+06 
614 5.24971e+06 
615 5.05853e+06 
616 4.86329e+06 
617 4.65083e+06 
618 4.42804e+06 
619 4.20356e+06 
620 3.98145e+06 
621 3.77069e+06 
622 3.5635e+06 
623 3.34835e+06 
624 3.13625e+06 
625 2.92707e+06 
626 2.72004e+06 
627 2.52437e+06 
628 2.33505e+06 
629 2.15298e+06 
630 1.9708e+06 
631 1.79819e+06 
632 1.6336e+06 
633 1.48167e+06 
634 1.32832e+06 
635 1.18943e+06 
636 1.06491e+06 
637 945422 
638 839705 
639 735021 
640 632953 
641 545243 
642 461993 
643 387667 
644 326127 
645 275781 
646 228519 
647 186680 
648 151222 
649 121854 
650 97347 
651 77661 
652 61522 
653 50406 
654 41777 
655 34682 
656 29664 
657 25232 
658 22446 
659 20635 
660 18652 
661 16668 
662 14666 
663 12867 
664 10657 
665 8760 
666 6561 
667 4660 
668 3160 
669 2091 
670 1298 
671 823 
672 592 
673 344 
674 192 
675 72 
676 10 
677 1 
678 0 
679 0 
680 0 
681 0 
682 0 
683 0 
684 0 
685 0 
686 0 
687 0 
688 0 
689 0 
690 0 
691 0 
692 0 
693 0 
694 0 
695 0 
696 0 
697 0 
698 0 
699 0 
700 0 
701 0 
702 0 
703 0 
704 0 
705 0 
706 0 
707 0 
708 0 
709 0 
710 0 
711 0 
712 0 
713 0 
714 0 
715 0 
716 0 
717 0 
718 0 
719 0 
720 0 
721 0 
722 0 
723 0 
724 0 
725 0 
726 0 
727 0 
728 0 
729 0 
730 0 
731 0 
732 0 
733 0 
734 0 
735 0 
736 0 
737 0 
738 0 
739 0 
740 0 
741 0 
742 0 
743 0 
744 0 
745 0 
746 0 
747 0 
748 0 
749 0 
750 0 
751 0 
752 0 
753 0 
754 0 
755 0 
756 0 
757 0 
758 0 
759 0 
760 0 
761 0 
762 0 
763 0 
764 0 
765 0 
766 0 
767 0 
768 0 
769 0 
770 0 
771 0 
772 0 
773 0 
774 0 
775 0 
776 0 
777 0 
778 0 
779 0 
780 0 
781 0 
782 0 
783 0 
784 0 
785 0 
786 0 
787 0 
788 0 
789 0 
790 0 
791 0 
792 0 
793 0 
794 0 
795 0 
796 0 
797 0 
798 0 
799 0 
