0 0 
1 0 
2 0 
3 0 
4 0 
5 0 
6 0 
7 0 
8 0 
9 0 
10 0 
11 0 
12 0 
13 0 
14 0 
15 0 
16 0 
17 0 
18 0 
19 0 
20 0 
21 0 
22 0 
23 0 
24 0 
25 0 
26 0 
27 0 
28 0 
29 0 
30 0 
31 0 
32 0 
33 0 
34 0 
35 0 
36 0 
37 0 
38 0 
39 0 
40 0 
41 0 
42 0 
43 0 
44 0 
45 0 
46 0 
47 0 
48 0 
49 0 
50 0 
51 0 
52 0 
53 0 
54 0 
55 0 
56 0 
57 0 
58 0 
59 0 
60 0 
61 0 
62 0 
63 0 
64 0 
65 0 
66 0 
67 0 
68 0 
69 0 
70 0 
71 0 
72 0 
73 0 
74 0 
75 0 
76 0 
77 0 
78 0 
79 0 
80 0 
81 0 
82 0 
83 0 
84 0 
85 0 
86 0 
87 0 
88 0 
89 0 
90 0 
91 0 
92 0 
93 0 
94 0 
95 0 
96 0 
97 0 
98 0 
99 0 
100 0 
101 0 
102 0 
103 0 
104 0 
105 0 
106 0 
107 0 
108 0 
109 0 
110 0 
111 0 
112 0 
113 0 
114 0 
115 0 
116 0 
117 0 
118 0 
119 0 
120 0 
121 0 
122 0 
123 0 
124 0 
125 0 
126 0 
127 0 
128 0 
129 0 
130 0 
131 0 
132 0 
133 0 
134 0 
135 0 
136 0 
137 0 
138 0 
139 0 
140 0 
141 0 
142 0 
143 0 
144 0 
145 0 
146 0 
147 0 
148 0 
149 0 
150 0 
151 0 
152 0 
153 0 
154 0 
155 0 
156 0 
157 0 
158 0 
159 0 
160 1 
161 9 
162 21 
163 36 
164 71 
165 101 
166 129 
167 158 
168 262 
169 334 
170 338 
171 478 
172 598 
173 731 
174 916 
175 1137 
176 1489 
177 2137 
178 2877 
179 3944 
180 5111 
181 6239 
182 7299 
183 8429 
184 9794 
185 11605 
186 13372 
187 14976 
188 17266 
189 19837 
190 22784 
191 25807 
192 30060 
193 34528 
194 40186 
195 45160 
196 49948 
197 56645 
198 63244 
199 71781 
200 81827 
201 91218 
202 102052 
203 114384 
204 127350 
205 141534 
206 156843 
207 174136 
208 192766 
209 214018 
210 236694 
211 258300 
212 283167 
213 310202 
214 336728 
215 366046 
216 394155 
217 425365 
218 458715 
219 495399 
220 533796 
221 574604 
222 616567 
223 663157 
224 711487 
225 767958 
226 822055 
227 885887 
228 950614 
229 1.02336e+06 
230 1.09984e+06 
231 1.17973e+06 
232 1.25953e+06 
233 1.34596e+06 
234 1.44198e+06 
235 1.54531e+06 
236 1.65989e+06 
237 1.77558e+06 
238 1.90435e+06 
239 2.03201e+06 
240 2.17633e+06 
241 2.33162e+06 
242 2.4883e+06 
243 2.66442e+06 
244 2.84531e+06 
245 3.04742e+06 
246 3.25351e+06 
247 3.47291e+06 
248 3.70591e+06 
249 3.94522e+06 
250 4.19894e+06 
251 4.46596e+06 
252 4.7489e+06 
253 5.03677e+06 
254 5.33363e+06 
255 5.64676e+06 
256 5.98531e+06 
257 6.33496e+06 
258 6.69707e+06 
259 7.08538e+06 
260 7.47154e+06 
261 7.87086e+06 
262 8.28999e+06 
263 8.74542e+06 
264 9.20668e+06 
265 9.68218e+06 
266 1.01665e+07 
267 1.0689e+07 
268 1.12405e+07 
269 1.18133e+07 
270 1.24187e+07 
271 1.30464e+07 
272 1.36944e+07 
273 1.43453e+07 
274 1.5022e+07 
275 1.57254e+07 
276 1.6436e+07 
277 1.71662e+07 
278 1.79077e+07 
279 1.86652e+07 
280 1.94352e+07 
281 2.02291e+07 
282 2.1056e+07 
283 2.18862e+07 
284 2.27474e+07 
285 2.36224e+07 
286 2.45259e+07 
287 2.5442e+07 
288 2.63716e+07 
289 2.73208e+07 
290 2.8274e+07 
291 2.92662e+07 
292 3.02657e+07 
293 3.12725e+07 
294 3.23021e+07 
295 3.33639e+07 
296 3.44335e+07 
297 3.54872e+07 
298 3.65673e+07 
299 3.76521e+07 
300 3.87663e+07 
301 3.98921e+07 
302 4.09983e+07 
303 4.21277e+07 
304 4.32752e+07 
305 4.44441e+07 
306 4.55887e+07 
307 4.67762e+07 
308 4.79309e+07 
309 4.91275e+07 
310 5.03114e+07 
311 5.15175e+07 
312 5.26895e+07 
313 5.39112e+07 
314 5.51215e+07 
315 5.63204e+07 
316 5.75527e+07 
317 5.87954e+07 
318 6.00579e+07 
319 6.13375e+07 
320 6.25844e+07 
321 6.38778e+07 
322 6.51504e+07 
323 6.64484e+07 
324 6.77434e+07 
325 6.91284e+07 
326 7.05104e+07 
327 7.19314e+07 
328 7.33833e+07 
329 7.48729e+07 
330 7.63721e+07 
331 7.78849e+07 
332 7.93557e+07 
333 8.08822e+07 
334 8.24009e+07 
335 8.39618e+07 
336 8.55696e+07 
337 8.7192e+07 
338 8.88589e+07 
339 9.05243e+07 
340 9.22385e+07 
341 9.39307e+07 
342 9.56287e+07 
343 9.73917e+07 
344 9.91515e+07 
345 1.00882e+08 
346 1.02641e+08 
347 1.04429e+08 
348 1.06218e+08 
349 1.0801e+08 
350 1.09801e+08 
351 1.11595e+08 
352 1.13461e+08 
353 1.15338e+08 
354 1.17265e+08 
355 1.19105e+08 
356 1.20999e+08 
357 1.22877e+08 
358 1.24759e+08 
359 1.26686e+08 
360 1.28549e+08 
361 1.30408e+08 
362 1.32216e+08 
363 1.33981e+08 
364 1.3576e+08 
365 1.3746e+08 
366 1.39193e+08 
367 1.40881e+08 
368 1.42614e+08 
369 1.4429e+08 
370 1.45957e+08 
371 1.47597e+08 
372 1.49206e+08 
373 1.50803e+08 
374 1.5236e+08 
375 1.53915e+08 
376 1.5543e+08 
377 1.56912e+08 
378 1.58419e+08 
379 1.59912e+08 
380 1.61314e+08 
381 1.62739e+08 
382 1.64077e+08 
383 1.65495e+08 
384 1.66774e+08 
385 1.68015e+08 
386 1.69219e+08 
387 1.70359e+08 
388 1.71468e+08 
389 1.72567e+08 
390 1.73552e+08 
391 1.74487e+08 
392 1.75354e+08 
393 1.76169e+08 
394 1.7689e+08 
395 1.77638e+08 
396 1.78334e+08 
397 1.78981e+08 
398 1.79542e+08 
399 1.80064e+08 
400 1.80462e+08 
401 1.80789e+08 
402 1.81069e+08 
403 1.81209e+08 
404 1.81342e+08 
405 1.8136e+08 
406 1.81328e+08 
407 1.81231e+08 
408 1.81109e+08 
409 1.80893e+08 
410 1.80621e+08 
411 1.80378e+08 
412 1.80093e+08 
413 1.79791e+08 
414 1.79329e+08 
415 1.7885e+08 
416 1.78345e+08 
417 1.7768e+08 
418 1.76981e+08 
419 1.76255e+08 
420 1.75411e+08 
421 1.74518e+08 
422 1.73538e+08 
423 1.72432e+08 
424 1.71331e+08 
425 1.70113e+08 
426 1.68845e+08 
427 1.67554e+08 
428 1.66204e+08 
429 1.64797e+08 
430 1.63382e+08 
431 1.61824e+08 
432 1.60322e+08 
433 1.58855e+08 
434 1.57349e+08 
435 1.55687e+08 
436 1.54127e+08 
437 1.52503e+08 
438 1.50808e+08 
439 1.49156e+08 
440 1.47445e+08 
441 1.45715e+08 
442 1.43945e+08 
443 1.42169e+08 
444 1.40387e+08 
445 1.38615e+08 
446 1.36806e+08 
447 1.34993e+08 
448 1.33177e+08 
449 1.31349e+08 
450 1.29493e+08 
451 1.27593e+08 
452 1.25734e+08 
453 1.23858e+08 
454 1.21992e+08 
455 1.20115e+08 
456 1.18256e+08 
457 1.16364e+08 
458 1.1455e+08 
459 1.12683e+08 
460 1.10777e+08 
461 1.08855e+08 
462 1.06971e+08 
463 1.05052e+08 
464 1.03124e+08 
465 1.01222e+08 
466 9.93141e+07 
467 9.7359e+07 
468 9.54303e+07 
469 9.35448e+07 
470 9.16299e+07 
471 8.97318e+07 
472 8.78911e+07 
473 8.60229e+07 
474 8.41797e+07 
475 8.23976e+07 
476 8.06353e+07 
477 7.89129e+07 
478 7.72127e+07 
479 7.55278e+07 
480 7.38737e+07 
481 7.22199e+07 
482 7.05542e+07 
483 6.89091e+07 
484 6.72748e+07 
485 6.56667e+07 
486 6.41131e+07 
487 6.25588e+07 
488 6.10692e+07 
489 5.95526e+07 
490 5.80565e+07 
491 5.65735e+07 
492 5.51762e+07 
493 5.37801e+07 
494 5.23857e+07 
495 5.10239e+07 
496 4.9694e+07 
497 4.83665e+07 
498 4.70356e+07 
499 4.57416e+07 
500 4.44657e+07 
501 4.32083e+07 
502 4.1994e+07 
503 4.0797e+07 
504 3.96592e+07 
505 3.8508e+07 
506 3.73829e+07 
507 3.62444e+07 
508 3.512e+07 
509 3.4029e+07 
510 3.29706e+07 
511 3.19409e+07 
512 3.09147e+07 
513 2.98953e+07 
514 2.88866e+07 
515 2.7904e+07 
516 2.69594e+07 
517 2.60189e+07 
518 2.51025e+07 
519 2.41761e+07 
520 2.32775e+07 
521 2.23619e+07 
522 2.14867e+07 
523 2.06223e+07 
524 1.97556e+07 
525 1.89143e+07 
526 1.8099e+07 
527 1.73289e+07 
528 1.65675e+07 
529 1.5817e+07 
530 1.50792e+07 
531 1.43574e+07 
532 1.36594e+07 
533 1.29866e+07 
534 1.23328e+07 
535 1.1712e+07 
536 1.11041e+07 
537 1.05388e+07 
538 9.98185e+06 
539 9.43974e+06 
540 8.91707e+06 
541 8.43002e+06 
542 7.95138e+06 
543 7.4948e+06 
544 7.06595e+06 
545 6.65105e+06 
546 6.25733e+06 
547 5.87897e+06 
548 5.51429e+06 
549 5.17712e+06 
550 4.83726e+06 
551 4.51922e+06 
552 4.2161e+06 
553 3.92785e+06 
554 3.66555e+06 
555 3.41406e+06 
556 3.17176e+06 
557 2.93756e+06 
558 2.72395e+06 
559 2.52348e+06 
560 2.33179e+06 
561 2.15659e+06 
562 1.99244e+06 
563 1.83539e+06 
564 1.69543e+06 
565 1.56494e+06 
566 1.44515e+06 
567 1.33796e+06 
568 1.23374e+06 
569 1.14361e+06 
570 1.05444e+06 
571 975139 
572 902804 
573 835020 
574 772611 
575 714882 
576 663761 
577 615925 
578 570920 
579 531022 
580 490855 
581 453641 
582 419069 
583 382643 
584 352309 
585 322747 
586 296092 
587 268551 
588 243228 
589 217675 
590 195646 
591 172443 
592 152284 
593 133683 
594 115745 
595 98419 
596 84904 
597 72616 
598 61940 
599 53263 
600 45225 
601 37827 
602 30978 
603 25515 
604 21267 
605 17050 
606 13722 
607 11287 
608 8903 
609 6835 
610 5451 
611 4195 
612 3341 
613 2633 
614 2105 
615 1681 
616 1282 
617 951 
618 753 
619 581 
620 425 
621 374 
622 319 
623 224 
624 166 
625 108 
626 41 
627 17 
628 11 
629 16 
630 7 
631 2 
632 0 
633 0 
634 0 
635 0 
636 0 
637 0 
638 0 
639 0 
640 0 
641 0 
642 0 
643 0 
644 0 
645 0 
646 0 
647 0 
648 0 
649 0 
650 0 
651 0 
652 0 
653 0 
654 0 
655 0 
656 0 
657 0 
658 0 
659 0 
660 0 
661 0 
662 0 
663 0 
664 0 
665 0 
666 0 
667 0 
668 0 
669 0 
670 0 
671 0 
672 0 
673 0 
674 0 
675 0 
676 0 
677 0 
678 0 
679 0 
680 0 
681 0 
682 0 
683 0 
684 0 
685 0 
686 0 
687 0 
688 0 
689 0 
690 0 
691 0 
692 0 
693 0 
694 0 
695 0 
696 0 
697 0 
698 0 
699 0 
700 0 
701 0 
702 0 
703 0 
704 0 
705 0 
706 0 
707 0 
708 0 
709 0 
710 0 
711 0 
712 0 
713 0 
714 0 
715 0 
716 0 
717 0 
718 0 
719 0 
720 0 
721 0 
722 0 
723 0 
724 0 
725 0 
726 0 
727 0 
728 0 
729 0 
730 0 
731 0 
732 0 
733 0 
734 0 
735 0 
736 0 
737 0 
738 0 
739 0 
740 0 
741 0 
742 0 
743 0 
744 0 
745 0 
746 0 
747 0 
748 0 
749 0 
750 0 
751 0 
752 0 
753 0 
754 0 
755 0 
756 0 
757 0 
758 0 
759 0 
760 0 
761 0 
762 0 
763 0 
764 0 
765 0 
766 0 
767 0 
768 0 
769 0 
770 0 
771 0 
772 0 
773 0 
774 0 
775 0 
776 0 
777 0 
778 0 
779 0 
780 0 
781 0 
782 0 
783 0 
784 0 
785 0 
786 0 
787 0 
788 0 
789 0 
790 0 
791 0 
792 0 
793 0 
794 0 
795 0 
796 0 
797 0 
798 0 
799 0 
