0 0 
1 0 
2 0 
3 0 
4 0 
5 0 
6 0 
7 0 
8 0 
9 0 
10 0 
11 0 
12 0 
13 0 
14 0 
15 0 
16 0 
17 0 
18 0 
19 0 
20 0 
21 0 
22 0 
23 0 
24 0 
25 0 
26 0 
27 0 
28 0 
29 0 
30 0 
31 0 
32 0 
33 0 
34 0 
35 0 
36 0 
37 0 
38 0 
39 0 
40 0 
41 0 
42 0 
43 0 
44 0 
45 0 
46 0 
47 0 
48 0 
49 0 
50 0 
51 0 
52 0 
53 0 
54 0 
55 0 
56 0 
57 0 
58 0 
59 0 
60 0 
61 0 
62 0 
63 0 
64 0 
65 0 
66 0 
67 0 
68 0 
69 0 
70 0 
71 0 
72 0 
73 0 
74 0 
75 0 
76 0 
77 0 
78 0 
79 0 
80 0 
81 0 
82 0 
83 0 
84 0 
85 0 
86 0 
87 0 
88 0 
89 0 
90 0 
91 0 
92 0 
93 0 
94 0 
95 0 
96 0 
97 0 
98 0 
99 0 
100 0 
101 0 
102 0 
103 0 
104 0 
105 0 
106 0 
107 0 
108 0 
109 0 
110 0 
111 0 
112 0 
113 0 
114 0 
115 0 
116 0 
117 0 
118 0 
119 0 
120 0 
121 0 
122 0 
123 0 
124 0 
125 0 
126 0 
127 0 
128 0 
129 0 
130 0 
131 0 
132 0 
133 0 
134 0 
135 0 
136 0 
137 0 
138 0 
139 0 
140 0 
141 0 
142 0 
143 0 
144 0 
145 0 
146 0 
147 0 
148 0 
149 0 
150 0 
151 0 
152 0 
153 0 
154 0 
155 0 
156 0 
157 0 
158 0 
159 0 
160 0 
161 0 
162 0 
163 0 
164 0 
165 0 
166 0 
167 0 
168 0 
169 0 
170 0 
171 0 
172 0 
173 0 
174 0 
175 0 
176 0 
177 0 
178 0 
179 0 
180 0 
181 0 
182 0 
183 0 
184 0 
185 0 
186 0 
187 0 
188 0 
189 0 
190 0 
191 0 
192 0 
193 0 
194 0 
195 0 
196 0 
197 0 
198 0 
199 0 
200 0 
201 0 
202 0 
203 0 
204 0 
205 0 
206 0 
207 0 
208 0 
209 0 
210 0 
211 0 
212 0 
213 0 
214 0 
215 0 
216 0 
217 0 
218 0 
219 0 
220 0 
221 0 
222 0 
223 0 
224 0 
225 0 
226 0 
227 0 
228 0 
229 0 
230 0 
231 0 
232 0 
233 0 
234 0 
235 0 
236 0 
237 0 
238 0 
239 0 
240 0 
241 0 
242 0 
243 0 
244 0 
245 0 
246 0 
247 0 
248 0 
249 0 
250 0 
251 0 
252 0 
253 0 
254 0 
255 0 
256 0 
257 0 
258 0 
259 0 
260 0 
261 0 
262 0 
263 0 
264 0 
265 0 
266 0 
267 0 
268 0 
269 0 
270 0 
271 0 
272 0 
273 0 
274 0 
275 0 
276 0 
277 0 
278 0 
279 0 
280 0 
281 0 
282 0 
283 0 
284 0 
285 0 
286 0 
287 0 
288 0 
289 0 
290 0 
291 0 
292 0 
293 0 
294 0 
295 0 
296 0 
297 0 
298 0 
299 0 
300 0 
301 0 
302 0 
303 0 
304 0 
305 0 
306 0 
307 0 
308 0 
309 0 
310 3 
311 5 
312 13 
313 9 
314 18 
315 42 
316 98 
317 237 
318 430 
319 698 
320 1014 
321 1664 
322 2881 
323 4404 
324 6419 
325 8598 
326 12296 
327 17567 
328 23772 
329 31900 
330 43218 
331 56172 
332 75156 
333 98762 
334 129746 
335 169716 
336 217556 
337 277758 
338 345742 
339 425082 
340 525222 
341 653289 
342 810833 
343 1.00692e+06 
344 1.24135e+06 
345 1.52463e+06 
346 1.87068e+06 
347 2.27747e+06 
348 2.76362e+06 
349 3.32973e+06 
350 3.97919e+06 
351 4.73719e+06 
352 5.62023e+06 
353 6.66334e+06 
354 7.85764e+06 
355 9.2367e+06 
356 1.08273e+07 
357 1.26735e+07 
358 1.48038e+07 
359 1.72703e+07 
360 2.0105e+07 
361 2.33518e+07 
362 2.70706e+07 
363 3.13003e+07 
364 3.6106e+07 
365 4.15768e+07 
366 4.77734e+07 
367 5.47828e+07 
368 6.27122e+07 
369 7.15364e+07 
370 8.1413e+07 
371 9.236e+07 
372 1.04466e+08 
373 1.17816e+08 
374 1.32449e+08 
375 1.48471e+08 
376 1.65815e+08 
377 1.84649e+08 
378 2.05034e+08 
379 2.26951e+08 
380 2.50472e+08 
381 2.75517e+08 
382 3.02065e+08 
383 3.30021e+08 
384 3.59213e+08 
385 3.89358e+08 
386 4.2033e+08 
387 4.51997e+08 
388 4.83983e+08 
389 5.15945e+08 
390 5.476e+08 
391 5.78454e+08 
392 6.08228e+08 
393 6.36225e+08 
394 6.6204e+08 
395 6.85334e+08 
396 7.05552e+08 
397 7.21979e+08 
398 7.3432e+08 
399 7.4235e+08 
400 7.45437e+08 
401 7.4184e+08 
402 7.33429e+08 
403 7.20493e+08 
404 7.03595e+08 
405 6.83278e+08 
406 6.60024e+08 
407 6.34397e+08 
408 6.06696e+08 
409 5.77476e+08 
410 5.47006e+08 
411 5.15814e+08 
412 4.84392e+08 
413 4.52911e+08 
414 4.21791e+08 
415 3.91198e+08 
416 3.61519e+08 
417 3.3293e+08 
418 3.05342e+08 
419 2.79117e+08 
420 2.54199e+08 
421 2.30758e+08 
422 2.08665e+08 
423 1.88189e+08 
424 1.6921e+08 
425 1.51712e+08 
426 1.35718e+08 
427 1.21092e+08 
428 1.07701e+08 
429 9.56108e+07 
430 8.46393e+07 
431 7.48023e+07 
432 6.59129e+07 
433 5.79077e+07 
434 5.07414e+07 
435 4.43362e+07 
436 3.85693e+07 
437 3.34971e+07 
438 2.9008e+07 
439 2.50683e+07 
440 2.16206e+07 
441 1.86074e+07 
442 1.60058e+07 
443 1.37273e+07 
444 1.17488e+07 
445 1.00278e+07 
446 8.54076e+06 
447 7.25608e+06 
448 6.1619e+06 
449 5.22765e+06 
450 4.4326e+06 
451 3.73992e+06 
452 3.15308e+06 
453 2.65519e+06 
454 2.23014e+06 
455 1.86972e+06 
456 1.56831e+06 
457 1.30997e+06 
458 1.09056e+06 
459 908932 
460 753596 
461 618763 
462 506161 
463 413417 
464 330009 
465 265190 
466 212074 
467 167514 
468 129335 
469 97900 
470 72385 
471 53017 
472 38644 
473 27710 
474 19577 
475 14183 
476 9926 
477 6845 
478 4407 
479 2744 
480 1787 
481 1039 
482 562 
483 278 
484 156 
485 40 
486 16 
487 7 
488 7 
489 0 
490 0 
491 0 
492 0 
493 0 
494 0 
495 0 
496 0 
497 0 
498 0 
499 0 
500 0 
501 0 
502 0 
503 0 
504 0 
505 0 
506 0 
507 0 
508 0 
509 0 
510 0 
511 0 
512 0 
513 0 
514 0 
515 0 
516 0 
517 0 
518 0 
519 0 
520 0 
521 0 
522 0 
523 0 
524 0 
525 0 
526 0 
527 0 
528 0 
529 0 
530 0 
531 0 
532 0 
533 0 
534 0 
535 0 
536 0 
537 0 
538 0 
539 0 
540 0 
541 0 
542 0 
543 0 
544 0 
545 0 
546 0 
547 0 
548 0 
549 0 
550 0 
551 0 
552 0 
553 0 
554 0 
555 0 
556 0 
557 0 
558 0 
559 0 
560 0 
561 0 
562 0 
563 0 
564 0 
565 0 
566 0 
567 0 
568 0 
569 0 
570 0 
571 0 
572 0 
573 0 
574 0 
575 0 
576 0 
577 0 
578 0 
579 0 
580 0 
581 0 
582 0 
583 0 
584 0 
585 0 
586 0 
587 0 
588 0 
589 0 
590 0 
591 0 
592 0 
593 0 
594 0 
595 0 
596 0 
597 0 
598 0 
599 0 
600 0 
601 0 
602 0 
603 0 
604 0 
605 0 
606 0 
607 0 
608 0 
609 0 
610 0 
611 0 
612 0 
613 0 
614 0 
615 0 
616 0 
617 0 
618 0 
619 0 
620 0 
621 0 
622 0 
623 0 
624 0 
625 0 
626 0 
627 0 
628 0 
629 0 
630 0 
631 0 
632 0 
633 0 
634 0 
635 0 
636 0 
637 0 
638 0 
639 0 
640 0 
641 0 
642 0 
643 0 
644 0 
645 0 
646 0 
647 0 
648 0 
649 0 
650 0 
651 0 
652 0 
653 0 
654 0 
655 0 
656 0 
657 0 
658 0 
659 0 
660 0 
661 0 
662 0 
663 0 
664 0 
665 0 
666 0 
667 0 
668 0 
669 0 
670 0 
671 0 
672 0 
673 0 
674 0 
675 0 
676 0 
677 0 
678 0 
679 0 
680 0 
681 0 
682 0 
683 0 
684 0 
685 0 
686 0 
687 0 
688 0 
689 0 
690 0 
691 0 
692 0 
693 0 
694 0 
695 0 
696 0 
697 0 
698 0 
699 0 
700 0 
701 0 
702 0 
703 0 
704 0 
705 0 
706 0 
707 0 
708 0 
709 0 
710 0 
711 0 
712 0 
713 0 
714 0 
715 0 
716 0 
717 0 
718 0 
719 0 
720 0 
721 0 
722 0 
723 0 
724 0 
725 0 
726 0 
727 0 
728 0 
729 0 
730 0 
731 0 
732 0 
733 0 
734 0 
735 0 
736 0 
737 0 
738 0 
739 0 
740 0 
741 0 
742 0 
743 0 
744 0 
745 0 
746 0 
747 0 
748 0 
749 0 
750 0 
751 0 
752 0 
753 0 
754 0 
755 0 
756 0 
757 0 
758 0 
759 0 
760 0 
761 0 
762 0 
763 0 
764 0 
765 0 
766 0 
767 0 
768 0 
769 0 
770 0 
771 0 
772 0 
773 0 
774 0 
775 0 
776 0 
777 0 
778 0 
779 0 
780 0 
781 0 
782 0 
783 0 
784 0 
785 0 
786 0 
787 0 
788 0 
789 0 
790 0 
791 0 
792 0 
793 0 
794 0 
795 0 
796 0 
797 0 
798 0 
799 0 
