0 0 
1 0 
2 0 
3 0 
4 0 
5 0 
6 0 
7 0 
8 0 
9 0 
10 0 
11 0 
12 0 
13 0 
14 0 
15 0 
16 0 
17 0 
18 0 
19 0 
20 0 
21 0 
22 0 
23 0 
24 0 
25 0 
26 0 
27 0 
28 0 
29 0 
30 0 
31 0 
32 0 
33 0 
34 0 
35 0 
36 0 
37 0 
38 0 
39 0 
40 0 
41 0 
42 0 
43 0 
44 0 
45 0 
46 0 
47 0 
48 0 
49 0 
50 0 
51 0 
52 0 
53 0 
54 0 
55 0 
56 0 
57 0 
58 0 
59 0 
60 0 
61 0 
62 0 
63 0 
64 0 
65 0 
66 0 
67 0 
68 0 
69 0 
70 0 
71 0 
72 0 
73 0 
74 0 
75 0 
76 0 
77 0 
78 0 
79 0 
80 0 
81 0 
82 0 
83 0 
84 0 
85 0 
86 0 
87 0 
88 0 
89 0 
90 0 
91 0 
92 0 
93 0 
94 0 
95 0 
96 0 
97 0 
98 0 
99 0 
100 0 
101 0 
102 0 
103 0 
104 0 
105 0 
106 0 
107 0 
108 0 
109 0 
110 0 
111 0 
112 0 
113 0 
114 0 
115 0 
116 0 
117 0 
118 0 
119 0 
120 0 
121 0 
122 0 
123 0 
124 0 
125 0 
126 0 
127 0 
128 0 
129 0 
130 0 
131 0 
132 0 
133 0 
134 0 
135 0 
136 0 
137 0 
138 0 
139 0 
140 0 
141 0 
142 0 
143 0 
144 0 
145 0 
146 0 
147 0 
148 0 
149 0 
150 0 
151 0 
152 0 
153 0 
154 0 
155 0 
156 0 
157 0 
158 0 
159 0 
160 0 
161 0 
162 0 
163 0 
164 0 
165 0 
166 0 
167 0 
168 0 
169 0 
170 0 
171 0 
172 0 
173 0 
174 0 
175 0 
176 0 
177 0 
178 0 
179 0 
180 0 
181 0 
182 0 
183 0 
184 0 
185 0 
186 0 
187 0 
188 0 
189 0 
190 0 
191 0 
192 0 
193 0 
194 0 
195 0 
196 0 
197 0 
198 0 
199 0 
200 0 
201 0 
202 0 
203 0 
204 0 
205 0 
206 0 
207 0 
208 0 
209 0 
210 0 
211 0 
212 0 
213 0 
214 0 
215 0 
216 0 
217 0 
218 0 
219 0 
220 0 
221 0 
222 0 
223 0 
224 0 
225 0 
226 0 
227 0 
228 0 
229 0 
230 0 
231 0 
232 0 
233 0 
234 0 
235 0 
236 0 
237 0 
238 0 
239 0 
240 0 
241 0 
242 0 
243 0 
244 0 
245 0 
246 0 
247 0 
248 0 
249 0 
250 0 
251 0 
252 0 
253 0 
254 0 
255 0 
256 0 
257 0 
258 0 
259 0 
260 0 
261 1 
262 2 
263 12 
264 16 
265 37 
266 63 
267 112 
268 326 
269 489 
270 703 
271 975 
272 1344 
273 1734 
274 2311 
275 3245 
276 4665 
277 6191 
278 8133 
279 10586 
280 13751 
281 16998 
282 20948 
283 26191 
284 31480 
285 37038 
286 42811 
287 49883 
288 57263 
289 65084 
290 73140 
291 82554 
292 94510 
293 108835 
294 125517 
295 141977 
296 162621 
297 186274 
298 214059 
299 242130 
300 278881 
301 318391 
302 365415 
303 419170 
304 482790 
305 553778 
306 637109 
307 726251 
308 820161 
309 925368 
310 1.03885e+06 
311 1.16777e+06 
312 1.30644e+06 
313 1.44997e+06 
314 1.60867e+06 
315 1.7891e+06 
316 1.98816e+06 
317 2.21288e+06 
318 2.46103e+06 
319 2.73574e+06 
320 3.04631e+06 
321 3.37856e+06 
322 3.74328e+06 
323 4.13956e+06 
324 4.56739e+06 
325 5.03118e+06 
326 5.56155e+06 
327 6.12607e+06 
328 6.74032e+06 
329 7.41036e+06 
330 8.15134e+06 
331 8.96874e+06 
332 9.86809e+06 
333 1.08325e+07 
334 1.18797e+07 
335 1.30189e+07 
336 1.42503e+07 
337 1.56019e+07 
338 1.70707e+07 
339 1.86603e+07 
340 2.03702e+07 
341 2.22419e+07 
342 2.42517e+07 
343 2.64379e+07 
344 2.87931e+07 
345 3.13282e+07 
346 3.40541e+07 
347 3.69747e+07 
348 4.00931e+07 
349 4.34485e+07 
350 4.70494e+07 
351 5.09217e+07 
352 5.50464e+07 
353 5.94226e+07 
354 6.41111e+07 
355 6.90874e+07 
356 7.433e+07 
357 7.99202e+07 
358 8.58051e+07 
359 9.20604e+07 
360 9.86483e+07 
361 1.05591e+08 
362 1.12849e+08 
363 1.2041e+08 
364 1.28288e+08 
365 1.3651e+08 
366 1.45049e+08 
367 1.53984e+08 
368 1.63205e+08 
369 1.72775e+08 
370 1.82667e+08 
371 1.92823e+08 
372 2.0327e+08 
373 2.1405e+08 
374 2.24934e+08 
375 2.36048e+08 
376 2.47313e+08 
377 2.58664e+08 
378 2.70128e+08 
379 2.81662e+08 
380 2.93215e+08 
381 3.0477e+08 
382 3.16334e+08 
383 3.27761e+08 
384 3.3903e+08 
385 3.49998e+08 
386 3.6068e+08 
387 3.71091e+08 
388 3.81088e+08 
389 3.90524e+08 
390 3.99661e+08 
391 4.08051e+08 
392 4.15868e+08 
393 4.22988e+08 
394 4.29352e+08 
395 4.34909e+08 
396 4.39663e+08 
397 4.43516e+08 
398 4.46312e+08 
399 4.48092e+08 
400 4.48783e+08 
401 4.47879e+08 
402 4.4583e+08 
403 4.42879e+08 
404 4.38756e+08 
405 4.33745e+08 
406 4.2785e+08 
407 4.21173e+08 
408 4.13636e+08 
409 4.0541e+08 
410 3.96679e+08 
411 3.87373e+08 
412 3.77567e+08 
413 3.67399e+08 
414 3.56866e+08 
415 3.46092e+08 
416 3.35091e+08 
417 3.23913e+08 
418 3.12594e+08 
419 3.01169e+08 
420 2.89753e+08 
421 2.78474e+08 
422 2.67225e+08 
423 2.5615e+08 
424 2.45165e+08 
425 2.34286e+08 
426 2.23631e+08 
427 2.13086e+08 
428 2.02817e+08 
429 1.92754e+08 
430 1.8295e+08 
431 1.73422e+08 
432 1.64239e+08 
433 1.55314e+08 
434 1.46681e+08 
435 1.38378e+08 
436 1.30395e+08 
437 1.22675e+08 
438 1.15252e+08 
439 1.08187e+08 
440 1.01388e+08 
441 9.49802e+07 
442 8.88473e+07 
443 8.30346e+07 
444 7.75007e+07 
445 7.22425e+07 
446 6.72687e+07 
447 6.2541e+07 
448 5.81407e+07 
449 5.4004e+07 
450 5.01143e+07 
451 4.64836e+07 
452 4.30863e+07 
453 3.99086e+07 
454 3.69231e+07 
455 3.41374e+07 
456 3.15345e+07 
457 2.91059e+07 
458 2.68286e+07 
459 2.47118e+07 
460 2.2738e+07 
461 2.08967e+07 
462 1.91871e+07 
463 1.75724e+07 
464 1.60701e+07 
465 1.46846e+07 
466 1.33787e+07 
467 1.22027e+07 
468 1.11062e+07 
469 1.0099e+07 
470 9.17056e+06 
471 8.30639e+06 
472 7.50763e+06 
473 6.77625e+06 
474 6.1128e+06 
475 5.49879e+06 
476 4.93566e+06 
477 4.41791e+06 
478 3.94595e+06 
479 3.5171e+06 
480 3.1303e+06 
481 2.77385e+06 
482 2.45717e+06 
483 2.16637e+06 
484 1.9089e+06 
485 1.67834e+06 
486 1.47044e+06 
487 1.2902e+06 
488 1.12877e+06 
489 989337 
490 865459 
491 761502 
492 669618 
493 584982 
494 514038 
495 452649 
496 402467 
497 358685 
498 323540 
499 289611 
500 262309 
501 239245 
502 216557 
503 197527 
504 181221 
505 166216 
506 155164 
507 142536 
508 129677 
509 119740 
510 110658 
511 101990 
512 92043 
513 82847 
514 73606 
515 64873 
516 56453 
517 49603 
518 42949 
519 36381 
520 30060 
521 25136 
522 19691 
523 15745 
524 12697 
525 9994 
526 8167 
527 6384 
528 5192 
529 4181 
530 3077 
531 2214 
532 1559 
533 989 
534 730 
535 726 
536 789 
537 780 
538 644 
539 549 
540 542 
541 417 
542 366 
543 184 
544 74 
545 57 
546 52 
547 33 
548 13 
549 4 
550 0 
551 0 
552 0 
553 0 
554 0 
555 0 
556 0 
557 0 
558 0 
559 0 
560 0 
561 0 
562 0 
563 0 
564 0 
565 0 
566 0 
567 0 
568 0 
569 0 
570 0 
571 0 
572 0 
573 0 
574 0 
575 0 
576 0 
577 0 
578 0 
579 0 
580 0 
581 0 
582 0 
583 0 
584 0 
585 0 
586 0 
587 0 
588 0 
589 0 
590 0 
591 0 
592 0 
593 0 
594 0 
595 0 
596 0 
597 0 
598 0 
599 0 
600 0 
601 0 
602 0 
603 0 
604 0 
605 0 
606 0 
607 0 
608 0 
609 0 
610 0 
611 0 
612 0 
613 0 
614 0 
615 0 
616 0 
617 0 
618 0 
619 0 
620 0 
621 0 
622 0 
623 0 
624 0 
625 0 
626 0 
627 0 
628 0 
629 0 
630 0 
631 0 
632 0 
633 0 
634 0 
635 0 
636 0 
637 0 
638 0 
639 0 
640 0 
641 0 
642 0 
643 0 
644 0 
645 0 
646 0 
647 0 
648 0 
649 0 
650 0 
651 0 
652 0 
653 0 
654 0 
655 0 
656 0 
657 0 
658 0 
659 0 
660 0 
661 0 
662 0 
663 0 
664 0 
665 0 
666 0 
667 0 
668 0 
669 0 
670 0 
671 0 
672 0 
673 0 
674 0 
675 0 
676 0 
677 0 
678 0 
679 0 
680 0 
681 0 
682 0 
683 0 
684 0 
685 0 
686 0 
687 0 
688 0 
689 0 
690 0 
691 0 
692 0 
693 0 
694 0 
695 0 
696 0 
697 0 
698 0 
699 0 
700 0 
701 0 
702 0 
703 0 
704 0 
705 0 
706 0 
707 0 
708 0 
709 0 
710 0 
711 0 
712 0 
713 0 
714 0 
715 0 
716 0 
717 0 
718 0 
719 0 
720 0 
721 0 
722 0 
723 0 
724 0 
725 0 
726 0 
727 0 
728 0 
729 0 
730 0 
731 0 
732 0 
733 0 
734 0 
735 0 
736 0 
737 0 
738 0 
739 0 
740 0 
741 0 
742 0 
743 0 
744 0 
745 0 
746 0 
747 0 
748 0 
749 0 
750 0 
751 0 
752 0 
753 0 
754 0 
755 0 
756 0 
757 0 
758 0 
759 0 
760 0 
761 0 
762 0 
763 0 
764 0 
765 0 
766 0 
767 0 
768 0 
769 0 
770 0 
771 0 
772 0 
773 0 
774 0 
775 0 
776 0 
777 0 
778 0 
779 0 
780 0 
781 0 
782 0 
783 0 
784 0 
785 0 
786 0 
787 0 
788 0 
789 0 
790 0 
791 0 
792 0 
793 0 
794 0 
795 0 
796 0 
797 0 
798 0 
799 0 
