0 0 
1 0 
2 0 
3 0 
4 0 
5 0 
6 0 
7 0 
8 0 
9 0 
10 0 
11 0 
12 0 
13 0 
14 0 
15 0 
16 0 
17 0 
18 0 
19 0 
20 0 
21 0 
22 0 
23 0 
24 0 
25 0 
26 0 
27 0 
28 0 
29 0 
30 0 
31 0 
32 0 
33 0 
34 0 
35 0 
36 0 
37 0 
38 0 
39 0 
40 0 
41 0 
42 0 
43 0 
44 0 
45 0 
46 0 
47 0 
48 0 
49 0 
50 0 
51 0 
52 0 
53 0 
54 0 
55 0 
56 0 
57 0 
58 0 
59 0 
60 0 
61 0 
62 0 
63 0 
64 0 
65 0 
66 0 
67 0 
68 0 
69 0 
70 0 
71 0 
72 0 
73 0 
74 0 
75 0 
76 0 
77 0 
78 0 
79 0 
80 0 
81 0 
82 0 
83 0 
84 0 
85 0 
86 0 
87 0 
88 0 
89 0 
90 0 
91 0 
92 0 
93 0 
94 0 
95 0 
96 0 
97 0 
98 0 
99 0 
100 0 
101 0 
102 0 
103 0 
104 0 
105 0 
106 0 
107 0 
108 0 
109 0 
110 0 
111 0 
112 0 
113 0 
114 0 
115 0 
116 0 
117 0 
118 0 
119 0 
120 0 
121 0 
122 0 
123 0 
124 0 
125 0 
126 0 
127 0 
128 0 
129 0 
130 0 
131 0 
132 0 
133 0 
134 0 
135 0 
136 0 
137 3 
138 6 
139 5 
140 5 
141 11 
142 10 
143 38 
144 40 
145 50 
146 100 
147 119 
148 193 
149 236 
150 372 
151 543 
152 817 
153 1231 
154 1591 
155 2068 
156 2731 
157 3242 
158 4012 
159 4550 
160 5265 
161 6140 
162 6773 
163 8016 
164 8910 
165 9708 
166 10769 
167 11884 
168 13340 
169 15118 
170 16969 
171 18976 
172 21158 
173 23583 
174 26191 
175 29223 
176 32864 
177 36545 
178 40902 
179 46008 
180 51797 
181 57841 
182 64828 
183 73461 
184 81624 
185 89631 
186 98953 
187 109407 
188 121201 
189 133516 
190 145243 
191 157224 
192 169824 
193 183392 
194 200078 
195 216468 
196 234541 
197 254075 
198 270438 
199 288703 
200 307928 
201 328493 
202 351120 
203 375091 
204 397222 
205 418235 
206 443271 
207 467174 
208 495588 
209 522834 
210 553695 
211 586710 
212 620274 
213 657868 
214 696195 
215 734112 
216 776626 
217 824171 
218 872924 
219 925518 
220 980618 
221 1.04126e+06 
222 1.10831e+06 
223 1.17485e+06 
224 1.24674e+06 
225 1.32313e+06 
226 1.4045e+06 
227 1.49159e+06 
228 1.58268e+06 
229 1.67449e+06 
230 1.76802e+06 
231 1.8695e+06 
232 1.97062e+06 
233 2.07492e+06 
234 2.18818e+06 
235 2.31652e+06 
236 2.43678e+06 
237 2.57212e+06 
238 2.71331e+06 
239 2.85924e+06 
240 3.01353e+06 
241 3.16487e+06 
242 3.31903e+06 
243 3.4686e+06 
244 3.62303e+06 
245 3.79486e+06 
246 3.96421e+06 
247 4.13521e+06 
248 4.312e+06 
249 4.49193e+06 
250 4.67631e+06 
251 4.86564e+06 
252 5.05876e+06 
253 5.25156e+06 
254 5.45059e+06 
255 5.66009e+06 
256 5.86458e+06 
257 6.06175e+06 
258 6.26542e+06 
259 6.46648e+06 
260 6.65715e+06 
261 6.85648e+06 
262 7.06338e+06 
263 7.26834e+06 
264 7.48007e+06 
265 7.68339e+06 
266 7.89491e+06 
267 8.1155e+06 
268 8.33862e+06 
269 8.57296e+06 
270 8.80331e+06 
271 9.03354e+06 
272 9.26646e+06 
273 9.51156e+06 
274 9.75028e+06 
275 9.97586e+06 
276 1.02086e+07 
277 1.04486e+07 
278 1.06681e+07 
279 1.09168e+07 
280 1.11518e+07 
281 1.13701e+07 
282 1.16129e+07 
283 1.18374e+07 
284 1.20883e+07 
285 1.23442e+07 
286 1.26217e+07 
287 1.28841e+07 
288 1.31704e+07 
289 1.34723e+07 
290 1.37591e+07 
291 1.40711e+07 
292 1.43867e+07 
293 1.47136e+07 
294 1.50478e+07 
295 1.53892e+07 
296 1.57244e+07 
297 1.60566e+07 
298 1.64052e+07 
299 1.674e+07 
300 1.70798e+07 
301 1.74219e+07 
302 1.7763e+07 
303 1.81225e+07 
304 1.84949e+07 
305 1.88903e+07 
306 1.92968e+07 
307 1.97255e+07 
308 2.0151e+07 
309 2.05721e+07 
310 2.1025e+07 
311 2.14901e+07 
312 2.19631e+07 
313 2.24129e+07 
314 2.29258e+07 
315 2.34621e+07 
316 2.40108e+07 
317 2.45591e+07 
318 2.51293e+07 
319 2.57163e+07 
320 2.63215e+07 
321 2.6973e+07 
322 2.76247e+07 
323 2.82835e+07 
324 2.8996e+07 
325 2.9731e+07 
326 3.0463e+07 
327 3.12043e+07 
328 3.19622e+07 
329 3.27465e+07 
330 3.35487e+07 
331 3.43545e+07 
332 3.51737e+07 
333 3.59884e+07 
334 3.6818e+07 
335 3.76561e+07 
336 3.85145e+07 
337 3.93559e+07 
338 4.02123e+07 
339 4.10419e+07 
340 4.18665e+07 
341 4.27003e+07 
342 4.35827e+07 
343 4.44654e+07 
344 4.53708e+07 
345 4.62656e+07 
346 4.71699e+07 
347 4.80763e+07 
348 4.89536e+07 
349 4.98334e+07 
350 5.07773e+07 
351 5.16876e+07 
352 5.26262e+07 
353 5.35514e+07 
354 5.44616e+07 
355 5.53927e+07 
356 5.63226e+07 
357 5.72754e+07 
358 5.82115e+07 
359 5.91454e+07 
360 6.00923e+07 
361 6.10218e+07 
362 6.19644e+07 
363 6.29163e+07 
364 6.38399e+07 
365 6.47614e+07 
366 6.57014e+07 
367 6.65895e+07 
368 6.75168e+07 
369 6.8426e+07 
370 6.92949e+07 
371 7.01696e+07 
372 7.10012e+07 
373 7.18629e+07 
374 7.27203e+07 
375 7.35384e+07 
376 7.43851e+07 
377 7.51888e+07 
378 7.59815e+07 
379 7.67615e+07 
380 7.75599e+07 
381 7.83684e+07 
382 7.91915e+07 
383 8.00088e+07 
384 8.08107e+07 
385 8.15609e+07 
386 8.23089e+07 
387 8.30356e+07 
388 8.38078e+07 
389 8.45367e+07 
390 8.52167e+07 
391 8.58665e+07 
392 8.64983e+07 
393 8.71114e+07 
394 8.76649e+07 
395 8.81873e+07 
396 8.87486e+07 
397 8.92709e+07 
398 8.981e+07 
399 9.03475e+07 
400 9.08376e+07 
401 9.13445e+07 
402 9.18611e+07 
403 9.23274e+07 
404 9.28096e+07 
405 9.32898e+07 
406 9.3693e+07 
407 9.41257e+07 
408 9.45338e+07 
409 9.48678e+07 
410 9.52381e+07 
411 9.56282e+07 
412 9.59533e+07 
413 9.62899e+07 
414 9.66035e+07 
415 9.69082e+07 
416 9.72136e+07 
417 9.75185e+07 
418 9.77992e+07 
419 9.81332e+07 
420 9.84454e+07 
421 9.87202e+07 
422 9.90333e+07 
423 9.93141e+07 
424 9.96044e+07 
425 9.99098e+07 
426 1.00145e+08 
427 1.00442e+08 
428 1.00682e+08 
429 1.00907e+08 
430 1.01147e+08 
431 1.01382e+08 
432 1.01601e+08 
433 1.01743e+08 
434 1.01892e+08 
435 1.01981e+08 
436 1.02108e+08 
437 1.02167e+08 
438 1.0222e+08 
439 1.02289e+08 
440 1.0234e+08 
441 1.02334e+08 
442 1.02277e+08 
443 1.02176e+08 
444 1.02126e+08 
445 1.02029e+08 
446 1.01913e+08 
447 1.01759e+08 
448 1.01613e+08 
449 1.01527e+08 
450 1.01368e+08 
451 1.01229e+08 
452 1.01115e+08 
453 1.00967e+08 
454 1.00836e+08 
455 1.00673e+08 
456 1.00516e+08 
457 1.00343e+08 
458 1.00255e+08 
459 1.00172e+08 
460 1.00041e+08 
461 9.99809e+07 
462 9.9827e+07 
463 9.97292e+07 
464 9.96348e+07 
465 9.94835e+07 
466 9.93733e+07 
467 9.92365e+07 
468 9.91003e+07 
469 9.90197e+07 
470 9.89484e+07 
471 9.88184e+07 
472 9.87141e+07 
473 9.86298e+07 
474 9.85326e+07 
475 9.84724e+07 
476 9.84042e+07 
477 9.82888e+07 
478 9.82019e+07 
479 9.81314e+07 
480 9.80823e+07 
481 9.80003e+07 
482 9.79296e+07 
483 9.78123e+07 
484 9.77297e+07 
485 9.75905e+07 
486 9.74664e+07 
487 9.72795e+07 
488 9.71479e+07 
489 9.70382e+07 
490 9.68943e+07 
491 9.67804e+07 
492 9.66563e+07 
493 9.64638e+07 
494 9.62731e+07 
495 9.60919e+07 
496 9.5887e+07 
497 9.56313e+07 
498 9.5326e+07 
499 9.50044e+07 
500 9.4709e+07 
501 9.4407e+07 
502 9.41021e+07 
503 9.38305e+07 
504 9.34577e+07 
505 9.31313e+07 
506 9.27302e+07 
507 9.23939e+07 
508 9.20208e+07 
509 9.16726e+07 
510 9.13352e+07 
511 9.09473e+07 
512 9.06045e+07 
513 9.02691e+07 
514 8.98603e+07 
515 8.94666e+07 
516 8.90173e+07 
517 8.86212e+07 
518 8.81605e+07 
519 8.77459e+07 
520 8.73263e+07 
521 8.68558e+07 
522 8.64272e+07 
523 8.59955e+07 
524 8.55949e+07 
525 8.51263e+07 
526 8.46881e+07 
527 8.42516e+07 
528 8.38129e+07 
529 8.33413e+07 
530 8.28534e+07 
531 8.23931e+07 
532 8.19244e+07 
533 8.14037e+07 
534 8.0904e+07 
535 8.04328e+07 
536 7.99456e+07 
537 7.94349e+07 
538 7.89517e+07 
539 7.84815e+07 
540 7.806e+07 
541 7.76364e+07 
542 7.71944e+07 
543 7.67706e+07 
544 7.63877e+07 
545 7.59619e+07 
546 7.55166e+07 
547 7.51051e+07 
548 7.46894e+07 
549 7.42461e+07 
550 7.3789e+07 
551 7.33292e+07 
552 7.2927e+07 
553 7.24668e+07 
554 7.20703e+07 
555 7.16397e+07 
556 7.11876e+07 
557 7.07471e+07 
558 7.02816e+07 
559 6.98366e+07 
560 6.94038e+07 
561 6.89657e+07 
562 6.85668e+07 
563 6.81747e+07 
564 6.77646e+07 
565 6.73721e+07 
566 6.70057e+07 
567 6.66224e+07 
568 6.62512e+07 
569 6.59023e+07 
570 6.55514e+07 
571 6.52035e+07 
572 6.48779e+07 
573 6.45524e+07 
574 6.41994e+07 
575 6.38347e+07 
576 6.3489e+07 
577 6.31227e+07 
578 6.27617e+07 
579 6.23747e+07 
580 6.19411e+07 
581 6.15461e+07 
582 6.11237e+07 
583 6.06873e+07 
584 6.02699e+07 
585 5.98636e+07 
586 5.943e+07 
587 5.89807e+07 
588 5.85013e+07 
589 5.80167e+07 
590 5.75296e+07 
591 5.70142e+07 
592 5.65092e+07 
593 5.5963e+07 
594 5.53951e+07 
595 5.48049e+07 
596 5.42144e+07 
597 5.362e+07 
598 5.30059e+07 
599 5.24331e+07 
600 5.18439e+07 
601 5.12131e+07 
602 5.05905e+07 
603 5.00022e+07 
604 4.93738e+07 
605 4.87428e+07 
606 4.80926e+07 
607 4.74528e+07 
608 4.67904e+07 
609 4.61328e+07 
610 4.54534e+07 
611 4.47962e+07 
612 4.41272e+07 
613 4.34472e+07 
614 4.27466e+07 
615 4.20118e+07 
616 4.12832e+07 
617 4.05554e+07 
618 3.98118e+07 
619 3.90739e+07 
620 3.83268e+07 
621 3.75822e+07 
622 3.68086e+07 
623 3.60415e+07 
624 3.5283e+07 
625 3.45318e+07 
626 3.38048e+07 
627 3.30726e+07 
628 3.239e+07 
629 3.17137e+07 
630 3.10319e+07 
631 3.03612e+07 
632 2.97065e+07 
633 2.908e+07 
634 2.84315e+07 
635 2.77959e+07 
636 2.71603e+07 
637 2.65538e+07 
638 2.59811e+07 
639 2.53978e+07 
640 2.48321e+07 
641 2.42934e+07 
642 2.37704e+07 
643 2.32378e+07 
644 2.27221e+07 
645 2.21972e+07 
646 2.16878e+07 
647 2.12004e+07 
648 2.07171e+07 
649 2.02419e+07 
650 1.97663e+07 
651 1.93006e+07 
652 1.88455e+07 
653 1.84139e+07 
654 1.80032e+07 
655 1.75879e+07 
656 1.72227e+07 
657 1.68472e+07 
658 1.6492e+07 
659 1.61365e+07 
660 1.57734e+07 
661 1.54412e+07 
662 1.50872e+07 
663 1.47674e+07 
664 1.44535e+07 
665 1.41633e+07 
666 1.38747e+07 
667 1.36031e+07 
668 1.33336e+07 
669 1.30628e+07 
670 1.2795e+07 
671 1.25278e+07 
672 1.22686e+07 
673 1.20338e+07 
674 1.18236e+07 
675 1.16016e+07 
676 1.13683e+07 
677 1.11422e+07 
678 1.0918e+07 
679 1.06921e+07 
680 1.0479e+07 
681 1.02773e+07 
682 1.00812e+07 
683 9.88597e+06 
684 9.70032e+06 
685 9.52652e+06 
686 9.33192e+06 
687 9.14781e+06 
688 8.96233e+06 
689 8.77902e+06 
690 8.612e+06 
691 8.43381e+06 
692 8.26768e+06 
693 8.08595e+06 
694 7.91121e+06 
695 7.7538e+06 
696 7.59109e+06 
697 7.42373e+06 
698 7.25188e+06 
699 7.09037e+06 
700 6.93319e+06 
701 6.76557e+06 
702 6.59822e+06 
703 6.42111e+06 
704 6.24769e+06 
705 6.06374e+06 
706 5.90008e+06 
707 5.72831e+06 
708 5.56088e+06 
709 5.37956e+06 
710 5.19874e+06 
711 5.0215e+06 
712 4.84908e+06 
713 4.68129e+06 
714 4.51251e+06 
715 4.34568e+06 
716 4.18403e+06 
717 4.0199e+06 
718 3.85681e+06 
719 3.69854e+06 
720 3.54683e+06 
721 3.38695e+06 
722 3.23306e+06 
723 3.07807e+06 
724 2.93331e+06 
725 2.80538e+06 
726 2.67846e+06 
727 2.54976e+06 
728 2.43186e+06 
729 2.3152e+06 
730 2.20482e+06 
731 2.09926e+06 
732 1.99977e+06 
733 1.90458e+06 
734 1.81323e+06 
735 1.72533e+06 
736 1.64365e+06 
737 1.56286e+06 
738 1.48416e+06 
739 1.40111e+06 
740 1.32078e+06 
741 1.24246e+06 
742 1.17154e+06 
743 1.09831e+06 
744 1.03344e+06 
745 967347 
746 914088 
747 858316 
748 807279 
749 754522 
750 701996 
751 653963 
752 609539 
753 566075 
754 525921 
755 488430 
756 454841 
757 422541 
758 393044 
759 366955 
760 341695 
761 316870 
762 294139 
763 272187 
764 253665 
765 234426 
766 218508 
767 201824 
768 184346 
769 170082 
770 153008 
771 140806 
772 125843 
773 111794 
774 101392 
775 91202 
776 81344 
777 71616 
778 63581 
779 57053 
780 49622 
781 42778 
782 36694 
783 32522 
784 27645 
785 23299 
786 19674 
787 16445 
788 13798 
789 11419 
790 9434 
791 7693 
792 6345 
793 4940 
794 4266 
795 3536 
796 2818 
797 2006 
798 1502 
799 1004 
