0 0 
1 0 
2 0 
3 0 
4 0 
5 0 
6 0 
7 0 
8 0 
9 0 
10 0 
11 0 
12 0 
13 0 
14 0 
15 0 
16 0 
17 0 
18 0 
19 0 
20 0 
21 0 
22 0 
23 0 
24 0 
25 0 
26 0 
27 0 
28 0 
29 0 
30 0 
31 0 
32 0 
33 0 
34 0 
35 0 
36 0 
37 0 
38 0 
39 0 
40 0 
41 0 
42 0 
43 0 
44 0 
45 0 
46 0 
47 0 
48 0 
49 0 
50 0 
51 0 
52 0 
53 0 
54 0 
55 0 
56 0 
57 0 
58 0 
59 0 
60 0 
61 0 
62 0 
63 0 
64 0 
65 0 
66 0 
67 0 
68 0 
69 0 
70 0 
71 0 
72 0 
73 0 
74 0 
75 0 
76 0 
77 0 
78 0 
79 0 
80 0 
81 0 
82 0 
83 0 
84 0 
85 0 
86 0 
87 0 
88 0 
89 0 
90 0 
91 0 
92 0 
93 0 
94 0 
95 0 
96 0 
97 0 
98 0 
99 0 
100 0 
101 0 
102 0 
103 0 
104 0 
105 0 
106 0 
107 0 
108 0 
109 0 
110 0 
111 0 
112 0 
113 0 
114 0 
115 0 
116 0 
117 0 
118 0 
119 0 
120 0 
121 0 
122 0 
123 0 
124 0 
125 0 
126 0 
127 0 
128 0 
129 0 
130 0 
131 0 
132 0 
133 0 
134 0 
135 0 
136 0 
137 0 
138 0 
139 0 
140 0 
141 0 
142 0 
143 0 
144 0 
145 0 
146 0 
147 0 
148 0 
149 0 
150 0 
151 0 
152 0 
153 0 
154 0 
155 0 
156 0 
157 0 
158 0 
159 0 
160 0 
161 0 
162 0 
163 0 
164 0 
165 0 
166 0 
167 0 
168 0 
169 0 
170 0 
171 0 
172 0 
173 0 
174 0 
175 0 
176 0 
177 0 
178 0 
179 0 
180 0 
181 0 
182 0 
183 0 
184 0 
185 0 
186 0 
187 0 
188 0 
189 0 
190 0 
191 0 
192 0 
193 0 
194 0 
195 0 
196 0 
197 0 
198 0 
199 0 
200 0 
201 0 
202 0 
203 0 
204 0 
205 0 
206 0 
207 0 
208 0 
209 0 
210 0 
211 0 
212 0 
213 0 
214 0 
215 0 
216 0 
217 0 
218 0 
219 0 
220 0 
221 0 
222 0 
223 0 
224 0 
225 0 
226 0 
227 0 
228 0 
229 0 
230 0 
231 0 
232 0 
233 0 
234 0 
235 0 
236 0 
237 0 
238 0 
239 0 
240 0 
241 0 
242 0 
243 0 
244 0 
245 0 
246 0 
247 0 
248 0 
249 0 
250 0 
251 0 
252 0 
253 0 
254 0 
255 0 
256 0 
257 0 
258 0 
259 0 
260 0 
261 0 
262 0 
263 0 
264 0 
265 0 
266 0 
267 0 
268 0 
269 0 
270 0 
271 0 
272 0 
273 0 
274 0 
275 0 
276 0 
277 0 
278 0 
279 0 
280 0 
281 0 
282 0 
283 0 
284 0 
285 0 
286 0 
287 0 
288 0 
289 0 
290 0 
291 2 
292 10 
293 8 
294 16 
295 15 
296 19 
297 55 
298 81 
299 131 
300 255 
301 382 
302 513 
303 656 
304 708 
305 828 
306 960 
307 1154 
308 1658 
309 1920 
310 2326 
311 3016 
312 4120 
313 5636 
314 7429 
315 9543 
316 12145 
317 14985 
318 18727 
319 22349 
320 28364 
321 34953 
322 42628 
323 52150 
324 64650 
325 79589 
326 96369 
327 117832 
328 143408 
329 175746 
330 215532 
331 262707 
332 320421 
333 394518 
334 483172 
335 587160 
336 715259 
337 867186 
338 1.04485e+06 
339 1.26183e+06 
340 1.51745e+06 
341 1.819e+06 
342 2.17804e+06 
343 2.58968e+06 
344 3.07376e+06 
345 3.63577e+06 
346 4.30023e+06 
347 5.05732e+06 
348 5.92658e+06 
349 6.94002e+06 
350 8.08573e+06 
351 9.41712e+06 
352 1.09309e+07 
353 1.2673e+07 
354 1.46546e+07 
355 1.69102e+07 
356 1.9471e+07 
357 2.23934e+07 
358 2.56604e+07 
359 2.93358e+07 
360 3.3451e+07 
361 3.80326e+07 
362 4.3155e+07 
363 4.88562e+07 
364 5.51782e+07 
365 6.22157e+07 
366 6.99759e+07 
367 7.8471e+07 
368 8.78345e+07 
369 9.80616e+07 
370 1.09237e+08 
371 1.21326e+08 
372 1.34359e+08 
373 1.48458e+08 
374 1.63651e+08 
375 1.79928e+08 
376 1.97263e+08 
377 2.157e+08 
378 2.35244e+08 
379 2.55872e+08 
380 2.77504e+08 
381 3.00133e+08 
382 3.23612e+08 
383 3.47915e+08 
384 3.72863e+08 
385 3.98303e+08 
386 4.24005e+08 
387 4.49874e+08 
388 4.75669e+08 
389 5.01277e+08 
390 5.26276e+08 
391 5.50554e+08 
392 5.73679e+08 
393 5.95437e+08 
394 6.15494e+08 
395 6.33392e+08 
396 6.48846e+08 
397 6.615e+08 
398 6.71243e+08 
399 6.77585e+08 
400 6.80161e+08 
401 6.76556e+08 
402 6.69301e+08 
403 6.58813e+08 
404 6.45075e+08 
405 6.28559e+08 
406 6.09623e+08 
407 5.88848e+08 
408 5.66264e+08 
409 5.42393e+08 
410 5.17442e+08 
411 4.91806e+08 
412 4.65646e+08 
413 4.39383e+08 
414 4.13203e+08 
415 3.87119e+08 
416 3.6155e+08 
417 3.36586e+08 
418 3.12352e+08 
419 2.88983e+08 
420 2.66599e+08 
421 2.45293e+08 
422 2.24995e+08 
423 2.05784e+08 
424 1.87762e+08 
425 1.70887e+08 
426 1.55092e+08 
427 1.40343e+08 
428 1.26666e+08 
429 1.13998e+08 
430 1.0236e+08 
431 9.16762e+07 
432 8.19382e+07 
433 7.30143e+07 
434 6.49228e+07 
435 5.75762e+07 
436 5.09455e+07 
437 4.49954e+07 
438 3.96607e+07 
439 3.48857e+07 
440 3.06229e+07 
441 2.68034e+07 
442 2.343e+07 
443 2.04151e+07 
444 1.77608e+07 
445 1.54188e+07 
446 1.33452e+07 
447 1.15158e+07 
448 9.90888e+06 
449 8.51936e+06 
450 7.31693e+06 
451 6.26096e+06 
452 5.35051e+06 
453 4.56422e+06 
454 3.88127e+06 
455 3.30169e+06 
456 2.79748e+06 
457 2.36328e+06 
458 1.99946e+06 
459 1.68911e+06 
460 1.42845e+06 
461 1.20182e+06 
462 1.01459e+06 
463 852251 
464 715377 
465 595806 
466 498470 
467 414632 
468 342756 
469 284785 
470 236195 
471 195397 
472 159016 
473 129976 
474 106508 
475 85887 
476 70237 
477 56181 
478 44256 
479 35111 
480 27805 
481 21158 
482 16494 
483 12386 
484 9259 
485 6709 
486 4789 
487 3409 
488 2385 
489 1716 
490 1227 
491 803 
492 603 
493 487 
494 451 
495 346 
496 211 
497 103 
498 46 
499 33 
500 21 
501 20 
502 15 
503 8 
504 5 
505 1 
506 0 
507 0 
508 0 
509 0 
510 0 
511 0 
512 0 
513 0 
514 0 
515 0 
516 0 
517 0 
518 0 
519 0 
520 0 
521 0 
522 0 
523 0 
524 0 
525 0 
526 0 
527 0 
528 0 
529 0 
530 0 
531 0 
532 0 
533 0 
534 0 
535 0 
536 0 
537 0 
538 0 
539 0 
540 0 
541 0 
542 0 
543 0 
544 0 
545 0 
546 0 
547 0 
548 0 
549 0 
550 0 
551 0 
552 0 
553 0 
554 0 
555 0 
556 0 
557 0 
558 0 
559 0 
560 0 
561 0 
562 0 
563 0 
564 0 
565 0 
566 0 
567 0 
568 0 
569 0 
570 0 
571 0 
572 0 
573 0 
574 0 
575 0 
576 0 
577 0 
578 0 
579 0 
580 0 
581 0 
582 0 
583 0 
584 0 
585 0 
586 0 
587 0 
588 0 
589 0 
590 0 
591 0 
592 0 
593 0 
594 0 
595 0 
596 0 
597 0 
598 0 
599 0 
600 0 
601 0 
602 0 
603 0 
604 0 
605 0 
606 0 
607 0 
608 0 
609 0 
610 0 
611 0 
612 0 
613 0 
614 0 
615 0 
616 0 
617 0 
618 0 
619 0 
620 0 
621 0 
622 0 
623 0 
624 0 
625 0 
626 0 
627 0 
628 0 
629 0 
630 0 
631 0 
632 0 
633 0 
634 0 
635 0 
636 0 
637 0 
638 0 
639 0 
640 0 
641 0 
642 0 
643 0 
644 0 
645 0 
646 0 
647 0 
648 0 
649 0 
650 0 
651 0 
652 0 
653 0 
654 0 
655 0 
656 0 
657 0 
658 0 
659 0 
660 0 
661 0 
662 0 
663 0 
664 0 
665 0 
666 0 
667 0 
668 0 
669 0 
670 0 
671 0 
672 0 
673 0 
674 0 
675 0 
676 0 
677 0 
678 0 
679 0 
680 0 
681 0 
682 0 
683 0 
684 0 
685 0 
686 0 
687 0 
688 0 
689 0 
690 0 
691 0 
692 0 
693 0 
694 0 
695 0 
696 0 
697 0 
698 0 
699 0 
700 0 
701 0 
702 0 
703 0 
704 0 
705 0 
706 0 
707 0 
708 0 
709 0 
710 0 
711 0 
712 0 
713 0 
714 0 
715 0 
716 0 
717 0 
718 0 
719 0 
720 0 
721 0 
722 0 
723 0 
724 0 
725 0 
726 0 
727 0 
728 0 
729 0 
730 0 
731 0 
732 0 
733 0 
734 0 
735 0 
736 0 
737 0 
738 0 
739 0 
740 0 
741 0 
742 0 
743 0 
744 0 
745 0 
746 0 
747 0 
748 0 
749 0 
750 0 
751 0 
752 0 
753 0 
754 0 
755 0 
756 0 
757 0 
758 0 
759 0 
760 0 
761 0 
762 0 
763 0 
764 0 
765 0 
766 0 
767 0 
768 0 
769 0 
770 0 
771 0 
772 0 
773 0 
774 0 
775 0 
776 0 
777 0 
778 0 
779 0 
780 0 
781 0 
782 0 
783 0 
784 0 
785 0 
786 0 
787 0 
788 0 
789 0 
790 0 
791 0 
792 0 
793 0 
794 0 
795 0 
796 0 
797 0 
798 0 
799 0 
