0 0 
1 0 
2 0 
3 0 
4 0 
5 0 
6 0 
7 0 
8 0 
9 0 
10 0 
11 0 
12 0 
13 0 
14 0 
15 0 
16 0 
17 0 
18 0 
19 0 
20 0 
21 0 
22 0 
23 0 
24 0 
25 0 
26 0 
27 0 
28 0 
29 0 
30 0 
31 0 
32 0 
33 0 
34 0 
35 0 
36 0 
37 0 
38 0 
39 0 
40 0 
41 0 
42 0 
43 0 
44 0 
45 0 
46 0 
47 0 
48 0 
49 0 
50 0 
51 0 
52 0 
53 0 
54 0 
55 0 
56 0 
57 0 
58 0 
59 0 
60 0 
61 0 
62 0 
63 0 
64 0 
65 0 
66 0 
67 0 
68 0 
69 0 
70 0 
71 0 
72 0 
73 0 
74 0 
75 0 
76 0 
77 0 
78 0 
79 0 
80 0 
81 0 
82 0 
83 0 
84 0 
85 0 
86 0 
87 0 
88 0 
89 0 
90 0 
91 0 
92 0 
93 0 
94 0 
95 0 
96 0 
97 0 
98 0 
99 0 
100 0 
101 0 
102 0 
103 0 
104 0 
105 0 
106 0 
107 0 
108 0 
109 0 
110 0 
111 0 
112 0 
113 0 
114 0 
115 0 
116 0 
117 0 
118 0 
119 0 
120 0 
121 0 
122 0 
123 0 
124 0 
125 0 
126 0 
127 0 
128 0 
129 0 
130 0 
131 0 
132 0 
133 0 
134 0 
135 0 
136 0 
137 0 
138 0 
139 0 
140 0 
141 0 
142 0 
143 0 
144 0 
145 0 
146 0 
147 0 
148 0 
149 0 
150 0 
151 0 
152 0 
153 0 
154 0 
155 0 
156 0 
157 0 
158 0 
159 0 
160 0 
161 0 
162 0 
163 0 
164 0 
165 0 
166 0 
167 0 
168 0 
169 0 
170 0 
171 0 
172 0 
173 0 
174 0 
175 0 
176 0 
177 0 
178 0 
179 0 
180 0 
181 0 
182 0 
183 0 
184 0 
185 0 
186 0 
187 0 
188 0 
189 0 
190 0 
191 0 
192 0 
193 0 
194 0 
195 0 
196 0 
197 0 
198 0 
199 0 
200 0 
201 0 
202 0 
203 0 
204 0 
205 0 
206 0 
207 0 
208 0 
209 0 
210 0 
211 0 
212 0 
213 0 
214 0 
215 0 
216 0 
217 0 
218 0 
219 0 
220 0 
221 0 
222 0 
223 0 
224 0 
225 0 
226 0 
227 0 
228 0 
229 0 
230 0 
231 0 
232 0 
233 0 
234 0 
235 0 
236 0 
237 0 
238 0 
239 0 
240 0 
241 0 
242 0 
243 0 
244 0 
245 0 
246 0 
247 0 
248 0 
249 0 
250 0 
251 0 
252 0 
253 0 
254 30 
255 76 
256 268 
257 1167 
258 2961 
259 5989 
260 11293 
261 18268 
262 27256 
263 42172 
264 62923 
265 89288 
266 121147 
267 160873 
268 208411 
269 264001 
270 323945 
271 402383 
272 495085 
273 603974 
274 729884 
275 866585 
276 1.03366e+06 
277 1.25665e+06 
278 1.52684e+06 
279 1.83397e+06 
280 2.1892e+06 
281 2.5841e+06 
282 3.00143e+06 
283 3.43071e+06 
284 3.86562e+06 
285 4.27505e+06 
286 4.68238e+06 
287 5.06956e+06 
288 5.42793e+06 
289 5.69786e+06 
290 5.91875e+06 
291 6.05954e+06 
292 6.15421e+06 
293 6.21023e+06 
294 6.2416e+06 
295 6.22435e+06 
296 6.15663e+06 
297 6.05289e+06 
298 5.94646e+06 
299 5.83688e+06 
300 5.74117e+06 
301 5.63915e+06 
302 5.54233e+06 
303 5.46716e+06 
304 5.44066e+06 
305 5.46994e+06 
306 5.52185e+06 
307 5.63666e+06 
308 5.77873e+06 
309 5.97897e+06 
310 6.25027e+06 
311 6.62356e+06 
312 7.02817e+06 
313 7.50354e+06 
314 8.05204e+06 
315 8.68573e+06 
316 9.35426e+06 
317 1.00338e+07 
318 1.07506e+07 
319 1.14955e+07 
320 1.22877e+07 
321 1.31007e+07 
322 1.39397e+07 
323 1.48261e+07 
324 1.57472e+07 
325 1.66684e+07 
326 1.75966e+07 
327 1.85233e+07 
328 1.94693e+07 
329 2.04602e+07 
330 2.14102e+07 
331 2.24666e+07 
332 2.3571e+07 
333 2.4745e+07 
334 2.59734e+07 
335 2.72806e+07 
336 2.87474e+07 
337 3.01977e+07 
338 3.16158e+07 
339 3.29843e+07 
340 3.43759e+07 
341 3.5864e+07 
342 3.7415e+07 
343 3.903e+07 
344 4.07644e+07 
345 4.27096e+07 
346 4.48041e+07 
347 4.70021e+07 
348 4.92054e+07 
349 5.16219e+07 
350 5.40523e+07 
351 5.66064e+07 
352 5.92714e+07 
353 6.21231e+07 
354 6.50994e+07 
355 6.83625e+07 
356 7.1788e+07 
357 7.5419e+07 
358 7.92837e+07 
359 8.34334e+07 
360 8.78302e+07 
361 9.23603e+07 
362 9.69972e+07 
363 1.01721e+08 
364 1.06476e+08 
365 1.1122e+08 
366 1.15899e+08 
367 1.20546e+08 
368 1.25147e+08 
369 1.29825e+08 
370 1.34423e+08 
371 1.39209e+08 
372 1.43779e+08 
373 1.48347e+08 
374 1.52978e+08 
375 1.57272e+08 
376 1.61197e+08 
377 1.64978e+08 
378 1.68357e+08 
379 1.71415e+08 
380 1.74211e+08 
381 1.76766e+08 
382 1.79152e+08 
383 1.81469e+08 
384 1.83805e+08 
385 1.86457e+08 
386 1.89244e+08 
387 1.92271e+08 
388 1.95651e+08 
389 1.99117e+08 
390 2.03019e+08 
391 2.07397e+08 
392 2.12102e+08 
393 2.17041e+08 
394 2.22213e+08 
395 2.27912e+08 
396 2.33783e+08 
397 2.39356e+08 
398 2.44602e+08 
399 2.49388e+08 
400 2.53682e+08 
401 2.57168e+08 
402 2.6002e+08 
403 2.62421e+08 
404 2.64359e+08 
405 2.65929e+08 
406 2.67183e+08 
407 2.68198e+08 
408 2.6881e+08 
409 2.68729e+08 
410 2.68461e+08 
411 2.67597e+08 
412 2.66205e+08 
413 2.64368e+08 
414 2.62303e+08 
415 2.60105e+08 
416 2.57777e+08 
417 2.55327e+08 
418 2.52797e+08 
419 2.50211e+08 
420 2.47613e+08 
421 2.4496e+08 
422 2.42327e+08 
423 2.39546e+08 
424 2.368e+08 
425 2.34025e+08 
426 2.3141e+08 
427 2.28801e+08 
428 2.26419e+08 
429 2.24013e+08 
430 2.21535e+08 
431 2.19093e+08 
432 2.16743e+08 
433 2.14384e+08 
434 2.11975e+08 
435 2.09529e+08 
436 2.07471e+08 
437 2.05375e+08 
438 2.03282e+08 
439 2.01129e+08 
440 1.98975e+08 
441 1.96706e+08 
442 1.94509e+08 
443 1.92106e+08 
444 1.89216e+08 
445 1.86246e+08 
446 1.83251e+08 
447 1.79785e+08 
448 1.76304e+08 
449 1.72754e+08 
450 1.69066e+08 
451 1.65373e+08 
452 1.61715e+08 
453 1.58256e+08 
454 1.54969e+08 
455 1.51582e+08 
456 1.48182e+08 
457 1.44892e+08 
458 1.41532e+08 
459 1.38064e+08 
460 1.34725e+08 
461 1.31282e+08 
462 1.27856e+08 
463 1.24354e+08 
464 1.20736e+08 
465 1.17066e+08 
466 1.13448e+08 
467 1.09633e+08 
468 1.05912e+08 
469 1.02219e+08 
470 9.84984e+07 
471 9.4723e+07 
472 9.08988e+07 
473 8.69872e+07 
474 8.30767e+07 
475 7.92079e+07 
476 7.54292e+07 
477 7.18184e+07 
478 6.8252e+07 
479 6.47008e+07 
480 6.11849e+07 
481 5.78942e+07 
482 5.48901e+07 
483 5.21688e+07 
484 4.96475e+07 
485 4.75055e+07 
486 4.56426e+07 
487 4.39515e+07 
488 4.25376e+07 
489 4.13987e+07 
490 4.04097e+07 
491 3.9498e+07 
492 3.86136e+07 
493 3.7663e+07 
494 3.67427e+07 
495 3.59033e+07 
496 3.51356e+07 
497 3.44902e+07 
498 3.39305e+07 
499 3.35317e+07 
500 3.32171e+07 
501 3.29691e+07 
502 3.28511e+07 
503 3.27945e+07 
504 3.28833e+07 
505 3.30781e+07 
506 3.33536e+07 
507 3.37236e+07 
508 3.40459e+07 
509 3.41912e+07 
510 3.42225e+07 
511 3.40997e+07 
512 3.37047e+07 
513 3.31222e+07 
514 3.23262e+07 
515 3.1311e+07 
516 3.02823e+07 
517 2.9185e+07 
518 2.80129e+07 
519 2.67821e+07 
520 2.55809e+07 
521 2.43572e+07 
522 2.30747e+07 
523 2.18129e+07 
524 2.06447e+07 
525 1.95803e+07 
526 1.86027e+07 
527 1.76386e+07 
528 1.6723e+07 
529 1.58416e+07 
530 1.49864e+07 
531 1.41713e+07 
532 1.34042e+07 
533 1.26041e+07 
534 1.18886e+07 
535 1.1203e+07 
536 1.05317e+07 
537 9.92732e+06 
538 9.37302e+06 
539 8.84203e+06 
540 8.33539e+06 
541 7.85054e+06 
542 7.39485e+06 
543 6.92194e+06 
544 6.42744e+06 
545 5.9365e+06 
546 5.47104e+06 
547 5.01296e+06 
548 4.62146e+06 
549 4.29298e+06 
550 4.0115e+06 
551 3.77281e+06 
552 3.57587e+06 
553 3.41496e+06 
554 3.27433e+06 
555 3.14771e+06 
556 3.00995e+06 
557 2.87666e+06 
558 2.74815e+06 
559 2.64278e+06 
560 2.56152e+06 
561 2.51888e+06 
562 2.4814e+06 
563 2.44649e+06 
564 2.41506e+06 
565 2.35311e+06 
566 2.25319e+06 
567 2.11888e+06 
568 1.97107e+06 
569 1.8032e+06 
570 1.63341e+06 
571 1.45757e+06 
572 1.30508e+06 
573 1.15882e+06 
574 1.03476e+06 
575 929176 
576 820779 
577 713642 
578 620659 
579 535145 
580 471043 
581 406941 
582 339619 
583 272573 
584 214311 
585 159438 
586 116096 
587 81994 
588 53972 
589 31764 
590 15488 
591 6715 
592 2938 
593 936 
594 352 
595 67 
596 16 
597 0 
598 0 
599 0 
600 0 
601 0 
602 0 
603 0 
604 0 
605 0 
606 0 
607 0 
608 0 
609 0 
610 0 
611 0 
612 0 
613 0 
614 0 
615 0 
616 0 
617 0 
618 0 
619 0 
620 0 
621 0 
622 0 
623 0 
624 0 
625 0 
626 0 
627 0 
628 0 
629 0 
630 0 
631 0 
632 0 
633 0 
634 0 
635 0 
636 0 
637 0 
638 0 
639 0 
640 0 
641 0 
642 0 
643 0 
644 0 
645 0 
646 0 
647 0 
648 0 
649 0 
650 0 
651 0 
652 0 
653 0 
654 0 
655 0 
656 0 
657 0 
658 0 
659 0 
660 0 
661 0 
662 0 
663 0 
664 0 
665 0 
666 0 
667 0 
668 0 
669 0 
670 0 
671 0 
672 0 
673 0 
674 0 
675 0 
676 0 
677 0 
678 0 
679 0 
680 0 
681 0 
682 0 
683 0 
684 0 
685 0 
686 0 
687 0 
688 0 
689 0 
690 0 
691 0 
692 0 
693 0 
694 0 
695 0 
696 0 
697 0 
698 0 
699 0 
700 0 
701 0 
702 0 
703 0 
704 0 
705 0 
706 0 
707 0 
708 0 
709 0 
710 0 
711 0 
712 0 
713 0 
714 0 
715 0 
716 0 
717 0 
718 0 
719 0 
720 0 
721 0 
722 0 
723 0 
724 0 
725 0 
726 0 
727 0 
728 0 
729 0 
730 0 
731 0 
732 0 
733 0 
734 0 
735 0 
736 0 
737 0 
738 0 
739 0 
740 0 
741 0 
742 0 
743 0 
744 0 
745 0 
746 0 
747 0 
748 0 
749 0 
750 0 
751 0 
752 0 
753 0 
754 0 
755 0 
756 0 
757 0 
758 0 
759 0 
760 0 
761 0 
762 0 
763 0 
764 0 
765 0 
766 0 
767 0 
768 0 
769 0 
770 0 
771 0 
772 0 
773 0 
774 0 
775 0 
776 0 
777 0 
778 0 
779 0 
780 0 
781 0 
782 0 
783 0 
784 0 
785 0 
786 0 
787 0 
788 0 
789 0 
790 0 
791 0 
792 0 
793 0 
794 0 
795 0 
796 0 
797 0 
798 0 
799 0 
