0 0 
1 0 
2 0 
3 0 
4 0 
5 0 
6 0 
7 0 
8 0 
9 0 
10 0 
11 0 
12 0 
13 0 
14 0 
15 0 
16 0 
17 0 
18 0 
19 0 
20 0 
21 0 
22 0 
23 0 
24 0 
25 0 
26 0 
27 0 
28 0 
29 0 
30 0 
31 0 
32 0 
33 0 
34 0 
35 0 
36 0 
37 0 
38 0 
39 0 
40 0 
41 0 
42 0 
43 0 
44 0 
45 0 
46 0 
47 0 
48 0 
49 0 
50 0 
51 0 
52 0 
53 0 
54 0 
55 0 
56 0 
57 0 
58 0 
59 0 
60 0 
61 0 
62 0 
63 0 
64 0 
65 0 
66 0 
67 0 
68 0 
69 0 
70 0 
71 0 
72 0 
73 0 
74 0 
75 0 
76 0 
77 0 
78 0 
79 0 
80 0 
81 0 
82 0 
83 0 
84 0 
85 0 
86 0 
87 0 
88 0 
89 0 
90 0 
91 0 
92 0 
93 0 
94 0 
95 0 
96 0 
97 0 
98 0 
99 0 
100 0 
101 0 
102 0 
103 0 
104 0 
105 0 
106 0 
107 0 
108 0 
109 0 
110 0 
111 0 
112 0 
113 0 
114 0 
115 0 
116 0 
117 0 
118 0 
119 0 
120 0 
121 0 
122 0 
123 0 
124 0 
125 0 
126 0 
127 0 
128 0 
129 0 
130 0 
131 0 
132 0 
133 0 
134 0 
135 0 
136 0 
137 0 
138 0 
139 0 
140 0 
141 0 
142 0 
143 0 
144 0 
145 0 
146 0 
147 0 
148 0 
149 0 
150 0 
151 0 
152 0 
153 0 
154 0 
155 0 
156 0 
157 0 
158 0 
159 0 
160 0 
161 0 
162 0 
163 0 
164 0 
165 0 
166 0 
167 0 
168 0 
169 0 
170 0 
171 0 
172 0 
173 0 
174 0 
175 0 
176 0 
177 0 
178 0 
179 0 
180 0 
181 0 
182 0 
183 0 
184 0 
185 0 
186 0 
187 0 
188 0 
189 0 
190 0 
191 0 
192 0 
193 0 
194 0 
195 0 
196 0 
197 0 
198 0 
199 0 
200 0 
201 0 
202 0 
203 0 
204 0 
205 0 
206 0 
207 0 
208 0 
209 0 
210 0 
211 0 
212 0 
213 0 
214 0 
215 0 
216 0 
217 0 
218 0 
219 0 
220 0 
221 0 
222 0 
223 0 
224 0 
225 0 
226 0 
227 0 
228 0 
229 0 
230 3 
231 5 
232 6 
233 37 
234 107 
235 254 
236 386 
237 528 
238 706 
239 948 
240 1331 
241 1671 
242 1914 
243 2248 
244 2783 
245 3323 
246 3939 
247 4813 
248 5621 
249 6613 
250 8073 
251 9561 
252 10501 
253 12030 
254 13946 
255 16315 
256 18637 
257 21869 
258 25004 
259 28156 
260 31945 
261 36478 
262 41759 
263 47884 
264 53972 
265 60718 
266 68703 
267 78043 
268 88715 
269 99611 
270 111394 
271 123094 
272 136301 
273 151161 
274 169245 
275 189901 
276 212085 
277 236156 
278 261562 
279 290463 
280 319491 
281 352302 
282 386446 
283 425411 
284 467532 
285 514566 
286 570178 
287 629838 
288 690712 
289 764426 
290 846129 
291 934068 
292 1.02434e+06 
293 1.12531e+06 
294 1.23426e+06 
295 1.35043e+06 
296 1.47786e+06 
297 1.61904e+06 
298 1.76779e+06 
299 1.93071e+06 
300 2.1107e+06 
301 2.30685e+06 
302 2.51939e+06 
303 2.7393e+06 
304 2.98132e+06 
305 3.24726e+06 
306 3.52846e+06 
307 3.83112e+06 
308 4.1597e+06 
309 4.49431e+06 
310 4.85856e+06 
311 5.25406e+06 
312 5.66674e+06 
313 6.10326e+06 
314 6.57886e+06 
315 7.09898e+06 
316 7.66537e+06 
317 8.27538e+06 
318 8.94014e+06 
319 9.64678e+06 
320 1.03972e+07 
321 1.12037e+07 
322 1.20584e+07 
323 1.29806e+07 
324 1.39446e+07 
325 1.49803e+07 
326 1.60931e+07 
327 1.72858e+07 
328 1.85388e+07 
329 1.99072e+07 
330 2.13436e+07 
331 2.28874e+07 
332 2.45317e+07 
333 2.62748e+07 
334 2.81216e+07 
335 3.00719e+07 
336 3.21326e+07 
337 3.43317e+07 
338 3.66587e+07 
339 3.91258e+07 
340 4.17111e+07 
341 4.4472e+07 
342 4.73541e+07 
343 5.03758e+07 
344 5.35684e+07 
345 5.69045e+07 
346 6.04259e+07 
347 6.41792e+07 
348 6.80769e+07 
349 7.22155e+07 
350 7.65474e+07 
351 8.10896e+07 
352 8.58372e+07 
353 9.07641e+07 
354 9.59106e+07 
355 1.01245e+08 
356 1.06764e+08 
357 1.12491e+08 
358 1.18368e+08 
359 1.24486e+08 
360 1.30769e+08 
361 1.37284e+08 
362 1.44059e+08 
363 1.51037e+08 
364 1.58242e+08 
365 1.6573e+08 
366 1.73354e+08 
367 1.8114e+08 
368 1.89069e+08 
369 1.97108e+08 
370 2.05298e+08 
371 2.13571e+08 
372 2.21975e+08 
373 2.30409e+08 
374 2.38831e+08 
375 2.47382e+08 
376 2.55959e+08 
377 2.64481e+08 
378 2.72845e+08 
379 2.81246e+08 
380 2.89537e+08 
381 2.97658e+08 
382 3.05679e+08 
383 3.1354e+08 
384 3.21143e+08 
385 3.28491e+08 
386 3.3555e+08 
387 3.42247e+08 
388 3.48681e+08 
389 3.54596e+08 
390 3.60236e+08 
391 3.6541e+08 
392 3.70092e+08 
393 3.74302e+08 
394 3.78071e+08 
395 3.81156e+08 
396 3.83648e+08 
397 3.85565e+08 
398 3.8681e+08 
399 3.87396e+08 
400 3.87321e+08 
401 3.8608e+08 
402 3.84239e+08 
403 3.81702e+08 
404 3.78493e+08 
405 3.74732e+08 
406 3.70435e+08 
407 3.65566e+08 
408 3.6021e+08 
409 3.54309e+08 
410 3.48068e+08 
411 3.41395e+08 
412 3.34416e+08 
413 3.27114e+08 
414 3.19519e+08 
415 3.11726e+08 
416 3.03617e+08 
417 2.9539e+08 
418 2.87057e+08 
419 2.78593e+08 
420 2.69969e+08 
421 2.61362e+08 
422 2.52678e+08 
423 2.43923e+08 
424 2.35207e+08 
425 2.26497e+08 
426 2.17903e+08 
427 2.09433e+08 
428 2.00943e+08 
429 1.92629e+08 
430 1.84407e+08 
431 1.76333e+08 
432 1.68465e+08 
433 1.60766e+08 
434 1.53185e+08 
435 1.45785e+08 
436 1.3864e+08 
437 1.31654e+08 
438 1.24912e+08 
439 1.18319e+08 
440 1.11999e+08 
441 1.05883e+08 
442 1.00006e+08 
443 9.43041e+07 
444 8.88832e+07 
445 8.36847e+07 
446 7.86978e+07 
447 7.39769e+07 
448 6.94403e+07 
449 6.51434e+07 
450 6.10843e+07 
451 5.71974e+07 
452 5.35202e+07 
453 5.00394e+07 
454 4.67338e+07 
455 4.36061e+07 
456 4.06373e+07 
457 3.78471e+07 
458 3.5236e+07 
459 3.27521e+07 
460 3.04102e+07 
461 2.82095e+07 
462 2.61592e+07 
463 2.42276e+07 
464 2.23995e+07 
465 2.07062e+07 
466 1.91086e+07 
467 1.7634e+07 
468 1.6269e+07 
469 1.49793e+07 
470 1.38108e+07 
471 1.27236e+07 
472 1.16977e+07 
473 1.07428e+07 
474 9.87015e+06 
475 9.05769e+06 
476 8.30423e+06 
477 7.59249e+06 
478 6.94933e+06 
479 6.34158e+06 
480 5.79378e+06 
481 5.29088e+06 
482 4.82573e+06 
483 4.39626e+06 
484 4.01321e+06 
485 3.66073e+06 
486 3.32814e+06 
487 3.02405e+06 
488 2.74589e+06 
489 2.49434e+06 
490 2.25905e+06 
491 2.05124e+06 
492 1.85088e+06 
493 1.67301e+06 
494 1.50554e+06 
495 1.35433e+06 
496 1.21469e+06 
497 1.08695e+06 
498 972842 
499 866627 
500 773296 
501 688936 
502 611658 
503 543005 
504 479493 
505 426654 
506 375461 
507 327525 
508 288287 
509 250738 
510 219246 
511 192149 
512 166871 
513 148023 
514 128235 
515 109792 
516 95296 
517 82001 
518 70024 
519 59183 
520 51003 
521 43133 
522 36031 
523 30760 
524 26940 
525 23091 
526 19506 
527 16234 
528 13411 
529 11008 
530 9282 
531 7719 
532 6225 
533 5085 
534 4037 
535 3392 
536 2727 
537 2072 
538 1624 
539 1031 
540 736 
541 529 
542 359 
543 281 
544 186 
545 122 
546 127 
547 111 
548 40 
549 32 
550 21 
551 6 
552 5 
553 4 
554 0 
555 5 
556 1 
557 0 
558 0 
559 0 
560 0 
561 0 
562 0 
563 0 
564 0 
565 0 
566 0 
567 0 
568 0 
569 0 
570 0 
571 0 
572 0 
573 0 
574 0 
575 0 
576 0 
577 0 
578 0 
579 0 
580 0 
581 0 
582 0 
583 0 
584 0 
585 0 
586 0 
587 0 
588 0 
589 0 
590 0 
591 0 
592 0 
593 0 
594 0 
595 0 
596 0 
597 0 
598 0 
599 0 
600 0 
601 0 
602 0 
603 0 
604 0 
605 0 
606 0 
607 0 
608 0 
609 0 
610 0 
611 0 
612 0 
613 0 
614 0 
615 0 
616 0 
617 0 
618 0 
619 0 
620 0 
621 0 
622 0 
623 0 
624 0 
625 0 
626 0 
627 0 
628 0 
629 0 
630 0 
631 0 
632 0 
633 0 
634 0 
635 0 
636 0 
637 0 
638 0 
639 0 
640 0 
641 0 
642 0 
643 0 
644 0 
645 0 
646 0 
647 0 
648 0 
649 0 
650 0 
651 0 
652 0 
653 0 
654 0 
655 0 
656 0 
657 0 
658 0 
659 0 
660 0 
661 0 
662 0 
663 0 
664 0 
665 0 
666 0 
667 0 
668 0 
669 0 
670 0 
671 0 
672 0 
673 0 
674 0 
675 0 
676 0 
677 0 
678 0 
679 0 
680 0 
681 0 
682 0 
683 0 
684 0 
685 0 
686 0 
687 0 
688 0 
689 0 
690 0 
691 0 
692 0 
693 0 
694 0 
695 0 
696 0 
697 0 
698 0 
699 0 
700 0 
701 0 
702 0 
703 0 
704 0 
705 0 
706 0 
707 0 
708 0 
709 0 
710 0 
711 0 
712 0 
713 0 
714 0 
715 0 
716 0 
717 0 
718 0 
719 0 
720 0 
721 0 
722 0 
723 0 
724 0 
725 0 
726 0 
727 0 
728 0 
729 0 
730 0 
731 0 
732 0 
733 0 
734 0 
735 0 
736 0 
737 0 
738 0 
739 0 
740 0 
741 0 
742 0 
743 0 
744 0 
745 0 
746 0 
747 0 
748 0 
749 0 
750 0 
751 0 
752 0 
753 0 
754 0 
755 0 
756 0 
757 0 
758 0 
759 0 
760 0 
761 0 
762 0 
763 0 
764 0 
765 0 
766 0 
767 0 
768 0 
769 0 
770 0 
771 0 
772 0 
773 0 
774 0 
775 0 
776 0 
777 0 
778 0 
779 0 
780 0 
781 0 
782 0 
783 0 
784 0 
785 0 
786 0 
787 0 
788 0 
789 0 
790 0 
791 0 
792 0 
793 0 
794 0 
795 0 
796 0 
797 0 
798 0 
799 0 
