0 0 
1 0 
2 0 
3 0 
4 0 
5 0 
6 0 
7 0 
8 0 
9 0 
10 0 
11 0 
12 0 
13 0 
14 0 
15 0 
16 0 
17 0 
18 0 
19 0 
20 0 
21 0 
22 0 
23 0 
24 0 
25 0 
26 0 
27 0 
28 0 
29 0 
30 0 
31 0 
32 0 
33 0 
34 0 
35 0 
36 0 
37 0 
38 0 
39 0 
40 0 
41 0 
42 0 
43 0 
44 0 
45 0 
46 0 
47 0 
48 0 
49 0 
50 0 
51 0 
52 0 
53 0 
54 0 
55 0 
56 0 
57 0 
58 0 
59 0 
60 0 
61 0 
62 0 
63 0 
64 0 
65 0 
66 0 
67 0 
68 0 
69 0 
70 0 
71 0 
72 0 
73 0 
74 0 
75 0 
76 0 
77 0 
78 0 
79 0 
80 0 
81 0 
82 0 
83 0 
84 0 
85 0 
86 0 
87 0 
88 0 
89 0 
90 0 
91 0 
92 0 
93 0 
94 0 
95 0 
96 0 
97 0 
98 0 
99 0 
100 0 
101 0 
102 0 
103 0 
104 0 
105 0 
106 0 
107 0 
108 0 
109 0 
110 0 
111 0 
112 0 
113 0 
114 0 
115 0 
116 0 
117 0 
118 0 
119 0 
120 0 
121 0 
122 0 
123 0 
124 0 
125 0 
126 0 
127 0 
128 0 
129 0 
130 0 
131 0 
132 0 
133 0 
134 0 
135 0 
136 0 
137 0 
138 0 
139 0 
140 0 
141 0 
142 0 
143 0 
144 0 
145 0 
146 0 
147 0 
148 0 
149 0 
150 0 
151 0 
152 0 
153 0 
154 0 
155 0 
156 0 
157 0 
158 0 
159 0 
160 0 
161 0 
162 0 
163 0 
164 0 
165 0 
166 0 
167 0 
168 0 
169 0 
170 0 
171 0 
172 0 
173 0 
174 0 
175 0 
176 0 
177 0 
178 0 
179 0 
180 0 
181 0 
182 0 
183 0 
184 0 
185 0 
186 0 
187 0 
188 0 
189 0 
190 0 
191 0 
192 0 
193 0 
194 0 
195 0 
196 0 
197 0 
198 0 
199 0 
200 0 
201 0 
202 0 
203 0 
204 0 
205 0 
206 0 
207 0 
208 0 
209 0 
210 0 
211 0 
212 0 
213 0 
214 0 
215 0 
216 0 
217 0 
218 0 
219 0 
220 0 
221 0 
222 0 
223 0 
224 0 
225 0 
226 0 
227 0 
228 0 
229 0 
230 0 
231 0 
232 0 
233 0 
234 0 
235 0 
236 0 
237 0 
238 0 
239 0 
240 0 
241 0 
242 0 
243 0 
244 0 
245 0 
246 0 
247 0 
248 0 
249 0 
250 0 
251 0 
252 0 
253 0 
254 0 
255 0 
256 0 
257 0 
258 0 
259 0 
260 0 
261 0 
262 0 
263 0 
264 0 
265 0 
266 0 
267 0 
268 0 
269 0 
270 0 
271 0 
272 0 
273 0 
274 0 
275 0 
276 0 
277 0 
278 0 
279 0 
280 0 
281 0 
282 0 
283 0 
284 0 
285 0 
286 0 
287 0 
288 0 
289 0 
290 0 
291 0 
292 0 
293 0 
294 0 
295 0 
296 0 
297 0 
298 0 
299 0 
300 0 
301 0 
302 0 
303 0 
304 0 
305 0 
306 0 
307 0 
308 0 
309 0 
310 0 
311 5 
312 2 
313 11 
314 26 
315 58 
316 71 
317 170 
318 263 
319 352 
320 429 
321 593 
322 722 
323 1023 
324 1326 
325 1731 
326 2291 
327 3361 
328 4804 
329 6816 
330 9600 
331 13151 
332 18148 
333 25789 
334 36142 
335 49966 
336 66158 
337 87600 
338 114476 
339 147887 
340 188479 
341 239607 
342 301803 
343 376225 
344 471914 
345 584054 
346 729954 
347 905278 
348 1.12445e+06 
349 1.39264e+06 
350 1.72238e+06 
351 2.12229e+06 
352 2.60435e+06 
353 3.1854e+06 
354 3.88141e+06 
355 4.71116e+06 
356 5.71116e+06 
357 6.89412e+06 
358 8.30775e+06 
359 9.99005e+06 
360 1.19735e+07 
361 1.43043e+07 
362 1.70323e+07 
363 2.0229e+07 
364 2.39498e+07 
365 2.82699e+07 
366 3.32774e+07 
367 3.90143e+07 
368 4.55896e+07 
369 5.31059e+07 
370 6.16945e+07 
371 7.14015e+07 
372 8.23814e+07 
373 9.47206e+07 
374 1.08595e+08 
375 1.23995e+08 
376 1.41091e+08 
377 1.59991e+08 
378 1.80737e+08 
379 2.035e+08 
380 2.28143e+08 
381 2.54769e+08 
382 2.83331e+08 
383 3.13877e+08 
384 3.46137e+08 
385 3.8015e+08 
386 4.15504e+08 
387 4.52122e+08 
388 4.8982e+08 
389 5.2805e+08 
390 5.66507e+08 
391 6.0458e+08 
392 6.41602e+08 
393 6.77278e+08 
394 7.10852e+08 
395 7.41642e+08 
396 7.68893e+08 
397 7.9171e+08 
398 8.09448e+08 
399 8.21473e+08 
400 8.27286e+08 
401 8.2125e+08 
402 8.09015e+08 
403 7.91108e+08 
404 7.68121e+08 
405 7.40878e+08 
406 7.10066e+08 
407 6.7625e+08 
408 6.40487e+08 
409 6.03327e+08 
410 5.65158e+08 
411 5.26754e+08 
412 4.88554e+08 
413 4.50876e+08 
414 4.14232e+08 
415 3.78744e+08 
416 3.44759e+08 
417 3.1238e+08 
418 2.81942e+08 
419 2.53506e+08 
420 2.27067e+08 
421 2.02553e+08 
422 1.79981e+08 
423 1.59475e+08 
424 1.40759e+08 
425 1.23745e+08 
426 1.0846e+08 
427 9.46818e+07 
428 8.24206e+07 
429 7.15014e+07 
430 6.18136e+07 
431 5.32668e+07 
432 4.57457e+07 
433 3.9186e+07 
434 3.34789e+07 
435 2.84982e+07 
436 2.42275e+07 
437 2.04949e+07 
438 1.73039e+07 
439 1.45537e+07 
440 1.22057e+07 
441 1.01968e+07 
442 8.48605e+06 
443 7.03831e+06 
444 5.81466e+06 
445 4.78709e+06 
446 3.93375e+06 
447 3.21938e+06 
448 2.63138e+06 
449 2.14726e+06 
450 1.74868e+06 
451 1.42444e+06 
452 1.1572e+06 
453 933096 
454 748581 
455 600868 
456 480112 
457 384272 
458 303703 
459 239441 
460 188871 
461 148529 
462 115401 
463 88568 
464 66989 
465 51674 
466 40098 
467 30866 
468 23609 
469 18428 
470 14216 
471 11117 
472 8218 
473 5921 
474 4437 
475 3400 
476 2504 
477 2210 
478 2077 
479 1578 
480 1321 
481 995 
482 750 
483 666 
484 571 
485 481 
486 363 
487 237 
488 150 
489 80 
490 42 
491 34 
492 16 
493 6 
494 6 
495 0 
496 0 
497 0 
498 0 
499 0 
500 0 
501 0 
502 0 
503 0 
504 0 
505 0 
506 0 
507 0 
508 0 
509 0 
510 0 
511 0 
512 0 
513 0 
514 0 
515 0 
516 0 
517 0 
518 0 
519 0 
520 0 
521 0 
522 0 
523 0 
524 0 
525 0 
526 0 
527 0 
528 0 
529 0 
530 0 
531 0 
532 0 
533 0 
534 0 
535 0 
536 0 
537 0 
538 0 
539 0 
540 0 
541 0 
542 0 
543 0 
544 0 
545 0 
546 0 
547 0 
548 0 
549 0 
550 0 
551 0 
552 0 
553 0 
554 0 
555 0 
556 0 
557 0 
558 0 
559 0 
560 0 
561 0 
562 0 
563 0 
564 0 
565 0 
566 0 
567 0 
568 0 
569 0 
570 0 
571 0 
572 0 
573 0 
574 0 
575 0 
576 0 
577 0 
578 0 
579 0 
580 0 
581 0 
582 0 
583 0 
584 0 
585 0 
586 0 
587 0 
588 0 
589 0 
590 0 
591 0 
592 0 
593 0 
594 0 
595 0 
596 0 
597 0 
598 0 
599 0 
600 0 
601 0 
602 0 
603 0 
604 0 
605 0 
606 0 
607 0 
608 0 
609 0 
610 0 
611 0 
612 0 
613 0 
614 0 
615 0 
616 0 
617 0 
618 0 
619 0 
620 0 
621 0 
622 0 
623 0 
624 0 
625 0 
626 0 
627 0 
628 0 
629 0 
630 0 
631 0 
632 0 
633 0 
634 0 
635 0 
636 0 
637 0 
638 0 
639 0 
640 0 
641 0 
642 0 
643 0 
644 0 
645 0 
646 0 
647 0 
648 0 
649 0 
650 0 
651 0 
652 0 
653 0 
654 0 
655 0 
656 0 
657 0 
658 0 
659 0 
660 0 
661 0 
662 0 
663 0 
664 0 
665 0 
666 0 
667 0 
668 0 
669 0 
670 0 
671 0 
672 0 
673 0 
674 0 
675 0 
676 0 
677 0 
678 0 
679 0 
680 0 
681 0 
682 0 
683 0 
684 0 
685 0 
686 0 
687 0 
688 0 
689 0 
690 0 
691 0 
692 0 
693 0 
694 0 
695 0 
696 0 
697 0 
698 0 
699 0 
700 0 
701 0 
702 0 
703 0 
704 0 
705 0 
706 0 
707 0 
708 0 
709 0 
710 0 
711 0 
712 0 
713 0 
714 0 
715 0 
716 0 
717 0 
718 0 
719 0 
720 0 
721 0 
722 0 
723 0 
724 0 
725 0 
726 0 
727 0 
728 0 
729 0 
730 0 
731 0 
732 0 
733 0 
734 0 
735 0 
736 0 
737 0 
738 0 
739 0 
740 0 
741 0 
742 0 
743 0 
744 0 
745 0 
746 0 
747 0 
748 0 
749 0 
750 0 
751 0 
752 0 
753 0 
754 0 
755 0 
756 0 
757 0 
758 0 
759 0 
760 0 
761 0 
762 0 
763 0 
764 0 
765 0 
766 0 
767 0 
768 0 
769 0 
770 0 
771 0 
772 0 
773 0 
774 0 
775 0 
776 0 
777 0 
778 0 
779 0 
780 0 
781 0 
782 0 
783 0 
784 0 
785 0 
786 0 
787 0 
788 0 
789 0 
790 0 
791 0 
792 0 
793 0 
794 0 
795 0 
796 0 
797 0 
798 0 
799 0 
