0 0 
1 0 
2 0 
3 0 
4 0 
5 0 
6 0 
7 0 
8 0 
9 0 
10 0 
11 0 
12 0 
13 0 
14 0 
15 0 
16 0 
17 0 
18 0 
19 0 
20 0 
21 0 
22 0 
23 0 
24 0 
25 0 
26 0 
27 0 
28 0 
29 0 
30 0 
31 0 
32 0 
33 0 
34 0 
35 0 
36 0 
37 0 
38 0 
39 0 
40 0 
41 0 
42 0 
43 0 
44 0 
45 0 
46 0 
47 0 
48 0 
49 0 
50 0 
51 0 
52 0 
53 0 
54 0 
55 0 
56 0 
57 0 
58 0 
59 0 
60 0 
61 0 
62 0 
63 0 
64 0 
65 0 
66 0 
67 0 
68 0 
69 0 
70 0 
71 0 
72 0 
73 0 
74 0 
75 0 
76 0 
77 0 
78 0 
79 0 
80 0 
81 0 
82 0 
83 0 
84 0 
85 0 
86 0 
87 0 
88 0 
89 0 
90 0 
91 0 
92 0 
93 0 
94 0 
95 0 
96 0 
97 0 
98 0 
99 0 
100 0 
101 0 
102 0 
103 0 
104 0 
105 0 
106 0 
107 0 
108 0 
109 0 
110 0 
111 0 
112 0 
113 0 
114 0 
115 0 
116 0 
117 0 
118 0 
119 0 
120 0 
121 0 
122 0 
123 0 
124 0 
125 0 
126 0 
127 0 
128 0 
129 0 
130 0 
131 0 
132 0 
133 0 
134 0 
135 0 
136 0 
137 0 
138 0 
139 0 
140 0 
141 0 
142 0 
143 0 
144 0 
145 0 
146 0 
147 0 
148 0 
149 0 
150 0 
151 0 
152 0 
153 0 
154 0 
155 0 
156 0 
157 0 
158 0 
159 0 
160 0 
161 0 
162 0 
163 0 
164 0 
165 0 
166 0 
167 0 
168 0 
169 0 
170 0 
171 0 
172 0 
173 0 
174 0 
175 0 
176 0 
177 0 
178 0 
179 0 
180 0 
181 0 
182 0 
183 0 
184 0 
185 0 
186 0 
187 0 
188 0 
189 0 
190 0 
191 0 
192 0 
193 0 
194 0 
195 0 
196 0 
197 0 
198 0 
199 0 
200 0 
201 0 
202 0 
203 0 
204 0 
205 0 
206 0 
207 0 
208 0 
209 0 
210 0 
211 0 
212 0 
213 0 
214 0 
215 0 
216 0 
217 0 
218 0 
219 0 
220 0 
221 0 
222 0 
223 0 
224 0 
225 0 
226 0 
227 0 
228 0 
229 0 
230 0 
231 0 
232 0 
233 0 
234 0 
235 0 
236 0 
237 0 
238 0 
239 0 
240 0 
241 0 
242 0 
243 0 
244 0 
245 0 
246 0 
247 0 
248 0 
249 0 
250 0 
251 0 
252 0 
253 0 
254 0 
255 0 
256 0 
257 0 
258 9 
259 64 
260 127 
261 336 
262 520 
263 1089 
264 1780 
265 2822 
266 4204 
267 6084 
268 9775 
269 13920 
270 19620 
271 26102 
272 35001 
273 44299 
274 54312 
275 63560 
276 75321 
277 89490 
278 106843 
279 126210 
280 148543 
281 175188 
282 205853 
283 240830 
284 280120 
285 322894 
286 369809 
287 418463 
288 473387 
289 531553 
290 593979 
291 658239 
292 728628 
293 799961 
294 873916 
295 948659 
296 1.02364e+06 
297 1.0948e+06 
298 1.17079e+06 
299 1.25042e+06 
300 1.33171e+06 
301 1.41994e+06 
302 1.5207e+06 
303 1.62536e+06 
304 1.72587e+06 
305 1.83821e+06 
306 1.94876e+06 
307 2.06086e+06 
308 2.16692e+06 
309 2.27663e+06 
310 2.38926e+06 
311 2.50951e+06 
312 2.63845e+06 
313 2.77324e+06 
314 2.90821e+06 
315 3.04491e+06 
316 3.18722e+06 
317 3.33135e+06 
318 3.47857e+06 
319 3.64975e+06 
320 3.8305e+06 
321 4.03144e+06 
322 4.26355e+06 
323 4.53236e+06 
324 4.84648e+06 
325 5.18169e+06 
326 5.54197e+06 
327 5.93389e+06 
328 6.36688e+06 
329 6.83478e+06 
330 7.33591e+06 
331 7.87776e+06 
332 8.44576e+06 
333 9.07135e+06 
334 9.80511e+06 
335 1.06067e+07 
336 1.15125e+07 
337 1.25177e+07 
338 1.36592e+07 
339 1.49258e+07 
340 1.63014e+07 
341 1.78124e+07 
342 1.94606e+07 
343 2.12801e+07 
344 2.32414e+07 
345 2.53851e+07 
346 2.7676e+07 
347 3.01528e+07 
348 3.27982e+07 
349 3.56267e+07 
350 3.86646e+07 
351 4.19422e+07 
352 4.54111e+07 
353 4.9156e+07 
354 5.31169e+07 
355 5.73459e+07 
356 6.17844e+07 
357 6.65384e+07 
358 7.15542e+07 
359 7.68613e+07 
360 8.24811e+07 
361 8.8377e+07 
362 9.45642e+07 
363 1.01008e+08 
364 1.07746e+08 
365 1.1473e+08 
366 1.22013e+08 
367 1.2949e+08 
368 1.3739e+08 
369 1.4551e+08 
370 1.539e+08 
371 1.62617e+08 
372 1.71495e+08 
373 1.80695e+08 
374 1.90114e+08 
375 1.9989e+08 
376 2.09848e+08 
377 2.19819e+08 
378 2.29843e+08 
379 2.39969e+08 
380 2.50266e+08 
381 2.6057e+08 
382 2.70888e+08 
383 2.81261e+08 
384 2.91649e+08 
385 3.02106e+08 
386 3.12531e+08 
387 3.22808e+08 
388 3.32805e+08 
389 3.426e+08 
390 3.51858e+08 
391 3.60827e+08 
392 3.69308e+08 
393 3.77125e+08 
394 3.84426e+08 
395 3.91045e+08 
396 3.9691e+08 
397 4.02135e+08 
398 4.06397e+08 
399 4.09841e+08 
400 4.12294e+08 
401 4.13551e+08 
402 4.14004e+08 
403 4.13508e+08 
404 4.1231e+08 
405 4.10227e+08 
406 4.07514e+08 
407 4.042e+08 
408 4.00284e+08 
409 3.95678e+08 
410 3.90468e+08 
411 3.846e+08 
412 3.78229e+08 
413 3.71368e+08 
414 3.6411e+08 
415 3.56493e+08 
416 3.48603e+08 
417 3.40579e+08 
418 3.3237e+08 
419 3.23884e+08 
420 3.15159e+08 
421 3.06237e+08 
422 2.97203e+08 
423 2.88136e+08 
424 2.78914e+08 
425 2.69497e+08 
426 2.60089e+08 
427 2.50583e+08 
428 2.41153e+08 
429 2.31742e+08 
430 2.22441e+08 
431 2.13306e+08 
432 2.04242e+08 
433 1.95403e+08 
434 1.86759e+08 
435 1.78299e+08 
436 1.7009e+08 
437 1.62051e+08 
438 1.54271e+08 
439 1.46726e+08 
440 1.39407e+08 
441 1.32323e+08 
442 1.2554e+08 
443 1.1893e+08 
444 1.12637e+08 
445 1.06589e+08 
446 1.0074e+08 
447 9.50641e+07 
448 8.97091e+07 
449 8.45834e+07 
450 7.97068e+07 
451 7.50706e+07 
452 7.06585e+07 
453 6.64477e+07 
454 6.24303e+07 
455 5.86404e+07 
456 5.50219e+07 
457 5.16325e+07 
458 4.84556e+07 
459 4.5432e+07 
460 4.25925e+07 
461 3.99356e+07 
462 3.7406e+07 
463 3.50308e+07 
464 3.27884e+07 
465 3.06816e+07 
466 2.87009e+07 
467 2.68628e+07 
468 2.51594e+07 
469 2.35896e+07 
470 2.21069e+07 
471 2.07287e+07 
472 1.9444e+07 
473 1.8265e+07 
474 1.71525e+07 
475 1.60983e+07 
476 1.51445e+07 
477 1.42509e+07 
478 1.34036e+07 
479 1.26267e+07 
480 1.18986e+07 
481 1.12181e+07 
482 1.05834e+07 
483 9.98114e+06 
484 9.42786e+06 
485 8.88131e+06 
486 8.35723e+06 
487 7.88887e+06 
488 7.42343e+06 
489 7.00125e+06 
490 6.61497e+06 
491 6.2411e+06 
492 5.90578e+06 
493 5.58006e+06 
494 5.29698e+06 
495 5.04419e+06 
496 4.82329e+06 
497 4.6261e+06 
498 4.4522e+06 
499 4.30061e+06 
500 4.16119e+06 
501 4.0509e+06 
502 3.93805e+06 
503 3.80716e+06 
504 3.67474e+06 
505 3.5352e+06 
506 3.39714e+06 
507 3.24342e+06 
508 3.09174e+06 
509 2.92589e+06 
510 2.75694e+06 
511 2.58734e+06 
512 2.4214e+06 
513 2.26209e+06 
514 2.10647e+06 
515 1.95577e+06 
516 1.80532e+06 
517 1.65057e+06 
518 1.50498e+06 
519 1.3691e+06 
520 1.24062e+06 
521 1.12953e+06 
522 1.02664e+06 
523 932857 
524 840880 
525 756857 
526 677392 
527 601270 
528 535361 
529 478719 
530 424446 
531 379746 
532 335463 
533 295225 
534 259703 
535 232331 
536 209413 
537 183958 
538 162502 
539 144201 
540 127392 
541 110605 
542 98039 
543 85589 
544 75515 
545 64809 
546 55018 
547 47311 
548 40773 
549 34847 
550 29750 
551 24395 
552 20089 
553 16666 
554 14764 
555 12562 
556 10144 
557 8244 
558 6282 
559 4232 
560 2960 
561 2002 
562 1172 
563 710 
564 499 
565 273 
566 146 
567 107 
568 45 
569 19 
570 5 
571 2 
572 0 
573 0 
574 0 
575 0 
576 0 
577 0 
578 0 
579 0 
580 0 
581 0 
582 0 
583 0 
584 0 
585 0 
586 0 
587 0 
588 0 
589 0 
590 0 
591 0 
592 0 
593 0 
594 0 
595 0 
596 0 
597 0 
598 0 
599 0 
600 0 
601 0 
602 0 
603 0 
604 0 
605 0 
606 0 
607 0 
608 0 
609 0 
610 0 
611 0 
612 0 
613 0 
614 0 
615 0 
616 0 
617 0 
618 0 
619 0 
620 0 
621 0 
622 0 
623 0 
624 0 
625 0 
626 0 
627 0 
628 0 
629 0 
630 0 
631 0 
632 0 
633 0 
634 0 
635 0 
636 0 
637 0 
638 0 
639 0 
640 0 
641 0 
642 0 
643 0 
644 0 
645 0 
646 0 
647 0 
648 0 
649 0 
650 0 
651 0 
652 0 
653 0 
654 0 
655 0 
656 0 
657 0 
658 0 
659 0 
660 0 
661 0 
662 0 
663 0 
664 0 
665 0 
666 0 
667 0 
668 0 
669 0 
670 0 
671 0 
672 0 
673 0 
674 0 
675 0 
676 0 
677 0 
678 0 
679 0 
680 0 
681 0 
682 0 
683 0 
684 0 
685 0 
686 0 
687 0 
688 0 
689 0 
690 0 
691 0 
692 0 
693 0 
694 0 
695 0 
696 0 
697 0 
698 0 
699 0 
700 0 
701 0 
702 0 
703 0 
704 0 
705 0 
706 0 
707 0 
708 0 
709 0 
710 0 
711 0 
712 0 
713 0 
714 0 
715 0 
716 0 
717 0 
718 0 
719 0 
720 0 
721 0 
722 0 
723 0 
724 0 
725 0 
726 0 
727 0 
728 0 
729 0 
730 0 
731 0 
732 0 
733 0 
734 0 
735 0 
736 0 
737 0 
738 0 
739 0 
740 0 
741 0 
742 0 
743 0 
744 0 
745 0 
746 0 
747 0 
748 0 
749 0 
750 0 
751 0 
752 0 
753 0 
754 0 
755 0 
756 0 
757 0 
758 0 
759 0 
760 0 
761 0 
762 0 
763 0 
764 0 
765 0 
766 0 
767 0 
768 0 
769 0 
770 0 
771 0 
772 0 
773 0 
774 0 
775 0 
776 0 
777 0 
778 0 
779 0 
780 0 
781 0 
782 0 
783 0 
784 0 
785 0 
786 0 
787 0 
788 0 
789 0 
790 0 
791 0 
792 0 
793 0 
794 0 
795 0 
796 0 
797 0 
798 0 
799 0 
