0 0 
1 0 
2 0 
3 0 
4 0 
5 0 
6 0 
7 0 
8 0 
9 0 
10 0 
11 0 
12 0 
13 0 
14 0 
15 0 
16 0 
17 0 
18 0 
19 0 
20 0 
21 0 
22 0 
23 0 
24 0 
25 0 
26 0 
27 0 
28 0 
29 0 
30 0 
31 0 
32 0 
33 0 
34 0 
35 0 
36 0 
37 0 
38 0 
39 0 
40 0 
41 0 
42 0 
43 0 
44 0 
45 0 
46 0 
47 0 
48 0 
49 0 
50 0 
51 0 
52 0 
53 0 
54 0 
55 0 
56 0 
57 0 
58 0 
59 0 
60 0 
61 0 
62 0 
63 0 
64 0 
65 0 
66 0 
67 0 
68 0 
69 0 
70 0 
71 0 
72 0 
73 0 
74 0 
75 0 
76 0 
77 0 
78 0 
79 0 
80 0 
81 0 
82 0 
83 0 
84 0 
85 0 
86 0 
87 0 
88 0 
89 0 
90 0 
91 0 
92 0 
93 0 
94 0 
95 0 
96 0 
97 0 
98 0 
99 0 
100 0 
101 0 
102 0 
103 0 
104 0 
105 0 
106 0 
107 0 
108 0 
109 0 
110 0 
111 0 
112 0 
113 0 
114 0 
115 0 
116 0 
117 0 
118 0 
119 0 
120 0 
121 0 
122 0 
123 0 
124 0 
125 0 
126 0 
127 0 
128 0 
129 0 
130 0 
131 0 
132 0 
133 0 
134 0 
135 0 
136 0 
137 0 
138 0 
139 0 
140 0 
141 0 
142 0 
143 0 
144 0 
145 0 
146 0 
147 0 
148 0 
149 0 
150 0 
151 0 
152 0 
153 0 
154 0 
155 0 
156 0 
157 0 
158 0 
159 0 
160 0 
161 0 
162 0 
163 0 
164 0 
165 0 
166 0 
167 0 
168 0 
169 0 
170 0 
171 0 
172 0 
173 0 
174 0 
175 0 
176 0 
177 0 
178 0 
179 0 
180 0 
181 0 
182 0 
183 0 
184 0 
185 0 
186 0 
187 0 
188 0 
189 0 
190 0 
191 0 
192 0 
193 0 
194 0 
195 0 
196 0 
197 0 
198 0 
199 0 
200 0 
201 0 
202 0 
203 0 
204 0 
205 0 
206 0 
207 0 
208 0 
209 0 
210 0 
211 0 
212 0 
213 0 
214 0 
215 0 
216 0 
217 0 
218 0 
219 0 
220 0 
221 0 
222 0 
223 0 
224 0 
225 0 
226 0 
227 0 
228 0 
229 0 
230 0 
231 0 
232 0 
233 0 
234 0 
235 0 
236 0 
237 0 
238 0 
239 0 
240 0 
241 0 
242 0 
243 0 
244 0 
245 0 
246 0 
247 0 
248 0 
249 0 
250 0 
251 0 
252 0 
253 0 
254 0 
255 0 
256 0 
257 0 
258 0 
259 0 
260 0 
261 0 
262 0 
263 0 
264 0 
265 0 
266 0 
267 0 
268 0 
269 0 
270 0 
271 0 
272 0 
273 0 
274 0 
275 0 
276 0 
277 0 
278 0 
279 0 
280 0 
281 0 
282 0 
283 0 
284 0 
285 0 
286 0 
287 0 
288 0 
289 0 
290 0 
291 0 
292 0 
293 4 
294 5 
295 4 
296 5 
297 19 
298 58 
299 74 
300 74 
301 58 
302 106 
303 136 
304 272 
305 371 
306 509 
307 841 
308 1240 
309 1480 
310 1932 
311 2425 
312 3404 
313 4571 
314 6029 
315 7884 
316 10346 
317 14302 
318 18610 
319 24266 
320 30720 
321 38930 
322 49797 
323 61001 
324 74819 
325 91290 
326 112757 
327 136708 
328 165542 
329 202892 
330 248531 
331 299413 
332 360768 
333 432007 
334 515651 
335 612990 
336 727691 
337 865748 
338 1.02755e+06 
339 1.21456e+06 
340 1.44314e+06 
341 1.70863e+06 
342 2.01459e+06 
343 2.37988e+06 
344 2.80683e+06 
345 3.30177e+06 
346 3.88199e+06 
347 4.5405e+06 
348 5.31909e+06 
349 6.21902e+06 
350 7.24593e+06 
351 8.43446e+06 
352 9.78702e+06 
353 1.13288e+07 
354 1.30871e+07 
355 1.51013e+07 
356 1.73694e+07 
357 1.99318e+07 
358 2.28357e+07 
359 2.60893e+07 
360 2.97595e+07 
361 3.3869e+07 
362 3.84929e+07 
363 4.3649e+07 
364 4.94011e+07 
365 5.57826e+07 
366 6.28969e+07 
367 7.07664e+07 
368 7.94915e+07 
369 8.90236e+07 
370 9.9495e+07 
371 1.10928e+08 
372 1.23442e+08 
373 1.37015e+08 
374 1.5171e+08 
375 1.67572e+08 
376 1.84647e+08 
377 2.02917e+08 
378 2.22405e+08 
379 2.43084e+08 
380 2.64964e+08 
381 2.87961e+08 
382 3.11974e+08 
383 3.37044e+08 
384 3.62949e+08 
385 3.89553e+08 
386 4.16754e+08 
387 4.444e+08 
388 4.72301e+08 
389 5.00053e+08 
390 5.27526e+08 
391 5.54302e+08 
392 5.8013e+08 
393 6.04517e+08 
394 6.27151e+08 
395 6.47759e+08 
396 6.65884e+08 
397 6.81061e+08 
398 6.93002e+08 
399 7.01247e+08 
400 7.05745e+08 
401 7.01339e+08 
402 6.92954e+08 
403 6.80801e+08 
404 6.65526e+08 
405 6.47359e+08 
406 6.26753e+08 
407 6.04029e+08 
408 5.79627e+08 
409 5.53775e+08 
410 5.27121e+08 
411 4.99759e+08 
412 4.72035e+08 
413 4.44351e+08 
414 4.16722e+08 
415 3.89541e+08 
416 3.62858e+08 
417 3.37004e+08 
418 3.11935e+08 
419 2.87845e+08 
420 2.64815e+08 
421 2.42882e+08 
422 2.22151e+08 
423 2.02628e+08 
424 1.84252e+08 
425 1.67117e+08 
426 1.51262e+08 
427 1.36528e+08 
428 1.22895e+08 
429 1.10356e+08 
430 9.88077e+07 
431 8.82872e+07 
432 7.8704e+07 
433 6.99438e+07 
434 6.20133e+07 
435 5.48633e+07 
436 4.84859e+07 
437 4.27319e+07 
438 3.75735e+07 
439 3.29791e+07 
440 2.88821e+07 
441 2.52433e+07 
442 2.20173e+07 
443 1.91703e+07 
444 1.66793e+07 
445 1.4466e+07 
446 1.2546e+07 
447 1.08479e+07 
448 9.36627e+06 
449 8.06538e+06 
450 6.94142e+06 
451 5.968e+06 
452 5.12443e+06 
453 4.38703e+06 
454 3.7558e+06 
455 3.20864e+06 
456 2.74288e+06 
457 2.33881e+06 
458 1.99039e+06 
459 1.69418e+06 
460 1.44104e+06 
461 1.21915e+06 
462 1.0319e+06 
463 875853 
464 741320 
465 626238 
466 527497 
467 443958 
468 374302 
469 315247 
470 266230 
471 224212 
472 188180 
473 156794 
474 130786 
475 108523 
476 90479 
477 73971 
478 61240 
479 49794 
480 40695 
481 33039 
482 26755 
483 21323 
484 16360 
485 12600 
486 9769 
487 7534 
488 5707 
489 4268 
490 3043 
491 2243 
492 1554 
493 1109 
494 759 
495 501 
496 343 
497 172 
498 84 
499 112 
500 45 
501 14 
502 11 
503 3 
504 0 
505 0 
506 0 
507 0 
508 0 
509 0 
510 0 
511 0 
512 0 
513 0 
514 0 
515 0 
516 0 
517 0 
518 0 
519 0 
520 0 
521 0 
522 0 
523 0 
524 0 
525 0 
526 0 
527 0 
528 0 
529 0 
530 0 
531 0 
532 0 
533 0 
534 0 
535 0 
536 0 
537 0 
538 0 
539 0 
540 0 
541 0 
542 0 
543 0 
544 0 
545 0 
546 0 
547 0 
548 0 
549 0 
550 0 
551 0 
552 0 
553 0 
554 0 
555 0 
556 0 
557 0 
558 0 
559 0 
560 0 
561 0 
562 0 
563 0 
564 0 
565 0 
566 0 
567 0 
568 0 
569 0 
570 0 
571 0 
572 0 
573 0 
574 0 
575 0 
576 0 
577 0 
578 0 
579 0 
580 0 
581 0 
582 0 
583 0 
584 0 
585 0 
586 0 
587 0 
588 0 
589 0 
590 0 
591 0 
592 0 
593 0 
594 0 
595 0 
596 0 
597 0 
598 0 
599 0 
600 0 
601 0 
602 0 
603 0 
604 0 
605 0 
606 0 
607 0 
608 0 
609 0 
610 0 
611 0 
612 0 
613 0 
614 0 
615 0 
616 0 
617 0 
618 0 
619 0 
620 0 
621 0 
622 0 
623 0 
624 0 
625 0 
626 0 
627 0 
628 0 
629 0 
630 0 
631 0 
632 0 
633 0 
634 0 
635 0 
636 0 
637 0 
638 0 
639 0 
640 0 
641 0 
642 0 
643 0 
644 0 
645 0 
646 0 
647 0 
648 0 
649 0 
650 0 
651 0 
652 0 
653 0 
654 0 
655 0 
656 0 
657 0 
658 0 
659 0 
660 0 
661 0 
662 0 
663 0 
664 0 
665 0 
666 0 
667 0 
668 0 
669 0 
670 0 
671 0 
672 0 
673 0 
674 0 
675 0 
676 0 
677 0 
678 0 
679 0 
680 0 
681 0 
682 0 
683 0 
684 0 
685 0 
686 0 
687 0 
688 0 
689 0 
690 0 
691 0 
692 0 
693 0 
694 0 
695 0 
696 0 
697 0 
698 0 
699 0 
700 0 
701 0 
702 0 
703 0 
704 0 
705 0 
706 0 
707 0 
708 0 
709 0 
710 0 
711 0 
712 0 
713 0 
714 0 
715 0 
716 0 
717 0 
718 0 
719 0 
720 0 
721 0 
722 0 
723 0 
724 0 
725 0 
726 0 
727 0 
728 0 
729 0 
730 0 
731 0 
732 0 
733 0 
734 0 
735 0 
736 0 
737 0 
738 0 
739 0 
740 0 
741 0 
742 0 
743 0 
744 0 
745 0 
746 0 
747 0 
748 0 
749 0 
750 0 
751 0 
752 0 
753 0 
754 0 
755 0 
756 0 
757 0 
758 0 
759 0 
760 0 
761 0 
762 0 
763 0 
764 0 
765 0 
766 0 
767 0 
768 0 
769 0 
770 0 
771 0 
772 0 
773 0 
774 0 
775 0 
776 0 
777 0 
778 0 
779 0 
780 0 
781 0 
782 0 
783 0 
784 0 
785 0 
786 0 
787 0 
788 0 
789 0 
790 0 
791 0 
792 0 
793 0 
794 0 
795 0 
796 0 
797 0 
798 0 
799 0 
