0 0 
1 0 
2 0 
3 0 
4 0 
5 0 
6 0 
7 0 
8 0 
9 0 
10 0 
11 0 
12 0 
13 0 
14 0 
15 0 
16 0 
17 0 
18 0 
19 0 
20 0 
21 0 
22 0 
23 0 
24 0 
25 0 
26 0 
27 0 
28 0 
29 0 
30 0 
31 0 
32 0 
33 0 
34 0 
35 0 
36 0 
37 0 
38 0 
39 0 
40 0 
41 0 
42 0 
43 0 
44 0 
45 0 
46 0 
47 0 
48 0 
49 0 
50 0 
51 0 
52 0 
53 0 
54 0 
55 0 
56 0 
57 0 
58 0 
59 0 
60 0 
61 0 
62 0 
63 0 
64 0 
65 0 
66 0 
67 0 
68 0 
69 0 
70 0 
71 0 
72 0 
73 0 
74 0 
75 1 
76 3 
77 4 
78 11 
79 20 
80 24 
81 60 
82 104 
83 159 
84 232 
85 391 
86 690 
87 1006 
88 1608 
89 2740 
90 4000 
91 5618 
92 7570 
93 9846 
94 13024 
95 17192 
96 22006 
97 26859 
98 33324 
99 39673 
100 47366 
101 56626 
102 68017 
103 80304 
104 95245 
105 113054 
106 134574 
107 160050 
108 188492 
109 223057 
110 259279 
111 300531 
112 346609 
113 400545 
114 465993 
115 538259 
116 610233 
117 690890 
118 770561 
119 863490 
120 959960 
121 1.05604e+06 
122 1.1581e+06 
123 1.26102e+06 
124 1.3744e+06 
125 1.48499e+06 
126 1.59566e+06 
127 1.71976e+06 
128 1.85038e+06 
129 1.98248e+06 
130 2.12006e+06 
131 2.25507e+06 
132 2.3892e+06 
133 2.5265e+06 
134 2.66797e+06 
135 2.82859e+06 
136 3.01004e+06 
137 3.20022e+06 
138 3.39528e+06 
139 3.60724e+06 
140 3.82374e+06 
141 4.05328e+06 
142 4.28793e+06 
143 4.54228e+06 
144 4.7922e+06 
145 5.05024e+06 
146 5.32844e+06 
147 5.59221e+06 
148 5.86036e+06 
149 6.10931e+06 
150 6.37511e+06 
151 6.62525e+06 
152 6.88292e+06 
153 7.1351e+06 
154 7.39028e+06 
155 7.64542e+06 
156 7.91264e+06 
157 8.17738e+06 
158 8.44238e+06 
159 8.72406e+06 
160 8.98631e+06 
161 9.23557e+06 
162 9.46269e+06 
163 9.65836e+06 
164 9.83525e+06 
165 9.9989e+06 
166 1.01549e+07 
167 1.031e+07 
168 1.04434e+07 
169 1.05778e+07 
170 1.06852e+07 
171 1.07921e+07 
172 1.08695e+07 
173 1.09324e+07 
174 1.09539e+07 
175 1.09639e+07 
176 1.09298e+07 
177 1.08592e+07 
178 1.07721e+07 
179 1.06487e+07 
180 1.05022e+07 
181 1.0344e+07 
182 1.01769e+07 
183 9.99486e+06 
184 9.77257e+06 
185 9.55868e+06 
186 9.34913e+06 
187 9.13116e+06 
188 8.91375e+06 
189 8.71238e+06 
190 8.49855e+06 
191 8.28749e+06 
192 8.08768e+06 
193 7.87842e+06 
194 7.67954e+06 
195 7.46781e+06 
196 7.27429e+06 
197 7.0766e+06 
198 6.91914e+06 
199 6.76443e+06 
200 6.62124e+06 
201 6.49019e+06 
202 6.37662e+06 
203 6.27688e+06 
204 6.1961e+06 
205 6.16028e+06 
206 6.15019e+06 
207 6.14614e+06 
208 6.16307e+06 
209 6.19491e+06 
210 6.24759e+06 
211 6.3295e+06 
212 6.42069e+06 
213 6.51389e+06 
214 6.61771e+06 
215 6.74645e+06 
216 6.87817e+06 
217 7.00954e+06 
218 7.1238e+06 
219 7.25215e+06 
220 7.37979e+06 
221 7.50073e+06 
222 7.61269e+06 
223 7.70652e+06 
224 7.77095e+06 
225 7.81937e+06 
226 7.84615e+06 
227 7.86966e+06 
228 7.89009e+06 
229 7.88323e+06 
230 7.87617e+06 
231 7.86364e+06 
232 7.83282e+06 
233 7.79325e+06 
234 7.75967e+06 
235 7.73845e+06 
236 7.7437e+06 
237 7.78271e+06 
238 7.82344e+06 
239 7.89179e+06 
240 7.98919e+06 
241 8.0979e+06 
242 8.24344e+06 
243 8.41441e+06 
244 8.63296e+06 
245 8.89736e+06 
246 9.18412e+06 
247 9.48885e+06 
248 9.81386e+06 
249 1.0172e+07 
250 1.05776e+07 
251 1.10355e+07 
252 1.14977e+07 
253 1.19875e+07 
254 1.25159e+07 
255 1.30624e+07 
256 1.36459e+07 
257 1.42459e+07 
258 1.48452e+07 
259 1.55224e+07 
260 1.62151e+07 
261 1.69061e+07 
262 1.76369e+07 
263 1.83771e+07 
264 1.91464e+07 
265 1.99264e+07 
266 2.07099e+07 
267 2.1498e+07 
268 2.22937e+07 
269 2.31112e+07 
270 2.39218e+07 
271 2.47254e+07 
272 2.5523e+07 
273 2.63323e+07 
274 2.71181e+07 
275 2.78999e+07 
276 2.8681e+07 
277 2.94162e+07 
278 3.01554e+07 
279 3.08475e+07 
280 3.1553e+07 
281 3.22358e+07 
282 3.2909e+07 
283 3.35773e+07 
284 3.42469e+07 
285 3.48878e+07 
286 3.54407e+07 
287 3.60264e+07 
288 3.66079e+07 
289 3.71797e+07 
290 3.7705e+07 
291 3.82461e+07 
292 3.88108e+07 
293 3.93921e+07 
294 3.99801e+07 
295 4.05745e+07 
296 4.11374e+07 
297 4.16634e+07 
298 4.22338e+07 
299 4.27875e+07 
300 4.33338e+07 
301 4.38494e+07 
302 4.44243e+07 
303 4.49321e+07 
304 4.54803e+07 
305 4.6094e+07 
306 4.66705e+07 
307 4.72979e+07 
308 4.78955e+07 
309 4.85423e+07 
310 4.92047e+07 
311 4.99387e+07 
312 5.07666e+07 
313 5.15958e+07 
314 5.24637e+07 
315 5.33909e+07 
316 5.43053e+07 
317 5.51442e+07 
318 5.59457e+07 
319 5.67128e+07 
320 5.7414e+07 
321 5.79926e+07 
322 5.85556e+07 
323 5.90299e+07 
324 5.95119e+07 
325 5.98828e+07 
326 6.02129e+07 
327 6.04893e+07 
328 6.07224e+07 
329 6.08983e+07 
330 6.0974e+07 
331 6.10355e+07 
332 6.10716e+07 
333 6.11088e+07 
334 6.11714e+07 
335 6.11889e+07 
336 6.12019e+07 
337 6.12095e+07 
338 6.11603e+07 
339 6.1049e+07 
340 6.09355e+07 
341 6.07885e+07 
342 6.05652e+07 
343 6.02956e+07 
344 5.99768e+07 
345 5.96191e+07 
346 5.92111e+07 
347 5.87498e+07 
348 5.81913e+07 
349 5.76046e+07 
350 5.7064e+07 
351 5.65517e+07 
352 5.60165e+07 
353 5.54744e+07 
354 5.49276e+07 
355 5.44632e+07 
356 5.39687e+07 
357 5.34564e+07 
358 5.2929e+07 
359 5.23636e+07 
360 5.17906e+07 
361 5.11831e+07 
362 5.05655e+07 
363 4.99886e+07 
364 4.9438e+07 
365 4.89477e+07 
366 4.84888e+07 
367 4.81436e+07 
368 4.78128e+07 
369 4.76042e+07 
370 4.73943e+07 
371 4.72398e+07 
372 4.71945e+07 
373 4.71555e+07 
374 4.71512e+07 
375 4.72099e+07 
376 4.73129e+07 
377 4.74254e+07 
378 4.75791e+07 
379 4.77522e+07 
380 4.79739e+07 
381 4.81909e+07 
382 4.8414e+07 
383 4.8707e+07 
384 4.90542e+07 
385 4.93723e+07 
386 4.9763e+07 
387 5.02086e+07 
388 5.07287e+07 
389 5.13117e+07 
390 5.18878e+07 
391 5.24763e+07 
392 5.31568e+07 
393 5.38685e+07 
394 5.45635e+07 
395 5.5318e+07 
396 5.60637e+07 
397 5.68593e+07 
398 5.76648e+07 
399 5.84678e+07 
400 5.93218e+07 
401 6.01277e+07 
402 6.09809e+07 
403 6.17316e+07 
404 6.23762e+07 
405 6.29869e+07 
406 6.35793e+07 
407 6.40894e+07 
408 6.45681e+07 
409 6.49267e+07 
410 6.52314e+07 
411 6.54993e+07 
412 6.57327e+07 
413 6.59425e+07 
414 6.60506e+07 
415 6.6106e+07 
416 6.61525e+07 
417 6.61336e+07 
418 6.60578e+07 
419 6.59302e+07 
420 6.57229e+07 
421 6.54131e+07 
422 6.50244e+07 
423 6.45466e+07 
424 6.39891e+07 
425 6.3342e+07 
426 6.2648e+07 
427 6.19591e+07 
428 6.12258e+07 
429 6.04402e+07 
430 5.96535e+07 
431 5.88353e+07 
432 5.80811e+07 
433 5.73225e+07 
434 5.65924e+07 
435 5.58431e+07 
436 5.51372e+07 
437 5.44513e+07 
438 5.37574e+07 
439 5.30842e+07 
440 5.24273e+07 
441 5.18122e+07 
442 5.12316e+07 
443 5.06954e+07 
444 5.01899e+07 
445 4.97039e+07 
446 4.92656e+07 
447 4.88963e+07 
448 4.85471e+07 
449 4.8241e+07 
450 4.80434e+07 
451 4.78735e+07 
452 4.78227e+07 
453 4.77818e+07 
454 4.78431e+07 
455 4.7931e+07 
456 4.80718e+07 
457 4.82709e+07 
458 4.84574e+07 
459 4.8712e+07 
460 4.90332e+07 
461 4.94095e+07 
462 4.98094e+07 
463 5.02445e+07 
464 5.06825e+07 
465 5.11621e+07 
466 5.1595e+07 
467 5.19972e+07 
468 5.23754e+07 
469 5.26973e+07 
470 5.30022e+07 
471 5.32454e+07 
472 5.3411e+07 
473 5.35987e+07 
474 5.37212e+07 
475 5.38476e+07 
476 5.39178e+07 
477 5.39002e+07 
478 5.38993e+07 
479 5.38303e+07 
480 5.37371e+07 
481 5.36247e+07 
482 5.34757e+07 
483 5.33228e+07 
484 5.3205e+07 
485 5.30272e+07 
486 5.28043e+07 
487 5.25531e+07 
488 5.22806e+07 
489 5.20107e+07 
490 5.17308e+07 
491 5.14668e+07 
492 5.11766e+07 
493 5.08881e+07 
494 5.06101e+07 
495 5.03782e+07 
496 5.01061e+07 
497 4.98245e+07 
498 4.95407e+07 
499 4.92179e+07 
500 4.88142e+07 
501 4.84391e+07 
502 4.80682e+07 
503 4.76866e+07 
504 4.73389e+07 
505 4.70371e+07 
506 4.67775e+07 
507 4.65213e+07 
508 4.63306e+07 
509 4.61155e+07 
510 4.59985e+07 
511 4.59049e+07 
512 4.58761e+07 
513 4.59231e+07 
514 4.60312e+07 
515 4.62291e+07 
516 4.64264e+07 
517 4.66191e+07 
518 4.68035e+07 
519 4.70032e+07 
520 4.72165e+07 
521 4.74624e+07 
522 4.77562e+07 
523 4.80994e+07 
524 4.84987e+07 
525 4.89368e+07 
526 4.93909e+07 
527 4.98338e+07 
528 5.0346e+07 
529 5.08692e+07 
530 5.13707e+07 
531 5.18578e+07 
532 5.23058e+07 
533 5.27424e+07 
534 5.31096e+07 
535 5.34575e+07 
536 5.37316e+07 
537 5.39613e+07 
538 5.41043e+07 
539 5.41912e+07 
540 5.42213e+07 
541 5.41899e+07 
542 5.41629e+07 
543 5.41105e+07 
544 5.40845e+07 
545 5.40551e+07 
546 5.4007e+07 
547 5.39287e+07 
548 5.38625e+07 
549 5.38152e+07 
550 5.37585e+07 
551 5.36531e+07 
552 5.35805e+07 
553 5.35277e+07 
554 5.35377e+07 
555 5.3519e+07 
556 5.35673e+07 
557 5.36463e+07 
558 5.38161e+07 
559 5.40064e+07 
560 5.42328e+07 
561 5.44813e+07 
562 5.47118e+07 
563 5.49535e+07 
564 5.51823e+07 
565 5.54565e+07 
566 5.57704e+07 
567 5.60947e+07 
568 5.64576e+07 
569 5.68898e+07 
570 5.73281e+07 
571 5.77935e+07 
572 5.8316e+07 
573 5.88484e+07 
574 5.94502e+07 
575 6.0127e+07 
576 6.07533e+07 
577 6.14197e+07 
578 6.21522e+07 
579 6.28611e+07 
580 6.35674e+07 
581 6.43074e+07 
582 6.5031e+07 
583 6.57959e+07 
584 6.65867e+07 
585 6.73691e+07 
586 6.81852e+07 
587 6.90112e+07 
588 6.97655e+07 
589 7.04253e+07 
590 7.10452e+07 
591 7.15467e+07 
592 7.20544e+07 
593 7.24901e+07 
594 7.29226e+07 
595 7.33228e+07 
596 7.36944e+07 
597 7.40908e+07 
598 7.44226e+07 
599 7.47088e+07 
600 7.49372e+07 
601 7.51001e+07 
602 7.52194e+07 
603 7.5288e+07 
604 7.52526e+07 
605 7.52146e+07 
606 7.51111e+07 
607 7.48979e+07 
608 7.4701e+07 
609 7.45007e+07 
610 7.42723e+07 
611 7.40743e+07 
612 7.3858e+07 
613 7.36686e+07 
614 7.34001e+07 
615 7.31278e+07 
616 7.2889e+07 
617 7.26519e+07 
618 7.23893e+07 
619 7.21485e+07 
620 7.19542e+07 
621 7.18104e+07 
622 7.16539e+07 
623 7.14666e+07 
624 7.12539e+07 
625 7.09936e+07 
626 7.0771e+07 
627 7.05302e+07 
628 7.02488e+07 
629 6.99636e+07 
630 6.97288e+07 
631 6.94958e+07 
632 6.9257e+07 
633 6.9008e+07 
634 6.87228e+07 
635 6.84534e+07 
636 6.81803e+07 
637 6.78844e+07 
638 6.75553e+07 
639 6.71998e+07 
640 6.68032e+07 
641 6.63456e+07 
642 6.58879e+07 
643 6.5326e+07 
644 6.4615e+07 
645 6.39276e+07 
646 6.31541e+07 
647 6.23398e+07 
648 6.14793e+07 
649 6.05901e+07 
650 5.96635e+07 
651 5.87089e+07 
652 5.76982e+07 
653 5.65957e+07 
654 5.54892e+07 
655 5.43421e+07 
656 5.31277e+07 
657 5.18624e+07 
658 5.05695e+07 
659 4.92827e+07 
660 4.79003e+07 
661 4.65114e+07 
662 4.5105e+07 
663 4.37095e+07 
664 4.22644e+07 
665 4.08102e+07 
666 3.9411e+07 
667 3.79988e+07 
668 3.65901e+07 
669 3.5192e+07 
670 3.38954e+07 
671 3.26472e+07 
672 3.14491e+07 
673 3.03232e+07 
674 2.9278e+07 
675 2.82845e+07 
676 2.73576e+07 
677 2.64989e+07 
678 2.57157e+07 
679 2.50323e+07 
680 2.43978e+07 
681 2.38679e+07 
682 2.34408e+07 
683 2.30445e+07 
684 2.26883e+07 
685 2.23732e+07 
686 2.20478e+07 
687 2.17766e+07 
688 2.1571e+07 
689 2.1439e+07 
690 2.13448e+07 
691 2.1271e+07 
692 2.12095e+07 
693 2.11592e+07 
694 2.11141e+07 
695 2.11008e+07 
696 2.11288e+07 
697 2.11909e+07 
698 2.12525e+07 
699 2.13638e+07 
700 2.15079e+07 
701 2.16788e+07 
702 2.18672e+07 
703 2.20879e+07 
704 2.23149e+07 
705 2.25832e+07 
706 2.28891e+07 
707 2.31898e+07 
708 2.3506e+07 
709 2.37816e+07 
710 2.40655e+07 
711 2.43657e+07 
712 2.46511e+07 
713 2.49457e+07 
714 2.52562e+07 
715 2.55985e+07 
716 2.5939e+07 
717 2.62299e+07 
718 2.65118e+07 
719 2.67496e+07 
720 2.698e+07 
721 2.71405e+07 
722 2.72763e+07 
723 2.73685e+07 
724 2.7406e+07 
725 2.74316e+07 
726 2.74465e+07 
727 2.74451e+07 
728 2.73963e+07 
729 2.73379e+07 
730 2.72108e+07 
731 2.70688e+07 
732 2.68939e+07 
733 2.66929e+07 
734 2.64772e+07 
735 2.62075e+07 
736 2.59224e+07 
737 2.56452e+07 
738 2.5363e+07 
739 2.50451e+07 
740 2.46832e+07 
741 2.43079e+07 
742 2.39157e+07 
743 2.35273e+07 
744 2.30984e+07 
745 2.26717e+07 
746 2.22304e+07 
747 2.17921e+07 
748 2.13193e+07 
749 2.08366e+07 
750 2.03352e+07 
751 1.98112e+07 
752 1.92562e+07 
753 1.87082e+07 
754 1.81588e+07 
755 1.75868e+07 
756 1.70165e+07 
757 1.64113e+07 
758 1.58264e+07 
759 1.52557e+07 
760 1.4691e+07 
761 1.4103e+07 
762 1.35301e+07 
763 1.29424e+07 
764 1.23432e+07 
765 1.17439e+07 
766 1.11331e+07 
767 1.05273e+07 
768 9.9252e+06 
769 9.33124e+06 
770 8.73483e+06 
771 8.16079e+06 
772 7.61017e+06 
773 7.07359e+06 
774 6.56539e+06 
775 6.07169e+06 
776 5.60403e+06 
777 5.15529e+06 
778 4.72972e+06 
779 4.32234e+06 
780 3.93897e+06 
781 3.5696e+06 
782 3.21896e+06 
783 2.9064e+06 
784 2.61244e+06 
785 2.33418e+06 
786 2.07441e+06 
787 1.83761e+06 
788 1.61598e+06 
789 1.40592e+06 
790 1.20827e+06 
791 1.01725e+06 
792 842801 
793 684838 
794 542965 
795 413966 
796 304050 
797 207806 
798 129009 
799 70300 
