0 0 
1 0 
2 0 
3 0 
4 0 
5 0 
6 0 
7 0 
8 0 
9 0 
10 0 
11 0 
12 0 
13 0 
14 0 
15 0 
16 0 
17 0 
18 0 
19 0 
20 0 
21 0 
22 0 
23 0 
24 0 
25 0 
26 0 
27 0 
28 0 
29 0 
30 0 
31 0 
32 0 
33 0 
34 0 
35 0 
36 0 
37 0 
38 0 
39 0 
40 0 
41 0 
42 0 
43 0 
44 0 
45 0 
46 0 
47 0 
48 0 
49 0 
50 0 
51 0 
52 0 
53 0 
54 0 
55 0 
56 0 
57 0 
58 0 
59 0 
60 0 
61 0 
62 0 
63 0 
64 0 
65 0 
66 0 
67 0 
68 0 
69 0 
70 0 
71 0 
72 0 
73 0 
74 0 
75 0 
76 0 
77 0 
78 0 
79 0 
80 0 
81 0 
82 0 
83 0 
84 0 
85 0 
86 0 
87 0 
88 0 
89 0 
90 0 
91 0 
92 0 
93 0 
94 0 
95 0 
96 0 
97 0 
98 0 
99 0 
100 0 
101 0 
102 0 
103 0 
104 0 
105 0 
106 0 
107 0 
108 0 
109 0 
110 0 
111 0 
112 0 
113 0 
114 0 
115 0 
116 0 
117 0 
118 0 
119 0 
120 0 
121 0 
122 0 
123 0 
124 0 
125 0 
126 0 
127 0 
128 0 
129 0 
130 0 
131 0 
132 0 
133 0 
134 0 
135 0 
136 0 
137 0 
138 0 
139 0 
140 0 
141 0 
142 0 
143 0 
144 0 
145 0 
146 0 
147 0 
148 0 
149 0 
150 0 
151 0 
152 0 
153 0 
154 0 
155 0 
156 0 
157 0 
158 0 
159 0 
160 0 
161 0 
162 0 
163 0 
164 0 
165 0 
166 0 
167 0 
168 0 
169 0 
170 0 
171 0 
172 0 
173 0 
174 0 
175 0 
176 0 
177 0 
178 0 
179 0 
180 0 
181 0 
182 0 
183 0 
184 0 
185 0 
186 0 
187 0 
188 0 
189 0 
190 0 
191 0 
192 0 
193 0 
194 0 
195 0 
196 0 
197 0 
198 0 
199 0 
200 0 
201 0 
202 0 
203 0 
204 0 
205 0 
206 0 
207 0 
208 0 
209 0 
210 0 
211 0 
212 0 
213 0 
214 0 
215 0 
216 0 
217 0 
218 0 
219 0 
220 0 
221 0 
222 0 
223 0 
224 0 
225 0 
226 0 
227 0 
228 0 
229 0 
230 0 
231 0 
232 0 
233 0 
234 0 
235 0 
236 0 
237 0 
238 0 
239 1 
240 13 
241 73 
242 213 
243 388 
244 633 
245 775 
246 1484 
247 2997 
248 5235 
249 8327 
250 13800 
251 19821 
252 27438 
253 40234 
254 55269 
255 73051 
256 97688 
257 131390 
258 170724 
259 215756 
260 256449 
261 311055 
262 366388 
263 415187 
264 460878 
265 511507 
266 571262 
267 632493 
268 707921 
269 792440 
270 873144 
271 959232 
272 1.05278e+06 
273 1.15442e+06 
274 1.24914e+06 
275 1.34773e+06 
276 1.43697e+06 
277 1.52056e+06 
278 1.59808e+06 
279 1.66613e+06 
280 1.71838e+06 
281 1.75194e+06 
282 1.77224e+06 
283 1.77814e+06 
284 1.78012e+06 
285 1.78692e+06 
286 1.80669e+06 
287 1.86536e+06 
288 1.94955e+06 
289 2.05912e+06 
290 2.18576e+06 
291 2.34059e+06 
292 2.5377e+06 
293 2.79332e+06 
294 3.07864e+06 
295 3.37869e+06 
296 3.69244e+06 
297 4.03337e+06 
298 4.42842e+06 
299 4.85196e+06 
300 5.25667e+06 
301 5.66066e+06 
302 6.11139e+06 
303 6.61971e+06 
304 7.18276e+06 
305 7.84605e+06 
306 8.63719e+06 
307 9.53492e+06 
308 1.05098e+07 
309 1.15972e+07 
310 1.28073e+07 
311 1.40941e+07 
312 1.5408e+07 
313 1.67735e+07 
314 1.82333e+07 
315 1.96781e+07 
316 2.105e+07 
317 2.24536e+07 
318 2.38762e+07 
319 2.52083e+07 
320 2.65277e+07 
321 2.78052e+07 
322 2.90909e+07 
323 3.03829e+07 
324 3.17111e+07 
325 3.30645e+07 
326 3.45055e+07 
327 3.58775e+07 
328 3.72508e+07 
329 3.85861e+07 
330 3.99754e+07 
331 4.12869e+07 
332 4.24966e+07 
333 4.37562e+07 
334 4.50126e+07 
335 4.63606e+07 
336 4.77674e+07 
337 4.91583e+07 
338 5.05724e+07 
339 5.20157e+07 
340 5.34027e+07 
341 5.46836e+07 
342 5.59048e+07 
343 5.71154e+07 
344 5.83382e+07 
345 5.96488e+07 
346 6.09405e+07 
347 6.2321e+07 
348 6.39177e+07 
349 6.57858e+07 
350 6.79128e+07 
351 7.02673e+07 
352 7.30104e+07 
353 7.59309e+07 
354 7.9043e+07 
355 8.23528e+07 
356 8.57824e+07 
357 8.92997e+07 
358 9.30185e+07 
359 9.68826e+07 
360 1.00805e+08 
361 1.04734e+08 
362 1.08602e+08 
363 1.12394e+08 
364 1.16043e+08 
365 1.19596e+08 
366 1.23229e+08 
367 1.26924e+08 
368 1.30767e+08 
369 1.34778e+08 
370 1.38742e+08 
371 1.42626e+08 
372 1.46439e+08 
373 1.50287e+08 
374 1.54084e+08 
375 1.57976e+08 
376 1.61842e+08 
377 1.65738e+08 
378 1.69566e+08 
379 1.73492e+08 
380 1.77279e+08 
381 1.81105e+08 
382 1.8518e+08 
383 1.89587e+08 
384 1.94217e+08 
385 1.99252e+08 
386 2.04805e+08 
387 2.11223e+08 
388 2.18237e+08 
389 2.25905e+08 
390 2.34214e+08 
391 2.43213e+08 
392 2.52494e+08 
393 2.61698e+08 
394 2.70811e+08 
395 2.79683e+08 
396 2.88328e+08 
397 2.96231e+08 
398 3.03082e+08 
399 3.09092e+08 
400 3.14023e+08 
401 3.17826e+08 
402 3.20742e+08 
403 3.22512e+08 
404 3.22863e+08 
405 3.22416e+08 
406 3.21053e+08 
407 3.18703e+08 
408 3.15446e+08 
409 3.11342e+08 
410 3.06437e+08 
411 3.00892e+08 
412 2.94892e+08 
413 2.88287e+08 
414 2.81157e+08 
415 2.73589e+08 
416 2.65944e+08 
417 2.58526e+08 
418 2.51469e+08 
419 2.4459e+08 
420 2.37853e+08 
421 2.31206e+08 
422 2.24643e+08 
423 2.18209e+08 
424 2.11628e+08 
425 2.04897e+08 
426 1.98182e+08 
427 1.91534e+08 
428 1.84827e+08 
429 1.78248e+08 
430 1.71756e+08 
431 1.65552e+08 
432 1.59811e+08 
433 1.54334e+08 
434 1.49419e+08 
435 1.44773e+08 
436 1.40536e+08 
437 1.36454e+08 
438 1.32709e+08 
439 1.29253e+08 
440 1.26034e+08 
441 1.23183e+08 
442 1.20515e+08 
443 1.18025e+08 
444 1.15665e+08 
445 1.1348e+08 
446 1.11291e+08 
447 1.09112e+08 
448 1.06949e+08 
449 1.04802e+08 
450 1.02855e+08 
451 1.01138e+08 
452 9.95931e+07 
453 9.81566e+07 
454 9.69644e+07 
455 9.61127e+07 
456 9.54445e+07 
457 9.5069e+07 
458 9.46839e+07 
459 9.43927e+07 
460 9.42237e+07 
461 9.42097e+07 
462 9.4378e+07 
463 9.46014e+07 
464 9.48108e+07 
465 9.49161e+07 
466 9.47506e+07 
467 9.46261e+07 
468 9.44879e+07 
469 9.43404e+07 
470 9.42489e+07 
471 9.43045e+07 
472 9.43567e+07 
473 9.44479e+07 
474 9.44132e+07 
475 9.42261e+07 
476 9.37488e+07 
477 9.30363e+07 
478 9.2133e+07 
479 9.10689e+07 
480 8.96077e+07 
481 8.77984e+07 
482 8.56268e+07 
483 8.31016e+07 
484 8.0292e+07 
485 7.74017e+07 
486 7.44142e+07 
487 7.13617e+07 
488 6.83817e+07 
489 6.54718e+07 
490 6.2623e+07 
491 5.9844e+07 
492 5.71031e+07 
493 5.44687e+07 
494 5.19644e+07 
495 4.94509e+07 
496 4.71007e+07 
497 4.48044e+07 
498 4.25929e+07 
499 4.05572e+07 
500 3.86855e+07 
501 3.69451e+07 
502 3.53364e+07 
503 3.38212e+07 
504 3.24209e+07 
505 3.1034e+07 
506 2.97093e+07 
507 2.83619e+07 
508 2.69656e+07 
509 2.56628e+07 
510 2.43722e+07 
511 2.3113e+07 
512 2.18916e+07 
513 2.07293e+07 
514 1.96201e+07 
515 1.85754e+07 
516 1.75934e+07 
517 1.66379e+07 
518 1.56687e+07 
519 1.47186e+07 
520 1.38445e+07 
521 1.30204e+07 
522 1.21366e+07 
523 1.12795e+07 
524 1.03911e+07 
525 9.47701e+06 
526 8.56602e+06 
527 7.68452e+06 
528 6.86106e+06 
529 6.10094e+06 
530 5.42741e+06 
531 4.86103e+06 
532 4.36088e+06 
533 3.96109e+06 
534 3.63889e+06 
535 3.40509e+06 
536 3.21665e+06 
537 3.08985e+06 
538 2.99911e+06 
539 2.92911e+06 
540 2.88298e+06 
541 2.83958e+06 
542 2.80909e+06 
543 2.78207e+06 
544 2.79125e+06 
545 2.7978e+06 
546 2.8091e+06 
547 2.8028e+06 
548 2.79859e+06 
549 2.78882e+06 
550 2.75373e+06 
551 2.68893e+06 
552 2.60842e+06 
553 2.54088e+06 
554 2.45876e+06 
555 2.36811e+06 
556 2.27664e+06 
557 2.19732e+06 
558 2.15476e+06 
559 2.14509e+06 
560 2.1437e+06 
561 2.15335e+06 
562 2.16839e+06 
563 2.21469e+06 
564 2.30838e+06 
565 2.44845e+06 
566 2.62141e+06 
567 2.84823e+06 
568 3.08789e+06 
569 3.31287e+06 
570 3.51141e+06 
571 3.68327e+06 
572 3.81787e+06 
573 3.9085e+06 
574 3.9367e+06 
575 3.93032e+06 
576 3.88724e+06 
577 3.82339e+06 
578 3.73305e+06 
579 3.62291e+06 
580 3.43305e+06 
581 3.18668e+06 
582 2.92027e+06 
583 2.63714e+06 
584 2.35303e+06 
585 2.07854e+06 
586 1.82632e+06 
587 1.58287e+06 
588 1.34019e+06 
589 1.122e+06 
590 919028 
591 730544 
592 560771 
593 421337 
594 315088 
595 231512 
596 165980 
597 122188 
598 86745 
599 58847 
600 39003 
601 25059 
602 16173 
603 10038 
604 6200 
605 3278 
606 1687 
607 588 
608 226 
609 76 
610 30 
611 10 
612 0 
613 0 
614 0 
615 0 
616 0 
617 0 
618 0 
619 0 
620 0 
621 0 
622 0 
623 0 
624 0 
625 0 
626 0 
627 0 
628 0 
629 0 
630 0 
631 0 
632 0 
633 0 
634 0 
635 0 
636 0 
637 0 
638 0 
639 0 
640 0 
641 0 
642 0 
643 0 
644 0 
645 0 
646 0 
647 0 
648 0 
649 0 
650 0 
651 0 
652 0 
653 0 
654 0 
655 0 
656 0 
657 0 
658 0 
659 0 
660 0 
661 0 
662 0 
663 0 
664 0 
665 0 
666 0 
667 0 
668 0 
669 0 
670 0 
671 0 
672 0 
673 0 
674 0 
675 0 
676 0 
677 0 
678 0 
679 0 
680 0 
681 0 
682 0 
683 0 
684 0 
685 0 
686 0 
687 0 
688 0 
689 0 
690 0 
691 0 
692 0 
693 0 
694 0 
695 0 
696 0 
697 0 
698 0 
699 0 
700 0 
701 0 
702 0 
703 0 
704 0 
705 0 
706 0 
707 0 
708 0 
709 0 
710 0 
711 0 
712 0 
713 0 
714 0 
715 0 
716 0 
717 0 
718 0 
719 0 
720 0 
721 0 
722 0 
723 0 
724 0 
725 0 
726 0 
727 0 
728 0 
729 0 
730 0 
731 0 
732 0 
733 0 
734 0 
735 0 
736 0 
737 0 
738 0 
739 0 
740 0 
741 0 
742 0 
743 0 
744 0 
745 0 
746 0 
747 0 
748 0 
749 0 
750 0 
751 0 
752 0 
753 0 
754 0 
755 0 
756 0 
757 0 
758 0 
759 0 
760 0 
761 0 
762 0 
763 0 
764 0 
765 0 
766 0 
767 0 
768 0 
769 0 
770 0 
771 0 
772 0 
773 0 
774 0 
775 0 
776 0 
777 0 
778 0 
779 0 
780 0 
781 0 
782 0 
783 0 
784 0 
785 0 
786 0 
787 0 
788 0 
789 0 
790 0 
791 0 
792 0 
793 0 
794 0 
795 0 
796 0 
797 0 
798 0 
799 0 
