0 0 
1 304320 
2 437248 
3 594607 
4 774228 
5 976406 
6 1.20254e+06 
7 1.45376e+06 
8 1.72178e+06 
9 2.01889e+06 
10 2.3374e+06 
11 2.6688e+06 
12 3.0183e+06 
13 3.39143e+06 
14 3.78618e+06 
15 4.19455e+06 
16 4.61397e+06 
17 5.0604e+06 
18 5.52822e+06 
19 6.00124e+06 
20 6.4965e+06 
21 7.02434e+06 
22 7.5549e+06 
23 8.10797e+06 
24 8.69208e+06 
25 9.28332e+06 
26 9.8917e+06 
27 1.05084e+07 
28 1.11483e+07 
29 1.18108e+07 
30 1.24861e+07 
31 1.31996e+07 
32 1.39293e+07 
33 1.46645e+07 
34 1.54058e+07 
35 1.61692e+07 
36 1.69702e+07 
37 1.77652e+07 
38 1.85444e+07 
39 1.93398e+07 
40 2.01283e+07 
41 2.09051e+07 
42 2.16933e+07 
43 2.24927e+07 
44 2.32758e+07 
45 2.40641e+07 
46 2.48407e+07 
47 2.56197e+07 
48 2.63938e+07 
49 2.7157e+07 
50 2.79035e+07 
51 2.86354e+07 
52 2.93551e+07 
53 3.00758e+07 
54 3.07804e+07 
55 3.1497e+07 
56 3.21935e+07 
57 3.28781e+07 
58 3.35551e+07 
59 3.42461e+07 
60 3.49114e+07 
61 3.55318e+07 
62 3.61599e+07 
63 3.67916e+07 
64 3.74435e+07 
65 3.80275e+07 
66 3.86478e+07 
67 3.92474e+07 
68 3.98738e+07 
69 4.04384e+07 
70 4.10107e+07 
71 4.1556e+07 
72 4.21074e+07 
73 4.26593e+07 
74 4.31774e+07 
75 4.36775e+07 
76 4.41831e+07 
77 4.46955e+07 
78 4.51546e+07 
79 4.563e+07 
80 4.60721e+07 
81 4.64988e+07 
82 4.69447e+07 
83 4.73499e+07 
84 4.77637e+07 
85 4.8197e+07 
86 4.85915e+07 
87 4.89795e+07 
88 4.93741e+07 
89 4.97847e+07 
90 5.01792e+07 
91 5.05754e+07 
92 5.09361e+07 
93 5.13249e+07 
94 5.17214e+07 
95 5.2083e+07 
96 5.24388e+07 
97 5.28276e+07 
98 5.32063e+07 
99 5.35878e+07 
100 5.39381e+07 
101 5.42961e+07 
102 5.46575e+07 
103 5.49834e+07 
104 5.53079e+07 
105 5.56715e+07 
106 5.60353e+07 
107 5.63706e+07 
108 5.67128e+07 
109 5.70386e+07 
110 5.73656e+07 
111 5.7694e+07 
112 5.80682e+07 
113 5.84513e+07 
114 5.88113e+07 
115 5.91406e+07 
116 5.94824e+07 
117 5.98225e+07 
118 6.0181e+07 
119 6.05017e+07 
120 6.07633e+07 
121 6.10448e+07 
122 6.13373e+07 
123 6.16086e+07 
124 6.18845e+07 
125 6.21774e+07 
126 6.24432e+07 
127 6.26868e+07 
128 6.29599e+07 
129 6.31907e+07 
130 6.33742e+07 
131 6.35704e+07 
132 6.37804e+07 
133 6.39875e+07 
134 6.42126e+07 
135 6.44352e+07 
136 6.46101e+07 
137 6.47296e+07 
138 6.4868e+07 
139 6.49963e+07 
140 6.50919e+07 
141 6.51897e+07 
142 6.52649e+07 
143 6.53201e+07 
144 6.53616e+07 
145 6.53881e+07 
146 6.54452e+07 
147 6.55172e+07 
148 6.56076e+07 
149 6.56693e+07 
150 6.57709e+07 
151 6.58689e+07 
152 6.5973e+07 
153 6.60635e+07 
154 6.61878e+07 
155 6.62923e+07 
156 6.6438e+07 
157 6.65653e+07 
158 6.67214e+07 
159 6.68371e+07 
160 6.69604e+07 
161 6.70909e+07 
162 6.72006e+07 
163 6.73229e+07 
164 6.74698e+07 
165 6.75825e+07 
166 6.76626e+07 
167 6.77098e+07 
168 6.77456e+07 
169 6.77819e+07 
170 6.77834e+07 
171 6.7715e+07 
172 6.76536e+07 
173 6.75888e+07 
174 6.75222e+07 
175 6.74077e+07 
176 6.72542e+07 
177 6.70946e+07 
178 6.69372e+07 
179 6.67463e+07 
180 6.64894e+07 
181 6.62108e+07 
182 6.5876e+07 
183 6.55824e+07 
184 6.52203e+07 
185 6.48049e+07 
186 6.43778e+07 
187 6.3941e+07 
188 6.34198e+07 
189 6.28801e+07 
190 6.2293e+07 
191 6.16892e+07 
192 6.10734e+07 
193 6.03836e+07 
194 5.97166e+07 
195 5.9003e+07 
196 5.83063e+07 
197 5.75795e+07 
198 5.68606e+07 
199 5.61079e+07 
200 5.53745e+07 
201 5.46273e+07 
202 5.38428e+07 
203 5.30857e+07 
204 5.22899e+07 
205 5.14913e+07 
206 5.07003e+07 
207 4.99038e+07 
208 4.91171e+07 
209 4.83222e+07 
210 4.75167e+07 
211 4.66886e+07 
212 4.58968e+07 
213 4.51347e+07 
214 4.43577e+07 
215 4.36278e+07 
216 4.29236e+07 
217 4.21825e+07 
218 4.1485e+07 
219 4.07953e+07 
220 4.01462e+07 
221 3.94903e+07 
222 3.88467e+07 
223 3.82235e+07 
224 3.76024e+07 
225 3.69742e+07 
226 3.63565e+07 
227 3.5761e+07 
228 3.51569e+07 
229 3.45456e+07 
230 3.39637e+07 
231 3.33738e+07 
232 3.27939e+07 
233 3.22008e+07 
234 3.1637e+07 
235 3.11037e+07 
236 3.05919e+07 
237 3.00734e+07 
238 2.95644e+07 
239 2.90849e+07 
240 2.86117e+07 
241 2.81522e+07 
242 2.77094e+07 
243 2.72866e+07 
244 2.68843e+07 
245 2.65271e+07 
246 2.61717e+07 
247 2.58603e+07 
248 2.5595e+07 
249 2.5313e+07 
250 2.50504e+07 
251 2.48095e+07 
252 2.46025e+07 
253 2.44022e+07 
254 2.42426e+07 
255 2.40906e+07 
256 2.39654e+07 
257 2.38306e+07 
258 2.3731e+07 
259 2.36581e+07 
260 2.36216e+07 
261 2.36048e+07 
262 2.35985e+07 
263 2.35971e+07 
264 2.364e+07 
265 2.36971e+07 
266 2.37896e+07 
267 2.38795e+07 
268 2.39904e+07 
269 2.41079e+07 
270 2.42479e+07 
271 2.44271e+07 
272 2.46249e+07 
273 2.48344e+07 
274 2.5071e+07 
275 2.53114e+07 
276 2.5569e+07 
277 2.58464e+07 
278 2.61308e+07 
279 2.64491e+07 
280 2.67705e+07 
281 2.70918e+07 
282 2.74417e+07 
283 2.77971e+07 
284 2.81737e+07 
285 2.85551e+07 
286 2.89385e+07 
287 2.93193e+07 
288 2.97077e+07 
289 3.01204e+07 
290 3.05455e+07 
291 3.09725e+07 
292 3.14414e+07 
293 3.19014e+07 
294 3.23597e+07 
295 3.28477e+07 
296 3.33493e+07 
297 3.38723e+07 
298 3.43738e+07 
299 3.49131e+07 
300 3.5471e+07 
301 3.60445e+07 
302 3.66222e+07 
303 3.72072e+07 
304 3.78004e+07 
305 3.83828e+07 
306 3.89604e+07 
307 3.95198e+07 
308 4.00941e+07 
309 4.06218e+07 
310 4.11826e+07 
311 4.1729e+07 
312 4.22766e+07 
313 4.28128e+07 
314 4.33679e+07 
315 4.38754e+07 
316 4.43788e+07 
317 4.48785e+07 
318 4.53742e+07 
319 4.58777e+07 
320 4.63854e+07 
321 4.68952e+07 
322 4.74279e+07 
323 4.79601e+07 
324 4.85183e+07 
325 4.90615e+07 
326 4.96475e+07 
327 5.02289e+07 
328 5.08066e+07 
329 5.13755e+07 
330 5.19137e+07 
331 5.24691e+07 
332 5.30172e+07 
333 5.35757e+07 
334 5.4156e+07 
335 5.47116e+07 
336 5.52378e+07 
337 5.57602e+07 
338 5.62813e+07 
339 5.67604e+07 
340 5.72611e+07 
341 5.77799e+07 
342 5.82944e+07 
343 5.87661e+07 
344 5.93193e+07 
345 5.98191e+07 
346 6.03602e+07 
347 6.09428e+07 
348 6.14754e+07 
349 6.19963e+07 
350 6.25043e+07 
351 6.29971e+07 
352 6.34868e+07 
353 6.39706e+07 
354 6.4434e+07 
355 6.49481e+07 
356 6.54085e+07 
357 6.58476e+07 
358 6.62813e+07 
359 6.67131e+07 
360 6.71252e+07 
361 6.75197e+07 
362 6.78867e+07 
363 6.82291e+07 
364 6.85431e+07 
365 6.88478e+07 
366 6.91339e+07 
367 6.93723e+07 
368 6.95721e+07 
369 6.97998e+07 
370 6.99597e+07 
371 7.01433e+07 
372 7.02466e+07 
373 7.03517e+07 
374 7.04441e+07 
375 7.05292e+07 
376 7.05947e+07 
377 7.06214e+07 
378 7.06101e+07 
379 7.05855e+07 
380 7.05447e+07 
381 7.04543e+07 
382 7.0358e+07 
383 7.02352e+07 
384 7.00676e+07 
385 6.98687e+07 
386 6.96854e+07 
387 6.94424e+07 
388 6.91507e+07 
389 6.8813e+07 
390 6.84523e+07 
391 6.80906e+07 
392 6.77263e+07 
393 6.73157e+07 
394 6.69113e+07 
395 6.64926e+07 
396 6.60098e+07 
397 6.5537e+07 
398 6.50232e+07 
399 6.44678e+07 
400 6.39119e+07 
401 6.33202e+07 
402 6.26883e+07 
403 6.20213e+07 
404 6.1392e+07 
405 6.07538e+07 
406 6.00811e+07 
407 5.94392e+07 
408 5.87431e+07 
409 5.80664e+07 
410 5.73574e+07 
411 5.66502e+07 
412 5.59336e+07 
413 5.51947e+07 
414 5.44609e+07 
415 5.37412e+07 
416 5.30406e+07 
417 5.23324e+07 
418 5.15713e+07 
419 5.08508e+07 
420 5.01413e+07 
421 4.94665e+07 
422 4.87973e+07 
423 4.81639e+07 
424 4.75259e+07 
425 4.68814e+07 
426 4.62804e+07 
427 4.56407e+07 
428 4.50569e+07 
429 4.4441e+07 
430 4.38797e+07 
431 4.32827e+07 
432 4.26993e+07 
433 4.21326e+07 
434 4.15889e+07 
435 4.10354e+07 
436 4.04913e+07 
437 3.99528e+07 
438 3.94277e+07 
439 3.89115e+07 
440 3.84465e+07 
441 3.79498e+07 
442 3.74877e+07 
443 3.7056e+07 
444 3.66324e+07 
445 3.62599e+07 
446 3.58859e+07 
447 3.55229e+07 
448 3.51762e+07 
449 3.4834e+07 
450 3.44876e+07 
451 3.41327e+07 
452 3.37856e+07 
453 3.3446e+07 
454 3.31012e+07 
455 3.27854e+07 
456 3.2482e+07 
457 3.21892e+07 
458 3.18704e+07 
459 3.15697e+07 
460 3.12742e+07 
461 3.10009e+07 
462 3.07051e+07 
463 3.04404e+07 
464 3.01843e+07 
465 2.99329e+07 
466 2.96841e+07 
467 2.94483e+07 
468 2.91988e+07 
469 2.89452e+07 
470 2.86833e+07 
471 2.8439e+07 
472 2.81854e+07 
473 2.79448e+07 
474 2.76826e+07 
475 2.74498e+07 
476 2.71957e+07 
477 2.69217e+07 
478 2.6682e+07 
479 2.64405e+07 
480 2.6185e+07 
481 2.59473e+07 
482 2.57058e+07 
483 2.54782e+07 
484 2.52221e+07 
485 2.4996e+07 
486 2.47676e+07 
487 2.45211e+07 
488 2.42784e+07 
489 2.4024e+07 
490 2.379e+07 
491 2.35629e+07 
492 2.33071e+07 
493 2.30364e+07 
494 2.27862e+07 
495 2.25181e+07 
496 2.22685e+07 
497 2.20087e+07 
498 2.1743e+07 
499 2.14657e+07 
500 2.12029e+07 
501 2.09356e+07 
502 2.06748e+07 
503 2.04195e+07 
504 2.01431e+07 
505 1.98482e+07 
506 1.95901e+07 
507 1.92972e+07 
508 1.90432e+07 
509 1.87626e+07 
510 1.84883e+07 
511 1.82236e+07 
512 1.79469e+07 
513 1.76852e+07 
514 1.7412e+07 
515 1.71611e+07 
516 1.68963e+07 
517 1.6653e+07 
518 1.64248e+07 
519 1.61914e+07 
520 1.5965e+07 
521 1.57537e+07 
522 1.55487e+07 
523 1.53624e+07 
524 1.51644e+07 
525 1.5003e+07 
526 1.48408e+07 
527 1.46694e+07 
528 1.45204e+07 
529 1.43546e+07 
530 1.4217e+07 
531 1.40699e+07 
532 1.39172e+07 
533 1.3792e+07 
534 1.36714e+07 
535 1.35694e+07 
536 1.34986e+07 
537 1.342e+07 
538 1.33503e+07 
539 1.32885e+07 
540 1.3238e+07 
541 1.32048e+07 
542 1.31815e+07 
543 1.31629e+07 
544 1.31241e+07 
545 1.31111e+07 
546 1.30954e+07 
547 1.3068e+07 
548 1.30742e+07 
549 1.30726e+07 
550 1.30715e+07 
551 1.31018e+07 
552 1.31297e+07 
553 1.317e+07 
554 1.32341e+07 
555 1.3318e+07 
556 1.34031e+07 
557 1.34834e+07 
558 1.35804e+07 
559 1.36922e+07 
560 1.37919e+07 
561 1.38988e+07 
562 1.4011e+07 
563 1.41279e+07 
564 1.42552e+07 
565 1.43678e+07 
566 1.45044e+07 
567 1.46461e+07 
568 1.4801e+07 
569 1.49626e+07 
570 1.511e+07 
571 1.52705e+07 
572 1.54321e+07 
573 1.55906e+07 
574 1.57555e+07 
575 1.59269e+07 
576 1.6114e+07 
577 1.62965e+07 
578 1.64735e+07 
579 1.66711e+07 
580 1.68477e+07 
581 1.69986e+07 
582 1.71616e+07 
583 1.73489e+07 
584 1.75339e+07 
585 1.771e+07 
586 1.78936e+07 
587 1.80699e+07 
588 1.82381e+07 
589 1.83966e+07 
590 1.85597e+07 
591 1.87419e+07 
592 1.88981e+07 
593 1.90357e+07 
594 1.91874e+07 
595 1.93298e+07 
596 1.94393e+07 
597 1.95686e+07 
598 1.96895e+07 
599 1.9829e+07 
600 1.99535e+07 
601 2.00744e+07 
602 2.01835e+07 
603 2.03138e+07 
604 2.04259e+07 
605 2.05535e+07 
606 2.06472e+07 
607 2.07397e+07 
608 2.08178e+07 
609 2.09191e+07 
610 2.10327e+07 
611 2.11443e+07 
612 2.12664e+07 
613 2.13789e+07 
614 2.14775e+07 
615 2.15886e+07 
616 2.16741e+07 
617 2.17546e+07 
618 2.18261e+07 
619 2.18853e+07 
620 2.19547e+07 
621 2.19971e+07 
622 2.20349e+07 
623 2.20681e+07 
624 2.20852e+07 
625 2.20864e+07 
626 2.20847e+07 
627 2.20577e+07 
628 2.20586e+07 
629 2.20527e+07 
630 2.20354e+07 
631 2.19944e+07 
632 2.19625e+07 
633 2.19106e+07 
634 2.18748e+07 
635 2.18038e+07 
636 2.17417e+07 
637 2.16787e+07 
638 2.16095e+07 
639 2.15316e+07 
640 2.14642e+07 
641 2.13847e+07 
642 2.12948e+07 
643 2.12083e+07 
644 2.11107e+07 
645 2.10044e+07 
646 2.08846e+07 
647 2.07588e+07 
648 2.06297e+07 
649 2.05106e+07 
650 2.03947e+07 
651 2.02713e+07 
652 2.01372e+07 
653 1.9996e+07 
654 1.98887e+07 
655 1.97368e+07 
656 1.95816e+07 
657 1.9434e+07 
658 1.926e+07 
659 1.90748e+07 
660 1.88972e+07 
661 1.8696e+07 
662 1.85087e+07 
663 1.83066e+07 
664 1.81108e+07 
665 1.79249e+07 
666 1.77404e+07 
667 1.75473e+07 
668 1.73528e+07 
669 1.71281e+07 
670 1.69152e+07 
671 1.67123e+07 
672 1.64887e+07 
673 1.62736e+07 
674 1.60563e+07 
675 1.58334e+07 
676 1.55792e+07 
677 1.53163e+07 
678 1.5063e+07 
679 1.48137e+07 
680 1.45531e+07 
681 1.42845e+07 
682 1.40283e+07 
683 1.37805e+07 
684 1.35256e+07 
685 1.32628e+07 
686 1.30089e+07 
687 1.27336e+07 
688 1.24762e+07 
689 1.22195e+07 
690 1.19599e+07 
691 1.17041e+07 
692 1.14404e+07 
693 1.11706e+07 
694 1.09022e+07 
695 1.064e+07 
696 1.03672e+07 
697 1.01053e+07 
698 9.85023e+06 
699 9.58872e+06 
700 9.33368e+06 
701 9.08479e+06 
702 8.84952e+06 
703 8.59548e+06 
704 8.36575e+06 
705 8.1368e+06 
706 7.9044e+06 
707 7.674e+06 
708 7.44765e+06 
709 7.22826e+06 
710 7.02071e+06 
711 6.81825e+06 
712 6.6168e+06 
713 6.41807e+06 
714 6.22124e+06 
715 6.03768e+06 
716 5.85568e+06 
717 5.69495e+06 
718 5.52639e+06 
719 5.36665e+06 
720 5.21726e+06 
721 5.07934e+06 
722 4.94688e+06 
723 4.81511e+06 
724 4.69468e+06 
725 4.5775e+06 
726 4.46099e+06 
727 4.33179e+06 
728 4.23094e+06 
729 4.12754e+06 
730 4.03039e+06 
731 3.92012e+06 
732 3.81581e+06 
733 3.71553e+06 
734 3.61184e+06 
735 3.51306e+06 
736 3.41454e+06 
737 3.3213e+06 
738 3.22701e+06 
739 3.12206e+06 
740 3.02925e+06 
741 2.93594e+06 
742 2.84795e+06 
743 2.76215e+06 
744 2.67705e+06 
745 2.59248e+06 
746 2.51322e+06 
747 2.4334e+06 
748 2.35613e+06 
749 2.28668e+06 
750 2.2186e+06 
751 2.14598e+06 
752 2.08001e+06 
753 2.01256e+06 
754 1.94653e+06 
755 1.87771e+06 
756 1.81224e+06 
757 1.75042e+06 
758 1.68686e+06 
759 1.62373e+06 
760 1.56203e+06 
761 1.50014e+06 
762 1.43931e+06 
763 1.38047e+06 
764 1.32227e+06 
765 1.27021e+06 
766 1.21424e+06 
767 1.16285e+06 
768 1.10638e+06 
769 1.05547e+06 
770 999709 
771 942097 
772 884164 
773 829180 
774 776765 
775 723332 
776 672937 
777 622258 
778 571901 
779 529361 
780 484887 
781 442737 
782 401680 
783 365143 
784 329350 
785 295635 
786 263478 
787 232037 
788 204733 
789 179149 
790 153762 
791 131418 
792 112328 
793 94346 
794 78650 
795 63330 
796 50232 
797 39034 
798 29122 
799 19815 
