0 0 
1 6 
2 16 
3 22 
4 19 
5 36 
6 40 
7 26 
8 18 
9 54 
10 47 
11 112 
12 113 
13 159 
14 216 
15 347 
16 513 
17 748 
18 1042 
19 1594 
20 2046 
21 2417 
22 2985 
23 3592 
24 4270 
25 5209 
26 6350 
27 7747 
28 9422 
29 11406 
30 13991 
31 16411 
32 19792 
33 23356 
34 27436 
35 31435 
36 37337 
37 43632 
38 49824 
39 56937 
40 64054 
41 73104 
42 82227 
43 91241 
44 102536 
45 113048 
46 125490 
47 139307 
48 153440 
49 168081 
50 183015 
51 200191 
52 220950 
53 243089 
54 268435 
55 294635 
56 320369 
57 351020 
58 381307 
59 412997 
60 445443 
61 480939 
62 518263 
63 559126 
64 604150 
65 649199 
66 698078 
67 756171 
68 817778 
69 878607 
70 947812 
71 1.01908e+06 
72 1.08761e+06 
73 1.16384e+06 
74 1.245e+06 
75 1.32306e+06 
76 1.40691e+06 
77 1.49793e+06 
78 1.59184e+06 
79 1.68565e+06 
80 1.78183e+06 
81 1.88289e+06 
82 1.98848e+06 
83 2.10238e+06 
84 2.21718e+06 
85 2.33595e+06 
86 2.47152e+06 
87 2.60648e+06 
88 2.74648e+06 
89 2.89055e+06 
90 3.03075e+06 
91 3.18719e+06 
92 3.34827e+06 
93 3.51857e+06 
94 3.68731e+06 
95 3.84763e+06 
96 4.02589e+06 
97 4.20211e+06 
98 4.39028e+06 
99 4.57807e+06 
100 4.77616e+06 
101 4.96248e+06 
102 5.14854e+06 
103 5.33285e+06 
104 5.51527e+06 
105 5.70526e+06 
106 5.89446e+06 
107 6.08928e+06 
108 6.28516e+06 
109 6.47987e+06 
110 6.68011e+06 
111 6.8886e+06 
112 7.08858e+06 
113 7.29645e+06 
114 7.51401e+06 
115 7.75246e+06 
116 7.98532e+06 
117 8.2317e+06 
118 8.47557e+06 
119 8.72902e+06 
120 8.9805e+06 
121 9.23744e+06 
122 9.5021e+06 
123 9.77635e+06 
124 1.00431e+07 
125 1.03242e+07 
126 1.06141e+07 
127 1.09181e+07 
128 1.12165e+07 
129 1.15513e+07 
130 1.18865e+07 
131 1.22248e+07 
132 1.2562e+07 
133 1.29047e+07 
134 1.32375e+07 
135 1.3581e+07 
136 1.39211e+07 
137 1.42917e+07 
138 1.46226e+07 
139 1.49868e+07 
140 1.53398e+07 
141 1.56945e+07 
142 1.60707e+07 
143 1.64258e+07 
144 1.67834e+07 
145 1.71346e+07 
146 1.74816e+07 
147 1.78189e+07 
148 1.8181e+07 
149 1.85536e+07 
150 1.89287e+07 
151 1.92885e+07 
152 1.96482e+07 
153 1.9998e+07 
154 2.03515e+07 
155 2.07135e+07 
156 2.10683e+07 
157 2.1424e+07 
158 2.17933e+07 
159 2.21501e+07 
160 2.25117e+07 
161 2.28536e+07 
162 2.31966e+07 
163 2.35633e+07 
164 2.39201e+07 
165 2.42711e+07 
166 2.46162e+07 
167 2.4946e+07 
168 2.52976e+07 
169 2.56296e+07 
170 2.59642e+07 
171 2.6297e+07 
172 2.66279e+07 
173 2.69185e+07 
174 2.72352e+07 
175 2.75117e+07 
176 2.77702e+07 
177 2.80285e+07 
178 2.82589e+07 
179 2.84891e+07 
180 2.86984e+07 
181 2.8912e+07 
182 2.91059e+07 
183 2.92583e+07 
184 2.943e+07 
185 2.95537e+07 
186 2.96545e+07 
187 2.97935e+07 
188 2.99049e+07 
189 2.99965e+07 
190 3.00585e+07 
191 3.01188e+07 
192 3.02042e+07 
193 3.02811e+07 
194 3.03571e+07 
195 3.04611e+07 
196 3.05415e+07 
197 3.06386e+07 
198 3.07437e+07 
199 3.08582e+07 
200 3.09514e+07 
201 3.10703e+07 
202 3.12162e+07 
203 3.13628e+07 
204 3.15354e+07 
205 3.17132e+07 
206 3.19082e+07 
207 3.21101e+07 
208 3.23163e+07 
209 3.25016e+07 
210 3.26935e+07 
211 3.29334e+07 
212 3.31472e+07 
213 3.33476e+07 
214 3.35512e+07 
215 3.37774e+07 
216 3.39763e+07 
217 3.41485e+07 
218 3.43372e+07 
219 3.4501e+07 
220 3.47071e+07 
221 3.4927e+07 
222 3.51072e+07 
223 3.53085e+07 
224 3.552e+07 
225 3.56999e+07 
226 3.59056e+07 
227 3.60968e+07 
228 3.63119e+07 
229 3.64992e+07 
230 3.66982e+07 
231 3.68975e+07 
232 3.71265e+07 
233 3.73247e+07 
234 3.75556e+07 
235 3.77866e+07 
236 3.80129e+07 
237 3.82662e+07 
238 3.84996e+07 
239 3.87596e+07 
240 3.90348e+07 
241 3.93212e+07 
242 3.9608e+07 
243 3.98996e+07 
244 4.01868e+07 
245 4.04684e+07 
246 4.07743e+07 
247 4.10475e+07 
248 4.134e+07 
249 4.16362e+07 
250 4.19409e+07 
251 4.22524e+07 
252 4.25583e+07 
253 4.28491e+07 
254 4.31234e+07 
255 4.34104e+07 
256 4.37431e+07 
257 4.40653e+07 
258 4.43735e+07 
259 4.47051e+07 
260 4.50323e+07 
261 4.53863e+07 
262 4.57643e+07 
263 4.61405e+07 
264 4.65345e+07 
265 4.69254e+07 
266 4.73616e+07 
267 4.77991e+07 
268 4.82641e+07 
269 4.87486e+07 
270 4.92222e+07 
271 4.97143e+07 
272 5.02373e+07 
273 5.07778e+07 
274 5.13169e+07 
275 5.18479e+07 
276 5.2414e+07 
277 5.29881e+07 
278 5.35787e+07 
279 5.41817e+07 
280 5.48492e+07 
281 5.55203e+07 
282 5.62079e+07 
283 5.69109e+07 
284 5.76295e+07 
285 5.83326e+07 
286 5.90481e+07 
287 5.97943e+07 
288 6.05147e+07 
289 6.12484e+07 
290 6.19876e+07 
291 6.26977e+07 
292 6.34242e+07 
293 6.41574e+07 
294 6.48584e+07 
295 6.55552e+07 
296 6.6227e+07 
297 6.69326e+07 
298 6.76362e+07 
299 6.83213e+07 
300 6.90115e+07 
301 6.96901e+07 
302 7.04017e+07 
303 7.10874e+07 
304 7.17867e+07 
305 7.24866e+07 
306 7.31665e+07 
307 7.38533e+07 
308 7.45518e+07 
309 7.51852e+07 
310 7.58523e+07 
311 7.64796e+07 
312 7.7095e+07 
313 7.77191e+07 
314 7.83461e+07 
315 7.89526e+07 
316 7.95723e+07 
317 8.01834e+07 
318 8.07725e+07 
319 8.13633e+07 
320 8.19275e+07 
321 8.24873e+07 
322 8.30277e+07 
323 8.3599e+07 
324 8.41469e+07 
325 8.46777e+07 
326 8.52321e+07 
327 8.57947e+07 
328 8.63407e+07 
329 8.68636e+07 
330 8.74432e+07 
331 8.79774e+07 
332 8.85344e+07 
333 8.90634e+07 
334 8.96086e+07 
335 9.02031e+07 
336 9.07941e+07 
337 9.14267e+07 
338 9.20311e+07 
339 9.26552e+07 
340 9.32938e+07 
341 9.39448e+07 
342 9.45863e+07 
343 9.51559e+07 
344 9.57343e+07 
345 9.63131e+07 
346 9.69247e+07 
347 9.74867e+07 
348 9.81181e+07 
349 9.86827e+07 
350 9.92837e+07 
351 9.98845e+07 
352 1.00499e+08 
353 1.01092e+08 
354 1.01678e+08 
355 1.02248e+08 
356 1.02838e+08 
357 1.0342e+08 
358 1.0395e+08 
359 1.04448e+08 
360 1.04912e+08 
361 1.05395e+08 
362 1.05865e+08 
363 1.0627e+08 
364 1.06684e+08 
365 1.07048e+08 
366 1.07394e+08 
367 1.07678e+08 
368 1.07955e+08 
369 1.08133e+08 
370 1.08298e+08 
371 1.08407e+08 
372 1.08469e+08 
373 1.08472e+08 
374 1.08461e+08 
375 1.08408e+08 
376 1.0833e+08 
377 1.08193e+08 
378 1.08019e+08 
379 1.07794e+08 
380 1.07511e+08 
381 1.07193e+08 
382 1.0685e+08 
383 1.06477e+08 
384 1.06074e+08 
385 1.05677e+08 
386 1.0517e+08 
387 1.04716e+08 
388 1.0427e+08 
389 1.03758e+08 
390 1.03267e+08 
391 1.02788e+08 
392 1.02248e+08 
393 1.01707e+08 
394 1.01192e+08 
395 1.00641e+08 
396 1.00057e+08 
397 9.94876e+07 
398 9.8891e+07 
399 9.82903e+07 
400 9.76975e+07 
401 9.70401e+07 
402 9.63894e+07 
403 9.57175e+07 
404 9.50307e+07 
405 9.42965e+07 
406 9.35608e+07 
407 9.28278e+07 
408 9.207e+07 
409 9.13152e+07 
410 9.05375e+07 
411 8.97439e+07 
412 8.89312e+07 
413 8.81392e+07 
414 8.73232e+07 
415 8.64901e+07 
416 8.5663e+07 
417 8.48104e+07 
418 8.39316e+07 
419 8.30542e+07 
420 8.21112e+07 
421 8.12099e+07 
422 8.02187e+07 
423 7.92527e+07 
424 7.82992e+07 
425 7.73284e+07 
426 7.63518e+07 
427 7.53619e+07 
428 7.43763e+07 
429 7.33751e+07 
430 7.23832e+07 
431 7.13952e+07 
432 7.04034e+07 
433 6.93993e+07 
434 6.83872e+07 
435 6.73584e+07 
436 6.63179e+07 
437 6.52986e+07 
438 6.42476e+07 
439 6.32237e+07 
440 6.22158e+07 
441 6.1223e+07 
442 6.02245e+07 
443 5.92034e+07 
444 5.8213e+07 
445 5.72123e+07 
446 5.62061e+07 
447 5.52306e+07 
448 5.42734e+07 
449 5.33284e+07 
450 5.24049e+07 
451 5.14928e+07 
452 5.05723e+07 
453 4.96787e+07 
454 4.87971e+07 
455 4.79344e+07 
456 4.70817e+07 
457 4.62054e+07 
458 4.53602e+07 
459 4.45431e+07 
460 4.37105e+07 
461 4.29251e+07 
462 4.21634e+07 
463 4.14033e+07 
464 4.06653e+07 
465 3.99697e+07 
466 3.92318e+07 
467 3.85284e+07 
468 3.78331e+07 
469 3.71418e+07 
470 3.65034e+07 
471 3.58566e+07 
472 3.52264e+07 
473 3.4638e+07 
474 3.40312e+07 
475 3.34435e+07 
476 3.28896e+07 
477 3.23465e+07 
478 3.18369e+07 
479 3.13401e+07 
480 3.08481e+07 
481 3.03912e+07 
482 2.9934e+07 
483 2.95012e+07 
484 2.90643e+07 
485 2.86653e+07 
486 2.82753e+07 
487 2.79049e+07 
488 2.75311e+07 
489 2.71798e+07 
490 2.68643e+07 
491 2.65446e+07 
492 2.6249e+07 
493 2.59998e+07 
494 2.57502e+07 
495 2.55229e+07 
496 2.53264e+07 
497 2.51413e+07 
498 2.49836e+07 
499 2.4846e+07 
500 2.47193e+07 
501 2.46281e+07 
502 2.45503e+07 
503 2.44949e+07 
504 2.4455e+07 
505 2.44265e+07 
506 2.43984e+07 
507 2.43783e+07 
508 2.43638e+07 
509 2.43472e+07 
510 2.4363e+07 
511 2.43847e+07 
512 2.43769e+07 
513 2.44166e+07 
514 2.44534e+07 
515 2.44963e+07 
516 2.45471e+07 
517 2.45655e+07 
518 2.46132e+07 
519 2.46609e+07 
520 2.46938e+07 
521 2.47283e+07 
522 2.4781e+07 
523 2.48222e+07 
524 2.48581e+07 
525 2.49143e+07 
526 2.49629e+07 
527 2.50217e+07 
528 2.50852e+07 
529 2.51573e+07 
530 2.52477e+07 
531 2.53215e+07 
532 2.54148e+07 
533 2.55084e+07 
534 2.55987e+07 
535 2.56717e+07 
536 2.57351e+07 
537 2.57902e+07 
538 2.58559e+07 
539 2.59068e+07 
540 2.59504e+07 
541 2.59933e+07 
542 2.60116e+07 
543 2.60445e+07 
544 2.60624e+07 
545 2.60883e+07 
546 2.60745e+07 
547 2.60512e+07 
548 2.60151e+07 
549 2.5969e+07 
550 2.59229e+07 
551 2.58773e+07 
552 2.58242e+07 
553 2.57591e+07 
554 2.57015e+07 
555 2.56455e+07 
556 2.5578e+07 
557 2.54897e+07 
558 2.54103e+07 
559 2.53353e+07 
560 2.52463e+07 
561 2.51911e+07 
562 2.51153e+07 
563 2.50548e+07 
564 2.4982e+07 
565 2.49198e+07 
566 2.48507e+07 
567 2.47725e+07 
568 2.47417e+07 
569 2.46925e+07 
570 2.46441e+07 
571 2.45812e+07 
572 2.45264e+07 
573 2.44696e+07 
574 2.44207e+07 
575 2.43566e+07 
576 2.4295e+07 
577 2.42548e+07 
578 2.41691e+07 
579 2.40955e+07 
580 2.40476e+07 
581 2.39898e+07 
582 2.39635e+07 
583 2.39122e+07 
584 2.38808e+07 
585 2.38229e+07 
586 2.37663e+07 
587 2.36995e+07 
588 2.36216e+07 
589 2.35205e+07 
590 2.34427e+07 
591 2.33564e+07 
592 2.32734e+07 
593 2.31597e+07 
594 2.30696e+07 
595 2.29716e+07 
596 2.28816e+07 
597 2.27845e+07 
598 2.27054e+07 
599 2.26169e+07 
600 2.25436e+07 
601 2.24687e+07 
602 2.23832e+07 
603 2.22845e+07 
604 2.22259e+07 
605 2.21416e+07 
606 2.2056e+07 
607 2.19815e+07 
608 2.19086e+07 
609 2.18194e+07 
610 2.17477e+07 
611 2.16522e+07 
612 2.15739e+07 
613 2.14882e+07 
614 2.14131e+07 
615 2.13112e+07 
616 2.12123e+07 
617 2.11162e+07 
618 2.103e+07 
619 2.09506e+07 
620 2.08784e+07 
621 2.08025e+07 
622 2.07413e+07 
623 2.0661e+07 
624 2.05868e+07 
625 2.05213e+07 
626 2.04436e+07 
627 2.03662e+07 
628 2.02824e+07 
629 2.01993e+07 
630 2.01015e+07 
631 2.00021e+07 
632 1.99075e+07 
633 1.98018e+07 
634 1.96932e+07 
635 1.96031e+07 
636 1.94815e+07 
637 1.93549e+07 
638 1.92431e+07 
639 1.91105e+07 
640 1.89718e+07 
641 1.88246e+07 
642 1.86704e+07 
643 1.85115e+07 
644 1.83238e+07 
645 1.81359e+07 
646 1.79367e+07 
647 1.77529e+07 
648 1.75853e+07 
649 1.73929e+07 
650 1.71815e+07 
651 1.69971e+07 
652 1.67803e+07 
653 1.65323e+07 
654 1.63181e+07 
655 1.60905e+07 
656 1.58419e+07 
657 1.55936e+07 
658 1.53266e+07 
659 1.5063e+07 
660 1.47926e+07 
661 1.45362e+07 
662 1.42864e+07 
663 1.40409e+07 
664 1.3789e+07 
665 1.35222e+07 
666 1.32544e+07 
667 1.29803e+07 
668 1.27075e+07 
669 1.24258e+07 
670 1.21591e+07 
671 1.19007e+07 
672 1.16324e+07 
673 1.13697e+07 
674 1.11181e+07 
675 1.08604e+07 
676 1.05987e+07 
677 1.03344e+07 
678 1.00698e+07 
679 9.81194e+06 
680 9.5668e+06 
681 9.30863e+06 
682 9.05632e+06 
683 8.79146e+06 
684 8.5368e+06 
685 8.29551e+06 
686 8.03934e+06 
687 7.78892e+06 
688 7.52845e+06 
689 7.27921e+06 
690 7.03902e+06 
691 6.80601e+06 
692 6.57022e+06 
693 6.34603e+06 
694 6.1152e+06 
695 5.88685e+06 
696 5.67653e+06 
697 5.45786e+06 
698 5.25814e+06 
699 5.04553e+06 
700 4.83731e+06 
701 4.64752e+06 
702 4.45893e+06 
703 4.27917e+06 
704 4.11575e+06 
705 3.94747e+06 
706 3.76951e+06 
707 3.61869e+06 
708 3.46876e+06 
709 3.32419e+06 
710 3.19507e+06 
711 3.06118e+06 
712 2.93419e+06 
713 2.81446e+06 
714 2.6996e+06 
715 2.58091e+06 
716 2.46246e+06 
717 2.34696e+06 
718 2.23381e+06 
719 2.13282e+06 
720 2.03654e+06 
721 1.94257e+06 
722 1.85629e+06 
723 1.7669e+06 
724 1.68104e+06 
725 1.60694e+06 
726 1.53462e+06 
727 1.46392e+06 
728 1.3969e+06 
729 1.3247e+06 
730 1.26631e+06 
731 1.20626e+06 
732 1.15141e+06 
733 1.09939e+06 
734 1.04569e+06 
735 999917 
736 955069 
737 913717 
738 874934 
739 836166 
740 801592 
741 771662 
742 740105 
743 708577 
744 677489 
745 645108 
746 618151 
747 587654 
748 559817 
749 531454 
750 504576 
751 477536 
752 452412 
753 432305 
754 411030 
755 390737 
756 369490 
757 349564 
758 328573 
759 309649 
760 289442 
761 267512 
762 246835 
763 227403 
764 211465 
765 196612 
766 180350 
767 164369 
768 149808 
769 134597 
770 120523 
771 107341 
772 93601 
773 81617 
774 72450 
775 62680 
776 54638 
777 47603 
778 41433 
779 35947 
780 31324 
781 27198 
782 23736 
783 20619 
784 17621 
785 14943 
786 12763 
787 11238 
788 9481 
789 8062 
790 6723 
791 5564 
792 4369 
793 3649 
794 2761 
795 1891 
796 1098 
797 722 
798 412 
799 203 
