0 0 
1 0 
2 0 
3 0 
4 0 
5 0 
6 0 
7 0 
8 0 
9 0 
10 0 
11 0 
12 0 
13 0 
14 0 
15 0 
16 0 
17 0 
18 0 
19 0 
20 0 
21 0 
22 0 
23 0 
24 0 
25 0 
26 0 
27 0 
28 0 
29 0 
30 0 
31 0 
32 0 
33 0 
34 0 
35 0 
36 0 
37 0 
38 0 
39 0 
40 0 
41 0 
42 0 
43 0 
44 0 
45 0 
46 0 
47 0 
48 0 
49 0 
50 0 
51 0 
52 0 
53 0 
54 0 
55 0 
56 0 
57 0 
58 0 
59 0 
60 0 
61 0 
62 0 
63 0 
64 0 
65 0 
66 0 
67 0 
68 0 
69 0 
70 0 
71 0 
72 0 
73 0 
74 0 
75 0 
76 0 
77 0 
78 0 
79 0 
80 0 
81 0 
82 0 
83 0 
84 0 
85 0 
86 0 
87 0 
88 0 
89 0 
90 0 
91 0 
92 0 
93 0 
94 0 
95 0 
96 0 
97 0 
98 0 
99 0 
100 0 
101 0 
102 0 
103 0 
104 0 
105 0 
106 0 
107 0 
108 0 
109 0 
110 0 
111 0 
112 0 
113 0 
114 0 
115 0 
116 0 
117 0 
118 0 
119 0 
120 0 
121 0 
122 0 
123 0 
124 0 
125 0 
126 0 
127 0 
128 0 
129 0 
130 0 
131 0 
132 0 
133 0 
134 0 
135 0 
136 0 
137 0 
138 0 
139 0 
140 0 
141 0 
142 0 
143 0 
144 0 
145 0 
146 0 
147 0 
148 0 
149 0 
150 0 
151 0 
152 0 
153 0 
154 0 
155 0 
156 0 
157 0 
158 0 
159 0 
160 0 
161 0 
162 0 
163 0 
164 0 
165 0 
166 0 
167 0 
168 0 
169 0 
170 0 
171 0 
172 0 
173 0 
174 0 
175 0 
176 0 
177 0 
178 0 
179 0 
180 0 
181 0 
182 0 
183 0 
184 0 
185 0 
186 0 
187 0 
188 0 
189 0 
190 0 
191 0 
192 0 
193 0 
194 0 
195 0 
196 0 
197 0 
198 0 
199 0 
200 0 
201 0 
202 0 
203 0 
204 0 
205 0 
206 0 
207 0 
208 0 
209 0 
210 0 
211 0 
212 0 
213 0 
214 0 
215 0 
216 0 
217 0 
218 0 
219 0 
220 0 
221 0 
222 0 
223 0 
224 0 
225 0 
226 0 
227 0 
228 0 
229 0 
230 0 
231 0 
232 0 
233 0 
234 0 
235 1 
236 1 
237 8 
238 20 
239 60 
240 90 
241 250 
242 495 
243 748 
244 1199 
245 2086 
246 3243 
247 5448 
248 8809 
249 13312 
250 18565 
251 25083 
252 34111 
253 45100 
254 58330 
255 74408 
256 93507 
257 115709 
258 139735 
259 168110 
260 199349 
261 234800 
262 272759 
263 317815 
264 369321 
265 426093 
266 487971 
267 555615 
268 629974 
269 713430 
270 800817 
271 896771 
272 999840 
273 1.12054e+06 
274 1.24593e+06 
275 1.38804e+06 
276 1.54194e+06 
277 1.7107e+06 
278 1.89509e+06 
279 2.09119e+06 
280 2.30022e+06 
281 2.53209e+06 
282 2.78694e+06 
283 3.06218e+06 
284 3.36541e+06 
285 3.6742e+06 
286 4.00011e+06 
287 4.34974e+06 
288 4.70565e+06 
289 5.08344e+06 
290 5.48389e+06 
291 5.90908e+06 
292 6.33859e+06 
293 6.77017e+06 
294 7.23514e+06 
295 7.70661e+06 
296 8.1655e+06 
297 8.61816e+06 
298 9.08336e+06 
299 9.56248e+06 
300 1.00458e+07 
301 1.05465e+07 
302 1.10687e+07 
303 1.16075e+07 
304 1.21472e+07 
305 1.27272e+07 
306 1.33155e+07 
307 1.39319e+07 
308 1.45637e+07 
309 1.52403e+07 
310 1.59728e+07 
311 1.67459e+07 
312 1.75659e+07 
313 1.84522e+07 
314 1.9362e+07 
315 2.02976e+07 
316 2.13169e+07 
317 2.2398e+07 
318 2.35354e+07 
319 2.47299e+07 
320 2.59946e+07 
321 2.73271e+07 
322 2.86898e+07 
323 3.01011e+07 
324 3.15577e+07 
325 3.30655e+07 
326 3.4641e+07 
327 3.62678e+07 
328 3.79737e+07 
329 3.96732e+07 
330 4.14395e+07 
331 4.3266e+07 
332 4.51292e+07 
333 4.71119e+07 
334 4.91093e+07 
335 5.11064e+07 
336 5.3143e+07 
337 5.52871e+07 
338 5.74569e+07 
339 5.97146e+07 
340 6.19738e+07 
341 6.42624e+07 
342 6.66428e+07 
343 6.89743e+07 
344 7.14317e+07 
345 7.39024e+07 
346 7.64529e+07 
347 7.90281e+07 
348 8.17198e+07 
349 8.44407e+07 
350 8.71934e+07 
351 9.00565e+07 
352 9.30763e+07 
353 9.62629e+07 
354 9.96155e+07 
355 1.03162e+08 
356 1.06821e+08 
357 1.10617e+08 
358 1.14547e+08 
359 1.18578e+08 
360 1.22891e+08 
361 1.27418e+08 
362 1.32074e+08 
363 1.36949e+08 
364 1.41904e+08 
365 1.47011e+08 
366 1.52217e+08 
367 1.5764e+08 
368 1.63203e+08 
369 1.68993e+08 
370 1.74832e+08 
371 1.80853e+08 
372 1.86919e+08 
373 1.92964e+08 
374 1.99069e+08 
375 2.05164e+08 
376 2.11265e+08 
377 2.17498e+08 
378 2.23743e+08 
379 2.30068e+08 
380 2.36451e+08 
381 2.42885e+08 
382 2.49273e+08 
383 2.55556e+08 
384 2.61744e+08 
385 2.6786e+08 
386 2.73653e+08 
387 2.79237e+08 
388 2.84841e+08 
389 2.90158e+08 
390 2.95272e+08 
391 3.00046e+08 
392 3.04481e+08 
393 3.08691e+08 
394 3.12493e+08 
395 3.16096e+08 
396 3.19245e+08 
397 3.21892e+08 
398 3.24133e+08 
399 3.25758e+08 
400 3.26868e+08 
401 3.27311e+08 
402 3.27048e+08 
403 3.26263e+08 
404 3.24983e+08 
405 3.23029e+08 
406 3.20491e+08 
407 3.17462e+08 
408 3.13979e+08 
409 3.10118e+08 
410 3.0583e+08 
411 3.01213e+08 
412 2.9623e+08 
413 2.90824e+08 
414 2.85148e+08 
415 2.79194e+08 
416 2.73111e+08 
417 2.66874e+08 
418 2.60455e+08 
419 2.53887e+08 
420 2.47219e+08 
421 2.40578e+08 
422 2.33824e+08 
423 2.26971e+08 
424 2.20156e+08 
425 2.13245e+08 
426 2.06344e+08 
427 1.99449e+08 
428 1.92678e+08 
429 1.86104e+08 
430 1.79573e+08 
431 1.73227e+08 
432 1.67102e+08 
433 1.61074e+08 
434 1.55213e+08 
435 1.49631e+08 
436 1.44262e+08 
437 1.39129e+08 
438 1.34267e+08 
439 1.2967e+08 
440 1.25314e+08 
441 1.21188e+08 
442 1.17242e+08 
443 1.13547e+08 
444 1.10049e+08 
445 1.0665e+08 
446 1.03403e+08 
447 1.00283e+08 
448 9.72566e+07 
449 9.42737e+07 
450 9.14252e+07 
451 8.87392e+07 
452 8.62185e+07 
453 8.37632e+07 
454 8.13376e+07 
455 7.90423e+07 
456 7.68324e+07 
457 7.46826e+07 
458 7.25525e+07 
459 7.04501e+07 
460 6.83861e+07 
461 6.6304e+07 
462 6.42693e+07 
463 6.22563e+07 
464 6.02941e+07 
465 5.84152e+07 
466 5.65255e+07 
467 5.47379e+07 
468 5.30283e+07 
469 5.1315e+07 
470 4.9664e+07 
471 4.80654e+07 
472 4.64734e+07 
473 4.4984e+07 
474 4.35049e+07 
475 4.20657e+07 
476 4.06311e+07 
477 3.92235e+07 
478 3.78318e+07 
479 3.64858e+07 
480 3.51512e+07 
481 3.38287e+07 
482 3.25542e+07 
483 3.12697e+07 
484 3.00161e+07 
485 2.87518e+07 
486 2.75282e+07 
487 2.63588e+07 
488 2.52135e+07 
489 2.41528e+07 
490 2.31583e+07 
491 2.22022e+07 
492 2.13259e+07 
493 2.04411e+07 
494 1.95588e+07 
495 1.87145e+07 
496 1.78854e+07 
497 1.70602e+07 
498 1.62335e+07 
499 1.54114e+07 
500 1.46139e+07 
501 1.38366e+07 
502 1.30641e+07 
503 1.23281e+07 
504 1.16167e+07 
505 1.08911e+07 
506 1.01712e+07 
507 9.46976e+06 
508 8.78907e+06 
509 8.13359e+06 
510 7.52164e+06 
511 6.94814e+06 
512 6.39596e+06 
513 5.87718e+06 
514 5.37618e+06 
515 4.89996e+06 
516 4.45047e+06 
517 4.02544e+06 
518 3.6332e+06 
519 3.26546e+06 
520 2.92145e+06 
521 2.6086e+06 
522 2.32351e+06 
523 2.07073e+06 
524 1.84211e+06 
525 1.63204e+06 
526 1.44272e+06 
527 1.27506e+06 
528 1.12485e+06 
529 987705 
530 866648 
531 755834 
532 660240 
533 572352 
534 500785 
535 438157 
536 383245 
537 335493 
538 296469 
539 259665 
540 229596 
541 199587 
542 175309 
543 154736 
544 135927 
545 116759 
546 101637 
547 84561 
548 70899 
549 58754 
550 48208 
551 39103 
552 30802 
553 24426 
554 19887 
555 16388 
556 13807 
557 11883 
558 10135 
559 7960 
560 5698 
561 3912 
562 2528 
563 1577 
564 1049 
565 535 
566 244 
567 122 
568 70 
569 27 
570 3 
571 0 
572 0 
573 0 
574 0 
575 0 
576 0 
577 0 
578 0 
579 0 
580 0 
581 0 
582 0 
583 0 
584 0 
585 0 
586 0 
587 0 
588 0 
589 0 
590 0 
591 0 
592 0 
593 0 
594 0 
595 0 
596 0 
597 0 
598 0 
599 0 
600 0 
601 0 
602 0 
603 0 
604 0 
605 0 
606 0 
607 0 
608 0 
609 0 
610 0 
611 0 
612 0 
613 0 
614 0 
615 0 
616 0 
617 0 
618 0 
619 0 
620 0 
621 0 
622 0 
623 0 
624 0 
625 0 
626 0 
627 0 
628 0 
629 0 
630 0 
631 0 
632 0 
633 0 
634 0 
635 0 
636 0 
637 0 
638 0 
639 0 
640 0 
641 0 
642 0 
643 0 
644 0 
645 0 
646 0 
647 0 
648 0 
649 0 
650 0 
651 0 
652 0 
653 0 
654 0 
655 0 
656 0 
657 0 
658 0 
659 0 
660 0 
661 0 
662 0 
663 0 
664 0 
665 0 
666 0 
667 0 
668 0 
669 0 
670 0 
671 0 
672 0 
673 0 
674 0 
675 0 
676 0 
677 0 
678 0 
679 0 
680 0 
681 0 
682 0 
683 0 
684 0 
685 0 
686 0 
687 0 
688 0 
689 0 
690 0 
691 0 
692 0 
693 0 
694 0 
695 0 
696 0 
697 0 
698 0 
699 0 
700 0 
701 0 
702 0 
703 0 
704 0 
705 0 
706 0 
707 0 
708 0 
709 0 
710 0 
711 0 
712 0 
713 0 
714 0 
715 0 
716 0 
717 0 
718 0 
719 0 
720 0 
721 0 
722 0 
723 0 
724 0 
725 0 
726 0 
727 0 
728 0 
729 0 
730 0 
731 0 
732 0 
733 0 
734 0 
735 0 
736 0 
737 0 
738 0 
739 0 
740 0 
741 0 
742 0 
743 0 
744 0 
745 0 
746 0 
747 0 
748 0 
749 0 
750 0 
751 0 
752 0 
753 0 
754 0 
755 0 
756 0 
757 0 
758 0 
759 0 
760 0 
761 0 
762 0 
763 0 
764 0 
765 0 
766 0 
767 0 
768 0 
769 0 
770 0 
771 0 
772 0 
773 0 
774 0 
775 0 
776 0 
777 0 
778 0 
779 0 
780 0 
781 0 
782 0 
783 0 
784 0 
785 0 
786 0 
787 0 
788 0 
789 0 
790 0 
791 0 
792 0 
793 0 
794 0 
795 0 
796 0 
797 0 
798 0 
799 0 
