0 0 
1 0 
2 0 
3 0 
4 0 
5 0 
6 0 
7 0 
8 0 
9 0 
10 0 
11 0 
12 0 
13 0 
14 0 
15 0 
16 0 
17 0 
18 0 
19 0 
20 0 
21 0 
22 0 
23 0 
24 0 
25 0 
26 0 
27 0 
28 0 
29 0 
30 0 
31 0 
32 0 
33 0 
34 0 
35 0 
36 0 
37 0 
38 0 
39 0 
40 0 
41 0 
42 0 
43 0 
44 0 
45 0 
46 0 
47 0 
48 0 
49 0 
50 0 
51 0 
52 0 
53 0 
54 0 
55 0 
56 0 
57 0 
58 0 
59 0 
60 0 
61 0 
62 0 
63 0 
64 0 
65 0 
66 0 
67 0 
68 0 
69 0 
70 0 
71 0 
72 0 
73 0 
74 0 
75 0 
76 0 
77 0 
78 0 
79 0 
80 0 
81 0 
82 0 
83 0 
84 0 
85 0 
86 0 
87 0 
88 0 
89 0 
90 0 
91 0 
92 0 
93 0 
94 0 
95 0 
96 0 
97 0 
98 0 
99 0 
100 0 
101 0 
102 0 
103 0 
104 0 
105 0 
106 0 
107 0 
108 0 
109 0 
110 0 
111 0 
112 0 
113 0 
114 0 
115 0 
116 0 
117 0 
118 0 
119 0 
120 0 
121 0 
122 0 
123 0 
124 0 
125 0 
126 0 
127 0 
128 0 
129 0 
130 0 
131 0 
132 0 
133 0 
134 0 
135 0 
136 0 
137 0 
138 0 
139 0 
140 0 
141 0 
142 0 
143 1 
144 4 
145 5 
146 13 
147 15 
148 35 
149 25 
150 42 
151 49 
152 103 
153 144 
154 185 
155 269 
156 339 
157 456 
158 606 
159 665 
160 878 
161 1140 
162 1510 
163 1863 
164 2144 
165 2611 
166 3102 
167 3275 
168 3491 
169 3925 
170 4352 
171 4763 
172 5254 
173 6003 
174 6913 
175 8127 
176 9086 
177 9619 
178 10988 
179 11537 
180 12641 
181 13473 
182 14590 
183 16278 
184 17928 
185 18952 
186 20666 
187 22795 
188 25545 
189 28633 
190 30293 
191 33730 
192 36569 
193 39831 
194 43996 
195 46911 
196 51363 
197 56033 
198 61177 
199 66354 
200 71591 
201 75159 
202 80497 
203 85182 
204 91117 
205 95892 
206 102685 
207 110313 
208 116377 
209 124274 
210 132517 
211 140825 
212 151126 
213 162915 
214 174928 
215 186636 
216 201217 
217 215754 
218 230783 
219 249101 
220 268731 
221 286418 
222 302675 
223 319654 
224 338513 
225 357570 
226 375842 
227 395258 
228 419026 
229 442019 
230 465865 
231 487735 
232 514023 
233 542612 
234 568937 
235 597230 
236 630939 
237 663795 
238 699923 
239 735477 
240 771651 
241 813740 
242 856648 
243 899071 
244 940508 
245 989080 
246 1.0396e+06 
247 1.09285e+06 
248 1.14471e+06 
249 1.19891e+06 
250 1.26195e+06 
251 1.33035e+06 
252 1.39854e+06 
253 1.47236e+06 
254 1.54751e+06 
255 1.62195e+06 
256 1.71029e+06 
257 1.79358e+06 
258 1.88694e+06 
259 1.9864e+06 
260 2.08074e+06 
261 2.18651e+06 
262 2.28649e+06 
263 2.39781e+06 
264 2.5206e+06 
265 2.64764e+06 
266 2.76908e+06 
267 2.90166e+06 
268 3.03449e+06 
269 3.17071e+06 
270 3.30579e+06 
271 3.43797e+06 
272 3.57239e+06 
273 3.71741e+06 
274 3.86785e+06 
275 4.02204e+06 
276 4.17987e+06 
277 4.34827e+06 
278 4.53361e+06 
279 4.73542e+06 
280 4.94089e+06 
281 5.1661e+06 
282 5.38875e+06 
283 5.63338e+06 
284 5.88622e+06 
285 6.15216e+06 
286 6.44263e+06 
287 6.74822e+06 
288 7.07803e+06 
289 7.41964e+06 
290 7.79582e+06 
291 8.19012e+06 
292 8.59385e+06 
293 9.02644e+06 
294 9.49312e+06 
295 9.95761e+06 
296 1.04616e+07 
297 1.09907e+07 
298 1.1538e+07 
299 1.21154e+07 
300 1.27161e+07 
301 1.33521e+07 
302 1.40168e+07 
303 1.47136e+07 
304 1.5448e+07 
305 1.62149e+07 
306 1.69962e+07 
307 1.78231e+07 
308 1.86984e+07 
309 1.96081e+07 
310 2.05582e+07 
311 2.156e+07 
312 2.25987e+07 
313 2.36675e+07 
314 2.47858e+07 
315 2.59348e+07 
316 2.71438e+07 
317 2.83845e+07 
318 2.96729e+07 
319 3.1009e+07 
320 3.24011e+07 
321 3.38447e+07 
322 3.53407e+07 
323 3.6912e+07 
324 3.85636e+07 
325 4.02952e+07 
326 4.21127e+07 
327 4.39843e+07 
328 4.59393e+07 
329 4.79596e+07 
330 5.00435e+07 
331 5.22157e+07 
332 5.4503e+07 
333 5.68345e+07 
334 5.92554e+07 
335 6.17644e+07 
336 6.43485e+07 
337 6.70084e+07 
338 6.97804e+07 
339 7.26093e+07 
340 7.5578e+07 
341 7.86335e+07 
342 8.18011e+07 
343 8.50455e+07 
344 8.84126e+07 
345 9.19074e+07 
346 9.5518e+07 
347 9.92062e+07 
348 1.02969e+08 
349 1.06847e+08 
350 1.10819e+08 
351 1.14957e+08 
352 1.19131e+08 
353 1.23427e+08 
354 1.27782e+08 
355 1.32243e+08 
356 1.36749e+08 
357 1.41386e+08 
358 1.46065e+08 
359 1.50866e+08 
360 1.55648e+08 
361 1.60487e+08 
362 1.65443e+08 
363 1.70433e+08 
364 1.7548e+08 
365 1.80527e+08 
366 1.85549e+08 
367 1.90682e+08 
368 1.95763e+08 
369 2.00844e+08 
370 2.05985e+08 
371 2.11073e+08 
372 2.16155e+08 
373 2.21272e+08 
374 2.26224e+08 
375 2.3121e+08 
376 2.36111e+08 
377 2.40924e+08 
378 2.45653e+08 
379 2.5038e+08 
380 2.54913e+08 
381 2.59372e+08 
382 2.63708e+08 
383 2.6786e+08 
384 2.71911e+08 
385 2.75756e+08 
386 2.79453e+08 
387 2.82932e+08 
388 2.86159e+08 
389 2.89259e+08 
390 2.92076e+08 
391 2.94654e+08 
392 2.96941e+08 
393 2.98965e+08 
394 3.0062e+08 
395 3.02042e+08 
396 3.03203e+08 
397 3.04015e+08 
398 3.04428e+08 
399 3.0455e+08 
400 3.04297e+08 
401 3.03371e+08 
402 3.02118e+08 
403 3.00548e+08 
404 2.98612e+08 
405 2.96398e+08 
406 2.9385e+08 
407 2.91046e+08 
408 2.87987e+08 
409 2.84702e+08 
410 2.81126e+08 
411 2.77277e+08 
412 2.73267e+08 
413 2.68996e+08 
414 2.64519e+08 
415 2.5982e+08 
416 2.55003e+08 
417 2.50035e+08 
418 2.44902e+08 
419 2.39674e+08 
420 2.34379e+08 
421 2.29038e+08 
422 2.23519e+08 
423 2.18046e+08 
424 2.12444e+08 
425 2.06782e+08 
426 2.01095e+08 
427 1.95458e+08 
428 1.8977e+08 
429 1.8411e+08 
430 1.78454e+08 
431 1.72839e+08 
432 1.67259e+08 
433 1.61743e+08 
434 1.56268e+08 
435 1.50812e+08 
436 1.45474e+08 
437 1.40244e+08 
438 1.3513e+08 
439 1.30093e+08 
440 1.25168e+08 
441 1.20333e+08 
442 1.15617e+08 
443 1.11009e+08 
444 1.06503e+08 
445 1.02143e+08 
446 9.7912e+07 
447 9.38279e+07 
448 8.99042e+07 
449 8.60441e+07 
450 8.23531e+07 
451 7.87523e+07 
452 7.52638e+07 
453 7.19348e+07 
454 6.86778e+07 
455 6.55082e+07 
456 6.24619e+07 
457 5.95052e+07 
458 5.6688e+07 
459 5.39547e+07 
460 5.13219e+07 
461 4.87998e+07 
462 4.63875e+07 
463 4.40489e+07 
464 4.18431e+07 
465 3.97615e+07 
466 3.77421e+07 
467 3.58206e+07 
468 3.39929e+07 
469 3.22748e+07 
470 3.05759e+07 
471 2.89651e+07 
472 2.74646e+07 
473 2.6031e+07 
474 2.46831e+07 
475 2.3397e+07 
476 2.21965e+07 
477 2.10201e+07 
478 1.99181e+07 
479 1.88827e+07 
480 1.78868e+07 
481 1.69573e+07 
482 1.60541e+07 
483 1.51983e+07 
484 1.43722e+07 
485 1.35918e+07 
486 1.28631e+07 
487 1.21511e+07 
488 1.14951e+07 
489 1.08678e+07 
490 1.02723e+07 
491 9.71675e+06 
492 9.17918e+06 
493 8.65382e+06 
494 8.1617e+06 
495 7.69762e+06 
496 7.26252e+06 
497 6.8497e+06 
498 6.45311e+06 
499 6.07422e+06 
500 5.71308e+06 
501 5.38771e+06 
502 5.07448e+06 
503 4.77087e+06 
504 4.47573e+06 
505 4.20188e+06 
506 3.94366e+06 
507 3.69752e+06 
508 3.46524e+06 
509 3.24934e+06 
510 3.04559e+06 
511 2.85365e+06 
512 2.6658e+06 
513 2.49133e+06 
514 2.32805e+06 
515 2.17591e+06 
516 2.03261e+06 
517 1.89934e+06 
518 1.77393e+06 
519 1.66001e+06 
520 1.54941e+06 
521 1.44766e+06 
522 1.35886e+06 
523 1.27937e+06 
524 1.20207e+06 
525 1.12739e+06 
526 1.05656e+06 
527 993444 
528 932735 
529 879522 
530 832325 
531 788372 
532 745852 
533 707653 
534 671411 
535 639351 
536 605548 
537 577724 
538 550472 
539 527708 
540 503924 
541 482199 
542 461544 
543 443789 
544 425301 
545 406779 
546 390473 
547 376315 
548 362666 
549 349225 
550 333556 
551 320874 
552 309460 
553 297816 
554 288896 
555 277550 
556 271607 
557 263597 
558 256528 
559 249882 
560 244180 
561 238459 
562 231338 
563 223946 
564 216673 
565 210823 
566 202785 
567 196775 
568 189113 
569 182461 
570 174642 
571 168131 
572 159708 
573 152898 
574 147390 
575 138936 
576 130702 
577 123192 
578 115245 
579 108895 
580 101931 
581 93793 
582 87957 
583 82125 
584 74885 
585 68318 
586 61040 
587 55425 
588 47812 
589 41834 
590 36576 
591 31854 
592 27810 
593 23613 
594 19937 
595 16702 
596 14465 
597 12458 
598 10150 
599 8958 
600 6985 
601 5976 
602 4952 
603 4063 
604 3371 
605 2581 
606 1928 
607 1300 
608 884 
609 577 
610 349 
611 243 
612 187 
613 131 
614 88 
615 50 
616 52 
617 33 
618 13 
619 8 
620 6 
621 0 
622 0 
623 0 
624 0 
625 0 
626 0 
627 0 
628 0 
629 0 
630 0 
631 0 
632 0 
633 0 
634 0 
635 0 
636 0 
637 0 
638 0 
639 0 
640 0 
641 0 
642 0 
643 0 
644 0 
645 0 
646 0 
647 0 
648 0 
649 0 
650 0 
651 0 
652 0 
653 0 
654 0 
655 0 
656 0 
657 0 
658 0 
659 0 
660 0 
661 0 
662 0 
663 0 
664 0 
665 0 
666 0 
667 0 
668 0 
669 0 
670 0 
671 0 
672 0 
673 0 
674 0 
675 0 
676 0 
677 0 
678 0 
679 0 
680 0 
681 0 
682 0 
683 0 
684 0 
685 0 
686 0 
687 0 
688 0 
689 0 
690 0 
691 0 
692 0 
693 0 
694 0 
695 0 
696 0 
697 0 
698 0 
699 0 
700 0 
701 0 
702 0 
703 0 
704 0 
705 0 
706 0 
707 0 
708 0 
709 0 
710 0 
711 0 
712 0 
713 0 
714 0 
715 0 
716 0 
717 0 
718 0 
719 0 
720 0 
721 0 
722 0 
723 0 
724 0 
725 0 
726 0 
727 0 
728 0 
729 0 
730 0 
731 0 
732 0 
733 0 
734 0 
735 0 
736 0 
737 0 
738 0 
739 0 
740 0 
741 0 
742 0 
743 0 
744 0 
745 0 
746 0 
747 0 
748 0 
749 0 
750 0 
751 0 
752 0 
753 0 
754 0 
755 0 
756 0 
757 0 
758 0 
759 0 
760 0 
761 0 
762 0 
763 0 
764 0 
765 0 
766 0 
767 0 
768 0 
769 0 
770 0 
771 0 
772 0 
773 0 
774 0 
775 0 
776 0 
777 0 
778 0 
779 0 
780 0 
781 0 
782 0 
783 0 
784 0 
785 0 
786 0 
787 0 
788 0 
789 0 
790 0 
791 0 
792 0 
793 0 
794 0 
795 0 
796 0 
797 0 
798 0 
799 0 
