0 0 
1 0 
2 0 
3 0 
4 0 
5 0 
6 0 
7 0 
8 0 
9 0 
10 0 
11 0 
12 0 
13 0 
14 0 
15 0 
16 0 
17 0 
18 0 
19 0 
20 0 
21 0 
22 0 
23 0 
24 0 
25 0 
26 0 
27 0 
28 0 
29 0 
30 0 
31 0 
32 0 
33 0 
34 0 
35 0 
36 0 
37 0 
38 0 
39 0 
40 0 
41 0 
42 0 
43 0 
44 0 
45 0 
46 0 
47 0 
48 0 
49 0 
50 0 
51 0 
52 0 
53 0 
54 0 
55 0 
56 0 
57 0 
58 0 
59 0 
60 0 
61 0 
62 0 
63 0 
64 0 
65 0 
66 0 
67 0 
68 0 
69 0 
70 0 
71 0 
72 0 
73 0 
74 0 
75 0 
76 0 
77 0 
78 0 
79 0 
80 0 
81 0 
82 0 
83 0 
84 0 
85 0 
86 0 
87 0 
88 0 
89 0 
90 0 
91 0 
92 0 
93 0 
94 0 
95 0 
96 0 
97 0 
98 0 
99 0 
100 0 
101 0 
102 0 
103 0 
104 0 
105 0 
106 0 
107 0 
108 0 
109 0 
110 0 
111 0 
112 0 
113 0 
114 0 
115 0 
116 0 
117 0 
118 0 
119 0 
120 0 
121 0 
122 0 
123 0 
124 0 
125 0 
126 0 
127 0 
128 0 
129 0 
130 0 
131 0 
132 0 
133 0 
134 0 
135 0 
136 0 
137 0 
138 0 
139 0 
140 0 
141 0 
142 0 
143 0 
144 0 
145 0 
146 0 
147 0 
148 0 
149 0 
150 0 
151 0 
152 0 
153 0 
154 0 
155 0 
156 0 
157 0 
158 0 
159 0 
160 0 
161 0 
162 0 
163 0 
164 0 
165 0 
166 0 
167 0 
168 0 
169 0 
170 0 
171 0 
172 0 
173 0 
174 0 
175 0 
176 0 
177 0 
178 0 
179 0 
180 0 
181 0 
182 0 
183 0 
184 0 
185 0 
186 0 
187 0 
188 0 
189 0 
190 0 
191 0 
192 0 
193 0 
194 0 
195 0 
196 0 
197 0 
198 0 
199 0 
200 0 
201 0 
202 0 
203 0 
204 0 
205 0 
206 0 
207 0 
208 0 
209 0 
210 0 
211 0 
212 0 
213 0 
214 0 
215 0 
216 0 
217 0 
218 0 
219 0 
220 1 
221 2 
222 8 
223 20 
224 27 
225 53 
226 101 
227 161 
228 254 
229 367 
230 621 
231 888 
232 1427 
233 2187 
234 3117 
235 3798 
236 4567 
237 5778 
238 7169 
239 8560 
240 10699 
241 13576 
242 16496 
243 19856 
244 23091 
245 27290 
246 33122 
247 38790 
248 45987 
249 53381 
250 62389 
251 71947 
252 81980 
253 92690 
254 106495 
255 121877 
256 139320 
257 158719 
258 179578 
259 200627 
260 223860 
261 249283 
262 278348 
263 309566 
264 340811 
265 371663 
266 407361 
267 440654 
268 479788 
269 519329 
270 566087 
271 608993 
272 653417 
273 699552 
274 745189 
275 788566 
276 829262 
277 871373 
278 916373 
279 964351 
280 1.01411e+06 
281 1.06573e+06 
282 1.12005e+06 
283 1.17159e+06 
284 1.22652e+06 
285 1.28351e+06 
286 1.34499e+06 
287 1.41008e+06 
288 1.47903e+06 
289 1.55199e+06 
290 1.63291e+06 
291 1.72036e+06 
292 1.82329e+06 
293 1.93578e+06 
294 2.05186e+06 
295 2.17533e+06 
296 2.30695e+06 
297 2.45697e+06 
298 2.61419e+06 
299 2.77866e+06 
300 2.96972e+06 
301 3.17334e+06 
302 3.39581e+06 
303 3.63291e+06 
304 3.89206e+06 
305 4.17037e+06 
306 4.47804e+06 
307 4.8089e+06 
308 5.15965e+06 
309 5.53106e+06 
310 5.93716e+06 
311 6.3717e+06 
312 6.82202e+06 
313 7.31321e+06 
314 7.82258e+06 
315 8.35544e+06 
316 8.92831e+06 
317 9.5404e+06 
318 1.01829e+07 
319 1.08688e+07 
320 1.15947e+07 
321 1.23664e+07 
322 1.31885e+07 
323 1.40606e+07 
324 1.49961e+07 
325 1.60081e+07 
326 1.70594e+07 
327 1.8184e+07 
328 1.93953e+07 
329 2.06915e+07 
330 2.20811e+07 
331 2.35454e+07 
332 2.50917e+07 
333 2.67556e+07 
334 2.84904e+07 
335 3.03522e+07 
336 3.22845e+07 
337 3.43387e+07 
338 3.65212e+07 
339 3.88064e+07 
340 4.12146e+07 
341 4.37288e+07 
342 4.63435e+07 
343 4.9092e+07 
344 5.19458e+07 
345 5.49431e+07 
346 5.80754e+07 
347 6.12803e+07 
348 6.46664e+07 
349 6.81616e+07 
350 7.17692e+07 
351 7.55602e+07 
352 7.95147e+07 
353 8.3656e+07 
354 8.79853e+07 
355 9.25086e+07 
356 9.72703e+07 
357 1.0222e+08 
358 1.07413e+08 
359 1.12853e+08 
360 1.18466e+08 
361 1.24313e+08 
362 1.30338e+08 
363 1.36629e+08 
364 1.43048e+08 
365 1.49651e+08 
366 1.56454e+08 
367 1.63511e+08 
368 1.70649e+08 
369 1.77911e+08 
370 1.8529e+08 
371 1.9271e+08 
372 2.00223e+08 
373 2.07896e+08 
374 2.15643e+08 
375 2.23437e+08 
376 2.31345e+08 
377 2.39254e+08 
378 2.47164e+08 
379 2.5523e+08 
380 2.63154e+08 
381 2.71046e+08 
382 2.78887e+08 
383 2.86634e+08 
384 2.94256e+08 
385 3.01747e+08 
386 3.09061e+08 
387 3.16285e+08 
388 3.23196e+08 
389 3.29891e+08 
390 3.36171e+08 
391 3.4198e+08 
392 3.47406e+08 
393 3.52362e+08 
394 3.56848e+08 
395 3.60893e+08 
396 3.64416e+08 
397 3.67371e+08 
398 3.69784e+08 
399 3.71518e+08 
400 3.7272e+08 
401 3.72947e+08 
402 3.72525e+08 
403 3.71431e+08 
404 3.6976e+08 
405 3.67496e+08 
406 3.64686e+08 
407 3.61221e+08 
408 3.57331e+08 
409 3.52856e+08 
410 3.47787e+08 
411 3.42432e+08 
412 3.36749e+08 
413 3.30719e+08 
414 3.24427e+08 
415 3.17861e+08 
416 3.11116e+08 
417 3.04145e+08 
418 2.96949e+08 
419 2.8961e+08 
420 2.82157e+08 
421 2.74623e+08 
422 2.66936e+08 
423 2.59151e+08 
424 2.51334e+08 
425 2.43509e+08 
426 2.35555e+08 
427 2.27609e+08 
428 2.19732e+08 
429 2.11897e+08 
430 2.041e+08 
431 1.9635e+08 
432 1.88614e+08 
433 1.80974e+08 
434 1.73401e+08 
435 1.65929e+08 
436 1.58568e+08 
437 1.51404e+08 
438 1.44368e+08 
439 1.37526e+08 
440 1.30879e+08 
441 1.24472e+08 
442 1.18259e+08 
443 1.12272e+08 
444 1.06532e+08 
445 1.00969e+08 
446 9.57258e+07 
447 9.06184e+07 
448 8.57873e+07 
449 8.11299e+07 
450 7.66694e+07 
451 7.23834e+07 
452 6.82984e+07 
453 6.44238e+07 
454 6.07662e+07 
455 5.72327e+07 
456 5.39005e+07 
457 5.07773e+07 
458 4.77737e+07 
459 4.49647e+07 
460 4.23129e+07 
461 3.97821e+07 
462 3.74442e+07 
463 3.52161e+07 
464 3.31486e+07 
465 3.12018e+07 
466 2.93233e+07 
467 2.7556e+07 
468 2.58773e+07 
469 2.42827e+07 
470 2.2764e+07 
471 2.1326e+07 
472 1.99273e+07 
473 1.86114e+07 
474 1.73507e+07 
475 1.61352e+07 
476 1.50342e+07 
477 1.396e+07 
478 1.2966e+07 
479 1.20081e+07 
480 1.11029e+07 
481 1.02585e+07 
482 9.48559e+06 
483 8.75106e+06 
484 8.07741e+06 
485 7.44653e+06 
486 6.8599e+06 
487 6.32315e+06 
488 5.82224e+06 
489 5.34838e+06 
490 4.91001e+06 
491 4.49772e+06 
492 4.11239e+06 
493 3.7667e+06 
494 3.44045e+06 
495 3.13593e+06 
496 2.84792e+06 
497 2.57932e+06 
498 2.34186e+06 
499 2.12626e+06 
500 1.92078e+06 
501 1.72476e+06 
502 1.55439e+06 
503 1.40109e+06 
504 1.26632e+06 
505 1.14191e+06 
506 1.02763e+06 
507 935230 
508 847701 
509 766608 
510 695659 
511 630801 
512 572436 
513 523363 
514 480251 
515 442562 
516 404925 
517 369191 
518 333381 
519 301501 
520 271660 
521 246167 
522 221073 
523 196194 
524 174014 
525 151548 
526 132121 
527 118848 
528 104869 
529 92336 
530 81824 
531 72482 
532 64953 
533 58326 
534 52913 
535 47141 
536 43231 
537 39234 
538 35261 
539 32114 
540 29102 
541 26231 
542 23413 
543 21368 
544 19213 
545 17737 
546 15601 
547 13626 
548 11312 
549 9285 
550 7633 
551 5996 
552 4793 
553 3983 
554 3119 
555 2643 
556 2251 
557 1793 
558 1420 
559 1015 
560 906 
561 609 
562 457 
563 352 
564 212 
565 112 
566 91 
567 62 
568 42 
569 29 
570 22 
571 26 
572 26 
573 33 
574 30 
575 41 
576 37 
577 18 
578 11 
579 5 
580 0 
581 0 
582 0 
583 0 
584 0 
585 0 
586 0 
587 0 
588 0 
589 0 
590 0 
591 0 
592 0 
593 0 
594 0 
595 0 
596 0 
597 0 
598 0 
599 0 
600 0 
601 0 
602 0 
603 0 
604 0 
605 0 
606 0 
607 0 
608 0 
609 0 
610 0 
611 0 
612 0 
613 0 
614 0 
615 0 
616 0 
617 0 
618 0 
619 0 
620 0 
621 0 
622 0 
623 0 
624 0 
625 0 
626 0 
627 0 
628 0 
629 0 
630 0 
631 0 
632 0 
633 0 
634 0 
635 0 
636 0 
637 0 
638 0 
639 0 
640 0 
641 0 
642 0 
643 0 
644 0 
645 0 
646 0 
647 0 
648 0 
649 0 
650 0 
651 0 
652 0 
653 0 
654 0 
655 0 
656 0 
657 0 
658 0 
659 0 
660 0 
661 0 
662 0 
663 0 
664 0 
665 0 
666 0 
667 0 
668 0 
669 0 
670 0 
671 0 
672 0 
673 0 
674 0 
675 0 
676 0 
677 0 
678 0 
679 0 
680 0 
681 0 
682 0 
683 0 
684 0 
685 0 
686 0 
687 0 
688 0 
689 0 
690 0 
691 0 
692 0 
693 0 
694 0 
695 0 
696 0 
697 0 
698 0 
699 0 
700 0 
701 0 
702 0 
703 0 
704 0 
705 0 
706 0 
707 0 
708 0 
709 0 
710 0 
711 0 
712 0 
713 0 
714 0 
715 0 
716 0 
717 0 
718 0 
719 0 
720 0 
721 0 
722 0 
723 0 
724 0 
725 0 
726 0 
727 0 
728 0 
729 0 
730 0 
731 0 
732 0 
733 0 
734 0 
735 0 
736 0 
737 0 
738 0 
739 0 
740 0 
741 0 
742 0 
743 0 
744 0 
745 0 
746 0 
747 0 
748 0 
749 0 
750 0 
751 0 
752 0 
753 0 
754 0 
755 0 
756 0 
757 0 
758 0 
759 0 
760 0 
761 0 
762 0 
763 0 
764 0 
765 0 
766 0 
767 0 
768 0 
769 0 
770 0 
771 0 
772 0 
773 0 
774 0 
775 0 
776 0 
777 0 
778 0 
779 0 
780 0 
781 0 
782 0 
783 0 
784 0 
785 0 
786 0 
787 0 
788 0 
789 0 
790 0 
791 0 
792 0 
793 0 
794 0 
795 0 
796 0 
797 0 
798 0 
799 0 
