0 0 
1 0 
2 0 
3 0 
4 0 
5 0 
6 0 
7 0 
8 0 
9 0 
10 0 
11 0 
12 0 
13 0 
14 0 
15 0 
16 0 
17 0 
18 0 
19 0 
20 0 
21 0 
22 0 
23 0 
24 0 
25 0 
26 0 
27 0 
28 0 
29 0 
30 0 
31 0 
32 0 
33 0 
34 0 
35 0 
36 0 
37 0 
38 0 
39 0 
40 0 
41 0 
42 0 
43 0 
44 0 
45 0 
46 0 
47 0 
48 0 
49 0 
50 0 
51 0 
52 0 
53 0 
54 0 
55 0 
56 0 
57 0 
58 0 
59 0 
60 0 
61 0 
62 0 
63 0 
64 0 
65 0 
66 0 
67 0 
68 0 
69 0 
70 0 
71 0 
72 0 
73 0 
74 0 
75 0 
76 0 
77 0 
78 0 
79 0 
80 0 
81 0 
82 0 
83 0 
84 0 
85 0 
86 0 
87 0 
88 0 
89 0 
90 0 
91 0 
92 0 
93 0 
94 0 
95 0 
96 0 
97 0 
98 0 
99 0 
100 0 
101 0 
102 0 
103 0 
104 0 
105 0 
106 0 
107 0 
108 0 
109 0 
110 0 
111 0 
112 0 
113 0 
114 0 
115 0 
116 0 
117 0 
118 0 
119 0 
120 0 
121 0 
122 0 
123 0 
124 0 
125 0 
126 0 
127 0 
128 0 
129 0 
130 0 
131 0 
132 0 
133 0 
134 0 
135 0 
136 0 
137 0 
138 0 
139 0 
140 0 
141 0 
142 0 
143 0 
144 0 
145 0 
146 0 
147 0 
148 0 
149 0 
150 0 
151 0 
152 0 
153 0 
154 0 
155 0 
156 0 
157 0 
158 0 
159 0 
160 0 
161 0 
162 0 
163 0 
164 0 
165 0 
166 0 
167 0 
168 0 
169 0 
170 0 
171 0 
172 0 
173 0 
174 0 
175 0 
176 0 
177 0 
178 0 
179 0 
180 0 
181 0 
182 0 
183 0 
184 0 
185 0 
186 0 
187 0 
188 0 
189 0 
190 0 
191 0 
192 0 
193 0 
194 0 
195 0 
196 0 
197 0 
198 0 
199 0 
200 0 
201 0 
202 0 
203 0 
204 0 
205 0 
206 0 
207 1 
208 21 
209 56 
210 98 
211 261 
212 693 
213 1360 
214 2402 
215 4368 
216 6915 
217 10954 
218 16960 
219 26644 
220 42141 
221 63771 
222 90058 
223 129145 
224 184602 
225 252285 
226 335191 
227 434231 
228 556155 
229 701993 
230 873199 
231 1.07714e+06 
232 1.31735e+06 
233 1.59227e+06 
234 1.9382e+06 
235 2.3303e+06 
236 2.76994e+06 
237 3.28478e+06 
238 3.84928e+06 
239 4.45982e+06 
240 5.09878e+06 
241 5.75084e+06 
242 6.41295e+06 
243 7.08468e+06 
244 7.71718e+06 
245 8.36541e+06 
246 9.01915e+06 
247 9.67313e+06 
248 1.02623e+07 
249 1.08305e+07 
250 1.14016e+07 
251 1.19702e+07 
252 1.24849e+07 
253 1.29627e+07 
254 1.33532e+07 
255 1.36201e+07 
256 1.37418e+07 
257 1.37241e+07 
258 1.35695e+07 
259 1.33186e+07 
260 1.30027e+07 
261 1.26422e+07 
262 1.22743e+07 
263 1.19295e+07 
264 1.16828e+07 
265 1.14948e+07 
266 1.13034e+07 
267 1.11448e+07 
268 1.10711e+07 
269 1.11183e+07 
270 1.12574e+07 
271 1.14643e+07 
272 1.17274e+07 
273 1.20653e+07 
274 1.23883e+07 
275 1.27132e+07 
276 1.30146e+07 
277 1.33799e+07 
278 1.37366e+07 
279 1.40822e+07 
280 1.44834e+07 
281 1.49198e+07 
282 1.53272e+07 
283 1.57356e+07 
284 1.60449e+07 
285 1.63076e+07 
286 1.65653e+07 
287 1.67983e+07 
288 1.70699e+07 
289 1.73771e+07 
290 1.77025e+07 
291 1.80853e+07 
292 1.84164e+07 
293 1.87239e+07 
294 1.89152e+07 
295 1.89987e+07 
296 1.90025e+07 
297 1.89326e+07 
298 1.88142e+07 
299 1.87531e+07 
300 1.8757e+07 
301 1.88804e+07 
302 1.90347e+07 
303 1.93504e+07 
304 1.97804e+07 
305 2.02953e+07 
306 2.09355e+07 
307 2.16608e+07 
308 2.23548e+07 
309 2.31272e+07 
310 2.39983e+07 
311 2.50027e+07 
312 2.60875e+07 
313 2.72106e+07 
314 2.84501e+07 
315 2.97264e+07 
316 3.09398e+07 
317 3.21594e+07 
318 3.33725e+07 
319 3.45659e+07 
320 3.58308e+07 
321 3.71509e+07 
322 3.85139e+07 
323 3.99785e+07 
324 4.14678e+07 
325 4.32196e+07 
326 4.50517e+07 
327 4.6971e+07 
328 4.88738e+07 
329 5.07768e+07 
330 5.27166e+07 
331 5.46681e+07 
332 5.65978e+07 
333 5.85638e+07 
334 6.05465e+07 
335 6.24852e+07 
336 6.42702e+07 
337 6.59735e+07 
338 6.75991e+07 
339 6.92439e+07 
340 7.09502e+07 
341 7.27133e+07 
342 7.45233e+07 
343 7.63125e+07 
344 7.8016e+07 
345 7.96693e+07 
346 8.12395e+07 
347 8.28346e+07 
348 8.44973e+07 
349 8.63913e+07 
350 8.83306e+07 
351 9.04745e+07 
352 9.28545e+07 
353 9.54507e+07 
354 9.82157e+07 
355 1.01055e+08 
356 1.04115e+08 
357 1.07346e+08 
358 1.10797e+08 
359 1.14445e+08 
360 1.18204e+08 
361 1.22065e+08 
362 1.25952e+08 
363 1.29751e+08 
364 1.3369e+08 
365 1.3778e+08 
366 1.41939e+08 
367 1.46078e+08 
368 1.5038e+08 
369 1.54747e+08 
370 1.59169e+08 
371 1.63617e+08 
372 1.68073e+08 
373 1.72571e+08 
374 1.77072e+08 
375 1.81647e+08 
376 1.86378e+08 
377 1.91271e+08 
378 1.96255e+08 
379 2.01369e+08 
380 2.06492e+08 
381 2.11766e+08 
382 2.16725e+08 
383 2.21468e+08 
384 2.26144e+08 
385 2.30579e+08 
386 2.34925e+08 
387 2.39165e+08 
388 2.43078e+08 
389 2.4704e+08 
390 2.50879e+08 
391 2.54689e+08 
392 2.5814e+08 
393 2.61389e+08 
394 2.643e+08 
395 2.66839e+08 
396 2.68879e+08 
397 2.70353e+08 
398 2.71484e+08 
399 2.71929e+08 
400 2.71961e+08 
401 2.71237e+08 
402 2.70002e+08 
403 2.68062e+08 
404 2.65726e+08 
405 2.6279e+08 
406 2.59545e+08 
407 2.55949e+08 
408 2.51992e+08 
409 2.47802e+08 
410 2.43497e+08 
411 2.39123e+08 
412 2.34919e+08 
413 2.30918e+08 
414 2.27079e+08 
415 2.2361e+08 
416 2.20097e+08 
417 2.16555e+08 
418 2.13049e+08 
419 2.09585e+08 
420 2.06278e+08 
421 2.03162e+08 
422 2.0026e+08 
423 1.9762e+08 
424 1.9536e+08 
425 1.93313e+08 
426 1.91545e+08 
427 1.90195e+08 
428 1.88742e+08 
429 1.87148e+08 
430 1.85333e+08 
431 1.83314e+08 
432 1.81183e+08 
433 1.78758e+08 
434 1.7629e+08 
435 1.7344e+08 
436 1.70519e+08 
437 1.67482e+08 
438 1.63946e+08 
439 1.60201e+08 
440 1.56135e+08 
441 1.52095e+08 
442 1.47963e+08 
443 1.43661e+08 
444 1.39293e+08 
445 1.34801e+08 
446 1.30227e+08 
447 1.25577e+08 
448 1.20975e+08 
449 1.163e+08 
450 1.1176e+08 
451 1.07286e+08 
452 1.02981e+08 
453 9.88497e+07 
454 9.48575e+07 
455 9.11552e+07 
456 8.77717e+07 
457 8.44877e+07 
458 8.1442e+07 
459 7.84766e+07 
460 7.57225e+07 
461 7.33119e+07 
462 7.12394e+07 
463 6.93732e+07 
464 6.77417e+07 
465 6.62236e+07 
466 6.48058e+07 
467 6.34202e+07 
468 6.20144e+07 
469 6.06158e+07 
470 5.92545e+07 
471 5.77688e+07 
472 5.61749e+07 
473 5.44518e+07 
474 5.26358e+07 
475 5.10044e+07 
476 4.94853e+07 
477 4.81301e+07 
478 4.70301e+07 
479 4.59619e+07 
480 4.49863e+07 
481 4.40159e+07 
482 4.3123e+07 
483 4.2359e+07 
484 4.16379e+07 
485 4.0926e+07 
486 4.01906e+07 
487 3.93946e+07 
488 3.86267e+07 
489 3.77593e+07 
490 3.68335e+07 
491 3.58006e+07 
492 3.46886e+07 
493 3.35487e+07 
494 3.2452e+07 
495 3.14963e+07 
496 3.0643e+07 
497 2.98741e+07 
498 2.92597e+07 
499 2.86617e+07 
500 2.80257e+07 
501 2.73501e+07 
502 2.65989e+07 
503 2.58295e+07 
504 2.50567e+07 
505 2.43396e+07 
506 2.36954e+07 
507 2.30223e+07 
508 2.23566e+07 
509 2.16828e+07 
510 2.09889e+07 
511 2.036e+07 
512 1.9764e+07 
513 1.91378e+07 
514 1.84847e+07 
515 1.77795e+07 
516 1.70633e+07 
517 1.63311e+07 
518 1.55781e+07 
519 1.48364e+07 
520 1.40677e+07 
521 1.33044e+07 
522 1.24429e+07 
523 1.14989e+07 
524 1.05224e+07 
525 9.53805e+06 
526 8.56243e+06 
527 7.61996e+06 
528 6.7241e+06 
529 5.87196e+06 
530 5.04919e+06 
531 4.26162e+06 
532 3.57513e+06 
533 2.97613e+06 
534 2.44748e+06 
535 1.98682e+06 
536 1.59912e+06 
537 1.26991e+06 
538 1.00215e+06 
539 768849 
540 580461 
541 446131 
542 345639 
543 272200 
544 210884 
545 161581 
546 121204 
547 90957 
548 65883 
549 45978 
550 31021 
551 18969 
552 12705 
553 8650 
554 7376 
555 5213 
556 3388 
557 2225 
558 1175 
559 406 
560 246 
561 103 
562 11 
563 0 
564 0 
565 0 
566 0 
567 0 
568 0 
569 0 
570 0 
571 0 
572 0 
573 0 
574 0 
575 0 
576 0 
577 0 
578 0 
579 0 
580 0 
581 0 
582 0 
583 0 
584 0 
585 0 
586 0 
587 0 
588 0 
589 0 
590 0 
591 0 
592 0 
593 0 
594 0 
595 0 
596 0 
597 0 
598 0 
599 0 
600 0 
601 0 
602 0 
603 0 
604 0 
605 0 
606 0 
607 0 
608 0 
609 0 
610 0 
611 0 
612 0 
613 0 
614 0 
615 0 
616 0 
617 0 
618 0 
619 0 
620 0 
621 0 
622 0 
623 0 
624 0 
625 0 
626 0 
627 0 
628 0 
629 0 
630 0 
631 0 
632 0 
633 0 
634 0 
635 0 
636 0 
637 0 
638 0 
639 0 
640 0 
641 0 
642 0 
643 0 
644 0 
645 0 
646 0 
647 0 
648 0 
649 0 
650 0 
651 0 
652 0 
653 0 
654 0 
655 0 
656 0 
657 0 
658 0 
659 0 
660 0 
661 0 
662 0 
663 0 
664 0 
665 0 
666 0 
667 0 
668 0 
669 0 
670 0 
671 0 
672 0 
673 0 
674 0 
675 0 
676 0 
677 0 
678 0 
679 0 
680 0 
681 0 
682 0 
683 0 
684 0 
685 0 
686 0 
687 0 
688 0 
689 0 
690 0 
691 0 
692 0 
693 0 
694 0 
695 0 
696 0 
697 0 
698 0 
699 0 
700 0 
701 0 
702 0 
703 0 
704 0 
705 0 
706 0 
707 0 
708 0 
709 0 
710 0 
711 0 
712 0 
713 0 
714 0 
715 0 
716 0 
717 0 
718 0 
719 0 
720 0 
721 0 
722 0 
723 0 
724 0 
725 0 
726 0 
727 0 
728 0 
729 0 
730 0 
731 0 
732 0 
733 0 
734 0 
735 0 
736 0 
737 0 
738 0 
739 0 
740 0 
741 0 
742 0 
743 0 
744 0 
745 0 
746 0 
747 0 
748 0 
749 0 
750 0 
751 0 
752 0 
753 0 
754 0 
755 0 
756 0 
757 0 
758 0 
759 0 
760 0 
761 0 
762 0 
763 0 
764 0 
765 0 
766 0 
767 0 
768 0 
769 0 
770 0 
771 0 
772 0 
773 0 
774 0 
775 0 
776 0 
777 0 
778 0 
779 0 
780 0 
781 0 
782 0 
783 0 
784 0 
785 0 
786 0 
787 0 
788 0 
789 0 
790 0 
791 0 
792 0 
793 0 
794 0 
795 0 
796 0 
797 0 
798 0 
799 0 
