0 0 
1 0 
2 0 
3 0 
4 0 
5 0 
6 0 
7 0 
8 0 
9 0 
10 0 
11 0 
12 0 
13 0 
14 0 
15 0 
16 0 
17 0 
18 0 
19 0 
20 0 
21 0 
22 0 
23 0 
24 0 
25 0 
26 0 
27 0 
28 0 
29 0 
30 0 
31 0 
32 0 
33 0 
34 0 
35 0 
36 0 
37 0 
38 0 
39 0 
40 0 
41 0 
42 0 
43 0 
44 0 
45 0 
46 0 
47 0 
48 0 
49 0 
50 0 
51 0 
52 0 
53 0 
54 0 
55 0 
56 0 
57 0 
58 0 
59 0 
60 0 
61 0 
62 0 
63 0 
64 0 
65 0 
66 0 
67 0 
68 0 
69 0 
70 0 
71 0 
72 0 
73 0 
74 0 
75 0 
76 0 
77 0 
78 0 
79 0 
80 0 
81 0 
82 0 
83 0 
84 0 
85 0 
86 0 
87 0 
88 0 
89 0 
90 0 
91 0 
92 0 
93 0 
94 0 
95 0 
96 0 
97 0 
98 0 
99 0 
100 0 
101 0 
102 0 
103 0 
104 0 
105 0 
106 0 
107 0 
108 0 
109 0 
110 0 
111 0 
112 0 
113 0 
114 0 
115 0 
116 0 
117 0 
118 0 
119 0 
120 0 
121 0 
122 0 
123 0 
124 0 
125 0 
126 0 
127 0 
128 0 
129 0 
130 0 
131 0 
132 0 
133 0 
134 0 
135 0 
136 0 
137 0 
138 0 
139 0 
140 0 
141 0 
142 0 
143 0 
144 0 
145 0 
146 0 
147 0 
148 0 
149 0 
150 0 
151 0 
152 0 
153 0 
154 0 
155 0 
156 0 
157 0 
158 0 
159 0 
160 0 
161 0 
162 0 
163 0 
164 0 
165 0 
166 0 
167 0 
168 0 
169 0 
170 0 
171 0 
172 0 
173 0 
174 0 
175 0 
176 0 
177 0 
178 0 
179 0 
180 0 
181 0 
182 0 
183 0 
184 0 
185 0 
186 0 
187 0 
188 0 
189 0 
190 0 
191 0 
192 0 
193 0 
194 0 
195 0 
196 0 
197 0 
198 0 
199 0 
200 0 
201 0 
202 0 
203 0 
204 0 
205 0 
206 0 
207 0 
208 0 
209 0 
210 0 
211 0 
212 0 
213 0 
214 0 
215 0 
216 0 
217 0 
218 0 
219 0 
220 0 
221 0 
222 0 
223 0 
224 0 
225 0 
226 0 
227 0 
228 0 
229 0 
230 0 
231 0 
232 0 
233 0 
234 0 
235 0 
236 0 
237 0 
238 0 
239 0 
240 0 
241 0 
242 0 
243 0 
244 0 
245 0 
246 0 
247 0 
248 0 
249 0 
250 0 
251 0 
252 4 
253 10 
254 14 
255 28 
256 51 
257 63 
258 65 
259 111 
260 142 
261 233 
262 293 
263 362 
264 406 
265 504 
266 707 
267 890 
268 1268 
269 1636 
270 2118 
271 2675 
272 3342 
273 4305 
274 5206 
275 6772 
276 7896 
277 9205 
278 10748 
279 12519 
280 15056 
281 18053 
282 22136 
283 26882 
284 32957 
285 39063 
286 46684 
287 55477 
288 66788 
289 78178 
290 91318 
291 106086 
292 121901 
293 141732 
294 162902 
295 185455 
296 213142 
297 242957 
298 278090 
299 318359 
300 358683 
301 408529 
302 464078 
303 524252 
304 589699 
305 663859 
306 740268 
307 824552 
308 922455 
309 1.02696e+06 
310 1.14218e+06 
311 1.27612e+06 
312 1.42752e+06 
313 1.58545e+06 
314 1.76318e+06 
315 1.96677e+06 
316 2.19603e+06 
317 2.44631e+06 
318 2.72671e+06 
319 3.04182e+06 
320 3.38504e+06 
321 3.76902e+06 
322 4.17788e+06 
323 4.63134e+06 
324 5.12774e+06 
325 5.68234e+06 
326 6.28528e+06 
327 6.96482e+06 
328 7.69522e+06 
329 8.48117e+06 
330 9.31714e+06 
331 1.02591e+07 
332 1.12477e+07 
333 1.23407e+07 
334 1.352e+07 
335 1.48075e+07 
336 1.61896e+07 
337 1.76853e+07 
338 1.92933e+07 
339 2.10342e+07 
340 2.28957e+07 
341 2.49279e+07 
342 2.71029e+07 
343 2.94549e+07 
344 3.1986e+07 
345 3.46871e+07 
346 3.7577e+07 
347 4.06909e+07 
348 4.40266e+07 
349 4.75634e+07 
350 5.13389e+07 
351 5.53628e+07 
352 5.96148e+07 
353 6.40893e+07 
354 6.88097e+07 
355 7.38661e+07 
356 7.91965e+07 
357 8.4803e+07 
358 9.06668e+07 
359 9.68136e+07 
360 1.03275e+08 
361 1.10028e+08 
362 1.17103e+08 
363 1.24509e+08 
364 1.32149e+08 
365 1.40075e+08 
366 1.48285e+08 
367 1.56857e+08 
368 1.6569e+08 
369 1.74734e+08 
370 1.84056e+08 
371 1.93642e+08 
372 2.03427e+08 
373 2.1351e+08 
374 2.23718e+08 
375 2.34267e+08 
376 2.44967e+08 
377 2.55833e+08 
378 2.66781e+08 
379 2.77889e+08 
380 2.89027e+08 
381 3.00158e+08 
382 3.11309e+08 
383 3.22375e+08 
384 3.33336e+08 
385 3.44111e+08 
386 3.54713e+08 
387 3.64929e+08 
388 3.74917e+08 
389 3.845e+08 
390 3.93572e+08 
391 4.02102e+08 
392 4.10136e+08 
393 4.17399e+08 
394 4.2394e+08 
395 4.29715e+08 
396 4.34681e+08 
397 4.389e+08 
398 4.4207e+08 
399 4.4422e+08 
400 4.45387e+08 
401 4.44669e+08 
402 4.42881e+08 
403 4.4e+08 
404 4.36096e+08 
405 4.31356e+08 
406 4.25705e+08 
407 4.19296e+08 
408 4.1202e+08 
409 4.04183e+08 
410 3.95589e+08 
411 3.86617e+08 
412 3.77013e+08 
413 3.67055e+08 
414 3.56684e+08 
415 3.45952e+08 
416 3.34951e+08 
417 3.23781e+08 
418 3.12497e+08 
419 3.01118e+08 
420 2.89735e+08 
421 2.78369e+08 
422 2.67042e+08 
423 2.55804e+08 
424 2.44617e+08 
425 2.33662e+08 
426 2.22779e+08 
427 2.12154e+08 
428 2.01753e+08 
429 1.91658e+08 
430 1.81789e+08 
431 1.72188e+08 
432 1.62892e+08 
433 1.53958e+08 
434 1.45306e+08 
435 1.36982e+08 
436 1.28981e+08 
437 1.21326e+08 
438 1.14031e+08 
439 1.07042e+08 
440 1.00383e+08 
441 9.40428e+07 
442 8.80324e+07 
443 8.2392e+07 
444 7.69707e+07 
445 7.18365e+07 
446 6.69926e+07 
447 6.24152e+07 
448 5.81332e+07 
449 5.40894e+07 
450 5.02923e+07 
451 4.67337e+07 
452 4.34103e+07 
453 4.02768e+07 
454 3.73518e+07 
455 3.46222e+07 
456 3.20669e+07 
457 2.96587e+07 
458 2.74307e+07 
459 2.53455e+07 
460 2.33726e+07 
461 2.15538e+07 
462 1.98428e+07 
463 1.82858e+07 
464 1.6811e+07 
465 1.5442e+07 
466 1.41778e+07 
467 1.29976e+07 
468 1.19178e+07 
469 1.09024e+07 
470 9.95808e+06 
471 9.07933e+06 
472 8.28827e+06 
473 7.54653e+06 
474 6.86867e+06 
475 6.24387e+06 
476 5.6548e+06 
477 5.12716e+06 
478 4.64311e+06 
479 4.18557e+06 
480 3.7721e+06 
481 3.41044e+06 
482 3.08258e+06 
483 2.78493e+06 
484 2.51593e+06 
485 2.26949e+06 
486 2.0491e+06 
487 1.84933e+06 
488 1.66161e+06 
489 1.49367e+06 
490 1.34167e+06 
491 1.20213e+06 
492 1.07494e+06 
493 964131 
494 866947 
495 773377 
496 691977 
497 617500 
498 547274 
499 485628 
500 431366 
501 382157 
502 337356 
503 298462 
504 262577 
505 230230 
506 204106 
507 182045 
508 159348 
509 141467 
510 124897 
511 110887 
512 98531 
513 87419 
514 76748 
515 67255 
516 57731 
517 49481 
518 42717 
519 35923 
520 29875 
521 24793 
522 20491 
523 16612 
524 13235 
525 10714 
526 8670 
527 7154 
528 5904 
529 5085 
530 4341 
531 3711 
532 3174 
533 2561 
534 2170 
535 1877 
536 1456 
537 1105 
538 828 
539 575 
540 428 
541 309 
542 199 
543 111 
544 53 
545 22 
546 8 
547 5 
548 4 
549 1 
550 0 
551 0 
552 0 
553 0 
554 0 
555 0 
556 0 
557 0 
558 0 
559 0 
560 0 
561 0 
562 0 
563 0 
564 0 
565 0 
566 0 
567 0 
568 0 
569 0 
570 0 
571 0 
572 0 
573 0 
574 0 
575 0 
576 0 
577 0 
578 0 
579 0 
580 0 
581 0 
582 0 
583 0 
584 0 
585 0 
586 0 
587 0 
588 0 
589 0 
590 0 
591 0 
592 0 
593 0 
594 0 
595 0 
596 0 
597 0 
598 0 
599 0 
600 0 
601 0 
602 0 
603 0 
604 0 
605 0 
606 0 
607 0 
608 0 
609 0 
610 0 
611 0 
612 0 
613 0 
614 0 
615 0 
616 0 
617 0 
618 0 
619 0 
620 0 
621 0 
622 0 
623 0 
624 0 
625 0 
626 0 
627 0 
628 0 
629 0 
630 0 
631 0 
632 0 
633 0 
634 0 
635 0 
636 0 
637 0 
638 0 
639 0 
640 0 
641 0 
642 0 
643 0 
644 0 
645 0 
646 0 
647 0 
648 0 
649 0 
650 0 
651 0 
652 0 
653 0 
654 0 
655 0 
656 0 
657 0 
658 0 
659 0 
660 0 
661 0 
662 0 
663 0 
664 0 
665 0 
666 0 
667 0 
668 0 
669 0 
670 0 
671 0 
672 0 
673 0 
674 0 
675 0 
676 0 
677 0 
678 0 
679 0 
680 0 
681 0 
682 0 
683 0 
684 0 
685 0 
686 0 
687 0 
688 0 
689 0 
690 0 
691 0 
692 0 
693 0 
694 0 
695 0 
696 0 
697 0 
698 0 
699 0 
700 0 
701 0 
702 0 
703 0 
704 0 
705 0 
706 0 
707 0 
708 0 
709 0 
710 0 
711 0 
712 0 
713 0 
714 0 
715 0 
716 0 
717 0 
718 0 
719 0 
720 0 
721 0 
722 0 
723 0 
724 0 
725 0 
726 0 
727 0 
728 0 
729 0 
730 0 
731 0 
732 0 
733 0 
734 0 
735 0 
736 0 
737 0 
738 0 
739 0 
740 0 
741 0 
742 0 
743 0 
744 0 
745 0 
746 0 
747 0 
748 0 
749 0 
750 0 
751 0 
752 0 
753 0 
754 0 
755 0 
756 0 
757 0 
758 0 
759 0 
760 0 
761 0 
762 0 
763 0 
764 0 
765 0 
766 0 
767 0 
768 0 
769 0 
770 0 
771 0 
772 0 
773 0 
774 0 
775 0 
776 0 
777 0 
778 0 
779 0 
780 0 
781 0 
782 0 
783 0 
784 0 
785 0 
786 0 
787 0 
788 0 
789 0 
790 0 
791 0 
792 0 
793 0 
794 0 
795 0 
796 0 
797 0 
798 0 
799 0 
