0 0 
1 0 
2 0 
3 0 
4 0 
5 0 
6 0 
7 0 
8 0 
9 0 
10 0 
11 0 
12 0 
13 0 
14 0 
15 0 
16 0 
17 0 
18 0 
19 0 
20 0 
21 0 
22 0 
23 0 
24 0 
25 0 
26 0 
27 0 
28 0 
29 0 
30 0 
31 0 
32 0 
33 0 
34 0 
35 0 
36 0 
37 0 
38 0 
39 0 
40 0 
41 0 
42 0 
43 0 
44 0 
45 0 
46 0 
47 0 
48 0 
49 0 
50 0 
51 0 
52 0 
53 0 
54 0 
55 0 
56 0 
57 0 
58 0 
59 0 
60 0 
61 0 
62 0 
63 0 
64 0 
65 0 
66 0 
67 0 
68 0 
69 0 
70 0 
71 0 
72 0 
73 0 
74 0 
75 0 
76 0 
77 0 
78 0 
79 0 
80 0 
81 0 
82 0 
83 0 
84 0 
85 0 
86 0 
87 0 
88 0 
89 0 
90 0 
91 0 
92 0 
93 0 
94 0 
95 0 
96 0 
97 0 
98 0 
99 0 
100 0 
101 0 
102 0 
103 0 
104 0 
105 0 
106 0 
107 0 
108 0 
109 0 
110 0 
111 0 
112 0 
113 0 
114 0 
115 0 
116 0 
117 0 
118 0 
119 0 
120 0 
121 0 
122 0 
123 0 
124 0 
125 0 
126 0 
127 0 
128 0 
129 0 
130 0 
131 0 
132 0 
133 0 
134 0 
135 0 
136 0 
137 0 
138 0 
139 0 
140 0 
141 0 
142 0 
143 0 
144 0 
145 0 
146 0 
147 0 
148 0 
149 0 
150 0 
151 0 
152 0 
153 0 
154 0 
155 0 
156 0 
157 0 
158 0 
159 0 
160 0 
161 0 
162 0 
163 0 
164 0 
165 0 
166 0 
167 0 
168 0 
169 0 
170 0 
171 0 
172 0 
173 0 
174 0 
175 0 
176 0 
177 0 
178 0 
179 0 
180 0 
181 0 
182 0 
183 0 
184 0 
185 0 
186 0 
187 0 
188 0 
189 0 
190 0 
191 0 
192 0 
193 0 
194 0 
195 0 
196 0 
197 0 
198 0 
199 0 
200 0 
201 0 
202 0 
203 0 
204 0 
205 0 
206 0 
207 0 
208 0 
209 0 
210 0 
211 0 
212 0 
213 0 
214 0 
215 0 
216 0 
217 0 
218 0 
219 0 
220 0 
221 0 
222 0 
223 0 
224 0 
225 0 
226 0 
227 0 
228 0 
229 0 
230 0 
231 0 
232 0 
233 0 
234 0 
235 0 
236 0 
237 2 
238 14 
239 62 
240 177 
241 565 
242 1375 
243 2035 
244 2923 
245 4069 
246 5416 
247 7105 
248 10106 
249 16577 
250 27513 
251 40955 
252 57214 
253 80064 
254 114314 
255 160022 
256 208796 
257 264029 
258 325112 
259 394010 
260 469154 
261 551863 
262 643969 
263 754965 
264 878553 
265 1.0179e+06 
266 1.15982e+06 
267 1.29511e+06 
268 1.42198e+06 
269 1.54206e+06 
270 1.65367e+06 
271 1.74857e+06 
272 1.81298e+06 
273 1.84152e+06 
274 1.86508e+06 
275 1.90732e+06 
276 1.93164e+06 
277 1.9655e+06 
278 2.01042e+06 
279 2.06136e+06 
280 2.12175e+06 
281 2.22045e+06 
282 2.33704e+06 
283 2.45744e+06 
284 2.58988e+06 
285 2.73431e+06 
286 2.90766e+06 
287 3.0906e+06 
288 3.29048e+06 
289 3.54098e+06 
290 3.82127e+06 
291 4.13562e+06 
292 4.4817e+06 
293 4.8797e+06 
294 5.31278e+06 
295 5.75094e+06 
296 6.216e+06 
297 6.70581e+06 
298 7.23318e+06 
299 7.78718e+06 
300 8.38943e+06 
301 9.03854e+06 
302 9.70756e+06 
303 1.03592e+07 
304 1.10018e+07 
305 1.15994e+07 
306 1.22112e+07 
307 1.28125e+07 
308 1.34259e+07 
309 1.40527e+07 
310 1.47451e+07 
311 1.55088e+07 
312 1.63347e+07 
313 1.72514e+07 
314 1.83435e+07 
315 1.96305e+07 
316 2.10925e+07 
317 2.2752e+07 
318 2.46433e+07 
319 2.68159e+07 
320 2.91978e+07 
321 3.17823e+07 
322 3.45389e+07 
323 3.74449e+07 
324 4.04787e+07 
325 4.36742e+07 
326 4.69554e+07 
327 5.02739e+07 
328 5.36147e+07 
329 5.69296e+07 
330 6.02758e+07 
331 6.3618e+07 
332 6.68738e+07 
333 7.0011e+07 
334 7.29172e+07 
335 7.5689e+07 
336 7.83497e+07 
337 8.0795e+07 
338 8.32206e+07 
339 8.55179e+07 
340 8.76973e+07 
341 8.9774e+07 
342 9.16777e+07 
343 9.34887e+07 
344 9.52142e+07 
345 9.67787e+07 
346 9.83483e+07 
347 9.98684e+07 
348 1.01254e+08 
349 1.0266e+08 
350 1.04139e+08 
351 1.05658e+08 
352 1.07275e+08 
353 1.08992e+08 
354 1.11044e+08 
355 1.13378e+08 
356 1.16056e+08 
357 1.18975e+08 
358 1.22093e+08 
359 1.25409e+08 
360 1.291e+08 
361 1.33128e+08 
362 1.37521e+08 
363 1.42319e+08 
364 1.4733e+08 
365 1.5255e+08 
366 1.58219e+08 
367 1.64295e+08 
368 1.70631e+08 
369 1.77085e+08 
370 1.83591e+08 
371 1.90067e+08 
372 1.96574e+08 
373 2.03254e+08 
374 2.09937e+08 
375 2.1669e+08 
376 2.23561e+08 
377 2.3056e+08 
378 2.37687e+08 
379 2.44862e+08 
380 2.52297e+08 
381 2.59714e+08 
382 2.67283e+08 
383 2.74987e+08 
384 2.82387e+08 
385 2.89669e+08 
386 2.96894e+08 
387 3.04408e+08 
388 3.12176e+08 
389 3.19981e+08 
390 3.2792e+08 
391 3.3606e+08 
392 3.44638e+08 
393 3.5353e+08 
394 3.62378e+08 
395 3.70921e+08 
396 3.79136e+08 
397 3.86792e+08 
398 3.93416e+08 
399 3.98946e+08 
400 4.02912e+08 
401 4.05333e+08 
402 4.06083e+08 
403 4.04895e+08 
404 4.02018e+08 
405 3.97577e+08 
406 3.91747e+08 
407 3.84279e+08 
408 3.75476e+08 
409 3.65735e+08 
410 3.54641e+08 
411 3.42737e+08 
412 3.30182e+08 
413 3.17497e+08 
414 3.04646e+08 
415 2.91823e+08 
416 2.79348e+08 
417 2.67405e+08 
418 2.56095e+08 
419 2.45265e+08 
420 2.34837e+08 
421 2.24938e+08 
422 2.1562e+08 
423 2.07113e+08 
424 1.99084e+08 
425 1.91547e+08 
426 1.84172e+08 
427 1.77038e+08 
428 1.6999e+08 
429 1.63237e+08 
430 1.56642e+08 
431 1.50118e+08 
432 1.43636e+08 
433 1.37411e+08 
434 1.31423e+08 
435 1.25584e+08 
436 1.19985e+08 
437 1.14532e+08 
438 1.09362e+08 
439 1.04122e+08 
440 9.90179e+07 
441 9.40412e+07 
442 8.91466e+07 
443 8.42764e+07 
444 7.94299e+07 
445 7.47449e+07 
446 7.03253e+07 
447 6.61068e+07 
448 6.21033e+07 
449 5.83797e+07 
450 5.48915e+07 
451 5.16419e+07 
452 4.8689e+07 
453 4.58993e+07 
454 4.32441e+07 
455 4.06473e+07 
456 3.81899e+07 
457 3.58513e+07 
458 3.36264e+07 
459 3.14313e+07 
460 2.93045e+07 
461 2.72502e+07 
462 2.51767e+07 
463 2.30927e+07 
464 2.10656e+07 
465 1.91364e+07 
466 1.72957e+07 
467 1.55546e+07 
468 1.40333e+07 
469 1.26452e+07 
470 1.14184e+07 
471 1.03424e+07 
472 9.34421e+06 
473 8.44985e+06 
474 7.65623e+06 
475 6.95483e+06 
476 6.32735e+06 
477 5.75584e+06 
478 5.2381e+06 
479 4.80705e+06 
480 4.43996e+06 
481 4.12209e+06 
482 3.8575e+06 
483 3.60302e+06 
484 3.3494e+06 
485 3.12341e+06 
486 2.90753e+06 
487 2.69443e+06 
488 2.52928e+06 
489 2.39593e+06 
490 2.27256e+06 
491 2.15634e+06 
492 2.05116e+06 
493 1.9754e+06 
494 1.91407e+06 
495 1.89194e+06 
496 1.88094e+06 
497 1.87422e+06 
498 1.86037e+06 
499 1.83994e+06 
500 1.80568e+06 
501 1.7804e+06 
502 1.77082e+06 
503 1.76005e+06 
504 1.76413e+06 
505 1.79387e+06 
506 1.82573e+06 
507 1.86202e+06 
508 1.89441e+06 
509 1.91836e+06 
510 1.94773e+06 
511 1.96931e+06 
512 1.96176e+06 
513 1.92265e+06 
514 1.85686e+06 
515 1.74942e+06 
516 1.61873e+06 
517 1.47612e+06 
518 1.32775e+06 
519 1.18864e+06 
520 1.0447e+06 
521 904120 
522 747602 
523 598372 
524 466732 
525 362451 
526 277085 
527 214111 
528 168433 
529 135968 
530 112747 
531 91259 
532 73174 
533 58538 
534 44522 
535 34764 
536 27179 
537 19586 
538 13213 
539 9147 
540 6806 
541 5533 
542 4379 
543 3006 
544 1918 
545 1027 
546 501 
547 140 
548 79 
549 51 
550 7 
551 0 
552 0 
553 0 
554 0 
555 0 
556 0 
557 0 
558 0 
559 0 
560 0 
561 0 
562 0 
563 0 
564 0 
565 0 
566 0 
567 0 
568 0 
569 0 
570 0 
571 0 
572 0 
573 0 
574 0 
575 0 
576 0 
577 0 
578 0 
579 0 
580 0 
581 0 
582 0 
583 0 
584 0 
585 0 
586 0 
587 0 
588 0 
589 0 
590 0 
591 0 
592 0 
593 0 
594 0 
595 0 
596 0 
597 0 
598 0 
599 0 
600 0 
601 0 
602 0 
603 0 
604 0 
605 0 
606 0 
607 0 
608 0 
609 0 
610 0 
611 0 
612 0 
613 0 
614 0 
615 0 
616 0 
617 0 
618 0 
619 0 
620 0 
621 0 
622 0 
623 0 
624 0 
625 0 
626 0 
627 0 
628 0 
629 0 
630 0 
631 0 
632 0 
633 0 
634 0 
635 0 
636 0 
637 0 
638 0 
639 0 
640 0 
641 0 
642 0 
643 0 
644 0 
645 0 
646 0 
647 0 
648 0 
649 0 
650 0 
651 0 
652 0 
653 0 
654 0 
655 0 
656 0 
657 0 
658 0 
659 0 
660 0 
661 0 
662 0 
663 0 
664 0 
665 0 
666 0 
667 0 
668 0 
669 0 
670 0 
671 0 
672 0 
673 0 
674 0 
675 0 
676 0 
677 0 
678 0 
679 0 
680 0 
681 0 
682 0 
683 0 
684 0 
685 0 
686 0 
687 0 
688 0 
689 0 
690 0 
691 0 
692 0 
693 0 
694 0 
695 0 
696 0 
697 0 
698 0 
699 0 
700 0 
701 0 
702 0 
703 0 
704 0 
705 0 
706 0 
707 0 
708 0 
709 0 
710 0 
711 0 
712 0 
713 0 
714 0 
715 0 
716 0 
717 0 
718 0 
719 0 
720 0 
721 0 
722 0 
723 0 
724 0 
725 0 
726 0 
727 0 
728 0 
729 0 
730 0 
731 0 
732 0 
733 0 
734 0 
735 0 
736 0 
737 0 
738 0 
739 0 
740 0 
741 0 
742 0 
743 0 
744 0 
745 0 
746 0 
747 0 
748 0 
749 0 
750 0 
751 0 
752 0 
753 0 
754 0 
755 0 
756 0 
757 0 
758 0 
759 0 
760 0 
761 0 
762 0 
763 0 
764 0 
765 0 
766 0 
767 0 
768 0 
769 0 
770 0 
771 0 
772 0 
773 0 
774 0 
775 0 
776 0 
777 0 
778 0 
779 0 
780 0 
781 0 
782 0 
783 0 
784 0 
785 0 
786 0 
787 0 
788 0 
789 0 
790 0 
791 0 
792 0 
793 0 
794 0 
795 0 
796 0 
797 0 
798 0 
799 0 
