0 0 
1 0 
2 0 
3 0 
4 0 
5 0 
6 0 
7 0 
8 0 
9 0 
10 0 
11 0 
12 0 
13 0 
14 0 
15 0 
16 0 
17 0 
18 0 
19 0 
20 0 
21 0 
22 0 
23 0 
24 0 
25 0 
26 0 
27 0 
28 0 
29 0 
30 0 
31 0 
32 0 
33 0 
34 0 
35 0 
36 0 
37 0 
38 0 
39 0 
40 0 
41 0 
42 0 
43 0 
44 0 
45 0 
46 0 
47 0 
48 0 
49 0 
50 0 
51 0 
52 0 
53 0 
54 0 
55 0 
56 0 
57 0 
58 0 
59 0 
60 0 
61 0 
62 0 
63 0 
64 0 
65 0 
66 0 
67 0 
68 0 
69 0 
70 0 
71 0 
72 0 
73 0 
74 0 
75 0 
76 0 
77 0 
78 0 
79 0 
80 0 
81 0 
82 0 
83 0 
84 0 
85 0 
86 0 
87 0 
88 0 
89 0 
90 0 
91 0 
92 0 
93 0 
94 0 
95 0 
96 0 
97 0 
98 0 
99 0 
100 0 
101 0 
102 0 
103 0 
104 0 
105 0 
106 0 
107 0 
108 0 
109 0 
110 0 
111 0 
112 0 
113 0 
114 0 
115 0 
116 0 
117 0 
118 0 
119 0 
120 0 
121 0 
122 0 
123 0 
124 0 
125 0 
126 0 
127 0 
128 0 
129 0 
130 0 
131 0 
132 0 
133 0 
134 0 
135 0 
136 0 
137 0 
138 0 
139 0 
140 0 
141 0 
142 0 
143 0 
144 0 
145 0 
146 0 
147 0 
148 0 
149 0 
150 0 
151 0 
152 0 
153 0 
154 0 
155 0 
156 0 
157 0 
158 0 
159 0 
160 0 
161 0 
162 0 
163 0 
164 0 
165 0 
166 0 
167 0 
168 0 
169 0 
170 0 
171 0 
172 0 
173 0 
174 0 
175 0 
176 0 
177 0 
178 0 
179 0 
180 0 
181 0 
182 0 
183 0 
184 0 
185 0 
186 0 
187 0 
188 0 
189 0 
190 0 
191 0 
192 0 
193 0 
194 0 
195 0 
196 0 
197 0 
198 0 
199 0 
200 0 
201 0 
202 0 
203 0 
204 0 
205 0 
206 0 
207 0 
208 0 
209 0 
210 3 
211 28 
212 71 
213 147 
214 165 
215 191 
216 239 
217 303 
218 505 
219 738 
220 1142 
221 1662 
222 2538 
223 3443 
224 4796 
225 6424 
226 8336 
227 9308 
228 11134 
229 13781 
230 16269 
231 19857 
232 22924 
233 27041 
234 30533 
235 35159 
236 39800 
237 45487 
238 50728 
239 57816 
240 65465 
241 72818 
242 82090 
243 91801 
244 101723 
245 113325 
246 125792 
247 139584 
248 153459 
249 169487 
250 187646 
251 205930 
252 227093 
253 249389 
254 274738 
255 304571 
256 332984 
257 364890 
258 397665 
259 432176 
260 466745 
261 503808 
262 539330 
263 582935 
264 625576 
265 675760 
266 728711 
267 789716 
268 843174 
269 903107 
270 963053 
271 1.0329e+06 
272 1.1038e+06 
273 1.18088e+06 
274 1.26585e+06 
275 1.35244e+06 
276 1.44317e+06 
277 1.54751e+06 
278 1.65666e+06 
279 1.77273e+06 
280 1.89883e+06 
281 2.0301e+06 
282 2.17449e+06 
283 2.33107e+06 
284 2.49654e+06 
285 2.66403e+06 
286 2.84224e+06 
287 3.02359e+06 
288 3.21264e+06 
289 3.40949e+06 
290 3.60639e+06 
291 3.8021e+06 
292 3.99637e+06 
293 4.21038e+06 
294 4.43036e+06 
295 4.65396e+06 
296 4.88769e+06 
297 5.13408e+06 
298 5.39146e+06 
299 5.67169e+06 
300 5.95292e+06 
301 6.25463e+06 
302 6.57136e+06 
303 6.90276e+06 
304 7.24674e+06 
305 7.62049e+06 
306 8.01634e+06 
307 8.41365e+06 
308 8.82902e+06 
309 9.27109e+06 
310 9.74231e+06 
311 1.02404e+07 
312 1.07522e+07 
313 1.12878e+07 
314 1.18697e+07 
315 1.24696e+07 
316 1.30812e+07 
317 1.37517e+07 
318 1.44496e+07 
319 1.5197e+07 
320 1.59997e+07 
321 1.68245e+07 
322 1.77006e+07 
323 1.86364e+07 
324 1.96159e+07 
325 2.06565e+07 
326 2.17734e+07 
327 2.29754e+07 
328 2.42446e+07 
329 2.55408e+07 
330 2.69239e+07 
331 2.83736e+07 
332 2.99183e+07 
333 3.15136e+07 
334 3.31987e+07 
335 3.4972e+07 
336 3.68343e+07 
337 3.88189e+07 
338 4.09167e+07 
339 4.31529e+07 
340 4.54656e+07 
341 4.79449e+07 
342 5.05309e+07 
343 5.32327e+07 
344 5.605e+07 
345 5.90159e+07 
346 6.21461e+07 
347 6.54083e+07 
348 6.88352e+07 
349 7.24309e+07 
350 7.61972e+07 
351 8.01632e+07 
352 8.43139e+07 
353 8.864e+07 
354 9.31596e+07 
355 9.791e+07 
356 1.02849e+08 
357 1.07962e+08 
358 1.133e+08 
359 1.1884e+08 
360 1.24562e+08 
361 1.30543e+08 
362 1.36739e+08 
363 1.43097e+08 
364 1.49722e+08 
365 1.56533e+08 
366 1.63561e+08 
367 1.70811e+08 
368 1.78181e+08 
369 1.85707e+08 
370 1.93372e+08 
371 2.01148e+08 
372 2.09099e+08 
373 2.17207e+08 
374 2.25364e+08 
375 2.33636e+08 
376 2.42042e+08 
377 2.50514e+08 
378 2.58995e+08 
379 2.67521e+08 
380 2.76042e+08 
381 2.84506e+08 
382 2.92921e+08 
383 3.01197e+08 
384 3.0941e+08 
385 3.17427e+08 
386 3.25112e+08 
387 3.32493e+08 
388 3.39466e+08 
389 3.45992e+08 
390 3.52129e+08 
391 3.57982e+08 
392 3.63266e+08 
393 3.6808e+08 
394 3.72419e+08 
395 3.76124e+08 
396 3.7918e+08 
397 3.81525e+08 
398 3.83308e+08 
399 3.84402e+08 
400 3.84774e+08 
401 3.84115e+08 
402 3.82691e+08 
403 3.8044e+08 
404 3.77517e+08 
405 3.73944e+08 
406 3.69802e+08 
407 3.65117e+08 
408 3.59951e+08 
409 3.54199e+08 
410 3.47958e+08 
411 3.41233e+08 
412 3.34193e+08 
413 3.2672e+08 
414 3.18957e+08 
415 3.1088e+08 
416 3.02648e+08 
417 2.94219e+08 
418 2.8569e+08 
419 2.76916e+08 
420 2.68127e+08 
421 2.593e+08 
422 2.50383e+08 
423 2.4141e+08 
424 2.32409e+08 
425 2.23514e+08 
426 2.1462e+08 
427 2.05905e+08 
428 1.97259e+08 
429 1.88769e+08 
430 1.80383e+08 
431 1.72209e+08 
432 1.64191e+08 
433 1.56424e+08 
434 1.48907e+08 
435 1.41615e+08 
436 1.34536e+08 
437 1.27722e+08 
438 1.21198e+08 
439 1.14877e+08 
440 1.08755e+08 
441 1.02874e+08 
442 9.72455e+07 
443 9.18667e+07 
444 8.66976e+07 
445 8.18495e+07 
446 7.71448e+07 
447 7.27015e+07 
448 6.84229e+07 
449 6.44316e+07 
450 6.06667e+07 
451 5.70965e+07 
452 5.37441e+07 
453 5.0568e+07 
454 4.75496e+07 
455 4.47056e+07 
456 4.20369e+07 
457 3.95425e+07 
458 3.72103e+07 
459 3.50428e+07 
460 3.30201e+07 
461 3.11175e+07 
462 2.93399e+07 
463 2.76757e+07 
464 2.61201e+07 
465 2.46888e+07 
466 2.33589e+07 
467 2.21139e+07 
468 2.09506e+07 
469 1.98509e+07 
470 1.88551e+07 
471 1.79194e+07 
472 1.70135e+07 
473 1.61612e+07 
474 1.53605e+07 
475 1.46117e+07 
476 1.3892e+07 
477 1.32138e+07 
478 1.25797e+07 
479 1.19622e+07 
480 1.13659e+07 
481 1.07953e+07 
482 1.02455e+07 
483 9.7104e+06 
484 9.21498e+06 
485 8.7497e+06 
486 8.2979e+06 
487 7.87252e+06 
488 7.45874e+06 
489 7.0564e+06 
490 6.67395e+06 
491 6.2995e+06 
492 5.95106e+06 
493 5.59913e+06 
494 5.26501e+06 
495 4.93909e+06 
496 4.62355e+06 
497 4.32834e+06 
498 4.04084e+06 
499 3.76344e+06 
500 3.50612e+06 
501 3.25661e+06 
502 3.01136e+06 
503 2.78045e+06 
504 2.55631e+06 
505 2.34584e+06 
506 2.15462e+06 
507 1.98002e+06 
508 1.82109e+06 
509 1.67183e+06 
510 1.53493e+06 
511 1.40844e+06 
512 1.29263e+06 
513 1.18695e+06 
514 1.09334e+06 
515 1.006e+06 
516 928858 
517 858133 
518 795900 
519 737021 
520 685543 
521 635175 
522 585761 
523 540631 
524 501807 
525 460255 
526 420382 
527 382124 
528 347066 
529 315612 
530 284183 
531 258299 
532 230057 
533 204971 
534 182961 
535 163554 
536 147221 
537 132950 
538 121263 
539 108701 
540 98610 
541 89403 
542 81448 
543 74532 
544 65884 
545 58297 
546 51294 
547 45225 
548 39627 
549 34636 
550 30552 
551 27454 
552 24217 
553 21663 
554 18548 
555 16021 
556 13391 
557 11037 
558 9050 
559 7203 
560 5334 
561 4557 
562 3615 
563 2749 
564 2045 
565 1407 
566 1019 
567 706 
568 486 
569 298 
570 237 
571 199 
572 157 
573 96 
574 110 
575 84 
576 96 
577 90 
578 64 
579 28 
580 29 
581 29 
582 10 
583 9 
584 3 
585 9 
586 3 
587 3 
588 0 
589 0 
590 0 
591 0 
592 0 
593 0 
594 0 
595 0 
596 0 
597 0 
598 0 
599 0 
600 0 
601 0 
602 0 
603 0 
604 0 
605 0 
606 0 
607 0 
608 0 
609 0 
610 0 
611 0 
612 0 
613 0 
614 0 
615 0 
616 0 
617 0 
618 0 
619 0 
620 0 
621 0 
622 0 
623 0 
624 0 
625 0 
626 0 
627 0 
628 0 
629 0 
630 0 
631 0 
632 0 
633 0 
634 0 
635 0 
636 0 
637 0 
638 0 
639 0 
640 0 
641 0 
642 0 
643 0 
644 0 
645 0 
646 0 
647 0 
648 0 
649 0 
650 0 
651 0 
652 0 
653 0 
654 0 
655 0 
656 0 
657 0 
658 0 
659 0 
660 0 
661 0 
662 0 
663 0 
664 0 
665 0 
666 0 
667 0 
668 0 
669 0 
670 0 
671 0 
672 0 
673 0 
674 0 
675 0 
676 0 
677 0 
678 0 
679 0 
680 0 
681 0 
682 0 
683 0 
684 0 
685 0 
686 0 
687 0 
688 0 
689 0 
690 0 
691 0 
692 0 
693 0 
694 0 
695 0 
696 0 
697 0 
698 0 
699 0 
700 0 
701 0 
702 0 
703 0 
704 0 
705 0 
706 0 
707 0 
708 0 
709 0 
710 0 
711 0 
712 0 
713 0 
714 0 
715 0 
716 0 
717 0 
718 0 
719 0 
720 0 
721 0 
722 0 
723 0 
724 0 
725 0 
726 0 
727 0 
728 0 
729 0 
730 0 
731 0 
732 0 
733 0 
734 0 
735 0 
736 0 
737 0 
738 0 
739 0 
740 0 
741 0 
742 0 
743 0 
744 0 
745 0 
746 0 
747 0 
748 0 
749 0 
750 0 
751 0 
752 0 
753 0 
754 0 
755 0 
756 0 
757 0 
758 0 
759 0 
760 0 
761 0 
762 0 
763 0 
764 0 
765 0 
766 0 
767 0 
768 0 
769 0 
770 0 
771 0 
772 0 
773 0 
774 0 
775 0 
776 0 
777 0 
778 0 
779 0 
780 0 
781 0 
782 0 
783 0 
784 0 
785 0 
786 0 
787 0 
788 0 
789 0 
790 0 
791 0 
792 0 
793 0 
794 0 
795 0 
796 0 
797 0 
798 0 
799 0 
