0 0 
1 31976 
2 50309 
3 71991 
4 98634 
5 129089 
6 166673 
7 207433 
8 253308 
9 306450 
10 366028 
11 427909 
12 492571 
13 560348 
14 631907 
15 710994 
16 790754 
17 870215 
18 952250 
19 1.02837e+06 
20 1.10578e+06 
21 1.17828e+06 
22 1.25063e+06 
23 1.32846e+06 
24 1.40639e+06 
25 1.48082e+06 
26 1.55573e+06 
27 1.63188e+06 
28 1.71477e+06 
29 1.79283e+06 
30 1.87682e+06 
31 1.94922e+06 
32 2.02156e+06 
33 2.10363e+06 
34 2.17498e+06 
35 2.24783e+06 
36 2.31206e+06 
37 2.37407e+06 
38 2.43096e+06 
39 2.48824e+06 
40 2.542e+06 
41 2.59078e+06 
42 2.64431e+06 
43 2.68296e+06 
44 2.72552e+06 
45 2.75791e+06 
46 2.78265e+06 
47 2.80464e+06 
48 2.82613e+06 
49 2.85444e+06 
50 2.88035e+06 
51 2.9122e+06 
52 2.94554e+06 
53 2.97576e+06 
54 3.00914e+06 
55 3.04653e+06 
56 3.08412e+06 
57 3.13406e+06 
58 3.18834e+06 
59 3.23528e+06 
60 3.28242e+06 
61 3.32088e+06 
62 3.36941e+06 
63 3.41536e+06 
64 3.4574e+06 
65 3.48549e+06 
66 3.52166e+06 
67 3.54507e+06 
68 3.56624e+06 
69 3.57333e+06 
70 3.57375e+06 
71 3.5824e+06 
72 3.58153e+06 
73 3.58558e+06 
74 3.60155e+06 
75 3.60398e+06 
76 3.60635e+06 
77 3.61716e+06 
78 3.62007e+06 
79 3.63389e+06 
80 3.65551e+06 
81 3.6903e+06 
82 3.71626e+06 
83 3.74719e+06 
84 3.77581e+06 
85 3.80378e+06 
86 3.83077e+06 
87 3.86108e+06 
88 3.89786e+06 
89 3.92382e+06 
90 3.95855e+06 
91 3.99184e+06 
92 4.01791e+06 
93 4.04855e+06 
94 4.08567e+06 
95 4.1325e+06 
96 4.1779e+06 
97 4.22426e+06 
98 4.28258e+06 
99 4.34956e+06 
100 4.42186e+06 
101 4.5088e+06 
102 4.60276e+06 
103 4.71083e+06 
104 4.81332e+06 
105 4.93235e+06 
106 5.0522e+06 
107 5.18881e+06 
108 5.32578e+06 
109 5.46515e+06 
110 5.6281e+06 
111 5.80549e+06 
112 5.98037e+06 
113 6.1728e+06 
114 6.38569e+06 
115 6.61126e+06 
116 6.85278e+06 
117 7.11273e+06 
118 7.39156e+06 
119 7.68015e+06 
120 7.979e+06 
121 8.29135e+06 
122 8.62772e+06 
123 8.96797e+06 
124 9.32514e+06 
125 9.68908e+06 
126 1.00463e+07 
127 1.04361e+07 
128 1.08265e+07 
129 1.1227e+07 
130 1.16295e+07 
131 1.20295e+07 
132 1.24412e+07 
133 1.28583e+07 
134 1.32924e+07 
135 1.37215e+07 
136 1.4163e+07 
137 1.45961e+07 
138 1.50532e+07 
139 1.54811e+07 
140 1.59131e+07 
141 1.63554e+07 
142 1.68025e+07 
143 1.72557e+07 
144 1.76995e+07 
145 1.81646e+07 
146 1.86374e+07 
147 1.91066e+07 
148 1.95903e+07 
149 2.00841e+07 
150 2.0568e+07 
151 2.10808e+07 
152 2.15918e+07 
153 2.20775e+07 
154 2.25521e+07 
155 2.30535e+07 
156 2.35465e+07 
157 2.40198e+07 
158 2.45002e+07 
159 2.49708e+07 
160 2.54289e+07 
161 2.58769e+07 
162 2.63288e+07 
163 2.67915e+07 
164 2.72432e+07 
165 2.76826e+07 
166 2.80803e+07 
167 2.84726e+07 
168 2.88395e+07 
169 2.92135e+07 
170 2.95657e+07 
171 2.99069e+07 
172 3.02474e+07 
173 3.05782e+07 
174 3.09319e+07 
175 3.12727e+07 
176 3.16081e+07 
177 3.19223e+07 
178 3.22279e+07 
179 3.25137e+07 
180 3.27859e+07 
181 3.30378e+07 
182 3.33255e+07 
183 3.35728e+07 
184 3.38259e+07 
185 3.40594e+07 
186 3.42788e+07 
187 3.44624e+07 
188 3.4635e+07 
189 3.47592e+07 
190 3.48851e+07 
191 3.4984e+07 
192 3.50565e+07 
193 3.51538e+07 
194 3.52209e+07 
195 3.52903e+07 
196 3.53647e+07 
197 3.53979e+07 
198 3.54203e+07 
199 3.54547e+07 
200 3.5488e+07 
201 3.54885e+07 
202 3.55177e+07 
203 3.5551e+07 
204 3.55595e+07 
205 3.56091e+07 
206 3.56437e+07 
207 3.57229e+07 
208 3.5799e+07 
209 3.58838e+07 
210 3.60385e+07 
211 3.616e+07 
212 3.63067e+07 
213 3.64785e+07 
214 3.66692e+07 
215 3.68563e+07 
216 3.70753e+07 
217 3.72909e+07 
218 3.75003e+07 
219 3.77299e+07 
220 3.79278e+07 
221 3.81166e+07 
222 3.8352e+07 
223 3.86003e+07 
224 3.88339e+07 
225 3.90999e+07 
226 3.93406e+07 
227 3.95879e+07 
228 3.98458e+07 
229 4.01366e+07 
230 4.04241e+07 
231 4.07434e+07 
232 4.10494e+07 
233 4.13777e+07 
234 4.17506e+07 
235 4.21299e+07 
236 4.25334e+07 
237 4.29425e+07 
238 4.339e+07 
239 4.38789e+07 
240 4.43663e+07 
241 4.48745e+07 
242 4.53754e+07 
243 4.58805e+07 
244 4.64447e+07 
245 4.7036e+07 
246 4.7675e+07 
247 4.82654e+07 
248 4.88816e+07 
249 4.95149e+07 
250 5.01735e+07 
251 5.08182e+07 
252 5.1498e+07 
253 5.2174e+07 
254 5.28384e+07 
255 5.34686e+07 
256 5.41127e+07 
257 5.47512e+07 
258 5.53836e+07 
259 5.5985e+07 
260 5.65936e+07 
261 5.71734e+07 
262 5.7736e+07 
263 5.82929e+07 
264 5.88251e+07 
265 5.93813e+07 
266 5.99109e+07 
267 6.04507e+07 
268 6.0983e+07 
269 6.15217e+07 
270 6.20012e+07 
271 6.24623e+07 
272 6.29465e+07 
273 6.33954e+07 
274 6.39046e+07 
275 6.44043e+07 
276 6.48869e+07 
277 6.54072e+07 
278 6.59409e+07 
279 6.65391e+07 
280 6.71256e+07 
281 6.77445e+07 
282 6.83599e+07 
283 6.90329e+07 
284 6.97634e+07 
285 7.04703e+07 
286 7.11622e+07 
287 7.19153e+07 
288 7.27038e+07 
289 7.3441e+07 
290 7.42491e+07 
291 7.50345e+07 
292 7.58645e+07 
293 7.67413e+07 
294 7.76245e+07 
295 7.85053e+07 
296 7.94551e+07 
297 8.04334e+07 
298 8.13954e+07 
299 8.23611e+07 
300 8.33097e+07 
301 8.42372e+07 
302 8.51697e+07 
303 8.60894e+07 
304 8.70335e+07 
305 8.8014e+07 
306 8.89466e+07 
307 8.98952e+07 
308 9.0818e+07 
309 9.17364e+07 
310 9.26464e+07 
311 9.35768e+07 
312 9.44023e+07 
313 9.52103e+07 
314 9.59767e+07 
315 9.67007e+07 
316 9.74127e+07 
317 9.81007e+07 
318 9.87755e+07 
319 9.94077e+07 
320 1.0002e+08 
321 1.00586e+08 
322 1.01127e+08 
323 1.01615e+08 
324 1.02076e+08 
325 1.02511e+08 
326 1.02924e+08 
327 1.03337e+08 
328 1.03639e+08 
329 1.0392e+08 
330 1.0415e+08 
331 1.04387e+08 
332 1.04539e+08 
333 1.04695e+08 
334 1.04822e+08 
335 1.04921e+08 
336 1.04972e+08 
337 1.05019e+08 
338 1.05072e+08 
339 1.05087e+08 
340 1.05076e+08 
341 1.05038e+08 
342 1.04986e+08 
343 1.04915e+08 
344 1.04818e+08 
345 1.04666e+08 
346 1.04611e+08 
347 1.04435e+08 
348 1.04325e+08 
349 1.04209e+08 
350 1.0407e+08 
351 1.03914e+08 
352 1.03782e+08 
353 1.03635e+08 
354 1.03472e+08 
355 1.03292e+08 
356 1.03101e+08 
357 1.02895e+08 
358 1.02649e+08 
359 1.02462e+08 
360 1.02224e+08 
361 1.02022e+08 
362 1.01789e+08 
363 1.01607e+08 
364 1.01345e+08 
365 1.01088e+08 
366 1.00851e+08 
367 1.0058e+08 
368 1.00303e+08 
369 1.00013e+08 
370 9.96476e+07 
371 9.93315e+07 
372 9.90165e+07 
373 9.8698e+07 
374 9.83849e+07 
375 9.80196e+07 
376 9.76998e+07 
377 9.73417e+07 
378 9.69599e+07 
379 9.66172e+07 
380 9.62527e+07 
381 9.59055e+07 
382 9.55617e+07 
383 9.51957e+07 
384 9.48586e+07 
385 9.45106e+07 
386 9.4139e+07 
387 9.37557e+07 
388 9.34223e+07 
389 9.30836e+07 
390 9.26705e+07 
391 9.22845e+07 
392 9.19263e+07 
393 9.14927e+07 
394 9.10502e+07 
395 9.0615e+07 
396 9.01685e+07 
397 8.97347e+07 
398 8.92587e+07 
399 8.87343e+07 
400 8.82292e+07 
401 8.76907e+07 
402 8.71187e+07 
403 8.65527e+07 
404 8.59915e+07 
405 8.5392e+07 
406 8.48123e+07 
407 8.42128e+07 
408 8.36689e+07 
409 8.30989e+07 
410 8.25267e+07 
411 8.20203e+07 
412 8.1516e+07 
413 8.09847e+07 
414 8.05233e+07 
415 8.00584e+07 
416 7.96058e+07 
417 7.91683e+07 
418 7.87373e+07 
419 7.82834e+07 
420 7.78047e+07 
421 7.73767e+07 
422 7.69421e+07 
423 7.65077e+07 
424 7.60718e+07 
425 7.56035e+07 
426 7.52035e+07 
427 7.47747e+07 
428 7.43389e+07 
429 7.39352e+07 
430 7.34936e+07 
431 7.30677e+07 
432 7.26373e+07 
433 7.22331e+07 
434 7.18068e+07 
435 7.13881e+07 
436 7.09952e+07 
437 7.06195e+07 
438 7.02729e+07 
439 6.98899e+07 
440 6.952e+07 
441 6.90982e+07 
442 6.87206e+07 
443 6.83368e+07 
444 6.79717e+07 
445 6.76198e+07 
446 6.72725e+07 
447 6.69139e+07 
448 6.65545e+07 
449 6.62106e+07 
450 6.58683e+07 
451 6.55259e+07 
452 6.51733e+07 
453 6.47999e+07 
454 6.44171e+07 
455 6.40088e+07 
456 6.35878e+07 
457 6.32068e+07 
458 6.2763e+07 
459 6.2333e+07 
460 6.18956e+07 
461 6.14413e+07 
462 6.09874e+07 
463 6.04701e+07 
464 5.99793e+07 
465 5.94757e+07 
466 5.8954e+07 
467 5.84509e+07 
468 5.79982e+07 
469 5.75392e+07 
470 5.71334e+07 
471 5.67165e+07 
472 5.62987e+07 
473 5.58719e+07 
474 5.55084e+07 
475 5.51322e+07 
476 5.47734e+07 
477 5.44017e+07 
478 5.40518e+07 
479 5.36938e+07 
480 5.32976e+07 
481 5.28908e+07 
482 5.24631e+07 
483 5.20283e+07 
484 5.1584e+07 
485 5.11686e+07 
486 5.07549e+07 
487 5.03272e+07 
488 4.98721e+07 
489 4.93978e+07 
490 4.88991e+07 
491 4.8424e+07 
492 4.79216e+07 
493 4.74205e+07 
494 4.69362e+07 
495 4.64013e+07 
496 4.58783e+07 
497 4.53597e+07 
498 4.4843e+07 
499 4.4307e+07 
500 4.37617e+07 
501 4.32305e+07 
502 4.26567e+07 
503 4.21113e+07 
504 4.15647e+07 
505 4.09857e+07 
506 4.04255e+07 
507 3.98415e+07 
508 3.92576e+07 
509 3.86759e+07 
510 3.80795e+07 
511 3.74795e+07 
512 3.68836e+07 
513 3.62712e+07 
514 3.56514e+07 
515 3.50157e+07 
516 3.43925e+07 
517 3.37839e+07 
518 3.31414e+07 
519 3.25162e+07 
520 3.18785e+07 
521 3.12222e+07 
522 3.05557e+07 
523 2.98656e+07 
524 2.9166e+07 
525 2.84788e+07 
526 2.77836e+07 
527 2.70853e+07 
528 2.63965e+07 
529 2.57038e+07 
530 2.50237e+07 
531 2.43421e+07 
532 2.36773e+07 
533 2.29577e+07 
534 2.22574e+07 
535 2.15601e+07 
536 2.08677e+07 
537 2.01926e+07 
538 1.95155e+07 
539 1.88497e+07 
540 1.81875e+07 
541 1.75509e+07 
542 1.69196e+07 
543 1.62924e+07 
544 1.56694e+07 
545 1.5041e+07 
546 1.44554e+07 
547 1.38748e+07 
548 1.32983e+07 
549 1.2755e+07 
550 1.2223e+07 
551 1.16931e+07 
552 1.11727e+07 
553 1.06594e+07 
554 1.01611e+07 
555 9.67184e+06 
556 9.19808e+06 
557 8.74205e+06 
558 8.29987e+06 
559 7.86758e+06 
560 7.44547e+06 
561 7.04492e+06 
562 6.67092e+06 
563 6.30616e+06 
564 5.96202e+06 
565 5.62244e+06 
566 5.30592e+06 
567 4.99115e+06 
568 4.70015e+06 
569 4.41855e+06 
570 4.15988e+06 
571 3.90801e+06 
572 3.67764e+06 
573 3.45644e+06 
574 3.2497e+06 
575 3.03453e+06 
576 2.83991e+06 
577 2.65277e+06 
578 2.4751e+06 
579 2.31364e+06 
580 2.16412e+06 
581 2.02004e+06 
582 1.8928e+06 
583 1.77157e+06 
584 1.65588e+06 
585 1.55499e+06 
586 1.46313e+06 
587 1.37913e+06 
588 1.28915e+06 
589 1.20223e+06 
590 1.11889e+06 
591 1.04076e+06 
592 970095 
593 899877 
594 832525 
595 767479 
596 710827 
597 657923 
598 604464 
599 557884 
600 519330 
601 478872 
602 441973 
603 413660 
604 386896 
605 359995 
606 334530 
607 304589 
608 280718 
609 256908 
610 235052 
611 216406 
612 199906 
613 185942 
614 172649 
615 159647 
616 148231 
617 134907 
618 124284 
619 113506 
620 103406 
621 93304 
622 84486 
623 74537 
624 65754 
625 59230 
626 51674 
627 45064 
628 40329 
629 35501 
630 30214 
631 26326 
632 23207 
633 20604 
634 17815 
635 15750 
636 14197 
637 13394 
638 12751 
639 11850 
640 11190 
641 10349 
642 8953 
643 8286 
644 7895 
645 6652 
646 5785 
647 4658 
648 3645 
649 2859 
650 1999 
651 1562 
652 1162 
653 830 
654 535 
655 349 
656 188 
657 98 
658 77 
659 30 
660 13 
661 12 
662 8 
663 1 
664 0 
665 0 
666 0 
667 0 
668 0 
669 0 
670 0 
671 0 
672 0 
673 0 
674 0 
675 0 
676 0 
677 0 
678 0 
679 0 
680 0 
681 0 
682 0 
683 0 
684 0 
685 0 
686 0 
687 0 
688 0 
689 0 
690 0 
691 0 
692 0 
693 0 
694 0 
695 0 
696 0 
697 0 
698 0 
699 0 
700 0 
701 0 
702 0 
703 0 
704 0 
705 0 
706 0 
707 0 
708 0 
709 0 
710 0 
711 0 
712 0 
713 0 
714 0 
715 0 
716 0 
717 0 
718 0 
719 0 
720 0 
721 0 
722 0 
723 0 
724 0 
725 0 
726 0 
727 0 
728 0 
729 0 
730 0 
731 0 
732 0 
733 0 
734 0 
735 0 
736 0 
737 0 
738 0 
739 0 
740 0 
741 0 
742 0 
743 0 
744 0 
745 0 
746 0 
747 0 
748 0 
749 0 
750 0 
751 0 
752 0 
753 0 
754 0 
755 0 
756 0 
757 0 
758 0 
759 0 
760 0 
761 0 
762 0 
763 0 
764 0 
765 0 
766 0 
767 0 
768 0 
769 0 
770 0 
771 0 
772 0 
773 0 
774 0 
775 0 
776 0 
777 0 
778 0 
779 0 
780 0 
781 0 
782 0 
783 0 
784 0 
785 0 
786 0 
787 0 
788 0 
789 0 
790 0 
791 0 
792 0 
793 0 
794 0 
795 0 
796 0 
797 0 
798 0 
799 0 
