0 0 
1 0 
2 0 
3 0 
4 0 
5 0 
6 0 
7 0 
8 0 
9 0 
10 0 
11 0 
12 0 
13 0 
14 0 
15 0 
16 0 
17 0 
18 0 
19 0 
20 0 
21 0 
22 0 
23 0 
24 0 
25 0 
26 0 
27 0 
28 0 
29 0 
30 0 
31 0 
32 0 
33 0 
34 0 
35 0 
36 0 
37 0 
38 0 
39 0 
40 0 
41 0 
42 0 
43 0 
44 0 
45 0 
46 0 
47 0 
48 0 
49 0 
50 0 
51 0 
52 0 
53 0 
54 0 
55 0 
56 0 
57 0 
58 0 
59 0 
60 0 
61 0 
62 0 
63 0 
64 0 
65 0 
66 0 
67 0 
68 0 
69 0 
70 0 
71 0 
72 0 
73 0 
74 0 
75 0 
76 0 
77 3 
78 45 
79 252 
80 811 
81 1758 
82 3254 
83 5329 
84 7493 
85 10530 
86 15179 
87 23197 
88 35455 
89 51857 
90 74752 
91 104428 
92 132726 
93 168651 
94 216637 
95 279522 
96 357959 
97 447160 
98 552908 
99 672971 
100 796266 
101 944633 
102 1.10644e+06 
103 1.30042e+06 
104 1.50902e+06 
105 1.72994e+06 
106 1.95184e+06 
107 2.17894e+06 
108 2.39609e+06 
109 2.60163e+06 
110 2.82153e+06 
111 3.0715e+06 
112 3.33979e+06 
113 3.6492e+06 
114 3.97109e+06 
115 4.30474e+06 
116 4.6594e+06 
117 5.00798e+06 
118 5.33659e+06 
119 5.63739e+06 
120 5.91005e+06 
121 6.14534e+06 
122 6.32181e+06 
123 6.4279e+06 
124 6.4731e+06 
125 6.45107e+06 
126 6.382e+06 
127 6.25772e+06 
128 6.11744e+06 
129 5.94528e+06 
130 5.75852e+06 
131 5.5911e+06 
132 5.40813e+06 
133 5.20177e+06 
134 4.9825e+06 
135 4.72964e+06 
136 4.4724e+06 
137 4.23768e+06 
138 4.03486e+06 
139 3.83136e+06 
140 3.62814e+06 
141 3.45996e+06 
142 3.32972e+06 
143 3.2331e+06 
144 3.17437e+06 
145 3.16482e+06 
146 3.22459e+06 
147 3.34087e+06 
148 3.53243e+06 
149 3.82014e+06 
150 4.19237e+06 
151 4.64068e+06 
152 5.1681e+06 
153 5.76857e+06 
154 6.44429e+06 
155 7.18094e+06 
156 8.01547e+06 
157 8.92698e+06 
158 9.8514e+06 
159 1.08012e+07 
160 1.17038e+07 
161 1.25575e+07 
162 1.33177e+07 
163 1.39844e+07 
164 1.45476e+07 
165 1.50597e+07 
166 1.54848e+07 
167 1.57403e+07 
168 1.58577e+07 
169 1.58422e+07 
170 1.57457e+07 
171 1.55807e+07 
172 1.54142e+07 
173 1.52415e+07 
174 1.50621e+07 
175 1.48978e+07 
176 1.48064e+07 
177 1.47768e+07 
178 1.47278e+07 
179 1.45901e+07 
180 1.44097e+07 
181 1.41851e+07 
182 1.39984e+07 
183 1.38407e+07 
184 1.37202e+07 
185 1.36666e+07 
186 1.37329e+07 
187 1.37914e+07 
188 1.37864e+07 
189 1.36757e+07 
190 1.34912e+07 
191 1.32631e+07 
192 1.3055e+07 
193 1.29169e+07 
194 1.28601e+07 
195 1.28595e+07 
196 1.28581e+07 
197 1.2845e+07 
198 1.27874e+07 
199 1.26722e+07 
200 1.24484e+07 
201 1.21452e+07 
202 1.18056e+07 
203 1.14534e+07 
204 1.10604e+07 
205 1.06828e+07 
206 1.02872e+07 
207 9.92491e+06 
208 9.57869e+06 
209 9.26807e+06 
210 8.92949e+06 
211 8.68962e+06 
212 8.52244e+06 
213 8.4391e+06 
214 8.48641e+06 
215 8.60543e+06 
216 8.72129e+06 
217 8.79903e+06 
218 8.84969e+06 
219 8.83705e+06 
220 8.82118e+06 
221 8.81932e+06 
222 8.81831e+06 
223 8.84333e+06 
224 8.87424e+06 
225 8.97525e+06 
226 9.08777e+06 
227 9.25026e+06 
228 9.44211e+06 
229 9.66695e+06 
230 9.95677e+06 
231 1.02731e+07 
232 1.06077e+07 
233 1.09554e+07 
234 1.13241e+07 
235 1.16759e+07 
236 1.20035e+07 
237 1.23697e+07 
238 1.27402e+07 
239 1.31749e+07 
240 1.36272e+07 
241 1.41367e+07 
242 1.46127e+07 
243 1.51162e+07 
244 1.55954e+07 
245 1.59879e+07 
246 1.63551e+07 
247 1.66746e+07 
248 1.69845e+07 
249 1.72695e+07 
250 1.75501e+07 
251 1.78125e+07 
252 1.80171e+07 
253 1.81544e+07 
254 1.81334e+07 
255 1.80099e+07 
256 1.78602e+07 
257 1.77078e+07 
258 1.76225e+07 
259 1.76454e+07 
260 1.77166e+07 
261 1.79315e+07 
262 1.82781e+07 
263 1.86924e+07 
264 1.91747e+07 
265 1.97162e+07 
266 2.03966e+07 
267 2.11793e+07 
268 2.20605e+07 
269 2.30848e+07 
270 2.41258e+07 
271 2.52067e+07 
272 2.63821e+07 
273 2.76751e+07 
274 2.91176e+07 
275 3.06222e+07 
276 3.22974e+07 
277 3.41079e+07 
278 3.61425e+07 
279 3.84368e+07 
280 4.09249e+07 
281 4.37089e+07 
282 4.67457e+07 
283 5.00688e+07 
284 5.35706e+07 
285 5.71681e+07 
286 6.08548e+07 
287 6.4489e+07 
288 6.78848e+07 
289 7.1103e+07 
290 7.40223e+07 
291 7.65767e+07 
292 7.8842e+07 
293 8.07652e+07 
294 8.23964e+07 
295 8.38357e+07 
296 8.50685e+07 
297 8.61241e+07 
298 8.69942e+07 
299 8.78026e+07 
300 8.84669e+07 
301 8.90576e+07 
302 8.95793e+07 
303 9.00201e+07 
304 9.05239e+07 
305 9.09699e+07 
306 9.13243e+07 
307 9.14445e+07 
308 9.12778e+07 
309 9.10722e+07 
310 9.0647e+07 
311 8.9859e+07 
312 8.87058e+07 
313 8.71897e+07 
314 8.53815e+07 
315 8.32137e+07 
316 8.07334e+07 
317 7.81141e+07 
318 7.53063e+07 
319 7.23551e+07 
320 6.93043e+07 
321 6.60675e+07 
322 6.28093e+07 
323 5.94712e+07 
324 5.61867e+07 
325 5.28129e+07 
326 4.9594e+07 
327 4.65658e+07 
328 4.3668e+07 
329 4.09858e+07 
330 3.8437e+07 
331 3.6145e+07 
332 3.41525e+07 
333 3.25739e+07 
334 3.13548e+07 
335 3.0532e+07 
336 3.00101e+07 
337 2.9837e+07 
338 2.98891e+07 
339 3.0229e+07 
340 3.07709e+07 
341 3.15413e+07 
342 3.23479e+07 
343 3.31933e+07 
344 3.40308e+07 
345 3.49003e+07 
346 3.56925e+07 
347 3.63993e+07 
348 3.71013e+07 
349 3.77831e+07 
350 3.84528e+07 
351 3.9157e+07 
352 3.99414e+07 
353 4.07401e+07 
354 4.15519e+07 
355 4.23007e+07 
356 4.30339e+07 
357 4.37623e+07 
358 4.45408e+07 
359 4.54488e+07 
360 4.64452e+07 
361 4.75438e+07 
362 4.86487e+07 
363 4.96079e+07 
364 5.04314e+07 
365 5.11403e+07 
366 5.17425e+07 
367 5.23888e+07 
368 5.29361e+07 
369 5.34659e+07 
370 5.39544e+07 
371 5.45621e+07 
372 5.53634e+07 
373 5.6232e+07 
374 5.72501e+07 
375 5.82567e+07 
376 5.9267e+07 
377 6.01457e+07 
378 6.09607e+07 
379 6.17866e+07 
380 6.2651e+07 
381 6.35436e+07 
382 6.44808e+07 
383 6.5538e+07 
384 6.65898e+07 
385 6.76591e+07 
386 6.87126e+07 
387 6.97229e+07 
388 7.07537e+07 
389 7.17908e+07 
390 7.2679e+07 
391 7.3514e+07 
392 7.43382e+07 
393 7.51059e+07 
394 7.58151e+07 
395 7.64166e+07 
396 7.69644e+07 
397 7.74954e+07 
398 7.80132e+07 
399 7.85828e+07 
400 7.91791e+07 
401 7.97463e+07 
402 8.02876e+07 
403 8.08907e+07 
404 8.14368e+07 
405 8.20071e+07 
406 8.24142e+07 
407 8.26488e+07 
408 8.26016e+07 
409 8.23266e+07 
410 8.19974e+07 
411 8.17689e+07 
412 8.14982e+07 
413 8.11771e+07 
414 8.07788e+07 
415 8.04138e+07 
416 7.99961e+07 
417 7.96069e+07 
418 7.92182e+07 
419 7.88081e+07 
420 7.84384e+07 
421 7.81186e+07 
422 7.79789e+07 
423 7.78233e+07 
424 7.78337e+07 
425 7.79901e+07 
426 7.82107e+07 
427 7.85396e+07 
428 7.89752e+07 
429 7.93303e+07 
430 7.96951e+07 
431 8.02106e+07 
432 8.07702e+07 
433 8.16707e+07 
434 8.26949e+07 
435 8.39064e+07 
436 8.53251e+07 
437 8.69169e+07 
438 8.8773e+07 
439 9.07989e+07 
440 9.27927e+07 
441 9.48496e+07 
442 9.68963e+07 
443 9.8648e+07 
444 1.00214e+08 
445 1.01408e+08 
446 1.02493e+08 
447 1.03541e+08 
448 1.04426e+08 
449 1.05118e+08 
450 1.05665e+08 
451 1.06115e+08 
452 1.06519e+08 
453 1.06855e+08 
454 1.07198e+08 
455 1.0753e+08 
456 1.07983e+08 
457 1.08493e+08 
458 1.09155e+08 
459 1.10075e+08 
460 1.11282e+08 
461 1.12684e+08 
462 1.14244e+08 
463 1.1596e+08 
464 1.17852e+08 
465 1.19961e+08 
466 1.22001e+08 
467 1.24008e+08 
468 1.26081e+08 
469 1.28093e+08 
470 1.3016e+08 
471 1.32216e+08 
472 1.34224e+08 
473 1.35917e+08 
474 1.37379e+08 
475 1.38574e+08 
476 1.39329e+08 
477 1.39818e+08 
478 1.39949e+08 
479 1.39705e+08 
480 1.39049e+08 
481 1.38285e+08 
482 1.37349e+08 
483 1.36232e+08 
484 1.34805e+08 
485 1.33063e+08 
486 1.30934e+08 
487 1.28581e+08 
488 1.26093e+08 
489 1.2373e+08 
490 1.21539e+08 
491 1.19552e+08 
492 1.17763e+08 
493 1.1636e+08 
494 1.15218e+08 
495 1.14262e+08 
496 1.13361e+08 
497 1.12814e+08 
498 1.12469e+08 
499 1.12183e+08 
500 1.12209e+08 
501 1.12435e+08 
502 1.12748e+08 
503 1.13019e+08 
504 1.1322e+08 
505 1.13247e+08 
506 1.13213e+08 
507 1.12926e+08 
508 1.12433e+08 
509 1.12003e+08 
510 1.11391e+08 
511 1.10789e+08 
512 1.10131e+08 
513 1.096e+08 
514 1.09126e+08 
515 1.08555e+08 
516 1.07883e+08 
517 1.06998e+08 
518 1.05999e+08 
519 1.05085e+08 
520 1.04092e+08 
521 1.03007e+08 
522 1.01867e+08 
523 1.00884e+08 
524 9.98974e+07 
525 9.89514e+07 
526 9.79465e+07 
527 9.68065e+07 
528 9.55521e+07 
529 9.42459e+07 
530 9.28652e+07 
531 9.1487e+07 
532 8.99272e+07 
533 8.82048e+07 
534 8.64305e+07 
535 8.45867e+07 
536 8.25979e+07 
537 8.05899e+07 
538 7.85485e+07 
539 7.65717e+07 
540 7.46688e+07 
541 7.29316e+07 
542 7.11438e+07 
543 6.93989e+07 
544 6.76424e+07 
545 6.58336e+07 
546 6.40111e+07 
547 6.20983e+07 
548 6.00782e+07 
549 5.79887e+07 
550 5.59124e+07 
551 5.38905e+07 
552 5.20385e+07 
553 5.03602e+07 
554 4.87333e+07 
555 4.70725e+07 
556 4.55146e+07 
557 4.38719e+07 
558 4.21436e+07 
559 4.04262e+07 
560 3.86825e+07 
561 3.69023e+07 
562 3.51238e+07 
563 3.3266e+07 
564 3.13977e+07 
565 2.94709e+07 
566 2.75119e+07 
567 2.56521e+07 
568 2.3834e+07 
569 2.2124e+07 
570 2.05659e+07 
571 1.91962e+07 
572 1.80078e+07 
573 1.69239e+07 
574 1.58973e+07 
575 1.49421e+07 
576 1.40224e+07 
577 1.31761e+07 
578 1.24109e+07 
579 1.16972e+07 
580 1.10312e+07 
581 1.04006e+07 
582 9.81858e+06 
583 9.30829e+06 
584 8.84272e+06 
585 8.44001e+06 
586 8.08656e+06 
587 7.84582e+06 
588 7.63522e+06 
589 7.43709e+06 
590 7.27319e+06 
591 7.17921e+06 
592 7.07907e+06 
593 6.99385e+06 
594 6.87332e+06 
595 6.73121e+06 
596 6.53882e+06 
597 6.2738e+06 
598 6.00528e+06 
599 5.7244e+06 
600 5.43583e+06 
601 5.14137e+06 
602 4.85366e+06 
603 4.61788e+06 
604 4.38362e+06 
605 4.20314e+06 
606 4.04294e+06 
607 3.8937e+06 
608 3.7513e+06 
609 3.58066e+06 
610 3.40964e+06 
611 3.21883e+06 
612 3.02671e+06 
613 2.84173e+06 
614 2.65227e+06 
615 2.4629e+06 
616 2.27723e+06 
617 2.09077e+06 
618 1.90701e+06 
619 1.73217e+06 
620 1.54387e+06 
621 1.3705e+06 
622 1.20912e+06 
623 1.05513e+06 
624 899591 
625 745079 
626 607593 
627 489393 
628 395601 
629 317490 
630 249548 
631 196607 
632 150880 
633 114602 
634 84507 
635 61138 
636 43752 
637 32204 
638 23323 
639 15828 
640 9816 
641 5678 
642 3051 
643 1438 
644 750 
645 407 
646 170 
647 81 
648 4 
649 0 
650 0 
651 0 
652 0 
653 0 
654 0 
655 0 
656 0 
657 0 
658 0 
659 0 
660 0 
661 0 
662 0 
663 0 
664 0 
665 0 
666 0 
667 0 
668 0 
669 0 
670 0 
671 0 
672 0 
673 0 
674 0 
675 0 
676 0 
677 0 
678 0 
679 0 
680 0 
681 0 
682 0 
683 0 
684 0 
685 0 
686 0 
687 0 
688 0 
689 0 
690 0 
691 0 
692 0 
693 0 
694 0 
695 0 
696 0 
697 0 
698 0 
699 0 
700 0 
701 0 
702 0 
703 0 
704 0 
705 0 
706 0 
707 0 
708 0 
709 0 
710 0 
711 0 
712 0 
713 0 
714 0 
715 0 
716 0 
717 0 
718 0 
719 0 
720 0 
721 0 
722 0 
723 0 
724 0 
725 0 
726 0 
727 0 
728 0 
729 0 
730 0 
731 0 
732 0 
733 0 
734 0 
735 0 
736 0 
737 0 
738 0 
739 0 
740 0 
741 0 
742 0 
743 0 
744 0 
745 0 
746 0 
747 0 
748 0 
749 0 
750 0 
751 0 
752 0 
753 0 
754 0 
755 0 
756 0 
757 0 
758 0 
759 0 
760 0 
761 0 
762 0 
763 0 
764 0 
765 0 
766 0 
767 0 
768 0 
769 0 
770 0 
771 0 
772 0 
773 0 
774 0 
775 0 
776 0 
777 0 
778 0 
779 0 
780 0 
781 0 
782 0 
783 0 
784 0 
785 0 
786 0 
787 0 
788 0 
789 0 
790 0 
791 0 
792 0 
793 0 
794 0 
795 0 
796 0 
797 0 
798 0 
799 0 
