0 0 
1 0 
2 0 
3 0 
4 0 
5 0 
6 0 
7 0 
8 0 
9 0 
10 0 
11 0 
12 0 
13 0 
14 0 
15 0 
16 0 
17 0 
18 0 
19 0 
20 0 
21 0 
22 0 
23 0 
24 0 
25 0 
26 0 
27 0 
28 0 
29 0 
30 0 
31 0 
32 0 
33 0 
34 0 
35 0 
36 0 
37 0 
38 0 
39 0 
40 0 
41 0 
42 0 
43 0 
44 0 
45 0 
46 0 
47 0 
48 0 
49 0 
50 0 
51 0 
52 0 
53 0 
54 0 
55 0 
56 0 
57 0 
58 0 
59 0 
60 0 
61 0 
62 0 
63 0 
64 0 
65 0 
66 0 
67 0 
68 0 
69 0 
70 0 
71 0 
72 0 
73 0 
74 0 
75 0 
76 0 
77 0 
78 0 
79 0 
80 0 
81 0 
82 0 
83 0 
84 0 
85 0 
86 0 
87 0 
88 0 
89 0 
90 0 
91 0 
92 0 
93 0 
94 0 
95 0 
96 0 
97 0 
98 0 
99 0 
100 0 
101 0 
102 0 
103 0 
104 0 
105 0 
106 0 
107 0 
108 0 
109 0 
110 0 
111 0 
112 0 
113 0 
114 0 
115 0 
116 0 
117 0 
118 0 
119 0 
120 0 
121 0 
122 0 
123 0 
124 0 
125 0 
126 0 
127 0 
128 0 
129 0 
130 0 
131 0 
132 0 
133 0 
134 0 
135 0 
136 0 
137 0 
138 0 
139 0 
140 0 
141 0 
142 0 
143 0 
144 0 
145 0 
146 0 
147 0 
148 0 
149 0 
150 0 
151 0 
152 0 
153 0 
154 0 
155 0 
156 0 
157 0 
158 0 
159 0 
160 0 
161 0 
162 0 
163 0 
164 0 
165 0 
166 0 
167 0 
168 0 
169 0 
170 0 
171 0 
172 0 
173 0 
174 0 
175 0 
176 0 
177 0 
178 0 
179 0 
180 0 
181 0 
182 0 
183 0 
184 0 
185 0 
186 0 
187 0 
188 0 
189 0 
190 0 
191 0 
192 0 
193 0 
194 0 
195 0 
196 0 
197 0 
198 0 
199 0 
200 0 
201 0 
202 0 
203 0 
204 0 
205 0 
206 0 
207 0 
208 0 
209 0 
210 0 
211 0 
212 0 
213 0 
214 0 
215 0 
216 0 
217 0 
218 0 
219 0 
220 0 
221 0 
222 0 
223 0 
224 0 
225 0 
226 0 
227 0 
228 0 
229 0 
230 0 
231 0 
232 0 
233 0 
234 0 
235 0 
236 0 
237 0 
238 0 
239 0 
240 0 
241 0 
242 0 
243 0 
244 0 
245 0 
246 0 
247 0 
248 0 
249 0 
250 0 
251 0 
252 0 
253 0 
254 0 
255 0 
256 0 
257 0 
258 0 
259 0 
260 0 
261 0 
262 0 
263 0 
264 0 
265 0 
266 0 
267 0 
268 0 
269 0 
270 0 
271 12 
272 42 
273 115 
274 180 
275 428 
276 679 
277 998 
278 1540 
279 2307 
280 3414 
281 4914 
282 7262 
283 10299 
284 14043 
285 17797 
286 23638 
287 29398 
288 35946 
289 43850 
290 52522 
291 65193 
292 81202 
293 99801 
294 119337 
295 144675 
296 171027 
297 198904 
298 228608 
299 266353 
300 304671 
301 346599 
302 393253 
303 442108 
304 497487 
305 554344 
306 617362 
307 685002 
308 759619 
309 841927 
310 930335 
311 1.03154e+06 
312 1.14852e+06 
313 1.2733e+06 
314 1.40815e+06 
315 1.55197e+06 
316 1.7056e+06 
317 1.88082e+06 
318 2.0715e+06 
319 2.26342e+06 
320 2.46621e+06 
321 2.67675e+06 
322 2.90846e+06 
323 3.15034e+06 
324 3.38817e+06 
325 3.65072e+06 
326 3.9127e+06 
327 4.18408e+06 
328 4.46855e+06 
329 4.78405e+06 
330 5.11657e+06 
331 5.48088e+06 
332 5.86169e+06 
333 6.26649e+06 
334 6.71204e+06 
335 7.22272e+06 
336 7.77456e+06 
337 8.38698e+06 
338 9.0682e+06 
339 9.789e+06 
340 1.05923e+07 
341 1.14811e+07 
342 1.2464e+07 
343 1.35448e+07 
344 1.47206e+07 
345 1.59918e+07 
346 1.73701e+07 
347 1.89367e+07 
348 2.06144e+07 
349 2.2482e+07 
350 2.45534e+07 
351 2.68653e+07 
352 2.94364e+07 
353 3.23003e+07 
354 3.54528e+07 
355 3.89339e+07 
356 4.28063e+07 
357 4.70677e+07 
358 5.17572e+07 
359 5.68256e+07 
360 6.23343e+07 
361 6.8336e+07 
362 7.47765e+07 
363 8.17011e+07 
364 8.91564e+07 
365 9.72008e+07 
366 1.05891e+08 
367 1.15099e+08 
368 1.24935e+08 
369 1.35314e+08 
370 1.46323e+08 
371 1.57856e+08 
372 1.70038e+08 
373 1.82746e+08 
374 1.9609e+08 
375 2.10034e+08 
376 2.24477e+08 
377 2.3948e+08 
378 2.54881e+08 
379 2.70713e+08 
380 2.86918e+08 
381 3.03398e+08 
382 3.20125e+08 
383 3.36976e+08 
384 3.53978e+08 
385 3.71137e+08 
386 3.8827e+08 
387 4.05004e+08 
388 4.21464e+08 
389 4.37365e+08 
390 4.52801e+08 
391 4.67578e+08 
392 4.81447e+08 
393 4.94429e+08 
394 5.06147e+08 
395 5.16712e+08 
396 5.25904e+08 
397 5.33595e+08 
398 5.39478e+08 
399 5.4337e+08 
400 5.45265e+08 
401 5.4469e+08 
402 5.41911e+08 
403 5.37375e+08 
404 5.31012e+08 
405 5.22967e+08 
406 5.134e+08 
407 5.0246e+08 
408 4.90225e+08 
409 4.76874e+08 
410 4.62629e+08 
411 4.47438e+08 
412 4.31667e+08 
413 4.15462e+08 
414 3.98823e+08 
415 3.8189e+08 
416 3.64778e+08 
417 3.47734e+08 
418 3.30574e+08 
419 3.13469e+08 
420 2.96612e+08 
421 2.80087e+08 
422 2.63817e+08 
423 2.48076e+08 
424 2.32838e+08 
425 2.18076e+08 
426 2.03728e+08 
427 1.90056e+08 
428 1.77008e+08 
429 1.64527e+08 
430 1.52701e+08 
431 1.41506e+08 
432 1.30942e+08 
433 1.20908e+08 
434 1.11495e+08 
435 1.02694e+08 
436 9.45537e+07 
437 8.70056e+07 
438 7.99068e+07 
439 7.33328e+07 
440 6.72135e+07 
441 6.1551e+07 
442 5.63032e+07 
443 5.15289e+07 
444 4.70827e+07 
445 4.3001e+07 
446 3.92636e+07 
447 3.58157e+07 
448 3.26724e+07 
449 2.97849e+07 
450 2.71515e+07 
451 2.47389e+07 
452 2.25314e+07 
453 2.05227e+07 
454 1.8712e+07 
455 1.70531e+07 
456 1.55645e+07 
457 1.42004e+07 
458 1.29595e+07 
459 1.18153e+07 
460 1.07988e+07 
461 9.88018e+06 
462 9.04609e+06 
463 8.30146e+06 
464 7.59219e+06 
465 6.9278e+06 
466 6.32688e+06 
467 5.76686e+06 
468 5.25316e+06 
469 4.76664e+06 
470 4.32418e+06 
471 3.92114e+06 
472 3.55802e+06 
473 3.21554e+06 
474 2.89688e+06 
475 2.59471e+06 
476 2.32153e+06 
477 2.06509e+06 
478 1.82863e+06 
479 1.60289e+06 
480 1.41427e+06 
481 1.24335e+06 
482 1.08747e+06 
483 952499 
484 826761 
485 716973 
486 615245 
487 526817 
488 450421 
489 377298 
490 311870 
491 255086 
492 206062 
493 165944 
494 132678 
495 106227 
496 83830 
497 65881 
498 51606 
499 39553 
500 30061 
501 22619 
502 17810 
503 14116 
504 10851 
505 8799 
506 6566 
507 5020 
508 3580 
509 2488 
510 1628 
511 1071 
512 824 
513 477 
514 270 
515 125 
516 59 
517 27 
518 30 
519 13 
520 10 
521 6 
522 2 
523 0 
524 0 
525 0 
526 0 
527 0 
528 0 
529 0 
530 0 
531 0 
532 0 
533 0 
534 0 
535 0 
536 0 
537 0 
538 0 
539 0 
540 0 
541 0 
542 0 
543 0 
544 0 
545 0 
546 0 
547 0 
548 0 
549 0 
550 0 
551 0 
552 0 
553 0 
554 0 
555 0 
556 0 
557 0 
558 0 
559 0 
560 0 
561 0 
562 0 
563 0 
564 0 
565 0 
566 0 
567 0 
568 0 
569 0 
570 0 
571 0 
572 0 
573 0 
574 0 
575 0 
576 0 
577 0 
578 0 
579 0 
580 0 
581 0 
582 0 
583 0 
584 0 
585 0 
586 0 
587 0 
588 0 
589 0 
590 0 
591 0 
592 0 
593 0 
594 0 
595 0 
596 0 
597 0 
598 0 
599 0 
600 0 
601 0 
602 0 
603 0 
604 0 
605 0 
606 0 
607 0 
608 0 
609 0 
610 0 
611 0 
612 0 
613 0 
614 0 
615 0 
616 0 
617 0 
618 0 
619 0 
620 0 
621 0 
622 0 
623 0 
624 0 
625 0 
626 0 
627 0 
628 0 
629 0 
630 0 
631 0 
632 0 
633 0 
634 0 
635 0 
636 0 
637 0 
638 0 
639 0 
640 0 
641 0 
642 0 
643 0 
644 0 
645 0 
646 0 
647 0 
648 0 
649 0 
650 0 
651 0 
652 0 
653 0 
654 0 
655 0 
656 0 
657 0 
658 0 
659 0 
660 0 
661 0 
662 0 
663 0 
664 0 
665 0 
666 0 
667 0 
668 0 
669 0 
670 0 
671 0 
672 0 
673 0 
674 0 
675 0 
676 0 
677 0 
678 0 
679 0 
680 0 
681 0 
682 0 
683 0 
684 0 
685 0 
686 0 
687 0 
688 0 
689 0 
690 0 
691 0 
692 0 
693 0 
694 0 
695 0 
696 0 
697 0 
698 0 
699 0 
700 0 
701 0 
702 0 
703 0 
704 0 
705 0 
706 0 
707 0 
708 0 
709 0 
710 0 
711 0 
712 0 
713 0 
714 0 
715 0 
716 0 
717 0 
718 0 
719 0 
720 0 
721 0 
722 0 
723 0 
724 0 
725 0 
726 0 
727 0 
728 0 
729 0 
730 0 
731 0 
732 0 
733 0 
734 0 
735 0 
736 0 
737 0 
738 0 
739 0 
740 0 
741 0 
742 0 
743 0 
744 0 
745 0 
746 0 
747 0 
748 0 
749 0 
750 0 
751 0 
752 0 
753 0 
754 0 
755 0 
756 0 
757 0 
758 0 
759 0 
760 0 
761 0 
762 0 
763 0 
764 0 
765 0 
766 0 
767 0 
768 0 
769 0 
770 0 
771 0 
772 0 
773 0 
774 0 
775 0 
776 0 
777 0 
778 0 
779 0 
780 0 
781 0 
782 0 
783 0 
784 0 
785 0 
786 0 
787 0 
788 0 
789 0 
790 0 
791 0 
792 0 
793 0 
794 0 
795 0 
796 0 
797 0 
798 0 
799 0 
