0 0 
1 0 
2 0 
3 0 
4 0 
5 0 
6 0 
7 0 
8 0 
9 0 
10 0 
11 0 
12 0 
13 0 
14 0 
15 0 
16 0 
17 0 
18 0 
19 0 
20 0 
21 0 
22 0 
23 0 
24 0 
25 0 
26 0 
27 0 
28 0 
29 0 
30 0 
31 0 
32 0 
33 0 
34 0 
35 0 
36 0 
37 0 
38 0 
39 0 
40 0 
41 0 
42 0 
43 0 
44 0 
45 0 
46 0 
47 0 
48 0 
49 0 
50 0 
51 0 
52 0 
53 0 
54 0 
55 0 
56 0 
57 0 
58 0 
59 0 
60 0 
61 0 
62 0 
63 0 
64 0 
65 0 
66 0 
67 0 
68 0 
69 0 
70 0 
71 0 
72 0 
73 0 
74 0 
75 0 
76 0 
77 0 
78 0 
79 0 
80 0 
81 0 
82 0 
83 0 
84 0 
85 0 
86 0 
87 0 
88 0 
89 0 
90 0 
91 0 
92 0 
93 0 
94 0 
95 0 
96 0 
97 0 
98 0 
99 0 
100 0 
101 0 
102 0 
103 0 
104 0 
105 0 
106 0 
107 0 
108 0 
109 0 
110 0 
111 0 
112 0 
113 0 
114 0 
115 0 
116 0 
117 0 
118 0 
119 0 
120 0 
121 0 
122 0 
123 0 
124 0 
125 0 
126 0 
127 0 
128 0 
129 0 
130 0 
131 0 
132 0 
133 0 
134 0 
135 0 
136 0 
137 0 
138 0 
139 0 
140 0 
141 0 
142 0 
143 0 
144 0 
145 0 
146 0 
147 0 
148 0 
149 0 
150 0 
151 0 
152 0 
153 0 
154 0 
155 0 
156 0 
157 0 
158 0 
159 0 
160 0 
161 0 
162 0 
163 0 
164 0 
165 0 
166 0 
167 0 
168 0 
169 0 
170 0 
171 0 
172 0 
173 0 
174 0 
175 0 
176 0 
177 0 
178 0 
179 0 
180 0 
181 0 
182 0 
183 0 
184 0 
185 0 
186 0 
187 0 
188 0 
189 0 
190 0 
191 0 
192 0 
193 0 
194 0 
195 0 
196 0 
197 0 
198 0 
199 0 
200 0 
201 0 
202 0 
203 0 
204 0 
205 0 
206 0 
207 0 
208 0 
209 0 
210 0 
211 0 
212 0 
213 0 
214 0 
215 0 
216 0 
217 0 
218 0 
219 0 
220 0 
221 0 
222 0 
223 13 
224 56 
225 108 
226 385 
227 1000 
228 2346 
229 4454 
230 6619 
231 8689 
232 9896 
233 10726 
234 11838 
235 13844 
236 16476 
237 22768 
238 30207 
239 40831 
240 58346 
241 81989 
242 113753 
243 149787 
244 197516 
245 261273 
246 349261 
247 465554 
248 602481 
249 767444 
250 951332 
251 1.1499e+06 
252 1.36414e+06 
253 1.58941e+06 
254 1.81117e+06 
255 2.02701e+06 
256 2.26335e+06 
257 2.51457e+06 
258 2.77183e+06 
259 3.03509e+06 
260 3.296e+06 
261 3.53271e+06 
262 3.78795e+06 
263 4.09065e+06 
264 4.40846e+06 
265 4.7408e+06 
266 5.08926e+06 
267 5.44555e+06 
268 5.8128e+06 
269 6.17334e+06 
270 6.54031e+06 
271 6.95609e+06 
272 7.41544e+06 
273 7.89969e+06 
274 8.48362e+06 
275 9.16605e+06 
276 9.96019e+06 
277 1.07836e+07 
278 1.15696e+07 
279 1.2286e+07 
280 1.29198e+07 
281 1.34731e+07 
282 1.3939e+07 
283 1.43056e+07 
284 1.45495e+07 
285 1.47649e+07 
286 1.4946e+07 
287 1.5104e+07 
288 1.52628e+07 
289 1.53325e+07 
290 1.53773e+07 
291 1.54055e+07 
292 1.54836e+07 
293 1.55485e+07 
294 1.56512e+07 
295 1.57316e+07 
296 1.58347e+07 
297 1.59753e+07 
298 1.61215e+07 
299 1.62712e+07 
300 1.64096e+07 
301 1.65232e+07 
302 1.66138e+07 
303 1.66386e+07 
304 1.66345e+07 
305 1.66762e+07 
306 1.66409e+07 
307 1.66639e+07 
308 1.67506e+07 
309 1.68633e+07 
310 1.69314e+07 
311 1.70185e+07 
312 1.71618e+07 
313 1.73261e+07 
314 1.75698e+07 
315 1.79e+07 
316 1.83416e+07 
317 1.88468e+07 
318 1.94184e+07 
319 2.01273e+07 
320 2.09975e+07 
321 2.19355e+07 
322 2.28396e+07 
323 2.37725e+07 
324 2.46882e+07 
325 2.56347e+07 
326 2.66131e+07 
327 2.76103e+07 
328 2.86391e+07 
329 2.97693e+07 
330 3.0944e+07 
331 3.21595e+07 
332 3.33676e+07 
333 3.45085e+07 
334 3.56029e+07 
335 3.66291e+07 
336 3.76234e+07 
337 3.86731e+07 
338 3.97317e+07 
339 4.06917e+07 
340 4.16175e+07 
341 4.25441e+07 
342 4.34109e+07 
343 4.43546e+07 
344 4.54072e+07 
345 4.6645e+07 
346 4.80828e+07 
347 4.98526e+07 
348 5.18461e+07 
349 5.41574e+07 
350 5.68299e+07 
351 5.97734e+07 
352 6.30361e+07 
353 6.6633e+07 
354 7.04814e+07 
355 7.42595e+07 
356 7.81063e+07 
357 8.1949e+07 
358 8.59727e+07 
359 9.02129e+07 
360 9.46244e+07 
361 9.91561e+07 
362 1.03635e+08 
363 1.08201e+08 
364 1.12933e+08 
365 1.17943e+08 
366 1.23191e+08 
367 1.28887e+08 
368 1.35025e+08 
369 1.4171e+08 
370 1.48922e+08 
371 1.56749e+08 
372 1.64979e+08 
373 1.73889e+08 
374 1.8317e+08 
375 1.92836e+08 
376 2.02879e+08 
377 2.13296e+08 
378 2.23891e+08 
379 2.34829e+08 
380 2.45902e+08 
381 2.5737e+08 
382 2.69397e+08 
383 2.81861e+08 
384 2.94614e+08 
385 3.07272e+08 
386 3.19791e+08 
387 3.32184e+08 
388 3.44609e+08 
389 3.57258e+08 
390 3.69938e+08 
391 3.82307e+08 
392 3.94533e+08 
393 4.06449e+08 
394 4.17736e+08 
395 4.28354e+08 
396 4.38116e+08 
397 4.46422e+08 
398 4.52527e+08 
399 4.56378e+08 
400 4.58016e+08 
401 4.57016e+08 
402 4.53894e+08 
403 4.49006e+08 
404 4.42389e+08 
405 4.34342e+08 
406 4.25362e+08 
407 4.15492e+08 
408 4.04794e+08 
409 3.93429e+08 
410 3.81706e+08 
411 3.69646e+08 
412 3.57301e+08 
413 3.44877e+08 
414 3.32382e+08 
415 3.20158e+08 
416 3.08034e+08 
417 2.95936e+08 
418 2.83915e+08 
419 2.72066e+08 
420 2.60214e+08 
421 2.48495e+08 
422 2.37497e+08 
423 2.27095e+08 
424 2.1731e+08 
425 2.07893e+08 
426 1.99056e+08 
427 1.90796e+08 
428 1.82898e+08 
429 1.75197e+08 
430 1.67889e+08 
431 1.60663e+08 
432 1.53384e+08 
433 1.4604e+08 
434 1.38683e+08 
435 1.31248e+08 
436 1.23713e+08 
437 1.16382e+08 
438 1.09159e+08 
439 1.02117e+08 
440 9.52388e+07 
441 8.87918e+07 
442 8.27955e+07 
443 7.73686e+07 
444 7.24484e+07 
445 6.78728e+07 
446 6.37029e+07 
447 5.98599e+07 
448 5.62142e+07 
449 5.27046e+07 
450 4.93534e+07 
451 4.61309e+07 
452 4.30461e+07 
453 4.02213e+07 
454 3.76218e+07 
455 3.5247e+07 
456 3.29718e+07 
457 3.08977e+07 
458 2.89143e+07 
459 2.69878e+07 
460 2.51645e+07 
461 2.33953e+07 
462 2.17249e+07 
463 2.03078e+07 
464 1.90425e+07 
465 1.79598e+07 
466 1.70393e+07 
467 1.62011e+07 
468 1.55254e+07 
469 1.49978e+07 
470 1.45824e+07 
471 1.42933e+07 
472 1.41384e+07 
473 1.41483e+07 
474 1.42245e+07 
475 1.43587e+07 
476 1.44909e+07 
477 1.46512e+07 
478 1.48301e+07 
479 1.49587e+07 
480 1.49892e+07 
481 1.48929e+07 
482 1.46715e+07 
483 1.43208e+07 
484 1.38706e+07 
485 1.3315e+07 
486 1.26589e+07 
487 1.1935e+07 
488 1.11183e+07 
489 1.02186e+07 
490 9.26899e+06 
491 8.33276e+06 
492 7.43813e+06 
493 6.58485e+06 
494 5.78849e+06 
495 5.08634e+06 
496 4.43443e+06 
497 3.83313e+06 
498 3.29758e+06 
499 2.80175e+06 
500 2.34177e+06 
501 1.92111e+06 
502 1.54257e+06 
503 1.22009e+06 
504 954604 
505 736062 
506 561437 
507 416273 
508 298215 
509 214095 
510 143604 
511 97911 
512 66358 
513 46635 
514 33508 
515 23959 
516 15560 
517 9475 
518 5283 
519 3064 
520 1609 
521 1127 
522 738 
523 258 
524 96 
525 19 
526 7 
527 2 
528 0 
529 0 
530 0 
531 0 
532 0 
533 0 
534 0 
535 0 
536 0 
537 0 
538 0 
539 0 
540 0 
541 0 
542 0 
543 0 
544 0 
545 0 
546 0 
547 0 
548 0 
549 0 
550 0 
551 0 
552 0 
553 0 
554 0 
555 0 
556 0 
557 0 
558 0 
559 0 
560 0 
561 0 
562 0 
563 0 
564 0 
565 0 
566 0 
567 0 
568 0 
569 0 
570 0 
571 0 
572 0 
573 0 
574 0 
575 0 
576 0 
577 0 
578 0 
579 0 
580 0 
581 0 
582 0 
583 0 
584 0 
585 0 
586 0 
587 0 
588 0 
589 0 
590 0 
591 0 
592 0 
593 0 
594 0 
595 0 
596 0 
597 0 
598 0 
599 0 
600 0 
601 0 
602 0 
603 0 
604 0 
605 0 
606 0 
607 0 
608 0 
609 0 
610 0 
611 0 
612 0 
613 0 
614 0 
615 0 
616 0 
617 0 
618 0 
619 0 
620 0 
621 0 
622 0 
623 0 
624 0 
625 0 
626 0 
627 0 
628 0 
629 0 
630 0 
631 0 
632 0 
633 0 
634 0 
635 0 
636 0 
637 0 
638 0 
639 0 
640 0 
641 0 
642 0 
643 0 
644 0 
645 0 
646 0 
647 0 
648 0 
649 0 
650 0 
651 0 
652 0 
653 0 
654 0 
655 0 
656 0 
657 0 
658 0 
659 0 
660 0 
661 0 
662 0 
663 0 
664 0 
665 0 
666 0 
667 0 
668 0 
669 0 
670 0 
671 0 
672 0 
673 0 
674 0 
675 0 
676 0 
677 0 
678 0 
679 0 
680 0 
681 0 
682 0 
683 0 
684 0 
685 0 
686 0 
687 0 
688 0 
689 0 
690 0 
691 0 
692 0 
693 0 
694 0 
695 0 
696 0 
697 0 
698 0 
699 0 
700 0 
701 0 
702 0 
703 0 
704 0 
705 0 
706 0 
707 0 
708 0 
709 0 
710 0 
711 0 
712 0 
713 0 
714 0 
715 0 
716 0 
717 0 
718 0 
719 0 
720 0 
721 0 
722 0 
723 0 
724 0 
725 0 
726 0 
727 0 
728 0 
729 0 
730 0 
731 0 
732 0 
733 0 
734 0 
735 0 
736 0 
737 0 
738 0 
739 0 
740 0 
741 0 
742 0 
743 0 
744 0 
745 0 
746 0 
747 0 
748 0 
749 0 
750 0 
751 0 
752 0 
753 0 
754 0 
755 0 
756 0 
757 0 
758 0 
759 0 
760 0 
761 0 
762 0 
763 0 
764 0 
765 0 
766 0 
767 0 
768 0 
769 0 
770 0 
771 0 
772 0 
773 0 
774 0 
775 0 
776 0 
777 0 
778 0 
779 0 
780 0 
781 0 
782 0 
783 0 
784 0 
785 0 
786 0 
787 0 
788 0 
789 0 
790 0 
791 0 
792 0 
793 0 
794 0 
795 0 
796 0 
797 0 
798 0 
799 0 
