0 0 
1 0 
2 0 
3 0 
4 0 
5 0 
6 0 
7 0 
8 0 
9 0 
10 0 
11 0 
12 0 
13 0 
14 0 
15 0 
16 0 
17 0 
18 0 
19 0 
20 0 
21 0 
22 0 
23 0 
24 0 
25 0 
26 0 
27 0 
28 0 
29 0 
30 0 
31 0 
32 0 
33 0 
34 0 
35 0 
36 0 
37 0 
38 0 
39 0 
40 0 
41 0 
42 0 
43 0 
44 0 
45 0 
46 0 
47 0 
48 0 
49 0 
50 0 
51 0 
52 0 
53 0 
54 0 
55 0 
56 0 
57 0 
58 0 
59 0 
60 0 
61 0 
62 0 
63 0 
64 0 
65 0 
66 0 
67 0 
68 0 
69 0 
70 0 
71 0 
72 0 
73 0 
74 0 
75 0 
76 0 
77 0 
78 0 
79 0 
80 0 
81 0 
82 0 
83 0 
84 0 
85 0 
86 0 
87 0 
88 0 
89 0 
90 0 
91 0 
92 0 
93 0 
94 0 
95 0 
96 0 
97 0 
98 0 
99 0 
100 0 
101 0 
102 0 
103 0 
104 0 
105 0 
106 0 
107 0 
108 0 
109 0 
110 0 
111 0 
112 0 
113 0 
114 0 
115 0 
116 0 
117 0 
118 0 
119 0 
120 0 
121 0 
122 0 
123 0 
124 0 
125 0 
126 0 
127 0 
128 0 
129 0 
130 0 
131 0 
132 0 
133 0 
134 0 
135 0 
136 0 
137 0 
138 0 
139 0 
140 0 
141 0 
142 0 
143 0 
144 0 
145 0 
146 0 
147 0 
148 0 
149 0 
150 0 
151 0 
152 0 
153 0 
154 0 
155 0 
156 0 
157 0 
158 0 
159 0 
160 0 
161 0 
162 0 
163 0 
164 0 
165 0 
166 0 
167 0 
168 0 
169 0 
170 0 
171 3 
172 10 
173 24 
174 64 
175 72 
176 89 
177 139 
178 210 
179 304 
180 447 
181 650 
182 910 
183 1296 
184 1666 
185 2647 
186 3634 
187 4794 
188 6314 
189 8387 
190 10550 
191 12856 
192 15732 
193 18961 
194 23191 
195 27705 
196 32276 
197 37672 
198 43656 
199 49884 
200 56651 
201 64448 
202 73057 
203 81296 
204 91327 
205 102530 
206 117771 
207 135264 
208 154264 
209 177917 
210 204047 
211 232107 
212 262915 
213 297207 
214 335006 
215 374466 
216 415770 
217 462780 
218 514804 
219 570768 
220 629994 
221 691964 
222 757172 
223 823608 
224 898460 
225 973015 
226 1.05281e+06 
227 1.1338e+06 
228 1.21735e+06 
229 1.30028e+06 
230 1.38469e+06 
231 1.46639e+06 
232 1.55544e+06 
233 1.6469e+06 
234 1.74236e+06 
235 1.84394e+06 
236 1.94744e+06 
237 2.0515e+06 
238 2.15903e+06 
239 2.265e+06 
240 2.35803e+06 
241 2.44716e+06 
242 2.53884e+06 
243 2.62748e+06 
244 2.71802e+06 
245 2.7984e+06 
246 2.87527e+06 
247 2.9547e+06 
248 3.02451e+06 
249 3.09025e+06 
250 3.14635e+06 
251 3.20922e+06 
252 3.25962e+06 
253 3.30928e+06 
254 3.36644e+06 
255 3.42464e+06 
256 3.48619e+06 
257 3.54566e+06 
258 3.60224e+06 
259 3.66517e+06 
260 3.73242e+06 
261 3.8058e+06 
262 3.89093e+06 
263 3.96287e+06 
264 4.05362e+06 
265 4.15513e+06 
266 4.27417e+06 
267 4.40275e+06 
268 4.53229e+06 
269 4.68091e+06 
270 4.83252e+06 
271 4.99285e+06 
272 5.16268e+06 
273 5.33835e+06 
274 5.52189e+06 
275 5.70883e+06 
276 5.91296e+06 
277 6.11512e+06 
278 6.33628e+06 
279 6.57558e+06 
280 6.81781e+06 
281 7.07181e+06 
282 7.34793e+06 
283 7.6274e+06 
284 7.92093e+06 
285 8.24633e+06 
286 8.58967e+06 
287 8.96048e+06 
288 9.34078e+06 
289 9.77587e+06 
290 1.0229e+07 
291 1.07194e+07 
292 1.12381e+07 
293 1.17633e+07 
294 1.23313e+07 
295 1.29174e+07 
296 1.35229e+07 
297 1.41724e+07 
298 1.48344e+07 
299 1.55147e+07 
300 1.62296e+07 
301 1.69424e+07 
302 1.77132e+07 
303 1.85002e+07 
304 1.92977e+07 
305 2.01605e+07 
306 2.10572e+07 
307 2.19826e+07 
308 2.29237e+07 
309 2.38931e+07 
310 2.489e+07 
311 2.59225e+07 
312 2.69995e+07 
313 2.81114e+07 
314 2.9269e+07 
315 3.04884e+07 
316 3.17583e+07 
317 3.30317e+07 
318 3.43767e+07 
319 3.57526e+07 
320 3.72232e+07 
321 3.87461e+07 
322 4.03259e+07 
323 4.19205e+07 
324 4.35986e+07 
325 4.52867e+07 
326 4.70459e+07 
327 4.88702e+07 
328 5.07397e+07 
329 5.26434e+07 
330 5.46145e+07 
331 5.66615e+07 
332 5.86897e+07 
333 6.08134e+07 
334 6.29614e+07 
335 6.51907e+07 
336 6.74607e+07 
337 6.97807e+07 
338 7.21862e+07 
339 7.46632e+07 
340 7.7221e+07 
341 7.98766e+07 
342 8.26159e+07 
343 8.53912e+07 
344 8.82348e+07 
345 9.11324e+07 
346 9.40972e+07 
347 9.71602e+07 
348 1.00287e+08 
349 1.03502e+08 
350 1.06749e+08 
351 1.10113e+08 
352 1.13541e+08 
353 1.17028e+08 
354 1.20607e+08 
355 1.24255e+08 
356 1.27989e+08 
357 1.31802e+08 
358 1.35645e+08 
359 1.39542e+08 
360 1.43487e+08 
361 1.47439e+08 
362 1.51474e+08 
363 1.5546e+08 
364 1.59472e+08 
365 1.63454e+08 
366 1.67355e+08 
367 1.71336e+08 
368 1.75294e+08 
369 1.7926e+08 
370 1.83261e+08 
371 1.87248e+08 
372 1.91289e+08 
373 1.95365e+08 
374 1.9944e+08 
375 2.03476e+08 
376 2.07497e+08 
377 2.11501e+08 
378 2.15446e+08 
379 2.19377e+08 
380 2.23218e+08 
381 2.2702e+08 
382 2.30792e+08 
383 2.34491e+08 
384 2.38071e+08 
385 2.41546e+08 
386 2.44946e+08 
387 2.48221e+08 
388 2.51234e+08 
389 2.54077e+08 
390 2.56717e+08 
391 2.59109e+08 
392 2.61319e+08 
393 2.63292e+08 
394 2.65073e+08 
395 2.6668e+08 
396 2.68125e+08 
397 2.6939e+08 
398 2.70389e+08 
399 2.71119e+08 
400 2.7156e+08 
401 2.71587e+08 
402 2.7128e+08 
403 2.70714e+08 
404 2.69752e+08 
405 2.68575e+08 
406 2.67179e+08 
407 2.65499e+08 
408 2.63544e+08 
409 2.61422e+08 
410 2.59128e+08 
411 2.56702e+08 
412 2.54096e+08 
413 2.51383e+08 
414 2.48484e+08 
415 2.45402e+08 
416 2.42127e+08 
417 2.3867e+08 
418 2.35053e+08 
419 2.31345e+08 
420 2.27512e+08 
421 2.23539e+08 
422 2.19442e+08 
423 2.15301e+08 
424 2.11094e+08 
425 2.06834e+08 
426 2.02522e+08 
427 1.98038e+08 
428 1.93558e+08 
429 1.89116e+08 
430 1.84665e+08 
431 1.80173e+08 
432 1.75693e+08 
433 1.71187e+08 
434 1.66695e+08 
435 1.62268e+08 
436 1.57857e+08 
437 1.53547e+08 
438 1.49255e+08 
439 1.45034e+08 
440 1.40901e+08 
441 1.36778e+08 
442 1.32687e+08 
443 1.28655e+08 
444 1.24677e+08 
445 1.20795e+08 
446 1.16924e+08 
447 1.13139e+08 
448 1.09406e+08 
449 1.05719e+08 
450 1.02138e+08 
451 9.85774e+07 
452 9.51164e+07 
453 9.17663e+07 
454 8.84787e+07 
455 8.52263e+07 
456 8.20534e+07 
457 7.89772e+07 
458 7.59482e+07 
459 7.29509e+07 
460 7.00262e+07 
461 6.71888e+07 
462 6.44151e+07 
463 6.17233e+07 
464 5.90654e+07 
465 5.65189e+07 
466 5.40531e+07 
467 5.17215e+07 
468 4.9447e+07 
469 4.72314e+07 
470 4.50803e+07 
471 4.3007e+07 
472 4.10121e+07 
473 3.90899e+07 
474 3.72472e+07 
475 3.54743e+07 
476 3.37859e+07 
477 3.21514e+07 
478 3.05918e+07 
479 2.91072e+07 
480 2.76888e+07 
481 2.63575e+07 
482 2.50321e+07 
483 2.37919e+07 
484 2.2593e+07 
485 2.14795e+07 
486 2.03778e+07 
487 1.93594e+07 
488 1.84094e+07 
489 1.751e+07 
490 1.66535e+07 
491 1.58656e+07 
492 1.51203e+07 
493 1.44113e+07 
494 1.3754e+07 
495 1.3133e+07 
496 1.25431e+07 
497 1.19994e+07 
498 1.14835e+07 
499 1.10147e+07 
500 1.05615e+07 
501 1.01515e+07 
502 9.77264e+06 
503 9.4355e+06 
504 9.11852e+06 
505 8.8336e+06 
506 8.55115e+06 
507 8.30287e+06 
508 8.07211e+06 
509 7.84721e+06 
510 7.65494e+06 
511 7.45765e+06 
512 7.29166e+06 
513 7.13414e+06 
514 6.99131e+06 
515 6.8729e+06 
516 6.76524e+06 
517 6.67855e+06 
518 6.58701e+06 
519 6.50401e+06 
520 6.42882e+06 
521 6.3484e+06 
522 6.30059e+06 
523 6.25504e+06 
524 6.2201e+06 
525 6.18132e+06 
526 6.15694e+06 
527 6.14389e+06 
528 6.12882e+06 
529 6.11494e+06 
530 6.12244e+06 
531 6.12646e+06 
532 6.13626e+06 
533 6.16364e+06 
534 6.18912e+06 
535 6.20404e+06 
536 6.21994e+06 
537 6.22097e+06 
538 6.23203e+06 
539 6.2345e+06 
540 6.22698e+06 
541 6.21736e+06 
542 6.1997e+06 
543 6.17508e+06 
544 6.13931e+06 
545 6.08846e+06 
546 6.03729e+06 
547 5.98599e+06 
548 5.92664e+06 
549 5.86478e+06 
550 5.79092e+06 
551 5.72307e+06 
552 5.65032e+06 
553 5.57528e+06 
554 5.49555e+06 
555 5.41009e+06 
556 5.32541e+06 
557 5.23146e+06 
558 5.14071e+06 
559 5.05318e+06 
560 4.97597e+06 
561 4.89495e+06 
562 4.81572e+06 
563 4.73466e+06 
564 4.64384e+06 
565 4.55572e+06 
566 4.46781e+06 
567 4.38542e+06 
568 4.2894e+06 
569 4.19022e+06 
570 4.09405e+06 
571 3.98701e+06 
572 3.89225e+06 
573 3.79176e+06 
574 3.68743e+06 
575 3.57481e+06 
576 3.46924e+06 
577 3.36054e+06 
578 3.23805e+06 
579 3.11142e+06 
580 2.98753e+06 
581 2.86381e+06 
582 2.73767e+06 
583 2.61432e+06 
584 2.47969e+06 
585 2.35351e+06 
586 2.2227e+06 
587 2.09562e+06 
588 1.97079e+06 
589 1.8519e+06 
590 1.73582e+06 
591 1.62308e+06 
592 1.51227e+06 
593 1.41271e+06 
594 1.31672e+06 
595 1.22508e+06 
596 1.13865e+06 
597 1.05535e+06 
598 975169 
599 899576 
600 824963 
601 754377 
602 687401 
603 622504 
604 558390 
605 500704 
606 446946 
607 396706 
608 350529 
609 309344 
610 269920 
611 233798 
612 202261 
613 175191 
614 153250 
615 131297 
616 113347 
617 96599 
618 83506 
619 71332 
620 59737 
621 49612 
622 42461 
623 35386 
624 29606 
625 24833 
626 20243 
627 17060 
628 13612 
629 10655 
630 8427 
631 6389 
632 4711 
633 3807 
634 2619 
635 1879 
636 1130 
637 837 
638 577 
639 399 
640 283 
641 208 
642 140 
643 83 
644 40 
645 20 
646 19 
647 6 
648 0 
649 0 
650 0 
651 0 
652 0 
653 0 
654 0 
655 0 
656 0 
657 0 
658 0 
659 0 
660 0 
661 0 
662 0 
663 0 
664 0 
665 0 
666 0 
667 0 
668 0 
669 0 
670 0 
671 0 
672 0 
673 0 
674 0 
675 0 
676 0 
677 0 
678 0 
679 0 
680 0 
681 0 
682 0 
683 0 
684 0 
685 0 
686 0 
687 0 
688 0 
689 0 
690 0 
691 0 
692 0 
693 0 
694 0 
695 0 
696 0 
697 0 
698 0 
699 0 
700 0 
701 0 
702 0 
703 0 
704 0 
705 0 
706 0 
707 0 
708 0 
709 0 
710 0 
711 0 
712 0 
713 0 
714 0 
715 0 
716 0 
717 0 
718 0 
719 0 
720 0 
721 0 
722 0 
723 0 
724 0 
725 0 
726 0 
727 0 
728 0 
729 0 
730 0 
731 0 
732 0 
733 0 
734 0 
735 0 
736 0 
737 0 
738 0 
739 0 
740 0 
741 0 
742 0 
743 0 
744 0 
745 0 
746 0 
747 0 
748 0 
749 0 
750 0 
751 0 
752 0 
753 0 
754 0 
755 0 
756 0 
757 0 
758 0 
759 0 
760 0 
761 0 
762 0 
763 0 
764 0 
765 0 
766 0 
767 0 
768 0 
769 0 
770 0 
771 0 
772 0 
773 0 
774 0 
775 0 
776 0 
777 0 
778 0 
779 0 
780 0 
781 0 
782 0 
783 0 
784 0 
785 0 
786 0 
787 0 
788 0 
789 0 
790 0 
791 0 
792 0 
793 0 
794 0 
795 0 
796 0 
797 0 
798 0 
799 0 
