0 0 
1 0 
2 0 
3 0 
4 0 
5 0 
6 0 
7 0 
8 0 
9 0 
10 0 
11 0 
12 0 
13 0 
14 0 
15 0 
16 0 
17 0 
18 0 
19 0 
20 0 
21 0 
22 0 
23 0 
24 0 
25 0 
26 0 
27 0 
28 0 
29 0 
30 0 
31 0 
32 0 
33 0 
34 0 
35 0 
36 0 
37 0 
38 0 
39 0 
40 0 
41 0 
42 0 
43 0 
44 0 
45 0 
46 0 
47 0 
48 0 
49 0 
50 0 
51 0 
52 0 
53 0 
54 0 
55 0 
56 0 
57 0 
58 0 
59 0 
60 0 
61 0 
62 0 
63 0 
64 0 
65 0 
66 0 
67 0 
68 0 
69 0 
70 0 
71 0 
72 0 
73 0 
74 0 
75 0 
76 0 
77 0 
78 0 
79 0 
80 0 
81 0 
82 0 
83 0 
84 0 
85 0 
86 0 
87 0 
88 0 
89 0 
90 0 
91 0 
92 0 
93 0 
94 0 
95 0 
96 0 
97 0 
98 0 
99 0 
100 0 
101 0 
102 0 
103 0 
104 0 
105 0 
106 0 
107 0 
108 0 
109 0 
110 0 
111 0 
112 0 
113 0 
114 0 
115 0 
116 0 
117 0 
118 0 
119 0 
120 0 
121 0 
122 0 
123 0 
124 0 
125 0 
126 0 
127 0 
128 0 
129 0 
130 0 
131 0 
132 0 
133 0 
134 0 
135 0 
136 0 
137 0 
138 0 
139 0 
140 0 
141 0 
142 0 
143 0 
144 0 
145 0 
146 0 
147 0 
148 0 
149 0 
150 0 
151 0 
152 0 
153 0 
154 0 
155 0 
156 0 
157 0 
158 0 
159 0 
160 0 
161 0 
162 0 
163 0 
164 0 
165 0 
166 0 
167 0 
168 0 
169 0 
170 0 
171 0 
172 0 
173 0 
174 0 
175 0 
176 0 
177 0 
178 0 
179 0 
180 0 
181 0 
182 0 
183 3 
184 7 
185 7 
186 4 
187 5 
188 20 
189 23 
190 42 
191 47 
192 97 
193 190 
194 276 
195 444 
196 548 
197 725 
198 974 
199 1217 
200 1484 
201 1720 
202 2034 
203 2111 
204 1882 
205 2077 
206 2031 
207 1982 
208 2205 
209 2472 
210 2793 
211 3155 
212 3806 
213 4529 
214 5018 
215 5886 
216 6770 
217 8377 
218 10385 
219 13190 
220 16547 
221 21078 
222 26775 
223 32735 
224 40619 
225 48976 
226 57164 
227 67317 
228 77644 
229 91469 
230 104603 
231 121660 
232 139549 
233 160743 
234 185882 
235 215204 
236 248446 
237 284272 
238 323223 
239 366305 
240 411426 
241 456924 
242 511027 
243 568703 
244 629484 
245 700114 
246 777530 
247 857926 
248 948983 
249 1.04929e+06 
250 1.15567e+06 
251 1.2608e+06 
252 1.38008e+06 
253 1.50575e+06 
254 1.63895e+06 
255 1.78118e+06 
256 1.93494e+06 
257 2.095e+06 
258 2.2675e+06 
259 2.45069e+06 
260 2.63659e+06 
261 2.84108e+06 
262 3.05093e+06 
263 3.26998e+06 
264 3.49956e+06 
265 3.73815e+06 
266 3.98854e+06 
267 4.26818e+06 
268 4.55512e+06 
269 4.87275e+06 
270 5.19998e+06 
271 5.53857e+06 
272 5.90429e+06 
273 6.29082e+06 
274 6.68598e+06 
275 7.10872e+06 
276 7.56126e+06 
277 8.01883e+06 
278 8.50339e+06 
279 9.02819e+06 
280 9.57689e+06 
281 1.01506e+07 
282 1.07485e+07 
283 1.13688e+07 
284 1.20218e+07 
285 1.27117e+07 
286 1.34164e+07 
287 1.41357e+07 
288 1.48837e+07 
289 1.56377e+07 
290 1.64346e+07 
291 1.72561e+07 
292 1.81174e+07 
293 1.90077e+07 
294 1.99414e+07 
295 2.08936e+07 
296 2.18754e+07 
297 2.28703e+07 
298 2.38953e+07 
299 2.49293e+07 
300 2.59548e+07 
301 2.69723e+07 
302 2.80452e+07 
303 2.91422e+07 
304 3.02575e+07 
305 3.14005e+07 
306 3.25872e+07 
307 3.37913e+07 
308 3.50271e+07 
309 3.63324e+07 
310 3.76745e+07 
311 3.9014e+07 
312 4.03957e+07 
313 4.18415e+07 
314 4.32793e+07 
315 4.4751e+07 
316 4.62621e+07 
317 4.77966e+07 
318 4.93709e+07 
319 5.09523e+07 
320 5.25923e+07 
321 5.42268e+07 
322 5.58927e+07 
323 5.76364e+07 
324 5.93976e+07 
325 6.11845e+07 
326 6.29821e+07 
327 6.47756e+07 
328 6.65968e+07 
329 6.8484e+07 
330 7.0337e+07 
331 7.22053e+07 
332 7.41184e+07 
333 7.60146e+07 
334 7.79318e+07 
335 7.99197e+07 
336 8.19014e+07 
337 8.38881e+07 
338 8.58719e+07 
339 8.78527e+07 
340 8.98222e+07 
341 9.17586e+07 
342 9.37623e+07 
343 9.5733e+07 
344 9.77055e+07 
345 9.96585e+07 
346 1.01608e+08 
347 1.03548e+08 
348 1.05525e+08 
349 1.07451e+08 
350 1.09467e+08 
351 1.11562e+08 
352 1.13574e+08 
353 1.15633e+08 
354 1.17722e+08 
355 1.19831e+08 
356 1.21911e+08 
357 1.24018e+08 
358 1.26037e+08 
359 1.28075e+08 
360 1.30139e+08 
361 1.32187e+08 
362 1.34237e+08 
363 1.36234e+08 
364 1.38161e+08 
365 1.40046e+08 
366 1.41874e+08 
367 1.43713e+08 
368 1.45511e+08 
369 1.47309e+08 
370 1.4912e+08 
371 1.50933e+08 
372 1.52712e+08 
373 1.54507e+08 
374 1.56216e+08 
375 1.57848e+08 
376 1.59496e+08 
377 1.61074e+08 
378 1.62616e+08 
379 1.64071e+08 
380 1.65553e+08 
381 1.66938e+08 
382 1.68209e+08 
383 1.69423e+08 
384 1.70553e+08 
385 1.71606e+08 
386 1.7259e+08 
387 1.73572e+08 
388 1.74477e+08 
389 1.75306e+08 
390 1.76057e+08 
391 1.76836e+08 
392 1.77573e+08 
393 1.78246e+08 
394 1.7891e+08 
395 1.79573e+08 
396 1.80105e+08 
397 1.80563e+08 
398 1.80986e+08 
399 1.81399e+08 
400 1.81643e+08 
401 1.81842e+08 
402 1.819e+08 
403 1.81983e+08 
404 1.81993e+08 
405 1.81958e+08 
406 1.81863e+08 
407 1.81671e+08 
408 1.81369e+08 
409 1.81032e+08 
410 1.8066e+08 
411 1.80204e+08 
412 1.79748e+08 
413 1.79221e+08 
414 1.78637e+08 
415 1.78018e+08 
416 1.77334e+08 
417 1.76633e+08 
418 1.75882e+08 
419 1.75206e+08 
420 1.74485e+08 
421 1.73723e+08 
422 1.73035e+08 
423 1.72402e+08 
424 1.71712e+08 
425 1.7099e+08 
426 1.70324e+08 
427 1.69638e+08 
428 1.68908e+08 
429 1.68224e+08 
430 1.67474e+08 
431 1.66708e+08 
432 1.65843e+08 
433 1.65027e+08 
434 1.64171e+08 
435 1.63207e+08 
436 1.62262e+08 
437 1.61314e+08 
438 1.60299e+08 
439 1.59256e+08 
440 1.58155e+08 
441 1.56921e+08 
442 1.55667e+08 
443 1.54322e+08 
444 1.52865e+08 
445 1.51374e+08 
446 1.4975e+08 
447 1.48105e+08 
448 1.46395e+08 
449 1.4463e+08 
450 1.42849e+08 
451 1.41039e+08 
452 1.39177e+08 
453 1.37274e+08 
454 1.3539e+08 
455 1.33431e+08 
456 1.31498e+08 
457 1.29574e+08 
458 1.27681e+08 
459 1.25742e+08 
460 1.23773e+08 
461 1.21725e+08 
462 1.19691e+08 
463 1.17641e+08 
464 1.15614e+08 
465 1.1364e+08 
466 1.11622e+08 
467 1.09665e+08 
468 1.07694e+08 
469 1.05721e+08 
470 1.03824e+08 
471 1.01917e+08 
472 1.00027e+08 
473 9.81061e+07 
474 9.62282e+07 
475 9.4312e+07 
476 9.23551e+07 
477 9.03755e+07 
478 8.84591e+07 
479 8.64449e+07 
480 8.4406e+07 
481 8.24154e+07 
482 8.03762e+07 
483 7.82863e+07 
484 7.62414e+07 
485 7.41795e+07 
486 7.20807e+07 
487 7.00086e+07 
488 6.79116e+07 
489 6.58111e+07 
490 6.37662e+07 
491 6.17214e+07 
492 5.97449e+07 
493 5.78274e+07 
494 5.59113e+07 
495 5.40291e+07 
496 5.21646e+07 
497 5.03393e+07 
498 4.85712e+07 
499 4.68308e+07 
500 4.51391e+07 
501 4.34906e+07 
502 4.18622e+07 
503 4.0317e+07 
504 3.87997e+07 
505 3.73775e+07 
506 3.59916e+07 
507 3.46649e+07 
508 3.34241e+07 
509 3.21941e+07 
510 3.10586e+07 
511 2.9958e+07 
512 2.88702e+07 
513 2.78727e+07 
514 2.69095e+07 
515 2.59962e+07 
516 2.51126e+07 
517 2.42763e+07 
518 2.34876e+07 
519 2.2731e+07 
520 2.20033e+07 
521 2.13035e+07 
522 2.06246e+07 
523 1.99538e+07 
524 1.92744e+07 
525 1.86027e+07 
526 1.79203e+07 
527 1.72659e+07 
528 1.65978e+07 
529 1.59367e+07 
530 1.53014e+07 
531 1.46992e+07 
532 1.41149e+07 
533 1.35414e+07 
534 1.29922e+07 
535 1.24456e+07 
536 1.19088e+07 
537 1.13946e+07 
538 1.08871e+07 
539 1.04245e+07 
540 9.96106e+06 
541 9.53711e+06 
542 9.11863e+06 
543 8.70102e+06 
544 8.30712e+06 
545 7.93367e+06 
546 7.57045e+06 
547 7.23061e+06 
548 6.90857e+06 
549 6.59282e+06 
550 6.29314e+06 
551 6.00381e+06 
552 5.71967e+06 
553 5.43576e+06 
554 5.17598e+06 
555 4.92598e+06 
556 4.67391e+06 
557 4.42985e+06 
558 4.19619e+06 
559 3.97079e+06 
560 3.75376e+06 
561 3.54883e+06 
562 3.36427e+06 
563 3.1825e+06 
564 3.00767e+06 
565 2.83702e+06 
566 2.66869e+06 
567 2.50328e+06 
568 2.33844e+06 
569 2.18776e+06 
570 2.03395e+06 
571 1.88412e+06 
572 1.74075e+06 
573 1.60602e+06 
574 1.47587e+06 
575 1.35096e+06 
576 1.23394e+06 
577 1.12287e+06 
578 1.02066e+06 
579 926320 
580 834050 
581 748644 
582 666399 
583 591815 
584 525763 
585 462378 
586 403857 
587 354079 
588 307670 
589 268152 
590 230664 
591 198855 
592 171364 
593 147002 
594 124789 
595 105348 
596 89124 
597 75019 
598 62816 
599 51306 
600 42204 
601 34845 
602 28157 
603 22948 
604 18732 
605 15301 
606 12423 
607 9837 
608 7540 
609 5745 
610 4178 
611 3024 
612 2332 
613 1702 
614 1266 
615 826 
616 462 
617 319 
618 216 
619 148 
620 90 
621 29 
622 9 
623 6 
624 9 
625 8 
626 1 
627 1 
628 0 
629 0 
630 0 
631 0 
632 0 
633 0 
634 0 
635 0 
636 0 
637 0 
638 0 
639 0 
640 0 
641 0 
642 0 
643 0 
644 0 
645 0 
646 0 
647 0 
648 0 
649 0 
650 0 
651 0 
652 0 
653 0 
654 0 
655 0 
656 0 
657 0 
658 0 
659 0 
660 0 
661 0 
662 0 
663 0 
664 0 
665 0 
666 0 
667 0 
668 0 
669 0 
670 0 
671 0 
672 0 
673 0 
674 0 
675 0 
676 0 
677 0 
678 0 
679 0 
680 0 
681 0 
682 0 
683 0 
684 0 
685 0 
686 0 
687 0 
688 0 
689 0 
690 0 
691 0 
692 0 
693 0 
694 0 
695 0 
696 0 
697 0 
698 0 
699 0 
700 0 
701 0 
702 0 
703 0 
704 0 
705 0 
706 0 
707 0 
708 0 
709 0 
710 0 
711 0 
712 0 
713 0 
714 0 
715 0 
716 0 
717 0 
718 0 
719 0 
720 0 
721 0 
722 0 
723 0 
724 0 
725 0 
726 0 
727 0 
728 0 
729 0 
730 0 
731 0 
732 0 
733 0 
734 0 
735 0 
736 0 
737 0 
738 0 
739 0 
740 0 
741 0 
742 0 
743 0 
744 0 
745 0 
746 0 
747 0 
748 0 
749 0 
750 0 
751 0 
752 0 
753 0 
754 0 
755 0 
756 0 
757 0 
758 0 
759 0 
760 0 
761 0 
762 0 
763 0 
764 0 
765 0 
766 0 
767 0 
768 0 
769 0 
770 0 
771 0 
772 0 
773 0 
774 0 
775 0 
776 0 
777 0 
778 0 
779 0 
780 0 
781 0 
782 0 
783 0 
784 0 
785 0 
786 0 
787 0 
788 0 
789 0 
790 0 
791 0 
792 0 
793 0 
794 0 
795 0 
796 0 
797 0 
798 0 
799 0 
