0 0 
1 0 
2 0 
3 0 
4 0 
5 0 
6 0 
7 0 
8 0 
9 0 
10 0 
11 0 
12 0 
13 0 
14 0 
15 0 
16 0 
17 0 
18 0 
19 0 
20 0 
21 0 
22 0 
23 0 
24 0 
25 0 
26 0 
27 0 
28 0 
29 0 
30 0 
31 0 
32 0 
33 0 
34 0 
35 0 
36 0 
37 0 
38 0 
39 0 
40 0 
41 0 
42 0 
43 0 
44 0 
45 0 
46 0 
47 0 
48 0 
49 0 
50 0 
51 0 
52 0 
53 0 
54 0 
55 0 
56 0 
57 0 
58 0 
59 0 
60 0 
61 0 
62 0 
63 0 
64 0 
65 0 
66 0 
67 0 
68 0 
69 0 
70 0 
71 0 
72 0 
73 0 
74 0 
75 0 
76 0 
77 0 
78 0 
79 0 
80 0 
81 0 
82 0 
83 0 
84 0 
85 0 
86 0 
87 0 
88 0 
89 0 
90 0 
91 0 
92 0 
93 0 
94 0 
95 0 
96 0 
97 0 
98 0 
99 0 
100 0 
101 0 
102 0 
103 0 
104 0 
105 0 
106 0 
107 0 
108 0 
109 0 
110 0 
111 0 
112 0 
113 0 
114 0 
115 0 
116 0 
117 0 
118 0 
119 0 
120 0 
121 0 
122 0 
123 0 
124 0 
125 0 
126 0 
127 0 
128 0 
129 0 
130 0 
131 0 
132 0 
133 0 
134 0 
135 0 
136 0 
137 0 
138 0 
139 0 
140 0 
141 0 
142 0 
143 0 
144 0 
145 0 
146 0 
147 0 
148 0 
149 0 
150 0 
151 0 
152 0 
153 0 
154 0 
155 0 
156 0 
157 0 
158 0 
159 0 
160 0 
161 0 
162 0 
163 0 
164 0 
165 0 
166 0 
167 0 
168 0 
169 0 
170 0 
171 0 
172 0 
173 6 
174 31 
175 117 
176 186 
177 412 
178 1014 
179 2126 
180 3571 
181 5949 
182 9163 
183 14722 
184 23820 
185 35216 
186 52796 
187 77575 
188 108300 
189 152415 
190 216914 
191 299489 
192 412355 
193 559821 
194 737222 
195 949886 
196 1.19779e+06 
197 1.48788e+06 
198 1.79862e+06 
199 2.16991e+06 
200 2.61051e+06 
201 3.10858e+06 
202 3.68191e+06 
203 4.32338e+06 
204 5.07914e+06 
205 5.94406e+06 
206 6.91942e+06 
207 8.03938e+06 
208 9.28088e+06 
209 1.06055e+07 
210 1.19803e+07 
211 1.33604e+07 
212 1.47447e+07 
213 1.61473e+07 
214 1.75253e+07 
215 1.88419e+07 
216 2.01405e+07 
217 2.14018e+07 
218 2.25781e+07 
219 2.36476e+07 
220 2.46229e+07 
221 2.55265e+07 
222 2.63606e+07 
223 2.72415e+07 
224 2.81448e+07 
225 2.89154e+07 
226 2.96498e+07 
227 3.03883e+07 
228 3.11534e+07 
229 3.19369e+07 
230 3.27087e+07 
231 3.3451e+07 
232 3.40804e+07 
233 3.46922e+07 
234 3.5254e+07 
235 3.57572e+07 
236 3.62469e+07 
237 3.66635e+07 
238 3.71262e+07 
239 3.75723e+07 
240 3.80342e+07 
241 3.86015e+07 
242 3.92528e+07 
243 4.00652e+07 
244 4.10134e+07 
245 4.20592e+07 
246 4.31369e+07 
247 4.42074e+07 
248 4.52983e+07 
249 4.64919e+07 
250 4.78109e+07 
251 4.91697e+07 
252 5.04974e+07 
253 5.16811e+07 
254 5.27759e+07 
255 5.37726e+07 
256 5.45979e+07 
257 5.52255e+07 
258 5.55296e+07 
259 5.5637e+07 
260 5.55101e+07 
261 5.52466e+07 
262 5.48244e+07 
263 5.43696e+07 
264 5.38704e+07 
265 5.34891e+07 
266 5.31693e+07 
267 5.28859e+07 
268 5.27463e+07 
269 5.27503e+07 
270 5.28395e+07 
271 5.30222e+07 
272 5.32637e+07 
273 5.34983e+07 
274 5.37444e+07 
275 5.39782e+07 
276 5.4259e+07 
277 5.45603e+07 
278 5.49291e+07 
279 5.53357e+07 
280 5.58661e+07 
281 5.64431e+07 
282 5.70502e+07 
283 5.78594e+07 
284 5.87488e+07 
285 5.9739e+07 
286 6.07109e+07 
287 6.16415e+07 
288 6.27629e+07 
289 6.39826e+07 
290 6.53471e+07 
291 6.68407e+07 
292 6.84571e+07 
293 7.01978e+07 
294 7.1924e+07 
295 7.35601e+07 
296 7.50642e+07 
297 7.64783e+07 
298 7.78213e+07 
299 7.90732e+07 
300 8.01976e+07 
301 8.12689e+07 
302 8.22055e+07 
303 8.31483e+07 
304 8.39662e+07 
305 8.46498e+07 
306 8.50735e+07 
307 8.53665e+07 
308 8.55656e+07 
309 8.56547e+07 
310 8.54702e+07 
311 8.53039e+07 
312 8.50274e+07 
313 8.47633e+07 
314 8.45754e+07 
315 8.44211e+07 
316 8.42402e+07 
317 8.42393e+07 
318 8.44082e+07 
319 8.47419e+07 
320 8.52774e+07 
321 8.59976e+07 
322 8.69429e+07 
323 8.81335e+07 
324 8.93793e+07 
325 9.07223e+07 
326 9.2172e+07 
327 9.35605e+07 
328 9.50559e+07 
329 9.66084e+07 
330 9.81543e+07 
331 9.96885e+07 
332 1.01339e+08 
333 1.02879e+08 
334 1.04348e+08 
335 1.05603e+08 
336 1.06826e+08 
337 1.08137e+08 
338 1.09572e+08 
339 1.11169e+08 
340 1.12744e+08 
341 1.1428e+08 
342 1.15804e+08 
343 1.17403e+08 
344 1.19108e+08 
345 1.20963e+08 
346 1.22658e+08 
347 1.24167e+08 
348 1.25156e+08 
349 1.25745e+08 
350 1.26011e+08 
351 1.2603e+08 
352 1.26008e+08 
353 1.25904e+08 
354 1.25703e+08 
355 1.25252e+08 
356 1.2452e+08 
357 1.23719e+08 
358 1.22943e+08 
359 1.22311e+08 
360 1.21829e+08 
361 1.2137e+08 
362 1.21085e+08 
363 1.21045e+08 
364 1.21349e+08 
365 1.21862e+08 
366 1.22661e+08 
367 1.23705e+08 
368 1.24947e+08 
369 1.26572e+08 
370 1.28762e+08 
371 1.31674e+08 
372 1.35058e+08 
373 1.38752e+08 
374 1.42503e+08 
375 1.46288e+08 
376 1.50252e+08 
377 1.54227e+08 
378 1.58102e+08 
379 1.61789e+08 
380 1.65354e+08 
381 1.68715e+08 
382 1.72007e+08 
383 1.74962e+08 
384 1.77636e+08 
385 1.80027e+08 
386 1.82175e+08 
387 1.84374e+08 
388 1.8649e+08 
389 1.88354e+08 
390 1.89829e+08 
391 1.9108e+08 
392 1.92027e+08 
393 1.92782e+08 
394 1.93582e+08 
395 1.94201e+08 
396 1.94657e+08 
397 1.95151e+08 
398 1.95619e+08 
399 1.9592e+08 
400 1.95967e+08 
401 1.95479e+08 
402 1.94675e+08 
403 1.93234e+08 
404 1.91028e+08 
405 1.8821e+08 
406 1.84764e+08 
407 1.80836e+08 
408 1.76616e+08 
409 1.72123e+08 
410 1.67302e+08 
411 1.62177e+08 
412 1.56636e+08 
413 1.50663e+08 
414 1.44338e+08 
415 1.37864e+08 
416 1.31441e+08 
417 1.25159e+08 
418 1.18962e+08 
419 1.13123e+08 
420 1.07452e+08 
421 1.02138e+08 
422 9.72285e+07 
423 9.25778e+07 
424 8.83488e+07 
425 8.44219e+07 
426 8.08229e+07 
427 7.75615e+07 
428 7.45714e+07 
429 7.19701e+07 
430 6.96228e+07 
431 6.75925e+07 
432 6.57503e+07 
433 6.40948e+07 
434 6.24516e+07 
435 6.08593e+07 
436 5.93501e+07 
437 5.78748e+07 
438 5.64083e+07 
439 5.49944e+07 
440 5.36248e+07 
441 5.22311e+07 
442 5.08353e+07 
443 4.94769e+07 
444 4.80443e+07 
445 4.66306e+07 
446 4.50982e+07 
447 4.36932e+07 
448 4.21725e+07 
449 4.06148e+07 
450 3.91059e+07 
451 3.77035e+07 
452 3.65143e+07 
453 3.55471e+07 
454 3.46759e+07 
455 3.38559e+07 
456 3.31225e+07 
457 3.25418e+07 
458 3.21307e+07 
459 3.18116e+07 
460 3.15624e+07 
461 3.13177e+07 
462 3.1122e+07 
463 3.08805e+07 
464 3.07106e+07 
465 3.05484e+07 
466 3.03356e+07 
467 3.01437e+07 
468 2.99787e+07 
469 2.98923e+07 
470 2.98367e+07 
471 2.97687e+07 
472 2.97129e+07 
473 2.95895e+07 
474 2.93515e+07 
475 2.91117e+07 
476 2.88481e+07 
477 2.85259e+07 
478 2.8239e+07 
479 2.78913e+07 
480 2.75195e+07 
481 2.71716e+07 
482 2.68515e+07 
483 2.65628e+07 
484 2.62407e+07 
485 2.58814e+07 
486 2.55352e+07 
487 2.51924e+07 
488 2.49263e+07 
489 2.47404e+07 
490 2.4616e+07 
491 2.44822e+07 
492 2.44637e+07 
493 2.44545e+07 
494 2.44865e+07 
495 2.45226e+07 
496 2.46397e+07 
497 2.48926e+07 
498 2.521e+07 
499 2.55836e+07 
500 2.60352e+07 
501 2.655e+07 
502 2.71327e+07 
503 2.7794e+07 
504 2.84882e+07 
505 2.91176e+07 
506 2.9716e+07 
507 3.02283e+07 
508 3.06238e+07 
509 3.08813e+07 
510 3.1157e+07 
511 3.13759e+07 
512 3.1584e+07 
513 3.17835e+07 
514 3.19462e+07 
515 3.21017e+07 
516 3.23017e+07 
517 3.257e+07 
518 3.28947e+07 
519 3.32751e+07 
520 3.3672e+07 
521 3.41374e+07 
522 3.46337e+07 
523 3.50721e+07 
524 3.54533e+07 
525 3.58894e+07 
526 3.62974e+07 
527 3.65872e+07 
528 3.68425e+07 
529 3.69702e+07 
530 3.70199e+07 
531 3.70765e+07 
532 3.70418e+07 
533 3.68144e+07 
534 3.65048e+07 
535 3.61017e+07 
536 3.56212e+07 
537 3.50432e+07 
538 3.42847e+07 
539 3.33482e+07 
540 3.22566e+07 
541 3.10465e+07 
542 2.97839e+07 
543 2.85253e+07 
544 2.72814e+07 
545 2.60683e+07 
546 2.49188e+07 
547 2.38847e+07 
548 2.28627e+07 
549 2.18712e+07 
550 2.08643e+07 
551 1.9911e+07 
552 1.90087e+07 
553 1.81383e+07 
554 1.73528e+07 
555 1.66623e+07 
556 1.60986e+07 
557 1.56573e+07 
558 1.52295e+07 
559 1.48487e+07 
560 1.44757e+07 
561 1.41604e+07 
562 1.38205e+07 
563 1.3472e+07 
564 1.30663e+07 
565 1.26409e+07 
566 1.21625e+07 
567 1.16548e+07 
568 1.11127e+07 
569 1.05782e+07 
570 1.00781e+07 
571 9.55759e+06 
572 9.12391e+06 
573 8.72917e+06 
574 8.36654e+06 
575 8.03769e+06 
576 7.7725e+06 
577 7.57187e+06 
578 7.45296e+06 
579 7.36392e+06 
580 7.2764e+06 
581 7.1695e+06 
582 7.03781e+06 
583 6.89636e+06 
584 6.66905e+06 
585 6.37668e+06 
586 6.03268e+06 
587 5.61234e+06 
588 5.1588e+06 
589 4.69152e+06 
590 4.24814e+06 
591 3.82615e+06 
592 3.44077e+06 
593 3.06473e+06 
594 2.72788e+06 
595 2.45156e+06 
596 2.23529e+06 
597 2.05457e+06 
598 1.93429e+06 
599 1.8709e+06 
600 1.81962e+06 
601 1.78465e+06 
602 1.74737e+06 
603 1.72532e+06 
604 1.7202e+06 
605 1.7385e+06 
606 1.7555e+06 
607 1.75116e+06 
608 1.72543e+06 
609 1.69803e+06 
610 1.66898e+06 
611 1.62839e+06 
612 1.6037e+06 
613 1.58003e+06 
614 1.57354e+06 
615 1.56969e+06 
616 1.58466e+06 
617 1.60134e+06 
618 1.62971e+06 
619 1.65861e+06 
620 1.69234e+06 
621 1.7228e+06 
622 1.76008e+06 
623 1.8116e+06 
624 1.86446e+06 
625 1.92893e+06 
626 2.00213e+06 
627 2.07706e+06 
628 2.12985e+06 
629 2.18196e+06 
630 2.26358e+06 
631 2.33915e+06 
632 2.41779e+06 
633 2.49626e+06 
634 2.56682e+06 
635 2.65952e+06 
636 2.77133e+06 
637 2.88864e+06 
638 3.02756e+06 
639 3.16149e+06 
640 3.25318e+06 
641 3.31033e+06 
642 3.32913e+06 
643 3.32628e+06 
644 3.31263e+06 
645 3.26588e+06 
646 3.15475e+06 
647 3.00785e+06 
648 2.8343e+06 
649 2.65396e+06 
650 2.46224e+06 
651 2.27338e+06 
652 2.09151e+06 
653 1.90402e+06 
654 1.71582e+06 
655 1.54595e+06 
656 1.37859e+06 
657 1.21598e+06 
658 1.05891e+06 
659 901433 
660 750735 
661 614020 
662 492680 
663 387024 
664 298056 
665 225645 
666 172799 
667 138419 
668 111038 
669 88191 
670 67088 
671 46131 
672 29821 
673 16705 
674 9661 
675 5016 
676 2236 
677 1022 
678 443 
679 114 
680 18 
681 1 
682 0 
683 0 
684 0 
685 0 
686 0 
687 0 
688 0 
689 0 
690 0 
691 0 
692 0 
693 0 
694 0 
695 0 
696 0 
697 0 
698 0 
699 0 
700 0 
701 0 
702 0 
703 0 
704 0 
705 0 
706 0 
707 0 
708 0 
709 0 
710 0 
711 0 
712 0 
713 0 
714 0 
715 0 
716 0 
717 0 
718 0 
719 0 
720 0 
721 0 
722 0 
723 0 
724 0 
725 0 
726 0 
727 0 
728 0 
729 0 
730 0 
731 0 
732 0 
733 0 
734 0 
735 0 
736 0 
737 0 
738 0 
739 0 
740 0 
741 0 
742 0 
743 0 
744 0 
745 0 
746 0 
747 0 
748 0 
749 0 
750 0 
751 0 
752 0 
753 0 
754 0 
755 0 
756 0 
757 0 
758 0 
759 0 
760 0 
761 0 
762 0 
763 0 
764 0 
765 0 
766 0 
767 0 
768 0 
769 0 
770 0 
771 0 
772 0 
773 0 
774 0 
775 0 
776 0 
777 0 
778 0 
779 0 
780 0 
781 0 
782 0 
783 0 
784 0 
785 0 
786 0 
787 0 
788 0 
789 0 
790 0 
791 0 
792 0 
793 0 
794 0 
795 0 
796 0 
797 0 
798 0 
799 0 
