0 0 
1 0 
2 0 
3 0 
4 0 
5 0 
6 0 
7 0 
8 0 
9 0 
10 0 
11 0 
12 0 
13 0 
14 0 
15 0 
16 0 
17 0 
18 0 
19 0 
20 0 
21 0 
22 0 
23 0 
24 0 
25 0 
26 0 
27 0 
28 0 
29 0 
30 0 
31 0 
32 0 
33 0 
34 0 
35 0 
36 0 
37 0 
38 0 
39 0 
40 0 
41 0 
42 0 
43 0 
44 0 
45 0 
46 0 
47 0 
48 0 
49 0 
50 0 
51 0 
52 0 
53 0 
54 0 
55 0 
56 0 
57 0 
58 0 
59 0 
60 0 
61 0 
62 0 
63 0 
64 0 
65 0 
66 0 
67 0 
68 0 
69 0 
70 0 
71 0 
72 0 
73 0 
74 0 
75 0 
76 0 
77 0 
78 0 
79 0 
80 0 
81 0 
82 0 
83 0 
84 0 
85 0 
86 0 
87 0 
88 0 
89 0 
90 0 
91 0 
92 0 
93 0 
94 0 
95 0 
96 0 
97 0 
98 0 
99 0 
100 0 
101 0 
102 0 
103 0 
104 0 
105 0 
106 0 
107 0 
108 0 
109 0 
110 0 
111 0 
112 0 
113 0 
114 0 
115 0 
116 0 
117 0 
118 0 
119 0 
120 0 
121 0 
122 0 
123 0 
124 0 
125 0 
126 0 
127 0 
128 0 
129 0 
130 0 
131 0 
132 0 
133 0 
134 0 
135 0 
136 0 
137 0 
138 0 
139 0 
140 0 
141 0 
142 1 
143 13 
144 29 
145 36 
146 50 
147 82 
148 119 
149 155 
150 275 
151 342 
152 493 
153 711 
154 976 
155 1068 
156 1181 
157 1611 
158 2178 
159 2717 
160 3166 
161 4029 
162 4710 
163 5171 
164 6080 
165 7205 
166 8655 
167 10490 
168 12403 
169 14048 
170 15651 
171 18360 
172 20486 
173 22889 
174 25502 
175 27548 
176 30239 
177 33041 
178 36487 
179 41039 
180 45810 
181 49921 
182 55568 
183 61511 
184 67155 
185 73823 
186 81679 
187 90901 
188 98728 
189 107365 
190 115887 
191 124853 
192 133425 
193 142116 
194 151779 
195 161160 
196 172029 
197 183117 
198 196286 
199 210255 
200 223009 
201 239166 
202 255405 
203 269625 
204 286540 
205 300448 
206 317577 
207 336583 
208 353995 
209 373685 
210 392742 
211 413449 
212 433389 
213 455488 
214 474525 
215 498625 
216 525333 
217 551935 
218 579232 
219 606108 
220 635787 
221 672612 
222 705800 
223 741250 
224 784966 
225 826671 
226 874457 
227 930136 
228 988965 
229 1.05187e+06 
230 1.11728e+06 
231 1.19139e+06 
232 1.26834e+06 
233 1.34618e+06 
234 1.42518e+06 
235 1.5093e+06 
236 1.59628e+06 
237 1.69164e+06 
238 1.78584e+06 
239 1.88919e+06 
240 1.99404e+06 
241 2.11122e+06 
242 2.23438e+06 
243 2.36287e+06 
244 2.4958e+06 
245 2.62822e+06 
246 2.77531e+06 
247 2.92545e+06 
248 3.07683e+06 
249 3.24122e+06 
250 3.40322e+06 
251 3.57284e+06 
252 3.75484e+06 
253 3.94103e+06 
254 4.13885e+06 
255 4.3522e+06 
256 4.57939e+06 
257 4.82014e+06 
258 5.0621e+06 
259 5.31537e+06 
260 5.57446e+06 
261 5.85208e+06 
262 6.13297e+06 
263 6.41486e+06 
264 6.70503e+06 
265 7.00596e+06 
266 7.31968e+06 
267 7.63772e+06 
268 7.97305e+06 
269 8.30001e+06 
270 8.6363e+06 
271 8.99104e+06 
272 9.34581e+06 
273 9.71684e+06 
274 1.0092e+07 
275 1.04855e+07 
276 1.08738e+07 
277 1.12797e+07 
278 1.17051e+07 
279 1.21286e+07 
280 1.25743e+07 
281 1.30416e+07 
282 1.35233e+07 
283 1.40104e+07 
284 1.45022e+07 
285 1.50155e+07 
286 1.55335e+07 
287 1.60789e+07 
288 1.66443e+07 
289 1.72129e+07 
290 1.77982e+07 
291 1.83926e+07 
292 1.90079e+07 
293 1.96567e+07 
294 2.02939e+07 
295 2.09582e+07 
296 2.16445e+07 
297 2.23384e+07 
298 2.30363e+07 
299 2.37843e+07 
300 2.45579e+07 
301 2.53477e+07 
302 2.61634e+07 
303 2.70118e+07 
304 2.78602e+07 
305 2.87717e+07 
306 2.97205e+07 
307 3.07137e+07 
308 3.17458e+07 
309 3.2778e+07 
310 3.38772e+07 
311 3.50035e+07 
312 3.61999e+07 
313 3.74163e+07 
314 3.86557e+07 
315 3.98928e+07 
316 4.11743e+07 
317 4.25189e+07 
318 4.39048e+07 
319 4.5319e+07 
320 4.67917e+07 
321 4.82881e+07 
322 4.98251e+07 
323 5.14235e+07 
324 5.31021e+07 
325 5.4818e+07 
326 5.65712e+07 
327 5.83425e+07 
328 6.01522e+07 
329 6.19492e+07 
330 6.38452e+07 
331 6.57491e+07 
332 6.76788e+07 
333 6.96222e+07 
334 7.15963e+07 
335 7.36164e+07 
336 7.56638e+07 
337 7.77455e+07 
338 7.98904e+07 
339 8.21092e+07 
340 8.43269e+07 
341 8.66191e+07 
342 8.89262e+07 
343 9.12273e+07 
344 9.35703e+07 
345 9.59663e+07 
346 9.83791e+07 
347 1.00825e+08 
348 1.03313e+08 
349 1.05822e+08 
350 1.08406e+08 
351 1.10952e+08 
352 1.13522e+08 
353 1.16171e+08 
354 1.18861e+08 
355 1.2153e+08 
356 1.24176e+08 
357 1.26809e+08 
358 1.29431e+08 
359 1.32025e+08 
360 1.34629e+08 
361 1.37178e+08 
362 1.39778e+08 
363 1.42409e+08 
364 1.45005e+08 
365 1.47559e+08 
366 1.50112e+08 
367 1.52688e+08 
368 1.55207e+08 
369 1.57654e+08 
370 1.60135e+08 
371 1.62563e+08 
372 1.65043e+08 
373 1.67383e+08 
374 1.69738e+08 
375 1.72009e+08 
376 1.7432e+08 
377 1.76491e+08 
378 1.78634e+08 
379 1.80599e+08 
380 1.82626e+08 
381 1.84559e+08 
382 1.86395e+08 
383 1.88151e+08 
384 1.8979e+08 
385 1.91311e+08 
386 1.92741e+08 
387 1.94073e+08 
388 1.95339e+08 
389 1.96542e+08 
390 1.97611e+08 
391 1.98591e+08 
392 1.99433e+08 
393 2.00275e+08 
394 2.01054e+08 
395 2.01701e+08 
396 2.0222e+08 
397 2.02618e+08 
398 2.02957e+08 
399 2.03244e+08 
400 2.03372e+08 
401 2.03371e+08 
402 2.03267e+08 
403 2.03092e+08 
404 2.02879e+08 
405 2.02519e+08 
406 2.02078e+08 
407 2.01575e+08 
408 2.00981e+08 
409 2.00372e+08 
410 1.99634e+08 
411 1.9881e+08 
412 1.97871e+08 
413 1.96842e+08 
414 1.95738e+08 
415 1.94544e+08 
416 1.93258e+08 
417 1.91866e+08 
418 1.90472e+08 
419 1.88927e+08 
420 1.87381e+08 
421 1.85711e+08 
422 1.83998e+08 
423 1.82277e+08 
424 1.80475e+08 
425 1.78606e+08 
426 1.7671e+08 
427 1.74735e+08 
428 1.72746e+08 
429 1.7067e+08 
430 1.68573e+08 
431 1.66416e+08 
432 1.64231e+08 
433 1.62048e+08 
434 1.59879e+08 
435 1.57668e+08 
436 1.55425e+08 
437 1.53197e+08 
438 1.50923e+08 
439 1.4865e+08 
440 1.46332e+08 
441 1.44024e+08 
442 1.41684e+08 
443 1.39378e+08 
444 1.37055e+08 
445 1.34788e+08 
446 1.32565e+08 
447 1.30355e+08 
448 1.28131e+08 
449 1.25914e+08 
450 1.23657e+08 
451 1.21437e+08 
452 1.193e+08 
453 1.17181e+08 
454 1.15081e+08 
455 1.12989e+08 
456 1.10871e+08 
457 1.08785e+08 
458 1.067e+08 
459 1.04576e+08 
460 1.025e+08 
461 1.00463e+08 
462 9.84797e+07 
463 9.64398e+07 
464 9.4439e+07 
465 9.24475e+07 
466 9.04759e+07 
467 8.85295e+07 
468 8.65655e+07 
469 8.46458e+07 
470 8.27161e+07 
471 8.08231e+07 
472 7.89522e+07 
473 7.71183e+07 
474 7.53347e+07 
475 7.36143e+07 
476 7.18874e+07 
477 7.01418e+07 
478 6.84612e+07 
479 6.67697e+07 
480 6.51336e+07 
481 6.35082e+07 
482 6.19352e+07 
483 6.03374e+07 
484 5.87707e+07 
485 5.72347e+07 
486 5.57633e+07 
487 5.42569e+07 
488 5.28384e+07 
489 5.14367e+07 
490 5.00544e+07 
491 4.86965e+07 
492 4.73737e+07 
493 4.60618e+07 
494 4.47872e+07 
495 4.35534e+07 
496 4.23648e+07 
497 4.11862e+07 
498 4.0016e+07 
499 3.88907e+07 
500 3.77913e+07 
501 3.67417e+07 
502 3.56766e+07 
503 3.46497e+07 
504 3.36525e+07 
505 3.26529e+07 
506 3.16938e+07 
507 3.07271e+07 
508 2.98209e+07 
509 2.89084e+07 
510 2.7986e+07 
511 2.70869e+07 
512 2.6233e+07 
513 2.53759e+07 
514 2.45184e+07 
515 2.36945e+07 
516 2.29134e+07 
517 2.21271e+07 
518 2.13728e+07 
519 2.06374e+07 
520 1.99273e+07 
521 1.92534e+07 
522 1.8599e+07 
523 1.79746e+07 
524 1.73659e+07 
525 1.67962e+07 
526 1.62293e+07 
527 1.56849e+07 
528 1.51715e+07 
529 1.46914e+07 
530 1.42356e+07 
531 1.37846e+07 
532 1.33539e+07 
533 1.29302e+07 
534 1.25415e+07 
535 1.21513e+07 
536 1.17917e+07 
537 1.14392e+07 
538 1.10896e+07 
539 1.07584e+07 
540 1.04327e+07 
541 1.01144e+07 
542 9.81003e+06 
543 9.5331e+06 
544 9.26534e+06 
545 9.00791e+06 
546 8.73867e+06 
547 8.50265e+06 
548 8.25348e+06 
549 8.00726e+06 
550 7.76138e+06 
551 7.53009e+06 
552 7.29784e+06 
553 7.07923e+06 
554 6.86615e+06 
555 6.67214e+06 
556 6.46664e+06 
557 6.26692e+06 
558 6.08298e+06 
559 5.90187e+06 
560 5.72894e+06 
561 5.5599e+06 
562 5.39059e+06 
563 5.2369e+06 
564 5.07275e+06 
565 4.91865e+06 
566 4.77745e+06 
567 4.62804e+06 
568 4.49432e+06 
569 4.36005e+06 
570 4.23483e+06 
571 4.1157e+06 
572 3.99633e+06 
573 3.88232e+06 
574 3.76809e+06 
575 3.66711e+06 
576 3.57606e+06 
577 3.47662e+06 
578 3.38324e+06 
579 3.30537e+06 
580 3.22533e+06 
581 3.14798e+06 
582 3.07889e+06 
583 3.02304e+06 
584 2.96245e+06 
585 2.91259e+06 
586 2.86143e+06 
587 2.80455e+06 
588 2.76e+06 
589 2.71598e+06 
590 2.67429e+06 
591 2.62594e+06 
592 2.57232e+06 
593 2.52404e+06 
594 2.47936e+06 
595 2.43598e+06 
596 2.38848e+06 
597 2.33565e+06 
598 2.28727e+06 
599 2.24093e+06 
600 2.19506e+06 
601 2.15056e+06 
602 2.1034e+06 
603 2.06056e+06 
604 2.01771e+06 
605 1.97433e+06 
606 1.93533e+06 
607 1.90083e+06 
608 1.86579e+06 
609 1.83695e+06 
610 1.8004e+06 
611 1.76961e+06 
612 1.73134e+06 
613 1.69171e+06 
614 1.64986e+06 
615 1.60792e+06 
616 1.56247e+06 
617 1.52203e+06 
618 1.47875e+06 
619 1.43412e+06 
620 1.38813e+06 
621 1.3385e+06 
622 1.29085e+06 
623 1.24485e+06 
624 1.19454e+06 
625 1.14556e+06 
626 1.09866e+06 
627 1.0521e+06 
628 1.00897e+06 
629 966928 
630 921425 
631 886373 
632 846728 
633 802866 
634 765067 
635 723851 
636 682814 
637 645428 
638 609598 
639 572956 
640 541056 
641 507667 
642 476410 
643 447457 
644 420424 
645 392534 
646 367807 
647 343511 
648 320686 
649 300979 
650 282457 
651 263791 
652 244558 
653 227053 
654 210154 
655 194119 
656 180631 
657 167404 
658 155062 
659 144414 
660 131564 
661 121159 
662 110240 
663 100175 
664 90463 
665 82470 
666 74531 
667 66867 
668 59438 
669 52929 
670 46116 
671 41203 
672 36267 
673 32070 
674 28926 
675 25409 
676 22069 
677 18835 
678 16149 
679 13800 
680 11970 
681 10184 
682 8873 
683 7455 
684 6254 
685 5107 
686 4371 
687 3434 
688 2817 
689 2365 
690 1875 
691 1606 
692 1375 
693 1146 
694 882 
695 696 
696 528 
697 454 
698 378 
699 383 
700 368 
701 199 
702 167 
703 88 
704 41 
705 23 
706 20 
707 12 
708 9 
709 1 
710 3 
711 8 
712 2 
713 1 
714 0 
715 0 
716 0 
717 0 
718 0 
719 0 
720 0 
721 0 
722 0 
723 0 
724 0 
725 0 
726 0 
727 0 
728 0 
729 0 
730 0 
731 0 
732 0 
733 0 
734 0 
735 0 
736 0 
737 0 
738 0 
739 0 
740 0 
741 0 
742 0 
743 0 
744 0 
745 0 
746 0 
747 0 
748 0 
749 0 
750 0 
751 0 
752 0 
753 0 
754 0 
755 0 
756 0 
757 0 
758 0 
759 0 
760 0 
761 0 
762 0 
763 0 
764 0 
765 0 
766 0 
767 0 
768 0 
769 0 
770 0 
771 0 
772 0 
773 0 
774 0 
775 0 
776 0 
777 0 
778 0 
779 0 
780 0 
781 0 
782 0 
783 0 
784 0 
785 0 
786 0 
787 0 
788 0 
789 0 
790 0 
791 0 
792 0 
793 0 
794 0 
795 0 
796 0 
797 0 
798 0 
799 0 
