0 0 
1 70495 
2 110429 
3 158458 
4 216009 
5 281609 
6 356797 
7 440013 
8 532156 
9 634510 
10 743700 
11 864758 
12 996945 
13 1.14038e+06 
14 1.29929e+06 
15 1.45845e+06 
16 1.63593e+06 
17 1.81944e+06 
18 2.00822e+06 
19 2.20731e+06 
20 2.40789e+06 
21 2.61671e+06 
22 2.82751e+06 
23 3.04923e+06 
24 3.27773e+06 
25 3.512e+06 
26 3.7351e+06 
27 3.96697e+06 
28 4.20061e+06 
29 4.43831e+06 
30 4.67914e+06 
31 4.92283e+06 
32 5.16137e+06 
33 5.39652e+06 
34 5.62675e+06 
35 5.85088e+06 
36 6.07396e+06 
37 6.28852e+06 
38 6.50494e+06 
39 6.71056e+06 
40 6.92611e+06 
41 7.12648e+06 
42 7.30023e+06 
43 7.48256e+06 
44 7.6462e+06 
45 7.81e+06 
46 7.94925e+06 
47 8.09835e+06 
48 8.22375e+06 
49 8.33898e+06 
50 8.44912e+06 
51 8.5329e+06 
52 8.60518e+06 
53 8.68538e+06 
54 8.76787e+06 
55 8.83468e+06 
56 8.89607e+06 
57 8.96142e+06 
58 9.02302e+06 
59 9.07717e+06 
60 9.1282e+06 
61 9.18634e+06 
62 9.2429e+06 
63 9.29342e+06 
64 9.35122e+06 
65 9.41181e+06 
66 9.48655e+06 
67 9.5345e+06 
68 9.60312e+06 
69 9.66889e+06 
70 9.7203e+06 
71 9.75349e+06 
72 9.7812e+06 
73 9.80614e+06 
74 9.8302e+06 
75 9.82865e+06 
76 9.82359e+06 
77 9.80986e+06 
78 9.8017e+06 
79 9.77522e+06 
80 9.73909e+06 
81 9.69528e+06 
82 9.6466e+06 
83 9.60112e+06 
84 9.53897e+06 
85 9.48737e+06 
86 9.42457e+06 
87 9.35586e+06 
88 9.28502e+06 
89 9.19436e+06 
90 9.089e+06 
91 8.99248e+06 
92 8.91467e+06 
93 8.82577e+06 
94 8.73851e+06 
95 8.66413e+06 
96 8.58862e+06 
97 8.515e+06 
98 8.46734e+06 
99 8.41231e+06 
100 8.36614e+06 
101 8.33451e+06 
102 8.29952e+06 
103 8.2718e+06 
104 8.25293e+06 
105 8.22093e+06 
106 8.21304e+06 
107 8.20597e+06 
108 8.19284e+06 
109 8.17816e+06 
110 8.18437e+06 
111 8.19582e+06 
112 8.22145e+06 
113 8.25205e+06 
114 8.30874e+06 
115 8.37427e+06 
116 8.44277e+06 
117 8.53261e+06 
118 8.63807e+06 
119 8.74766e+06 
120 8.88334e+06 
121 9.04815e+06 
122 9.20922e+06 
123 9.39162e+06 
124 9.58335e+06 
125 9.78825e+06 
126 1.00172e+07 
127 1.02616e+07 
128 1.05096e+07 
129 1.07731e+07 
130 1.10753e+07 
131 1.13898e+07 
132 1.1697e+07 
133 1.2017e+07 
134 1.23744e+07 
135 1.27028e+07 
136 1.30556e+07 
137 1.33994e+07 
138 1.37473e+07 
139 1.41038e+07 
140 1.44692e+07 
141 1.48348e+07 
142 1.52223e+07 
143 1.56066e+07 
144 1.60052e+07 
145 1.6395e+07 
146 1.67832e+07 
147 1.71468e+07 
148 1.75205e+07 
149 1.78769e+07 
150 1.82085e+07 
151 1.85701e+07 
152 1.89272e+07 
153 1.9268e+07 
154 1.96062e+07 
155 1.99307e+07 
156 2.02588e+07 
157 2.05788e+07 
158 2.0876e+07 
159 2.11646e+07 
160 2.14392e+07 
161 2.16884e+07 
162 2.1953e+07 
163 2.2194e+07 
164 2.24162e+07 
165 2.26241e+07 
166 2.28451e+07 
167 2.30627e+07 
168 2.32537e+07 
169 2.3432e+07 
170 2.35813e+07 
171 2.37366e+07 
172 2.38861e+07 
173 2.40488e+07 
174 2.4201e+07 
175 2.43455e+07 
176 2.44783e+07 
177 2.45842e+07 
178 2.47031e+07 
179 2.47717e+07 
180 2.48143e+07 
181 2.4844e+07 
182 2.48741e+07 
183 2.48725e+07 
184 2.48594e+07 
185 2.48355e+07 
186 2.48048e+07 
187 2.47454e+07 
188 2.46774e+07 
189 2.46075e+07 
190 2.45326e+07 
191 2.44769e+07 
192 2.44271e+07 
193 2.43494e+07 
194 2.42868e+07 
195 2.42394e+07 
196 2.41956e+07 
197 2.41515e+07 
198 2.41069e+07 
199 2.40544e+07 
200 2.39838e+07 
201 2.3946e+07 
202 2.38994e+07 
203 2.384e+07 
204 2.37903e+07 
205 2.37366e+07 
206 2.36993e+07 
207 2.36537e+07 
208 2.35864e+07 
209 2.35491e+07 
210 2.3546e+07 
211 2.35318e+07 
212 2.35388e+07 
213 2.35653e+07 
214 2.35963e+07 
215 2.36239e+07 
216 2.36653e+07 
217 2.37042e+07 
218 2.37536e+07 
219 2.38084e+07 
220 2.38592e+07 
221 2.38954e+07 
222 2.39294e+07 
223 2.39562e+07 
224 2.40041e+07 
225 2.40605e+07 
226 2.40906e+07 
227 2.41206e+07 
228 2.41649e+07 
229 2.41473e+07 
230 2.41274e+07 
231 2.41114e+07 
232 2.4076e+07 
233 2.40204e+07 
234 2.39842e+07 
235 2.39427e+07 
236 2.38936e+07 
237 2.38418e+07 
238 2.37705e+07 
239 2.3703e+07 
240 2.36063e+07 
241 2.34844e+07 
242 2.3359e+07 
243 2.3208e+07 
244 2.30717e+07 
245 2.29036e+07 
246 2.27244e+07 
247 2.25291e+07 
248 2.23123e+07 
249 2.21314e+07 
250 2.18968e+07 
251 2.16377e+07 
252 2.13732e+07 
253 2.10933e+07 
254 2.08259e+07 
255 2.05396e+07 
256 2.02521e+07 
257 1.99541e+07 
258 1.96616e+07 
259 1.93675e+07 
260 1.90526e+07 
261 1.87276e+07 
262 1.83908e+07 
263 1.80635e+07 
264 1.77268e+07 
265 1.73994e+07 
266 1.70914e+07 
267 1.67986e+07 
268 1.65132e+07 
269 1.62358e+07 
270 1.59669e+07 
271 1.57113e+07 
272 1.54724e+07 
273 1.52345e+07 
274 1.50131e+07 
275 1.48104e+07 
276 1.46198e+07 
277 1.44173e+07 
278 1.4238e+07 
279 1.40676e+07 
280 1.39247e+07 
281 1.37841e+07 
282 1.36656e+07 
283 1.35851e+07 
284 1.35077e+07 
285 1.34387e+07 
286 1.33722e+07 
287 1.3312e+07 
288 1.32612e+07 
289 1.32223e+07 
290 1.318e+07 
291 1.31586e+07 
292 1.3138e+07 
293 1.31613e+07 
294 1.31764e+07 
295 1.32197e+07 
296 1.32636e+07 
297 1.33182e+07 
298 1.3365e+07 
299 1.34126e+07 
300 1.34825e+07 
301 1.35703e+07 
302 1.36564e+07 
303 1.3734e+07 
304 1.38196e+07 
305 1.39028e+07 
306 1.39866e+07 
307 1.40695e+07 
308 1.4146e+07 
309 1.42392e+07 
310 1.43309e+07 
311 1.44139e+07 
312 1.44851e+07 
313 1.45589e+07 
314 1.46517e+07 
315 1.4719e+07 
316 1.48117e+07 
317 1.49004e+07 
318 1.50062e+07 
319 1.51085e+07 
320 1.5221e+07 
321 1.53497e+07 
322 1.55083e+07 
323 1.56619e+07 
324 1.58337e+07 
325 1.60128e+07 
326 1.62121e+07 
327 1.6403e+07 
328 1.6618e+07 
329 1.68629e+07 
330 1.70962e+07 
331 1.73535e+07 
332 1.76333e+07 
333 1.79147e+07 
334 1.82591e+07 
335 1.86305e+07 
336 1.90304e+07 
337 1.94724e+07 
338 1.99479e+07 
339 2.04516e+07 
340 2.09765e+07 
341 2.15486e+07 
342 2.21354e+07 
343 2.2719e+07 
344 2.3347e+07 
345 2.40094e+07 
346 2.47377e+07 
347 2.5471e+07 
348 2.62557e+07 
349 2.70486e+07 
350 2.78908e+07 
351 2.8768e+07 
352 2.96713e+07 
353 3.05997e+07 
354 3.15581e+07 
355 3.25256e+07 
356 3.35179e+07 
357 3.45321e+07 
358 3.55244e+07 
359 3.65398e+07 
360 3.75835e+07 
361 3.86635e+07 
362 3.97851e+07 
363 4.08801e+07 
364 4.19811e+07 
365 4.30833e+07 
366 4.42311e+07 
367 4.53549e+07 
368 4.64812e+07 
369 4.75813e+07 
370 4.86848e+07 
371 4.97797e+07 
372 5.08323e+07 
373 5.18556e+07 
374 5.28697e+07 
375 5.3867e+07 
376 5.48497e+07 
377 5.57836e+07 
378 5.6683e+07 
379 5.75507e+07 
380 5.83907e+07 
381 5.91702e+07 
382 5.9925e+07 
383 6.0644e+07 
384 6.13032e+07 
385 6.19375e+07 
386 6.25176e+07 
387 6.31116e+07 
388 6.37132e+07 
389 6.43179e+07 
390 6.49186e+07 
391 6.55067e+07 
392 6.61124e+07 
393 6.66553e+07 
394 6.717e+07 
395 6.76777e+07 
396 6.81351e+07 
397 6.85606e+07 
398 6.90056e+07 
399 6.94408e+07 
400 6.98543e+07 
401 7.02971e+07 
402 7.06967e+07 
403 7.10631e+07 
404 7.13696e+07 
405 7.17626e+07 
406 7.20562e+07 
407 7.23284e+07 
408 7.25513e+07 
409 7.283e+07 
410 7.30691e+07 
411 7.33298e+07 
412 7.35472e+07 
413 7.37368e+07 
414 7.39163e+07 
415 7.40832e+07 
416 7.42208e+07 
417 7.43023e+07 
418 7.43874e+07 
419 7.4491e+07 
420 7.45482e+07 
421 7.46059e+07 
422 7.46278e+07 
423 7.46478e+07 
424 7.46783e+07 
425 7.46767e+07 
426 7.47022e+07 
427 7.47033e+07 
428 7.46932e+07 
429 7.47292e+07 
430 7.47608e+07 
431 7.48618e+07 
432 7.49608e+07 
433 7.50812e+07 
434 7.52473e+07 
435 7.54138e+07 
436 7.55699e+07 
437 7.57859e+07 
438 7.59807e+07 
439 7.62074e+07 
440 7.64601e+07 
441 7.67532e+07 
442 7.7093e+07 
443 7.74982e+07 
444 7.79483e+07 
445 7.8407e+07 
446 7.89048e+07 
447 7.9428e+07 
448 7.99412e+07 
449 8.04949e+07 
450 8.10368e+07 
451 8.15247e+07 
452 8.20308e+07 
453 8.2488e+07 
454 8.29501e+07 
455 8.34267e+07 
456 8.38833e+07 
457 8.43287e+07 
458 8.47621e+07 
459 8.52107e+07 
460 8.56276e+07 
461 8.6086e+07 
462 8.65517e+07 
463 8.70553e+07 
464 8.75347e+07 
465 8.79993e+07 
466 8.84068e+07 
467 8.8794e+07 
468 8.91057e+07 
469 8.93961e+07 
470 8.96871e+07 
471 8.9932e+07 
472 9.01661e+07 
473 9.03886e+07 
474 9.05783e+07 
475 9.07661e+07 
476 9.09013e+07 
477 9.10427e+07 
478 9.12031e+07 
479 9.13083e+07 
480 9.14024e+07 
481 9.1452e+07 
482 9.14831e+07 
483 9.14674e+07 
484 9.1462e+07 
485 9.14889e+07 
486 9.14763e+07 
487 9.14591e+07 
488 9.14802e+07 
489 9.15092e+07 
490 9.14521e+07 
491 9.14008e+07 
492 9.12928e+07 
493 9.11865e+07 
494 9.10828e+07 
495 9.08898e+07 
496 9.0657e+07 
497 9.03815e+07 
498 9.0137e+07 
499 8.98513e+07 
500 8.95726e+07 
501 8.92449e+07 
502 8.88938e+07 
503 8.85511e+07 
504 8.81063e+07 
505 8.77228e+07 
506 8.73278e+07 
507 8.68767e+07 
508 8.64173e+07 
509 8.5955e+07 
510 8.53701e+07 
511 8.47718e+07 
512 8.41893e+07 
513 8.35056e+07 
514 8.27611e+07 
515 8.19593e+07 
516 8.10613e+07 
517 8.01745e+07 
518 7.9218e+07 
519 7.82556e+07 
520 7.72305e+07 
521 7.62016e+07 
522 7.51317e+07 
523 7.4047e+07 
524 7.29644e+07 
525 7.18652e+07 
526 7.07552e+07 
527 6.96083e+07 
528 6.84614e+07 
529 6.73187e+07 
530 6.61871e+07 
531 6.50817e+07 
532 6.39758e+07 
533 6.28743e+07 
534 6.17713e+07 
535 6.06604e+07 
536 5.95769e+07 
537 5.84657e+07 
538 5.73199e+07 
539 5.61706e+07 
540 5.5043e+07 
541 5.39032e+07 
542 5.27585e+07 
543 5.16344e+07 
544 5.05188e+07 
545 4.94273e+07 
546 4.83898e+07 
547 4.73212e+07 
548 4.63143e+07 
549 4.53246e+07 
550 4.43821e+07 
551 4.34709e+07 
552 4.25448e+07 
553 4.16352e+07 
554 4.07738e+07 
555 3.99477e+07 
556 3.91666e+07 
557 3.8425e+07 
558 3.7717e+07 
559 3.70359e+07 
560 3.64111e+07 
561 3.57822e+07 
562 3.51865e+07 
563 3.46212e+07 
564 3.40974e+07 
565 3.35892e+07 
566 3.31118e+07 
567 3.26255e+07 
568 3.21688e+07 
569 3.17203e+07 
570 3.13139e+07 
571 3.09409e+07 
572 3.05752e+07 
573 3.02118e+07 
574 2.98586e+07 
575 2.95018e+07 
576 2.91546e+07 
577 2.88228e+07 
578 2.85348e+07 
579 2.82413e+07 
580 2.79543e+07 
581 2.76675e+07 
582 2.73742e+07 
583 2.70644e+07 
584 2.6793e+07 
585 2.65631e+07 
586 2.63198e+07 
587 2.61248e+07 
588 2.59017e+07 
589 2.56878e+07 
590 2.54882e+07 
591 2.53572e+07 
592 2.52338e+07 
593 2.51199e+07 
594 2.50362e+07 
595 2.49639e+07 
596 2.49217e+07 
597 2.48632e+07 
598 2.4846e+07 
599 2.48354e+07 
600 2.4864e+07 
601 2.48864e+07 
602 2.49514e+07 
603 2.50248e+07 
604 2.51334e+07 
605 2.52681e+07 
606 2.5411e+07 
607 2.55909e+07 
608 2.57845e+07 
609 2.59733e+07 
610 2.61976e+07 
611 2.63926e+07 
612 2.65955e+07 
613 2.67832e+07 
614 2.6965e+07 
615 2.7122e+07 
616 2.72746e+07 
617 2.74283e+07 
618 2.75548e+07 
619 2.77002e+07 
620 2.77991e+07 
621 2.78916e+07 
622 2.79652e+07 
623 2.80445e+07 
624 2.80838e+07 
625 2.8105e+07 
626 2.81178e+07 
627 2.81309e+07 
628 2.81503e+07 
629 2.81677e+07 
630 2.82098e+07 
631 2.82141e+07 
632 2.82383e+07 
633 2.82303e+07 
634 2.82148e+07 
635 2.81872e+07 
636 2.81199e+07 
637 2.80731e+07 
638 2.80401e+07 
639 2.80007e+07 
640 2.80014e+07 
641 2.79681e+07 
642 2.79332e+07 
643 2.78834e+07 
644 2.78542e+07 
645 2.7835e+07 
646 2.78076e+07 
647 2.78114e+07 
648 2.78087e+07 
649 2.78424e+07 
650 2.78898e+07 
651 2.79405e+07 
652 2.79863e+07 
653 2.80666e+07 
654 2.81391e+07 
655 2.82162e+07 
656 2.82964e+07 
657 2.83788e+07 
658 2.8476e+07 
659 2.85763e+07 
660 2.86761e+07 
661 2.88154e+07 
662 2.89791e+07 
663 2.91255e+07 
664 2.92877e+07 
665 2.94346e+07 
666 2.95921e+07 
667 2.97696e+07 
668 2.98981e+07 
669 3.00984e+07 
670 3.02518e+07 
671 3.04336e+07 
672 3.05886e+07 
673 3.07503e+07 
674 3.08953e+07 
675 3.10374e+07 
676 3.11578e+07 
677 3.12667e+07 
678 3.1347e+07 
679 3.14085e+07 
680 3.14621e+07 
681 3.15006e+07 
682 3.14771e+07 
683 3.14942e+07 
684 3.15048e+07 
685 3.15349e+07 
686 3.15696e+07 
687 3.16011e+07 
688 3.16318e+07 
689 3.16513e+07 
690 3.16602e+07 
691 3.16758e+07 
692 3.1677e+07 
693 3.16826e+07 
694 3.16291e+07 
695 3.15853e+07 
696 3.15319e+07 
697 3.14602e+07 
698 3.13883e+07 
699 3.13506e+07 
700 3.12927e+07 
701 3.12279e+07 
702 3.11879e+07 
703 3.11114e+07 
704 3.10163e+07 
705 3.09084e+07 
706 3.07748e+07 
707 3.06389e+07 
708 3.0464e+07 
709 3.02867e+07 
710 3.01058e+07 
711 2.9859e+07 
712 2.96014e+07 
713 2.93579e+07 
714 2.90989e+07 
715 2.88315e+07 
716 2.8552e+07 
717 2.82758e+07 
718 2.80167e+07 
719 2.77457e+07 
720 2.74554e+07 
721 2.7177e+07 
722 2.6867e+07 
723 2.65636e+07 
724 2.62267e+07 
725 2.58935e+07 
726 2.55433e+07 
727 2.52167e+07 
728 2.48815e+07 
729 2.45128e+07 
730 2.41588e+07 
731 2.38246e+07 
732 2.35001e+07 
733 2.31474e+07 
734 2.28343e+07 
735 2.2507e+07 
736 2.21756e+07 
737 2.18176e+07 
738 2.1504e+07 
739 2.11789e+07 
740 2.08558e+07 
741 2.05458e+07 
742 2.02142e+07 
743 1.99038e+07 
744 1.95965e+07 
745 1.92772e+07 
746 1.89628e+07 
747 1.86286e+07 
748 1.83066e+07 
749 1.79916e+07 
750 1.76511e+07 
751 1.72984e+07 
752 1.69487e+07 
753 1.65921e+07 
754 1.62197e+07 
755 1.58217e+07 
756 1.54258e+07 
757 1.50255e+07 
758 1.46243e+07 
759 1.42049e+07 
760 1.3784e+07 
761 1.33651e+07 
762 1.29458e+07 
763 1.25416e+07 
764 1.21293e+07 
765 1.17116e+07 
766 1.13042e+07 
767 1.08543e+07 
768 1.04146e+07 
769 9.95638e+06 
770 9.5024e+06 
771 9.0532e+06 
772 8.59169e+06 
773 8.14424e+06 
774 7.70723e+06 
775 7.24665e+06 
776 6.80787e+06 
777 6.38676e+06 
778 5.96742e+06 
779 5.5576e+06 
780 5.13174e+06 
781 4.74024e+06 
782 4.35118e+06 
783 3.97697e+06 
784 3.61595e+06 
785 3.26491e+06 
786 2.92454e+06 
787 2.60844e+06 
788 2.30428e+06 
789 2.02552e+06 
790 1.75372e+06 
791 1.49802e+06 
792 1.26263e+06 
793 1.04447e+06 
794 844815 
795 666092 
796 506030 
797 371949 
798 259371 
799 164903 
