0 0 
1 0 
2 0 
3 0 
4 0 
5 0 
6 0 
7 0 
8 0 
9 0 
10 0 
11 0 
12 0 
13 0 
14 0 
15 0 
16 0 
17 0 
18 0 
19 0 
20 0 
21 0 
22 0 
23 0 
24 0 
25 0 
26 0 
27 0 
28 0 
29 0 
30 0 
31 0 
32 0 
33 0 
34 0 
35 0 
36 0 
37 0 
38 0 
39 0 
40 0 
41 0 
42 0 
43 0 
44 0 
45 0 
46 0 
47 0 
48 0 
49 0 
50 0 
51 0 
52 0 
53 0 
54 0 
55 0 
56 0 
57 0 
58 0 
59 0 
60 0 
61 0 
62 0 
63 0 
64 0 
65 0 
66 0 
67 0 
68 0 
69 0 
70 0 
71 0 
72 0 
73 0 
74 0 
75 0 
76 0 
77 0 
78 0 
79 0 
80 0 
81 0 
82 0 
83 0 
84 0 
85 0 
86 0 
87 0 
88 0 
89 0 
90 0 
91 0 
92 0 
93 0 
94 0 
95 0 
96 0 
97 0 
98 0 
99 0 
100 0 
101 0 
102 0 
103 0 
104 0 
105 0 
106 0 
107 0 
108 0 
109 0 
110 0 
111 0 
112 0 
113 0 
114 0 
115 0 
116 0 
117 0 
118 0 
119 0 
120 0 
121 0 
122 0 
123 0 
124 0 
125 0 
126 0 
127 0 
128 0 
129 0 
130 0 
131 0 
132 0 
133 0 
134 0 
135 0 
136 0 
137 0 
138 0 
139 0 
140 0 
141 0 
142 0 
143 0 
144 0 
145 0 
146 0 
147 0 
148 0 
149 0 
150 0 
151 0 
152 0 
153 0 
154 0 
155 0 
156 0 
157 0 
158 0 
159 0 
160 0 
161 0 
162 0 
163 0 
164 0 
165 0 
166 0 
167 0 
168 0 
169 0 
170 0 
171 0 
172 0 
173 0 
174 0 
175 0 
176 0 
177 0 
178 0 
179 0 
180 0 
181 0 
182 0 
183 0 
184 0 
185 0 
186 0 
187 0 
188 0 
189 0 
190 0 
191 0 
192 0 
193 0 
194 0 
195 0 
196 0 
197 0 
198 0 
199 0 
200 0 
201 0 
202 0 
203 0 
204 0 
205 0 
206 0 
207 0 
208 0 
209 0 
210 0 
211 0 
212 0 
213 0 
214 0 
215 0 
216 0 
217 0 
218 0 
219 0 
220 0 
221 0 
222 0 
223 0 
224 0 
225 0 
226 0 
227 0 
228 0 
229 0 
230 0 
231 0 
232 0 
233 0 
234 0 
235 0 
236 0 
237 0 
238 0 
239 0 
240 0 
241 0 
242 0 
243 0 
244 0 
245 0 
246 0 
247 0 
248 0 
249 0 
250 0 
251 0 
252 0 
253 0 
254 0 
255 0 
256 21 
257 114 
258 278 
259 602 
260 1383 
261 2999 
262 4605 
263 7584 
264 11326 
265 16113 
266 23381 
267 33003 
268 46238 
269 58859 
270 74013 
271 96033 
272 122615 
273 153203 
274 192289 
275 243308 
276 307103 
277 384843 
278 480859 
279 605595 
280 751585 
281 937105 
282 1.17316e+06 
283 1.47224e+06 
284 1.86441e+06 
285 2.33521e+06 
286 2.8888e+06 
287 3.53802e+06 
288 4.27021e+06 
289 5.09589e+06 
290 6.00617e+06 
291 6.95949e+06 
292 7.94263e+06 
293 8.94813e+06 
294 1.00229e+07 
295 1.11551e+07 
296 1.22914e+07 
297 1.33574e+07 
298 1.43644e+07 
299 1.53993e+07 
300 1.6403e+07 
301 1.73544e+07 
302 1.837e+07 
303 1.93537e+07 
304 2.02812e+07 
305 2.12073e+07 
306 2.20121e+07 
307 2.26967e+07 
308 2.3292e+07 
309 2.38846e+07 
310 2.44207e+07 
311 2.48921e+07 
312 2.53281e+07 
313 2.56797e+07 
314 2.58934e+07 
315 2.59692e+07 
316 2.59163e+07 
317 2.5741e+07 
318 2.55031e+07 
319 2.52569e+07 
320 2.51405e+07 
321 2.50704e+07 
322 2.50756e+07 
323 2.5097e+07 
324 2.51409e+07 
325 2.52051e+07 
326 2.52817e+07 
327 2.53885e+07 
328 2.55172e+07 
329 2.56952e+07 
330 2.59215e+07 
331 2.61059e+07 
332 2.63349e+07 
333 2.67205e+07 
334 2.7174e+07 
335 2.77232e+07 
336 2.84068e+07 
337 2.92156e+07 
338 3.00907e+07 
339 3.10465e+07 
340 3.21009e+07 
341 3.32765e+07 
342 3.44564e+07 
343 3.57168e+07 
344 3.69759e+07 
345 3.83626e+07 
346 3.98248e+07 
347 4.13728e+07 
348 4.31126e+07 
349 4.50053e+07 
350 4.70209e+07 
351 4.91726e+07 
352 5.14587e+07 
353 5.38959e+07 
354 5.64365e+07 
355 5.92081e+07 
356 6.22889e+07 
357 6.55352e+07 
358 6.89874e+07 
359 7.23898e+07 
360 7.57443e+07 
361 7.91057e+07 
362 8.24655e+07 
363 8.58769e+07 
364 8.94421e+07 
365 9.33251e+07 
366 9.76323e+07 
367 1.02353e+08 
368 1.07508e+08 
369 1.13104e+08 
370 1.19296e+08 
371 1.26107e+08 
372 1.33566e+08 
373 1.41754e+08 
374 1.50679e+08 
375 1.60518e+08 
376 1.71107e+08 
377 1.82366e+08 
378 1.94313e+08 
379 2.06922e+08 
380 2.20295e+08 
381 2.34237e+08 
382 2.49128e+08 
383 2.64327e+08 
384 2.79862e+08 
385 2.95376e+08 
386 3.1098e+08 
387 3.26506e+08 
388 3.41643e+08 
389 3.56132e+08 
390 3.69902e+08 
391 3.82704e+08 
392 3.94606e+08 
393 4.05284e+08 
394 4.15106e+08 
395 4.23832e+08 
396 4.31087e+08 
397 4.36956e+08 
398 4.41103e+08 
399 4.4369e+08 
400 4.4431e+08 
401 4.42611e+08 
402 4.39311e+08 
403 4.34552e+08 
404 4.28329e+08 
405 4.21189e+08 
406 4.12958e+08 
407 4.03848e+08 
408 3.94148e+08 
409 3.83995e+08 
410 3.73692e+08 
411 3.62939e+08 
412 3.52062e+08 
413 3.41264e+08 
414 3.30748e+08 
415 3.20302e+08 
416 3.10185e+08 
417 3.00116e+08 
418 2.90107e+08 
419 2.80378e+08 
420 2.70747e+08 
421 2.61409e+08 
422 2.52285e+08 
423 2.43518e+08 
424 2.34814e+08 
425 2.26107e+08 
426 2.17422e+08 
427 2.09057e+08 
428 2.01135e+08 
429 1.93643e+08 
430 1.86734e+08 
431 1.80311e+08 
432 1.73887e+08 
433 1.67789e+08 
434 1.61796e+08 
435 1.56165e+08 
436 1.50705e+08 
437 1.45187e+08 
438 1.39535e+08 
439 1.34004e+08 
440 1.28583e+08 
441 1.233e+08 
442 1.17991e+08 
443 1.12731e+08 
444 1.07367e+08 
445 1.02164e+08 
446 9.72873e+07 
447 9.27189e+07 
448 8.83396e+07 
449 8.41355e+07 
450 8.01763e+07 
451 7.63873e+07 
452 7.27491e+07 
453 6.93322e+07 
454 6.61388e+07 
455 6.30316e+07 
456 6.00681e+07 
457 5.73299e+07 
458 5.46615e+07 
459 5.19879e+07 
460 4.94384e+07 
461 4.69299e+07 
462 4.43915e+07 
463 4.18945e+07 
464 3.95437e+07 
465 3.7367e+07 
466 3.53908e+07 
467 3.3716e+07 
468 3.22739e+07 
469 3.09631e+07 
470 2.98261e+07 
471 2.88959e+07 
472 2.80962e+07 
473 2.73815e+07 
474 2.66739e+07 
475 2.59877e+07 
476 2.52441e+07 
477 2.44452e+07 
478 2.36112e+07 
479 2.27352e+07 
480 2.18116e+07 
481 2.08238e+07 
482 1.97644e+07 
483 1.85377e+07 
484 1.73108e+07 
485 1.6075e+07 
486 1.48505e+07 
487 1.36388e+07 
488 1.24735e+07 
489 1.1345e+07 
490 1.02433e+07 
491 9.16065e+06 
492 8.10884e+06 
493 7.09478e+06 
494 6.14488e+06 
495 5.28214e+06 
496 4.47992e+06 
497 3.76981e+06 
498 3.13886e+06 
499 2.59301e+06 
500 2.12531e+06 
501 1.73703e+06 
502 1.42414e+06 
503 1.19215e+06 
504 988473 
505 818900 
506 683898 
507 567280 
508 471711 
509 386948 
510 318758 
511 255309 
512 210673 
513 167394 
514 127123 
515 92816 
516 67248 
517 46380 
518 32809 
519 23975 
520 16820 
521 11904 
522 8821 
523 5146 
524 2983 
525 1397 
526 622 
527 116 
528 37 
529 1 
530 0 
531 0 
532 0 
533 0 
534 0 
535 0 
536 0 
537 0 
538 0 
539 0 
540 0 
541 0 
542 0 
543 0 
544 0 
545 0 
546 0 
547 0 
548 0 
549 0 
550 0 
551 0 
552 0 
553 0 
554 0 
555 0 
556 0 
557 0 
558 0 
559 0 
560 0 
561 0 
562 0 
563 0 
564 0 
565 0 
566 0 
567 0 
568 0 
569 0 
570 0 
571 0 
572 0 
573 0 
574 0 
575 0 
576 0 
577 0 
578 0 
579 0 
580 0 
581 0 
582 0 
583 0 
584 0 
585 0 
586 0 
587 0 
588 0 
589 0 
590 0 
591 0 
592 0 
593 0 
594 0 
595 0 
596 0 
597 0 
598 0 
599 0 
600 0 
601 0 
602 0 
603 0 
604 0 
605 0 
606 0 
607 0 
608 0 
609 0 
610 0 
611 0 
612 0 
613 0 
614 0 
615 0 
616 0 
617 0 
618 0 
619 0 
620 0 
621 0 
622 0 
623 0 
624 0 
625 0 
626 0 
627 0 
628 0 
629 0 
630 0 
631 0 
632 0 
633 0 
634 0 
635 0 
636 0 
637 0 
638 0 
639 0 
640 0 
641 0 
642 0 
643 0 
644 0 
645 0 
646 0 
647 0 
648 0 
649 0 
650 0 
651 0 
652 0 
653 0 
654 0 
655 0 
656 0 
657 0 
658 0 
659 0 
660 0 
661 0 
662 0 
663 0 
664 0 
665 0 
666 0 
667 0 
668 0 
669 0 
670 0 
671 0 
672 0 
673 0 
674 0 
675 0 
676 0 
677 0 
678 0 
679 0 
680 0 
681 0 
682 0 
683 0 
684 0 
685 0 
686 0 
687 0 
688 0 
689 0 
690 0 
691 0 
692 0 
693 0 
694 0 
695 0 
696 0 
697 0 
698 0 
699 0 
700 0 
701 0 
702 0 
703 0 
704 0 
705 0 
706 0 
707 0 
708 0 
709 0 
710 0 
711 0 
712 0 
713 0 
714 0 
715 0 
716 0 
717 0 
718 0 
719 0 
720 0 
721 0 
722 0 
723 0 
724 0 
725 0 
726 0 
727 0 
728 0 
729 0 
730 0 
731 0 
732 0 
733 0 
734 0 
735 0 
736 0 
737 0 
738 0 
739 0 
740 0 
741 0 
742 0 
743 0 
744 0 
745 0 
746 0 
747 0 
748 0 
749 0 
750 0 
751 0 
752 0 
753 0 
754 0 
755 0 
756 0 
757 0 
758 0 
759 0 
760 0 
761 0 
762 0 
763 0 
764 0 
765 0 
766 0 
767 0 
768 0 
769 0 
770 0 
771 0 
772 0 
773 0 
774 0 
775 0 
776 0 
777 0 
778 0 
779 0 
780 0 
781 0 
782 0 
783 0 
784 0 
785 0 
786 0 
787 0 
788 0 
789 0 
790 0 
791 0 
792 0 
793 0 
794 0 
795 0 
796 0 
797 0 
798 0 
799 0 
