0 0 
1 0 
2 1 
3 4 
4 23 
5 33 
6 49 
7 65 
8 104 
9 174 
10 205 
11 366 
12 420 
13 549 
14 596 
15 633 
16 684 
17 838 
18 1037 
19 1156 
20 1361 
21 1580 
22 1842 
23 2104 
24 2468 
25 2922 
26 3366 
27 3947 
28 4634 
29 5853 
30 7253 
31 9108 
32 10954 
33 13356 
34 16027 
35 19867 
36 24321 
37 29083 
38 33944 
39 39277 
40 44504 
41 50282 
42 57020 
43 66168 
44 75660 
45 84651 
46 94101 
47 105894 
48 118336 
49 132316 
50 148539 
51 165695 
52 185887 
53 208668 
54 232250 
55 258378 
56 284358 
57 312605 
58 341204 
59 373979 
60 405992 
61 438284 
62 471026 
63 511019 
64 551384 
65 595954 
66 644511 
67 693465 
68 745010 
69 800183 
70 854388 
71 910601 
72 965821 
73 1.02324e+06 
74 1.08537e+06 
75 1.1476e+06 
76 1.2155e+06 
77 1.28164e+06 
78 1.35236e+06 
79 1.42234e+06 
80 1.4867e+06 
81 1.55387e+06 
82 1.61739e+06 
83 1.68908e+06 
84 1.76016e+06 
85 1.82743e+06 
86 1.89788e+06 
87 1.96561e+06 
88 2.03727e+06 
89 2.11078e+06 
90 2.18474e+06 
91 2.26355e+06 
92 2.34225e+06 
93 2.41909e+06 
94 2.50288e+06 
95 2.57696e+06 
96 2.65864e+06 
97 2.74106e+06 
98 2.82398e+06 
99 2.91869e+06 
100 3.00984e+06 
101 3.10843e+06 
102 3.2052e+06 
103 3.30042e+06 
104 3.3989e+06 
105 3.50563e+06 
106 3.61731e+06 
107 3.73693e+06 
108 3.8611e+06 
109 3.98172e+06 
110 4.09507e+06 
111 4.2029e+06 
112 4.32428e+06 
113 4.44197e+06 
114 4.55089e+06 
115 4.65456e+06 
116 4.75641e+06 
117 4.86187e+06 
118 4.95512e+06 
119 5.06449e+06 
120 5.16023e+06 
121 5.25719e+06 
122 5.3406e+06 
123 5.44094e+06 
124 5.53789e+06 
125 5.62486e+06 
126 5.7146e+06 
127 5.80332e+06 
128 5.88946e+06 
129 5.9908e+06 
130 6.085e+06 
131 6.17593e+06 
132 6.26396e+06 
133 6.3458e+06 
134 6.43284e+06 
135 6.51741e+06 
136 6.61135e+06 
137 6.7148e+06 
138 6.81447e+06 
139 6.9023e+06 
140 7.00853e+06 
141 7.1096e+06 
142 7.21824e+06 
143 7.31447e+06 
144 7.41359e+06 
145 7.49513e+06 
146 7.59298e+06 
147 7.69297e+06 
148 7.80295e+06 
149 7.91648e+06 
150 8.03717e+06 
151 8.15191e+06 
152 8.27461e+06 
153 8.38975e+06 
154 8.51564e+06 
155 8.64413e+06 
156 8.7684e+06 
157 8.88864e+06 
158 9.00962e+06 
159 9.1375e+06 
160 9.25126e+06 
161 9.38363e+06 
162 9.51496e+06 
163 9.64257e+06 
164 9.77363e+06 
165 9.90324e+06 
166 1.00292e+07 
167 1.01555e+07 
168 1.02881e+07 
169 1.04399e+07 
170 1.05674e+07 
171 1.06902e+07 
172 1.08216e+07 
173 1.09565e+07 
174 1.10896e+07 
175 1.12365e+07 
176 1.14059e+07 
177 1.15731e+07 
178 1.17506e+07 
179 1.19378e+07 
180 1.21174e+07 
181 1.23169e+07 
182 1.25021e+07 
183 1.27112e+07 
184 1.29021e+07 
185 1.31115e+07 
186 1.3328e+07 
187 1.35239e+07 
188 1.3707e+07 
189 1.38968e+07 
190 1.41017e+07 
191 1.43134e+07 
192 1.45131e+07 
193 1.47168e+07 
194 1.49344e+07 
195 1.51529e+07 
196 1.53798e+07 
197 1.55844e+07 
198 1.58254e+07 
199 1.60518e+07 
200 1.62838e+07 
201 1.65081e+07 
202 1.67394e+07 
203 1.69739e+07 
204 1.72099e+07 
205 1.74612e+07 
206 1.76971e+07 
207 1.79408e+07 
208 1.81735e+07 
209 1.84216e+07 
210 1.86764e+07 
211 1.89336e+07 
212 1.91791e+07 
213 1.94424e+07 
214 1.97092e+07 
215 1.99506e+07 
216 2.01986e+07 
217 2.04362e+07 
218 2.069e+07 
219 2.0916e+07 
220 2.11508e+07 
221 2.14191e+07 
222 2.16417e+07 
223 2.1905e+07 
224 2.21526e+07 
225 2.23962e+07 
226 2.26553e+07 
227 2.29313e+07 
228 2.31739e+07 
229 2.34181e+07 
230 2.36613e+07 
231 2.39099e+07 
232 2.41624e+07 
233 2.44114e+07 
234 2.46717e+07 
235 2.49421e+07 
236 2.52276e+07 
237 2.55079e+07 
238 2.57829e+07 
239 2.60974e+07 
240 2.64024e+07 
241 2.67128e+07 
242 2.70451e+07 
243 2.738e+07 
244 2.77343e+07 
245 2.81037e+07 
246 2.84736e+07 
247 2.88889e+07 
248 2.92934e+07 
249 2.97223e+07 
250 3.0183e+07 
251 3.06595e+07 
252 3.11538e+07 
253 3.17161e+07 
254 3.22333e+07 
255 3.28054e+07 
256 3.33792e+07 
257 3.39773e+07 
258 3.45863e+07 
259 3.52423e+07 
260 3.59097e+07 
261 3.65968e+07 
262 3.72926e+07 
263 3.80064e+07 
264 3.87569e+07 
265 3.95452e+07 
266 4.03226e+07 
267 4.11157e+07 
268 4.1924e+07 
269 4.27448e+07 
270 4.35692e+07 
271 4.4401e+07 
272 4.52421e+07 
273 4.61054e+07 
274 4.6981e+07 
275 4.78725e+07 
276 4.88204e+07 
277 4.97788e+07 
278 5.08015e+07 
279 5.18263e+07 
280 5.28586e+07 
281 5.39363e+07 
282 5.5016e+07 
283 5.60818e+07 
284 5.71889e+07 
285 5.83014e+07 
286 5.93815e+07 
287 6.05104e+07 
288 6.16581e+07 
289 6.28136e+07 
290 6.39876e+07 
291 6.51249e+07 
292 6.62917e+07 
293 6.7426e+07 
294 6.85752e+07 
295 6.97352e+07 
296 7.09031e+07 
297 7.20764e+07 
298 7.32184e+07 
299 7.43728e+07 
300 7.55388e+07 
301 7.66525e+07 
302 7.78044e+07 
303 7.89294e+07 
304 8.00195e+07 
305 8.11348e+07 
306 8.22219e+07 
307 8.32924e+07 
308 8.44037e+07 
309 8.54724e+07 
310 8.65484e+07 
311 8.76091e+07 
312 8.8614e+07 
313 8.9664e+07 
314 9.06711e+07 
315 9.16564e+07 
316 9.26745e+07 
317 9.3618e+07 
318 9.46113e+07 
319 9.55968e+07 
320 9.6594e+07 
321 9.75364e+07 
322 9.85088e+07 
323 9.94778e+07 
324 1.00394e+08 
325 1.01307e+08 
326 1.02226e+08 
327 1.03134e+08 
328 1.04018e+08 
329 1.04907e+08 
330 1.05794e+08 
331 1.06641e+08 
332 1.07452e+08 
333 1.0824e+08 
334 1.09042e+08 
335 1.09825e+08 
336 1.10581e+08 
337 1.11304e+08 
338 1.12084e+08 
339 1.12799e+08 
340 1.1353e+08 
341 1.14271e+08 
342 1.14977e+08 
343 1.15717e+08 
344 1.16385e+08 
345 1.17101e+08 
346 1.17809e+08 
347 1.18585e+08 
348 1.19296e+08 
349 1.20041e+08 
350 1.20784e+08 
351 1.21523e+08 
352 1.22295e+08 
353 1.23061e+08 
354 1.23809e+08 
355 1.2452e+08 
356 1.25213e+08 
357 1.25891e+08 
358 1.26578e+08 
359 1.27187e+08 
360 1.27876e+08 
361 1.28503e+08 
362 1.29141e+08 
363 1.29793e+08 
364 1.30467e+08 
365 1.31129e+08 
366 1.31787e+08 
367 1.32422e+08 
368 1.33091e+08 
369 1.33748e+08 
370 1.3442e+08 
371 1.35068e+08 
372 1.35716e+08 
373 1.3638e+08 
374 1.37055e+08 
375 1.37703e+08 
376 1.38349e+08 
377 1.38999e+08 
378 1.39599e+08 
379 1.40236e+08 
380 1.40883e+08 
381 1.41505e+08 
382 1.42078e+08 
383 1.42717e+08 
384 1.43209e+08 
385 1.43753e+08 
386 1.44242e+08 
387 1.44689e+08 
388 1.45144e+08 
389 1.45609e+08 
390 1.46012e+08 
391 1.4646e+08 
392 1.467e+08 
393 1.46986e+08 
394 1.47184e+08 
395 1.4732e+08 
396 1.47452e+08 
397 1.47498e+08 
398 1.47384e+08 
399 1.47295e+08 
400 1.47127e+08 
401 1.46889e+08 
402 1.4657e+08 
403 1.46171e+08 
404 1.45783e+08 
405 1.45294e+08 
406 1.44757e+08 
407 1.4408e+08 
408 1.43374e+08 
409 1.42605e+08 
410 1.41799e+08 
411 1.40943e+08 
412 1.39975e+08 
413 1.38979e+08 
414 1.3793e+08 
415 1.3679e+08 
416 1.35637e+08 
417 1.34463e+08 
418 1.33218e+08 
419 1.31883e+08 
420 1.30528e+08 
421 1.29163e+08 
422 1.27768e+08 
423 1.26334e+08 
424 1.24841e+08 
425 1.23298e+08 
426 1.21701e+08 
427 1.20111e+08 
428 1.1843e+08 
429 1.16717e+08 
430 1.14972e+08 
431 1.13169e+08 
432 1.11361e+08 
433 1.0953e+08 
434 1.07658e+08 
435 1.05854e+08 
436 1.03987e+08 
437 1.02154e+08 
438 1.00275e+08 
439 9.83572e+07 
440 9.64735e+07 
441 9.45324e+07 
442 9.26444e+07 
443 9.07167e+07 
444 8.88481e+07 
445 8.7027e+07 
446 8.52509e+07 
447 8.34662e+07 
448 8.17074e+07 
449 7.99988e+07 
450 7.82957e+07 
451 7.65841e+07 
452 7.4965e+07 
453 7.33789e+07 
454 7.1835e+07 
455 7.03224e+07 
456 6.88474e+07 
457 6.73981e+07 
458 6.59412e+07 
459 6.4543e+07 
460 6.31201e+07 
461 6.17479e+07 
462 6.03565e+07 
463 5.90192e+07 
464 5.77099e+07 
465 5.64631e+07 
466 5.52159e+07 
467 5.40028e+07 
468 5.27974e+07 
469 5.16202e+07 
470 5.04938e+07 
471 4.93667e+07 
472 4.8289e+07 
473 4.72475e+07 
474 4.62236e+07 
475 4.52509e+07 
476 4.42731e+07 
477 4.33297e+07 
478 4.23739e+07 
479 4.14582e+07 
480 4.05484e+07 
481 3.96559e+07 
482 3.87694e+07 
483 3.78865e+07 
484 3.70248e+07 
485 3.61743e+07 
486 3.53425e+07 
487 3.45034e+07 
488 3.36918e+07 
489 3.2914e+07 
490 3.21292e+07 
491 3.13789e+07 
492 3.06343e+07 
493 2.99063e+07 
494 2.91731e+07 
495 2.84769e+07 
496 2.77973e+07 
497 2.71465e+07 
498 2.64929e+07 
499 2.58666e+07 
500 2.52384e+07 
501 2.46292e+07 
502 2.40427e+07 
503 2.34541e+07 
504 2.28802e+07 
505 2.23365e+07 
506 2.18025e+07 
507 2.12942e+07 
508 2.07872e+07 
509 2.03061e+07 
510 1.98432e+07 
511 1.9391e+07 
512 1.89399e+07 
513 1.84956e+07 
514 1.80768e+07 
515 1.76543e+07 
516 1.72378e+07 
517 1.68284e+07 
518 1.64233e+07 
519 1.60404e+07 
520 1.56386e+07 
521 1.52347e+07 
522 1.48319e+07 
523 1.44482e+07 
524 1.40769e+07 
525 1.37215e+07 
526 1.33558e+07 
527 1.29893e+07 
528 1.26194e+07 
529 1.22528e+07 
530 1.18996e+07 
531 1.1558e+07 
532 1.12167e+07 
533 1.08831e+07 
534 1.05592e+07 
535 1.02528e+07 
536 9.9523e+06 
537 9.64951e+06 
538 9.3376e+06 
539 9.04642e+06 
540 8.76312e+06 
541 8.47194e+06 
542 8.20523e+06 
543 7.95013e+06 
544 7.6987e+06 
545 7.4574e+06 
546 7.21344e+06 
547 6.9615e+06 
548 6.71286e+06 
549 6.48055e+06 
550 6.23568e+06 
551 5.99273e+06 
552 5.76714e+06 
553 5.54243e+06 
554 5.31583e+06 
555 5.09723e+06 
556 4.88558e+06 
557 4.68574e+06 
558 4.49588e+06 
559 4.31232e+06 
560 4.13371e+06 
561 3.95265e+06 
562 3.79251e+06 
563 3.63647e+06 
564 3.48348e+06 
565 3.34083e+06 
566 3.20299e+06 
567 3.07762e+06 
568 2.94853e+06 
569 2.83429e+06 
570 2.7171e+06 
571 2.60807e+06 
572 2.4972e+06 
573 2.40095e+06 
574 2.3032e+06 
575 2.21036e+06 
576 2.12203e+06 
577 2.03008e+06 
578 1.94672e+06 
579 1.86489e+06 
580 1.78891e+06 
581 1.71901e+06 
582 1.65249e+06 
583 1.59373e+06 
584 1.53329e+06 
585 1.48187e+06 
586 1.42881e+06 
587 1.37871e+06 
588 1.3322e+06 
589 1.28851e+06 
590 1.2485e+06 
591 1.20718e+06 
592 1.16782e+06 
593 1.13084e+06 
594 1.09194e+06 
595 1.0487e+06 
596 1.00939e+06 
597 972667 
598 935418 
599 902021 
600 867558 
601 836079 
602 803106 
603 773557 
604 744249 
605 712548 
606 682706 
607 652237 
608 621561 
609 594155 
610 561988 
611 534633 
612 505823 
613 479682 
614 457153 
615 431449 
616 408826 
617 388070 
618 364813 
619 344459 
620 324688 
621 302462 
622 282562 
623 262056 
624 242640 
625 224983 
626 206182 
627 189072 
628 171483 
629 156066 
630 141456 
631 128776 
632 115072 
633 100820 
634 90664 
635 80009 
636 70399 
637 60961 
638 53792 
639 46743 
640 40750 
641 35984 
642 31102 
643 27556 
644 23329 
645 20048 
646 16321 
647 13473 
648 10911 
649 8971 
650 7067 
651 5759 
652 4886 
653 3745 
654 3032 
655 2691 
656 2082 
657 1623 
658 1491 
659 1355 
660 1090 
661 845 
662 615 
663 468 
664 259 
665 247 
666 148 
667 76 
668 61 
669 57 
670 35 
671 14 
672 3 
673 3 
674 10 
675 4 
676 0 
677 0 
678 0 
679 0 
680 0 
681 0 
682 0 
683 0 
684 0 
685 0 
686 0 
687 0 
688 0 
689 0 
690 0 
691 0 
692 0 
693 0 
694 0 
695 0 
696 0 
697 0 
698 0 
699 0 
700 0 
701 0 
702 0 
703 0 
704 0 
705 0 
706 0 
707 0 
708 0 
709 0 
710 0 
711 0 
712 0 
713 0 
714 0 
715 0 
716 0 
717 0 
718 0 
719 0 
720 0 
721 0 
722 0 
723 0 
724 0 
725 0 
726 0 
727 0 
728 0 
729 0 
730 0 
731 0 
732 0 
733 0 
734 0 
735 0 
736 0 
737 0 
738 0 
739 0 
740 0 
741 0 
742 0 
743 0 
744 0 
745 0 
746 0 
747 0 
748 0 
749 0 
750 0 
751 0 
752 0 
753 0 
754 0 
755 0 
756 0 
757 0 
758 0 
759 0 
760 0 
761 0 
762 0 
763 0 
764 0 
765 0 
766 0 
767 0 
768 0 
769 0 
770 0 
771 0 
772 0 
773 0 
774 0 
775 0 
776 0 
777 0 
778 0 
779 0 
780 0 
781 0 
782 0 
783 0 
784 0 
785 0 
786 0 
787 0 
788 0 
789 0 
790 0 
791 0 
792 0 
793 0 
794 0 
795 0 
796 0 
797 0 
798 0 
799 0 
