0 0 
1 0 
2 0 
3 0 
4 0 
5 0 
6 0 
7 0 
8 0 
9 0 
10 0 
11 0 
12 0 
13 0 
14 0 
15 0 
16 0 
17 0 
18 0 
19 0 
20 0 
21 0 
22 0 
23 0 
24 0 
25 0 
26 0 
27 0 
28 0 
29 0 
30 0 
31 0 
32 0 
33 0 
34 0 
35 0 
36 0 
37 0 
38 0 
39 0 
40 0 
41 0 
42 0 
43 0 
44 0 
45 0 
46 0 
47 0 
48 0 
49 0 
50 0 
51 0 
52 0 
53 0 
54 0 
55 0 
56 0 
57 0 
58 0 
59 0 
60 0 
61 0 
62 0 
63 0 
64 0 
65 0 
66 0 
67 0 
68 0 
69 0 
70 0 
71 0 
72 0 
73 0 
74 0 
75 0 
76 0 
77 0 
78 0 
79 0 
80 0 
81 0 
82 0 
83 0 
84 0 
85 0 
86 0 
87 0 
88 0 
89 0 
90 0 
91 0 
92 0 
93 0 
94 0 
95 0 
96 0 
97 0 
98 0 
99 0 
100 0 
101 0 
102 0 
103 0 
104 0 
105 0 
106 0 
107 0 
108 0 
109 0 
110 0 
111 0 
112 0 
113 0 
114 0 
115 0 
116 0 
117 0 
118 0 
119 0 
120 0 
121 0 
122 0 
123 0 
124 0 
125 0 
126 0 
127 0 
128 0 
129 0 
130 0 
131 0 
132 0 
133 0 
134 0 
135 0 
136 0 
137 0 
138 0 
139 0 
140 0 
141 0 
142 0 
143 0 
144 0 
145 0 
146 0 
147 0 
148 0 
149 0 
150 0 
151 0 
152 0 
153 0 
154 0 
155 0 
156 0 
157 0 
158 0 
159 0 
160 0 
161 0 
162 0 
163 0 
164 0 
165 0 
166 0 
167 0 
168 0 
169 0 
170 0 
171 0 
172 0 
173 0 
174 0 
175 0 
176 0 
177 0 
178 0 
179 0 
180 0 
181 0 
182 0 
183 0 
184 0 
185 0 
186 0 
187 0 
188 0 
189 0 
190 0 
191 0 
192 0 
193 0 
194 0 
195 0 
196 0 
197 0 
198 0 
199 0 
200 0 
201 0 
202 0 
203 0 
204 0 
205 0 
206 0 
207 0 
208 0 
209 0 
210 0 
211 0 
212 0 
213 0 
214 0 
215 0 
216 0 
217 0 
218 0 
219 0 
220 0 
221 0 
222 0 
223 0 
224 0 
225 0 
226 0 
227 0 
228 0 
229 0 
230 0 
231 0 
232 0 
233 0 
234 0 
235 0 
236 0 
237 0 
238 0 
239 0 
240 0 
241 0 
242 0 
243 0 
244 0 
245 0 
246 0 
247 0 
248 0 
249 0 
250 0 
251 0 
252 0 
253 0 
254 0 
255 0 
256 0 
257 0 
258 0 
259 0 
260 0 
261 0 
262 0 
263 0 
264 0 
265 0 
266 0 
267 0 
268 5 
269 30 
270 74 
271 110 
272 147 
273 177 
274 218 
275 256 
276 320 
277 436 
278 490 
279 551 
280 680 
281 770 
282 977 
283 1257 
284 1325 
285 1535 
286 1938 
287 2483 
288 3354 
289 4547 
290 5381 
291 6577 
292 7502 
293 9369 
294 11776 
295 14157 
296 17670 
297 21333 
298 25588 
299 30758 
300 37481 
301 44624 
302 53861 
303 65309 
304 78348 
305 94177 
306 111765 
307 131300 
308 154402 
309 180188 
310 210561 
311 245833 
312 288942 
313 336456 
314 390263 
315 449028 
316 517475 
317 595370 
318 681316 
319 779546 
320 894355 
321 1.02033e+06 
322 1.16313e+06 
323 1.32954e+06 
324 1.51122e+06 
325 1.71836e+06 
326 1.94846e+06 
327 2.20214e+06 
328 2.49012e+06 
329 2.80991e+06 
330 3.16991e+06 
331 3.57014e+06 
332 4.01128e+06 
333 4.50817e+06 
334 5.06656e+06 
335 5.68049e+06 
336 6.39163e+06 
337 7.17754e+06 
338 8.04242e+06 
339 9.01051e+06 
340 1.00864e+07 
341 1.12745e+07 
342 1.25841e+07 
343 1.40211e+07 
344 1.56321e+07 
345 1.73966e+07 
346 1.93465e+07 
347 2.14795e+07 
348 2.38171e+07 
349 2.63725e+07 
350 2.91825e+07 
351 3.22215e+07 
352 3.55512e+07 
353 3.91332e+07 
354 4.29999e+07 
355 4.71943e+07 
356 5.16967e+07 
357 5.65373e+07 
358 6.17471e+07 
359 6.73703e+07 
360 7.33627e+07 
361 7.97736e+07 
362 8.66079e+07 
363 9.38923e+07 
364 1.01636e+08 
365 1.09867e+08 
366 1.18564e+08 
367 1.27785e+08 
368 1.37457e+08 
369 1.4762e+08 
370 1.58275e+08 
371 1.69417e+08 
372 1.81106e+08 
373 1.9332e+08 
374 2.05992e+08 
375 2.191e+08 
376 2.3261e+08 
377 2.46502e+08 
378 2.60827e+08 
379 2.75422e+08 
380 2.90351e+08 
381 3.05621e+08 
382 3.20983e+08 
383 3.36502e+08 
384 3.52073e+08 
385 3.67633e+08 
386 3.83108e+08 
387 3.98324e+08 
388 4.1337e+08 
389 4.27864e+08 
390 4.41732e+08 
391 4.54921e+08 
392 4.67415e+08 
393 4.78896e+08 
394 4.89398e+08 
395 4.98681e+08 
396 5.06755e+08 
397 5.13475e+08 
398 5.1857e+08 
399 5.22157e+08 
400 5.24093e+08 
401 5.22685e+08 
402 5.19737e+08 
403 5.15236e+08 
404 5.09022e+08 
405 5.01457e+08 
406 4.92525e+08 
407 4.82456e+08 
408 4.71374e+08 
409 4.59466e+08 
410 4.46674e+08 
411 4.3321e+08 
412 4.19102e+08 
413 4.04513e+08 
414 3.8948e+08 
415 3.74211e+08 
416 3.58789e+08 
417 3.43243e+08 
418 3.27678e+08 
419 3.1224e+08 
420 2.96893e+08 
421 2.81848e+08 
422 2.66997e+08 
423 2.52501e+08 
424 2.3837e+08 
425 2.24603e+08 
426 2.11297e+08 
427 1.98439e+08 
428 1.86024e+08 
429 1.74098e+08 
430 1.62714e+08 
431 1.51867e+08 
432 1.41471e+08 
433 1.31579e+08 
434 1.22215e+08 
435 1.13348e+08 
436 1.04971e+08 
437 9.70589e+07 
438 8.96419e+07 
439 8.26146e+07 
440 7.60389e+07 
441 6.99064e+07 
442 6.41845e+07 
443 5.88733e+07 
444 5.39677e+07 
445 4.93518e+07 
446 4.50633e+07 
447 4.10834e+07 
448 3.74342e+07 
449 3.40596e+07 
450 3.09805e+07 
451 2.81491e+07 
452 2.55475e+07 
453 2.3173e+07 
454 2.09754e+07 
455 1.89827e+07 
456 1.71589e+07 
457 1.54909e+07 
458 1.39676e+07 
459 1.25786e+07 
460 1.13211e+07 
461 1.01704e+07 
462 9.12524e+06 
463 8.16973e+06 
464 7.31466e+06 
465 6.55223e+06 
466 5.86008e+06 
467 5.2338e+06 
468 4.68275e+06 
469 4.18323e+06 
470 3.72774e+06 
471 3.32411e+06 
472 2.95439e+06 
473 2.62556e+06 
474 2.33246e+06 
475 2.07482e+06 
476 1.8443e+06 
477 1.64133e+06 
478 1.4568e+06 
479 1.29076e+06 
480 1.14026e+06 
481 1.00825e+06 
482 891681 
483 784063 
484 692755 
485 613478 
486 542040 
487 476651 
488 419188 
489 370598 
490 326822 
491 288736 
492 254069 
493 222731 
494 194933 
495 171005 
496 149754 
497 130699 
498 112672 
499 97325 
500 84294 
501 71216 
502 60922 
503 51392 
504 43383 
505 36124 
506 30579 
507 26068 
508 22567 
509 18965 
510 16303 
511 13752 
512 12007 
513 10577 
514 9370 
515 8336 
516 7852 
517 7331 
518 6454 
519 5740 
520 5088 
521 4588 
522 3796 
523 3188 
524 2716 
525 2221 
526 2024 
527 1547 
528 1296 
529 933 
530 787 
531 694 
532 656 
533 540 
534 449 
535 393 
536 261 
537 236 
538 182 
539 124 
540 89 
541 103 
542 105 
543 79 
544 82 
545 101 
546 40 
547 27 
548 20 
549 13 
550 18 
551 10 
552 0 
553 0 
554 0 
555 0 
556 0 
557 0 
558 0 
559 0 
560 0 
561 0 
562 0 
563 0 
564 0 
565 0 
566 0 
567 0 
568 0 
569 0 
570 0 
571 0 
572 0 
573 0 
574 0 
575 0 
576 0 
577 0 
578 0 
579 0 
580 0 
581 0 
582 0 
583 0 
584 0 
585 0 
586 0 
587 0 
588 0 
589 0 
590 0 
591 0 
592 0 
593 0 
594 0 
595 0 
596 0 
597 0 
598 0 
599 0 
600 0 
601 0 
602 0 
603 0 
604 0 
605 0 
606 0 
607 0 
608 0 
609 0 
610 0 
611 0 
612 0 
613 0 
614 0 
615 0 
616 0 
617 0 
618 0 
619 0 
620 0 
621 0 
622 0 
623 0 
624 0 
625 0 
626 0 
627 0 
628 0 
629 0 
630 0 
631 0 
632 0 
633 0 
634 0 
635 0 
636 0 
637 0 
638 0 
639 0 
640 0 
641 0 
642 0 
643 0 
644 0 
645 0 
646 0 
647 0 
648 0 
649 0 
650 0 
651 0 
652 0 
653 0 
654 0 
655 0 
656 0 
657 0 
658 0 
659 0 
660 0 
661 0 
662 0 
663 0 
664 0 
665 0 
666 0 
667 0 
668 0 
669 0 
670 0 
671 0 
672 0 
673 0 
674 0 
675 0 
676 0 
677 0 
678 0 
679 0 
680 0 
681 0 
682 0 
683 0 
684 0 
685 0 
686 0 
687 0 
688 0 
689 0 
690 0 
691 0 
692 0 
693 0 
694 0 
695 0 
696 0 
697 0 
698 0 
699 0 
700 0 
701 0 
702 0 
703 0 
704 0 
705 0 
706 0 
707 0 
708 0 
709 0 
710 0 
711 0 
712 0 
713 0 
714 0 
715 0 
716 0 
717 0 
718 0 
719 0 
720 0 
721 0 
722 0 
723 0 
724 0 
725 0 
726 0 
727 0 
728 0 
729 0 
730 0 
731 0 
732 0 
733 0 
734 0 
735 0 
736 0 
737 0 
738 0 
739 0 
740 0 
741 0 
742 0 
743 0 
744 0 
745 0 
746 0 
747 0 
748 0 
749 0 
750 0 
751 0 
752 0 
753 0 
754 0 
755 0 
756 0 
757 0 
758 0 
759 0 
760 0 
761 0 
762 0 
763 0 
764 0 
765 0 
766 0 
767 0 
768 0 
769 0 
770 0 
771 0 
772 0 
773 0 
774 0 
775 0 
776 0 
777 0 
778 0 
779 0 
780 0 
781 0 
782 0 
783 0 
784 0 
785 0 
786 0 
787 0 
788 0 
789 0 
790 0 
791 0 
792 0 
793 0 
794 0 
795 0 
796 0 
797 0 
798 0 
799 0 
