0 0 
1 0 
2 0 
3 0 
4 0 
5 0 
6 0 
7 0 
8 0 
9 0 
10 0 
11 0 
12 0 
13 0 
14 0 
15 0 
16 0 
17 0 
18 0 
19 0 
20 0 
21 0 
22 0 
23 0 
24 0 
25 0 
26 0 
27 0 
28 0 
29 0 
30 0 
31 0 
32 0 
33 0 
34 0 
35 0 
36 0 
37 0 
38 0 
39 0 
40 0 
41 0 
42 0 
43 0 
44 0 
45 0 
46 0 
47 0 
48 0 
49 0 
50 0 
51 0 
52 0 
53 0 
54 0 
55 0 
56 0 
57 0 
58 0 
59 0 
60 0 
61 0 
62 0 
63 0 
64 0 
65 0 
66 0 
67 0 
68 0 
69 0 
70 0 
71 0 
72 0 
73 0 
74 0 
75 0 
76 0 
77 0 
78 0 
79 0 
80 0 
81 0 
82 0 
83 0 
84 0 
85 0 
86 0 
87 0 
88 0 
89 0 
90 0 
91 0 
92 0 
93 0 
94 0 
95 0 
96 0 
97 0 
98 0 
99 0 
100 0 
101 0 
102 0 
103 0 
104 0 
105 0 
106 0 
107 0 
108 0 
109 0 
110 0 
111 0 
112 0 
113 0 
114 0 
115 0 
116 0 
117 0 
118 0 
119 0 
120 0 
121 0 
122 0 
123 0 
124 0 
125 0 
126 0 
127 0 
128 0 
129 0 
130 0 
131 0 
132 0 
133 0 
134 0 
135 0 
136 0 
137 0 
138 0 
139 0 
140 0 
141 0 
142 0 
143 0 
144 0 
145 0 
146 0 
147 0 
148 0 
149 0 
150 0 
151 0 
152 0 
153 0 
154 0 
155 0 
156 0 
157 0 
158 0 
159 0 
160 0 
161 0 
162 0 
163 0 
164 0 
165 0 
166 0 
167 0 
168 0 
169 0 
170 0 
171 0 
172 0 
173 0 
174 0 
175 0 
176 0 
177 0 
178 0 
179 0 
180 0 
181 0 
182 0 
183 0 
184 0 
185 0 
186 0 
187 0 
188 0 
189 0 
190 0 
191 0 
192 0 
193 0 
194 0 
195 6 
196 34 
197 116 
198 215 
199 534 
200 1174 
201 2238 
202 4365 
203 7005 
204 9036 
205 11435 
206 13267 
207 16075 
208 20161 
209 28525 
210 39059 
211 51617 
212 68751 
213 94223 
214 133336 
215 188422 
216 255041 
217 338718 
218 444784 
219 567160 
220 711520 
221 882256 
222 1.08906e+06 
223 1.31893e+06 
224 1.59485e+06 
225 1.92031e+06 
226 2.27683e+06 
227 2.6635e+06 
228 3.07912e+06 
229 3.51827e+06 
230 3.99129e+06 
231 4.4994e+06 
232 5.00409e+06 
233 5.51523e+06 
234 6.07221e+06 
235 6.64478e+06 
236 7.25231e+06 
237 7.83003e+06 
238 8.35364e+06 
239 8.82695e+06 
240 9.2525e+06 
241 9.65911e+06 
242 9.9619e+06 
243 1.02377e+07 
244 1.04638e+07 
245 1.05748e+07 
246 1.05893e+07 
247 1.0489e+07 
248 1.02886e+07 
249 9.97343e+06 
250 9.63083e+06 
251 9.2852e+06 
252 8.95528e+06 
253 8.65969e+06 
254 8.3796e+06 
255 8.16869e+06 
256 7.9632e+06 
257 7.7344e+06 
258 7.54798e+06 
259 7.35706e+06 
260 7.13252e+06 
261 6.87228e+06 
262 6.61057e+06 
263 6.34932e+06 
264 6.07638e+06 
265 5.80952e+06 
266 5.56889e+06 
267 5.39899e+06 
268 5.26211e+06 
269 5.16711e+06 
270 5.09185e+06 
271 5.0119e+06 
272 4.9837e+06 
273 5.03659e+06 
274 5.17412e+06 
275 5.36805e+06 
276 5.60283e+06 
277 5.86006e+06 
278 6.1341e+06 
279 6.39409e+06 
280 6.62822e+06 
281 6.87358e+06 
282 7.10914e+06 
283 7.29277e+06 
284 7.39475e+06 
285 7.44551e+06 
286 7.46573e+06 
287 7.47298e+06 
288 7.46486e+06 
289 7.46661e+06 
290 7.44214e+06 
291 7.41872e+06 
292 7.41121e+06 
293 7.38493e+06 
294 7.37412e+06 
295 7.40526e+06 
296 7.53217e+06 
297 7.74201e+06 
298 8.04399e+06 
299 8.44794e+06 
300 8.94455e+06 
301 9.50572e+06 
302 1.01244e+07 
303 1.08102e+07 
304 1.16401e+07 
305 1.26023e+07 
306 1.36153e+07 
307 1.47031e+07 
308 1.58325e+07 
309 1.69807e+07 
310 1.80983e+07 
311 1.91354e+07 
312 2.01893e+07 
313 2.13093e+07 
314 2.24339e+07 
315 2.34536e+07 
316 2.44093e+07 
317 2.53077e+07 
318 2.62263e+07 
319 2.71301e+07 
320 2.80411e+07 
321 2.90244e+07 
322 3.00397e+07 
323 3.11664e+07 
324 3.22545e+07 
325 3.33404e+07 
326 3.43855e+07 
327 3.55223e+07 
328 3.67201e+07 
329 3.78998e+07 
330 3.90267e+07 
331 4.01451e+07 
332 4.13032e+07 
333 4.24651e+07 
334 4.36197e+07 
335 4.48893e+07 
336 4.62115e+07 
337 4.75092e+07 
338 4.88365e+07 
339 5.0203e+07 
340 5.16372e+07 
341 5.30552e+07 
342 5.45309e+07 
343 5.60576e+07 
344 5.75574e+07 
345 5.89748e+07 
346 6.0224e+07 
347 6.13942e+07 
348 6.23799e+07 
349 6.31598e+07 
350 6.38371e+07 
351 6.4399e+07 
352 6.48799e+07 
353 6.5313e+07 
354 6.55795e+07 
355 6.56872e+07 
356 6.55585e+07 
357 6.52555e+07 
358 6.48693e+07 
359 6.44536e+07 
360 6.39084e+07 
361 6.33033e+07 
362 6.25895e+07 
363 6.18238e+07 
364 6.11172e+07 
365 6.03859e+07 
366 5.97832e+07 
367 5.92782e+07 
368 5.88839e+07 
369 5.86447e+07 
370 5.84892e+07 
371 5.85666e+07 
372 5.88144e+07 
373 5.93121e+07 
374 6.02048e+07 
375 6.15054e+07 
376 6.31912e+07 
377 6.52007e+07 
378 6.76015e+07 
379 7.03441e+07 
380 7.34072e+07 
381 7.66369e+07 
382 8.00267e+07 
383 8.3569e+07 
384 8.71545e+07 
385 9.07688e+07 
386 9.44728e+07 
387 9.81116e+07 
388 1.01854e+08 
389 1.05684e+08 
390 1.09621e+08 
391 1.13544e+08 
392 1.17587e+08 
393 1.21715e+08 
394 1.25962e+08 
395 1.30145e+08 
396 1.34186e+08 
397 1.37987e+08 
398 1.41489e+08 
399 1.44411e+08 
400 1.46899e+08 
401 1.4883e+08 
402 1.50396e+08 
403 1.51527e+08 
404 1.52312e+08 
405 1.5295e+08 
406 1.5353e+08 
407 1.53964e+08 
408 1.54376e+08 
409 1.54741e+08 
410 1.55047e+08 
411 1.55202e+08 
412 1.55281e+08 
413 1.55498e+08 
414 1.55618e+08 
415 1.55557e+08 
416 1.55516e+08 
417 1.55498e+08 
418 1.55516e+08 
419 1.55624e+08 
420 1.55774e+08 
421 1.56034e+08 
422 1.56251e+08 
423 1.56436e+08 
424 1.56617e+08 
425 1.56746e+08 
426 1.56866e+08 
427 1.56932e+08 
428 1.56961e+08 
429 1.56877e+08 
430 1.56802e+08 
431 1.56769e+08 
432 1.56636e+08 
433 1.56596e+08 
434 1.56637e+08 
435 1.56626e+08 
436 1.56649e+08 
437 1.56825e+08 
438 1.56738e+08 
439 1.56635e+08 
440 1.56378e+08 
441 1.55979e+08 
442 1.55458e+08 
443 1.54508e+08 
444 1.53295e+08 
445 1.51909e+08 
446 1.50248e+08 
447 1.48461e+08 
448 1.46433e+08 
449 1.44285e+08 
450 1.4199e+08 
451 1.39645e+08 
452 1.37191e+08 
453 1.34587e+08 
454 1.31939e+08 
455 1.29462e+08 
456 1.27196e+08 
457 1.25142e+08 
458 1.23434e+08 
459 1.21704e+08 
460 1.19959e+08 
461 1.18414e+08 
462 1.17061e+08 
463 1.15694e+08 
464 1.14145e+08 
465 1.12688e+08 
466 1.11442e+08 
467 1.1036e+08 
468 1.09772e+08 
469 1.09302e+08 
470 1.09168e+08 
471 1.09196e+08 
472 1.09732e+08 
473 1.1045e+08 
474 1.11257e+08 
475 1.12162e+08 
476 1.13079e+08 
477 1.1395e+08 
478 1.14804e+08 
479 1.15863e+08 
480 1.17036e+08 
481 1.18239e+08 
482 1.19454e+08 
483 1.20744e+08 
484 1.21946e+08 
485 1.22978e+08 
486 1.23935e+08 
487 1.24677e+08 
488 1.25123e+08 
489 1.25197e+08 
490 1.2498e+08 
491 1.24368e+08 
492 1.2331e+08 
493 1.21962e+08 
494 1.20456e+08 
495 1.18686e+08 
496 1.16666e+08 
497 1.14297e+08 
498 1.11794e+08 
499 1.09203e+08 
500 1.066e+08 
501 1.03842e+08 
502 1.01111e+08 
503 9.83697e+07 
504 9.55379e+07 
505 9.25679e+07 
506 8.97031e+07 
507 8.70344e+07 
508 8.44885e+07 
509 8.21637e+07 
510 8.0117e+07 
511 7.82791e+07 
512 7.66923e+07 
513 7.5315e+07 
514 7.41008e+07 
515 7.29746e+07 
516 7.19059e+07 
517 7.07664e+07 
518 6.95863e+07 
519 6.84263e+07 
520 6.73444e+07 
521 6.62878e+07 
522 6.52843e+07 
523 6.43085e+07 
524 6.33763e+07 
525 6.24687e+07 
526 6.16334e+07 
527 6.08819e+07 
528 6.0244e+07 
529 5.96838e+07 
530 5.91289e+07 
531 5.85509e+07 
532 5.81611e+07 
533 5.79055e+07 
534 5.78412e+07 
535 5.79364e+07 
536 5.81638e+07 
537 5.85116e+07 
538 5.89924e+07 
539 5.95912e+07 
540 6.02639e+07 
541 6.09991e+07 
542 6.18015e+07 
543 6.26712e+07 
544 6.34826e+07 
545 6.42559e+07 
546 6.48512e+07 
547 6.53013e+07 
548 6.54672e+07 
549 6.54215e+07 
550 6.51287e+07 
551 6.46195e+07 
552 6.39794e+07 
553 6.32458e+07 
554 6.24062e+07 
555 6.13927e+07 
556 6.01978e+07 
557 5.88752e+07 
558 5.74644e+07 
559 5.59185e+07 
560 5.43242e+07 
561 5.26766e+07 
562 5.104e+07 
563 4.94493e+07 
564 4.78531e+07 
565 4.62558e+07 
566 4.46637e+07 
567 4.32974e+07 
568 4.1996e+07 
569 4.07569e+07 
570 3.94837e+07 
571 3.81731e+07 
572 3.68847e+07 
573 3.55842e+07 
574 3.43223e+07 
575 3.31466e+07 
576 3.20176e+07 
577 3.09166e+07 
578 2.99071e+07 
579 2.89741e+07 
580 2.81006e+07 
581 2.72732e+07 
582 2.63659e+07 
583 2.5425e+07 
584 2.44254e+07 
585 2.33992e+07 
586 2.23301e+07 
587 2.11906e+07 
588 1.99645e+07 
589 1.86858e+07 
590 1.74612e+07 
591 1.62859e+07 
592 1.51996e+07 
593 1.41871e+07 
594 1.3337e+07 
595 1.25729e+07 
596 1.19488e+07 
597 1.13653e+07 
598 1.08707e+07 
599 1.0421e+07 
600 1.0036e+07 
601 9.68342e+06 
602 9.36335e+06 
603 9.07756e+06 
604 8.79788e+06 
605 8.51548e+06 
606 8.27633e+06 
607 8.09101e+06 
608 7.94246e+06 
609 7.82351e+06 
610 7.71824e+06 
611 7.64976e+06 
612 7.60491e+06 
613 7.55437e+06 
614 7.44874e+06 
615 7.26234e+06 
616 7.06966e+06 
617 6.83704e+06 
618 6.54822e+06 
619 6.25029e+06 
620 5.96663e+06 
621 5.70572e+06 
622 5.48546e+06 
623 5.32614e+06 
624 5.1818e+06 
625 5.02506e+06 
626 4.85367e+06 
627 4.67388e+06 
628 4.50054e+06 
629 4.35734e+06 
630 4.21348e+06 
631 4.09557e+06 
632 4.02649e+06 
633 3.98675e+06 
634 3.94515e+06 
635 3.89725e+06 
636 3.8333e+06 
637 3.76548e+06 
638 3.66247e+06 
639 3.54194e+06 
640 3.4302e+06 
641 3.30799e+06 
642 3.19191e+06 
643 3.06301e+06 
644 2.91553e+06 
645 2.74811e+06 
646 2.55619e+06 
647 2.34202e+06 
648 2.09798e+06 
649 1.85675e+06 
650 1.62798e+06 
651 1.40016e+06 
652 1.18434e+06 
653 989757 
654 807544 
655 642757 
656 494382 
657 365349 
658 258415 
659 178154 
660 121437 
661 81134 
662 50936 
663 31372 
664 19635 
665 12768 
666 7903 
667 4862 
668 3161 
669 2086 
670 1245 
671 486 
672 109 
673 18 
674 0 
675 0 
676 0 
677 0 
678 0 
679 0 
680 0 
681 0 
682 0 
683 0 
684 0 
685 0 
686 0 
687 0 
688 0 
689 0 
690 0 
691 0 
692 0 
693 0 
694 0 
695 0 
696 0 
697 0 
698 0 
699 0 
700 0 
701 0 
702 0 
703 0 
704 0 
705 0 
706 0 
707 0 
708 0 
709 0 
710 0 
711 0 
712 0 
713 0 
714 0 
715 0 
716 0 
717 0 
718 0 
719 0 
720 0 
721 0 
722 0 
723 0 
724 0 
725 0 
726 0 
727 0 
728 0 
729 0 
730 0 
731 0 
732 0 
733 0 
734 0 
735 0 
736 0 
737 0 
738 0 
739 0 
740 0 
741 0 
742 0 
743 0 
744 0 
745 0 
746 0 
747 0 
748 0 
749 0 
750 0 
751 0 
752 0 
753 0 
754 0 
755 0 
756 0 
757 0 
758 0 
759 0 
760 0 
761 0 
762 0 
763 0 
764 0 
765 0 
766 0 
767 0 
768 0 
769 0 
770 0 
771 0 
772 0 
773 0 
774 0 
775 0 
776 0 
777 0 
778 0 
779 0 
780 0 
781 0 
782 0 
783 0 
784 0 
785 0 
786 0 
787 0 
788 0 
789 0 
790 0 
791 0 
792 0 
793 0 
794 0 
795 0 
796 0 
797 0 
798 0 
799 0 
