0 0 
1 10011 
2 15493 
3 22875 
4 31830 
5 42124 
6 54893 
7 69063 
8 84744 
9 100651 
10 117569 
11 137423 
12 157661 
13 180550 
14 203320 
15 228940 
16 260029 
17 293280 
18 327296 
19 364081 
20 402925 
21 446105 
22 490617 
23 539304 
24 592443 
25 647764 
26 706644 
27 765122 
28 825760 
29 889517 
30 952780 
31 1.0169e+06 
32 1.08297e+06 
33 1.14956e+06 
34 1.21679e+06 
35 1.28951e+06 
36 1.3605e+06 
37 1.43477e+06 
38 1.51924e+06 
39 1.60286e+06 
40 1.68609e+06 
41 1.77738e+06 
42 1.86742e+06 
43 1.95502e+06 
44 2.04692e+06 
45 2.13766e+06 
46 2.23573e+06 
47 2.32731e+06 
48 2.42813e+06 
49 2.529e+06 
50 2.62095e+06 
51 2.72929e+06 
52 2.82962e+06 
53 2.93079e+06 
54 3.0372e+06 
55 3.14487e+06 
56 3.25982e+06 
57 3.3754e+06 
58 3.49122e+06 
59 3.62885e+06 
60 3.75279e+06 
61 3.88376e+06 
62 4.01807e+06 
63 4.15783e+06 
64 4.30897e+06 
65 4.46848e+06 
66 4.63433e+06 
67 4.79573e+06 
68 4.96156e+06 
69 5.13875e+06 
70 5.3216e+06 
71 5.50606e+06 
72 5.70245e+06 
73 5.89927e+06 
74 6.09656e+06 
75 6.30174e+06 
76 6.50873e+06 
77 6.73428e+06 
78 6.96355e+06 
79 7.19872e+06 
80 7.46096e+06 
81 7.72168e+06 
82 7.99368e+06 
83 8.26248e+06 
84 8.54917e+06 
85 8.82032e+06 
86 9.10538e+06 
87 9.3842e+06 
88 9.69125e+06 
89 1.00016e+07 
90 1.0307e+07 
91 1.06251e+07 
92 1.09527e+07 
93 1.12606e+07 
94 1.15736e+07 
95 1.18896e+07 
96 1.22194e+07 
97 1.25415e+07 
98 1.28668e+07 
99 1.3179e+07 
100 1.34883e+07 
101 1.38e+07 
102 1.41062e+07 
103 1.44063e+07 
104 1.46904e+07 
105 1.49781e+07 
106 1.52406e+07 
107 1.54732e+07 
108 1.56907e+07 
109 1.58852e+07 
110 1.60773e+07 
111 1.62529e+07 
112 1.63964e+07 
113 1.65181e+07 
114 1.66149e+07 
115 1.67239e+07 
116 1.67877e+07 
117 1.684e+07 
118 1.68719e+07 
119 1.68948e+07 
120 1.68919e+07 
121 1.69122e+07 
122 1.68871e+07 
123 1.68393e+07 
124 1.67804e+07 
125 1.66865e+07 
126 1.65756e+07 
127 1.64435e+07 
128 1.63041e+07 
129 1.61442e+07 
130 1.59584e+07 
131 1.57873e+07 
132 1.55998e+07 
133 1.54041e+07 
134 1.51758e+07 
135 1.49545e+07 
136 1.47356e+07 
137 1.4516e+07 
138 1.42787e+07 
139 1.4032e+07 
140 1.37906e+07 
141 1.3537e+07 
142 1.32774e+07 
143 1.30247e+07 
144 1.27934e+07 
145 1.25526e+07 
146 1.23011e+07 
147 1.20782e+07 
148 1.18475e+07 
149 1.16297e+07 
150 1.14117e+07 
151 1.12081e+07 
152 1.1019e+07 
153 1.08406e+07 
154 1.06655e+07 
155 1.051e+07 
156 1.03695e+07 
157 1.0233e+07 
158 1.01056e+07 
159 9.99715e+06 
160 9.90139e+06 
161 9.82467e+06 
162 9.76998e+06 
163 9.73116e+06 
164 9.68988e+06 
165 9.67628e+06 
166 9.69564e+06 
167 9.71937e+06 
168 9.76856e+06 
169 9.82769e+06 
170 9.91894e+06 
171 1.0008e+07 
172 1.01165e+07 
173 1.02351e+07 
174 1.0367e+07 
175 1.0506e+07 
176 1.06588e+07 
177 1.08278e+07 
178 1.10053e+07 
179 1.11961e+07 
180 1.13923e+07 
181 1.16078e+07 
182 1.18122e+07 
183 1.20138e+07 
184 1.22029e+07 
185 1.24085e+07 
186 1.26075e+07 
187 1.28003e+07 
188 1.29956e+07 
189 1.31826e+07 
190 1.3397e+07 
191 1.35754e+07 
192 1.37478e+07 
193 1.39235e+07 
194 1.4089e+07 
195 1.42581e+07 
196 1.44233e+07 
197 1.45704e+07 
198 1.47168e+07 
199 1.48578e+07 
200 1.49939e+07 
201 1.51215e+07 
202 1.52421e+07 
203 1.53727e+07 
204 1.55138e+07 
205 1.56561e+07 
206 1.57863e+07 
207 1.59061e+07 
208 1.60266e+07 
209 1.61251e+07 
210 1.62459e+07 
211 1.63334e+07 
212 1.64552e+07 
213 1.6518e+07 
214 1.66393e+07 
215 1.67469e+07 
216 1.68356e+07 
217 1.69393e+07 
218 1.70331e+07 
219 1.71309e+07 
220 1.72198e+07 
221 1.72944e+07 
222 1.73692e+07 
223 1.74395e+07 
224 1.75121e+07 
225 1.75776e+07 
226 1.76343e+07 
227 1.7687e+07 
228 1.77384e+07 
229 1.77751e+07 
230 1.78098e+07 
231 1.78404e+07 
232 1.78508e+07 
233 1.7857e+07 
234 1.78673e+07 
235 1.78596e+07 
236 1.78353e+07 
237 1.7809e+07 
238 1.78055e+07 
239 1.77947e+07 
240 1.77736e+07 
241 1.77409e+07 
242 1.77058e+07 
243 1.76754e+07 
244 1.7664e+07 
245 1.76212e+07 
246 1.75939e+07 
247 1.7565e+07 
248 1.75615e+07 
249 1.75377e+07 
250 1.7523e+07 
251 1.75024e+07 
252 1.7469e+07 
253 1.74242e+07 
254 1.73875e+07 
255 1.73312e+07 
256 1.72639e+07 
257 1.71871e+07 
258 1.70964e+07 
259 1.70235e+07 
260 1.69192e+07 
261 1.68169e+07 
262 1.66958e+07 
263 1.6579e+07 
264 1.64702e+07 
265 1.63424e+07 
266 1.62313e+07 
267 1.60873e+07 
268 1.59368e+07 
269 1.57961e+07 
270 1.56701e+07 
271 1.55416e+07 
272 1.53915e+07 
273 1.52325e+07 
274 1.50729e+07 
275 1.49063e+07 
276 1.47577e+07 
277 1.4594e+07 
278 1.44635e+07 
279 1.43094e+07 
280 1.41724e+07 
281 1.40331e+07 
282 1.38887e+07 
283 1.37406e+07 
284 1.36071e+07 
285 1.34435e+07 
286 1.32893e+07 
287 1.31664e+07 
288 1.30382e+07 
289 1.29157e+07 
290 1.28099e+07 
291 1.27126e+07 
292 1.26186e+07 
293 1.25194e+07 
294 1.24404e+07 
295 1.23537e+07 
296 1.22861e+07 
297 1.22246e+07 
298 1.2167e+07 
299 1.20954e+07 
300 1.2057e+07 
301 1.20139e+07 
302 1.19879e+07 
303 1.19659e+07 
304 1.19687e+07 
305 1.19855e+07 
306 1.19839e+07 
307 1.19924e+07 
308 1.19834e+07 
309 1.20112e+07 
310 1.2049e+07 
311 1.20866e+07 
312 1.21359e+07 
313 1.21861e+07 
314 1.22588e+07 
315 1.23483e+07 
316 1.24416e+07 
317 1.25188e+07 
318 1.2589e+07 
319 1.26704e+07 
320 1.27633e+07 
321 1.28328e+07 
322 1.29164e+07 
323 1.29879e+07 
324 1.30833e+07 
325 1.31598e+07 
326 1.3245e+07 
327 1.33436e+07 
328 1.34167e+07 
329 1.34838e+07 
330 1.35531e+07 
331 1.36343e+07 
332 1.37125e+07 
333 1.37903e+07 
334 1.38809e+07 
335 1.39692e+07 
336 1.40655e+07 
337 1.41639e+07 
338 1.42817e+07 
339 1.44052e+07 
340 1.45252e+07 
341 1.46523e+07 
342 1.47914e+07 
343 1.49418e+07 
344 1.50946e+07 
345 1.528e+07 
346 1.54644e+07 
347 1.56537e+07 
348 1.58422e+07 
349 1.60339e+07 
350 1.62183e+07 
351 1.64222e+07 
352 1.66318e+07 
353 1.68277e+07 
354 1.70691e+07 
355 1.7317e+07 
356 1.75919e+07 
357 1.7881e+07 
358 1.81913e+07 
359 1.85482e+07 
360 1.88977e+07 
361 1.92433e+07 
362 1.963e+07 
363 2.0031e+07 
364 2.04559e+07 
365 2.09027e+07 
366 2.13638e+07 
367 2.1846e+07 
368 2.23546e+07 
369 2.29102e+07 
370 2.34906e+07 
371 2.40909e+07 
372 2.47663e+07 
373 2.54631e+07 
374 2.61961e+07 
375 2.69693e+07 
376 2.77748e+07 
377 2.86154e+07 
378 2.94669e+07 
379 3.03352e+07 
380 3.12318e+07 
381 3.21516e+07 
382 3.30904e+07 
383 3.40811e+07 
384 3.50699e+07 
385 3.60885e+07 
386 3.71258e+07 
387 3.81766e+07 
388 3.92583e+07 
389 4.03582e+07 
390 4.15036e+07 
391 4.26937e+07 
392 4.38823e+07 
393 4.51165e+07 
394 4.63641e+07 
395 4.7606e+07 
396 4.88592e+07 
397 5.01317e+07 
398 5.14644e+07 
399 5.27815e+07 
400 5.40905e+07 
401 5.54285e+07 
402 5.67711e+07 
403 5.81299e+07 
404 5.946e+07 
405 6.07982e+07 
406 6.21705e+07 
407 6.35185e+07 
408 6.48416e+07 
409 6.6205e+07 
410 6.75733e+07 
411 6.89039e+07 
412 7.02405e+07 
413 7.1548e+07 
414 7.28542e+07 
415 7.41515e+07 
416 7.5464e+07 
417 7.67161e+07 
418 7.8031e+07 
419 7.9291e+07 
420 8.05614e+07 
421 8.17884e+07 
422 8.29733e+07 
423 8.41472e+07 
424 8.52821e+07 
425 8.63718e+07 
426 8.74967e+07 
427 8.85362e+07 
428 8.95446e+07 
429 9.04768e+07 
430 9.13727e+07 
431 9.22218e+07 
432 9.31005e+07 
433 9.39324e+07 
434 9.46643e+07 
435 9.53338e+07 
436 9.59737e+07 
437 9.65841e+07 
438 9.71163e+07 
439 9.75732e+07 
440 9.80271e+07 
441 9.8371e+07 
442 9.86371e+07 
443 9.88587e+07 
444 9.90724e+07 
445 9.92798e+07 
446 9.94789e+07 
447 9.97118e+07 
448 9.99176e+07 
449 1.00114e+08 
450 1.00317e+08 
451 1.00467e+08 
452 1.00617e+08 
453 1.0074e+08 
454 1.00923e+08 
455 1.01043e+08 
456 1.01199e+08 
457 1.01305e+08 
458 1.01413e+08 
459 1.01554e+08 
460 1.01722e+08 
461 1.01819e+08 
462 1.0202e+08 
463 1.02158e+08 
464 1.02269e+08 
465 1.02429e+08 
466 1.02605e+08 
467 1.02709e+08 
468 1.02785e+08 
469 1.02882e+08 
470 1.02911e+08 
471 1.0297e+08 
472 1.03001e+08 
473 1.02959e+08 
474 1.02866e+08 
475 1.02787e+08 
476 1.0271e+08 
477 1.02622e+08 
478 1.02542e+08 
479 1.02443e+08 
480 1.02281e+08 
481 1.01997e+08 
482 1.01698e+08 
483 1.01409e+08 
484 1.0106e+08 
485 1.0069e+08 
486 1.00362e+08 
487 9.99327e+07 
488 9.95921e+07 
489 9.91848e+07 
490 9.8763e+07 
491 9.83324e+07 
492 9.79165e+07 
493 9.74971e+07 
494 9.69982e+07 
495 9.64988e+07 
496 9.59317e+07 
497 9.53939e+07 
498 9.48222e+07 
499 9.41476e+07 
500 9.34809e+07 
501 9.28012e+07 
502 9.20962e+07 
503 9.13458e+07 
504 9.0586e+07 
505 8.98854e+07 
506 8.91677e+07 
507 8.84673e+07 
508 8.77862e+07 
509 8.71674e+07 
510 8.65646e+07 
511 8.59413e+07 
512 8.53762e+07 
513 8.4818e+07 
514 8.42851e+07 
515 8.37594e+07 
516 8.32503e+07 
517 8.27513e+07 
518 8.22458e+07 
519 8.17423e+07 
520 8.12778e+07 
521 8.08265e+07 
522 8.03987e+07 
523 8.00239e+07 
524 7.96749e+07 
525 7.93209e+07 
526 7.9002e+07 
527 7.87283e+07 
528 7.84704e+07 
529 7.82731e+07 
530 7.80708e+07 
531 7.79067e+07 
532 7.77645e+07 
533 7.76357e+07 
534 7.75181e+07 
535 7.74069e+07 
536 7.73127e+07 
537 7.71956e+07 
538 7.70309e+07 
539 7.68669e+07 
540 7.66979e+07 
541 7.65024e+07 
542 7.62428e+07 
543 7.59914e+07 
544 7.57161e+07 
545 7.54399e+07 
546 7.51373e+07 
547 7.48935e+07 
548 7.45552e+07 
549 7.41971e+07 
550 7.38826e+07 
551 7.35141e+07 
552 7.31835e+07 
553 7.28209e+07 
554 7.24575e+07 
555 7.20753e+07 
556 7.17059e+07 
557 7.13419e+07 
558 7.09037e+07 
559 7.05147e+07 
560 7.00993e+07 
561 6.97026e+07 
562 6.92318e+07 
563 6.87395e+07 
564 6.82975e+07 
565 6.78881e+07 
566 6.74747e+07 
567 6.70264e+07 
568 6.65335e+07 
569 6.60573e+07 
570 6.55601e+07 
571 6.50656e+07 
572 6.45336e+07 
573 6.4004e+07 
574 6.34885e+07 
575 6.29678e+07 
576 6.24855e+07 
577 6.19804e+07 
578 6.15009e+07 
579 6.10583e+07 
580 6.05865e+07 
581 6.01155e+07 
582 5.96589e+07 
583 5.91758e+07 
584 5.86514e+07 
585 5.81132e+07 
586 5.75647e+07 
587 5.69891e+07 
588 5.64377e+07 
589 5.5858e+07 
590 5.53218e+07 
591 5.47543e+07 
592 5.41968e+07 
593 5.36539e+07 
594 5.31081e+07 
595 5.25497e+07 
596 5.20032e+07 
597 5.14808e+07 
598 5.0952e+07 
599 5.0408e+07 
600 4.98545e+07 
601 4.93151e+07 
602 4.87452e+07 
603 4.81908e+07 
604 4.76419e+07 
605 4.7143e+07 
606 4.66604e+07 
607 4.61552e+07 
608 4.56409e+07 
609 4.51649e+07 
610 4.46844e+07 
611 4.41929e+07 
612 4.36725e+07 
613 4.31002e+07 
614 4.25705e+07 
615 4.1975e+07 
616 4.14177e+07 
617 4.08416e+07 
618 4.0266e+07 
619 3.96655e+07 
620 3.90692e+07 
621 3.84798e+07 
622 3.79112e+07 
623 3.72984e+07 
624 3.67591e+07 
625 3.61729e+07 
626 3.56226e+07 
627 3.51111e+07 
628 3.46306e+07 
629 3.4132e+07 
630 3.36407e+07 
631 3.31533e+07 
632 3.26965e+07 
633 3.22262e+07 
634 3.17516e+07 
635 3.13204e+07 
636 3.08845e+07 
637 3.04867e+07 
638 3.00517e+07 
639 2.96144e+07 
640 2.92096e+07 
641 2.88073e+07 
642 2.84258e+07 
643 2.80052e+07 
644 2.76054e+07 
645 2.72192e+07 
646 2.6816e+07 
647 2.64314e+07 
648 2.60757e+07 
649 2.56957e+07 
650 2.52956e+07 
651 2.4882e+07 
652 2.44661e+07 
653 2.40595e+07 
654 2.36554e+07 
655 2.32364e+07 
656 2.28041e+07 
657 2.23992e+07 
658 2.19713e+07 
659 2.15604e+07 
660 2.11766e+07 
661 2.08071e+07 
662 2.04527e+07 
663 2.01098e+07 
664 1.97678e+07 
665 1.94533e+07 
666 1.91537e+07 
667 1.88613e+07 
668 1.86036e+07 
669 1.83454e+07 
670 1.81083e+07 
671 1.78858e+07 
672 1.76928e+07 
673 1.749e+07 
674 1.73185e+07 
675 1.71344e+07 
676 1.69906e+07 
677 1.68678e+07 
678 1.67273e+07 
679 1.66186e+07 
680 1.65281e+07 
681 1.64652e+07 
682 1.64095e+07 
683 1.63635e+07 
684 1.63222e+07 
685 1.63021e+07 
686 1.62666e+07 
687 1.6233e+07 
688 1.61841e+07 
689 1.61687e+07 
690 1.61528e+07 
691 1.61424e+07 
692 1.61466e+07 
693 1.61521e+07 
694 1.61773e+07 
695 1.62161e+07 
696 1.62458e+07 
697 1.62733e+07 
698 1.63125e+07 
699 1.63596e+07 
700 1.63929e+07 
701 1.64361e+07 
702 1.64654e+07 
703 1.64985e+07 
704 1.65302e+07 
705 1.65688e+07 
706 1.66043e+07 
707 1.66236e+07 
708 1.66408e+07 
709 1.66531e+07 
710 1.66673e+07 
711 1.66816e+07 
712 1.66859e+07 
713 1.66796e+07 
714 1.66921e+07 
715 1.6692e+07 
716 1.67038e+07 
717 1.66922e+07 
718 1.66832e+07 
719 1.66732e+07 
720 1.66629e+07 
721 1.66371e+07 
722 1.66105e+07 
723 1.65752e+07 
724 1.65217e+07 
725 1.64489e+07 
726 1.63821e+07 
727 1.62952e+07 
728 1.61896e+07 
729 1.60724e+07 
730 1.59113e+07 
731 1.57575e+07 
732 1.55824e+07 
733 1.54032e+07 
734 1.52046e+07 
735 1.49823e+07 
736 1.47255e+07 
737 1.44707e+07 
738 1.41977e+07 
739 1.39036e+07 
740 1.35974e+07 
741 1.32792e+07 
742 1.29688e+07 
743 1.26422e+07 
744 1.23166e+07 
745 1.19955e+07 
746 1.16818e+07 
747 1.13389e+07 
748 1.10234e+07 
749 1.07122e+07 
750 1.04016e+07 
751 1.00742e+07 
752 9.76993e+06 
753 9.45111e+06 
754 9.12878e+06 
755 8.80004e+06 
756 8.48464e+06 
757 8.17082e+06 
758 7.86518e+06 
759 7.59004e+06 
760 7.29224e+06 
761 6.99542e+06 
762 6.7073e+06 
763 6.43273e+06 
764 6.15838e+06 
765 5.89673e+06 
766 5.63049e+06 
767 5.3668e+06 
768 5.10428e+06 
769 4.85785e+06 
770 4.61622e+06 
771 4.38416e+06 
772 4.15342e+06 
773 3.92335e+06 
774 3.71325e+06 
775 3.50664e+06 
776 3.29814e+06 
777 3.10534e+06 
778 2.91601e+06 
779 2.74184e+06 
780 2.57194e+06 
781 2.39695e+06 
782 2.22589e+06 
783 2.05282e+06 
784 1.89022e+06 
785 1.72662e+06 
786 1.56714e+06 
787 1.41269e+06 
788 1.26338e+06 
789 1.11942e+06 
790 980486 
791 847553 
792 726810 
793 608074 
794 499504 
795 401323 
796 310424 
797 229596 
798 161142 
799 102187 
