0 0 
1 0 
2 0 
3 0 
4 0 
5 0 
6 0 
7 0 
8 0 
9 0 
10 0 
11 0 
12 0 
13 0 
14 0 
15 0 
16 0 
17 0 
18 0 
19 0 
20 0 
21 0 
22 0 
23 0 
24 0 
25 0 
26 0 
27 0 
28 0 
29 0 
30 0 
31 0 
32 0 
33 0 
34 0 
35 0 
36 0 
37 0 
38 0 
39 0 
40 0 
41 0 
42 0 
43 0 
44 0 
45 0 
46 0 
47 0 
48 0 
49 0 
50 0 
51 0 
52 0 
53 0 
54 0 
55 0 
56 0 
57 0 
58 0 
59 0 
60 0 
61 0 
62 0 
63 0 
64 0 
65 0 
66 0 
67 0 
68 0 
69 0 
70 0 
71 0 
72 0 
73 0 
74 0 
75 0 
76 0 
77 0 
78 0 
79 0 
80 0 
81 0 
82 0 
83 0 
84 0 
85 0 
86 0 
87 0 
88 0 
89 0 
90 0 
91 0 
92 0 
93 0 
94 0 
95 0 
96 0 
97 0 
98 0 
99 0 
100 0 
101 0 
102 0 
103 0 
104 0 
105 0 
106 0 
107 0 
108 0 
109 0 
110 0 
111 0 
112 0 
113 0 
114 0 
115 0 
116 0 
117 0 
118 0 
119 0 
120 0 
121 0 
122 0 
123 0 
124 0 
125 0 
126 0 
127 0 
128 0 
129 0 
130 0 
131 0 
132 0 
133 0 
134 0 
135 0 
136 0 
137 0 
138 0 
139 0 
140 0 
141 0 
142 0 
143 0 
144 0 
145 0 
146 0 
147 0 
148 0 
149 0 
150 0 
151 0 
152 0 
153 0 
154 0 
155 0 
156 0 
157 0 
158 0 
159 0 
160 0 
161 0 
162 0 
163 0 
164 3 
165 3 
166 20 
167 63 
168 81 
169 126 
170 201 
171 287 
172 357 
173 495 
174 641 
175 829 
176 1023 
177 1410 
178 1875 
179 2382 
180 3195 
181 4048 
182 4853 
183 5970 
184 6791 
185 7626 
186 8765 
187 9655 
188 10634 
189 12087 
190 14235 
191 16357 
192 18320 
193 20648 
194 23618 
195 26039 
196 29040 
197 32999 
198 36268 
199 40412 
200 43921 
201 49900 
202 54652 
203 59075 
204 65323 
205 71545 
206 78778 
207 87131 
208 96406 
209 105616 
210 115983 
211 127431 
212 138001 
213 149458 
214 160215 
215 173561 
216 187196 
217 201177 
218 217871 
219 234402 
220 253712 
221 272655 
222 295379 
223 315632 
224 338036 
225 364364 
226 389808 
227 416305 
228 446805 
229 476543 
230 506957 
231 540302 
232 576070 
233 609249 
234 643348 
235 681344 
236 721811 
237 758731 
238 800473 
239 843354 
240 884261 
241 923821 
242 969232 
243 1.01637e+06 
244 1.05552e+06 
245 1.1032e+06 
246 1.15294e+06 
247 1.20731e+06 
248 1.26092e+06 
249 1.31949e+06 
250 1.37632e+06 
251 1.44097e+06 
252 1.50077e+06 
253 1.56838e+06 
254 1.63328e+06 
255 1.70615e+06 
256 1.77972e+06 
257 1.86092e+06 
258 1.93797e+06 
259 2.02201e+06 
260 2.10597e+06 
261 2.19139e+06 
262 2.27918e+06 
263 2.36781e+06 
264 2.45401e+06 
265 2.55362e+06 
266 2.65678e+06 
267 2.76662e+06 
268 2.88384e+06 
269 2.99685e+06 
270 3.13155e+06 
271 3.27168e+06 
272 3.41154e+06 
273 3.56311e+06 
274 3.71626e+06 
275 3.88292e+06 
276 4.05992e+06 
277 4.23721e+06 
278 4.43379e+06 
279 4.64565e+06 
280 4.86749e+06 
281 5.09368e+06 
282 5.34088e+06 
283 5.59784e+06 
284 5.86864e+06 
285 6.1573e+06 
286 6.44522e+06 
287 6.74456e+06 
288 7.06984e+06 
289 7.41258e+06 
290 7.7669e+06 
291 8.14476e+06 
292 8.53494e+06 
293 8.94775e+06 
294 9.38528e+06 
295 9.85858e+06 
296 1.03447e+07 
297 1.08517e+07 
298 1.13898e+07 
299 1.19521e+07 
300 1.25262e+07 
301 1.31492e+07 
302 1.37943e+07 
303 1.44803e+07 
304 1.52019e+07 
305 1.59625e+07 
306 1.6756e+07 
307 1.75926e+07 
308 1.84781e+07 
309 1.9411e+07 
310 2.03628e+07 
311 2.13994e+07 
312 2.24548e+07 
313 2.35885e+07 
314 2.4742e+07 
315 2.59568e+07 
316 2.72698e+07 
317 2.86181e+07 
318 3.00231e+07 
319 3.14921e+07 
320 3.30437e+07 
321 3.4623e+07 
322 3.6289e+07 
323 3.80247e+07 
324 3.98557e+07 
325 4.17554e+07 
326 4.37214e+07 
327 4.57442e+07 
328 4.78517e+07 
329 5.0038e+07 
330 5.22985e+07 
331 5.46498e+07 
332 5.70515e+07 
333 5.95497e+07 
334 6.21648e+07 
335 6.48698e+07 
336 6.76135e+07 
337 7.05038e+07 
338 7.34646e+07 
339 7.65095e+07 
340 7.96404e+07 
341 8.28742e+07 
342 8.61893e+07 
343 8.96264e+07 
344 9.31164e+07 
345 9.6743e+07 
346 1.00459e+08 
347 1.04245e+08 
348 1.08075e+08 
349 1.12064e+08 
350 1.16052e+08 
351 1.201e+08 
352 1.24203e+08 
353 1.28395e+08 
354 1.32623e+08 
355 1.3691e+08 
356 1.41275e+08 
357 1.45728e+08 
358 1.50255e+08 
359 1.54765e+08 
360 1.5929e+08 
361 1.63858e+08 
362 1.68509e+08 
363 1.73195e+08 
364 1.77872e+08 
365 1.82612e+08 
366 1.8737e+08 
367 1.92134e+08 
368 1.96959e+08 
369 2.01764e+08 
370 2.06479e+08 
371 2.11157e+08 
372 2.15762e+08 
373 2.20313e+08 
374 2.24834e+08 
375 2.29233e+08 
376 2.33515e+08 
377 2.37717e+08 
378 2.41845e+08 
379 2.45859e+08 
380 2.49734e+08 
381 2.53492e+08 
382 2.57056e+08 
383 2.60514e+08 
384 2.63761e+08 
385 2.66819e+08 
386 2.69734e+08 
387 2.72429e+08 
388 2.74962e+08 
389 2.7721e+08 
390 2.79253e+08 
391 2.81118e+08 
392 2.8277e+08 
393 2.84128e+08 
394 2.8533e+08 
395 2.86246e+08 
396 2.86822e+08 
397 2.87137e+08 
398 2.87201e+08 
399 2.86991e+08 
400 2.86486e+08 
401 2.85481e+08 
402 2.84177e+08 
403 2.82522e+08 
404 2.80732e+08 
405 2.78715e+08 
406 2.76382e+08 
407 2.73809e+08 
408 2.71116e+08 
409 2.68141e+08 
410 2.65082e+08 
411 2.61765e+08 
412 2.58266e+08 
413 2.54619e+08 
414 2.50889e+08 
415 2.46976e+08 
416 2.42963e+08 
417 2.38862e+08 
418 2.34611e+08 
419 2.30317e+08 
420 2.25945e+08 
421 2.21442e+08 
422 2.16845e+08 
423 2.12171e+08 
424 2.07518e+08 
425 2.02789e+08 
426 1.98024e+08 
427 1.93231e+08 
428 1.88497e+08 
429 1.83721e+08 
430 1.7892e+08 
431 1.74149e+08 
432 1.69324e+08 
433 1.64556e+08 
434 1.59824e+08 
435 1.55183e+08 
436 1.50635e+08 
437 1.46125e+08 
438 1.41621e+08 
439 1.37172e+08 
440 1.32747e+08 
441 1.28369e+08 
442 1.24078e+08 
443 1.19789e+08 
444 1.15593e+08 
445 1.11476e+08 
446 1.07377e+08 
447 1.03403e+08 
448 9.95106e+07 
449 9.56739e+07 
450 9.19253e+07 
451 8.83068e+07 
452 8.477e+07 
453 8.13463e+07 
454 7.80265e+07 
455 7.47796e+07 
456 7.1627e+07 
457 6.85114e+07 
458 6.5555e+07 
459 6.26979e+07 
460 5.99526e+07 
461 5.72606e+07 
462 5.47088e+07 
463 5.22167e+07 
464 4.98244e+07 
465 4.7564e+07 
466 4.53688e+07 
467 4.32703e+07 
468 4.12621e+07 
469 3.93431e+07 
470 3.75076e+07 
471 3.57428e+07 
472 3.4045e+07 
473 3.24547e+07 
474 3.09003e+07 
475 2.93948e+07 
476 2.79693e+07 
477 2.65767e+07 
478 2.52361e+07 
479 2.3953e+07 
480 2.27321e+07 
481 2.15281e+07 
482 2.03914e+07 
483 1.93241e+07 
484 1.82838e+07 
485 1.72944e+07 
486 1.63779e+07 
487 1.54581e+07 
488 1.46164e+07 
489 1.38101e+07 
490 1.30522e+07 
491 1.23352e+07 
492 1.16733e+07 
493 1.10282e+07 
494 1.0425e+07 
495 9.85899e+06 
496 9.32988e+06 
497 8.82993e+06 
498 8.3588e+06 
499 7.90978e+06 
500 7.47538e+06 
501 7.07125e+06 
502 6.69346e+06 
503 6.3279e+06 
504 5.98478e+06 
505 5.66086e+06 
506 5.35226e+06 
507 5.05562e+06 
508 4.78205e+06 
509 4.5175e+06 
510 4.26202e+06 
511 4.02648e+06 
512 3.80276e+06 
513 3.59795e+06 
514 3.39524e+06 
515 3.19944e+06 
516 3.01786e+06 
517 2.84034e+06 
518 2.665e+06 
519 2.50782e+06 
520 2.35996e+06 
521 2.2166e+06 
522 2.08219e+06 
523 1.95054e+06 
524 1.82478e+06 
525 1.70583e+06 
526 1.59802e+06 
527 1.49247e+06 
528 1.39314e+06 
529 1.30106e+06 
530 1.21562e+06 
531 1.1336e+06 
532 1.05843e+06 
533 989634 
534 922848 
535 864621 
536 806952 
537 751964 
538 698698 
539 649538 
540 604295 
541 559495 
542 513091 
543 471801 
544 432825 
545 399036 
546 364476 
547 333004 
548 301167 
549 273571 
550 246806 
551 225496 
552 202362 
553 184068 
554 167240 
555 154885 
556 143385 
557 133283 
558 122542 
559 111916 
560 102502 
561 93427 
562 86891 
563 81330 
564 75641 
565 70496 
566 64836 
567 60030 
568 54210 
569 49598 
570 44527 
571 39729 
572 35702 
573 31655 
574 28021 
575 24986 
576 21944 
577 19855 
578 17595 
579 16184 
580 14424 
581 12720 
582 11332 
583 9904 
584 8941 
585 8179 
586 7626 
587 6906 
588 6369 
589 5857 
590 5288 
591 5017 
592 4660 
593 4146 
594 3580 
595 2980 
596 2473 
597 1950 
598 1630 
599 1364 
600 1069 
601 961 
602 777 
603 567 
604 438 
605 365 
606 294 
607 259 
608 247 
609 153 
610 173 
611 89 
612 45 
613 26 
614 20 
615 7 
616 6 
617 6 
618 1 
619 3 
620 0 
621 0 
622 0 
623 0 
624 0 
625 0 
626 0 
627 0 
628 0 
629 0 
630 0 
631 0 
632 0 
633 0 
634 0 
635 0 
636 0 
637 0 
638 0 
639 0 
640 0 
641 0 
642 0 
643 0 
644 0 
645 0 
646 0 
647 0 
648 0 
649 0 
650 0 
651 0 
652 0 
653 0 
654 0 
655 0 
656 0 
657 0 
658 0 
659 0 
660 0 
661 0 
662 0 
663 0 
664 0 
665 0 
666 0 
667 0 
668 0 
669 0 
670 0 
671 0 
672 0 
673 0 
674 0 
675 0 
676 0 
677 0 
678 0 
679 0 
680 0 
681 0 
682 0 
683 0 
684 0 
685 0 
686 0 
687 0 
688 0 
689 0 
690 0 
691 0 
692 0 
693 0 
694 0 
695 0 
696 0 
697 0 
698 0 
699 0 
700 0 
701 0 
702 0 
703 0 
704 0 
705 0 
706 0 
707 0 
708 0 
709 0 
710 0 
711 0 
712 0 
713 0 
714 0 
715 0 
716 0 
717 0 
718 0 
719 0 
720 0 
721 0 
722 0 
723 0 
724 0 
725 0 
726 0 
727 0 
728 0 
729 0 
730 0 
731 0 
732 0 
733 0 
734 0 
735 0 
736 0 
737 0 
738 0 
739 0 
740 0 
741 0 
742 0 
743 0 
744 0 
745 0 
746 0 
747 0 
748 0 
749 0 
750 0 
751 0 
752 0 
753 0 
754 0 
755 0 
756 0 
757 0 
758 0 
759 0 
760 0 
761 0 
762 0 
763 0 
764 0 
765 0 
766 0 
767 0 
768 0 
769 0 
770 0 
771 0 
772 0 
773 0 
774 0 
775 0 
776 0 
777 0 
778 0 
779 0 
780 0 
781 0 
782 0 
783 0 
784 0 
785 0 
786 0 
787 0 
788 0 
789 0 
790 0 
791 0 
792 0 
793 0 
794 0 
795 0 
796 0 
797 0 
798 0 
799 0 
