0 0 
1 0 
2 0 
3 0 
4 0 
5 0 
6 0 
7 0 
8 0 
9 0 
10 0 
11 0 
12 0 
13 0 
14 0 
15 0 
16 0 
17 0 
18 0 
19 0 
20 0 
21 0 
22 0 
23 0 
24 0 
25 0 
26 0 
27 0 
28 0 
29 0 
30 0 
31 0 
32 0 
33 0 
34 0 
35 0 
36 0 
37 0 
38 0 
39 0 
40 0 
41 0 
42 0 
43 0 
44 0 
45 0 
46 0 
47 0 
48 0 
49 0 
50 0 
51 0 
52 0 
53 0 
54 0 
55 0 
56 0 
57 0 
58 0 
59 0 
60 0 
61 0 
62 0 
63 0 
64 0 
65 0 
66 0 
67 0 
68 0 
69 0 
70 0 
71 0 
72 0 
73 0 
74 0 
75 0 
76 0 
77 0 
78 0 
79 0 
80 0 
81 0 
82 0 
83 0 
84 0 
85 0 
86 0 
87 0 
88 0 
89 0 
90 0 
91 0 
92 0 
93 0 
94 0 
95 0 
96 0 
97 0 
98 0 
99 0 
100 0 
101 0 
102 0 
103 0 
104 0 
105 0 
106 0 
107 0 
108 0 
109 0 
110 0 
111 0 
112 0 
113 0 
114 0 
115 0 
116 0 
117 0 
118 0 
119 0 
120 0 
121 0 
122 0 
123 0 
124 0 
125 0 
126 0 
127 0 
128 0 
129 0 
130 0 
131 0 
132 0 
133 0 
134 0 
135 0 
136 0 
137 0 
138 0 
139 0 
140 0 
141 0 
142 0 
143 0 
144 0 
145 0 
146 0 
147 0 
148 0 
149 0 
150 0 
151 0 
152 0 
153 0 
154 0 
155 0 
156 0 
157 0 
158 0 
159 0 
160 0 
161 0 
162 0 
163 0 
164 0 
165 0 
166 0 
167 0 
168 0 
169 0 
170 0 
171 0 
172 0 
173 0 
174 0 
175 0 
176 0 
177 0 
178 0 
179 0 
180 0 
181 0 
182 0 
183 0 
184 0 
185 0 
186 0 
187 0 
188 0 
189 0 
190 0 
191 0 
192 0 
193 0 
194 0 
195 0 
196 0 
197 0 
198 0 
199 3 
200 8 
201 7 
202 14 
203 36 
204 59 
205 142 
206 211 
207 348 
208 443 
209 599 
210 881 
211 1210 
212 1767 
213 2439 
214 2713 
215 3346 
216 4099 
217 4875 
218 5426 
219 6349 
220 6950 
221 7990 
222 9182 
223 10732 
224 12706 
225 14885 
226 16543 
227 18297 
228 20225 
229 22597 
230 25536 
231 29089 
232 32204 
233 36042 
234 40454 
235 45420 
236 51098 
237 57558 
238 66204 
239 73797 
240 81967 
241 90882 
242 101949 
243 114618 
244 126593 
245 139641 
246 153327 
247 167943 
248 185896 
249 207564 
250 229643 
251 255269 
252 279781 
253 306994 
254 335379 
255 361216 
256 389889 
257 419735 
258 452459 
259 484352 
260 516358 
261 553771 
262 592233 
263 631564 
264 674721 
265 718971 
266 764471 
267 813831 
268 860988 
269 911681 
270 965260 
271 1.02591e+06 
272 1.0945e+06 
273 1.16301e+06 
274 1.23583e+06 
275 1.31475e+06 
276 1.4057e+06 
277 1.5128e+06 
278 1.62475e+06 
279 1.7482e+06 
280 1.87772e+06 
281 2.0173e+06 
282 2.17026e+06 
283 2.33757e+06 
284 2.524e+06 
285 2.71788e+06 
286 2.93425e+06 
287 3.16654e+06 
288 3.4187e+06 
289 3.69998e+06 
290 3.99114e+06 
291 4.31188e+06 
292 4.66033e+06 
293 5.0359e+06 
294 5.44799e+06 
295 5.88621e+06 
296 6.34546e+06 
297 6.82722e+06 
298 7.34809e+06 
299 7.89302e+06 
300 8.46614e+06 
301 9.06812e+06 
302 9.70498e+06 
303 1.03909e+07 
304 1.11325e+07 
305 1.18973e+07 
306 1.27187e+07 
307 1.36106e+07 
308 1.45564e+07 
309 1.55498e+07 
310 1.6576e+07 
311 1.76583e+07 
312 1.87708e+07 
313 1.99357e+07 
314 2.11501e+07 
315 2.24027e+07 
316 2.36916e+07 
317 2.5056e+07 
318 2.64659e+07 
319 2.79282e+07 
320 2.94703e+07 
321 3.10311e+07 
322 3.26597e+07 
323 3.43343e+07 
324 3.60699e+07 
325 3.7866e+07 
326 3.97086e+07 
327 4.16518e+07 
328 4.36356e+07 
329 4.5728e+07 
330 4.78515e+07 
331 5.01158e+07 
332 5.2422e+07 
333 5.48558e+07 
334 5.73866e+07 
335 6.00713e+07 
336 6.28596e+07 
337 6.57309e+07 
338 6.86876e+07 
339 7.17984e+07 
340 7.5002e+07 
341 7.83405e+07 
342 8.17837e+07 
343 8.53326e+07 
344 8.89872e+07 
345 9.27797e+07 
346 9.66751e+07 
347 1.00734e+08 
348 1.04865e+08 
349 1.09065e+08 
350 1.13313e+08 
351 1.17653e+08 
352 1.2215e+08 
353 1.267e+08 
354 1.31312e+08 
355 1.3602e+08 
356 1.40844e+08 
357 1.45636e+08 
358 1.50558e+08 
359 1.55467e+08 
360 1.60423e+08 
361 1.65397e+08 
362 1.70485e+08 
363 1.75527e+08 
364 1.80547e+08 
365 1.85627e+08 
366 1.90758e+08 
367 1.959e+08 
368 2.01117e+08 
369 2.06274e+08 
370 2.11383e+08 
371 2.1648e+08 
372 2.21576e+08 
373 2.26532e+08 
374 2.31482e+08 
375 2.36336e+08 
376 2.41116e+08 
377 2.45778e+08 
378 2.50329e+08 
379 2.5481e+08 
380 2.59197e+08 
381 2.63489e+08 
382 2.67614e+08 
383 2.71542e+08 
384 2.75389e+08 
385 2.78949e+08 
386 2.82357e+08 
387 2.85573e+08 
388 2.8855e+08 
389 2.91225e+08 
390 2.93726e+08 
391 2.9591e+08 
392 2.97698e+08 
393 2.99311e+08 
394 3.00646e+08 
395 3.01644e+08 
396 3.02338e+08 
397 3.02772e+08 
398 3.02893e+08 
399 3.02596e+08 
400 3.01913e+08 
401 3.00685e+08 
402 2.99119e+08 
403 2.97146e+08 
404 2.94897e+08 
405 2.92284e+08 
406 2.89357e+08 
407 2.86139e+08 
408 2.82629e+08 
409 2.78901e+08 
410 2.74877e+08 
411 2.7061e+08 
412 2.6616e+08 
413 2.61563e+08 
414 2.56773e+08 
415 2.51744e+08 
416 2.4668e+08 
417 2.41502e+08 
418 2.36327e+08 
419 2.31062e+08 
420 2.2583e+08 
421 2.20485e+08 
422 2.15271e+08 
423 2.09961e+08 
424 2.04688e+08 
425 1.99411e+08 
426 1.94138e+08 
427 1.88829e+08 
428 1.83576e+08 
429 1.78328e+08 
430 1.73121e+08 
431 1.68015e+08 
432 1.62963e+08 
433 1.57942e+08 
434 1.53053e+08 
435 1.48231e+08 
436 1.43448e+08 
437 1.38787e+08 
438 1.34201e+08 
439 1.29743e+08 
440 1.25391e+08 
441 1.21124e+08 
442 1.1694e+08 
443 1.1282e+08 
444 1.08821e+08 
445 1.04856e+08 
446 1.00969e+08 
447 9.71648e+07 
448 9.34424e+07 
449 8.98197e+07 
450 8.62653e+07 
451 8.28469e+07 
452 7.95488e+07 
453 7.63157e+07 
454 7.32029e+07 
455 7.01957e+07 
456 6.72942e+07 
457 6.44735e+07 
458 6.17111e+07 
459 5.90488e+07 
460 5.64472e+07 
461 5.39299e+07 
462 5.14816e+07 
463 4.91215e+07 
464 4.68109e+07 
465 4.4582e+07 
466 4.24456e+07 
467 4.03944e+07 
468 3.84084e+07 
469 3.65098e+07 
470 3.46925e+07 
471 3.29241e+07 
472 3.12411e+07 
473 2.96135e+07 
474 2.80688e+07 
475 2.65806e+07 
476 2.52134e+07 
477 2.38916e+07 
478 2.26383e+07 
479 2.1459e+07 
480 2.0334e+07 
481 1.92849e+07 
482 1.82968e+07 
483 1.73429e+07 
484 1.64472e+07 
485 1.55997e+07 
486 1.48153e+07 
487 1.40637e+07 
488 1.3378e+07 
489 1.2765e+07 
490 1.2196e+07 
491 1.16422e+07 
492 1.11276e+07 
493 1.06526e+07 
494 1.0195e+07 
495 9.78006e+06 
496 9.3869e+06 
497 9.02811e+06 
498 8.69316e+06 
499 8.39746e+06 
500 8.11354e+06 
501 7.84494e+06 
502 7.58393e+06 
503 7.33439e+06 
504 7.10552e+06 
505 6.8794e+06 
506 6.66191e+06 
507 6.45714e+06 
508 6.25627e+06 
509 6.06669e+06 
510 5.87861e+06 
511 5.68923e+06 
512 5.50436e+06 
513 5.33962e+06 
514 5.16954e+06 
515 5.01578e+06 
516 4.86423e+06 
517 4.71505e+06 
518 4.5796e+06 
519 4.43957e+06 
520 4.29593e+06 
521 4.17568e+06 
522 4.05685e+06 
523 3.94882e+06 
524 3.83816e+06 
525 3.73997e+06 
526 3.64139e+06 
527 3.53014e+06 
528 3.41436e+06 
529 3.30063e+06 
530 3.18426e+06 
531 3.07248e+06 
532 2.95628e+06 
533 2.84086e+06 
534 2.72433e+06 
535 2.6047e+06 
536 2.49748e+06 
537 2.3972e+06 
538 2.2966e+06 
539 2.20816e+06 
540 2.1088e+06 
541 2.01486e+06 
542 1.9318e+06 
543 1.85302e+06 
544 1.76648e+06 
545 1.69117e+06 
546 1.60313e+06 
547 1.51939e+06 
548 1.44488e+06 
549 1.37673e+06 
550 1.30464e+06 
551 1.23311e+06 
552 1.16367e+06 
553 1.10059e+06 
554 1.03619e+06 
555 973696 
556 907255 
557 845159 
558 788598 
559 733120 
560 682928 
561 633405 
562 586347 
563 546372 
564 502958 
565 469799 
566 434572 
567 405313 
568 375470 
569 348017 
570 319101 
571 292341 
572 269922 
573 244546 
574 224804 
575 208438 
576 192651 
577 176729 
578 162071 
579 149278 
580 136104 
581 125574 
582 112277 
583 100871 
584 89870 
585 79130 
586 69988 
587 62132 
588 55918 
589 49614 
590 43877 
591 37319 
592 32346 
593 28654 
594 25620 
595 23443 
596 20516 
597 18094 
598 15512 
599 13489 
600 11283 
601 9529 
602 7799 
603 6583 
604 5380 
605 4112 
606 3042 
607 2648 
608 2157 
609 1639 
610 1175 
611 728 
612 508 
613 397 
614 278 
615 162 
616 83 
617 50 
618 12 
619 12 
620 8 
621 1 
622 0 
623 0 
624 0 
625 0 
626 0 
627 0 
628 0 
629 0 
630 0 
631 0 
632 0 
633 0 
634 0 
635 0 
636 0 
637 0 
638 0 
639 0 
640 0 
641 0 
642 0 
643 0 
644 0 
645 0 
646 0 
647 0 
648 0 
649 0 
650 0 
651 0 
652 0 
653 0 
654 0 
655 0 
656 0 
657 0 
658 0 
659 0 
660 0 
661 0 
662 0 
663 0 
664 0 
665 0 
666 0 
667 0 
668 0 
669 0 
670 0 
671 0 
672 0 
673 0 
674 0 
675 0 
676 0 
677 0 
678 0 
679 0 
680 0 
681 0 
682 0 
683 0 
684 0 
685 0 
686 0 
687 0 
688 0 
689 0 
690 0 
691 0 
692 0 
693 0 
694 0 
695 0 
696 0 
697 0 
698 0 
699 0 
700 0 
701 0 
702 0 
703 0 
704 0 
705 0 
706 0 
707 0 
708 0 
709 0 
710 0 
711 0 
712 0 
713 0 
714 0 
715 0 
716 0 
717 0 
718 0 
719 0 
720 0 
721 0 
722 0 
723 0 
724 0 
725 0 
726 0 
727 0 
728 0 
729 0 
730 0 
731 0 
732 0 
733 0 
734 0 
735 0 
736 0 
737 0 
738 0 
739 0 
740 0 
741 0 
742 0 
743 0 
744 0 
745 0 
746 0 
747 0 
748 0 
749 0 
750 0 
751 0 
752 0 
753 0 
754 0 
755 0 
756 0 
757 0 
758 0 
759 0 
760 0 
761 0 
762 0 
763 0 
764 0 
765 0 
766 0 
767 0 
768 0 
769 0 
770 0 
771 0 
772 0 
773 0 
774 0 
775 0 
776 0 
777 0 
778 0 
779 0 
780 0 
781 0 
782 0 
783 0 
784 0 
785 0 
786 0 
787 0 
788 0 
789 0 
790 0 
791 0 
792 0 
793 0 
794 0 
795 0 
796 0 
797 0 
798 0 
799 0 
