0 0 
1 0 
2 0 
3 0 
4 0 
5 0 
6 0 
7 0 
8 0 
9 0 
10 0 
11 0 
12 0 
13 0 
14 0 
15 0 
16 0 
17 0 
18 0 
19 0 
20 0 
21 0 
22 0 
23 0 
24 0 
25 0 
26 0 
27 0 
28 0 
29 0 
30 0 
31 0 
32 0 
33 0 
34 0 
35 0 
36 0 
37 0 
38 0 
39 0 
40 0 
41 0 
42 0 
43 0 
44 0 
45 0 
46 0 
47 0 
48 0 
49 0 
50 0 
51 0 
52 0 
53 0 
54 0 
55 0 
56 0 
57 0 
58 0 
59 0 
60 0 
61 0 
62 0 
63 0 
64 0 
65 0 
66 0 
67 0 
68 0 
69 0 
70 0 
71 0 
72 0 
73 0 
74 0 
75 0 
76 0 
77 0 
78 0 
79 0 
80 0 
81 0 
82 0 
83 0 
84 0 
85 0 
86 0 
87 0 
88 0 
89 0 
90 0 
91 0 
92 0 
93 0 
94 0 
95 0 
96 0 
97 0 
98 0 
99 0 
100 0 
101 0 
102 0 
103 0 
104 0 
105 0 
106 0 
107 0 
108 0 
109 0 
110 0 
111 0 
112 0 
113 0 
114 0 
115 0 
116 0 
117 0 
118 0 
119 0 
120 0 
121 0 
122 0 
123 0 
124 0 
125 0 
126 0 
127 0 
128 0 
129 0 
130 0 
131 0 
132 0 
133 0 
134 0 
135 0 
136 0 
137 0 
138 0 
139 0 
140 0 
141 0 
142 0 
143 0 
144 0 
145 0 
146 0 
147 0 
148 0 
149 0 
150 0 
151 0 
152 0 
153 0 
154 0 
155 0 
156 0 
157 0 
158 0 
159 0 
160 0 
161 0 
162 0 
163 0 
164 0 
165 0 
166 0 
167 0 
168 0 
169 0 
170 0 
171 0 
172 0 
173 0 
174 0 
175 0 
176 0 
177 0 
178 0 
179 0 
180 0 
181 0 
182 0 
183 0 
184 0 
185 0 
186 0 
187 0 
188 0 
189 0 
190 0 
191 0 
192 0 
193 0 
194 0 
195 0 
196 0 
197 0 
198 0 
199 0 
200 0 
201 2 
202 5 
203 21 
204 33 
205 51 
206 123 
207 264 
208 510 
209 746 
210 1122 
211 1446 
212 1948 
213 2507 
214 3052 
215 3634 
216 4384 
217 5191 
218 5941 
219 6965 
220 7749 
221 8636 
222 9816 
223 10832 
224 11811 
225 13642 
226 16033 
227 18973 
228 21549 
229 24869 
230 27958 
231 31751 
232 36781 
233 41362 
234 46390 
235 52288 
236 57308 
237 63740 
238 71082 
239 77744 
240 86271 
241 92954 
242 102297 
243 112517 
244 123317 
245 135492 
246 148878 
247 164350 
248 182558 
249 199236 
250 217504 
251 238265 
252 260399 
253 286538 
254 312810 
255 342860 
256 372447 
257 404776 
258 442596 
259 483749 
260 526645 
261 575263 
262 629009 
263 683026 
264 747130 
265 819473 
266 893536 
267 974353 
268 1.0642e+06 
269 1.17064e+06 
270 1.27995e+06 
271 1.39414e+06 
272 1.51766e+06 
273 1.6461e+06 
274 1.78225e+06 
275 1.93512e+06 
276 2.09896e+06 
277 2.27654e+06 
278 2.46366e+06 
279 2.66528e+06 
280 2.87777e+06 
281 3.10205e+06 
282 3.32596e+06 
283 3.57046e+06 
284 3.81827e+06 
285 4.07061e+06 
286 4.35058e+06 
287 4.6388e+06 
288 4.9439e+06 
289 5.27014e+06 
290 5.60525e+06 
291 5.95367e+06 
292 6.31372e+06 
293 6.69474e+06 
294 7.08884e+06 
295 7.50522e+06 
296 7.94085e+06 
297 8.39169e+06 
298 8.87593e+06 
299 9.37678e+06 
300 9.90289e+06 
301 1.04545e+07 
302 1.10387e+07 
303 1.16489e+07 
304 1.22816e+07 
305 1.29339e+07 
306 1.36337e+07 
307 1.43643e+07 
308 1.51272e+07 
309 1.59426e+07 
310 1.67695e+07 
311 1.76331e+07 
312 1.85283e+07 
313 1.94753e+07 
314 2.04475e+07 
315 2.14706e+07 
316 2.25378e+07 
317 2.36647e+07 
318 2.48589e+07 
319 2.60915e+07 
320 2.73884e+07 
321 2.87012e+07 
322 3.00936e+07 
323 3.15305e+07 
324 3.30347e+07 
325 3.46168e+07 
326 3.62599e+07 
327 3.7999e+07 
328 3.9812e+07 
329 4.1681e+07 
330 4.36485e+07 
331 4.57112e+07 
332 4.7861e+07 
333 5.01305e+07 
334 5.24417e+07 
335 5.48502e+07 
336 5.73425e+07 
337 5.99258e+07 
338 6.25623e+07 
339 6.53402e+07 
340 6.8173e+07 
341 7.10907e+07 
342 7.41144e+07 
343 7.72203e+07 
344 8.0415e+07 
345 8.36927e+07 
346 8.71234e+07 
347 9.06643e+07 
348 9.4277e+07 
349 9.79815e+07 
350 1.01734e+08 
351 1.05678e+08 
352 1.09632e+08 
353 1.13707e+08 
354 1.17854e+08 
355 1.22077e+08 
356 1.2635e+08 
357 1.30684e+08 
358 1.35016e+08 
359 1.39462e+08 
360 1.43958e+08 
361 1.4851e+08 
362 1.53057e+08 
363 1.57599e+08 
364 1.62162e+08 
365 1.66841e+08 
366 1.71455e+08 
367 1.76182e+08 
368 1.80963e+08 
369 1.8583e+08 
370 1.90627e+08 
371 1.95458e+08 
372 2.00264e+08 
373 2.05069e+08 
374 2.0986e+08 
375 2.14655e+08 
376 2.19387e+08 
377 2.24026e+08 
378 2.2861e+08 
379 2.33074e+08 
380 2.37331e+08 
381 2.41549e+08 
382 2.45636e+08 
383 2.49501e+08 
384 2.53184e+08 
385 2.56724e+08 
386 2.60159e+08 
387 2.63395e+08 
388 2.66425e+08 
389 2.69259e+08 
390 2.7188e+08 
391 2.74312e+08 
392 2.76497e+08 
393 2.78385e+08 
394 2.80065e+08 
395 2.81508e+08 
396 2.82675e+08 
397 2.83594e+08 
398 2.84142e+08 
399 2.8436e+08 
400 2.84287e+08 
401 2.83794e+08 
402 2.82954e+08 
403 2.81825e+08 
404 2.8054e+08 
405 2.78982e+08 
406 2.77132e+08 
407 2.74929e+08 
408 2.72648e+08 
409 2.70042e+08 
410 2.67314e+08 
411 2.64207e+08 
412 2.60924e+08 
413 2.57507e+08 
414 2.53912e+08 
415 2.50208e+08 
416 2.46294e+08 
417 2.42304e+08 
418 2.38264e+08 
419 2.34062e+08 
420 2.29741e+08 
421 2.25349e+08 
422 2.20886e+08 
423 2.1635e+08 
424 2.11777e+08 
425 2.07141e+08 
426 2.02485e+08 
427 1.97916e+08 
428 1.93278e+08 
429 1.88598e+08 
430 1.83999e+08 
431 1.79489e+08 
432 1.74995e+08 
433 1.70556e+08 
434 1.66118e+08 
435 1.61711e+08 
436 1.57414e+08 
437 1.53169e+08 
438 1.48984e+08 
439 1.44894e+08 
440 1.40878e+08 
441 1.3696e+08 
442 1.33114e+08 
443 1.29381e+08 
444 1.25745e+08 
445 1.22213e+08 
446 1.1875e+08 
447 1.15347e+08 
448 1.12023e+08 
449 1.08718e+08 
450 1.05643e+08 
451 1.02571e+08 
452 9.96971e+07 
453 9.69058e+07 
454 9.42086e+07 
455 9.16049e+07 
456 8.90325e+07 
457 8.64821e+07 
458 8.39817e+07 
459 8.15696e+07 
460 7.91447e+07 
461 7.67853e+07 
462 7.44666e+07 
463 7.22078e+07 
464 6.99213e+07 
465 6.77148e+07 
466 6.55291e+07 
467 6.3397e+07 
468 6.13107e+07 
469 5.92578e+07 
470 5.72029e+07 
471 5.52393e+07 
472 5.33183e+07 
473 5.14457e+07 
474 4.95968e+07 
475 4.77441e+07 
476 4.59598e+07 
477 4.41593e+07 
478 4.23816e+07 
479 4.06295e+07 
480 3.89223e+07 
481 3.72511e+07 
482 3.56045e+07 
483 3.39906e+07 
484 3.24211e+07 
485 3.08902e+07 
486 2.94261e+07 
487 2.8007e+07 
488 2.66404e+07 
489 2.53426e+07 
490 2.40932e+07 
491 2.28924e+07 
492 2.17569e+07 
493 2.066e+07 
494 1.96036e+07 
495 1.85944e+07 
496 1.75907e+07 
497 1.66478e+07 
498 1.5747e+07 
499 1.48925e+07 
500 1.40421e+07 
501 1.32236e+07 
502 1.24776e+07 
503 1.17444e+07 
504 1.1058e+07 
505 1.03856e+07 
506 9.7504e+06 
507 9.14265e+06 
508 8.54291e+06 
509 7.98852e+06 
510 7.47099e+06 
511 6.97777e+06 
512 6.49693e+06 
513 6.03998e+06 
514 5.62139e+06 
515 5.21867e+06 
516 4.8361e+06 
517 4.47981e+06 
518 4.13851e+06 
519 3.82273e+06 
520 3.51804e+06 
521 3.22775e+06 
522 2.95161e+06 
523 2.69416e+06 
524 2.45084e+06 
525 2.22731e+06 
526 2.02034e+06 
527 1.82974e+06 
528 1.65159e+06 
529 1.48664e+06 
530 1.33728e+06 
531 1.20157e+06 
532 1.07381e+06 
533 958634 
534 850272 
535 752366 
536 662977 
537 581435 
538 511762 
539 448155 
540 395780 
541 345618 
542 300944 
543 261881 
544 224707 
545 192001 
546 167067 
547 143916 
548 124184 
549 106735 
550 93422 
551 80023 
552 67344 
553 57365 
554 47862 
555 38996 
556 32105 
557 25877 
558 20961 
559 17518 
560 14391 
561 11337 
562 8855 
563 7335 
564 5800 
565 4260 
566 3477 
567 2517 
568 2069 
569 1350 
570 924 
571 664 
572 445 
573 270 
574 208 
575 122 
576 118 
577 70 
578 52 
579 28 
580 3 
581 0 
582 0 
583 0 
584 0 
585 0 
586 0 
587 0 
588 0 
589 0 
590 0 
591 0 
592 0 
593 0 
594 0 
595 0 
596 0 
597 0 
598 0 
599 0 
600 0 
601 0 
602 0 
603 0 
604 0 
605 0 
606 0 
607 0 
608 0 
609 0 
610 0 
611 0 
612 0 
613 0 
614 0 
615 0 
616 0 
617 0 
618 0 
619 0 
620 0 
621 0 
622 0 
623 0 
624 0 
625 0 
626 0 
627 0 
628 0 
629 0 
630 0 
631 0 
632 0 
633 0 
634 0 
635 0 
636 0 
637 0 
638 0 
639 0 
640 0 
641 0 
642 0 
643 0 
644 0 
645 0 
646 0 
647 0 
648 0 
649 0 
650 0 
651 0 
652 0 
653 0 
654 0 
655 0 
656 0 
657 0 
658 0 
659 0 
660 0 
661 0 
662 0 
663 0 
664 0 
665 0 
666 0 
667 0 
668 0 
669 0 
670 0 
671 0 
672 0 
673 0 
674 0 
675 0 
676 0 
677 0 
678 0 
679 0 
680 0 
681 0 
682 0 
683 0 
684 0 
685 0 
686 0 
687 0 
688 0 
689 0 
690 0 
691 0 
692 0 
693 0 
694 0 
695 0 
696 0 
697 0 
698 0 
699 0 
700 0 
701 0 
702 0 
703 0 
704 0 
705 0 
706 0 
707 0 
708 0 
709 0 
710 0 
711 0 
712 0 
713 0 
714 0 
715 0 
716 0 
717 0 
718 0 
719 0 
720 0 
721 0 
722 0 
723 0 
724 0 
725 0 
726 0 
727 0 
728 0 
729 0 
730 0 
731 0 
732 0 
733 0 
734 0 
735 0 
736 0 
737 0 
738 0 
739 0 
740 0 
741 0 
742 0 
743 0 
744 0 
745 0 
746 0 
747 0 
748 0 
749 0 
750 0 
751 0 
752 0 
753 0 
754 0 
755 0 
756 0 
757 0 
758 0 
759 0 
760 0 
761 0 
762 0 
763 0 
764 0 
765 0 
766 0 
767 0 
768 0 
769 0 
770 0 
771 0 
772 0 
773 0 
774 0 
775 0 
776 0 
777 0 
778 0 
779 0 
780 0 
781 0 
782 0 
783 0 
784 0 
785 0 
786 0 
787 0 
788 0 
789 0 
790 0 
791 0 
792 0 
793 0 
794 0 
795 0 
796 0 
797 0 
798 0 
799 0 
