0 0 
1 112183 
2 159110 
3 217416 
4 289593 
5 365934 
6 451418 
7 544082 
8 645322 
9 756829 
10 878498 
11 1.009e+06 
12 1.14229e+06 
13 1.28819e+06 
14 1.43879e+06 
15 1.60019e+06 
16 1.77393e+06 
17 1.95815e+06 
18 2.15049e+06 
19 2.35528e+06 
20 2.56965e+06 
21 2.78758e+06 
22 3.00863e+06 
23 3.2392e+06 
24 3.48424e+06 
25 3.74236e+06 
26 3.99309e+06 
27 4.26494e+06 
28 4.54499e+06 
29 4.83672e+06 
30 5.13988e+06 
31 5.45519e+06 
32 5.78786e+06 
33 6.11606e+06 
34 6.47546e+06 
35 6.8417e+06 
36 7.20899e+06 
37 7.58566e+06 
38 7.96015e+06 
39 8.36012e+06 
40 8.76758e+06 
41 9.17982e+06 
42 9.60657e+06 
43 1.0037e+07 
44 1.04969e+07 
45 1.09519e+07 
46 1.14275e+07 
47 1.18915e+07 
48 1.23725e+07 
49 1.28623e+07 
50 1.33665e+07 
51 1.38815e+07 
52 1.44073e+07 
53 1.49643e+07 
54 1.55244e+07 
55 1.60961e+07 
56 1.66688e+07 
57 1.72585e+07 
58 1.78758e+07 
59 1.84697e+07 
60 1.90593e+07 
61 1.96576e+07 
62 2.02507e+07 
63 2.08545e+07 
64 2.14736e+07 
65 2.20695e+07 
66 2.26701e+07 
67 2.32489e+07 
68 2.38501e+07 
69 2.44099e+07 
70 2.49956e+07 
71 2.55853e+07 
72 2.61659e+07 
73 2.67477e+07 
74 2.73532e+07 
75 2.79562e+07 
76 2.85761e+07 
77 2.91839e+07 
78 2.97933e+07 
79 3.03889e+07 
80 3.09947e+07 
81 3.15799e+07 
82 3.21609e+07 
83 3.27104e+07 
84 3.32831e+07 
85 3.38542e+07 
86 3.44135e+07 
87 3.49729e+07 
88 3.54955e+07 
89 3.60248e+07 
90 3.65262e+07 
91 3.70133e+07 
92 3.74826e+07 
93 3.79626e+07 
94 3.84023e+07 
95 3.88233e+07 
96 3.92397e+07 
97 3.96209e+07 
98 3.99886e+07 
99 4.03173e+07 
100 4.06613e+07 
101 4.10099e+07 
102 4.13216e+07 
103 4.16041e+07 
104 4.1877e+07 
105 4.21516e+07 
106 4.23744e+07 
107 4.25787e+07 
108 4.28017e+07 
109 4.2999e+07 
110 4.31924e+07 
111 4.342e+07 
112 4.35512e+07 
113 4.36996e+07 
114 4.38417e+07 
115 4.39621e+07 
116 4.40891e+07 
117 4.41924e+07 
118 4.42312e+07 
119 4.42678e+07 
120 4.43203e+07 
121 4.43136e+07 
122 4.43143e+07 
123 4.4327e+07 
124 4.43339e+07 
125 4.43312e+07 
126 4.4286e+07 
127 4.42306e+07 
128 4.41628e+07 
129 4.41069e+07 
130 4.40338e+07 
131 4.39429e+07 
132 4.38363e+07 
133 4.3744e+07 
134 4.36148e+07 
135 4.34674e+07 
136 4.3314e+07 
137 4.31528e+07 
138 4.30347e+07 
139 4.28833e+07 
140 4.27087e+07 
141 4.25586e+07 
142 4.23859e+07 
143 4.22242e+07 
144 4.20567e+07 
145 4.18511e+07 
146 4.16712e+07 
147 4.14966e+07 
148 4.12877e+07 
149 4.11052e+07 
150 4.08889e+07 
151 4.06882e+07 
152 4.04849e+07 
153 4.02507e+07 
154 4.00179e+07 
155 3.9817e+07 
156 3.95662e+07 
157 3.93226e+07 
158 3.90718e+07 
159 3.8828e+07 
160 3.8597e+07 
161 3.83353e+07 
162 3.80624e+07 
163 3.78037e+07 
164 3.75536e+07 
165 3.72672e+07 
166 3.70218e+07 
167 3.6775e+07 
168 3.65621e+07 
169 3.63723e+07 
170 3.61796e+07 
171 3.60121e+07 
172 3.5845e+07 
173 3.56815e+07 
174 3.55291e+07 
175 3.54149e+07 
176 3.52652e+07 
177 3.51455e+07 
178 3.50416e+07 
179 3.49133e+07 
180 3.478e+07 
181 3.46445e+07 
182 3.45122e+07 
183 3.43901e+07 
184 3.42784e+07 
185 3.41476e+07 
186 3.40471e+07 
187 3.39349e+07 
188 3.38025e+07 
189 3.36279e+07 
190 3.34414e+07 
191 3.32384e+07 
192 3.3049e+07 
193 3.28497e+07 
194 3.26273e+07 
195 3.23985e+07 
196 3.21582e+07 
197 3.1923e+07 
198 3.16691e+07 
199 3.14192e+07 
200 3.11593e+07 
201 3.092e+07 
202 3.06742e+07 
203 3.04211e+07 
204 3.01489e+07 
205 2.98977e+07 
206 2.96078e+07 
207 2.93501e+07 
208 2.90959e+07 
209 2.88207e+07 
210 2.85482e+07 
211 2.82842e+07 
212 2.8047e+07 
213 2.77878e+07 
214 2.75553e+07 
215 2.73158e+07 
216 2.70661e+07 
217 2.68261e+07 
218 2.65688e+07 
219 2.63006e+07 
220 2.60427e+07 
221 2.58099e+07 
222 2.55969e+07 
223 2.53737e+07 
224 2.51717e+07 
225 2.49824e+07 
226 2.48077e+07 
227 2.46376e+07 
228 2.44857e+07 
229 2.4364e+07 
230 2.42434e+07 
231 2.41174e+07 
232 2.40204e+07 
233 2.3951e+07 
234 2.39023e+07 
235 2.38724e+07 
236 2.38531e+07 
237 2.38464e+07 
238 2.38515e+07 
239 2.38682e+07 
240 2.39171e+07 
241 2.3938e+07 
242 2.39594e+07 
243 2.39907e+07 
244 2.4036e+07 
245 2.40921e+07 
246 2.41701e+07 
247 2.42373e+07 
248 2.43161e+07 
249 2.44312e+07 
250 2.45383e+07 
251 2.46658e+07 
252 2.48017e+07 
253 2.49315e+07 
254 2.50887e+07 
255 2.52481e+07 
256 2.54097e+07 
257 2.55526e+07 
258 2.57292e+07 
259 2.59118e+07 
260 2.60976e+07 
261 2.63056e+07 
262 2.65187e+07 
263 2.67419e+07 
264 2.69807e+07 
265 2.72125e+07 
266 2.74297e+07 
267 2.76692e+07 
268 2.79027e+07 
269 2.81496e+07 
270 2.83857e+07 
271 2.86336e+07 
272 2.88892e+07 
273 2.91134e+07 
274 2.93514e+07 
275 2.96208e+07 
276 2.98736e+07 
277 3.01276e+07 
278 3.03894e+07 
279 3.06424e+07 
280 3.09038e+07 
281 3.11546e+07 
282 3.1421e+07 
283 3.16744e+07 
284 3.19291e+07 
285 3.21661e+07 
286 3.24076e+07 
287 3.26642e+07 
288 3.29001e+07 
289 3.31268e+07 
290 3.33643e+07 
291 3.36461e+07 
292 3.3908e+07 
293 3.4162e+07 
294 3.44288e+07 
295 3.47457e+07 
296 3.50772e+07 
297 3.53833e+07 
298 3.57513e+07 
299 3.60667e+07 
300 3.63763e+07 
301 3.66867e+07 
302 3.70098e+07 
303 3.73513e+07 
304 3.76898e+07 
305 3.80014e+07 
306 3.82757e+07 
307 3.85579e+07 
308 3.8856e+07 
309 3.91289e+07 
310 3.94012e+07 
311 3.96377e+07 
312 3.98728e+07 
313 4.0124e+07 
314 4.03648e+07 
315 4.05426e+07 
316 4.07231e+07 
317 4.08713e+07 
318 4.10026e+07 
319 4.11316e+07 
320 4.12382e+07 
321 4.12918e+07 
322 4.13604e+07 
323 4.14177e+07 
324 4.14361e+07 
325 4.14345e+07 
326 4.14326e+07 
327 4.1402e+07 
328 4.13759e+07 
329 4.13239e+07 
330 4.12392e+07 
331 4.11713e+07 
332 4.10768e+07 
333 4.09934e+07 
334 4.09263e+07 
335 4.08232e+07 
336 4.07453e+07 
337 4.06477e+07 
338 4.05694e+07 
339 4.04869e+07 
340 4.04015e+07 
341 4.0301e+07 
342 4.02171e+07 
343 4.01121e+07 
344 4.0007e+07 
345 3.99787e+07 
346 3.99377e+07 
347 3.98993e+07 
348 3.9882e+07 
349 3.98725e+07 
350 3.98812e+07 
351 3.98716e+07 
352 3.98986e+07 
353 3.99073e+07 
354 3.99368e+07 
355 3.99701e+07 
356 4.0022e+07 
357 4.00937e+07 
358 4.01523e+07 
359 4.02042e+07 
360 4.02929e+07 
361 4.03675e+07 
362 4.04747e+07 
363 4.05644e+07 
364 4.06867e+07 
365 4.08025e+07 
366 4.09371e+07 
367 4.10766e+07 
368 4.12131e+07 
369 4.13603e+07 
370 4.15308e+07 
371 4.17199e+07 
372 4.18746e+07 
373 4.20322e+07 
374 4.22421e+07 
375 4.24674e+07 
376 4.26848e+07 
377 4.2938e+07 
378 4.3207e+07 
379 4.3514e+07 
380 4.38466e+07 
381 4.41725e+07 
382 4.45257e+07 
383 4.48971e+07 
384 4.52981e+07 
385 4.57417e+07 
386 4.62209e+07 
387 4.66883e+07 
388 4.71611e+07 
389 4.76706e+07 
390 4.81832e+07 
391 4.86854e+07 
392 4.91941e+07 
393 4.97249e+07 
394 5.02163e+07 
395 5.07319e+07 
396 5.1242e+07 
397 5.17466e+07 
398 5.22472e+07 
399 5.27425e+07 
400 5.3222e+07 
401 5.37561e+07 
402 5.42963e+07 
403 5.48666e+07 
404 5.54152e+07 
405 5.59864e+07 
406 5.654e+07 
407 5.70978e+07 
408 5.765e+07 
409 5.82444e+07 
410 5.87977e+07 
411 5.93678e+07 
412 5.99385e+07 
413 6.04927e+07 
414 6.11072e+07 
415 6.17271e+07 
416 6.23416e+07 
417 6.29384e+07 
418 6.35511e+07 
419 6.41571e+07 
420 6.47398e+07 
421 6.52845e+07 
422 6.58195e+07 
423 6.63466e+07 
424 6.68564e+07 
425 6.73444e+07 
426 6.78082e+07 
427 6.82463e+07 
428 6.86982e+07 
429 6.9113e+07 
430 6.9554e+07 
431 6.99077e+07 
432 7.02786e+07 
433 7.06201e+07 
434 7.0948e+07 
435 7.1267e+07 
436 7.15479e+07 
437 7.17988e+07 
438 7.20417e+07 
439 7.22565e+07 
440 7.24472e+07 
441 7.26226e+07 
442 7.27669e+07 
443 7.28917e+07 
444 7.29997e+07 
445 7.30622e+07 
446 7.30817e+07 
447 7.31112e+07 
448 7.30989e+07 
449 7.30937e+07 
450 7.30536e+07 
451 7.29677e+07 
452 7.28794e+07 
453 7.26928e+07 
454 7.25143e+07 
455 7.23135e+07 
456 7.21076e+07 
457 7.19018e+07 
458 7.16589e+07 
459 7.13762e+07 
460 7.1084e+07 
461 7.07237e+07 
462 7.03702e+07 
463 6.99841e+07 
464 6.96123e+07 
465 6.9235e+07 
466 6.88376e+07 
467 6.84132e+07 
468 6.79481e+07 
469 6.74595e+07 
470 6.69411e+07 
471 6.64139e+07 
472 6.58331e+07 
473 6.52879e+07 
474 6.47069e+07 
475 6.41209e+07 
476 6.35237e+07 
477 6.29222e+07 
478 6.22972e+07 
479 6.17211e+07 
480 6.11581e+07 
481 6.05546e+07 
482 5.99753e+07 
483 5.93132e+07 
484 5.86956e+07 
485 5.80448e+07 
486 5.7392e+07 
487 5.67728e+07 
488 5.614e+07 
489 5.55244e+07 
490 5.49448e+07 
491 5.43965e+07 
492 5.38709e+07 
493 5.33573e+07 
494 5.28944e+07 
495 5.24306e+07 
496 5.19494e+07 
497 5.14871e+07 
498 5.10345e+07 
499 5.05985e+07 
500 5.02026e+07 
501 4.98008e+07 
502 4.94179e+07 
503 4.90377e+07 
504 4.8659e+07 
505 4.82899e+07 
506 4.79273e+07 
507 4.7587e+07 
508 4.72701e+07 
509 4.69589e+07 
510 4.66748e+07 
511 4.63916e+07 
512 4.61577e+07 
513 4.5934e+07 
514 4.57022e+07 
515 4.55204e+07 
516 4.53447e+07 
517 4.51533e+07 
518 4.49822e+07 
519 4.4835e+07 
520 4.46875e+07 
521 4.45227e+07 
522 4.43644e+07 
523 4.42385e+07 
524 4.41095e+07 
525 4.39859e+07 
526 4.38857e+07 
527 4.37382e+07 
528 4.36368e+07 
529 4.35363e+07 
530 4.34534e+07 
531 4.33678e+07 
532 4.33109e+07 
533 4.3249e+07 
534 4.31831e+07 
535 4.31057e+07 
536 4.30127e+07 
537 4.29322e+07 
538 4.28588e+07 
539 4.27743e+07 
540 4.26946e+07 
541 4.25781e+07 
542 4.24536e+07 
543 4.23467e+07 
544 4.22259e+07 
545 4.21122e+07 
546 4.20166e+07 
547 4.18939e+07 
548 4.17625e+07 
549 4.16505e+07 
550 4.15384e+07 
551 4.14226e+07 
552 4.13017e+07 
553 4.11265e+07 
554 4.09751e+07 
555 4.08325e+07 
556 4.06568e+07 
557 4.05041e+07 
558 4.03351e+07 
559 4.01544e+07 
560 3.99745e+07 
561 3.98113e+07 
562 3.96266e+07 
563 3.94347e+07 
564 3.92483e+07 
565 3.90182e+07 
566 3.87934e+07 
567 3.85749e+07 
568 3.8337e+07 
569 3.80804e+07 
570 3.78106e+07 
571 3.75303e+07 
572 3.72189e+07 
573 3.69257e+07 
574 3.65894e+07 
575 3.62621e+07 
576 3.59287e+07 
577 3.55766e+07 
578 3.52534e+07 
579 3.49406e+07 
580 3.46384e+07 
581 3.43191e+07 
582 3.39885e+07 
583 3.37006e+07 
584 3.34061e+07 
585 3.30943e+07 
586 3.28174e+07 
587 3.25661e+07 
588 3.22881e+07 
589 3.20323e+07 
590 3.1807e+07 
591 3.15777e+07 
592 3.13696e+07 
593 3.11978e+07 
594 3.10481e+07 
595 3.08862e+07 
596 3.07305e+07 
597 3.0599e+07 
598 3.04376e+07 
599 3.02975e+07 
600 3.01603e+07 
601 3.00263e+07 
602 2.98879e+07 
603 2.97366e+07 
604 2.95753e+07 
605 2.94142e+07 
606 2.92249e+07 
607 2.90296e+07 
608 2.88559e+07 
609 2.8653e+07 
610 2.84266e+07 
611 2.82246e+07 
612 2.79992e+07 
613 2.77765e+07 
614 2.75158e+07 
615 2.72748e+07 
616 2.70197e+07 
617 2.67713e+07 
618 2.65166e+07 
619 2.62283e+07 
620 2.59368e+07 
621 2.56527e+07 
622 2.53507e+07 
623 2.50266e+07 
624 2.47123e+07 
625 2.43957e+07 
626 2.40527e+07 
627 2.37051e+07 
628 2.33473e+07 
629 2.29793e+07 
630 2.26022e+07 
631 2.2219e+07 
632 2.18342e+07 
633 2.14425e+07 
634 2.10622e+07 
635 2.07011e+07 
636 2.03349e+07 
637 1.99725e+07 
638 1.96271e+07 
639 1.9264e+07 
640 1.89517e+07 
641 1.86248e+07 
642 1.83143e+07 
643 1.80156e+07 
644 1.7721e+07 
645 1.74236e+07 
646 1.71403e+07 
647 1.6878e+07 
648 1.66218e+07 
649 1.63925e+07 
650 1.61533e+07 
651 1.59393e+07 
652 1.57215e+07 
653 1.55254e+07 
654 1.53327e+07 
655 1.51779e+07 
656 1.50196e+07 
657 1.48564e+07 
658 1.47179e+07 
659 1.46019e+07 
660 1.4485e+07 
661 1.43565e+07 
662 1.42133e+07 
663 1.40923e+07 
664 1.39721e+07 
665 1.3882e+07 
666 1.37839e+07 
667 1.36894e+07 
668 1.36036e+07 
669 1.35145e+07 
670 1.34394e+07 
671 1.33607e+07 
672 1.32907e+07 
673 1.32361e+07 
674 1.31885e+07 
675 1.31204e+07 
676 1.30545e+07 
677 1.30036e+07 
678 1.29642e+07 
679 1.29383e+07 
680 1.28934e+07 
681 1.28376e+07 
682 1.28095e+07 
683 1.27556e+07 
684 1.27137e+07 
685 1.26596e+07 
686 1.26027e+07 
687 1.25463e+07 
688 1.24758e+07 
689 1.23854e+07 
690 1.23001e+07 
691 1.2222e+07 
692 1.21419e+07 
693 1.20548e+07 
694 1.19681e+07 
695 1.1862e+07 
696 1.17504e+07 
697 1.16359e+07 
698 1.15412e+07 
699 1.14351e+07 
700 1.13305e+07 
701 1.12165e+07 
702 1.11009e+07 
703 1.09955e+07 
704 1.08848e+07 
705 1.07832e+07 
706 1.06933e+07 
707 1.06135e+07 
708 1.05283e+07 
709 1.04526e+07 
710 1.03759e+07 
711 1.0314e+07 
712 1.02594e+07 
713 1.02057e+07 
714 1.01618e+07 
715 1.01057e+07 
716 1.00817e+07 
717 1.00391e+07 
718 1.00058e+07 
719 9.98253e+06 
720 9.96867e+06 
721 9.95222e+06 
722 9.94877e+06 
723 9.92199e+06 
724 9.9051e+06 
725 9.88239e+06 
726 9.86164e+06 
727 9.83527e+06 
728 9.80134e+06 
729 9.7769e+06 
730 9.75496e+06 
731 9.7158e+06 
732 9.69048e+06 
733 9.64188e+06 
734 9.60661e+06 
735 9.57469e+06 
736 9.53299e+06 
737 9.49055e+06 
738 9.44588e+06 
739 9.39233e+06 
740 9.34087e+06 
741 9.29003e+06 
742 9.23362e+06 
743 9.17088e+06 
744 9.10375e+06 
745 9.03062e+06 
746 8.93449e+06 
747 8.84144e+06 
748 8.72931e+06 
749 8.61033e+06 
750 8.48506e+06 
751 8.34622e+06 
752 8.21773e+06 
753 8.06111e+06 
754 7.91228e+06 
755 7.74813e+06 
756 7.58804e+06 
757 7.43396e+06 
758 7.27504e+06 
759 7.10304e+06 
760 6.91877e+06 
761 6.72515e+06 
762 6.52983e+06 
763 6.33234e+06 
764 6.1331e+06 
765 5.91733e+06 
766 5.68711e+06 
767 5.47492e+06 
768 5.26062e+06 
769 5.02655e+06 
770 4.8043e+06 
771 4.58662e+06 
772 4.35571e+06 
773 4.13654e+06 
774 3.90935e+06 
775 3.6854e+06 
776 3.46766e+06 
777 3.25664e+06 
778 3.04802e+06 
779 2.84007e+06 
780 2.63993e+06 
781 2.44094e+06 
782 2.24871e+06 
783 2.0633e+06 
784 1.8797e+06 
785 1.71136e+06 
786 1.53585e+06 
787 1.37716e+06 
788 1.22358e+06 
789 1.07736e+06 
790 938379 
791 812562 
792 693493 
793 582024 
794 480123 
795 389935 
796 310139 
797 238881 
798 176942 
799 124848 
