0 0 
1 104929 
2 163628 
3 236690 
4 323197 
5 426181 
6 544234 
7 677959 
8 826282 
9 988302 
10 1.16881e+06 
11 1.36548e+06 
12 1.57789e+06 
13 1.80946e+06 
14 2.0594e+06 
15 2.31946e+06 
16 2.59457e+06 
17 2.88745e+06 
18 3.19376e+06 
19 3.50992e+06 
20 3.84654e+06 
21 4.19625e+06 
22 4.56547e+06 
23 4.9444e+06 
24 5.3236e+06 
25 5.73632e+06 
26 6.16476e+06 
27 6.60105e+06 
28 7.06274e+06 
29 7.52572e+06 
30 7.9946e+06 
31 8.48652e+06 
32 8.97287e+06 
33 9.45545e+06 
34 9.94255e+06 
35 1.04283e+07 
36 1.09132e+07 
37 1.13784e+07 
38 1.1844e+07 
39 1.22825e+07 
40 1.2718e+07 
41 1.31262e+07 
42 1.35326e+07 
43 1.39053e+07 
44 1.42806e+07 
45 1.46529e+07 
46 1.50013e+07 
47 1.53168e+07 
48 1.56258e+07 
49 1.59192e+07 
50 1.62018e+07 
51 1.64622e+07 
52 1.67053e+07 
53 1.69018e+07 
54 1.70974e+07 
55 1.7287e+07 
56 1.74522e+07 
57 1.75795e+07 
58 1.77242e+07 
59 1.78589e+07 
60 1.79793e+07 
61 1.80867e+07 
62 1.81741e+07 
63 1.82755e+07 
64 1.83459e+07 
65 1.84235e+07 
66 1.84759e+07 
67 1.85086e+07 
68 1.85251e+07 
69 1.85663e+07 
70 1.85875e+07 
71 1.85954e+07 
72 1.85954e+07 
73 1.86063e+07 
74 1.85841e+07 
75 1.85322e+07 
76 1.84619e+07 
77 1.83707e+07 
78 1.82653e+07 
79 1.81317e+07 
80 1.79951e+07 
81 1.78488e+07 
82 1.76661e+07 
83 1.74985e+07 
84 1.72975e+07 
85 1.70889e+07 
86 1.6853e+07 
87 1.66312e+07 
88 1.63819e+07 
89 1.61174e+07 
90 1.58541e+07 
91 1.55641e+07 
92 1.52592e+07 
93 1.49619e+07 
94 1.46609e+07 
95 1.43639e+07 
96 1.40624e+07 
97 1.37685e+07 
98 1.3466e+07 
99 1.3168e+07 
100 1.28671e+07 
101 1.25723e+07 
102 1.22936e+07 
103 1.20112e+07 
104 1.17629e+07 
105 1.15063e+07 
106 1.12659e+07 
107 1.10196e+07 
108 1.08048e+07 
109 1.06168e+07 
110 1.04408e+07 
111 1.02743e+07 
112 1.01329e+07 
113 1.00142e+07 
114 9.89646e+06 
115 9.79598e+06 
116 9.71768e+06 
117 9.6442e+06 
118 9.59071e+06 
119 9.5486e+06 
120 9.51828e+06 
121 9.4973e+06 
122 9.48464e+06 
123 9.47e+06 
124 9.479e+06 
125 9.4981e+06 
126 9.53173e+06 
127 9.58348e+06 
128 9.6596e+06 
129 9.73438e+06 
130 9.83323e+06 
131 9.94436e+06 
132 1.00662e+07 
133 1.019e+07 
134 1.03548e+07 
135 1.05095e+07 
136 1.06834e+07 
137 1.08586e+07 
138 1.10429e+07 
139 1.12258e+07 
140 1.14238e+07 
141 1.16046e+07 
142 1.17877e+07 
143 1.19716e+07 
144 1.21471e+07 
145 1.23287e+07 
146 1.25212e+07 
147 1.27265e+07 
148 1.29328e+07 
149 1.31176e+07 
150 1.33357e+07 
151 1.35637e+07 
152 1.38016e+07 
153 1.4034e+07 
154 1.42898e+07 
155 1.45498e+07 
156 1.48347e+07 
157 1.51155e+07 
158 1.53974e+07 
159 1.56928e+07 
160 1.59894e+07 
161 1.6284e+07 
162 1.66118e+07 
163 1.69457e+07 
164 1.72756e+07 
165 1.76201e+07 
166 1.79705e+07 
167 1.8329e+07 
168 1.86815e+07 
169 1.904e+07 
170 1.93902e+07 
171 1.97274e+07 
172 2.00674e+07 
173 2.0366e+07 
174 2.06737e+07 
175 2.09874e+07 
176 2.13031e+07 
177 2.16253e+07 
178 2.19555e+07 
179 2.2308e+07 
180 2.26357e+07 
181 2.29695e+07 
182 2.33224e+07 
183 2.36846e+07 
184 2.40427e+07 
185 2.44337e+07 
186 2.4813e+07 
187 2.52151e+07 
188 2.56083e+07 
189 2.60348e+07 
190 2.64677e+07 
191 2.69029e+07 
192 2.73567e+07 
193 2.77885e+07 
194 2.82542e+07 
195 2.87066e+07 
196 2.91647e+07 
197 2.96063e+07 
198 3.00599e+07 
199 3.0545e+07 
200 3.10245e+07 
201 3.15077e+07 
202 3.2013e+07 
203 3.25093e+07 
204 3.304e+07 
205 3.35885e+07 
206 3.41514e+07 
207 3.4758e+07 
208 3.5381e+07 
209 3.59895e+07 
210 3.66251e+07 
211 3.72686e+07 
212 3.79394e+07 
213 3.86315e+07 
214 3.93577e+07 
215 4.00809e+07 
216 4.08097e+07 
217 4.15375e+07 
218 4.22527e+07 
219 4.29663e+07 
220 4.37241e+07 
221 4.44029e+07 
222 4.51299e+07 
223 4.585e+07 
224 4.65815e+07 
225 4.7298e+07 
226 4.79902e+07 
227 4.87061e+07 
228 4.94257e+07 
229 5.0155e+07 
230 5.09247e+07 
231 5.16977e+07 
232 5.24239e+07 
233 5.31687e+07 
234 5.3917e+07 
235 5.46482e+07 
236 5.54061e+07 
237 5.61175e+07 
238 5.67668e+07 
239 5.74398e+07 
240 5.80714e+07 
241 5.8648e+07 
242 5.92265e+07 
243 5.97494e+07 
244 6.02779e+07 
245 6.07642e+07 
246 6.12174e+07 
247 6.16432e+07 
248 6.204e+07 
249 6.24139e+07 
250 6.27648e+07 
251 6.30448e+07 
252 6.33006e+07 
253 6.35328e+07 
254 6.37154e+07 
255 6.38653e+07 
256 6.39218e+07 
257 6.398e+07 
258 6.39832e+07 
259 6.39504e+07 
260 6.39063e+07 
261 6.37907e+07 
262 6.36608e+07 
263 6.34941e+07 
264 6.33486e+07 
265 6.3193e+07 
266 6.29983e+07 
267 6.27603e+07 
268 6.25248e+07 
269 6.22436e+07 
270 6.19127e+07 
271 6.15838e+07 
272 6.11994e+07 
273 6.07771e+07 
274 6.03517e+07 
275 5.98288e+07 
276 5.92983e+07 
277 5.87512e+07 
278 5.8201e+07 
279 5.7646e+07 
280 5.70934e+07 
281 5.6522e+07 
282 5.59595e+07 
283 5.54212e+07 
284 5.48943e+07 
285 5.43646e+07 
286 5.3808e+07 
287 5.32384e+07 
288 5.26144e+07 
289 5.19815e+07 
290 5.13618e+07 
291 5.06872e+07 
292 5.00286e+07 
293 4.93453e+07 
294 4.86684e+07 
295 4.79776e+07 
296 4.73251e+07 
297 4.66817e+07 
298 4.6058e+07 
299 4.54105e+07 
300 4.48155e+07 
301 4.42267e+07 
302 4.36797e+07 
303 4.31634e+07 
304 4.26973e+07 
305 4.22657e+07 
306 4.18317e+07 
307 4.14151e+07 
308 4.10434e+07 
309 4.06862e+07 
310 4.03699e+07 
311 4.01363e+07 
312 3.99544e+07 
313 3.97956e+07 
314 3.96852e+07 
315 3.96416e+07 
316 3.96208e+07 
317 3.962e+07 
318 3.96696e+07 
319 3.97774e+07 
320 3.99601e+07 
321 4.01767e+07 
322 4.04609e+07 
323 4.07799e+07 
324 4.11563e+07 
325 4.15711e+07 
326 4.2047e+07 
327 4.25989e+07 
328 4.31858e+07 
329 4.38471e+07 
330 4.44921e+07 
331 4.51955e+07 
332 4.59822e+07 
333 4.6779e+07 
334 4.76085e+07 
335 4.8447e+07 
336 4.93422e+07 
337 5.02654e+07 
338 5.12159e+07 
339 5.21412e+07 
340 5.31363e+07 
341 5.41259e+07 
342 5.51067e+07 
343 5.60983e+07 
344 5.71362e+07 
345 5.81567e+07 
346 5.91619e+07 
347 6.02054e+07 
348 6.12414e+07 
349 6.22886e+07 
350 6.33093e+07 
351 6.43396e+07 
352 6.53663e+07 
353 6.63859e+07 
354 6.73987e+07 
355 6.84186e+07 
356 6.94414e+07 
357 7.04842e+07 
358 7.15296e+07 
359 7.25444e+07 
360 7.35465e+07 
361 7.45481e+07 
362 7.55323e+07 
363 7.65146e+07 
364 7.74697e+07 
365 7.83805e+07 
366 7.93011e+07 
367 8.01156e+07 
368 8.08831e+07 
369 8.16764e+07 
370 8.2483e+07 
371 8.31924e+07 
372 8.38691e+07 
373 8.4508e+07 
374 8.51465e+07 
375 8.5701e+07 
376 8.62279e+07 
377 8.66949e+07 
378 8.70656e+07 
379 8.74134e+07 
380 8.76947e+07 
381 8.79212e+07 
382 8.80754e+07 
383 8.81457e+07 
384 8.81805e+07 
385 8.80818e+07 
386 8.80169e+07 
387 8.78323e+07 
388 8.75682e+07 
389 8.72178e+07 
390 8.68752e+07 
391 8.64218e+07 
392 8.5893e+07 
393 8.52873e+07 
394 8.46623e+07 
395 8.39496e+07 
396 8.31504e+07 
397 8.23218e+07 
398 8.14596e+07 
399 8.04833e+07 
400 7.95096e+07 
401 7.84696e+07 
402 7.73846e+07 
403 7.62554e+07 
404 7.50459e+07 
405 7.37918e+07 
406 7.25142e+07 
407 7.12065e+07 
408 6.98847e+07 
409 6.85914e+07 
410 6.72866e+07 
411 6.59229e+07 
412 6.45989e+07 
413 6.33164e+07 
414 6.20899e+07 
415 6.08601e+07 
416 5.96411e+07 
417 5.84774e+07 
418 5.73343e+07 
419 5.61653e+07 
420 5.4967e+07 
421 5.37836e+07 
422 5.26314e+07 
423 5.15493e+07 
424 5.04584e+07 
425 4.93896e+07 
426 4.83337e+07 
427 4.73063e+07 
428 4.62729e+07 
429 4.52767e+07 
430 4.43467e+07 
431 4.3435e+07 
432 4.25355e+07 
433 4.17032e+07 
434 4.08971e+07 
435 4.0162e+07 
436 3.94672e+07 
437 3.88528e+07 
438 3.827e+07 
439 3.77097e+07 
440 3.71811e+07 
441 3.67074e+07 
442 3.62602e+07 
443 3.58571e+07 
444 3.55065e+07 
445 3.52002e+07 
446 3.49569e+07 
447 3.47529e+07 
448 3.45939e+07 
449 3.44688e+07 
450 3.43614e+07 
451 3.43018e+07 
452 3.42385e+07 
453 3.42168e+07 
454 3.42197e+07 
455 3.4252e+07 
456 3.43333e+07 
457 3.44236e+07 
458 3.45574e+07 
459 3.47031e+07 
460 3.48536e+07 
461 3.49812e+07 
462 3.5156e+07 
463 3.53026e+07 
464 3.54301e+07 
465 3.56104e+07 
466 3.5753e+07 
467 3.58836e+07 
468 3.6055e+07 
469 3.62317e+07 
470 3.64133e+07 
471 3.66082e+07 
472 3.67569e+07 
473 3.69647e+07 
474 3.71571e+07 
475 3.73418e+07 
476 3.7542e+07 
477 3.7753e+07 
478 3.79646e+07 
479 3.81774e+07 
480 3.84032e+07 
481 3.86092e+07 
482 3.88057e+07 
483 3.9006e+07 
484 3.91978e+07 
485 3.94138e+07 
486 3.96259e+07 
487 3.97956e+07 
488 3.99596e+07 
489 4.00959e+07 
490 4.02024e+07 
491 4.03539e+07 
492 4.04654e+07 
493 4.05591e+07 
494 4.06856e+07 
495 4.0791e+07 
496 4.08516e+07 
497 4.09042e+07 
498 4.09146e+07 
499 4.09546e+07 
500 4.09451e+07 
501 4.09129e+07 
502 4.08671e+07 
503 4.08844e+07 
504 4.08668e+07 
505 4.0837e+07 
506 4.08298e+07 
507 4.08165e+07 
508 4.08108e+07 
509 4.08517e+07 
510 4.09139e+07 
511 4.09935e+07 
512 4.10452e+07 
513 4.11216e+07 
514 4.12014e+07 
515 4.1286e+07 
516 4.13804e+07 
517 4.14683e+07 
518 4.15497e+07 
519 4.1611e+07 
520 4.16484e+07 
521 4.16728e+07 
522 4.1647e+07 
523 4.15894e+07 
524 4.14935e+07 
525 4.13932e+07 
526 4.13128e+07 
527 4.11822e+07 
528 4.10787e+07 
529 4.09566e+07 
530 4.08375e+07 
531 4.06854e+07 
532 4.0478e+07 
533 4.02941e+07 
534 4.00744e+07 
535 3.98095e+07 
536 3.95211e+07 
537 3.9233e+07 
538 3.89166e+07 
539 3.85863e+07 
540 3.82187e+07 
541 3.78272e+07 
542 3.74023e+07 
543 3.69778e+07 
544 3.65164e+07 
545 3.60352e+07 
546 3.55209e+07 
547 3.49928e+07 
548 3.44456e+07 
549 3.39126e+07 
550 3.33499e+07 
551 3.27707e+07 
552 3.2195e+07 
553 3.16343e+07 
554 3.10641e+07 
555 3.04793e+07 
556 2.98917e+07 
557 2.93096e+07 
558 2.87392e+07 
559 2.81558e+07 
560 2.7573e+07 
561 2.69983e+07 
562 2.64669e+07 
563 2.59157e+07 
564 2.53731e+07 
565 2.48692e+07 
566 2.43479e+07 
567 2.38538e+07 
568 2.33786e+07 
569 2.29307e+07 
570 2.24991e+07 
571 2.20641e+07 
572 2.16578e+07 
573 2.12664e+07 
574 2.0884e+07 
575 2.04957e+07 
576 2.01288e+07 
577 1.97588e+07 
578 1.94422e+07 
579 1.91448e+07 
580 1.88777e+07 
581 1.86257e+07 
582 1.83609e+07 
583 1.81394e+07 
584 1.79266e+07 
585 1.77306e+07 
586 1.75493e+07 
587 1.73672e+07 
588 1.7202e+07 
589 1.70437e+07 
590 1.68801e+07 
591 1.67294e+07 
592 1.65616e+07 
593 1.6424e+07 
594 1.62868e+07 
595 1.61746e+07 
596 1.60778e+07 
597 1.59629e+07 
598 1.58934e+07 
599 1.58068e+07 
600 1.57401e+07 
601 1.56913e+07 
602 1.56501e+07 
603 1.56447e+07 
604 1.56345e+07 
605 1.56307e+07 
606 1.56305e+07 
607 1.5643e+07 
608 1.5653e+07 
609 1.56732e+07 
610 1.57205e+07 
611 1.57611e+07 
612 1.58064e+07 
613 1.58697e+07 
614 1.59379e+07 
615 1.60142e+07 
616 1.60848e+07 
617 1.61653e+07 
618 1.6253e+07 
619 1.63622e+07 
620 1.64524e+07 
621 1.65715e+07 
622 1.6698e+07 
623 1.68052e+07 
624 1.69417e+07 
625 1.70656e+07 
626 1.72411e+07 
627 1.74104e+07 
628 1.75678e+07 
629 1.77106e+07 
630 1.78291e+07 
631 1.79437e+07 
632 1.80475e+07 
633 1.81529e+07 
634 1.82703e+07 
635 1.83662e+07 
636 1.85018e+07 
637 1.86514e+07 
638 1.88483e+07 
639 1.90554e+07 
640 1.9262e+07 
641 1.94627e+07 
642 1.96567e+07 
643 1.98733e+07 
644 2.01113e+07 
645 2.03874e+07 
646 2.06513e+07 
647 2.08999e+07 
648 2.11667e+07 
649 2.14155e+07 
650 2.16817e+07 
651 2.19385e+07 
652 2.21984e+07 
653 2.24259e+07 
654 2.26555e+07 
655 2.2873e+07 
656 2.3098e+07 
657 2.33117e+07 
658 2.35265e+07 
659 2.37435e+07 
660 2.39509e+07 
661 2.41568e+07 
662 2.43753e+07 
663 2.45838e+07 
664 2.48022e+07 
665 2.49951e+07 
666 2.51927e+07 
667 2.53957e+07 
668 2.55988e+07 
669 2.5776e+07 
670 2.59451e+07 
671 2.61388e+07 
672 2.63004e+07 
673 2.64659e+07 
674 2.66436e+07 
675 2.6799e+07 
676 2.69449e+07 
677 2.70507e+07 
678 2.72006e+07 
679 2.73413e+07 
680 2.74543e+07 
681 2.75781e+07 
682 2.7714e+07 
683 2.78261e+07 
684 2.7938e+07 
685 2.80469e+07 
686 2.81405e+07 
687 2.82327e+07 
688 2.82777e+07 
689 2.834e+07 
690 2.83677e+07 
691 2.83873e+07 
692 2.83824e+07 
693 2.83557e+07 
694 2.83421e+07 
695 2.82746e+07 
696 2.81972e+07 
697 2.80695e+07 
698 2.79423e+07 
699 2.78293e+07 
700 2.76904e+07 
701 2.75547e+07 
702 2.7392e+07 
703 2.72292e+07 
704 2.70636e+07 
705 2.68825e+07 
706 2.67118e+07 
707 2.65337e+07 
708 2.63659e+07 
709 2.61632e+07 
710 2.59661e+07 
711 2.5734e+07 
712 2.54993e+07 
713 2.52669e+07 
714 2.5024e+07 
715 2.47751e+07 
716 2.45096e+07 
717 2.42358e+07 
718 2.39393e+07 
719 2.36472e+07 
720 2.33805e+07 
721 2.30905e+07 
722 2.28202e+07 
723 2.25556e+07 
724 2.22943e+07 
725 2.20149e+07 
726 2.17554e+07 
727 2.15039e+07 
728 2.1241e+07 
729 2.0998e+07 
730 2.07556e+07 
731 2.05286e+07 
732 2.03214e+07 
733 2.01121e+07 
734 1.99005e+07 
735 1.96478e+07 
736 1.9409e+07 
737 1.91891e+07 
738 1.89506e+07 
739 1.87075e+07 
740 1.84449e+07 
741 1.82072e+07 
742 1.79306e+07 
743 1.76543e+07 
744 1.74008e+07 
745 1.71341e+07 
746 1.68687e+07 
747 1.65927e+07 
748 1.63084e+07 
749 1.59997e+07 
750 1.5692e+07 
751 1.53757e+07 
752 1.50445e+07 
753 1.47426e+07 
754 1.4415e+07 
755 1.40879e+07 
756 1.37693e+07 
757 1.34272e+07 
758 1.31048e+07 
759 1.2777e+07 
760 1.24552e+07 
761 1.21276e+07 
762 1.18013e+07 
763 1.14517e+07 
764 1.10992e+07 
765 1.07557e+07 
766 1.04012e+07 
767 1.00284e+07 
768 9.65605e+06 
769 9.28685e+06 
770 8.902e+06 
771 8.53084e+06 
772 8.14862e+06 
773 7.75942e+06 
774 7.36688e+06 
775 6.98551e+06 
776 6.59766e+06 
777 6.21232e+06 
778 5.83501e+06 
779 5.43794e+06 
780 5.04713e+06 
781 4.67624e+06 
782 4.30476e+06 
783 3.94052e+06 
784 3.59253e+06 
785 3.2571e+06 
786 2.92983e+06 
787 2.61254e+06 
788 2.30958e+06 
789 2.02543e+06 
790 1.7529e+06 
791 1.50391e+06 
792 1.26773e+06 
793 1.05272e+06 
794 856670 
795 680102 
796 525568 
797 387443 
798 270859 
799 173901 
