0 0 
1 0 
2 0 
3 0 
4 0 
5 0 
6 0 
7 0 
8 0 
9 0 
10 0 
11 0 
12 0 
13 0 
14 0 
15 0 
16 0 
17 0 
18 0 
19 0 
20 0 
21 0 
22 0 
23 0 
24 0 
25 0 
26 0 
27 0 
28 0 
29 0 
30 0 
31 0 
32 0 
33 0 
34 0 
35 0 
36 0 
37 0 
38 0 
39 0 
40 0 
41 0 
42 0 
43 0 
44 0 
45 0 
46 0 
47 0 
48 0 
49 0 
50 0 
51 0 
52 0 
53 0 
54 0 
55 0 
56 0 
57 0 
58 0 
59 0 
60 0 
61 0 
62 0 
63 0 
64 0 
65 0 
66 0 
67 0 
68 0 
69 0 
70 0 
71 0 
72 0 
73 0 
74 0 
75 0 
76 0 
77 0 
78 0 
79 0 
80 0 
81 0 
82 0 
83 0 
84 0 
85 0 
86 0 
87 0 
88 0 
89 0 
90 0 
91 0 
92 0 
93 0 
94 0 
95 0 
96 0 
97 0 
98 0 
99 0 
100 0 
101 0 
102 0 
103 0 
104 0 
105 0 
106 0 
107 0 
108 0 
109 0 
110 0 
111 0 
112 0 
113 0 
114 0 
115 0 
116 0 
117 0 
118 0 
119 0 
120 0 
121 0 
122 0 
123 0 
124 0 
125 0 
126 0 
127 0 
128 0 
129 0 
130 0 
131 0 
132 0 
133 0 
134 0 
135 0 
136 0 
137 0 
138 0 
139 0 
140 0 
141 0 
142 0 
143 0 
144 0 
145 0 
146 0 
147 0 
148 0 
149 0 
150 0 
151 0 
152 0 
153 0 
154 0 
155 0 
156 0 
157 0 
158 0 
159 0 
160 0 
161 0 
162 0 
163 0 
164 0 
165 0 
166 0 
167 0 
168 0 
169 0 
170 0 
171 0 
172 0 
173 0 
174 0 
175 0 
176 0 
177 0 
178 0 
179 0 
180 0 
181 0 
182 0 
183 0 
184 0 
185 0 
186 0 
187 0 
188 0 
189 0 
190 0 
191 0 
192 0 
193 0 
194 0 
195 0 
196 0 
197 0 
198 0 
199 0 
200 0 
201 0 
202 0 
203 0 
204 0 
205 0 
206 0 
207 0 
208 0 
209 0 
210 0 
211 0 
212 0 
213 0 
214 0 
215 0 
216 0 
217 0 
218 0 
219 0 
220 0 
221 0 
222 0 
223 0 
224 0 
225 0 
226 0 
227 0 
228 0 
229 0 
230 0 
231 0 
232 0 
233 0 
234 0 
235 0 
236 0 
237 0 
238 0 
239 1 
240 0 
241 24 
242 36 
243 47 
244 81 
245 87 
246 130 
247 178 
248 207 
249 215 
250 276 
251 412 
252 592 
253 720 
254 1059 
255 1272 
256 1480 
257 1822 
258 2032 
259 2219 
260 2787 
261 3528 
262 4196 
263 5343 
264 6680 
265 7646 
266 9412 
267 11414 
268 13842 
269 16988 
270 20931 
271 24526 
272 29037 
273 34929 
274 42130 
275 50223 
276 60603 
277 71810 
278 85077 
279 99108 
280 117042 
281 134552 
282 157764 
283 183369 
284 215072 
285 248552 
286 286567 
287 328427 
288 376106 
289 429206 
290 487443 
291 553580 
292 628315 
293 708476 
294 796851 
295 893233 
296 998683 
297 1.1113e+06 
298 1.23436e+06 
299 1.37545e+06 
300 1.52427e+06 
301 1.69007e+06 
302 1.86841e+06 
303 2.06799e+06 
304 2.28213e+06 
305 2.51739e+06 
306 2.77015e+06 
307 3.05378e+06 
308 3.35678e+06 
309 3.68875e+06 
310 4.04192e+06 
311 4.43363e+06 
312 4.85081e+06 
313 5.30456e+06 
314 5.79765e+06 
315 6.32888e+06 
316 6.89211e+06 
317 7.50883e+06 
318 8.16593e+06 
319 8.87664e+06 
320 9.62129e+06 
321 1.04208e+07 
322 1.12787e+07 
323 1.21907e+07 
324 1.31686e+07 
325 1.42067e+07 
326 1.53024e+07 
327 1.64741e+07 
328 1.77478e+07 
329 1.90826e+07 
330 2.04985e+07 
331 2.20232e+07 
332 2.36298e+07 
333 2.53392e+07 
334 2.71706e+07 
335 2.91129e+07 
336 3.11911e+07 
337 3.33853e+07 
338 3.56866e+07 
339 3.81405e+07 
340 4.07159e+07 
341 4.34124e+07 
342 4.62653e+07 
343 4.92742e+07 
344 5.2404e+07 
345 5.5684e+07 
346 5.9133e+07 
347 6.27395e+07 
348 6.64655e+07 
349 7.03963e+07 
350 7.4498e+07 
351 7.87701e+07 
352 8.32487e+07 
353 8.78681e+07 
354 9.27258e+07 
355 9.77568e+07 
356 1.02996e+08 
357 1.08399e+08 
358 1.14031e+08 
359 1.1981e+08 
360 1.25792e+08 
361 1.31996e+08 
362 1.38286e+08 
363 1.44836e+08 
364 1.5152e+08 
365 1.58331e+08 
366 1.6531e+08 
367 1.72353e+08 
368 1.79497e+08 
369 1.86839e+08 
370 1.94267e+08 
371 2.01879e+08 
372 2.09497e+08 
373 2.17183e+08 
374 2.24934e+08 
375 2.32751e+08 
376 2.40509e+08 
377 2.48325e+08 
378 2.56112e+08 
379 2.63782e+08 
380 2.71452e+08 
381 2.78956e+08 
382 2.86384e+08 
383 2.93779e+08 
384 3.01009e+08 
385 3.08086e+08 
386 3.1496e+08 
387 3.2161e+08 
388 3.2801e+08 
389 3.34132e+08 
390 3.39972e+08 
391 3.45369e+08 
392 3.50337e+08 
393 3.55021e+08 
394 3.59194e+08 
395 3.62811e+08 
396 3.65888e+08 
397 3.68479e+08 
398 3.7044e+08 
399 3.71932e+08 
400 3.72716e+08 
401 3.72473e+08 
402 3.71535e+08 
403 3.69996e+08 
404 3.6781e+08 
405 3.65032e+08 
406 3.61703e+08 
407 3.57874e+08 
408 3.53629e+08 
409 3.48957e+08 
410 3.43757e+08 
411 3.38189e+08 
412 3.32253e+08 
413 3.26006e+08 
414 3.19472e+08 
415 3.12743e+08 
416 3.0568e+08 
417 2.98456e+08 
418 2.90966e+08 
419 2.8342e+08 
420 2.75738e+08 
421 2.67934e+08 
422 2.60061e+08 
423 2.52246e+08 
424 2.44378e+08 
425 2.36554e+08 
426 2.28744e+08 
427 2.20981e+08 
428 2.13251e+08 
429 2.05624e+08 
430 1.98018e+08 
431 1.90509e+08 
432 1.83094e+08 
433 1.75842e+08 
434 1.68719e+08 
435 1.6174e+08 
436 1.54878e+08 
437 1.48154e+08 
438 1.41601e+08 
439 1.35219e+08 
440 1.28948e+08 
441 1.2289e+08 
442 1.17063e+08 
443 1.1141e+08 
444 1.05941e+08 
445 1.00682e+08 
446 9.56072e+07 
447 9.07039e+07 
448 8.59728e+07 
449 8.13967e+07 
450 7.70484e+07 
451 7.2856e+07 
452 6.88199e+07 
453 6.49609e+07 
454 6.12793e+07 
455 5.77037e+07 
456 5.43245e+07 
457 5.11252e+07 
458 4.80538e+07 
459 4.51412e+07 
460 4.23785e+07 
461 3.97203e+07 
462 3.72355e+07 
463 3.48259e+07 
464 3.25667e+07 
465 3.04514e+07 
466 2.84687e+07 
467 2.65786e+07 
468 2.47899e+07 
469 2.30907e+07 
470 2.14909e+07 
471 2.00137e+07 
472 1.8601e+07 
473 1.72838e+07 
474 1.6041e+07 
475 1.489e+07 
476 1.38108e+07 
477 1.27941e+07 
478 1.18536e+07 
479 1.09844e+07 
480 1.01679e+07 
481 9.41416e+06 
482 8.70176e+06 
483 8.03133e+06 
484 7.40689e+06 
485 6.82959e+06 
486 6.29358e+06 
487 5.79123e+06 
488 5.32699e+06 
489 4.8884e+06 
490 4.48849e+06 
491 4.11341e+06 
492 3.76274e+06 
493 3.43419e+06 
494 3.13176e+06 
495 2.85283e+06 
496 2.60147e+06 
497 2.36634e+06 
498 2.14777e+06 
499 1.94383e+06 
500 1.7641e+06 
501 1.59959e+06 
502 1.4542e+06 
503 1.32269e+06 
504 1.20352e+06 
505 1.09097e+06 
506 987478 
507 887540 
508 799895 
509 721145 
510 649610 
511 584195 
512 521123 
513 467358 
514 417860 
515 372995 
516 330655 
517 295106 
518 261395 
519 231293 
520 203633 
521 181441 
522 161952 
523 143872 
524 128745 
525 114339 
526 100908 
527 89718 
528 77831 
529 67008 
530 57614 
531 49594 
532 41720 
533 34761 
534 29331 
535 25015 
536 20663 
537 17032 
538 13830 
539 10805 
540 8736 
541 6805 
542 5348 
543 4110 
544 3389 
545 2720 
546 2009 
547 1579 
548 1300 
549 961 
550 793 
551 619 
552 393 
553 336 
554 240 
555 192 
556 158 
557 108 
558 75 
559 63 
560 25 
561 16 
562 12 
563 9 
564 2 
565 0 
566 0 
567 0 
568 0 
569 0 
570 0 
571 0 
572 0 
573 0 
574 0 
575 0 
576 0 
577 0 
578 0 
579 0 
580 0 
581 0 
582 0 
583 0 
584 0 
585 0 
586 0 
587 0 
588 0 
589 0 
590 0 
591 0 
592 0 
593 0 
594 0 
595 0 
596 0 
597 0 
598 0 
599 0 
600 0 
601 0 
602 0 
603 0 
604 0 
605 0 
606 0 
607 0 
608 0 
609 0 
610 0 
611 0 
612 0 
613 0 
614 0 
615 0 
616 0 
617 0 
618 0 
619 0 
620 0 
621 0 
622 0 
623 0 
624 0 
625 0 
626 0 
627 0 
628 0 
629 0 
630 0 
631 0 
632 0 
633 0 
634 0 
635 0 
636 0 
637 0 
638 0 
639 0 
640 0 
641 0 
642 0 
643 0 
644 0 
645 0 
646 0 
647 0 
648 0 
649 0 
650 0 
651 0 
652 0 
653 0 
654 0 
655 0 
656 0 
657 0 
658 0 
659 0 
660 0 
661 0 
662 0 
663 0 
664 0 
665 0 
666 0 
667 0 
668 0 
669 0 
670 0 
671 0 
672 0 
673 0 
674 0 
675 0 
676 0 
677 0 
678 0 
679 0 
680 0 
681 0 
682 0 
683 0 
684 0 
685 0 
686 0 
687 0 
688 0 
689 0 
690 0 
691 0 
692 0 
693 0 
694 0 
695 0 
696 0 
697 0 
698 0 
699 0 
700 0 
701 0 
702 0 
703 0 
704 0 
705 0 
706 0 
707 0 
708 0 
709 0 
710 0 
711 0 
712 0 
713 0 
714 0 
715 0 
716 0 
717 0 
718 0 
719 0 
720 0 
721 0 
722 0 
723 0 
724 0 
725 0 
726 0 
727 0 
728 0 
729 0 
730 0 
731 0 
732 0 
733 0 
734 0 
735 0 
736 0 
737 0 
738 0 
739 0 
740 0 
741 0 
742 0 
743 0 
744 0 
745 0 
746 0 
747 0 
748 0 
749 0 
750 0 
751 0 
752 0 
753 0 
754 0 
755 0 
756 0 
757 0 
758 0 
759 0 
760 0 
761 0 
762 0 
763 0 
764 0 
765 0 
766 0 
767 0 
768 0 
769 0 
770 0 
771 0 
772 0 
773 0 
774 0 
775 0 
776 0 
777 0 
778 0 
779 0 
780 0 
781 0 
782 0 
783 0 
784 0 
785 0 
786 0 
787 0 
788 0 
789 0 
790 0 
791 0 
792 0 
793 0 
794 0 
795 0 
796 0 
797 0 
798 0 
799 0 
