0 0 
1 0 
2 0 
3 0 
4 0 
5 0 
6 0 
7 0 
8 0 
9 0 
10 0 
11 0 
12 0 
13 0 
14 0 
15 0 
16 0 
17 0 
18 0 
19 0 
20 0 
21 0 
22 0 
23 0 
24 0 
25 0 
26 0 
27 0 
28 0 
29 0 
30 0 
31 0 
32 0 
33 0 
34 0 
35 0 
36 0 
37 0 
38 0 
39 0 
40 0 
41 0 
42 0 
43 0 
44 0 
45 0 
46 0 
47 0 
48 0 
49 0 
50 0 
51 0 
52 0 
53 0 
54 0 
55 0 
56 0 
57 0 
58 0 
59 0 
60 0 
61 0 
62 0 
63 0 
64 0 
65 0 
66 0 
67 0 
68 0 
69 0 
70 0 
71 0 
72 0 
73 0 
74 0 
75 0 
76 0 
77 0 
78 0 
79 0 
80 0 
81 0 
82 0 
83 0 
84 0 
85 0 
86 0 
87 0 
88 0 
89 0 
90 0 
91 0 
92 0 
93 0 
94 0 
95 0 
96 0 
97 0 
98 0 
99 0 
100 0 
101 0 
102 0 
103 0 
104 0 
105 0 
106 0 
107 0 
108 0 
109 0 
110 0 
111 0 
112 0 
113 0 
114 0 
115 0 
116 0 
117 0 
118 0 
119 0 
120 4 
121 15 
122 23 
123 69 
124 119 
125 163 
126 241 
127 399 
128 592 
129 799 
130 1090 
131 1591 
132 2359 
133 3022 
134 3773 
135 4787 
136 5572 
137 6824 
138 8129 
139 9741 
140 11685 
141 13972 
142 16018 
143 19508 
144 23258 
145 26947 
146 31187 
147 36418 
148 42652 
149 48584 
150 56459 
151 64133 
152 71667 
153 81441 
154 92326 
155 105033 
156 120144 
157 134339 
158 150918 
159 168878 
160 189576 
161 214179 
162 238427 
163 263637 
164 292919 
165 324160 
166 360236 
167 398657 
168 440330 
169 481573 
170 528312 
171 577605 
172 631825 
173 687655 
174 745381 
175 809081 
176 872145 
177 948615 
178 1.02648e+06 
179 1.11129e+06 
180 1.20106e+06 
181 1.2903e+06 
182 1.3871e+06 
183 1.49168e+06 
184 1.59351e+06 
185 1.70631e+06 
186 1.82194e+06 
187 1.94804e+06 
188 2.07488e+06 
189 2.20832e+06 
190 2.34097e+06 
191 2.47916e+06 
192 2.62814e+06 
193 2.78312e+06 
194 2.9301e+06 
195 3.08086e+06 
196 3.24392e+06 
197 3.39915e+06 
198 3.56705e+06 
199 3.72563e+06 
200 3.89016e+06 
201 4.06279e+06 
202 4.23495e+06 
203 4.41171e+06 
204 4.58593e+06 
205 4.77664e+06 
206 4.9646e+06 
207 5.15872e+06 
208 5.35909e+06 
209 5.55668e+06 
210 5.75985e+06 
211 5.95604e+06 
212 6.16431e+06 
213 6.37964e+06 
214 6.5983e+06 
215 6.82194e+06 
216 7.0612e+06 
217 7.29524e+06 
218 7.53372e+06 
219 7.78853e+06 
220 8.03771e+06 
221 8.29618e+06 
222 8.54505e+06 
223 8.80861e+06 
224 9.0669e+06 
225 9.33163e+06 
226 9.60414e+06 
227 9.88748e+06 
228 1.01635e+07 
229 1.04382e+07 
230 1.07243e+07 
231 1.10297e+07 
232 1.13264e+07 
233 1.16486e+07 
234 1.19724e+07 
235 1.22967e+07 
236 1.26377e+07 
237 1.29851e+07 
238 1.33505e+07 
239 1.37203e+07 
240 1.41028e+07 
241 1.4487e+07 
242 1.48892e+07 
243 1.52649e+07 
244 1.56533e+07 
245 1.60272e+07 
246 1.64314e+07 
247 1.68452e+07 
248 1.72585e+07 
249 1.76984e+07 
250 1.81304e+07 
251 1.85692e+07 
252 1.89972e+07 
253 1.94423e+07 
254 1.98883e+07 
255 2.03646e+07 
256 2.08279e+07 
257 2.13043e+07 
258 2.18051e+07 
259 2.23016e+07 
260 2.28148e+07 
261 2.33401e+07 
262 2.38822e+07 
263 2.44204e+07 
264 2.49633e+07 
265 2.55184e+07 
266 2.6102e+07 
267 2.66966e+07 
268 2.73217e+07 
269 2.7969e+07 
270 2.86041e+07 
271 2.92818e+07 
272 2.99418e+07 
273 3.06367e+07 
274 3.13323e+07 
275 3.20386e+07 
276 3.2753e+07 
277 3.34741e+07 
278 3.42165e+07 
279 3.49367e+07 
280 3.56794e+07 
281 3.64087e+07 
282 3.71191e+07 
283 3.78636e+07 
284 3.85741e+07 
285 3.92631e+07 
286 3.99755e+07 
287 4.06995e+07 
288 4.14177e+07 
289 4.21353e+07 
290 4.28696e+07 
291 4.35856e+07 
292 4.4277e+07 
293 4.49699e+07 
294 4.57075e+07 
295 4.64052e+07 
296 4.71157e+07 
297 4.78152e+07 
298 4.85294e+07 
299 4.9231e+07 
300 4.98967e+07 
301 5.05472e+07 
302 5.12101e+07 
303 5.18873e+07 
304 5.25534e+07 
305 5.32373e+07 
306 5.39399e+07 
307 5.46316e+07 
308 5.52952e+07 
309 5.59917e+07 
310 5.66693e+07 
311 5.73437e+07 
312 5.8011e+07 
313 5.86691e+07 
314 5.93469e+07 
315 6.00299e+07 
316 6.07253e+07 
317 6.14326e+07 
318 6.20923e+07 
319 6.27803e+07 
320 6.34526e+07 
321 6.41328e+07 
322 6.48435e+07 
323 6.55407e+07 
324 6.6205e+07 
325 6.68484e+07 
326 6.75295e+07 
327 6.81755e+07 
328 6.88497e+07 
329 6.9521e+07 
330 7.01591e+07 
331 7.08002e+07 
332 7.14762e+07 
333 7.2173e+07 
334 7.29171e+07 
335 7.36336e+07 
336 7.43792e+07 
337 7.51209e+07 
338 7.58697e+07 
339 7.66209e+07 
340 7.73306e+07 
341 7.80801e+07 
342 7.88093e+07 
343 7.95713e+07 
344 8.03044e+07 
345 8.10925e+07 
346 8.18169e+07 
347 8.25289e+07 
348 8.3238e+07 
349 8.39743e+07 
350 8.46872e+07 
351 8.54069e+07 
352 8.60878e+07 
353 8.67137e+07 
354 8.73699e+07 
355 8.80201e+07 
356 8.86116e+07 
357 8.92215e+07 
358 8.97848e+07 
359 9.0378e+07 
360 9.09557e+07 
361 9.15354e+07 
362 9.20641e+07 
363 9.25766e+07 
364 9.31262e+07 
365 9.36572e+07 
366 9.41789e+07 
367 9.46798e+07 
368 9.52259e+07 
369 9.57614e+07 
370 9.6295e+07 
371 9.6793e+07 
372 9.73386e+07 
373 9.78493e+07 
374 9.83587e+07 
375 9.88083e+07 
376 9.9217e+07 
377 9.96037e+07 
378 1.0001e+08 
379 1.00417e+08 
380 1.00738e+08 
381 1.01027e+08 
382 1.01243e+08 
383 1.01456e+08 
384 1.01638e+08 
385 1.01829e+08 
386 1.01996e+08 
387 1.0213e+08 
388 1.02279e+08 
389 1.02441e+08 
390 1.02592e+08 
391 1.02735e+08 
392 1.02874e+08 
393 1.02974e+08 
394 1.03029e+08 
395 1.03132e+08 
396 1.0317e+08 
397 1.03186e+08 
398 1.03208e+08 
399 1.03202e+08 
400 1.03229e+08 
401 1.03252e+08 
402 1.0328e+08 
403 1.03296e+08 
404 1.03345e+08 
405 1.03405e+08 
406 1.03479e+08 
407 1.03597e+08 
408 1.03663e+08 
409 1.03699e+08 
410 1.03752e+08 
411 1.03759e+08 
412 1.0374e+08 
413 1.03762e+08 
414 1.03752e+08 
415 1.03773e+08 
416 1.03769e+08 
417 1.0373e+08 
418 1.03713e+08 
419 1.03708e+08 
420 1.03752e+08 
421 1.03718e+08 
422 1.03684e+08 
423 1.03674e+08 
424 1.03657e+08 
425 1.03681e+08 
426 1.03686e+08 
427 1.03741e+08 
428 1.03775e+08 
429 1.03849e+08 
430 1.03936e+08 
431 1.04048e+08 
432 1.0412e+08 
433 1.04177e+08 
434 1.04293e+08 
435 1.04391e+08 
436 1.04503e+08 
437 1.04536e+08 
438 1.04646e+08 
439 1.04741e+08 
440 1.04822e+08 
441 1.04874e+08 
442 1.04931e+08 
443 1.04927e+08 
444 1.04961e+08 
445 1.04986e+08 
446 1.04991e+08 
447 1.04962e+08 
448 1.04972e+08 
449 1.0491e+08 
450 1.04859e+08 
451 1.0476e+08 
452 1.04655e+08 
453 1.04519e+08 
454 1.04333e+08 
455 1.04082e+08 
456 1.03845e+08 
457 1.03523e+08 
458 1.03224e+08 
459 1.02911e+08 
460 1.02502e+08 
461 1.02073e+08 
462 1.01614e+08 
463 1.0118e+08 
464 1.00721e+08 
465 1.00256e+08 
466 9.9792e+07 
467 9.92795e+07 
468 9.87677e+07 
469 9.82345e+07 
470 9.76592e+07 
471 9.71105e+07 
472 9.64993e+07 
473 9.58598e+07 
474 9.51983e+07 
475 9.45502e+07 
476 9.38797e+07 
477 9.31726e+07 
478 9.25397e+07 
479 9.18771e+07 
480 9.12373e+07 
481 9.05537e+07 
482 8.98801e+07 
483 8.91671e+07 
484 8.84219e+07 
485 8.76308e+07 
486 8.67993e+07 
487 8.58792e+07 
488 8.49376e+07 
489 8.39901e+07 
490 8.30041e+07 
491 8.20135e+07 
492 8.10279e+07 
493 8.00429e+07 
494 7.90562e+07 
495 7.80029e+07 
496 7.69367e+07 
497 7.58724e+07 
498 7.4801e+07 
499 7.37998e+07 
500 7.27823e+07 
501 7.17692e+07 
502 7.07225e+07 
503 6.96864e+07 
504 6.86477e+07 
505 6.75938e+07 
506 6.65736e+07 
507 6.55538e+07 
508 6.45591e+07 
509 6.35432e+07 
510 6.25599e+07 
511 6.16387e+07 
512 6.07374e+07 
513 5.98456e+07 
514 5.90124e+07 
515 5.8197e+07 
516 5.7383e+07 
517 5.66018e+07 
518 5.58655e+07 
519 5.51358e+07 
520 5.43928e+07 
521 5.37063e+07 
522 5.29828e+07 
523 5.23375e+07 
524 5.16825e+07 
525 5.10588e+07 
526 5.04296e+07 
527 4.98314e+07 
528 4.92466e+07 
529 4.86616e+07 
530 4.80794e+07 
531 4.75391e+07 
532 4.70211e+07 
533 4.65154e+07 
534 4.60194e+07 
535 4.55103e+07 
536 4.50303e+07 
537 4.45649e+07 
538 4.4128e+07 
539 4.36512e+07 
540 4.31769e+07 
541 4.27351e+07 
542 4.22809e+07 
543 4.18328e+07 
544 4.13933e+07 
545 4.09575e+07 
546 4.05215e+07 
547 4.01114e+07 
548 3.97119e+07 
549 3.93205e+07 
550 3.89243e+07 
551 3.85256e+07 
552 3.81415e+07 
553 3.77482e+07 
554 3.731e+07 
555 3.69466e+07 
556 3.65866e+07 
557 3.62209e+07 
558 3.58964e+07 
559 3.55764e+07 
560 3.526e+07 
561 3.49729e+07 
562 3.46534e+07 
563 3.43406e+07 
564 3.4054e+07 
565 3.37537e+07 
566 3.3444e+07 
567 3.31122e+07 
568 3.27858e+07 
569 3.24797e+07 
570 3.21634e+07 
571 3.18572e+07 
572 3.15636e+07 
573 3.12532e+07 
574 3.09255e+07 
575 3.06012e+07 
576 3.02627e+07 
577 2.99221e+07 
578 2.95959e+07 
579 2.92673e+07 
580 2.89549e+07 
581 2.86093e+07 
582 2.82578e+07 
583 2.79103e+07 
584 2.75723e+07 
585 2.7211e+07 
586 2.68538e+07 
587 2.64833e+07 
588 2.61134e+07 
589 2.57409e+07 
590 2.53749e+07 
591 2.50054e+07 
592 2.46625e+07 
593 2.43139e+07 
594 2.39814e+07 
595 2.36419e+07 
596 2.33083e+07 
597 2.29967e+07 
598 2.26879e+07 
599 2.23835e+07 
600 2.20754e+07 
601 2.17831e+07 
602 2.151e+07 
603 2.12217e+07 
604 2.09544e+07 
605 2.06665e+07 
606 2.03903e+07 
607 2.011e+07 
608 1.98245e+07 
609 1.95583e+07 
610 1.92884e+07 
611 1.90265e+07 
612 1.87555e+07 
613 1.84852e+07 
614 1.82201e+07 
615 1.79404e+07 
616 1.76707e+07 
617 1.73864e+07 
618 1.7107e+07 
619 1.6844e+07 
620 1.65933e+07 
621 1.63228e+07 
622 1.60431e+07 
623 1.57832e+07 
624 1.55281e+07 
625 1.52727e+07 
626 1.49989e+07 
627 1.47387e+07 
628 1.44976e+07 
629 1.42605e+07 
630 1.39965e+07 
631 1.37429e+07 
632 1.35025e+07 
633 1.32468e+07 
634 1.29838e+07 
635 1.27297e+07 
636 1.24674e+07 
637 1.22065e+07 
638 1.19582e+07 
639 1.16978e+07 
640 1.14402e+07 
641 1.1203e+07 
642 1.09575e+07 
643 1.0719e+07 
644 1.04782e+07 
645 1.02362e+07 
646 9.99376e+06 
647 9.76927e+06 
648 9.53672e+06 
649 9.30344e+06 
650 9.08301e+06 
651 8.86036e+06 
652 8.63882e+06 
653 8.42894e+06 
654 8.21803e+06 
655 8.01128e+06 
656 7.80141e+06 
657 7.60442e+06 
658 7.40813e+06 
659 7.22147e+06 
660 7.03099e+06 
661 6.85223e+06 
662 6.67558e+06 
663 6.5078e+06 
664 6.35297e+06 
665 6.20074e+06 
666 6.05513e+06 
667 5.90985e+06 
668 5.76022e+06 
669 5.6304e+06 
670 5.49955e+06 
671 5.36933e+06 
672 5.24572e+06 
673 5.12478e+06 
674 5.01141e+06 
675 4.91667e+06 
676 4.81309e+06 
677 4.73536e+06 
678 4.66736e+06 
679 4.60767e+06 
680 4.55437e+06 
681 4.51356e+06 
682 4.48362e+06 
683 4.4474e+06 
684 4.42876e+06 
685 4.39216e+06 
686 4.37257e+06 
687 4.35562e+06 
688 4.33578e+06 
689 4.32076e+06 
690 4.29842e+06 
691 4.28155e+06 
692 4.26344e+06 
693 4.25795e+06 
694 4.24501e+06 
695 4.22781e+06 
696 4.20492e+06 
697 4.18354e+06 
698 4.16625e+06 
699 4.14683e+06 
700 4.12457e+06 
701 4.09534e+06 
702 4.06854e+06 
703 4.04177e+06 
704 4.01289e+06 
705 3.98655e+06 
706 3.9528e+06 
707 3.91643e+06 
708 3.87898e+06 
709 3.84027e+06 
710 3.78822e+06 
711 3.74212e+06 
712 3.68978e+06 
713 3.63442e+06 
714 3.5685e+06 
715 3.505e+06 
716 3.43904e+06 
717 3.37425e+06 
718 3.30611e+06 
719 3.23217e+06 
720 3.15603e+06 
721 3.07807e+06 
722 3.00616e+06 
723 2.9314e+06 
724 2.8528e+06 
725 2.77682e+06 
726 2.6978e+06 
727 2.61621e+06 
728 2.53392e+06 
729 2.45823e+06 
730 2.37959e+06 
731 2.30837e+06 
732 2.23564e+06 
733 2.17471e+06 
734 2.10636e+06 
735 2.04554e+06 
736 1.98105e+06 
737 1.91256e+06 
738 1.85097e+06 
739 1.79084e+06 
740 1.73399e+06 
741 1.6715e+06 
742 1.61943e+06 
743 1.56439e+06 
744 1.5086e+06 
745 1.46284e+06 
746 1.42299e+06 
747 1.38138e+06 
748 1.33032e+06 
749 1.28672e+06 
750 1.23827e+06 
751 1.19674e+06 
752 1.15896e+06 
753 1.12097e+06 
754 1.08327e+06 
755 1.0378e+06 
756 1.00179e+06 
757 965204 
758 931713 
759 895137 
760 861387 
761 826915 
762 792322 
763 759026 
764 725298 
765 694669 
766 659077 
767 626493 
768 593976 
769 565081 
770 529897 
771 494344 
772 461431 
773 427480 
774 393677 
775 362097 
776 332807 
777 305149 
778 280799 
779 254908 
780 229692 
781 204788 
782 182493 
783 161132 
784 140503 
785 122296 
786 105439 
787 91674 
788 78862 
789 67275 
790 57705 
791 48193 
792 39554 
793 32002 
794 26724 
795 21706 
796 17310 
797 12844 
798 9362 
799 6538 
