0 0 
1 0 
2 0 
3 0 
4 0 
5 0 
6 0 
7 0 
8 0 
9 0 
10 0 
11 0 
12 0 
13 0 
14 0 
15 0 
16 0 
17 0 
18 0 
19 0 
20 0 
21 0 
22 0 
23 0 
24 0 
25 0 
26 0 
27 0 
28 0 
29 0 
30 0 
31 0 
32 0 
33 0 
34 0 
35 0 
36 0 
37 0 
38 0 
39 0 
40 0 
41 0 
42 0 
43 0 
44 0 
45 0 
46 0 
47 0 
48 0 
49 0 
50 0 
51 0 
52 0 
53 0 
54 0 
55 0 
56 0 
57 0 
58 0 
59 0 
60 0 
61 0 
62 0 
63 0 
64 0 
65 0 
66 0 
67 0 
68 0 
69 0 
70 0 
71 0 
72 0 
73 0 
74 0 
75 0 
76 0 
77 0 
78 0 
79 0 
80 0 
81 0 
82 0 
83 0 
84 0 
85 0 
86 0 
87 0 
88 0 
89 0 
90 0 
91 0 
92 0 
93 0 
94 0 
95 0 
96 0 
97 0 
98 0 
99 0 
100 0 
101 0 
102 0 
103 0 
104 0 
105 0 
106 0 
107 0 
108 0 
109 0 
110 0 
111 0 
112 0 
113 0 
114 0 
115 0 
116 0 
117 0 
118 0 
119 0 
120 0 
121 0 
122 0 
123 0 
124 0 
125 0 
126 0 
127 0 
128 0 
129 0 
130 0 
131 0 
132 0 
133 0 
134 0 
135 0 
136 0 
137 0 
138 0 
139 0 
140 0 
141 0 
142 0 
143 0 
144 0 
145 0 
146 0 
147 0 
148 0 
149 0 
150 0 
151 0 
152 0 
153 0 
154 0 
155 0 
156 0 
157 0 
158 0 
159 0 
160 0 
161 0 
162 0 
163 0 
164 0 
165 0 
166 0 
167 0 
168 0 
169 0 
170 0 
171 0 
172 0 
173 0 
174 0 
175 0 
176 0 
177 0 
178 0 
179 0 
180 0 
181 0 
182 0 
183 0 
184 0 
185 0 
186 0 
187 0 
188 0 
189 0 
190 0 
191 0 
192 0 
193 0 
194 0 
195 0 
196 0 
197 0 
198 0 
199 0 
200 0 
201 0 
202 0 
203 0 
204 0 
205 0 
206 0 
207 0 
208 0 
209 0 
210 0 
211 0 
212 0 
213 0 
214 0 
215 0 
216 0 
217 0 
218 0 
219 0 
220 0 
221 0 
222 0 
223 0 
224 0 
225 0 
226 0 
227 0 
228 0 
229 0 
230 0 
231 0 
232 0 
233 0 
234 0 
235 0 
236 0 
237 0 
238 0 
239 0 
240 0 
241 0 
242 0 
243 0 
244 0 
245 0 
246 0 
247 0 
248 0 
249 0 
250 0 
251 0 
252 0 
253 0 
254 0 
255 0 
256 0 
257 0 
258 0 
259 0 
260 0 
261 0 
262 0 
263 0 
264 0 
265 20 
266 112 
267 269 
268 742 
269 1864 
270 3399 
271 5701 
272 10002 
273 16068 
274 23554 
275 32775 
276 43213 
277 58129 
278 78854 
279 103745 
280 141615 
281 187715 
282 249517 
283 316402 
284 397040 
285 496573 
286 620285 
287 763531 
288 912858 
289 1.09575e+06 
290 1.29445e+06 
291 1.51471e+06 
292 1.75665e+06 
293 2.02877e+06 
294 2.33331e+06 
295 2.68172e+06 
296 3.09133e+06 
297 3.56887e+06 
298 4.03129e+06 
299 4.53488e+06 
300 5.08604e+06 
301 5.69282e+06 
302 6.34695e+06 
303 7.03536e+06 
304 7.79731e+06 
305 8.58709e+06 
306 9.38554e+06 
307 1.02286e+07 
308 1.10306e+07 
309 1.18763e+07 
310 1.26753e+07 
311 1.3454e+07 
312 1.43415e+07 
313 1.52699e+07 
314 1.62361e+07 
315 1.71653e+07 
316 1.80029e+07 
317 1.88706e+07 
318 1.96929e+07 
319 2.04973e+07 
320 2.13779e+07 
321 2.22303e+07 
322 2.30485e+07 
323 2.37962e+07 
324 2.44922e+07 
325 2.51478e+07 
326 2.58244e+07 
327 2.65744e+07 
328 2.73535e+07 
329 2.81579e+07 
330 2.9008e+07 
331 2.99231e+07 
332 3.07993e+07 
333 3.16648e+07 
334 3.25178e+07 
335 3.3315e+07 
336 3.39921e+07 
337 3.45365e+07 
338 3.51369e+07 
339 3.5728e+07 
340 3.64914e+07 
341 3.74128e+07 
342 3.8573e+07 
343 3.99225e+07 
344 4.14169e+07 
345 4.29501e+07 
346 4.45909e+07 
347 4.63964e+07 
348 4.83361e+07 
349 5.04321e+07 
350 5.27816e+07 
351 5.53995e+07 
352 5.82151e+07 
353 6.11903e+07 
354 6.42478e+07 
355 6.75212e+07 
356 7.11531e+07 
357 7.51552e+07 
358 7.95664e+07 
359 8.42734e+07 
360 8.94772e+07 
361 9.54125e+07 
362 1.01938e+08 
363 1.08916e+08 
364 1.16438e+08 
365 1.24375e+08 
366 1.32811e+08 
367 1.41569e+08 
368 1.50421e+08 
369 1.59502e+08 
370 1.6875e+08 
371 1.78214e+08 
372 1.87625e+08 
373 1.96773e+08 
374 2.05748e+08 
375 2.14539e+08 
376 2.2334e+08 
377 2.32169e+08 
378 2.40899e+08 
379 2.49776e+08 
380 2.58973e+08 
381 2.68596e+08 
382 2.78665e+08 
383 2.8879e+08 
384 2.98933e+08 
385 3.09379e+08 
386 3.20102e+08 
387 3.31127e+08 
388 3.42429e+08 
389 3.54078e+08 
390 3.6615e+08 
391 3.78102e+08 
392 3.89888e+08 
393 4.01069e+08 
394 4.11624e+08 
395 4.21418e+08 
396 4.30668e+08 
397 4.3914e+08 
398 4.46181e+08 
399 4.51626e+08 
400 4.55024e+08 
401 4.56102e+08 
402 4.55168e+08 
403 4.52361e+08 
404 4.47762e+08 
405 4.42141e+08 
406 4.35573e+08 
407 4.28095e+08 
408 4.19835e+08 
409 4.10718e+08 
410 4.01084e+08 
411 3.90825e+08 
412 3.80243e+08 
413 3.69364e+08 
414 3.57892e+08 
415 3.46389e+08 
416 3.35058e+08 
417 3.24133e+08 
418 3.13313e+08 
419 3.02743e+08 
420 2.92528e+08 
421 2.8241e+08 
422 2.7257e+08 
423 2.62865e+08 
424 2.53153e+08 
425 2.43409e+08 
426 2.33467e+08 
427 2.2346e+08 
428 2.13559e+08 
429 2.03806e+08 
430 1.94296e+08 
431 1.84791e+08 
432 1.75099e+08 
433 1.65149e+08 
434 1.55125e+08 
435 1.45134e+08 
436 1.35263e+08 
437 1.25665e+08 
438 1.16418e+08 
439 1.07465e+08 
440 9.90043e+07 
441 9.08937e+07 
442 8.32333e+07 
443 7.61866e+07 
444 6.96906e+07 
445 6.37117e+07 
446 5.8318e+07 
447 5.33621e+07 
448 4.89532e+07 
449 4.49701e+07 
450 4.13872e+07 
451 3.82085e+07 
452 3.54151e+07 
453 3.28238e+07 
454 3.05475e+07 
455 2.84245e+07 
456 2.64825e+07 
457 2.47712e+07 
458 2.32096e+07 
459 2.17688e+07 
460 2.04285e+07 
461 1.91536e+07 
462 1.79758e+07 
463 1.68977e+07 
464 1.59274e+07 
465 1.50246e+07 
466 1.41738e+07 
467 1.33233e+07 
468 1.25135e+07 
469 1.16879e+07 
470 1.07828e+07 
471 9.90119e+06 
472 9.02002e+06 
473 8.15643e+06 
474 7.31001e+06 
475 6.47759e+06 
476 5.68014e+06 
477 4.93132e+06 
478 4.2383e+06 
479 3.57345e+06 
480 2.97274e+06 
481 2.44008e+06 
482 1.98686e+06 
483 1.59204e+06 
484 1.26031e+06 
485 984526 
486 756386 
487 576653 
488 430270 
489 314848 
490 230251 
491 169788 
492 121204 
493 82355 
494 54649 
495 35891 
496 21847 
497 12439 
498 7106 
499 3365 
500 1338 
501 697 
502 290 
503 103 
504 32 
505 4 
506 0 
507 0 
508 0 
509 0 
510 0 
511 0 
512 0 
513 0 
514 0 
515 0 
516 0 
517 0 
518 0 
519 0 
520 0 
521 0 
522 0 
523 0 
524 0 
525 0 
526 0 
527 0 
528 0 
529 0 
530 0 
531 0 
532 0 
533 0 
534 0 
535 0 
536 0 
537 0 
538 0 
539 0 
540 0 
541 0 
542 0 
543 0 
544 0 
545 0 
546 0 
547 0 
548 0 
549 0 
550 0 
551 0 
552 0 
553 0 
554 0 
555 0 
556 0 
557 0 
558 0 
559 0 
560 0 
561 0 
562 0 
563 0 
564 0 
565 0 
566 0 
567 0 
568 0 
569 0 
570 0 
571 0 
572 0 
573 0 
574 0 
575 0 
576 0 
577 0 
578 0 
579 0 
580 0 
581 0 
582 0 
583 0 
584 0 
585 0 
586 0 
587 0 
588 0 
589 0 
590 0 
591 0 
592 0 
593 0 
594 0 
595 0 
596 0 
597 0 
598 0 
599 0 
600 0 
601 0 
602 0 
603 0 
604 0 
605 0 
606 0 
607 0 
608 0 
609 0 
610 0 
611 0 
612 0 
613 0 
614 0 
615 0 
616 0 
617 0 
618 0 
619 0 
620 0 
621 0 
622 0 
623 0 
624 0 
625 0 
626 0 
627 0 
628 0 
629 0 
630 0 
631 0 
632 0 
633 0 
634 0 
635 0 
636 0 
637 0 
638 0 
639 0 
640 0 
641 0 
642 0 
643 0 
644 0 
645 0 
646 0 
647 0 
648 0 
649 0 
650 0 
651 0 
652 0 
653 0 
654 0 
655 0 
656 0 
657 0 
658 0 
659 0 
660 0 
661 0 
662 0 
663 0 
664 0 
665 0 
666 0 
667 0 
668 0 
669 0 
670 0 
671 0 
672 0 
673 0 
674 0 
675 0 
676 0 
677 0 
678 0 
679 0 
680 0 
681 0 
682 0 
683 0 
684 0 
685 0 
686 0 
687 0 
688 0 
689 0 
690 0 
691 0 
692 0 
693 0 
694 0 
695 0 
696 0 
697 0 
698 0 
699 0 
700 0 
701 0 
702 0 
703 0 
704 0 
705 0 
706 0 
707 0 
708 0 
709 0 
710 0 
711 0 
712 0 
713 0 
714 0 
715 0 
716 0 
717 0 
718 0 
719 0 
720 0 
721 0 
722 0 
723 0 
724 0 
725 0 
726 0 
727 0 
728 0 
729 0 
730 0 
731 0 
732 0 
733 0 
734 0 
735 0 
736 0 
737 0 
738 0 
739 0 
740 0 
741 0 
742 0 
743 0 
744 0 
745 0 
746 0 
747 0 
748 0 
749 0 
750 0 
751 0 
752 0 
753 0 
754 0 
755 0 
756 0 
757 0 
758 0 
759 0 
760 0 
761 0 
762 0 
763 0 
764 0 
765 0 
766 0 
767 0 
768 0 
769 0 
770 0 
771 0 
772 0 
773 0 
774 0 
775 0 
776 0 
777 0 
778 0 
779 0 
780 0 
781 0 
782 0 
783 0 
784 0 
785 0 
786 0 
787 0 
788 0 
789 0 
790 0 
791 0 
792 0 
793 0 
794 0 
795 0 
796 0 
797 0 
798 0 
799 0 
