0 50
1 49
2 47
3 43
4 43
5 46
6 49
7 44
8 44
9 40
10 41
11 45
12 50
13 49
14 51
15 52
16 53
17 52
18 48
19 47
20 50
21 49
22 44
23 41
24 41
25 41
26 40
27 38
28 39
29 39
30 40
31 37
32 38
33 34
34 34
35 33
36 28
37 37
38 35
39 38
40 45
41 44
42 44
43 44
44 45
45 45
46 43
47 44
48 43
49 43
50 46
51 46
52 46
53 45
54 45
55 41
56 45
57 54
58 54
59 55
60 55
61 45
62 44
63 38
64 38
65 37
66 36
67 36
68 36
69 35
70 34
71 33
72 34
73 35
74 33
75 34
76 35
77 35
78 34
79 24
80 25
81 25
82 21
83 18
84 19
85 25
86 26
87 34
88 37
89 25
90 25
91 21
92 22
93 17
94 22
95 23
96 30
97 32
98 32
99 35
100 34
101 34
102 33
103 28
104 27
105 20
106 20
107 19
108 23
109 19
110 23
111 23
112 12
113 12
114 12
115 10
116 15
117 14
118 17
119 16
120 12
121 12
122 13
123 8
124 13
125 14
126 27
127 33
128 36
129 35
130 35
131 33
132 29
133 30
134 30
135 27
136 29
137 21
138 21
139 21
140 21
141 18
142 18
143 20
144 18
145 16
146 19
147 18
148 15
149 16
150 7
151 6
152 9
153 14
154 14
155 24
156 20
157 22
158 21
159 23
160 19
161 21
162 21
163 23
164 21
165 19
166 20
167 22
168 27
169 29
170 28
171 28
172 33
173 39
174 36
175 35
176 37
177 37
178 32
179 31
180 31
181 31
182 30
183 29
184 32
185 32
186 33
187 33
188 28
189 28
190 25
191 21
192 17
193 21
194 23
195 23
196 19
197 19
198 18
199 20
200 19
201 14
202 14
203 17
204 23
205 23
206 20
207 19
208 10
209 9
210 7
211 9
212 11
213 13
214 16
215 16
216 16
217 14
218 15
219 14
220 15
221 10
222 11
223 10
224 11
225 15
226 16
227 14
228 15
229 16
230 16
231 22
232 20
233 21
234 23
235 26
236 26
237 24
238 25
239 24
240 25
241 25
242 26
243 28
244 32
245 34
246 40
247 42
248 46
249 46
250 48
251 44
252 46
253 46
254 47
255 49
