0 -2
1 -3
2 -6
3 -1
4 -1
5 -4
6 -4
7 1
8 -15
9 -7
10 -8
11 -3
12 -10
13 -6
14 -5
15 -6
16 1
17 -1
18 -4
19 -5
20 -6
21 6
22 7
23 -1
24 1
25 -4
26 -4
27 -7
28 -3
29 -2
30 -3
31 -6
32 -10
33 -1
34 -2
35 -2
36 2
37 2
38 -5
39 -19
40 -12
41 -9
42 -6
43 -13
44 -17
45 -10
46 -11
47 -3
48 -7
49 -7
50 -5
51 -5
52 5
53 0
54 5
55 -3
56 -3
57 -4
58 -4
59 0
60 7
61 6
62 5
63 8
64 10
65 14
66 9
67 12
68 -7
69 -11
70 3
71 3
72 12
73 24
74 20
75 -5
76 2
77 -1
78 -7
79 -6
80 5
81 4
82 0
83 -12
84 -11
85 -15
86 -24
87 -24
88 -25
89 -25
90 -19
91 -6
92 -2
93 3
94 4
95 6
96 6
97 14
98 17
99 22
100 14
101 14
102 14
103 15
104 21
105 17
106 12
107 5
108 2
109 -1
110 -7
111 -3
112 -3
113 -5
114 -7
115 -9
116 -1
117 -7
118 16
119 15
120 23
121 24
122 20
123 19
124 14
125 7
126 9
127 1
128 3
129 3
130 0
131 0
132 6
133 5
134 2
135 -2
136 -2
137 -1
138 -5
139 -4
140 -4
141 11
142 12
143 6
144 6
145 -3
146 -3
147 0
148 2
149 -4
150 -2
151 6
152 6
153 7
154 2
155 4
156 4
157 7
158 11
159 11
160 4
161 3
162 -3
163 -1
164 -4
165 1
166 -5
167 -2
168 4
169 10
170 1
171 6
172 3
173 8
174 6
175 8
176 9
177 6
178 8
179 10
180 6
181 7
182 5
183 7
184 6
185 8
186 3
187 5
188 3
189 6
190 8
191 0
192 -3
193 -1
194 4
195 -2
196 0
197 2
198 2
199 2
200 -2
201 1
202 2
203 17
204 18
205 17
206 17
207 7
208 24
209 22
210 24
211 26
212 27
213 18
214 13
215 10
216 22
217 20
218 18
219 12
220 14
221 15
222 15
223 4
224 -6
225 -3
226 -2
227 -7
228 1
229 -1
230 -1
231 0
232 -8
233 -12
234 -6
235 -14
236 -15
237 -13
238 -10
239 -8
240 -16
241 -19
242 -7
243 -10
244 -7
245 -7
246 -12
247 -12
248 -16
249 -7
250 -2
251 0
252 1
253 10
254 9
255 1
