0 -3
1 -2
2 -2
3 -2
4 -2
5 -3
6 -2
7 -2
8 0
9 -1
10 -3
11 -4
12 -5
13 -8
14 0
15 0
16 0
17 3
18 4
19 4
20 1
21 2
22 1
23 1
24 -2
25 -1
26 -2
27 -3
28 -3
29 -4
30 -6
31 -6
32 -6
33 -7
34 -4
35 -1
36 -5
37 -5
38 -5
39 -7
40 -6
41 -6
42 -5
43 -5
44 -5
45 -3
46 -5
47 -6
48 -5
49 -4
50 -3
51 0
52 -1
53 0
54 0
55 0
56 0
57 0
58 -2
59 -1
60 0
61 -1
62 4
63 4
64 1
65 2
66 2
67 2
68 7
69 1
70 7
71 7
72 5
73 5
74 3
75 2
76 1
77 0
78 -1
79 -3
80 -4
81 -3
82 -3
83 -5
84 -5
85 -2
86 -1
87 2
88 1
89 3
90 3
91 3
92 3
93 1
94 -1
95 -1
96 0
97 0
98 0
99 -1
100 1
101 2
102 2
103 2
104 6
105 3
106 4
107 4
108 3
109 3
110 4
111 4
112 3
113 6
114 6
115 4
116 3
117 3
118 4
119 4
120 4
121 6
122 4
123 4
124 3
125 3
126 2
127 4
128 2
129 2
130 3
131 3
132 5
133 2
134 2
135 2
136 3
137 0
138 0
139 -2
140 -5
141 -5
142 -5
143 -4
144 -4
145 -4
146 -3
147 -3
148 -3
149 -2
150 -3
151 -4
152 0
153 0
154 -3
155 -3
156 -3
157 -5
158 -5
159 -5
160 -5
161 -4
162 -4
163 -3
164 -4
165 0
166 1
167 0
168 0
169 0
170 1
171 0
172 0
173 -4
174 -3
175 -2
176 -2
177 0
178 1
179 0
180 0
181 1
182 3
183 2
184 0
185 -2
186 -1
187 -1
188 -2
189 -2
190 -3
191 -2
192 -2
193 -2
194 -2
195 -2
196 -2
197 -4
198 -1
199 -1
200 0
201 0
202 -1
203 -3
204 -2
205 -2
206 -1
207 1
208 0
209 0
210 0
211 -1
212 -4
213 -5
214 -4
215 -5
216 -5
217 -4
218 -1
219 -1
220 -2
221 0
222 0
223 -2
224 -2
225 0
226 0
227 1
228 0
229 -3
230 -3
231 -4
232 -4
233 -4
234 -3
235 -2
236 -2
237 -1
238 -2
239 0
240 0
241 2
242 2
243 2
244 3
245 3
246 3
247 2
248 1
249 1
250 -1
251 -1
252 -1
253 -1
254 -1
255 -1
