0 1
1 7
2 4
3 3
4 2
5 3
6 5
7 4
8 2
9 1
10 2
11 -4
12 -9
13 -11
14 -15
15 -10
16 -9
17 -9
18 -9
19 -10
20 -9
21 -8
22 -9
23 -9
24 -8
25 -2
26 -1
27 5
28 8
29 8
30 6
31 8
32 7
33 4
34 2
35 -1
36 0
37 -3
38 -4
39 -3
40 -7
41 -9
42 -8
43 -5
44 -3
45 0
46 0
47 0
48 0
49 0
50 -2
51 -3
52 -2
53 -8
54 -7
55 -7
56 -8
57 -2
58 -2
59 -1
60 -2
61 -5
62 -7
63 -5
64 -3
65 7
66 1
67 0
68 2
69 3
70 1
71 0
72 -1
73 1
74 -2
75 2
76 0
77 -1
78 0
79 3
80 -1
81 0
82 2
83 -1
84 -1
85 1
86 7
87 10
88 8
89 7
90 7
91 7
92 7
93 4
94 4
95 4
96 1
97 2
98 -1
99 -4
100 -1
101 -2
102 -1
103 -1
104 -3
105 -4
106 -5
107 -4
108 0
109 0
110 3
111 -3
112 -5
113 -1
114 2
115 1
116 1
117 -2
118 -1
119 -3
120 -4
121 -13
122 -13
123 -12
124 -14
125 -10
126 -10
127 -11
128 -11
129 -10
130 -5
131 -5
132 0
133 1
134 0
135 0
136 0
137 2
138 5
139 3
140 -5
141 -5
142 -4
143 -1
144 -4
145 -6
146 -7
147 -6
148 -4
149 0
150 0
151 -2
152 4
153 4
154 4
155 4
156 5
157 0
158 -2
159 -3
160 -3
161 -4
162 -6
163 -6
164 -8
165 -3
166 -8
167 -7
168 -5
169 0
170 1
171 3
172 3
173 -3
174 -3
175 -4
176 -6
177 -11
178 -13
179 -7
180 -3
181 0
182 0
183 6
184 5
185 5
186 8
187 7
188 7
189 8
190 5
191 6
192 5
193 2
194 6
195 5
196 7
197 5
198 6
199 5
200 4
201 3
202 9
203 9
204 2
205 3
206 2
207 2
208 7
209 8
210 9
211 10
212 14
213 11
214 15
215 13
216 9
217 10
218 6
219 8
220 10
221 11
222 14
223 11
224 10
225 10
226 10
227 11
228 12
229 12
230 12
231 12
232 12
233 12
234 6
235 6
236 4
237 6
238 2
239 -2
240 -1
241 6
242 4
243 4
244 5
245 10
246 8
247 8
248 12
249 10
250 14
251 14
252 13
253 12
254 4
255 2
