0 -33
1 -43
2 -51
3 -39
4 -31
5 -38
6 -36
7 -30
8 -25
9 -22
10 -21
11 -16
12 -16
13 -23
14 -30
15 -46
16 -34
17 -28
18 -27
19 -13
20 -10
21 -5
22 -7
23 -8
24 7
25 10
26 11
27 14
28 14
29 5
30 9
31 7
32 3
33 3
34 7
35 6
36 -5
37 -30
38 -30
39 -32
40 -23
41 -23
42 -19
43 -20
44 -22
45 -24
46 -24
47 -26
48 -26
49 -27
50 -37
51 -37
52 -38
53 -40
54 -41
55 -18
56 -26
57 -19
58 -18
59 -19
60 -29
61 -31
62 -24
63 -24
64 -24
65 -25
66 -24
67 -25
68 -25
69 -20
70 -21
71 -24
72 -24
73 -22
74 -14
75 -26
76 -23
77 -29
78 -24
79 -23
80 -29
81 -28
82 -22
83 -33
84 -27
85 -28
86 -30
87 -31
88 -17
89 -20
90 -24
91 -31
92 -31
93 -41
94 -38
95 -36
96 -34
97 -36
98 -33
99 -31
100 -22
101 -24
102 -24
103 -13
104 -12
105 -12
106 -16
107 -15
108 -12
109 -8
110 -6
111 1
112 -2
113 -11
114 -9
115 -16
116 -17
117 -14
118 -2
119 3
120 10
121 13
122 13
123 18
124 25
125 29
126 32
127 26
128 22
129 17
130 19
131 19
132 19
133 3
134 2
135 3
136 11
137 -10
138 -8
139 -7
140 -11
141 -16
142 -15
143 -9
144 -10
145 -9
146 -9
147 -9
148 -5
149 6
150 1
151 10
152 9
153 2
154 0
155 -2
156 1
157 -5
158 -4
159 -9
160 -16
161 -26
162 -22
163 -15
164 -17
165 -22
166 -21
167 -19
168 -21
169 -10
170 -1
171 4
172 18
173 19
174 20
175 24
176 28
177 36
178 32
179 41
180 61
181 59
182 42
183 44
184 41
185 37
186 37
187 35
188 33
189 32
190 25
191 26
192 28
193 28
194 29
195 30
196 28
197 19
198 13
199 18
200 17
201 -2
202 -2
203 3
204 6
205 7
206 1
207 15
208 12
209 12
210 4
211 8
212 6
213 0
214 1
215 0
216 6
217 4
218 4
219 0
220 0
221 -6
222 -5
223 -5
224 -9
225 -10
226 -8
227 -8
228 -10
229 -14
230 -18
231 -13
232 -7
233 -10
234 -8
235 -13
236 -10
237 -14
238 -10
239 -9
240 -16
241 -7
242 -11
243 -13
244 -20
245 -9
246 -11
247 -12
248 -13
249 -10
250 -9
251 -13
252 -16
253 -23
254 -30
255 -38
