0 22
1 16
2 13
3 13
4 16
5 13
6 14
7 11
8 5
9 12
10 12
11 13
12 13
13 11
14 13
15 11
16 14
17 12
18 12
19 12
20 15
21 17
22 13
23 12
24 10
25 16
26 14
27 17
28 19
29 32
30 32
31 26
32 31
33 32
34 30
35 34
36 29
37 31
38 34
39 30
40 29
41 28
42 28
43 27
44 32
45 35
46 39
47 38
48 31
49 34
50 31
51 45
52 44
53 47
54 46
55 41
56 41
57 39
58 41
59 41
60 32
61 40
62 35
63 35
64 29
65 32
66 32
67 35
68 31
69 33
70 35
71 31
72 29
73 23
74 25
75 29
76 36
77 34
78 20
79 20
80 18
81 33
82 39
83 38
84 45
85 44
86 44
87 42
88 43
89 46
90 46
91 48
92 52
93 52
94 43
95 47
96 42
97 42
98 42
99 42
100 41
101 42
102 39
103 41
104 40
105 61
106 60
107 61
108 61
109 61
110 53
111 53
112 49
113 46
114 50
115 47
116 53
117 54
118 59
119 59
120 52
121 50
122 48
123 59
124 58
125 56
126 59
127 63
128 62
129 58
130 59
131 54
132 57
133 67
134 68
135 60
136 60
137 57
138 57
139 48
140 52
141 52
142 52
143 45
144 50
145 51
146 48
147 44
148 40
149 37
150 41
151 39
152 39
153 45
154 48
155 48
156 50
157 50
158 44
159 47
160 45
161 63
162 60
163 58
164 56
165 54
166 48
167 49
168 44
169 44
170 46
171 45
172 44
173 44
174 42
175 41
176 39
177 34
178 30
179 28
180 26
181 24
182 23
183 23
184 21
185 22
186 24
187 22
188 28
189 32
190 30
191 23
192 17
193 19
194 20
195 24
196 15
197 15
198 14
199 11
200 8
201 12
202 9
203 9
204 7
205 13
206 14
207 9
208 9
209 -2
210 -4
211 -4
212 -4
213 -4
214 -4
215 -6
216 -11
217 -6
218 -6
219 -8
220 -8
221 -4
222 -1
223 1
224 -8
225 -12
226 -12
227 -8
228 -7
229 -1
230 -2
231 -4
232 0
233 1
234 -8
235 -4
236 2
237 6
238 6
239 5
240 13
241 17
242 16
243 25
244 24
245 24
246 26
247 22
248 24
249 22
250 24
251 24
252 23
253 22
254 22
255 20
