0 -14
1 -16
2 -11
3 -10
4 -9
5 -10
6 3
7 2
8 -3
9 5
10 8
11 7
12 5
13 7
14 7
15 5
16 5
17 13
18 5
19 0
20 5
21 5
22 -2
23 -6
24 -6
25 -7
26 -4
27 -2
28 -1
29 5
30 -1
31 6
32 9
33 4
34 6
35 6
36 13
37 9
38 9
39 1
40 -1
41 -4
42 1
43 1
44 -4
45 4
46 3
47 -11
48 -15
49 -11
50 -5
51 -5
52 -6
53 3
54 -2
55 4
56 6
57 9
58 5
59 10
60 9
61 6
62 9
63 12
64 14
65 5
66 2
67 0
68 7
69 6
70 5
71 4
72 4
73 4
74 9
75 10
76 2
77 3
78 2
79 2
80 -5
81 13
82 10
83 5
84 -4
85 -11
86 -10
87 -2
88 3
89 2
90 2
91 1
92 9
93 10
94 10
95 9
96 2
97 1
98 0
99 -1
100 1
101 7
102 8
103 8
104 4
105 1
106 3
107 4
108 2
109 7
110 7
111 1
112 -5
113 -11
114 -12
115 -15
116 -19
117 -8
118 5
119 2
120 -5
121 -7
122 -5
123 2
124 -2
125 -4
126 -3
127 0
128 -9
129 -3
130 -1
131 -9
132 -10
133 -11
134 -10
135 -9
136 1
137 1
138 6
139 8
140 11
141 20
142 27
143 26
144 23
145 22
146 24
147 11
148 6
149 2
150 -10
151 -8
152 -8
153 -11
154 -1
155 -12
156 -8
157 1
158 6
159 -2
160 3
161 14
162 16
163 17
164 15
165 15
166 2
167 -2
168 0
169 -4
170 6
171 2
172 2
173 -1
174 5
175 9
176 6
177 7
178 4
179 0
180 1
181 -3
182 -2
183 2
184 -3
185 -7
186 -4
187 -2
188 1
189 5
190 4
191 3
192 -3
193 -2
194 -2
195 -5
196 -7
197 -6
198 -5
199 11
200 15
201 13
202 5
203 5
204 4
205 4
206 7
207 6
208 6
209 4
210 5
211 7
212 18
213 20
214 15
215 10
216 4
217 -6
218 -7
219 -5
220 5
221 6
222 16
223 15
224 11
225 10
226 1
227 6
228 5
229 8
230 7
231 4
232 6
233 8
234 6
235 6
236 4
237 10
238 14
239 1
240 0
241 3
242 3
243 3
244 5
245 4
246 4
247 2
248 5
249 -5
250 -2
251 -14
252 -7
253 -10
254 -13
255 -13
