0 1
1 2
2 2
3 -1
4 -1
5 -1
6 -1
7 0
8 0
9 0
10 1
11 1
12 1
13 2
14 2
15 2
16 6
17 6
18 6
19 4
20 2
21 2
22 2
23 1
24 1
25 1
26 1
27 2
28 1
29 1
30 0
31 0
32 -1
33 -1
34 0
35 2
36 -1
37 -1
38 0
39 0
40 1
41 1
42 1
43 1
44 0
45 0
46 1
47 0
48 0
49 0
50 0
51 0
52 1
53 1
54 2
55 2
56 2
57 2
58 1
59 2
60 3
61 0
62 0
63 0
64 2
65 2
66 0
67 0
68 0
69 0
70 -1
71 1
72 0
73 0
74 0
75 0
76 0
77 0
78 0
79 1
80 1
81 1
82 2
83 0
84 0
85 -2
86 1
87 0
88 0
89 0
90 0
91 1
92 1
93 2
94 1
95 -2
96 0
97 0
98 0
99 1
100 1
101 1
102 0
103 1
104 0
105 1
106 1
107 1
108 1
109 0
110 1
111 -1
112 -1
113 -1
114 -1
115 -2
116 -2
117 -2
118 -2
119 -1
120 -2
121 0
122 1
123 0
124 0
125 0
126 -1
127 -1
128 -1
129 -1
130 -1
131 1
132 1
133 1
134 1
135 0
136 0
137 -1
138 -1
139 -3
140 -5
141 -4
142 -4
143 -4
144 0
145 -1
146 1
147 1
148 1
149 1
150 -1
151 0
152 0
153 1
154 0
155 0
156 0
157 -2
158 0
159 -1
160 -2
161 -3
162 -3
163 -3
164 -4
165 -4
166 -4
167 0
168 0
169 0
170 0
171 0
172 -1
173 -2
174 -2
175 -1
176 -1
177 -3
178 -1
179 0
180 1
181 0
182 -2
183 -2
184 -1
185 0
186 0
187 0
188 1
189 0
190 0
191 0
192 2
193 2
194 3
195 2
196 0
197 -2
198 -3
199 -2
200 0
201 0
202 1
203 1
204 -1
205 -1
206 -3
207 -1
208 -1
209 -1
210 -2
211 -2
212 0
213 0
214 0
215 0
216 0
217 1
218 0
219 0
220 0
221 -1
222 -1
223 -1
224 -1
225 0
226 0
227 0
228 0
229 0
230 0
231 0
232 0
233 0
234 0
235 0
236 0
237 0
238 -1
239 -1
240 -1
241 -1
242 -1
243 1
244 0
245 0
246 1
247 1
248 2
249 1
250 2
251 2
252 -1
253 3
254 3
255 3
