0 -17
1 -16
2 -15
3 -18
4 -17
5 -13
6 -12
7 -10
8 -13
9 -11
10 -17
11 -3
12 -3
13 -15
14 -18
15 -13
16 -17
17 -16
18 -21
19 -21
20 -14
21 -13
22 -12
23 -11
24 -10
25 -9
26 -10
27 -12
28 -10
29 -7
30 -6
31 -12
32 -10
33 -2
34 3
35 9
36 6
37 4
38 5
39 2
40 4
41 4
42 5
43 13
44 12
45 14
46 15
47 17
48 18
49 11
50 9
51 0
52 3
53 3
54 9
55 11
56 8
57 11
58 11
59 3
60 -1
61 -2
62 -3
63 -3
64 -2
65 5
66 7
67 7
68 8
69 12
70 16
71 19
72 22
73 24
74 23
75 29
76 29
77 28
78 27
79 30
80 31
81 23
82 26
83 27
84 23
85 21
86 20
87 20
88 17
89 27
90 30
91 11
92 12
93 12
94 9
95 9
96 8
97 8
98 11
99 16
100 17
101 17
102 24
103 24
104 16
105 17
106 20
107 17
108 22
109 22
110 21
111 17
112 13
113 15
114 14
115 8
116 6
117 5
118 7
119 7
120 2
121 8
122 12
123 13
124 9
125 12
126 11
127 6
128 6
129 1
130 -3
131 -2
132 12
133 1
134 -6
135 -6
136 -8
137 -15
138 -18
139 -17
140 -9
141 -12
142 -12
143 -8
144 -4
145 -9
146 -8
147 -7
148 -9
149 -22
150 -22
151 -21
152 -15
153 -19
154 -24
155 -23
156 -16
157 -16
158 -11
159 -13
160 -11
161 -11
162 -13
163 -6
164 0
165 -5
166 -6
167 -6
168 -2
169 -16
170 -17
171 -19
172 -21
173 -10
174 -14
175 -4
176 -11
177 -8
178 -5
179 -5
180 0
181 3
182 -1
183 -7
184 -4
185 -4
186 -4
187 -6
188 -7
189 -6
190 -7
191 -8
192 -6
193 -1
194 -7
195 -7
196 2
197 3
198 1
199 2
200 1
201 2
202 1
203 -2
204 -4
205 -4
206 -9
207 -7
208 -10
209 4
210 1
211 3
212 -5
213 0
214 0
215 3
216 0
217 0
218 2
219 3
220 3
221 4
222 5
223 3
224 -4
225 -7
226 -8
227 -9
228 -3
229 -3
230 -1
231 11
232 14
233 11
234 11
235 13
236 -2
237 -8
238 -1
239 -6
240 -2
241 -4
242 -5
243 -3
244 -7
245 -5
246 -2
247 15
248 9
249 7
250 7
251 5
252 3
253 -3
254 -12
255 -4
