0 0
1 -2
2 -2
3 -2
4 -2
5 0
6 0
7 0
8 0
9 0
10 0
11 2
12 0
13 0
14 2
15 1
16 -1
17 -1
18 0
19 3
20 3
21 2
22 2
23 1
24 1
25 3
26 2
27 2
28 2
29 1
30 0
31 0
32 0
33 0
34 2
35 0
36 0
37 0
38 1
39 1
40 0
41 0
42 0
43 0
44 1
45 1
46 -1
47 0
48 0
49 -1
50 -1
51 0
52 -1
53 -1
54 -1
55 -1
56 0
57 -1
58 1
59 1
60 1
61 1
62 -1
63 0
64 0
65 0
66 0
67 0
68 0
69 -1
70 -1
71 0
72 1
73 1
74 0
75 0
76 0
77 0
78 1
79 -2
80 -1
81 -1
82 -1
83 -1
84 0
85 0
86 0
87 0
88 -1
89 0
90 0
91 0
92 -2
93 -2
94 -1
95 0
96 1
97 1
98 1
99 1
100 1
101 0
102 -2
103 0
104 1
105 0
106 0
107 0
108 1
109 0
110 0
111 0
112 0
113 0
114 1
115 1
116 1
117 0
118 0
119 1
120 1
121 -1
122 0
123 -1
124 -1
125 -1
126 0
127 0
128 -1
129 -2
130 -1
131 0
132 0
133 0
134 0
135 0
136 2
137 1
138 1
139 2
140 2
141 1
142 0
143 0
144 -1
145 -2
146 -2
147 0
148 0
149 0
150 0
151 1
152 -1
153 -1
154 0
155 0
156 -1
157 0
158 1
159 1
160 0
161 0
162 0
163 0
164 1
165 -1
166 -1
167 -1
168 -1
169 0
170 0
171 0
172 0
173 -1
174 -1
175 -1
176 2
177 2
178 0
179 1
180 1
181 0
182 0
183 0
184 0
185 0
186 1
187 1
188 3
189 3
190 -1
191 -2
192 0
193 0
194 -1
195 1
196 1
197 0
198 -2
199 0
200 0
201 1
202 0
203 0
204 0
205 0
206 0
207 -2
208 -3
209 -1
210 -1
211 -2
212 -2
213 -3
214 -1
215 -2
216 -1
217 -2
218 -1
219 1
220 -1
221 0
222 0
223 0
224 -1
225 0
226 0
227 0
228 1
229 -1
230 -1
231 -1
232 -1
233 -2
234 -2
235 -1
236 -1
237 -1
238 -1
239 0
240 0
241 0
242 0
243 0
244 -1
245 -2
246 -2
247 -1
248 -1
249 -1
250 0
251 -1
252 -1
253 0
254 0
255 0
