0 108
1 105
2 111
3 112
4 114
5 113
6 107
7 102
8 100
9 99
10 104
11 108
12 106
13 107
14 113
15 112
16 107
17 101
18 98
19 103
20 108
21 103
22 103
23 102
24 99
25 100
26 107
27 108
28 105
29 104
30 106
31 110
32 106
33 106
34 108
35 102
36 97
37 97
38 96
39 94
40 92
41 91
42 93
43 93
44 93
45 92
46 101
47 96
48 98
49 102
50 103
51 102
52 98
53 97
54 91
55 86
56 86
57 88
58 82
59 83
60 91
61 92
62 93
63 105
64 112
65 113
66 107
67 108
68 117
69 114
70 125
71 129
72 116
73 117
74 120
75 119
76 118
77 117
78 111
79 118
80 119
81 122
82 120
83 121
84 114
85 111
86 109
87 109
88 110
89 104
90 98
91 97
92 98
93 101
94 100
95 103
96 96
97 102
98 104
99 115
100 116
101 119
102 124
103 125
104 129
105 126
106 127
107 127
108 125
109 126
110 128
111 133
112 132
113 133
114 133
115 133
116 136
117 125
118 118
119 104
120 98
121 96
122 97
123 101
124 103
125 104
126 99
127 104
128 91
129 89
130 81
131 80
132 76
133 73
134 74
135 75
136 71
137 80
138 89
139 89
140 93
141 94
142 114
143 113
144 115
145 121
146 119
147 114
148 109
149 109
150 110
151 110
152 111
153 113
154 109
155 110
156 118
157 119
158 125
159 125
160 123
161 127
162 125
163 126
164 126
165 133
166 132
167 127
168 125
169 126
170 123
171 125
172 118
173 132
174 132
175 117
176 117
177 120
178 117
179 116
180 115
181 114
182 114
183 106
184 105
185 106
186 107
187 99
188 97
189 97
190 96
191 94
192 91
193 86
194 86
195 92
196 87
197 93
198 94
199 99
200 97
201 97
202 104
203 105
204 106
205 106
206 107
207 110
208 114
209 109
210 109
211 101
212 103
213 103
214 103
215 102
216 103
217 105
218 105
219 112
220 121
221 121
222 118
223 118
224 117
225 112
226 106
227 111
228 110
229 106
230 105
231 106
232 107
233 114
234 121
235 121
236 119
237 120
238 112
239 110
240 112
241 114
242 115
243 114
244 124
245 123
246 126
247 123
248 119
249 117
250 117
251 114
252 117
253 116
254 117
255 111
