0 -13
1 -9
2 -5
3 -6
4 -5
5 -6
6 -8
7 -8
8 -7
9 -7
10 -6
11 -4
12 -4
13 -7
14 -6
15 -6
16 -6
17 -5
18 -6
19 -4
20 -4
21 -4
22 -5
23 -4
24 -4
25 -6
26 -5
27 -4
28 -7
29 -7
30 -10
31 -10
32 -8
33 -9
34 -5
35 -9
36 -10
37 -10
38 -8
39 -6
40 -3
41 -3
42 -2
43 -3
44 -4
45 -4
46 -3
47 -2
48 -2
49 -3
50 -3
51 -3
52 -2
53 -6
54 -4
55 -3
56 -3
57 -5
58 -5
59 -5
60 -2
61 -2
62 -3
63 -3
64 -5
65 -5
66 -5
67 -6
68 -9
69 -7
70 -11
71 -11
72 -11
73 -11
74 -13
75 -12
76 -13
77 -15
78 -12
79 -12
80 -11
81 -11
82 -11
83 -10
84 -10
85 -8
86 -8
87 -9
88 -10
89 -11
90 -12
91 -12
92 -13
93 -13
94 -14
95 -14
96 -14
97 -16
98 -15
99 -17
100 -18
101 -19
102 -20
103 -20
104 -20
105 -20
106 -18
107 -18
108 -20
109 -21
110 -21
111 -20
112 -16
113 -16
114 -16
115 -16
116 -14
117 -14
118 -17
119 -16
120 -18
121 -20
122 -20
123 -20
124 -25
125 -25
126 -25
127 -25
128 -24
129 -26
130 -25
131 -26
132 -24
133 -24
134 -24
135 -27
136 -28
137 -28
138 -28
139 -27
140 -25
141 -24
142 -24
143 -25
144 -25
145 -21
146 -20
147 -20
148 -18
149 -17
150 -13
151 -13
152 -13
153 -12
154 -4
155 -5
156 -3
157 -3
158 -2
159 -2
160 -3
161 0
162 -2
163 -3
164 -4
165 -2
166 -2
167 1
168 0
169 0
170 -1
171 -1
172 -1
173 -5
174 -6
175 -6
176 -6
177 -7
178 -7
179 -7
180 -8
181 -9
182 -9
183 -6
184 -6
185 -5
186 -8
187 -7
188 -7
189 -7
190 -8
191 -8
192 -9
193 -10
194 -11
195 -11
196 -14
197 -14
198 -14
199 -14
200 -13
201 -14
202 -14
203 -14
204 -15
205 -17
206 -16
207 -16
208 -16
209 -15
210 -15
211 -16
212 -13
213 -13
214 -13
215 -14
216 -14
217 -16
218 -11
219 -11
220 -12
221 -12
222 -11
223 -7
224 -7
225 -7
226 -8
227 -7
228 -12
229 -11
230 -11
231 -12
232 -15
233 -15
234 -14
235 -14
236 -13
237 -13
238 -12
239 -12
240 -13
241 -12
242 -11
243 -13
244 -12
245 -11
246 -11
247 -12
248 -12
249 -13
250 -11
251 -10
252 -10
253 -11
254 -14
255 -13
