0 -26
1 -26
2 -25
3 -25
4 -24
5 -21
6 -21
7 -21
8 -20
9 -22
10 -23
11 -24
12 -23
13 -24
14 -22
15 -23
16 -21
17 -19
18 -20
19 -22
20 -21
21 -21
22 -21
23 -20
24 -20
25 -21
26 -21
27 -21
28 -22
29 -22
30 -20
31 -20
32 -21
33 -23
34 -23
35 -23
36 -23
37 -22
38 -22
39 -22
40 -21
41 -19
42 -19
43 -19
44 -20
45 -20
46 -20
47 -21
48 -21
49 -20
50 -20
51 -20
52 -20
53 -17
54 -16
55 -19
56 -20
57 -25
58 -20
59 -20
60 -16
61 -17
62 -15
63 -14
64 -13
65 -16
66 -17
67 -17
68 -17
69 -17
70 -17
71 -16
72 -16
73 -15
74 -15
75 -15
76 -16
77 -15
78 -17
79 -17
80 -17
81 -17
82 -15
83 -15
84 -15
85 -15
86 -14
87 -13
88 -13
89 -12
90 -10
91 -10
92 -10
93 -8
94 -9
95 -10
96 -12
97 -12
98 -12
99 -17
100 -13
101 -13
102 -12
103 -12
104 -12
105 -13
106 -15
107 -18
108 -18
109 -18
110 -18
111 -17
112 -19
113 -19
114 -19
115 -21
116 -24
117 -24
118 -23
119 -22
120 -22
121 -22
122 -22
123 -22
124 -22
125 -21
126 -20
127 -23
128 -23
129 -23
130 -23
131 -23
132 -23
133 -23
134 -19
135 -19
136 -18
137 -19
138 -19
139 -20
140 -21
141 -21
142 -23
143 -24
144 -21
145 -21
146 -19
147 -22
148 -14
149 -13
150 -13
151 -12
152 -12
153 -11
154 -13
155 -14
156 -14
157 -14
158 -14
159 -14
160 -17
161 -23
162 -23
163 -22
164 -22
165 -20
166 -20
167 -20
168 -23
169 -21
170 -21
171 -21
172 -20
173 -20
174 -20
175 -21
176 -21
177 -21
178 -21
179 -21
180 -22
181 -22
182 -22
183 -23
184 -23
185 -23
186 -22
187 -22
188 -21
189 -21
190 -21
191 -19
192 -18
193 -19
194 -17
195 -18
196 -18
197 -18
198 -17
199 -16
200 -17
201 -16
202 -15
203 -15
204 -15
205 -15
206 -16
207 -17
208 -17
209 -15
210 -15
211 -15
212 -15
213 -14
214 -13
215 -13
216 -12
217 -13
218 -14
219 -14
220 -14
221 -14
222 -16
223 -16
224 -16
225 -18
226 -21
227 -21
228 -21
229 -21
230 -21
231 -23
232 -22
233 -25
234 -24
235 -24
236 -24
237 -24
238 -24
239 -25
240 -25
241 -25
242 -28
243 -27
244 -29
245 -28
246 -29
247 -29
248 -28
249 -28
250 -28
251 -27
252 -29
253 -29
254 -31
255 -29
