0 -5
1 -6
2 -6
3 -6
4 -6
5 -7
6 -4
7 -4
8 -5
9 -3
10 -3
11 -4
12 -4
13 -6
14 -6
15 -6
16 -6
17 -6
18 -8
19 -8
20 -9
21 -8
22 -9
23 -10
24 -9
25 -9
26 -10
27 -9
28 -6
29 -6
30 -6
31 -6
32 -6
33 -7
34 -6
35 -6
36 -5
37 -1
38 -1
39 3
40 2
41 2
42 1
43 2
44 1
45 1
46 -4
47 -4
48 -4
49 -4
50 3
51 3
52 3
53 3
54 3
55 2
56 2
57 3
58 3
59 3
60 3
61 2
62 2
63 0
64 0
65 2
66 2
67 2
68 1
69 -2
70 -2
71 -3
72 0
73 -2
74 -1
75 -2
76 -2
77 -3
78 1
79 2
80 1
81 2
82 1
83 3
84 3
85 7
86 4
87 4
88 4
89 5
90 5
91 4
92 4
93 4
94 3
95 3
96 0
97 0
98 1
99 1
100 -1
101 -2
102 1
103 1
104 1
105 1
106 3
107 2
108 2
109 3
110 3
111 3
112 3
113 -1
114 -2
115 -2
116 -2
117 -4
118 -5
119 -5
120 -8
121 -8
122 -10
123 -9
124 -7
125 -8
126 -9
127 -11
128 -13
129 -12
130 -12
131 -10
132 -10
133 -9
134 -7
135 -9
136 -9
137 -5
138 -4
139 -3
140 -3
141 -3
142 -3
143 -3
144 -2
145 -2
146 -2
147 -2
148 -4
149 -2
150 -1
151 -3
152 -3
153 -2
154 -2
155 0
156 -1
157 -2
158 1
159 -1
160 0
161 -3
162 -3
163 -3
164 -3
165 -2
166 -4
167 -5
168 -5
169 -5
170 -5
171 -5
172 -7
173 -10
174 -9
175 -10
176 -10
177 -9
178 -9
179 -8
180 -8
181 -5
182 -5
183 -5
184 -7
185 -7
186 -8
187 -7
188 -5
189 -4
190 -4
191 -4
192 -5
193 -6
194 -7
195 -7
196 -10
197 -9
198 -11
199 -14
200 -15
201 -15
202 -15
203 -15
204 -15
205 -16
206 -16
207 -14
208 -13
209 -14
210 -13
211 -12
212 -14
213 -12
214 -8
215 -7
216 -5
217 -7
218 -8
219 -8
220 -8
221 -8
222 -9
223 -7
224 -7
225 -7
226 -7
227 -5
228 -3
229 -2
230 -1
231 -4
232 -4
233 -4
234 -5
235 -4
236 -3
237 -3
238 -4
239 -6
240 -7
241 -12
242 -12
243 -12
244 -10
245 -10
246 -6
247 -5
248 -5
249 -5
250 -6
251 -8
252 -8
253 -8
254 -8
255 -5
