0 2
1 2
2 4
3 2
4 1
5 -1
6 1
7 2
8 3
9 3
10 4
11 3
12 3
13 5
14 2
15 -6
16 -7
17 -7
18 -5
19 -3
20 2
21 2
22 1
23 1
24 0
25 -2
26 -1
27 -1
28 3
29 3
30 4
31 3
32 3
33 6
34 0
35 -1
36 1
37 0
38 -1
39 -1
40 2
41 3
42 1
43 1
44 7
45 11
46 13
47 13
48 7
49 0
50 0
51 0
52 1
53 1
54 4
55 1
56 1
57 -11
58 -9
59 -2
60 4
61 3
62 3
63 4
64 6
65 5
66 -2
67 1
68 -1
69 -3
70 -4
71 0
72 3
73 1
74 1
75 2
76 2
77 1
78 0
79 2
80 2
81 1
82 -3
83 -1
84 2
85 -1
86 -1
87 -1
88 1
89 1
90 1
91 -1
92 0
93 -2
94 2
95 2
96 2
97 -1
98 -1
99 -1
100 -1
101 -1
102 -1
103 1
104 1
105 -3
106 0
107 -1
108 -2
109 -5
110 -3
111 2
112 6
113 3
114 6
115 5
116 1
117 0
118 0
119 0
120 -3
121 1
122 -1
123 -1
124 -1
125 -2
126 0
127 2
128 2
129 4
130 5
131 4
132 3
133 3
134 0
135 -3
136 -6
137 -6
138 -6
139 -5
140 0
141 2
142 3
143 0
144 0
145 -1
146 -3
147 -4
148 -4
149 -3
150 3
151 3
152 1
153 2
154 8
155 7
156 4
157 1
158 1
159 -1
160 -4
161 -1
162 3
163 5
164 9
165 3
166 3
167 3
168 2
169 3
170 2
171 0
172 2
173 2
174 3
175 4
176 -2
177 5
178 -3
179 -5
180 -6
181 5
182 4
183 1
184 1
185 1
186 -2
187 -2
188 -1
189 -2
190 -4
191 -7
192 -7
193 -3
194 -4
195 -3
196 -1
197 1
198 1
199 2
200 1
201 1
202 -6
203 -6
204 -1
205 -2
206 -1
207 3
208 8
209 8
210 4
211 6
212 3
213 3
214 3
215 -2
216 0
217 1
218 6
219 8
220 5
221 3
222 -2
223 -1
224 -1
225 -5
226 -4
227 -4
228 -2
229 -1
230 -2
231 -3
232 -3
233 -3
234 -7
235 -3
236 -3
237 -5
238 -7
239 -6
240 3
241 2
242 -4
243 -5
244 -4
245 -5
246 -5
247 -1
248 -2
249 0
250 -2
251 -2
252 -2
253 -2
254 0
255 0
