0 -11
1 -14
2 -13
3 -13
4 -12
5 -12
6 -12
7 -11
8 -10
9 -11
10 -11
11 -10
12 -10
13 -8
14 -9
15 -8
16 -8
17 -8
18 -8
19 -8
20 -7
21 -7
22 -9
23 -7
24 -4
25 -6
26 -10
27 -5
28 -4
29 -4
30 -4
31 -4
32 -4
33 -1
34 -1
35 -1
36 -2
37 -3
38 -3
39 -1
40 -1
41 0
42 -1
43 -2
44 -2
45 -4
46 -2
47 -2
48 0
49 0
50 0
51 -1
52 -2
53 -3
54 -3
55 -2
56 -3
57 -3
58 -6
59 -6
60 -6
61 -6
62 -7
63 -6
64 -6
65 -6
66 -8
67 -10
68 -10
69 -10
70 -10
71 -10
72 -11
73 -10
74 -11
75 -11
76 -9
77 -9
78 -9
79 -7
80 -5
81 -7
82 -7
83 -8
84 -5
85 -8
86 -10
87 -12
88 -10
89 -10
90 -10
91 -10
92 -9
93 -8
94 -8
95 -7
96 -4
97 -4
98 -4
99 -4
100 -4
101 -4
102 -4
103 -1
104 -1
105 -1
106 0
107 0
108 0
109 -3
110 0
111 0
112 -1
113 -1
114 0
115 0
116 0
117 -1
118 -1
119 1
120 3
121 2
122 5
123 3
124 3
125 3
126 1
127 1
128 1
129 0
130 -1
131 0
132 -1
133 -2
134 -2
135 -3
136 -6
137 -8
138 -8
139 -7
140 -4
141 -3
142 -2
143 -4
144 -4
145 -6
146 -6
147 -3
148 -2
149 -2
150 -2
151 -2
152 -3
153 -2
154 -1
155 -1
156 -1
157 2
158 3
159 6
160 6
161 12
162 12
163 13
164 14
165 14
166 15
167 15
168 15
169 14
170 10
171 8
172 8
173 7
174 5
175 5
176 6
177 6
178 7
179 7
180 10
181 10
182 9
183 11
184 11
185 12
186 14
187 14
188 14
189 13
190 15
191 16
192 15
193 15
194 15
195 16
196 13
197 11
198 12
199 12
200 10
201 9
202 10
203 8
204 5
205 4
206 0
207 0
208 -2
209 0
210 0
211 0
212 -1
213 -3
214 -2
215 -3
216 -3
217 -2
218 -2
219 -2
220 -2
221 -4
222 -3
223 -3
224 -1
225 -1
226 -4
227 -4
228 -4
229 -4
230 -4
231 -5
232 -8
233 -8
234 -7
235 -6
236 -6
237 -6
238 -8
239 -7
240 -7
241 -6
242 -7
243 -11
244 -11
245 -11
246 -12
247 -13
248 -12
249 -13
250 -9
251 -6
252 -7
253 -8
254 -9
255 -11
