0 219
1 219
2 219
3 220
4 218
5 221
6 213
7 211
8 212
9 212
10 212
11 209
12 209
13 210
14 210
15 210
16 208
17 202
18 203
19 207
20 214
21 221
22 217
23 218
24 217
25 218
26 215
27 211
28 210
29 209
30 210
31 211
32 210
33 207
34 208
35 213
36 211
37 212
38 217
39 218
40 219
41 210
42 211
43 205
44 213
45 214
46 212
47 212
48 208
49 204
50 202
51 206
52 197
53 198
54 202
55 201
56 201
57 199
58 200
59 198
60 197
61 197
62 196
63 194
64 193
65 199
66 199
67 194
68 193
69 196
70 192
71 194
72 191
73 193
74 196
75 200
76 206
77 204
78 203
79 206
80 207
81 207
82 213
83 211
84 211
85 212
86 208
87 214
88 212
89 211
90 210
91 208
92 214
93 214
94 213
95 216
96 221
97 220
98 216
99 216
100 216
101 215
102 224
103 224
104 224
105 223
106 221
107 223
108 221
109 212
110 213
111 213
112 212
113 214
114 217
115 215
116 215
117 216
118 217
119 220
120 215
121 213
122 213
123 214
124 213
125 215
126 213
127 208
128 204
129 204
130 198
131 200
132 199
133 201
134 200
135 195
136 194
137 201
138 203
139 203
140 203
141 204
142 200
143 201
144 201
145 201
146 200
147 200
148 198
149 200
150 199
151 198
152 200
153 198
154 197
155 209
156 208
157 209
158 208
159 210
160 207
161 207
162 200
163 196
164 194
165 195
166 194
167 193
168 193
169 188
170 183
171 182
172 187
173 188
174 187
175 189
176 195
177 199
178 202
179 202
180 209
181 207
182 207
183 210
184 207
185 206
186 205
187 205
188 205
189 207
190 206
191 205
192 206
193 206
194 206
195 206
196 195
197 195
198 194
199 192
200 198
201 194
202 196
203 195
204 196
205 198
206 197
207 200
208 214
209 215
210 216
211 216
212 213
213 212
214 211
215 212
216 209
217 214
218 214
219 223
220 228
221 231
222 230
223 228
224 227
225 229
226 230
227 230
228 229
229 226
230 222
231 222
232 222
233 220
234 221
235 222
236 222
237 220
238 225
239 227
240 229
241 228
242 230
243 227
244 221
245 225
246 229
247 226
248 224
249 220
250 220
251 220
252 220
253 222
254 222
255 225
