0 -2
1 -2
2 -4
3 4
4 8
5 6
6 9
7 15
8 19
9 17
10 18
11 20
12 -2
13 -9
14 -15
15 -17
16 -11
17 -10
18 -26
19 -16
20 -11
21 -13
22 -14
23 -28
24 -25
25 -25
26 -15
27 -16
28 -7
29 -8
30 -9
31 -13
32 -13
33 -2
34 4
35 7
36 8
37 3
38 2
39 4
40 -3
41 -2
42 -6
43 -2
44 6
45 -3
46 7
47 5
48 -3
49 2
50 3
51 1
52 1
53 10
54 11
55 11
56 12
57 10
58 11
59 11
60 -4
61 6
62 3
63 -9
64 -9
65 -9
66 -11
67 -3
68 -1
69 -1
70 9
71 5
72 10
73 -11
74 -7
75 -4
76 -3
77 -9
78 -14
79 -15
80 -5
81 1
82 1
83 4
84 7
85 19
86 18
87 18
88 16
89 13
90 12
91 -2
92 -6
93 -3
94 -7
95 -10
96 -10
97 -10
98 6
99 6
100 6
101 -5
102 9
103 8
104 2
105 -7
106 -5
107 1
108 12
109 13
110 12
111 5
112 7
113 2
114 0
115 4
116 1
117 0
118 2
119 -2
120 -4
121 -7
122 -5
123 -10
124 -10
125 -7
126 -16
127 -17
128 -12
129 -13
130 -5
131 -4
132 1
133 7
134 7
135 13
136 -5
137 7
138 8
139 4
140 9
141 5
142 -5
143 -8
144 -16
145 -13
146 -14
147 -22
148 -4
149 3
150 0
151 4
152 6
153 6
154 9
155 5
156 4
157 3
158 1
159 1
160 10
161 8
162 11
163 10
164 5
165 3
166 0
167 6
168 6
169 9
170 -12
171 -12
172 -11
173 -13
174 -17
175 -17
176 -22
177 -18
178 -12
179 0
180 6
181 11
182 2
183 5
184 2
185 1
186 0
187 -2
188 -21
189 -26
190 -27
191 -19
192 -19
193 -13
194 -11
195 -8
196 -15
197 -24
198 -24
199 -16
200 -17
201 -18
202 -20
203 -19
204 -17
205 -17
206 -13
207 -13
208 -18
209 -26
210 -22
211 -20
212 -12
213 -9
214 -11
215 -9
216 -5
217 2
218 -1
219 -7
220 -3
221 2
222 0
223 -1
224 3
225 2
226 2
227 2
228 7
229 10
230 10
231 1
232 2
233 -1
234 -7
235 -11
236 -5
237 -7
238 -14
239 -7
240 -11
241 -21
242 -24
243 -23
244 -17
245 -21
246 -14
247 12
248 14
249 15
250 8
251 0
252 1
253 -5
254 -6
255 0
