0 153
1 150
2 151
3 152
4 144
5 138
6 146
7 146
8 143
9 143
10 142
11 151
12 151
13 151
14 154
15 144
16 137
17 138
18 154
19 157
20 155
21 155
22 155
23 159
24 156
25 153
26 153
27 152
28 146
29 148
30 146
31 152
32 152
33 149
34 148
35 143
36 140
37 140
38 142
39 144
40 146
41 145
42 146
43 146
44 142
45 142
46 142
47 140
48 140
49 135
50 137
51 136
52 135
53 136
54 132
55 138
56 137
57 146
58 151
59 156
60 157
61 157
62 161
63 168
64 170
65 170
66 169
67 168
68 167
69 168
70 172
71 173
72 173
73 172
74 170
75 166
76 146
77 146
78 145
79 148
80 146
81 151
82 152
83 161
84 162
85 148
86 134
87 135
88 119
89 119
90 119
91 123
92 127
93 125
94 121
95 127
96 123
97 127
98 127
99 129
100 141
101 142
102 142
103 135
104 142
105 136
106 136
107 145
108 147
109 153
110 152
111 149
112 144
113 140
114 144
115 142
116 145
117 152
118 158
119 159
120 156
121 154
122 151
123 156
124 153
125 155
126 161
127 163
128 164
129 163
130 143
131 145
132 150
133 158
134 167
135 168
136 155
137 161
138 158
139 162
140 166
141 163
142 161
143 159
144 163
145 162
146 163
147 171
148 170
149 163
150 160
151 164
152 165
153 166
154 169
155 168
156 160
157 166
158 165
159 166
160 165
161 179
162 180
163 180
164 179
165 182
166 180
167 169
168 170
169 175
170 174
171 165
172 159
173 160
174 162
175 163
176 162
177 157
178 153
179 151
180 149
181 153
182 147
183 141
184 137
185 138
186 141
187 152
188 149
189 149
190 144
191 148
192 154
193 156
194 157
195 155
196 145
197 148
198 142
199 138
200 138
201 135
202 128
203 129
204 132
205 134
206 144
207 144
208 142
209 138
210 142
211 145
212 145
213 147
214 154
215 154
216 155
217 156
218 155
219 152
220 145
221 143
222 142
223 141
224 145
225 143
226 144
227 153
228 151
229 155
230 152
231 157
232 155
233 157
234 157
235 155
236 157
237 167
238 172
239 166
240 166
241 161
242 162
243 164
244 165
245 162
246 165
247 167
248 172
249 168
250 175
251 171
252 165
253 162
254 163
255 163
