0 0
1 0
2 1
3 0
4 0
5 2
6 2
7 2
8 3
9 3
10 3
11 3
12 -1
13 -1
14 -2
15 0
16 0
17 0
18 0
19 1
20 1
21 0
22 0
23 0
24 -1
25 -1
26 -1
27 -1
28 0
29 0
30 0
31 -1
32 -1
33 -1
34 -1
35 0
36 1
37 1
38 0
39 -1
40 -2
41 -1
42 -1
43 1
44 0
45 -1
46 0
47 -2
48 -2
49 -2
50 -2
51 -2
52 0
53 0
54 0
55 0
56 0
57 1
58 2
59 0
60 1
61 2
62 2
63 1
64 1
65 0
66 0
67 0
68 2
69 2
70 3
71 0
72 -1
73 -3
74 1
75 0
76 0
77 0
78 0
79 1
80 0
81 0
82 0
83 0
84 0
85 0
86 -1
87 -2
88 -2
89 -1
90 0
91 0
92 0
93 0
94 0
95 0
96 1
97 0
98 0
99 0
100 -2
101 -2
102 1
103 1
104 0
105 0
106 -2
107 -1
108 -1
109 -1
110 -1
111 -1
112 1
113 1
114 0
115 0
116 2
117 1
118 1
119 3
120 3
121 0
122 0
123 0
124 -1
125 1
126 2
127 2
128 2
129 1
130 1
131 1
132 -2
133 -2
134 -1
135 1
136 1
137 0
138 0
139 1
140 0
141 0
142 1
143 3
144 2
145 2
146 3
147 4
148 4
149 4
150 3
151 2
152 3
153 3
154 -1
155 -4
156 -4
157 -1
158 0
159 0
160 0
161 0
162 0
163 2
164 1
165 1
166 2
167 2
168 1
169 0
170 0
171 0
172 0
173 -1
174 -1
175 -1
176 -2
177 -2
178 -1
179 0
180 0
181 0
182 0
183 -1
184 -1
185 2
186 1
187 1
188 1
189 2
190 2
191 2
192 2
193 0
194 0
195 0
196 0
197 1
198 1
199 1
200 0
201 -1
202 -2
203 -2
204 -2
205 -2
206 -2
207 1
208 2
209 1
210 1
211 1
212 1
213 0
214 1
215 1
216 0
217 1
218 0
219 0
220 0
221 0
222 -1
223 0
224 0
225 0
226 0
227 0
228 -1
229 0
230 0
231 1
232 1
233 1
234 1
235 1
236 1
237 1
238 1
239 2
240 1
241 0
242 0
243 2
244 0
245 0
246 0
247 0
248 0
249 0
250 0
251 1
252 1
253 0
254 -2
255 -1
