0 16
1 13
2 13
3 16
4 15
5 14
6 15
7 15
8 15
9 16
10 20
11 22
12 22
13 21
14 21
15 22
16 26
17 27
18 27
19 28
20 28
21 27
22 27
23 22
24 22
25 26
26 26
27 26
28 26
29 26
30 25
31 27
32 18
33 20
34 12
35 12
36 13
37 13
38 12
39 11
40 9
41 13
42 12
43 11
44 11
45 12
46 10
47 7
48 8
49 8
50 10
51 10
52 10
53 8
54 9
55 10
56 11
57 -4
58 0
59 -4
60 6
61 6
62 7
63 10
64 12
65 12
66 13
67 7
68 7
69 12
70 13
71 8
72 7
73 5
74 2
75 0
76 2
77 1
78 3
79 5
80 -2
81 -1
82 1
83 3
84 4
85 7
86 4
87 5
88 1
89 1
90 3
91 5
92 6
93 7
94 7
95 7
96 6
97 7
98 11
99 10
100 11
101 11
102 10
103 12
104 11
105 13
106 10
107 15
108 14
109 16
110 18
111 19
112 19
113 18
114 14
115 13
116 14
117 18
118 13
119 14
120 13
121 11
122 10
123 2
124 4
125 -2
126 -3
127 -2
128 0
129 -1
130 -4
131 -8
132 -7
133 -4
134 -2
135 2
136 4
137 6
138 4
139 7
140 7
141 10
142 5
143 6
144 7
145 2
146 2
147 2
148 6
149 6
150 4
151 4
152 4
153 7
154 9
155 7
156 8
157 9
158 5
159 2
160 1
161 2
162 1
163 -2
164 -5
165 1
166 1
167 1
168 -2
169 0
170 -2
171 3
172 4
173 -2
174 -1
175 -1
176 -4
177 -5
178 -12
179 -11
180 -8
181 -7
182 -12
183 -13
184 -12
185 -16
186 -15
187 -12
188 -10
189 -10
190 -13
191 -16
192 -17
193 -18
194 -16
195 -14
196 -14
197 -17
198 -20
199 -24
200 -27
201 -29
202 -25
203 -25
204 -23
205 -22
206 -21
207 -24
208 -26
209 -23
210 -22
211 -29
212 -29
213 -29
214 -30
215 -30
216 -23
217 -19
218 -18
219 -18
220 -16
221 -16
222 -16
223 -13
224 -15
225 -13
226 -12
227 -8
228 -8
229 -11
230 -11
231 -9
232 -8
233 -4
234 2
235 4
236 3
237 2
238 5
239 6
240 6
241 8
242 7
243 7
244 8
245 8
246 8
247 10
248 16
249 15
250 16
251 17
252 15
253 19
254 19
255 16
