0 0
1 0
2 1
3 1
4 -1
5 0
6 -1
7 0
8 2
9 2
10 2
11 1
12 2
13 1
14 1
15 3
16 1
17 1
18 2
19 1
20 0
21 -1
22 -1
23 0
24 0
25 -1
26 0
27 0
28 0
29 0
30 0
31 1
32 -2
33 0
34 -1
35 -4
36 -4
37 -3
38 -3
39 -2
40 2
41 0
42 0
43 0
44 1
45 0
46 0
47 0
48 -1
49 -1
50 -1
51 -2
52 -1
53 -1
54 -1
55 -1
56 -4
57 -4
58 -4
59 -2
60 -2
61 -1
62 -1
63 -1
64 -1
65 -2
66 -3
67 -4
68 -5
69 0
70 0
71 0
72 1
73 1
74 0
75 1
76 0
77 0
78 1
79 1
80 0
81 0
82 0
83 1
84 1
85 1
86 1
87 0
88 1
89 -2
90 -1
91 0
92 1
93 -1
94 -1
95 -1
96 0
97 -1
98 1
99 1
100 1
101 -1
102 -2
103 -2
104 3
105 3
106 2
107 1
108 1
109 0
110 1
111 -2
112 -1
113 0
114 0
115 0
116 1
117 1
118 0
119 3
120 2
121 3
122 2
123 3
124 3
125 3
126 3
127 2
128 0
129 0
130 0
131 0
132 -1
133 -1
134 -1
135 0
136 0
137 0
138 1
139 2
140 2
141 1
142 1
143 1
144 1
145 -1
146 -1
147 0
148 -1
149 -1
150 0
151 1
152 1
153 3
154 2
155 1
156 0
157 0
158 0
159 0
160 -1
161 -1
162 -2
163 -2
164 -2
165 -2
166 -2
167 -3
168 -2
169 -1
170 1
171 -1
172 -1
173 0
174 0
175 0
176 2
177 2
178 1
179 -1
180 -1
181 -1
182 -1
183 1
184 -1
185 0
186 1
187 0
188 2
189 0
190 1
191 1
192 -1
193 0
194 1
195 -1
196 -1
197 -1
198 -1
199 3
200 3
201 2
202 -1
203 -1
204 -1
205 0
206 1
207 -1
208 -1
209 -1
210 -1
211 0
212 1
213 1
214 0
215 -2
216 0
217 0
218 -1
219 -1
220 -1
221 1
222 1
223 1
224 1
225 2
226 -1
227 -1
228 -1
229 0
230 0
231 -1
232 0
233 0
234 -2
235 -2
236 -1
237 0
238 0
239 -1
240 -1
241 -1
242 3
243 1
244 1
245 0
246 0
247 0
248 1
249 1
250 0
251 0
252 0
253 0
254 0
255 0
