0 -4
1 -5
2 -5
3 -5
4 -5
5 -3
6 -3
7 -2
8 -1
9 -2
10 -2
11 -2
12 -2
13 -3
14 -3
15 -3
16 -2
17 1
18 -2
19 -2
20 -2
21 1
22 3
23 3
24 2
25 2
26 1
27 1
28 2
29 2
30 3
31 0
32 1
33 -1
34 0
35 0
36 0
37 0
38 -2
39 -3
40 -2
41 3
42 2
43 2
44 2
45 2
46 1
47 1
48 -2
49 -3
50 -4
51 -1
52 -1
53 -1
54 -2
55 1
56 3
57 2
58 3
59 3
60 3
61 2
62 0
63 -1
64 -1
65 -1
66 3
67 7
68 7
69 9
70 10
71 8
72 8
73 10
74 10
75 11
76 10
77 11
78 10
79 10
80 13
81 13
82 13
83 13
84 13
85 12
86 12
87 12
88 12
89 12
90 12
91 12
92 11
93 10
94 9
95 5
96 7
97 11
98 11
99 12
100 14
101 14
102 12
103 11
104 11
105 15
106 14
107 13
108 13
109 13
110 12
111 14
112 13
113 12
114 12
115 10
116 12
117 12
118 12
119 13
120 9
121 8
122 7
123 9
124 9
125 9
126 11
127 10
128 10
129 13
130 14
131 16
132 15
133 15
134 14
135 13
136 13
137 13
138 11
139 8
140 8
141 12
142 13
143 13
144 12
145 13
146 11
147 11
148 11
149 11
150 11
151 12
152 12
153 12
154 13
155 13
156 14
157 14
158 13
159 13
160 13
161 14
162 14
163 16
164 16
165 18
166 16
167 13
168 13
169 10
170 11
171 11
172 12
173 12
174 11
175 11
176 11
177 10
178 11
179 11
180 11
181 9
182 12
183 12
184 12
185 12
186 12
187 11
188 9
189 9
190 10
191 7
192 7
193 7
194 7
195 7
196 8
197 8
198 7
199 7
200 5
201 3
202 3
203 2
204 2
205 0
206 0
207 0
208 0
209 0
210 0
211 0
212 0
213 0
214 2
215 2
216 3
217 2
218 2
219 2
220 2
221 2
222 3
223 3
224 2
225 4
226 3
227 3
228 4
229 5
230 5
231 4
232 2
233 1
234 -2
235 -2
236 -6
237 -5
238 -8
239 -5
240 -3
241 -4
242 -5
243 -4
244 -5
245 -5
246 -5
247 -5
248 -2
249 -2
250 -3
251 -1
252 -2
253 -3
254 -5
255 -4
