0 -12
1 -3
2 -2
3 5
4 4
5 3
6 1
7 8
8 8
9 5
10 2
11 0
12 -3
13 3
14 5
15 -1
16 1
17 0
18 -7
19 -8
20 -9
21 -8
22 -4
23 1
24 2
25 4
26 6
27 8
28 2
29 10
30 -3
31 -4
32 0
33 -2
34 5
35 7
36 14
37 12
38 8
39 9
40 20
41 19
42 14
43 12
44 10
45 7
46 5
47 4
48 1
49 -10
50 -7
51 -3
52 -3
53 7
54 7
55 7
56 5
57 3
58 0
59 5
60 1
61 3
62 3
63 -1
64 14
65 10
66 5
67 6
68 6
69 6
70 7
71 3
72 0
73 -8
74 -3
75 -2
76 -5
77 -6
78 -6
79 0
80 -2
81 -5
82 -3
83 -4
84 0
85 -2
86 -1
87 4
88 12
89 5
90 2
91 1
92 5
93 5
94 4
95 4
96 5
97 6
98 11
99 10
100 5
101 4
102 -3
103 -2
104 0
105 -2
106 -8
107 -9
108 -12
109 -13
110 -13
111 -11
112 5
113 6
114 5
115 3
116 -2
117 5
118 3
119 2
120 2
121 -1
122 2
123 -1
124 -4
125 -4
126 -3
127 -7
128 -13
129 -12
130 -14
131 -4
132 -10
133 -7
134 -11
135 -11
136 -17
137 -10
138 -14
139 -10
140 -10
141 -2
142 -1
143 -1
144 5
145 9
146 5
147 3
148 1
149 1
150 0
151 -4
152 -6
153 -3
154 0
155 0
156 8
157 2
158 1
159 0
160 -7
161 2
162 0
163 -2
164 -2
165 1
166 -4
167 -4
168 1
169 -1
170 4
171 2
172 4
173 6
174 3
175 1
176 4
177 3
178 8
179 2
180 -5
181 -8
182 -2
183 3
184 10
185 2
186 -2
187 3
188 1
189 0
190 -1
191 -3
192 3
193 2
194 -2
195 -8
196 -5
197 -8
198 -5
199 2
200 5
201 0
202 1
203 4
204 11
205 3
206 4
207 15
208 7
209 5
210 -2
211 1
212 -8
213 3
214 0
215 0
216 -2
217 -4
218 -2
219 -3
220 -2
221 1
222 2
223 1
224 2
225 2
226 1
227 4
228 2
229 2
230 -11
231 -11
232 -8
233 -3
234 1
235 1
236 -1
237 0
238 4
239 3
240 10
241 10
242 9
243 10
244 9
245 -1
246 -4
247 0
248 0
249 2
250 2
251 3
252 2
253 1
254 -7
255 -7
