0 -32
1 -31
2 -31
3 -31
4 -33
5 -33
6 -33
7 -33
8 -32
9 -29
10 -30
11 -30
12 -31
13 -29
14 -29
15 -29
16 -29
17 -28
18 -34
19 -32
20 -31
21 -32
22 -30
23 -29
24 -27
25 -26
26 -25
27 -22
28 -23
29 -23
30 -26
31 -25
32 -25
33 -24
34 -23
35 -22
36 -24
37 -24
38 -23
39 -24
40 -22
41 -22
42 -21
43 -21
44 -19
45 -20
46 -20
47 -20
48 -18
49 -18
50 -14
51 -14
52 -13
53 -12
54 -13
55 -14
56 -14
57 -18
58 -17
59 -17
60 -17
61 -17
62 -17
63 -16
64 -12
65 -14
66 -15
67 -14
68 -13
69 -11
70 -11
71 -13
72 -11
73 -12
74 -14
75 -13
76 -13
77 -13
78 -16
79 -15
80 -15
81 -15
82 -15
83 -15
84 -15
85 -13
86 -14
87 -14
88 -14
89 -14
90 -14
91 -13
92 -13
93 -12
94 -13
95 -14
96 -14
97 -14
98 -15
99 -15
100 -15
101 -14
102 -16
103 -17
104 -17
105 -18
106 -24
107 -24
108 -24
109 -21
110 -19
111 -19
112 -17
113 -17
114 -16
115 -16
116 -15
117 -16
118 -15
119 -15
120 -15
121 -17
122 -15
123 -16
124 -16
125 -16
126 -16
127 -14
128 -14
129 -12
130 -11
131 -10
132 -10
133 -10
134 -9
135 -9
136 -9
137 -10
138 -8
139 -8
140 -6
141 -5
142 -5
143 -8
144 -5
145 -4
146 -8
147 -7
148 -8
149 -10
150 -10
151 -10
152 -14
153 -14
154 -13
155 -12
156 -13
157 -13
158 -11
159 -10
160 -9
161 -12
162 -12
163 -9
164 -6
165 -6
166 -7
167 -7
168 -10
169 -13
170 -16
171 -17
172 -18
173 -19
174 -18
175 -18
176 -18
177 -19
178 -18
179 -22
180 -22
181 -23
182 -22
183 -24
184 -22
185 -22
186 -21
187 -21
188 -21
189 -21
190 -19
191 -19
192 -20
193 -20
194 -21
195 -20
196 -20
197 -20
198 -18
199 -19
200 -20
201 -20
202 -20
203 -24
204 -27
205 -27
206 -24
207 -24
208 -24
209 -24
210 -24
211 -21
212 -21
213 -21
214 -22
215 -22
216 -22
217 -20
218 -20
219 -21
220 -21
221 -23
222 -23
223 -23
224 -24
225 -25
226 -24
227 -22
228 -22
229 -25
230 -25
231 -25
232 -23
233 -23
234 -23
235 -23
236 -25
237 -24
238 -24
239 -25
240 -24
241 -24
242 -23
243 -27
244 -26
245 -26
246 -27
247 -25
248 -27
249 -28
250 -28
251 -30
252 -32
253 -32
254 -34
255 -34
