0 -2
1 -1
2 -2
3 -3
4 0
5 1
6 1
7 -2
8 -2
9 -2
10 3
11 -1
12 6
13 -4
14 -4
15 -2
16 -1
17 -6
18 -6
19 -1
20 1
21 2
22 1
23 -1
24 1
25 12
26 3
27 8
28 5
29 5
30 -1
31 -1
32 -8
33 -10
34 -9
35 -6
36 -4
37 -6
38 -6
39 -7
40 0
41 4
42 0
43 0
44 5
45 9
46 -2
47 3
48 7
49 9
50 -3
51 4
52 3
53 1
54 4
55 6
56 5
57 4
58 3
59 2
60 4
61 12
62 6
63 2
64 0
65 0
66 -3
67 -4
68 3
69 3
70 4
71 3
72 9
73 7
74 6
75 -7
76 -4
77 -6
78 2
79 -2
80 -4
81 -2
82 -2
83 -3
84 0
85 0
86 -2
87 0
88 1
89 5
90 10
91 3
92 -2
93 1
94 -5
95 -11
96 -12
97 -4
98 -5
99 -4
100 -2
101 -1
102 -4
103 -5
104 -3
105 -1
106 0
107 -1
108 -1
109 3
110 3
111 -2
112 2
113 -3
114 -3
115 6
116 0
117 1
118 -2
119 -6
120 -5
121 -1
122 0
123 1
124 1
125 3
126 3
127 -3
128 1
129 2
130 2
131 2
132 2
133 -2
134 -1
135 -1
136 0
137 -2
138 -1
139 3
140 -4
141 -4
142 -6
143 -6
144 0
145 2
146 1
147 -4
148 8
149 7
150 6
151 11
152 6
153 10
154 5
155 4
156 2
157 1
158 0
159 -3
160 3
161 -1
162 -2
163 0
164 -3
165 -2
166 1
167 -6
168 -9
169 -1
170 -2
171 -1
172 2
173 -2
174 -12
175 -8
176 -5
177 -5
178 -11
179 -1
180 0
181 0
182 0
183 -1
184 -7
185 -7
186 -6
187 -5
188 -2
189 1
190 1
191 -3
192 -3
193 -2
194 -3
195 -2
196 0
197 1
198 1
199 3
200 0
201 6
202 7
203 6
204 8
205 0
206 0
207 -18
208 -5
209 -9
210 -9
211 -3
212 -5
213 0
214 0
215 2
216 13
217 4
218 1
219 8
220 6
221 0
222 1
223 10
224 6
225 13
226 16
227 8
228 6
229 4
230 5
231 4
232 3
233 4
234 -6
235 -1
236 -2
237 3
238 2
239 1
240 5
241 5
242 3
243 0
244 -1
245 -1
246 0
247 6
248 3
249 0
250 6
251 3
252 4
253 5
254 -4
255 -2
