0 -1
1 -1
2 0
3 0
4 0
5 0
6 0
7 0
8 1
9 0
10 -2
11 -2
12 -3
13 -6
14 -1
15 -2
16 -2
17 -2
18 -3
19 -3
20 -3
21 -4
22 -4
23 -3
24 0
25 2
26 1
27 1
28 1
29 2
30 2
31 3
32 3
33 5
34 5
35 5
36 4
37 5
38 5
39 3
40 3
41 2
42 4
43 2
44 2
45 0
46 -1
47 -1
48 -3
49 -4
50 -3
51 -2
52 -2
53 -2
54 0
55 -2
56 -2
57 1
58 1
59 1
60 1
61 0
62 0
63 2
64 0
65 -2
66 2
67 -1
68 -2
69 -2
70 -3
71 3
72 0
73 -1
74 -3
75 -1
76 -1
77 -1
78 -2
79 -1
80 -1
81 -2
82 -2
83 -1
84 -2
85 -5
86 -5
87 -5
88 -4
89 -5
90 -5
91 -5
92 -4
93 -3
94 -5
95 -5
96 -4
97 -1
98 0
99 -1
100 1
101 1
102 1
103 3
104 1
105 0
106 0
107 0
108 -1
109 -1
110 -1
111 -1
112 -1
113 0
114 0
115 -1
116 -1
117 -1
118 0
119 0
120 2
121 3
122 3
123 0
124 -1
125 0
126 1
127 1
128 1
129 -3
130 -1
131 -1
132 2
133 3
134 3
135 2
136 5
137 5
138 4
139 5
140 9
141 11
142 10
143 10
144 7
145 7
146 6
147 6
148 6
149 4
150 6
151 6
152 5
153 5
154 4
155 4
156 3
157 4
158 4
159 1
160 1
161 1
162 1
163 0
164 0
165 0
166 0
167 0
168 -2
169 -1
170 -1
171 1
172 4
173 0
174 0
175 0
176 1
177 -2
178 -2
179 -2
180 -2
181 -3
182 -2
183 -2
184 -2
185 -2
186 1
187 1
188 -1
189 -2
190 -5
191 -4
192 -3
193 -2
194 -2
195 -3
196 -4
197 -5
198 -5
199 -5
200 -5
201 -5
202 -5
203 -4
204 -6
205 -5
206 -5
207 -4
208 -4
209 -4
210 -3
211 -4
212 -3
213 2
214 2
215 -1
216 -1
217 2
218 3
219 1
220 0
221 0
222 -1
223 -1
224 -2
225 -4
226 -4
227 -4
228 -3
229 -4
230 0
231 0
232 0
233 0
234 1
235 2
236 2
237 2
238 0
239 1
240 1
241 1
242 -1
243 -1
244 -1
245 -2
246 -1
247 2
248 -1
249 0
250 0
251 -1
252 -1
253 -1
254 -1
255 -1
