0 -49
1 -46
2 -51
3 -52
4 -51
5 -60
6 -61
7 -61
8 -71
9 -82
10 -88
11 -89
12 -107
13 -94
14 -93
15 -85
16 -89
17 -92
18 -96
19 -99
20 -89
21 -92
22 -96
23 -88
24 -94
25 -98
26 -97
27 -95
28 -90
29 -92
30 -100
31 -81
32 -80
33 -74
34 -74
35 -77
36 -85
37 -82
38 -79
39 -75
40 -85
41 -77
42 -78
43 -87
44 -93
45 -89
46 -82
47 -72
48 -72
49 -69
50 -75
51 -80
52 -89
53 -80
54 -79
55 -79
56 -82
57 -86
58 -88
59 -87
60 -86
61 -99
62 -104
63 -103
64 -108
65 -106
66 -101
67 -95
68 -88
69 -81
70 -81
71 -76
72 -88
73 -85
74 -85
75 -67
76 -70
77 -72
78 -75
79 -79
80 -65
81 -65
82 -63
83 -61
84 -64
85 -64
86 -67
87 -68
88 -55
89 -58
90 -56
91 -56
92 -56
93 -59
94 -60
95 -66
96 -65
97 -56
98 -54
99 -41
100 -42
101 -39
102 -38
103 -47
104 -43
105 -46
106 -45
107 -50
108 -40
109 -37
110 -48
111 -43
112 -44
113 -45
114 -47
115 -49
116 -48
117 -45
118 -41
119 -48
120 -48
121 -49
122 -54
123 -54
124 -53
125 -43
126 -34
127 -30
128 -26
129 -30
130 -32
131 -34
132 -35
133 -35
134 -28
135 -29
136 -35
137 -14
138 -13
139 -13
140 -6
141 -8
142 -4
143 -9
144 -5
145 -2
146 -17
147 -23
148 -27
149 -26
150 -26
151 -36
152 -30
153 -34
154 -35
155 -35
156 -36
157 -36
158 -40
159 -33
160 -29
161 -33
162 -17
163 -15
164 -20
165 0
166 4
167 5
168 0
169 1
170 1
171 5
172 5
173 8
174 6
175 4
176 6
177 8
178 11
179 12
180 12
181 12
182 14
183 12
184 -9
185 -9
186 -10
187 -8
188 -12
189 -1
190 -6
191 -8
192 -11
193 -9
194 -12
195 -15
196 -18
197 -26
198 -24
199 -21
200 -22
201 -32
202 -31
203 -31
204 -31
205 -32
206 -31
207 -30
208 -31
209 -31
210 -31
211 -34
212 -38
213 -36
214 -35
215 -33
216 -33
217 -35
218 -35
219 -37
220 -38
221 -35
222 -31
223 -32
224 -37
225 -38
226 -44
227 -39
228 -37
229 -32
230 -34
231 -30
232 -24
233 -25
234 -29
235 -25
236 -33
237 -29
238 -28
239 -33
240 -39
241 -30
242 -37
243 -39
244 -40
245 -38
246 -42
247 -45
248 -44
249 -45
250 -44
251 -39
252 -42
253 -48
254 -46
255 -43
