0 97
1 87
2 88
3 95
4 106
5 104
6 105
7 105
8 113
9 114
10 112
11 123
12 120
13 120
14 138
15 133
16 130
17 126
18 113
19 116
20 119
21 128
22 130
23 128
24 124
25 126
26 131
27 141
28 139
29 140
30 143
31 137
32 136
33 136
34 142
35 135
36 142
37 144
38 149
39 149
40 159
41 158
42 162
43 161
44 160
45 163
46 146
47 144
48 151
49 150
50 147
51 140
52 138
53 140
54 139
55 140
56 139
57 140
58 142
59 149
60 155
61 139
62 143
63 145
64 139
65 129
66 127
67 128
68 128
69 129
70 129
71 130
72 113
73 117
74 116
75 112
76 112
77 100
78 100
79 103
80 125
81 113
82 115
83 114
84 115
85 118
86 118
87 111
88 112
89 113
90 116
91 123
92 123
93 132
94 131
95 133
96 128
97 131
98 128
99 122
100 121
101 128
102 138
103 133
104 132
105 141
106 153
107 166
108 166
109 164
110 166
111 167
112 158
113 166
114 169
115 168
116 169
117 174
118 170
119 165
120 188
121 187
122 185
123 179
124 181
125 192
126 192
127 186
128 182
129 184
130 184
131 185
132 184
133 181
134 179
135 185
136 186
137 187
138 187
139 188
140 188
141 185
142 185
143 183
144 184
145 180
146 180
147 181
148 185
149 185
150 185
151 182
152 182
153 182
154 188
155 199
156 199
157 196
158 195
159 195
160 200
161 190
162 194
163 194
164 201
165 175
166 181
167 155
168 160
169 169
170 168
171 165
172 157
173 147
174 145
175 141
176 143
177 135
178 130
179 139
180 139
181 134
182 140
183 133
184 131
185 131
186 137
187 140
188 131
189 123
190 123
191 120
192 121
193 123
194 119
195 109
196 121
197 121
198 117
199 108
200 106
201 105
202 100
203 103
204 93
205 97
206 91
207 86
208 87
209 79
210 81
211 79
212 86
213 85
214 104
215 118
216 121
217 120
218 118
219 115
220 118
221 119
222 113
223 113
224 114
225 112
226 110
227 115
228 113
229 107
230 109
231 113
232 113
233 112
234 112
235 110
236 102
237 103
238 102
239 99
240 106
241 94
242 96
243 96
244 101
245 101
246 103
247 107
248 97
249 100
250 99
251 104
252 95
253 96
254 98
255 94
