0 -1
1 -1
2 -1
3 -4
4 -2
5 1
6 -1
7 1
8 0
9 3
10 2
11 1
12 3
13 4
14 1
15 3
16 0
17 -1
18 0
19 1
20 0
21 0
22 -2
23 0
24 0
25 3
26 1
27 -4
28 -5
29 -1
30 -1
31 2
32 0
33 0
34 0
35 1
36 1
37 4
38 5
39 3
40 4
41 -3
42 2
43 3
44 5
45 3
46 4
47 -1
48 2
49 -1
50 -2
51 -1
52 -1
53 1
54 1
55 6
56 4
57 1
58 -1
59 -1
60 3
61 -3
62 -3
63 -3
64 -3
65 0
66 -1
67 -9
68 -5
69 1
70 0
71 0
72 -1
73 -3
74 -4
75 0
76 1
77 0
78 2
79 1
80 -1
81 -1
82 -1
83 -4
84 -7
85 -8
86 -2
87 -3
88 -4
89 -3
90 -4
91 -7
92 -3
93 0
94 -3
95 -2
96 -2
97 6
98 1
99 1
100 4
101 -1
102 4
103 -5
104 -9
105 1
106 3
107 0
108 -1
109 -2
110 0
111 2
112 -3
113 -3
114 -4
115 0
116 0
117 3
118 3
119 3
120 3
121 -3
122 -6
123 -6
124 -8
125 -2
126 -8
127 -5
128 -6
129 -7
130 0
131 1
132 1
133 3
134 7
135 0
136 -1
137 1
138 -1
139 4
140 -2
141 -2
142 4
143 0
144 -1
145 1
146 3
147 4
148 -5
149 -2
150 -1
151 -1
152 2
153 0
154 5
155 5
156 2
157 -1
158 -1
159 1
160 1
161 0
162 1
163 1
164 3
165 2
166 1
167 5
168 5
169 2
170 1
171 2
172 1
173 2
174 -4
175 -2
176 -2
177 -1
178 3
179 2
180 -4
181 -1
182 -1
183 -2
184 -1
185 0
186 1
187 -2
188 -1
189 0
190 -7
191 -4
192 -1
193 -1
194 -1
195 2
196 -3
197 3
198 1
199 1
200 -1
201 0
202 1
203 2
204 2
205 1
206 -3
207 -4
208 -6
209 -6
210 -4
211 1
212 -2
213 1
214 3
215 -1
216 1
217 -10
218 -10
219 -6
220 -4
221 -1
222 1
223 1
224 1
225 2
226 2
227 8
228 9
229 13
230 3
231 2
232 2
233 9
234 8
235 2
236 4
237 1
238 4
239 3
240 3
241 4
242 6
243 -1
244 -1
245 -1
246 -2
247 -6
248 -5
249 -6
250 -5
251 1
252 4
253 9
254 7
255 1
