0 0
1 4
2 8
3 7
4 6
5 11
6 18
7 17
8 15
9 13
10 -6
11 -9
12 -8
13 -7
14 -6
15 -7
16 7
17 -1
18 -3
19 0
20 -11
21 0
22 -3
23 -4
24 -4
25 -16
26 -22
27 -15
28 -15
29 -16
30 -13
31 -13
32 -18
33 -14
34 -13
35 -24
36 -12
37 -13
38 -10
39 -13
40 -10
41 -13
42 -9
43 14
44 13
45 1
46 4
47 6
48 12
49 15
50 11
51 -2
52 13
53 14
54 16
55 11
56 12
57 17
58 21
59 31
60 31
61 31
62 4
63 0
64 -1
65 -9
66 3
67 4
68 4
69 4
70 -4
71 -5
72 -7
73 -5
74 -3
75 -1
76 -1
77 1
78 4
79 -2
80 -2
81 -1
82 1
83 -1
84 10
85 8
86 10
87 8
88 -5
89 10
90 10
91 10
92 10
93 12
94 12
95 14
96 27
97 25
98 26
99 31
100 21
101 7
102 7
103 12
104 11
105 1
106 1
107 4
108 4
109 7
110 9
111 15
112 17
113 19
114 23
115 22
116 23
117 25
118 25
119 40
120 42
121 45
122 37
123 36
124 36
125 24
126 8
127 10
128 3
129 0
130 -7
131 -4
132 -1
133 -12
134 -11
135 3
136 -2
137 -2
138 0
139 1
140 10
141 9
142 3
143 5
144 3
145 -3
146 -3
147 -3
148 -8
149 -5
150 0
151 -4
152 -9
153 -14
154 -15
155 -16
156 -3
157 -10
158 -7
159 -16
160 -13
161 -20
162 -21
163 -23
164 -23
165 -6
166 9
167 2
168 2
169 -4
170 -4
171 -1
172 -1
173 -2
174 -3
175 -2
176 1
177 -2
178 16
179 24
180 14
181 13
182 23
183 22
184 13
185 11
186 13
187 14
188 -11
189 -16
190 -15
191 -17
192 -3
193 -17
194 -29
195 -27
196 -31
197 -34
198 -34
199 -28
200 -29
201 -34
202 -32
203 -33
204 -36
205 -29
206 -43
207 -42
208 -21
209 -25
210 -26
211 -26
212 -21
213 -18
214 6
215 8
216 7
217 3
218 2
219 2
220 1
221 7
222 3
223 4
224 6
225 4
226 8
227 13
228 10
229 9
230 10
231 12
232 11
233 13
234 9
235 12
236 13
237 15
238 17
239 24
240 13
241 14
242 13
243 16
244 18
245 17
246 17
247 25
248 7
249 -2
250 6
251 7
252 1
253 0
254 -5
255 2
