0 -14
1 -15
2 -14
3 -15
4 -12
5 -15
6 -12
7 -13
8 -15
9 -15
10 -16
11 -17
12 -9
13 -2
14 -4
15 0
16 2
17 6
18 6
19 27
20 25
21 26
22 25
23 24
24 26
25 23
26 28
27 41
28 41
29 38
30 37
31 32
32 39
33 34
34 40
35 42
36 33
37 32
38 31
39 31
40 28
41 24
42 26
43 27
44 27
45 26
46 26
47 17
48 34
49 31
50 32
51 23
52 26
53 25
54 26
55 15
56 13
57 15
58 15
59 16
60 16
61 14
62 13
63 12
64 22
65 22
66 22
67 24
68 27
69 27
70 26
71 21
72 23
73 23
74 26
75 24
76 24
77 24
78 23
79 14
80 16
81 16
82 21
83 23
84 21
85 25
86 17
87 13
88 15
89 19
90 14
91 10
92 12
93 10
94 8
95 19
96 17
97 16
98 14
99 14
100 13
101 17
102 21
103 21
104 20
105 33
106 34
107 32
108 25
109 23
110 14
111 14
112 19
113 15
114 18
115 16
116 18
117 10
118 7
119 3
120 7
121 10
122 12
123 13
124 6
125 4
126 1
127 4
128 4
129 5
130 4
131 5
132 2
133 1
134 -4
135 -2
136 -5
137 -12
138 -8
139 -5
140 -5
141 -6
142 -3
143 -2
144 0
145 0
146 -1
147 -2
148 7
149 16
150 26
151 26
152 21
153 21
154 24
155 19
156 16
157 15
158 13
159 7
160 5
161 5
162 7
163 7
164 22
165 23
166 34
167 28
168 29
169 27
170 30
171 31
172 30
173 32
174 30
175 23
176 30
177 29
178 27
179 26
180 26
181 19
182 13
183 11
184 9
185 11
186 11
187 12
188 10
189 13
190 16
191 16
192 15
193 10
194 9
195 8
196 3
197 6
198 13
199 14
200 25
201 31
202 30
203 29
204 23
205 20
206 20
207 7
208 6
209 6
210 -2
211 -4
212 -7
213 -5
214 -5
215 -4
216 -13
217 -27
218 -27
219 -29
220 -28
221 -33
222 -36
223 -35
224 -35
225 -35
226 -33
227 -33
228 -33
229 -33
230 -25
231 -26
232 -22
233 -20
234 -19
235 -17
236 -23
237 -17
238 -14
239 -13
240 -19
241 -22
242 -28
243 -25
244 -25
245 -28
246 -33
247 -42
248 -34
249 -31
250 -29
251 -32
252 -13
253 -17
254 -23
255 -9
