0 -2
1 -2
2 -1
3 -4
4 -7
5 -8
6 -9
7 -8
8 -11
9 -13
10 -1
11 -6
12 -13
13 -8
14 -6
15 -8
16 -4
17 -4
18 2
19 5
20 1
21 1
22 1
23 5
24 2
25 4
26 2
27 6
28 6
29 9
30 5
31 2
32 1
33 -1
34 3
35 2
36 0
37 5
38 2
39 -3
40 -8
41 -8
42 -10
43 -10
44 -13
45 -6
46 -6
47 -6
48 -7
49 -5
50 -3
51 -1
52 -3
53 2
54 3
55 3
56 4
57 4
58 7
59 8
60 5
61 6
62 -10
63 -8
64 -10
65 -8
66 -3
67 -3
68 2
69 7
70 5
71 3
72 4
73 4
74 4
75 5
76 6
77 8
78 11
79 15
80 6
81 0
82 -1
83 -4
84 3
85 11
86 10
87 15
88 11
89 11
90 11
91 5
92 3
93 -2
94 -4
95 3
96 4
97 -1
98 2
99 3
100 2
101 -9
102 -7
103 -7
104 2
105 1
106 1
107 1
108 3
109 4
110 5
111 4
112 6
113 -2
114 -1
115 -1
116 -1
117 11
118 10
119 -3
120 3
121 3
122 3
123 9
124 13
125 15
126 16
127 15
128 10
129 13
130 12
131 13
132 10
133 12
134 2
135 -6
136 -11
137 -7
138 3
139 3
140 4
141 3
142 10
143 14
144 13
145 10
146 1
147 3
148 7
149 -2
150 -4
151 -15
152 -11
153 -10
154 -12
155 -10
156 -10
157 -13
158 -3
159 -6
160 -7
161 -2
162 -1
163 1
164 6
165 6
166 6
167 6
168 0
169 -4
170 -1
171 -1
172 2
173 16
174 15
175 16
176 2
177 3
178 0
179 -2
180 -2
181 -5
182 -1
183 -6
184 2
185 3
186 0
187 -1
188 -2
189 2
190 9
191 7
192 10
193 9
194 8
195 6
196 5
197 -4
198 -10
199 -8
200 -11
201 -9
202 -8
203 2
204 0
205 4
206 2
207 6
208 3
209 2
210 5
211 3
212 2
213 3
214 3
215 6
216 9
217 9
218 15
219 14
220 9
221 9
222 5
223 -2
224 5
225 -7
226 -12
227 -9
228 -11
229 -11
230 -11
231 -9
232 -2
233 0
234 -5
235 -2
236 -4
237 0
238 3
239 -2
240 -2
241 0
242 -1
243 2
244 2
245 6
246 6
247 10
248 15
249 16
250 14
251 9
252 13
253 11
254 5
255 3
