0 -3
1 -2
2 -1
3 -1
4 -3
5 -3
6 -3
7 -3
8 -1
9 -2
10 -3
11 -2
12 0
13 -1
14 -3
15 -4
16 -5
17 -5
18 -5
19 -4
20 -4
21 -4
22 -4
23 -4
24 -3
25 -6
26 -8
27 -7
28 -10
29 -8
30 -9
31 -8
32 -9
33 -9
34 -9
35 -9
36 -9
37 -9
38 -9
39 -11
40 -10
41 -6
42 -6
43 -4
44 -3
45 -5
46 -4
47 -4
48 -4
49 -4
50 -5
51 -4
52 -2
53 -3
54 -2
55 -2
56 -2
57 -2
58 1
59 3
60 3
61 4
62 4
63 3
64 3
65 4
66 5
67 9
68 9
69 9
70 9
71 8
72 4
73 5
74 5
75 2
76 2
77 2
78 -2
79 -2
80 -2
81 0
82 2
83 1
84 2
85 1
86 4
87 1
88 1
89 2
90 0
91 -1
92 -4
93 -4
94 -3
95 -3
96 -1
97 -1
98 -1
99 -1
100 3
101 4
102 2
103 1
104 5
105 5
106 6
107 7
108 6
109 6
110 7
111 8
112 8
113 7
114 4
115 5
116 5
117 5
118 5
119 5
120 5
121 3
122 5
123 5
124 7
125 4
126 2
127 2
128 2
129 4
130 3
131 2
132 0
133 0
134 -1
135 0
136 2
137 2
138 1
139 0
140 0
141 -1
142 -3
143 -2
144 -6
145 -6
146 -2
147 0
148 0
149 2
150 2
151 1
152 1
153 2
154 0
155 -2
156 0
157 4
158 5
159 4
160 4
161 3
162 3
163 3
164 3
165 7
166 7
167 7
168 7
169 9
170 7
171 7
172 7
173 6
174 6
175 4
176 1
177 2
178 0
179 2
180 0
181 -2
182 -3
183 -3
184 -3
185 -4
186 -4
187 -4
188 -5
189 -8
190 -8
191 -10
192 -9
193 -9
194 -7
195 -6
196 -6
197 -6
198 -8
199 -8
200 -8
201 -7
202 -7
203 -5
204 -5
205 -4
206 -4
207 -4
208 -4
209 -3
210 -2
211 -2
212 -2
213 -1
214 -1
215 -2
216 -2
217 -3
218 -6
219 -6
220 -4
221 -6
222 -6
223 -6
224 -2
225 -1
226 -1
227 0
228 1
229 1
230 0
231 4
232 7
233 6
234 6
235 7
236 7
237 5
238 5
239 5
240 3
241 3
242 4
243 5
244 5
245 4
246 4
247 4
248 2
249 2
250 1
251 -3
252 -3
253 -3
254 -3
255 -3
