0 -5
1 -6
2 -6
3 -1
4 0
5 1
6 2
7 5
8 5
9 8
10 0
11 0
12 -5
13 -5
14 -6
15 -4
16 -3
17 -5
18 -4
19 0
20 1
21 2
22 0
23 1
24 -1
25 -1
26 -1
27 -1
28 -1
29 -1
30 0
31 0
32 -1
33 0
34 0
35 3
36 2
37 1
38 5
39 0
40 0
41 1
42 5
43 2
44 3
45 3
46 0
47 0
48 0
49 2
50 -6
51 -8
52 -6
53 -5
54 -4
55 -4
56 -2
57 -1
58 0
59 -4
60 -5
61 -5
62 -7
63 -7
64 -7
65 -7
66 -5
67 -7
68 -4
69 -4
70 -5
71 -3
72 -5
73 -5
74 -5
75 -5
76 -4
77 -7
78 -6
79 -7
80 -7
81 -1
82 2
83 2
84 1
85 1
86 -3
87 -4
88 -3
89 -2
90 0
91 0
92 2
93 -4
94 0
95 3
96 4
97 5
98 6
99 6
100 2
101 2
102 -1
103 0
104 -2
105 -2
106 -2
107 -1
108 -1
109 -1
110 -3
111 -3
112 -3
113 -5
114 -5
115 -4
116 -5
117 -5
118 -3
119 -4
120 -3
121 -1
122 1
123 -5
124 3
125 4
126 -1
127 0
128 2
129 3
130 3
131 7
132 8
133 12
134 11
135 12
136 10
137 8
138 8
139 10
140 4
141 1
142 1
143 5
144 9
145 5
146 7
147 7
148 3
149 2
150 3
151 -2
152 4
153 -2
154 0
155 0
156 0
157 -1
158 -4
159 0
160 -5
161 -4
162 -4
163 -4
164 0
165 -1
166 -1
167 2
168 -2
169 1
170 -3
171 3
172 5
173 3
174 2
175 4
176 7
177 5
178 3
179 -2
180 -2
181 -2
182 1
183 -1
184 2
185 2
186 1
187 -4
188 -5
189 -5
190 -5
191 -5
192 -2
193 -1
194 -1
195 -5
196 -1
197 -1
198 -1
199 0
200 2
201 -2
202 -3
203 -5
204 3
205 3
206 2
207 2
208 2
209 1
210 1
211 6
212 5
213 -5
214 6
215 7
216 4
217 4
218 2
219 -1
220 -1
221 3
222 -5
223 -7
224 -7
225 -5
226 -3
227 -2
228 0
229 0
230 1
231 1
232 -1
233 -1
234 -3
235 -3
236 -3
237 1
238 -1
239 -1
240 -1
241 -3
242 -3
243 1
244 2
245 3
246 -2
247 0
248 3
249 2
250 2
251 1
252 -2
253 -3
254 -3
255 -5
