0 -2
1 0
2 1
3 2
4 0
5 1
6 2
7 2
8 -2
9 0
10 2
11 4
12 2
13 -1
14 3
15 1
16 2
17 4
18 -1
19 1
20 0
21 0
22 -3
23 0
24 0
25 5
26 0
27 -3
28 0
29 5
30 6
31 7
32 7
33 0
34 -2
35 1
36 2
37 4
38 5
39 0
40 0
41 -1
42 8
43 7
44 6
45 10
46 4
47 5
48 8
49 10
50 0
51 1
52 1
53 1
54 -2
55 -5
56 -4
57 -1
58 -3
59 1
60 2
61 2
62 1
63 -1
64 -2
65 0
66 1
67 1
68 2
69 0
70 -7
71 -11
72 -6
73 -7
74 -5
75 -3
76 0
77 0
78 -2
79 4
80 2
81 -1
82 4
83 4
84 -1
85 1
86 3
87 2
88 2
89 2
90 3
91 0
92 0
93 -3
94 -4
95 1
96 1
97 3
98 -2
99 1
100 0
101 2
102 -5
103 -9
104 -5
105 -7
106 -4
107 3
108 5
109 8
110 7
111 3
112 2
113 2
114 2
115 4
116 6
117 6
118 2
119 2
120 0
121 -4
122 -3
123 -4
124 -4
125 -1
126 1
127 1
128 0
129 -2
130 -2
131 -6
132 -6
133 -5
134 2
135 3
136 -1
137 7
138 0
139 -5
140 3
141 0
142 -5
143 -7
144 -7
145 -6
146 -1
147 0
148 -3
149 -1
150 1
151 2
152 -5
153 -4
154 -1
155 -3
156 -3
157 1
158 1
159 2
160 5
161 4
162 -4
163 -3
164 -4
165 1
166 1
167 -1
168 -8
169 -6
170 -6
171 -2
172 0
173 -1
174 -4
175 4
176 2
177 -1
178 1
179 2
180 -2
181 5
182 1
183 3
184 -3
185 3
186 5
187 4
188 3
189 -2
190 -2
191 0
192 -1
193 13
194 3
195 4
196 0
197 5
198 -1
199 -4
200 -1
201 1
202 2
203 0
204 4
205 -2
206 0
207 1
208 1
209 1
210 -1
211 -1
212 -2
213 -3
214 0
215 -3
216 -6
217 -6
218 -5
219 -1
220 4
221 1
222 2
223 -1
224 -1
225 -2
226 0
227 2
228 6
229 2
230 -3
231 -3
232 -2
233 -2
234 -2
235 -1
236 -4
237 -4
238 -6
239 1
240 3
241 2
242 2
243 4
244 -1
245 2
246 2
247 5
248 6
249 1
250 1
251 -1
252 -1
253 -2
254 2
255 1
