0 -91
1 -93
2 -92
3 -91
4 -87
5 -78
6 -77
7 -76
8 -84
9 -83
10 -80
11 -78
12 -74
13 -72
14 -71
15 -74
16 -75
17 -76
18 -73
19 -76
20 -80
21 -73
22 -93
23 -105
24 -104
25 -95
26 -93
27 -91
28 -97
29 -97
30 -96
31 -97
32 -92
33 -87
34 -81
35 -83
36 -79
37 -77
38 -82
39 -84
40 -86
41 -79
42 -91
43 -93
44 -69
45 -72
46 -68
47 -71
48 -70
49 -69
50 -64
51 -67
52 -68
53 -68
54 -69
55 -63
56 -57
57 -58
58 -54
59 -48
60 -46
61 -45
62 -40
63 -39
64 -38
65 -35
66 -41
67 -49
68 -43
69 -39
70 -42
71 -51
72 -54
73 -55
74 -55
75 -45
76 -47
77 -50
78 -42
79 -47
80 -40
81 -33
82 -37
83 -38
84 -35
85 -29
86 -34
87 -36
88 -48
89 -49
90 -50
91 -49
92 -52
93 -51
94 -50
95 -45
96 -39
97 -37
98 -34
99 -34
100 -34
101 -34
102 -30
103 -41
104 -34
105 -33
106 -30
107 -30
108 -30
109 -31
110 -43
111 -31
112 -24
113 -30
114 -33
115 -29
116 -32
117 -31
118 -30
119 -46
120 -34
121 -33
122 -34
123 -36
124 -38
125 -40
126 -32
127 -35
128 -32
129 -39
130 -43
131 -42
132 -44
133 -52
134 -53
135 -50
136 -59
137 -59
138 -59
139 -58
140 -60
141 -76
142 -76
143 -66
144 -66
145 -63
146 -63
147 -66
148 -73
149 -71
150 -86
151 -87
152 -87
153 -80
154 -77
155 -77
156 -81
157 -74
158 -71
159 -67
160 -68
161 -60
162 -64
163 -68
164 -72
165 -70
166 -73
167 -79
168 -84
169 -83
170 -73
171 -64
172 -59
173 -59
174 -61
175 -69
176 -69
177 -68
178 -59
179 -60
180 -67
181 -68
182 -77
183 -82
184 -83
185 -83
186 -82
187 -89
188 -91
189 -94
190 -87
191 -84
192 -88
193 -84
194 -79
195 -81
196 -81
197 -81
198 -82
199 -76
200 -77
201 -77
202 -75
203 -66
204 -76
205 -76
206 -67
207 -67
208 -68
209 -92
210 -94
211 -88
212 -87
213 -89
214 -91
215 -91
216 -96
217 -105
218 -108
219 -101
220 -102
221 -104
222 -105
223 -104
224 -109
225 -104
226 -102
227 -109
228 -109
229 -112
230 -111
231 -101
232 -95
233 -101
234 -109
235 -109
236 -110
237 -108
238 -110
239 -106
240 -106
241 -108
242 -95
243 -96
244 -92
245 -91
246 -98
247 -87
248 -87
249 -84
250 -72
251 -69
252 -80
253 -81
254 -91
255 -89
