0 -36
1 -35
2 -34
3 -35
4 -35
5 -38
6 -37
7 -39
8 -35
9 -37
10 -37
11 -36
12 -36
13 -33
14 -33
15 -34
16 -35
17 -37
18 -38
19 -35
20 -36
21 -36
22 -35
23 -38
24 -38
25 -37
26 -37
27 -37
28 -36
29 -36
30 -34
31 -33
32 -34
33 -35
34 -32
35 -32
36 -32
37 -32
38 -32
39 -31
40 -31
41 -30
42 -31
43 -31
44 -30
45 -28
46 -28
47 -28
48 -25
49 -24
50 -24
51 -24
52 -24
53 -24
54 -22
55 -23
56 -23
57 -23
58 -28
59 -28
60 -27
61 -26
62 -26
63 -28
64 -28
65 -28
66 -27
67 -27
68 -27
69 -29
70 -30
71 -30
72 -24
73 -24
74 -26
75 -27
76 -24
77 -23
78 -28
79 -31
80 -30
81 -30
82 -30
83 -31
84 -30
85 -30
86 -31
87 -31
88 -31
89 -31
90 -31
91 -30
92 -30
93 -31
94 -30
95 -32
96 -32
97 -32
98 -31
99 -30
100 -31
101 -32
102 -35
103 -36
104 -36
105 -36
106 -35
107 -28
108 -28
109 -32
110 -32
111 -32
112 -32
113 -32
114 -32
115 -30
116 -29
117 -29
118 -28
119 -29
120 -26
121 -27
122 -26
123 -26
124 -26
125 -25
126 -19
127 -18
128 -19
129 -19
130 -20
131 -20
132 -19
133 -18
134 -18
135 -18
136 -18
137 -19
138 -19
139 -19
140 -19
141 -19
142 -21
143 -25
144 -33
145 -34
146 -34
147 -34
148 -34
149 -34
150 -34
151 -34
152 -34
153 -36
154 -37
155 -36
156 -37
157 -37
158 -34
159 -30
160 -30
161 -30
162 -31
163 -31
164 -31
165 -31
166 -31
167 -31
168 -32
169 -31
170 -30
171 -30
172 -30
173 -30
174 -30
175 -30
176 -30
177 -30
178 -28
179 -29
180 -29
181 -29
182 -29
183 -29
184 -30
185 -29
186 -30
187 -29
188 -28
189 -27
190 -30
191 -28
192 -28
193 -27
194 -28
195 -30
196 -31
197 -29
198 -29
199 -27
200 -25
201 -24
202 -24
203 -26
204 -25
205 -25
206 -25
207 -23
208 -23
209 -25
210 -25
211 -28
212 -28
213 -28
214 -29
215 -30
216 -31
217 -30
218 -31
219 -31
220 -31
221 -31
222 -31
223 -33
224 -33
225 -31
226 -29
227 -28
228 -28
229 -31
230 -31
231 -30
232 -30
233 -34
234 -31
235 -33
236 -33
237 -34
238 -34
239 -34
240 -30
241 -29
242 -29
243 -30
244 -31
245 -31
246 -29
247 -28
248 -28
249 -28
250 -28
251 -28
252 -27
253 -29
254 -32
255 -36
