0 -7
1 -1
2 1
3 1
4 9
5 6
6 2
7 -5
8 0
9 3
10 8
11 7
12 1
13 -15
14 -12
15 -5
16 -2
17 6
18 8
19 5
20 11
21 9
22 9
23 10
24 14
25 15
26 19
27 18
28 17
29 18
30 17
31 15
32 14
33 12
34 14
35 10
36 5
37 5
38 6
39 9
40 13
41 15
42 8
43 8
44 10
45 9
46 12
47 14
48 14
49 13
50 7
51 9
52 5
53 1
54 8
55 8
56 7
57 8
58 15
59 15
60 8
61 13
62 9
63 5
64 15
65 13
66 11
67 9
68 8
69 10
70 9
71 10
72 6
73 16
74 13
75 19
76 19
77 19
78 18
79 13
80 13
81 6
82 2
83 4
84 3
85 -3
86 0
87 0
88 -5
89 3
90 3
91 2
92 -9
93 -4
94 -3
95 -2
96 -2
97 -9
98 1
99 3
100 3
101 0
102 2
103 5
104 5
105 2
106 10
107 15
108 14
109 14
110 10
111 12
112 7
113 6
114 5
115 -4
116 -2
117 -2
118 0
119 0
120 -2
121 0
122 3
123 4
124 1
125 3
126 5
127 3
128 5
129 5
130 11
131 10
132 13
133 7
134 6
135 7
136 8
137 7
138 9
139 9
140 -3
141 2
142 7
143 4
144 6
145 3
146 -4
147 -3
148 -3
149 -5
150 -7
151 -8
152 -6
153 1
154 0
155 -3
156 -3
157 -2
158 0
159 0
160 -3
161 -6
162 -4
163 -3
164 -1
165 -1
166 -7
167 -9
168 -4
169 -4
170 -7
171 -7
172 -6
173 -5
174 -8
175 -8
176 -8
177 -7
178 -8
179 -3
180 -1
181 0
182 -1
183 -4
184 -4
185 -5
186 -7
187 -2
188 -2
189 4
190 3
191 3
192 0
193 0
194 3
195 -1
196 -2
197 6
198 9
199 7
200 8
201 5
202 5
203 4
204 -2
205 0
206 -3
207 -5
208 7
209 12
210 9
211 10
212 11
213 9
214 8
215 8
216 13
217 -2
218 -4
219 -9
220 -9
221 -13
222 -11
223 -12
224 -12
225 -13
226 -12
227 -12
228 -9
229 -9
230 -10
231 -4
232 -5
233 -8
234 -9
235 -9
236 -10
237 -12
238 -11
239 -7
240 -7
241 -11
242 -6
243 2
244 1
245 1
246 5
247 -2
248 -2
249 -2
250 1
251 0
252 -9
253 -7
254 -7
255 -5
