0 173
1 166
2 167
3 166
4 163
5 149
6 150
7 150
8 144
9 146
10 147
11 164
12 160
13 165
14 161
15 162
16 157
17 159
18 158
19 169
20 167
21 167
22 165
23 165
24 171
25 171
26 159
27 160
28 162
29 160
30 184
31 186
32 185
33 168
34 166
35 166
36 168
37 163
38 136
39 130
40 133
41 130
42 135
43 130
44 142
45 136
46 136
47 123
48 123
49 115
50 105
51 103
52 90
53 89
54 98
55 94
56 97
57 106
58 123
59 126
60 133
61 132
62 133
63 130
64 118
65 120
66 113
67 123
68 112
69 117
70 124
71 122
72 119
73 114
74 115
75 117
76 125
77 125
78 125
79 122
80 125
81 133
82 130
83 129
84 121
85 122
86 128
87 129
88 127
89 139
90 147
91 146
92 146
93 145
94 150
95 155
96 157
97 156
98 157
99 150
100 149
101 150
102 144
103 144
104 154
105 153
106 150
107 138
108 140
109 146
110 143
111 153
112 153
113 150
114 150
115 160
116 164
117 162
118 157
119 161
120 167
121 168
122 169
123 171
124 178
125 184
126 175
127 166
128 163
129 160
130 149
131 149
132 149
133 149
134 146
135 140
136 136
137 131
138 133
139 129
140 124
141 124
142 119
143 116
144 113
145 116
146 105
147 142
148 141
149 148
150 149
151 149
152 152
153 153
154 144
155 144
156 152
157 156
158 160
159 158
160 159
161 163
162 163
163 173
164 174
165 177
166 183
167 189
168 176
169 165
170 171
171 171
172 179
173 179
174 179
175 178
176 174
177 171
178 175
179 162
180 156
181 157
182 157
183 142
184 161
185 159
186 162
187 162
188 155
189 157
190 151
191 150
192 144
193 155
194 160
195 155
196 153
197 151
198 149
199 149
200 148
201 155
202 155
203 149
204 155
205 159
206 152
207 146
208 148
209 142
210 143
211 144
212 146
213 139
214 139
215 137
216 138
217 148
218 146
219 146
220 149
221 146
222 147
223 133
224 140
225 144
226 150
227 142
228 147
229 159
230 154
231 155
232 150
233 137
234 136
235 151
236 154
237 151
238 154
239 158
240 158
241 150
242 142
243 140
244 142
245 143
246 140
247 140
248 140
249 144
250 156
251 156
252 161
253 165
254 167
255 168
