0 -8
1 -8
2 -8
3 -6
4 -2
5 -3
6 -4
7 -7
8 -7
9 -7
10 -7
11 -7
12 -7
13 -4
14 -3
15 -2
16 -1
17 0
18 0
19 0
20 1
21 1
22 0
23 2
24 1
25 1
26 2
27 1
28 2
29 6
30 6
31 5
32 4
33 6
34 6
35 6
36 5
37 6
38 8
39 8
40 9
41 9
42 9
43 9
44 8
45 7
46 6
47 8
48 7
49 8
50 9
51 8
52 8
53 8
54 9
55 9
56 10
57 11
58 10
59 11
60 11
61 13
62 12
63 17
64 17
65 17
66 16
67 18
68 19
69 19
70 17
71 17
72 18
73 16
74 16
75 14
76 14
77 14
78 14
79 14
80 14
81 15
82 14
83 19
84 19
85 19
86 19
87 16
88 16
89 15
90 16
91 13
92 12
93 12
94 15
95 15
96 15
97 15
98 15
99 15
100 15
101 13
102 10
103 10
104 10
105 10
106 8
107 8
108 7
109 7
110 7
111 8
112 4
113 4
114 3
115 3
116 2
117 1
118 1
119 1
120 2
121 2
122 2
123 2
124 2
125 2
126 0
127 2
128 2
129 2
130 5
131 5
132 6
133 6
134 6
135 9
136 8
137 9
138 10
139 10
140 11
141 10
142 9
143 8
144 8
145 4
146 4
147 5
148 4
149 2
150 2
151 -1
152 -2
153 -2
154 -2
155 -3
156 -6
157 -6
158 -4
159 -4
160 -4
161 -3
162 -3
163 -3
164 -7
165 -6
166 -6
167 -8
168 -8
169 -7
170 -9
171 -9
172 -9
173 -9
174 -9
175 -9
176 -13
177 -13
178 -13
179 -12
180 -12
181 -10
182 -8
183 -7
184 -8
185 -6
186 -7
187 -5
188 -7
189 -5
190 -3
191 -3
192 -3
193 -1
194 -1
195 0
196 -1
197 0
198 0
199 1
200 1
201 1
202 0
203 0
204 -1
205 2
206 7
207 7
208 7
209 8
210 6
211 5
212 0
213 -3
214 -2
215 -3
216 -4
217 -4
218 -3
219 -5
220 -5
221 -5
222 -5
223 -4
224 -5
225 -5
226 -5
227 -5
228 -5
229 -5
230 -6
231 -8
232 -8
233 -9
234 -11
235 -11
236 -12
237 -10
238 -10
239 -10
240 -13
241 -16
242 -16
243 -17
244 -12
245 -12
246 -12
247 -11
248 -11
249 -11
250 -11
251 -10
252 -6
253 -6
254 -8
255 -8
