0 10
1 16
2 21
3 19
4 19
5 20
6 23
7 25
8 30
9 27
10 23
11 24
12 24
13 24
14 21
15 20
16 15
17 9
18 8
19 10
20 10
21 4
22 4
23 11
24 13
25 15
26 14
27 16
28 19
29 18
30 13
31 13
32 12
33 14
34 14
35 13
36 14
37 15
38 9
39 14
40 15
41 19
42 21
43 15
44 15
45 14
46 20
47 17
48 17
49 17
50 18
51 15
52 13
53 13
54 14
55 14
56 15
57 14
58 15
59 13
60 15
61 14
62 5
63 2
64 2
65 4
66 2
67 0
68 4
69 5
70 1
71 2
72 -3
73 -15
74 -12
75 -11
76 -9
77 -7
78 -5
79 -3
80 -2
81 -1
82 3
83 5
84 4
85 0
86 7
87 8
88 11
89 13
90 13
91 13
92 16
93 16
94 15
95 9
96 9
97 10
98 10
99 9
100 9
101 9
102 13
103 15
104 17
105 16
106 7
107 10
108 6
109 6
110 2
111 -2
112 -4
113 -6
114 -4
115 -3
116 -2
117 4
118 7
119 7
120 9
121 12
122 13
123 8
124 5
125 5
126 7
127 6
128 7
129 6
130 6
131 21
132 11
133 12
134 7
135 8
136 6
137 9
138 9
139 12
140 14
141 15
142 17
143 17
144 12
145 10
146 9
147 9
148 8
149 12
150 12
151 12
152 5
153 5
154 2
155 -4
156 -3
157 -6
158 -8
159 -9
160 -10
161 -11
162 -10
163 -6
164 -6
165 -6
166 -4
167 -6
168 -8
169 -9
170 -8
171 -11
172 -10
173 -14
174 -11
175 -11
176 -14
177 -14
178 -10
179 -7
180 -7
181 -9
182 -3
183 -4
184 -1
185 -1
186 1
187 1
188 5
189 8
190 7
191 -2
192 -2
193 -1
194 -7
195 -6
196 -4
197 -5
198 -10
199 -8
200 -9
201 -9
202 -12
203 -12
204 -10
205 -9
206 -9
207 -12
208 -15
209 -16
210 -13
211 -13
212 -11
213 -11
214 -7
215 -10
216 -10
217 -8
218 -6
219 -5
220 -6
221 -5
222 -5
223 -4
224 -3
225 1
226 -4
227 -2
228 3
229 0
230 -4
231 0
232 0
233 -1
234 1
235 3
236 3
237 1
238 0
239 -2
240 5
241 7
242 6
243 7
244 3
245 5
246 1
247 8
248 9
249 5
250 5
251 1
252 10
253 11
254 9
255 8
