0 57
1 59
2 55
3 53
4 54
5 56
6 56
7 61
8 58
9 57
10 55
11 55
12 56
13 57
14 58
15 58
16 56
17 54
18 52
19 53
20 53
21 55
22 57
23 57
24 58
25 59
26 59
27 60
28 60
29 60
30 60
31 59
32 59
33 62
34 63
35 63
36 64
37 66
38 65
39 64
40 64
41 62
42 65
43 67
44 65
45 65
46 66
47 66
48 67
49 66
50 66
51 66
52 65
53 65
54 64
55 63
56 63
57 60
58 61
59 59
60 57
61 58
62 58
63 59
64 59
65 61
66 59
67 61
68 63
69 64
70 61
71 61
72 58
73 58
74 57
75 55
76 55
77 55
78 55
79 55
80 55
81 49
82 50
83 49
84 49
85 48
86 47
87 49
88 49
89 49
90 49
91 51
92 52
93 51
94 53
95 57
96 56
97 56
98 57
99 54
100 53
101 54
102 55
103 54
104 55
105 55
106 56
107 57
108 57
109 63
110 58
111 58
112 56
113 57
114 57
115 59
116 60
117 62
118 62
119 62
120 62
121 60
122 60
123 57
124 57
125 58
126 58
127 57
128 57
129 57
130 59
131 59
132 59
133 59
134 59
135 57
136 57
137 54
138 55
139 55
140 56
141 58
142 58
143 54
144 53
145 53
146 54
147 50
148 50
149 52
150 58
151 58
152 58
153 58
154 58
155 58
156 58
157 55
158 56
159 57
160 56
161 61
162 59
163 58
164 59
165 59
166 59
167 56
168 56
169 56
170 56
171 57
172 55
173 56
174 56
175 56
176 54
177 54
178 56
179 56
180 55
181 55
182 55
183 56
184 52
185 52
186 53
187 56
188 55
189 55
190 54
191 54
192 54
193 54
194 56
195 57
196 57
197 59
198 61
199 61
200 62
201 63
202 60
203 60
204 58
205 59
206 58
207 59
208 58
209 58
210 58
211 58
212 58
213 55
214 57
215 57
216 58
217 59
218 61
219 61
220 59
221 59
222 59
223 57
224 57
225 57
226 57
227 59
228 59
229 59
230 57
231 57
232 56
233 56
234 55
235 55
236 59
237 61
238 61
239 62
240 62
241 60
242 59
243 58
244 60
245 56
246 56
247 59
248 60
249 60
250 61
251 60
252 59
253 57
254 57
255 57
