0 5
1 15
2 9
3 2
4 2
5 24
6 29
7 28
8 23
9 16
10 15
11 15
12 18
13 19
14 15
15 16
16 17
17 14
18 29
19 15
20 12
21 15
22 16
23 7
24 8
25 10
26 19
27 21
28 19
29 20
30 19
31 18
32 30
33 26
34 20
35 19
36 20
37 25
38 28
39 22
40 23
41 21
42 25
43 16
44 19
45 16
46 25
47 26
48 18
49 21
50 15
51 23
52 19
53 19
54 19
55 15
56 17
57 17
58 13
59 11
60 10
61 15
62 15
63 2
64 9
65 12
66 12
67 9
68 -2
69 11
70 -5
71 -4
72 -12
73 -8
74 1
75 4
76 1
77 -3
78 2
79 -16
80 -13
81 -4
82 -3
83 -5
84 -8
85 -3
86 -7
87 -6
88 -12
89 -9
90 -14
91 -8
92 -6
93 -9
94 -16
95 -9
96 -9
97 -9
98 -8
99 -2
100 0
101 3
102 10
103 17
104 4
105 10
106 9
107 3
108 0
109 1
110 6
111 6
112 -10
113 1
114 3
115 2
116 5
117 4
118 -1
119 4
120 4
121 2
122 11
123 9
124 7
125 17
126 25
127 20
128 0
129 10
130 5
131 14
132 17
133 16
134 18
135 9
136 9
137 11
138 10
139 10
140 1
141 1
142 7
143 7
144 -4
145 -4
146 6
147 21
148 21
149 27
150 14
151 13
152 16
153 26
154 21
155 22
156 15
157 15
158 11
159 15
160 16
161 14
162 14
163 13
164 17
165 19
166 14
167 22
168 17
169 12
170 12
171 15
172 26
173 28
174 25
175 16
176 16
177 9
178 10
179 23
180 28
181 26
182 20
183 16
184 10
185 16
186 9
187 1
188 11
189 -2
190 -3
191 -10
192 -16
193 -15
194 -15
195 -3
196 -4
197 0
198 -2
199 -1
200 -18
201 -16
202 -16
203 -16
204 -17
205 -18
206 -15
207 -13
208 -14
209 -10
210 -2
211 -4
212 -3
213 -6
214 -8
215 -12
216 -17
217 -15
218 -24
219 -24
220 -25
221 -20
222 -34
223 -22
224 -16
225 -16
226 -24
227 -24
228 -21
229 -16
230 -11
231 -5
232 -4
233 5
234 5
235 26
236 32
237 29
238 29
239 28
240 28
241 27
242 21
243 17
244 18
245 18
246 18
247 9
248 7
249 -2
250 1
251 16
252 20
253 9
254 8
255 8
