0 0
1 -2
2 -2
3 -1
4 -2
5 -1
6 1
7 1
8 1
9 1
10 0
11 -3
12 -3
13 -1
14 0
15 0
16 0
17 -1
18 1
19 1
20 -1
21 -1
22 -1
23 -1
24 -2
25 -1
26 -1
27 0
28 1
29 1
30 1
31 2
32 1
33 0
34 0
35 0
36 -1
37 -1
38 -4
39 -3
40 -4
41 -4
42 -4
43 -5
44 -2
45 -1
46 -2
47 -2
48 -2
49 -1
50 0
51 0
52 1
53 1
54 2
55 0
56 -1
57 0
58 3
59 2
60 1
61 2
62 3
63 3
64 3
65 3
66 4
67 3
68 4
69 3
70 4
71 3
72 2
73 2
74 1
75 -2
76 -2
77 -2
78 -2
79 -6
80 -6
81 -5
82 -5
83 -6
84 -6
85 -6
86 -5
87 -6
88 0
89 0
90 0
91 -2
92 -2
93 -5
94 -4
95 -3
96 -3
97 -3
98 -2
99 -2
100 -3
101 0
102 -2
103 -1
104 0
105 0
106 1
107 1
108 -1
109 -1
110 0
111 -1
112 -1
113 -1
114 -2
115 -1
116 -2
117 -2
118 -2
119 -2
120 -2
121 -3
122 -2
123 -2
124 -2
125 -1
126 -1
127 -2
128 -2
129 -1
130 -1
131 -1
132 -2
133 -1
134 0
135 1
136 0
137 -1
138 -1
139 -2
140 -3
141 -5
142 -5
143 -5
144 -5
145 -6
146 -7
147 -4
148 -1
149 -2
150 -3
151 -3
152 -4
153 -5
154 -8
155 -9
156 -7
157 -7
158 -8
159 -8
160 -8
161 -8
162 -8
163 -7
164 -7
165 -7
166 -6
167 -6
168 -5
169 -1
170 0
171 -3
172 -2
173 -2
174 0
175 -1
176 -1
177 -2
178 -1
179 -1
180 0
181 3
182 3
183 5
184 7
185 8
186 8
187 8
188 6
189 6
190 6
191 5
192 6
193 3
194 2
195 2
196 0
197 1
198 1
199 1
200 1
201 0
202 -1
203 -1
204 -2
205 -3
206 1
207 1
208 1
209 1
210 4
211 3
212 3
213 4
214 4
215 5
216 4
217 1
218 0
219 0
220 -3
221 -4
222 -4
223 -2
224 -2
225 -1
226 -1
227 1
228 0
229 0
230 0
231 0
232 -1
233 1
234 1
235 2
236 0
237 1
238 1
239 1
240 1
241 0
242 0
243 0
244 1
245 1
246 1
247 1
248 1
249 1
250 1
251 1
252 1
253 0
254 -1
255 -1
