0 47
1 46
2 46
3 46
4 45
5 45
6 49
7 49
8 49
9 49
10 49
11 49
12 49
13 49
14 52
15 53
16 50
17 50
18 48
19 47
20 49
21 49
22 49
23 50
24 52
25 49
26 50
27 50
28 50
29 51
30 51
31 51
32 54
33 54
34 55
35 53
36 54
37 53
38 53
39 51
40 52
41 52
42 52
43 47
44 47
45 49
46 47
47 47
48 46
49 45
50 44
51 45
52 44
53 46
54 45
55 44
56 45
57 46
58 48
59 49
60 49
61 47
62 46
63 46
64 47
65 47
66 47
67 46
68 45
69 43
70 42
71 41
72 40
73 39
74 40
75 41
76 41
77 42
78 43
79 43
80 42
81 49
82 46
83 48
84 48
85 47
86 47
87 46
88 40
89 39
90 44
91 43
92 43
93 42
94 43
95 43
96 43
97 43
98 42
99 43
100 43
101 43
102 42
103 42
104 42
105 42
106 41
107 42
108 41
109 40
110 39
111 39
112 39
113 40
114 41
115 44
116 42
117 41
118 41
119 41
120 39
121 38
122 33
123 33
124 34
125 34
126 34
127 32
128 34
129 32
130 38
131 40
132 42
133 42
134 42
135 41
136 41
137 41
138 43
139 44
140 46
141 47
142 48
143 49
144 50
145 52
146 48
147 46
148 45
149 45
150 45
151 44
152 46
153 46
154 46
155 46
156 48
157 48
158 44
159 43
160 43
161 43
162 43
163 40
164 40
165 39
166 37
167 37
168 38
169 40
170 40
171 41
172 41
173 42
174 41
175 40
176 40
177 41
178 42
179 42
180 42
181 41
182 42
183 42
184 47
185 48
186 47
187 47
188 49
189 50
190 52
191 53
192 52
193 52
194 51
195 56
196 57
197 56
198 55
199 56
200 55
201 56
202 56
203 56
204 55
205 56
206 56
207 57
208 54
209 55
210 61
211 61
212 61
213 61
214 61
215 58
216 56
217 57
218 57
219 57
220 57
221 56
222 55
223 57
224 57
225 57
226 56
227 56
228 54
229 52
230 52
231 55
232 55
233 56
234 53
235 53
236 51
237 49
238 49
239 47
240 47
241 48
242 46
243 49
244 49
245 49
246 50
247 48
248 48
249 50
250 48
251 50
252 50
253 50
254 48
255 48
