0 9
1 3
2 5
3 5
4 2
5 0
6 10
7 1
8 7
9 -15
10 -18
11 -19
12 -19
13 -21
14 -18
15 -19
16 -15
17 -14
18 -19
19 -26
20 -23
21 -20
22 -23
23 -13
24 -12
25 -9
26 -3
27 -2
28 -5
29 -3
30 -14
31 -14
32 -7
33 -8
34 -7
35 -11
36 -19
37 -8
38 -9
39 -11
40 -10
41 -12
42 -15
43 -12
44 -21
45 -20
46 -28
47 -28
48 -23
49 -27
50 -23
51 -25
52 -25
53 -33
54 -35
55 -29
56 -29
57 -31
58 -30
59 -30
60 -22
61 -19
62 -19
63 -11
64 -5
65 -2
66 -1
67 -3
68 0
69 -3
70 5
71 8
72 5
73 4
74 -4
75 -7
76 -7
77 -8
78 -8
79 4
80 9
81 7
82 5
83 6
84 6
85 9
86 7
87 6
88 1
89 -1
90 -5
91 -5
92 -7
93 -9
94 -9
95 -14
96 -13
97 -7
98 1
99 1
100 5
101 3
102 -4
103 -3
104 1
105 0
106 1
107 2
108 4
109 4
110 5
111 10
112 5
113 10
114 8
115 8
116 5
117 -3
118 -10
119 -12
120 -14
121 -14
122 -14
123 -16
124 -15
125 -8
126 -4
127 -2
128 -6
129 -8
130 -7
131 -11
132 -13
133 -12
134 -12
135 -9
136 -12
137 -11
138 -11
139 -12
140 -9
141 -17
142 -14
143 -13
144 -10
145 -10
146 -14
147 -23
148 -23
149 -23
150 -26
151 -43
152 -34
153 -32
154 -29
155 -29
156 -35
157 -35
158 -33
159 -34
160 -34
161 -31
162 -27
163 -18
164 -24
165 -24
166 -29
167 -14
168 -20
169 -19
170 -7
171 -16
172 -20
173 -25
174 -34
175 -34
176 -32
177 -32
178 -45
179 -43
180 -41
181 -44
182 -45
183 -39
184 -34
185 -33
186 -34
187 -35
188 -35
189 -32
190 -34
191 -31
192 -27
193 -25
194 -25
195 -27
196 -27
197 -27
198 -31
199 -27
200 -25
201 -28
202 -20
203 -17
204 -17
205 -19
206 -14
207 -15
208 -15
209 -9
210 -14
211 -14
212 -20
213 -21
214 -23
215 -30
216 -29
217 -28
218 -29
219 -28
220 -28
221 -26
222 -33
223 -26
224 -31
225 -31
226 -31
227 -33
228 -34
229 -26
230 -30
231 -33
232 -29
233 -29
234 -29
235 -32
236 -34
237 -34
238 -34
239 -18
240 -15
241 -24
242 -18
243 -22
244 -20
245 -14
246 -1
247 -9
248 -8
249 -14
250 -11
251 -8
252 -1
253 2
254 5
255 7
