0 -17
1 -14
2 -15
3 -7
4 -5
5 -5
6 -11
7 -15
8 -15
9 -8
10 8
11 8
12 11
13 22
14 15
15 16
16 15
17 13
18 17
19 22
20 20
21 20
22 20
23 23
24 19
25 18
26 19
27 22
28 28
29 28
30 22
31 11
32 7
33 1
34 1
35 2
36 -1
37 1
38 3
39 3
40 7
41 7
42 6
43 8
44 2
45 -1
46 -1
47 -9
48 -7
49 -9
50 -4
51 7
52 5
53 8
54 1
55 11
56 6
57 9
58 0
59 -3
60 -1
61 -7
62 -9
63 -6
64 -6
65 2
66 -5
67 8
68 9
69 13
70 15
71 11
72 13
73 11
74 17
75 22
76 22
77 18
78 11
79 12
80 8
81 8
82 8
83 7
84 19
85 28
86 18
87 26
88 28
89 22
90 21
91 21
92 6
93 17
94 21
95 34
96 35
97 40
98 41
99 42
100 34
101 24
102 38
103 35
104 33
105 25
106 20
107 21
108 23
109 29
110 26
111 30
112 45
113 45
114 38
115 22
116 23
117 24
118 24
119 30
120 32
121 23
122 22
123 22
124 32
125 34
126 39
127 35
128 40
129 40
130 24
131 28
132 29
133 26
134 25
135 23
136 22
137 23
138 19
139 17
140 10
141 1
142 2
143 2
144 11
145 9
146 20
147 10
148 9
149 8
150 9
151 6
152 -5
153 -6
154 -5
155 -8
156 2
157 13
158 21
159 27
160 8
161 11
162 10
163 17
164 22
165 24
166 32
167 34
168 29
169 26
170 25
171 25
172 25
173 25
174 23
175 23
176 27
177 17
178 7
179 10
180 9
181 8
182 2
183 1
184 -1
185 3
186 7
187 1
188 4
189 4
190 -6
191 -9
192 -9
193 -7
194 -9
195 -18
196 -13
197 -23
198 -16
199 -15
200 -2
201 -2
202 -1
203 -3
204 -4
205 -4
206 -3
207 3
208 -2
209 -1
210 8
211 9
212 9
213 11
214 12
215 10
216 11
217 19
218 20
219 22
220 26
221 20
222 26
223 23
224 28
225 35
226 21
227 21
228 20
229 32
230 35
231 41
232 41
233 39
234 38
235 45
236 39
237 39
238 55
239 52
240 52
241 38
242 30
243 28
244 19
245 20
246 16
247 22
248 20
249 22
250 4
251 -5
252 -7
253 -8
254 -7
255 -7
