0 -17
1 -16
2 -19
3 -17
4 -11
5 -10
6 -7
7 -5
8 -7
9 -9
10 -7
11 -9
12 -10
13 -8
14 -7
15 -5
16 -3
17 -2
18 -2
19 -2
20 0
21 2
22 2
23 3
24 -1
25 -4
26 -3
27 -5
28 -4
29 -5
30 -5
31 -7
32 -6
33 -3
34 -2
35 -3
36 2
37 2
38 4
39 4
40 3
41 6
42 5
43 5
44 11
45 11
46 7
47 10
48 11
49 9
50 5
51 7
52 9
53 9
54 9
55 7
56 8
57 8
58 2
59 -1
60 1
61 4
62 5
63 5
64 6
65 4
66 4
67 6
68 6
69 11
70 11
71 10
72 7
73 6
74 7
75 10
76 9
77 9
78 12
79 12
80 10
81 10
82 11
83 15
84 13
85 15
86 12
87 10
88 12
89 12
90 13
91 14
92 16
93 11
94 10
95 11
96 6
97 -4
98 -6
99 -1
100 -3
101 -1
102 -2
103 -3
104 -4
105 -3
106 -8
107 -8
108 -10
109 -7
110 -7
111 -7
112 -11
113 -11
114 -12
115 -12
116 -16
117 -16
118 -17
119 -18
120 -16
121 -16
122 -12
123 -13
124 -15
125 -13
126 -12
127 -10
128 -10
129 -7
130 -8
131 -10
132 -10
133 -9
134 -10
135 -11
136 -10
137 -6
138 -8
139 -6
140 -6
141 -8
142 -6
143 -1
144 0
145 0
146 4
147 8
148 8
149 8
150 8
151 7
152 9
153 9
154 8
155 9
156 6
157 4
158 6
159 4
160 -5
161 -6
162 -6
163 -5
164 -4
165 -4
166 -4
167 -2
168 -5
169 -2
170 -2
171 -3
172 -3
173 -2
174 0
175 -7
176 -5
177 -6
178 -5
179 -5
180 -5
181 -8
182 -8
183 -8
184 -7
185 -6
186 -8
187 -6
188 -8
189 -7
190 -11
191 -3
192 -5
193 -5
194 -10
195 -8
196 -9
197 -9
198 -10
199 -9
200 -8
201 -3
202 0
203 0
204 -3
205 -2
206 1
207 0
208 0
209 -1
210 -1
211 1
212 -2
213 -3
214 -7
215 -8
216 -6
217 -3
218 -6
219 -6
220 -6
221 -5
222 -4
223 -2
224 -1
225 -2
226 1
227 -3
228 -2
229 -2
230 5
231 4
232 3
233 1
234 4
235 4
236 -4
237 -7
238 -8
239 -6
240 -7
241 -13
242 -11
243 -14
244 -15
245 -15
246 -16
247 -16
248 -15
249 -12
250 -10
251 -9
252 -9
253 -10
254 -8
255 -11
