0 3
1 -1
2 -1
3 1
4 0
5 0
6 3
7 3
8 3
9 1
10 -5
11 0
12 -6
13 -4
14 2
15 3
16 2
17 2
18 1
19 1
20 4
21 4
22 -1
23 -2
24 1
25 1
26 2
27 1
28 0
29 1
30 2
31 0
32 1
33 2
34 -1
35 0
36 -7
37 -3
38 -5
39 -8
40 -1
41 -1
42 -1
43 -1
44 0
45 -3
46 -5
47 -1
48 2
49 1
50 1
51 3
52 1
53 5
54 6
55 5
56 -2
57 0
58 2
59 0
60 0
61 0
62 1
63 -3
64 0
65 0
66 2
67 -1
68 -3
69 -3
70 -3
71 -3
72 -4
73 -3
74 -2
75 -9
76 -4
77 0
78 3
79 4
80 5
81 -1
82 2
83 -4
84 -2
85 -5
86 -3
87 -15
88 -9
89 -4
90 -5
91 -9
92 -9
93 0
94 -4
95 -1
96 0
97 1
98 -1
99 -3
100 -4
101 -5
102 0
103 -3
104 -3
105 0
106 -1
107 3
108 1
109 -2
110 -3
111 1
112 3
113 6
114 4
115 3
116 -1
117 0
118 -1
119 4
120 0
121 0
122 -1
123 -1
124 -3
125 -1
126 0
127 -2
128 -3
129 0
130 0
131 1
132 1
133 -1
134 0
135 -1
136 -1
137 -1
138 1
139 1
140 2
141 2
142 -4
143 0
144 -2
145 -3
146 -4
147 0
148 4
149 4
150 -4
151 2
152 -2
153 0
154 -2
155 0
156 0
157 2
158 1
159 0
160 -2
161 -2
162 2
163 0
164 0
165 -1
166 -1
167 1
168 3
169 1
170 0
171 -2
172 2
173 2
174 1
175 2
176 0
177 0
178 -5
179 -3
180 1
181 0
182 0
183 2
184 1
185 0
186 0
187 -1
188 -2
189 -3
190 -1
191 3
192 3
193 -1
194 1
195 0
196 3
197 0
198 2
199 1
200 1
201 0
202 -1
203 1
204 0
205 0
206 -1
207 -1
208 -1
209 -2
210 0
211 -1
212 4
213 3
214 -6
215 -1
216 -1
217 -8
218 3
219 3
220 4
221 5
222 2
223 1
224 -1
225 -1
226 -2
227 -3
228 0
229 1
230 2
231 1
232 2
233 -2
234 3
235 3
236 2
237 1
238 4
239 -2
240 0
241 -1
242 -1
243 -6
244 -3
245 3
246 1
247 0
248 0
249 -1
250 -1
251 0
252 1
253 1
254 -1
255 1
