0 21
1 21
2 20
3 19
4 16
5 14
6 -4
7 -5
8 -7
9 -5
10 -2
11 2
12 -1
13 1
14 3
15 2
16 1
17 5
18 4
19 6
20 14
21 13
22 19
23 17
24 18
25 24
26 33
27 43
28 35
29 35
30 37
31 37
32 36
33 29
34 27
35 17
36 7
37 2
38 0
39 5
40 1
41 2
42 -1
43 1
44 -5
45 -3
46 -3
47 0
48 4
49 1
50 1
51 -2
52 -4
53 -3
54 -3
55 -3
56 2
57 6
58 15
59 12
60 9
61 9
62 11
63 13
64 6
65 13
66 9
67 10
68 3
69 6
70 6
71 2
72 1
73 1
74 6
75 2
76 3
77 -7
78 -3
79 -1
80 -20
81 -16
82 -4
83 -3
84 -2
85 -2
86 4
87 3
88 6
89 5
90 13
91 9
92 23
93 23
94 25
95 27
96 21
97 18
98 21
99 24
100 20
101 20
102 13
103 12
104 12
105 14
106 3
107 0
108 -1
109 0
110 -5
111 -6
112 -10
113 -8
114 -4
115 -7
116 -4
117 -12
118 -6
119 -3
120 -1
121 -4
122 -4
123 -8
124 -11
125 -7
126 1
127 6
128 10
129 18
130 15
131 0
132 0
133 5
134 9
135 8
136 7
137 5
138 27
139 29
140 19
141 18
142 4
143 6
144 7
145 0
146 3
147 3
148 1
149 0
150 0
151 -16
152 -14
153 -11
154 -6
155 -19
156 -14
157 -15
158 -14
159 -4
160 -3
161 -7
162 -15
163 -23
164 -26
165 -17
166 -2
167 2
168 -3
169 -5
170 2
171 -10
172 2
173 -1
174 5
175 0
176 -1
177 -3
178 0
179 -3
180 -4
181 -10
182 4
183 6
184 8
185 3
186 4
187 1
188 4
189 3
190 1
191 -2
192 5
193 2
194 0
195 -8
196 -9
197 -5
198 -1
199 -3
200 1
201 -2
202 6
203 -3
204 8
205 8
206 19
207 21
208 21
209 14
210 11
211 20
212 18
213 11
214 12
215 7
216 9
217 20
218 21
219 28
220 32
221 33
222 39
223 33
224 24
225 23
226 14
227 11
228 16
229 23
230 16
231 13
232 13
233 6
234 6
235 15
236 14
237 8
238 11
239 13
240 7
241 6
242 6
243 6
244 7
245 5
246 6
247 19
248 16
249 18
250 17
251 8
252 5
253 9
254 21
255 23
