0 -5
1 4
2 0
3 -2
4 0
5 0
6 0
7 1
8 0
9 0
10 -1
11 3
12 1
13 0
14 1
15 3
16 -1
17 -1
18 3
19 0
20 -1
21 -1
22 -2
23 0
24 2
25 2
26 1
27 1
28 1
29 2
30 3
31 0
32 5
33 2
34 0
35 0
36 3
37 5
38 4
39 3
40 4
41 4
42 3
43 -1
44 -3
45 -1
46 -2
47 -3
48 2
49 -1
50 5
51 1
52 1
53 4
54 3
55 1
56 2
57 1
58 2
59 4
60 0
61 0
62 0
63 1
64 1
65 0
66 1
67 2
68 0
69 0
70 -1
71 -3
72 -1
73 -1
74 -2
75 -4
76 -4
77 -5
78 -1
79 1
80 5
81 3
82 0
83 -1
84 0
85 1
86 0
87 0
88 -3
89 -3
90 0
91 1
92 1
93 2
94 0
95 0
96 -1
97 -2
98 -2
99 -2
100 1
101 -2
102 -1
103 -1
104 0
105 0
106 5
107 4
108 1
109 1
110 -2
111 -2
112 0
113 -2
114 -2
115 -1
116 0
117 -2
118 0
119 0
120 5
121 5
122 -1
123 0
124 -2
125 -1
126 -3
127 -1
128 -2
129 1
130 0
131 1
132 1
133 0
134 0
135 -2
136 -1
137 0
138 4
139 -3
140 6
141 4
142 0
143 0
144 -7
145 2
146 -1
147 2
148 2
149 1
150 1
151 -2
152 -1
153 -1
154 1
155 1
156 0
157 -1
158 1
159 4
160 5
161 3
162 1
163 0
164 -1
165 -2
166 -1
167 0
168 -2
169 0
170 3
171 1
172 -1
173 -3
174 4
175 -2
176 2
177 2
178 2
179 0
180 0
181 3
182 3
183 3
184 0
185 0
186 0
187 1
188 1
189 1
190 2
191 4
192 -2
193 -2
194 -3
195 -1
196 -1
197 1
198 1
199 4
200 3
201 2
202 1
203 -1
204 -1
205 0
206 0
207 0
208 0
209 4
210 4
211 3
212 1
213 -1
214 -3
215 -2
216 -2
217 -2
218 -2
219 3
220 2
221 -3
222 -1
223 -1
224 0
225 3
226 6
227 2
228 0
229 0
230 -4
231 -8
232 -5
233 -4
234 -4
235 -5
236 -6
237 -2
238 -1
239 -2
240 -1
241 -1
242 0
243 0
244 4
245 7
246 4
247 -6
248 -4
249 -4
250 -3
251 -2
252 -3
253 -6
254 -3
255 -6
