0 31
1 32
2 33
3 34
4 34
5 39
6 40
7 37
8 36
9 35
10 35
11 35
12 33
13 32
14 29
15 30
16 32
17 31
18 32
19 32
20 36
21 37
22 45
23 42
24 38
25 42
26 35
27 33
28 34
29 28
30 31
31 31
32 26
33 23
34 24
35 20
36 20
37 18
38 16
39 14
40 16
41 13
42 20
43 20
44 23
45 25
46 27
47 18
48 21
49 24
50 32
51 43
52 43
53 45
54 43
55 40
56 34
57 33
58 36
59 36
60 33
61 37
62 38
63 38
64 37
65 28
66 27
67 26
68 28
69 22
70 32
71 34
72 25
73 25
74 27
75 27
76 29
77 33
78 34
79 38
80 40
81 40
82 44
83 45
84 39
85 39
86 39
87 41
88 52
89 47
90 43
91 40
92 39
93 45
94 46
95 44
96 49
97 50
98 50
99 45
100 46
101 48
102 45
103 41
104 45
105 44
106 43
107 36
108 35
109 31
110 38
111 29
112 28
113 24
114 23
115 26
116 27
117 26
118 27
119 26
120 27
121 27
122 31
123 35
124 32
125 31
126 30
127 30
128 31
129 33
130 37
131 35
132 33
133 36
134 36
135 35
136 37
137 37
138 41
139 39
140 39
141 42
142 47
143 44
144 46
145 50
146 56
147 54
148 49
149 50
150 47
151 47
152 42
153 42
154 44
155 42
156 38
157 39
158 36
159 34
160 36
161 32
162 27
163 30
164 29
165 26
166 34
167 29
168 33
169 33
170 35
171 48
172 41
173 40
174 39
175 39
176 42
177 46
178 45
179 49
180 47
181 45
182 49
183 48
184 53
185 60
186 56
187 57
188 57
189 55
190 55
191 55
192 56
193 53
194 53
195 53
196 61
197 71
198 69
199 65
200 66
201 66
202 67
203 66
204 69
205 68
206 53
207 57
208 55
209 54
210 53
211 56
212 54
213 58
214 58
215 57
216 60
217 56
218 56
219 57
220 52
221 51
222 52
223 50
224 52
225 53
226 57
227 53
228 56
229 55
230 51
231 46
232 41
233 31
234 37
235 38
236 41
237 43
238 43
239 43
240 42
241 39
242 44
243 45
244 42
245 42
246 35
247 31
248 32
249 32
250 30
251 30
252 31
253 30
254 31
255 30
