0 -8
1 -1
2 -1
3 -1
4 1
5 1
6 1
7 4
8 3
9 0
10 -1
11 -2
12 2
13 -1
14 0
15 -4
16 -2
17 2
18 0
19 -2
20 -3
21 -4
22 -2
23 -6
24 -6
25 -1
26 -1
27 1
28 4
29 0
30 4
31 6
32 2
33 -2
34 -1
35 -3
36 -1
37 2
38 0
39 2
40 2
41 5
42 2
43 1
44 1
45 5
46 5
47 3
48 0
49 2
50 8
51 10
52 8
53 7
54 7
55 -2
56 0
57 0
58 -2
59 1
60 0
61 -2
62 3
63 4
64 4
65 -1
66 -2
67 -4
68 -1
69 -3
70 -3
71 -3
72 -2
73 0
74 1
75 1
76 1
77 0
78 2
79 3
80 -1
81 0
82 -3
83 -3
84 -8
85 -7
86 -6
87 -6
88 -2
89 -2
90 -3
91 0
92 0
93 -2
94 -1
95 0
96 2
97 2
98 4
99 1
100 -2
101 0
102 -4
103 1
104 1
105 2
106 2
107 2
108 2
109 5
110 1
111 1
112 1
113 2
114 1
115 3
116 3
117 4
118 -1
119 -5
120 -2
121 0
122 0
123 -1
124 1
125 -2
126 -2
127 0
128 0
129 0
130 4
131 5
132 0
133 1
134 3
135 2
136 1
137 -1
138 5
139 5
140 0
141 -2
142 -1
143 -1
144 -1
145 -3
146 -4
147 -4
148 -5
149 -1
150 1
151 -3
152 -1
153 6
154 -1
155 -1
156 -1
157 2
158 1
159 3
160 2
161 1
162 1
163 1
164 1
165 -1
166 1
167 0
168 4
169 4
170 4
171 0
172 1
173 1
174 0
175 -3
176 1
177 1
178 -2
179 -2
180 -2
181 -1
182 2
183 0
184 -1
185 1
186 2
187 -3
188 -3
189 1
190 0
191 1
192 4
193 0
194 2
195 -3
196 -2
197 0
198 1
199 2
200 -1
201 0
202 -3
203 -1
204 -1
205 -1
206 5
207 4
208 5
209 -1
210 -1
211 4
212 9
213 2
214 -1
215 1
216 0
217 5
218 0
219 1
220 -2
221 -3
222 1
223 0
224 0
225 3
226 3
227 2
228 3
229 0
230 -5
231 -3
232 -5
233 1
234 6
235 13
236 -1
237 0
238 -1
239 -2
240 0
241 2
242 1
243 0
244 -3
245 -1
246 2
247 -3
248 -7
249 -3
250 1
251 -4
252 -4
253 -4
254 -5
255 -9
