0 -2
1 2
2 2
3 0
4 0
5 -1
6 3
7 3
8 1
9 -4
10 5
11 5
12 9
13 8
14 7
15 -1
16 3
17 0
18 -2
19 -7
20 -8
21 -9
22 -11
23 -12
24 -22
25 -11
26 -12
27 -12
28 -14
29 -3
30 -3
31 4
32 2
33 1
34 1
35 2
36 6
37 15
38 5
39 3
40 0
41 -1
42 -4
43 -4
44 -3
45 1
46 -2
47 -1
48 -1
49 3
50 1
51 3
52 -6
53 -2
54 -6
55 -6
56 -5
57 -5
58 -4
59 -4
60 0
61 -2
62 -4
63 -2
64 -1
65 -2
66 -1
67 1
68 6
69 6
70 12
71 8
72 4
73 11
74 7
75 8
76 6
77 6
78 8
79 7
80 6
81 4
82 5
83 8
84 9
85 8
86 5
87 6
88 6
89 -6
90 -5
91 -1
92 -1
93 4
94 4
95 0
96 0
97 2
98 0
99 -5
100 -4
101 1
102 9
103 6
104 6
105 3
106 2
107 4
108 8
109 10
110 14
111 10
112 11
113 11
114 12
115 16
116 16
117 -3
118 -3
119 -3
120 2
121 1
122 1
123 3
124 4
125 0
126 0
127 -4
128 -5
129 -5
130 -10
131 -9
132 -13
133 -7
134 -5
135 -7
136 -9
137 -13
138 -9
139 -10
140 -4
141 -9
142 -5
143 -5
144 -2
145 -3
146 0
147 -2
148 2
149 2
150 1
151 2
152 4
153 0
154 -8
155 -5
156 -5
157 -3
158 -4
159 1
160 1
161 -2
162 -11
163 7
164 8
165 2
166 5
167 6
168 8
169 6
170 6
171 -3
172 -6
173 -3
174 -7
175 -3
176 -4
177 -4
178 -4
179 -4
180 -5
181 2
182 3
183 2
184 1
185 4
186 -5
187 0
188 0
189 1
190 2
191 3
192 4
193 6
194 2
195 2
196 -2
197 -3
198 0
199 -2
200 -3
201 -6
202 -5
203 -4
204 -2
205 -4
206 1
207 1
208 -3
209 -5
210 -5
211 -5
212 6
213 -4
214 -1
215 3
216 6
217 1
218 5
219 -2
220 -1
221 -2
222 4
223 2
224 -4
225 4
226 3
227 1
228 9
229 10
230 10
231 15
232 16
233 10
234 8
235 2
236 3
237 -5
238 2
239 6
240 3
241 5
242 2
243 -2
244 0
245 6
246 6
247 7
248 5
249 10
250 2
251 3
252 1
253 3
254 9
255 0
