0 -53
1 -52
2 -57
3 -62
4 -61
5 -58
6 -56
7 -51
8 -47
9 -51
10 -55
11 -60
12 -53
13 -57
14 -54
15 -47
16 -42
17 -40
18 -38
19 -55
20 -56
21 -47
22 -45
23 -35
24 -35
25 -30
26 -35
27 -36
28 -40
29 -39
30 -34
31 -34
32 -36
33 -31
34 -39
35 -50
36 -45
37 -43
38 -43
39 -42
40 -39
41 -38
42 -41
43 -46
44 -43
45 -46
46 -52
47 -53
48 -48
49 -44
50 -40
51 -36
52 -42
53 -50
54 -49
55 -58
56 -60
57 -59
58 -62
59 -62
60 -53
61 -65
62 -62
63 -60
64 -65
65 -59
66 -56
67 -66
68 -66
69 -74
70 -71
71 -71
72 -70
73 -72
74 -67
75 -70
76 -70
77 -59
78 -58
79 -56
80 -52
81 -57
82 -57
83 -58
84 -55
85 -46
86 -47
87 -62
88 -67
89 -77
90 -86
91 -86
92 -87
93 -79
94 -80
95 -80
96 -80
97 -72
98 -72
99 -76
100 -72
101 -71
102 -65
103 -65
104 -65
105 -61
106 -62
107 -61
108 -66
109 -66
110 -70
111 -66
112 -68
113 -67
114 -78
115 -81
116 -81
117 -73
118 -73
119 -78
120 -81
121 -81
122 -79
123 -76
124 -75
125 -82
126 -73
127 -75
128 -72
129 -74
130 -74
131 -77
132 -82
133 -78
134 -75
135 -74
136 -74
137 -75
138 -76
139 -81
140 -81
141 -70
142 -69
143 -82
144 -81
145 -91
146 -91
147 -89
148 -88
149 -83
150 -85
151 -82
152 -80
153 -80
154 -77
155 -74
156 -75
157 -66
158 -73
159 -77
160 -77
161 -82
162 -82
163 -86
164 -87
165 -90
166 -86
167 -87
168 -97
169 -96
170 -91
171 -93
172 -92
173 -93
174 -90
175 -89
176 -89
177 -91
178 -90
179 -85
180 -102
181 -105
182 -116
183 -113
184 -101
185 -97
186 -89
187 -79
188 -82
189 -87
190 -74
191 -75
192 -76
193 -83
194 -89
195 -89
196 -88
197 -84
198 -80
199 -80
200 -77
201 -71
202 -72
203 -59
204 -57
205 -56
206 -51
207 -70
208 -65
209 -61
210 -65
211 -75
212 -80
213 -83
214 -81
215 -80
216 -86
217 -86
218 -82
219 -81
220 -82
221 -85
222 -86
223 -84
224 -86
225 -86
226 -75
227 -75
228 -70
229 -66
230 -79
231 -78
232 -76
233 -70
234 -88
235 -71
236 -71
237 -73
238 -67
239 -65
240 -73
241 -87
242 -88
243 -86
244 -84
245 -74
246 -71
247 -68
248 -61
249 -65
250 -60
251 -59
252 -52
253 -53
254 -51
255 -50
