0 -20
1 -18
2 -13
3 -13
4 -10
5 -10
6 -11
7 -17
8 -9
9 -12
10 -18
11 -22
12 -23
13 -26
14 -29
15 -31
16 -28
17 -25
18 -22
19 -23
20 -25
21 -25
22 -19
23 -25
24 -24
25 -34
26 -30
27 -41
28 -42
29 -45
30 -45
31 -48
32 -46
33 -49
34 -59
35 -57
36 -57
37 -51
38 -45
39 -37
40 -36
41 -35
42 -35
43 -30
44 -27
45 -23
46 -21
47 -12
48 -15
49 -13
50 -15
51 -17
52 -17
53 -23
54 -16
55 -9
56 8
57 5
58 5
59 -4
60 -7
61 -5
62 0
63 0
64 0
65 1
66 1
67 5
68 14
69 1
70 5
71 7
72 15
73 14
74 3
75 2
76 8
77 0
78 -2
79 0
80 -1
81 -6
82 -8
83 -6
84 -5
85 -4
86 -3
87 12
88 8
89 10
90 5
91 6
92 11
93 12
94 11
95 7
96 8
97 5
98 1
99 0
100 -5
101 -5
102 -4
103 -11
104 -12
105 -8
106 -6
107 -7
108 -10
109 -3
110 -8
111 -10
112 -16
113 -8
114 -3
115 -4
116 -7
117 -4
118 -5
119 -10
120 -20
121 -19
122 -19
123 -21
124 -21
125 -27
126 -26
127 -17
128 -21
129 -19
130 -16
131 -5
132 -9
133 6
134 1
135 9
136 9
137 10
138 3
139 0
140 1
141 4
142 16
143 8
144 4
145 3
146 8
147 1
148 0
149 7
150 5
151 5
152 -4
153 -7
154 -4
155 -6
156 -4
157 -3
158 -7
159 -4
160 1
161 0
162 1
163 1
164 -12
165 -13
166 -13
167 -13
168 -17
169 -16
170 -14
171 -12
172 -28
173 -31
174 -28
175 -27
176 -34
177 -33
178 -35
179 -34
180 -36
181 -20
182 -22
183 -11
184 -5
185 -9
186 -13
187 -13
188 -12
189 -9
190 -9
191 -14
192 -15
193 -11
194 -2
195 4
196 -3
197 -2
198 -2
199 -2
200 -6
201 -16
202 -21
203 -12
204 -12
205 -11
206 -10
207 -8
208 -8
209 -6
210 -7
211 -9
212 -8
213 -13
214 -10
215 -5
216 -6
217 -4
218 -4
219 4
220 5
221 -9
222 -11
223 -11
224 -12
225 -13
226 -13
227 -12
228 -10
229 -7
230 -19
231 -20
232 -17
233 -18
234 -12
235 -21
236 -16
237 -10
238 -1
239 -5
240 -5
241 -1
242 -1
243 2
244 5
245 4
246 -2
247 -5
248 0
249 -7
250 -13
251 -12
252 -14
253 -18
254 -13
255 -9
