0 -5
1 -8
2 -13
3 -11
4 -12
5 -12
6 -10
7 -11
8 -2
9 -3
10 2
11 14
12 7
13 7
14 6
15 7
16 -1
17 -1
18 1
19 -8
20 -8
21 -8
22 -8
23 -10
24 -9
25 -6
26 1
27 -12
28 -8
29 -12
30 -11
31 -12
32 -17
33 -14
34 -14
35 -18
36 -24
37 -29
38 -31
39 -29
40 -40
41 -40
42 -35
43 -30
44 -34
45 -35
46 -32
47 -27
48 -20
49 -19
50 -17
51 -11
52 -10
53 -5
54 -6
55 -7
56 -4
57 -9
58 -10
59 -9
60 -7
61 -11
62 -17
63 -19
64 -28
65 -27
66 -24
67 -28
68 -26
69 -35
70 -34
71 -34
72 -20
73 -20
74 -27
75 -29
76 -26
77 -37
78 -35
79 -26
80 -26
81 -16
82 -13
83 -17
84 -4
85 -6
86 -8
87 -6
88 1
89 0
90 -2
91 -4
92 -11
93 -17
94 -1
95 2
96 -3
97 -10
98 -10
99 -14
100 -18
101 -7
102 -6
103 -3
104 -3
105 12
106 10
107 9
108 4
109 9
110 8
111 10
112 5
113 4
114 1
115 -10
116 -1
117 6
118 5
119 10
120 2
121 -2
122 3
123 3
124 5
125 1
126 0
127 -10
128 -15
129 -16
130 -7
131 6
132 4
133 5
134 16
135 16
136 9
137 6
138 2
139 -3
140 -3
141 -2
142 0
143 1
144 -6
145 0
146 1
147 -1
148 -2
149 -10
150 -15
151 -16
152 -20
153 -20
154 -28
155 -21
156 -18
157 -7
158 -3
159 -2
160 -1
161 2
162 15
163 15
164 19
165 29
166 30
167 24
168 13
169 6
170 13
171 13
172 12
173 10
174 10
175 -1
176 3
177 -2
178 -8
179 -7
180 -13
181 -12
182 -15
183 -16
184 -13
185 -10
186 -18
187 -17
188 -17
189 -19
190 -19
191 -18
192 -18
193 -12
194 -18
195 -14
196 -19
197 -15
198 -18
199 -11
200 -11
201 -12
202 -19
203 -18
204 -11
205 -11
206 -9
207 -4
208 -2
209 -1
210 10
211 3
212 3
213 -2
214 -4
215 -10
216 -16
217 -15
218 -3
219 -2
220 -2
221 -5
222 -6
223 -13
224 -19
225 -19
226 -13
227 -15
228 -20
229 -15
230 -14
231 -24
232 -28
233 -28
234 -13
235 -28
236 -27
237 -26
238 -23
239 -14
240 -11
241 -10
242 -6
243 -8
244 -7
245 -5
246 1
247 -1
248 -8
249 6
250 5
251 4
252 2
253 -3
254 -11
255 -3
