0 -40
1 -38
2 -32
3 -33
4 -33
5 -18
6 -19
7 -10
8 -5
9 -5
10 -15
11 -24
12 -25
13 -24
14 -12
15 -10
16 -15
17 -20
18 -25
19 -13
20 -14
21 -21
22 -22
23 -24
24 -24
25 -27
26 -28
27 -31
28 -28
29 -34
30 -33
31 -41
32 -41
33 -39
34 -47
35 -42
36 -32
37 -40
38 -36
39 -35
40 -30
41 -26
42 -21
43 -20
44 -13
45 -14
46 -13
47 -14
48 -14
49 -8
50 1
51 -1
52 6
53 0
54 -7
55 -5
56 -6
57 -1
58 -1
59 2
60 -1
61 7
62 0
63 -16
64 -31
65 -20
66 -19
67 -13
68 -16
69 -18
70 -18
71 -18
72 -17
73 -16
74 -14
75 -17
76 -19
77 -19
78 -22
79 -22
80 -22
81 -23
82 -29
83 -27
84 -22
85 -19
86 -21
87 -22
88 -43
89 -37
90 -48
91 -46
92 -53
93 -55
94 -44
95 -49
96 -34
97 -49
98 -47
99 -51
100 -62
101 -67
102 -60
103 -59
104 -66
105 -87
106 -88
107 -98
108 -99
109 -101
110 -96
111 -93
112 -84
113 -77
114 -82
115 -86
116 -85
117 -81
118 -93
119 -100
120 -105
121 -102
122 -104
123 -101
124 -98
125 -101
126 -85
127 -85
128 -81
129 -87
130 -87
131 -83
132 -99
133 -97
134 -93
135 -91
136 -87
137 -96
138 -95
139 -94
140 -105
141 -92
142 -78
143 -77
144 -80
145 -81
146 -82
147 -86
148 -85
149 -83
150 -82
151 -84
152 -82
153 -79
154 -77
155 -82
156 -95
157 -93
158 -78
159 -61
160 -59
161 -61
162 -58
163 -61
164 -76
165 -74
166 -72
167 -73
168 -73
169 -73
170 -81
171 -87
172 -81
173 -82
174 -81
175 -77
176 -81
177 -87
178 -88
179 -89
180 -87
181 -88
182 -88
183 -93
184 -88
185 -82
186 -83
187 -88
188 -78
189 -67
190 -88
191 -82
192 -69
193 -69
194 -73
195 -73
196 -69
197 -65
198 -63
199 -60
200 -47
201 -49
202 -49
203 -42
204 -43
205 -45
206 -42
207 -42
208 -38
209 -42
210 -42
211 -55
212 -57
213 -56
214 -67
215 -68
216 -69
217 -61
218 -68
219 -63
220 -62
221 -57
222 -61
223 -58
224 -63
225 -70
226 -79
227 -81
228 -97
229 -98
230 -100
231 -98
232 -92
233 -86
234 -85
235 -87
236 -87
237 -83
238 -78
239 -88
240 -88
241 -87
242 -86
243 -84
244 -74
245 -72
246 -64
247 -71
248 -59
249 -52
250 -49
251 -38
252 -49
253 -46
254 -41
255 -39
