0 1
1 11
2 19
3 31
4 26
5 29
6 27
7 30
8 29
9 33
10 19
11 15
12 14
13 13
14 23
15 39
16 40
17 36
18 32
19 30
20 30
21 33
22 36
23 33
24 36
25 32
26 36
27 21
28 15
29 13
30 9
31 11
32 6
33 5
34 0
35 0
36 -8
37 -3
38 -7
39 -1
40 -7
41 -11
42 -11
43 -17
44 -22
45 -16
46 -22
47 -28
48 -20
49 -19
50 -25
51 -23
52 -20
53 -18
54 -5
55 -5
56 -6
57 -14
58 -4
59 -3
60 -6
61 -5
62 -8
63 -14
64 -15
65 -11
66 -11
67 -1
68 -4
69 -3
70 -2
71 -2
72 -2
73 0
74 -1
75 0
76 -2
77 3
78 9
79 7
80 9
81 26
82 30
83 11
84 9
85 12
86 16
87 17
88 9
89 5
90 8
91 8
92 9
93 5
94 8
95 0
96 -2
97 -7
98 -6
99 10
100 2
101 1
102 1
103 -9
104 -9
105 -3
106 -1
107 -1
108 -1
109 5
110 8
111 8
112 9
113 7
114 3
115 5
116 4
117 10
118 5
119 10
120 17
121 13
122 15
123 16
124 14
125 11
126 8
127 10
128 9
129 22
130 27
131 18
132 18
133 2
134 6
135 9
136 1
137 3
138 3
139 2
140 7
141 6
142 10
143 11
144 10
145 5
146 1
147 3
148 -3
149 -1
150 -8
151 -9
152 -11
153 -2
154 -6
155 -8
156 -13
157 2
158 2
159 10
160 10
161 5
162 1
163 1
164 0
165 -4
166 -4
167 -9
168 -11
169 -13
170 -5
171 -12
172 -17
173 -19
174 -18
175 -25
176 -20
177 -24
178 -11
179 -19
180 -21
181 -14
182 -7
183 -9
184 0
185 -7
186 -16
187 -8
188 -6
189 -2
190 0
191 0
192 2
193 -1
194 -9
195 -25
196 -18
197 -21
198 -17
199 2
200 2
201 6
202 19
203 16
204 9
205 6
206 3
207 3
208 0
209 10
210 19
211 13
212 15
213 17
214 17
215 14
216 15
217 11
218 7
219 -1
220 -2
221 -5
222 5
223 5
224 4
225 4
226 3
227 -3
228 0
229 -3
230 -6
231 -10
232 -15
233 -3
234 -2
235 4
236 3
237 -3
238 -15
239 0
240 -8
241 -10
242 -2
243 -5
244 -13
245 -17
246 -7
247 -4
248 5
249 1
250 -2
251 -1
252 5
253 2
254 11
255 11
