0 -3
1 -1
2 -3
3 -9
4 -10
5 -6
6 13
7 11
8 -8
9 -16
10 -17
11 5
12 8
13 -3
14 0
15 17
16 14
17 7
18 -6
19 -1
20 4
21 2
22 6
23 -4
24 1
25 -12
26 -13
27 -9
28 -9
29 -11
30 -15
31 0
32 -2
33 -1
34 -1
35 -1
36 0
37 0
38 1
39 -2
40 -2
41 -3
42 -1
43 -5
44 -5
45 -7
46 -3
47 2
48 1
49 9
50 2
51 -6
52 -3
53 7
54 12
55 4
56 4
57 3
58 -3
59 3
60 0
61 0
62 1
63 5
64 3
65 7
66 9
67 7
68 6
69 -1
70 -5
71 -12
72 -11
73 -2
74 0
75 -1
76 -6
77 -3
78 -6
79 -16
80 -10
81 -13
82 -14
83 -8
84 1
85 -5
86 1
87 1
88 2
89 1
90 -7
91 -2
92 -3
93 1
94 5
95 5
96 3
97 -4
98 3
99 5
100 16
101 8
102 9
103 7
104 9
105 8
106 -3
107 -4
108 -3
109 -7
110 -2
111 7
112 -6
113 4
114 8
115 13
116 13
117 13
118 11
119 9
120 8
121 6
122 13
123 22
124 17
125 14
126 6
127 10
128 1
129 -4
130 0
131 12
132 18
133 20
134 18
135 14
136 18
137 11
138 14
139 13
140 17
141 19
142 0
143 6
144 -10
145 -8
146 -4
147 -4
148 -3
149 1
150 1
151 15
152 4
153 -4
154 -17
155 -14
156 -15
157 -9
158 -2
159 -3
160 -2
161 -7
162 7
163 6
164 -3
165 -1
166 -1
167 6
168 15
169 14
170 17
171 14
172 15
173 13
174 7
175 3
176 4
177 3
178 7
179 5
180 6
181 6
182 -8
183 -22
184 -18
185 -18
186 -22
187 -13
188 -18
189 -22
190 -21
191 -21
192 -21
193 -14
194 -12
195 -9
196 -11
197 2
198 2
199 7
200 13
201 10
202 3
203 8
204 5
205 8
206 7
207 13
208 11
209 10
210 8
211 10
212 0
213 -3
214 -5
215 -3
216 -3
217 -3
218 -1
219 -2
220 0
221 1
222 5
223 5
224 -1
225 -1
226 2
227 3
228 4
229 -1
230 -3
231 -2
232 -5
233 -11
234 -4
235 2
236 3
237 4
238 12
239 9
240 10
241 4
242 4
243 10
244 9
245 11
246 0
247 1
248 5
249 -6
250 1
251 -5
252 -2
253 0
254 5
255 5
