0 1
1 -3
2 -7
3 -11
4 -4
5 5
6 7
7 16
8 16
9 19
10 16
11 16
12 25
13 26
14 26
15 34
16 36
17 47
18 48
19 40
20 59
21 55
22 60
23 66
24 58
25 63
26 63
27 78
28 77
29 78
30 66
31 70
32 70
33 76
34 83
35 69
36 55
37 48
38 50
39 56
40 59
41 55
42 62
43 58
44 55
45 50
46 49
47 50
48 43
49 45
50 49
51 42
52 42
53 31
54 32
55 31
56 24
57 19
58 20
59 21
60 34
61 39
62 30
63 30
64 37
65 39
66 34
67 34
68 34
69 36
70 31
71 35
72 34
73 37
74 48
75 50
76 44
77 43
78 43
79 40
80 41
81 40
82 41
83 32
84 30
85 52
86 53
87 58
88 56
89 56
90 54
91 52
92 60
93 61
94 48
95 47
96 40
97 39
98 32
99 33
100 33
101 32
102 33
103 32
104 30
105 17
106 20
107 19
108 19
109 23
110 30
111 27
112 26
113 32
114 24
115 24
116 17
117 7
118 16
119 14
120 17
121 20
122 18
123 19
124 19
125 26
126 29
127 24
128 26
129 36
130 38
131 41
132 41
133 44
134 45
135 39
136 47
137 45
138 46
139 49
140 52
141 39
142 36
143 30
144 30
145 31
146 26
147 26
148 27
149 13
150 14
151 13
152 11
153 12
154 19
155 15
156 12
157 13
158 23
159 19
160 20
161 31
162 31
163 28
164 27
165 17
166 20
167 20
168 19
169 29
170 34
171 28
172 27
173 34
174 32
175 33
176 29
177 16
178 15
179 11
180 9
181 5
182 -2
183 -9
184 -8
185 -10
186 -15
187 -18
188 -13
189 -19
190 -16
191 -15
192 -10
193 -8
194 -14
195 -9
196 -28
197 -29
198 -34
199 -24
200 -25
201 -27
202 -12
203 -12
204 -17
205 -20
206 -20
207 -29
208 -27
209 -30
210 -32
211 -33
212 -34
213 -37
214 -24
215 -23
216 -5
217 -5
218 -23
219 -27
220 -25
221 -10
222 -12
223 -18
224 -12
225 -13
226 -10
227 -18
228 -26
229 -38
230 -27
231 -18
232 -4
233 3
234 7
235 -3
236 -6
237 -7
238 -17
239 -17
240 -13
241 -10
242 -1
243 6
244 3
245 4
246 1
247 1
248 10
249 14
250 15
251 19
252 21
253 21
254 17
255 6
