0 6
1 8
2 12
3 11
4 7
5 6
6 6
7 5
8 5
9 4
10 -6
11 -6
12 0
13 -1
14 4
15 3
16 5
17 10
18 10
19 10
20 6
21 4
22 -2
23 -4
24 -7
25 -15
26 -16
27 -14
28 -17
29 -17
30 -12
31 -4
32 -8
33 -8
34 -1
35 -2
36 -2
37 -3
38 10
39 5
40 5
41 9
42 4
43 7
44 5
45 3
46 6
47 0
48 -1
49 -2
50 1
51 1
52 5
53 3
54 4
55 6
56 8
57 18
58 13
59 12
60 11
61 15
62 15
63 11
64 7
65 5
66 7
67 10
68 14
69 11
70 11
71 11
72 14
73 11
74 19
75 25
76 24
77 24
78 32
79 38
80 41
81 47
82 40
83 42
84 46
85 39
86 36
87 32
88 35
89 28
90 21
91 17
92 12
93 15
94 3
95 7
96 11
97 11
98 8
99 9
100 23
101 23
102 26
103 23
104 21
105 20
106 19
107 19
108 22
109 20
110 20
111 21
112 8
113 8
114 8
115 9
116 5
117 9
118 6
119 10
120 10
121 5
122 7
123 10
124 8
125 10
126 6
127 1
128 1
129 1
130 -4
131 -7
132 3
133 3
134 5
135 3
136 8
137 10
138 5
139 8
140 5
141 0
142 -2
143 -2
144 -2
145 0
146 2
147 3
148 7
149 3
150 2
151 4
152 7
153 10
154 13
155 9
156 11
157 19
158 24
159 25
160 25
161 25
162 24
163 22
164 23
165 23
166 27
167 28
168 27
169 32
170 30
171 33
172 41
173 38
174 38
175 27
176 17
177 16
178 19
179 19
180 17
181 15
182 9
183 6
184 6
185 7
186 8
187 10
188 14
189 16
190 16
191 16
192 14
193 4
194 3
195 -1
196 -5
197 -1
198 -2
199 -6
200 -9
201 -13
202 -10
203 -15
204 -13
205 -13
206 -12
207 -15
208 -16
209 -16
210 -36
211 -46
212 -46
213 -51
214 -50
215 -38
216 -37
217 -27
218 -29
219 -25
220 -25
221 -19
222 -17
223 -20
224 -28
225 -27
226 -25
227 -24
228 -26
229 -16
230 -17
231 -17
232 -16
233 -15
234 -17
235 -18
236 -18
237 -11
238 -6
239 -2
240 -2
241 -1
242 -1
243 -2
244 -3
245 0
246 0
247 3
248 7
249 10
250 12
251 8
252 7
253 7
254 7
255 7
