0 -15
1 -10
2 -13
3 -11
4 -13
5 -4
6 1
7 3
8 1
9 0
10 4
11 11
12 21
13 25
14 26
15 26
16 25
17 26
18 25
19 17
20 14
21 25
22 20
23 13
24 13
25 10
26 8
27 13
28 12
29 17
30 15
31 17
32 19
33 20
34 20
35 28
36 27
37 26
38 24
39 22
40 20
41 20
42 22
43 22
44 26
45 7
46 16
47 16
48 17
49 21
50 22
51 24
52 29
53 21
54 23
55 23
56 26
57 27
58 23
59 27
60 26
61 27
62 26
63 25
64 23
65 21
66 21
67 10
68 1
69 4
70 5
71 18
72 18
73 34
74 34
75 34
76 20
77 19
78 10
79 -5
80 -3
81 -6
82 -4
83 -4
84 -3
85 -3
86 0
87 -9
88 -10
89 -5
90 1
91 1
92 0
93 -8
94 -7
95 -8
96 -8
97 -9
98 -8
99 1
100 1
101 0
102 4
103 -6
104 -2
105 -12
106 -14
107 -14
108 -6
109 -3
110 -14
111 -25
112 -41
113 -38
114 -43
115 -41
116 -33
117 -35
118 -30
119 -22
120 -22
121 -15
122 -14
123 -11
124 -17
125 -15
126 -15
127 -24
128 -20
129 -20
130 -12
131 -13
132 -10
133 0
134 -4
135 1
136 -1
137 -10
138 -10
139 -11
140 -9
141 -8
142 -13
143 -10
144 -11
145 -13
146 -13
147 -13
148 -8
149 -4
150 -2
151 -3
152 2
153 -2
154 -2
155 0
156 1
157 8
158 8
159 12
160 11
161 12
162 6
163 22
164 22
165 32
166 38
167 33
168 36
169 41
170 61
171 64
172 59
173 66
174 65
175 68
176 75
177 77
178 75
179 75
180 77
181 77
182 78
183 86
184 93
185 82
186 83
187 81
188 84
189 88
190 94
191 93
192 89
193 83
194 85
195 72
196 68
197 45
198 44
199 46
200 50
201 50
202 42
203 44
204 39
205 39
206 37
207 38
208 38
209 45
210 40
211 38
212 38
213 38
214 40
215 38
216 37
217 39
218 29
219 41
220 40
221 40
222 39
223 27
224 24
225 14
226 16
227 14
228 9
229 10
230 2
231 3
232 3
233 13
234 11
235 12
236 5
237 4
238 8
239 5
240 5
241 1
242 -2
243 0
244 4
245 5
246 5
247 3
248 -3
249 -6
250 -8
251 -6
252 -6
253 -11
254 -9
255 -17
