0 1
1 1
2 -5
3 -3
4 -2
5 -1
6 -2
7 -2
8 -1
9 -1
10 2
11 3
12 -1
13 -1
14 -8
15 -13
16 -14
17 -20
18 -22
19 -20
20 -19
21 -17
22 -6
23 -8
24 -5
25 -6
26 -4
27 -3
28 -1
29 -2
30 -2
31 -6
32 -6
33 -5
34 0
35 1
36 4
37 6
38 10
39 12
40 14
41 12
42 19
43 7
44 1
45 1
46 0
47 -3
48 -5
49 -3
50 -3
51 -3
52 -4
53 -5
54 -3
55 -4
56 -4
57 -4
58 -4
59 -5
60 -3
61 1
62 5
63 6
64 3
65 3
66 0
67 -1
68 -3
69 -3
70 -7
71 -4
72 -5
73 -6
74 -6
75 -8
76 -9
77 -10
78 -10
79 -12
80 -11
81 -11
82 -7
83 -6
84 -2
85 1
86 -3
87 -4
88 -4
89 -4
90 -6
91 -3
92 -3
93 -4
94 -2
95 -2
96 -6
97 -12
98 -16
99 -12
100 -12
101 -12
102 -12
103 -7
104 -10
105 -12
106 -11
107 -9
108 -9
109 -5
110 -3
111 -5
112 -4
113 -8
114 -3
115 -1
116 -2
117 -1
118 5
119 -1
120 -6
121 -1
122 -2
123 -2
124 0
125 1
126 3
127 6
128 6
129 7
130 9
131 6
132 8
133 7
134 7
135 7
136 9
137 8
138 9
139 7
140 0
141 -3
142 -3
143 -1
144 -3
145 -3
146 -8
147 -3
148 -2
149 -4
150 -3
151 -4
152 -7
153 -7
154 -10
155 -12
156 -5
157 -4
158 -5
159 -6
160 -5
161 -4
162 -4
163 -2
164 -7
165 -8
166 -8
167 -8
168 -13
169 -13
170 -12
171 -11
172 -12
173 -11
174 -10
175 -9
176 -6
177 1
178 5
179 5
180 -5
181 5
182 4
183 9
184 7
185 13
186 12
187 10
188 12
189 12
190 12
191 11
192 10
193 2
194 7
195 7
196 7
197 6
198 6
199 6
200 9
201 9
202 4
203 5
204 6
205 5
206 4
207 2
208 6
209 6
210 8
211 8
212 6
213 4
214 4
215 5
216 5
217 5
218 5
219 6
220 7
221 7
222 10
223 9
224 8
225 8
226 8
227 8
228 7
229 7
230 7
231 16
232 16
233 16
234 17
235 9
236 10
237 9
238 6
239 5
240 4
241 2
242 6
243 6
244 5
245 2
246 7
247 7
248 9
249 10
250 7
251 6
252 5
253 1
254 4
255 4
