0 94
1 87
2 88
3 83
4 85
5 90
6 89
7 86
8 95
9 94
10 97
11 90
12 97
13 93
14 93
15 97
16 96
17 77
18 83
19 86
20 87
21 88
22 81
23 80
24 79
25 90
26 86
27 86
28 89
29 85
30 86
31 84
32 80
33 77
34 87
35 89
36 105
37 99
38 100
39 85
40 91
41 85
42 89
43 87
44 89
45 92
46 96
47 100
48 99
49 100
50 98
51 90
52 78
53 78
54 76
55 80
56 81
57 81
58 85
59 93
60 93
61 95
62 100
63 95
64 85
65 88
66 88
67 106
68 95
69 102
70 104
71 114
72 110
73 103
74 106
75 115
76 114
77 115
78 119
79 109
80 109
81 111
82 103
83 103
84 103
85 107
86 107
87 99
88 100
89 92
90 99
91 92
92 101
93 107
94 104
95 103
96 81
97 78
98 74
99 78
100 66
101 58
102 73
103 75
104 46
105 32
106 32
107 33
108 21
109 20
110 15
111 20
112 34
113 43
114 48
115 55
116 43
117 48
118 38
119 35
120 32
121 12
122 15
123 19
124 20
125 24
126 25
127 27
128 33
129 28
130 32
131 33
132 35
133 28
134 30
135 30
136 25
137 30
138 38
139 39
140 45
141 49
142 43
143 43
144 45
145 42
146 30
147 32
148 40
149 37
150 38
151 37
152 40
153 54
154 56
155 55
156 59
157 60
158 64
159 49
160 50
161 48
162 52
163 53
164 45
165 45
166 35
167 33
168 28
169 25
170 31
171 30
172 35
173 43
174 49
175 49
176 47
177 47
178 46
179 40
180 33
181 24
182 25
183 16
184 14
185 5
186 6
187 3
188 5
189 -1
190 -3
191 -2
192 -4
193 -1
194 1
195 0
196 1
197 0
198 1
199 12
200 12
201 21
202 20
203 28
204 26
205 17
206 24
207 19
208 24
209 21
210 19
211 17
212 33
213 30
214 28
215 24
216 23
217 27
218 34
219 46
220 53
221 54
222 56
223 78
224 76
225 78
226 77
227 71
228 80
229 82
230 74
231 76
232 76
233 92
234 88
235 88
236 99
237 97
238 95
239 75
240 79
241 76
242 76
243 85
244 84
245 83
246 91
247 85
248 88
249 85
250 96
251 98
252 91
253 94
254 90
255 99
