0 3
1 3
2 4
3 6
4 8
5 10
6 11
7 8
8 9
9 14
10 15
11 13
12 12
13 14
14 15
15 18
16 19
17 18
18 15
19 17
20 20
21 18
22 20
23 17
24 17
25 18
26 16
27 21
28 22
29 22
30 22
31 20
32 24
33 27
34 30
35 30
36 30
37 28
38 37
39 36
40 34
41 36
42 34
43 26
44 27
45 26
46 22
47 20
48 20
49 17
50 27
51 29
52 29
53 26
54 26
55 17
56 18
57 17
58 19
59 18
60 13
61 18
62 19
63 17
64 23
65 27
66 25
67 28
68 27
69 31
70 29
71 29
72 28
73 26
74 25
75 27
76 30
77 28
78 28
79 28
80 28
81 19
82 19
83 17
84 15
85 14
86 15
87 14
88 14
89 13
90 12
91 14
92 9
93 5
94 9
95 9
96 9
97 9
98 13
99 14
100 13
101 16
102 15
103 15
104 14
105 14
106 12
107 11
108 9
109 9
110 9
111 7
112 6
113 4
114 0
115 -4
116 -3
117 2
118 0
119 -2
120 -3
121 -2
122 -4
123 1
124 5
125 3
126 4
127 4
128 0
129 4
130 3
131 2
132 -3
133 -4
134 -4
135 -3
136 -3
137 -4
138 -5
139 -5
140 -3
141 -3
142 -4
143 -2
144 -5
145 -8
146 -7
147 -9
148 -9
149 -9
150 -9
151 -8
152 -8
153 0
154 0
155 4
156 9
157 7
158 17
159 17
160 17
161 16
162 16
163 15
164 15
165 15
166 12
167 14
168 14
169 19
170 13
171 14
172 13
173 6
174 6
175 4
176 -2
177 -2
178 -5
179 -2
180 4
181 5
182 7
183 6
184 8
185 12
186 12
187 10
188 9
189 12
190 11
191 11
192 14
193 4
194 2
195 3
196 4
197 4
198 4
199 -3
200 1
201 -1
202 0
203 -2
204 -3
205 -4
206 -2
207 -2
208 -2
209 -3
210 -2
211 1
212 3
213 3
214 5
215 4
216 1
217 1
218 -3
219 -4
220 -6
221 -2
222 -1
223 -3
224 -4
225 -5
226 -8
227 -10
228 -11
229 -11
230 -13
231 -13
232 -11
233 -13
234 -17
235 -22
236 -21
237 -20
238 -18
239 -14
240 -11
241 -13
242 -15
243 -13
244 -13
245 -15
246 -10
247 -9
248 -8
249 -5
250 -4
251 1
252 -1
253 -4
254 -3
255 2
