0 369
1 366
2 366
3 370
4 369
5 370
6 370
7 373
8 372
9 371
10 371
11 370
12 367
13 366
14 359
15 357
16 354
17 354
18 364
19 366
20 364
21 363
22 365
23 367
24 367
25 367
26 364
27 364
28 364
29 364
30 365
31 369
32 367
33 367
34 366
35 366
36 365
37 362
38 367
39 372
40 371
41 370
42 370
43 367
44 370
45 368
46 368
47 367
48 369
49 370
50 369
51 366
52 369
53 366
54 366
55 366
56 365
57 362
58 359
59 357
60 356
61 358
62 360
63 354
64 351
65 350
66 351
67 351
68 353
69 353
70 351
71 353
72 352
73 347
74 352
75 352
76 355
77 355
78 356
79 354
80 357
81 363
82 360
83 358
84 354
85 354
86 349
87 350
88 349
89 349
90 347
91 354
92 355
93 349
94 350
95 353
96 356
97 355
98 354
99 356
100 347
101 345
102 341
103 339
104 337
105 332
106 330
107 329
108 329
109 329
110 328
111 326
112 325
113 323
114 320
115 315
116 315
117 319
118 321
119 323
120 323
121 323
122 325
123 326
124 323
125 327
126 328
127 326
128 325
129 326
130 322
131 324
132 327
133 336
134 336
135 336
136 333
137 335
138 335
139 335
140 345
141 347
142 348
143 352
144 351
145 350
146 349
147 348
148 353
149 356
150 350
151 350
152 353
153 351
154 353
155 354
156 352
157 352
158 354
159 356
160 359
161 370
162 369
163 367
164 367
165 366
166 366
167 353
168 354
169 354
170 357
171 359
172 359
173 363
174 370
175 367
176 367
177 366
178 369
179 370
180 371
181 367
182 365
183 366
184 372
185 372
186 372
187 378
188 379
189 379
190 377
191 381
192 381
193 380
194 384
195 384
196 386
197 392
198 395
199 395
200 393
201 393
202 392
203 393
204 395
205 395
206 393
207 392
208 390
209 390
210 391
211 382
212 383
213 380
214 377
215 382
216 382
217 382
218 382
219 382
220 381
221 380
222 379
223 381
224 371
225 369
226 369
227 369
228 367
229 363
230 362
231 367
232 370
233 366
234 369
235 376
236 371
237 372
238 372
239 374
240 378
241 377
242 372
243 372
244 372
245 372
246 371
247 371
248 368
249 369
250 366
251 361
252 362
253 363
254 363
255 370
