0 4
1 1
2 -4
3 -4
4 -5
5 -1
6 1
7 0
8 0
9 -8
10 -7
11 -9
12 -3
13 1
14 0
15 0
16 2
17 2
18 5
19 3
20 4
21 6
22 5
23 3
24 3
25 3
26 3
27 4
28 2
29 0
30 -5
31 -5
32 -4
33 -4
34 -5
35 -5
36 -12
37 -9
38 -9
39 -7
40 -12
41 -11
42 -11
43 -9
44 -10
45 -10
46 -11
47 -11
48 -10
49 -8
50 -16
51 -16
52 -13
53 -9
54 -10
55 -9
56 -10
57 -9
58 -6
59 1
60 1
61 1
62 -3
63 -5
64 -2
65 -1
66 5
67 6
68 6
69 1
70 8
71 9
72 8
73 7
74 9
75 9
76 8
77 10
78 9
79 4
80 2
81 0
82 1
83 0
84 0
85 1
86 2
87 3
88 6
89 5
90 -3
91 0
92 0
93 -1
94 -1
95 -1
96 1
97 -1
98 -5
99 -8
100 1
101 0
102 -4
103 -10
104 -9
105 -12
106 -10
107 -8
108 -7
109 -8
110 -7
111 2
112 2
113 1
114 2
115 -6
116 -8
117 -7
118 -4
119 -4
120 -2
121 -2
122 -3
123 -3
124 1
125 -6
126 -8
127 -9
128 -12
129 -18
130 -11
131 -7
132 -9
133 -8
134 -13
135 -17
136 -19
137 -18
138 -14
139 -16
140 -11
141 -13
142 -9
143 -15
144 -8
145 -4
146 0
147 -2
148 -1
149 -3
150 -2
151 -1
152 0
153 -5
154 -3
155 0
156 2
157 4
158 13
159 13
160 13
161 12
162 12
163 12
164 13
165 6
166 4
167 2
168 5
169 8
170 6
171 6
172 8
173 5
174 -1
175 -3
176 -2
177 1
178 1
179 0
180 -1
181 9
182 9
183 13
184 16
185 11
186 7
187 8
188 9
189 10
190 5
191 -1
192 1
193 1
194 0
195 2
196 3
197 2
198 4
199 4
200 4
201 3
202 3
203 5
204 7
205 9
206 10
207 7
208 8
209 5
210 5
211 5
212 5
213 5
214 3
215 6
216 6
217 13
218 10
219 8
220 6
221 8
222 6
223 6
224 3
225 4
226 5
227 5
228 5
229 2
230 3
231 3
232 2
233 2
234 0
235 1
236 -2
237 -2
238 -6
239 -4
240 -1
241 0
242 -4
243 -4
244 -7
245 -9
246 -9
247 -8
248 -12
249 -10
250 -8
251 -3
252 -3
253 8
254 7
255 7
