0 3
1 4
2 -4
3 -3
4 3
5 1
6 0
7 2
8 -1
9 1
10 2
11 -3
12 -3
13 -5
14 -7
15 -7
16 -6
17 -6
18 -10
19 -9
20 -9
21 -12
22 -14
23 -14
24 -12
25 -13
26 -12
27 -7
28 -9
29 -5
30 -5
31 -6
32 -3
33 -4
34 -9
35 -9
36 -13
37 -11
38 -11
39 -10
40 -7
41 -8
42 -7
43 -8
44 -3
45 2
46 2
47 1
48 -2
49 0
50 0
51 1
52 3
53 5
54 2
55 2
56 3
57 3
58 3
59 2
60 2
61 7
62 7
63 7
64 6
65 5
66 6
67 4
68 8
69 8
70 8
71 0
72 -2
73 -3
74 0
75 -3
76 -3
77 3
78 3
79 1
80 6
81 -4
82 -2
83 -5
84 -5
85 -3
86 4
87 5
88 1
89 -4
90 -6
91 -8
92 -8
93 -8
94 -10
95 -9
96 -7
97 -5
98 -11
99 -12
100 -4
101 0
102 -2
103 2
104 8
105 4
106 4
107 -2
108 -2
109 1
110 2
111 0
112 0
113 -2
114 0
115 0
116 -2
117 1
118 -1
119 -1
120 -1
121 -2
122 0
123 -2
124 -8
125 -7
126 -5
127 -5
128 -5
129 -5
130 -5
131 -5
132 -1
133 -2
134 -3
135 -4
136 -4
137 -3
138 -3
139 -2
140 4
141 3
142 1
143 2
144 3
145 -2
146 -2
147 3
148 4
149 5
150 7
151 7
152 4
153 -2
154 -3
155 -5
156 -3
157 -1
158 -1
159 9
160 7
161 7
162 8
163 8
164 4
165 4
166 5
167 5
168 -4
169 -4
170 -5
171 -3
172 -3
173 4
174 8
175 8
176 5
177 5
178 4
179 0
180 -3
181 0
182 0
183 -3
184 -8
185 3
186 1
187 -3
188 -3
189 -3
190 -2
191 -1
192 -1
193 -1
194 3
195 0
196 3
197 5
198 3
199 3
200 -1
201 1
202 1
203 1
204 -1
205 1
206 1
207 -5
208 -6
209 -8
210 -7
211 -5
212 -6
213 -6
214 0
215 0
216 0
217 -8
218 -10
219 -8
220 -7
221 -9
222 -9
223 -9
224 -4
225 -6
226 -7
227 -8
228 -6
229 -2
230 -3
231 -2
232 6
233 10
234 11
235 10
236 7
237 1
238 8
239 8
240 8
241 5
242 4
243 4
244 6
245 -2
246 -2
247 -4
248 -4
249 0
250 0
251 0
252 7
253 6
254 6
255 6
