0 26
1 30
2 35
3 35
4 35
5 35
6 35
7 32
8 32
9 34
10 33
11 33
12 35
13 36
14 36
15 37
16 42
17 41
18 41
19 42
20 39
21 40
22 41
23 44
24 41
25 41
26 48
27 50
28 46
29 46
30 47
31 46
32 47
33 41
34 42
35 38
36 39
37 39
38 38
39 45
40 50
41 49
42 50
43 51
44 51
45 51
46 48
47 45
48 46
49 42
50 42
51 41
52 38
53 38
54 32
55 36
56 34
57 33
58 36
59 34
60 28
61 27
62 23
63 24
64 24
65 20
66 20
67 19
68 15
69 13
70 8
71 9
72 11
73 12
74 13
75 15
76 16
77 15
78 15
79 8
80 8
81 10
82 11
83 7
84 10
85 9
86 2
87 2
88 6
89 4
90 4
91 1
92 1
93 0
94 -4
95 -6
96 -5
97 -8
98 -10
99 -9
100 -8
101 -12
102 -13
103 -13
104 -14
105 -14
106 -17
107 -18
108 -18
109 -11
110 -12
111 -12
112 -11
113 -11
114 -9
115 -8
116 -11
117 -10
118 -7
119 -7
120 -5
121 -8
122 -5
123 -5
124 -7
125 -5
126 -6
127 1
128 -1
129 -1
130 -3
131 -1
132 1
133 8
134 9
135 7
136 12
137 16
138 16
139 16
140 22
141 21
142 15
143 17
144 19
145 18
146 21
147 22
148 17
149 17
150 28
151 27
152 28
153 22
154 25
155 24
156 21
157 21
158 20
159 21
160 21
161 20
162 27
163 25
164 25
165 27
166 27
167 29
168 32
169 35
170 40
171 40
172 39
173 39
174 37
175 35
176 32
177 33
178 31
179 29
180 30
181 26
182 25
183 27
184 23
185 28
186 27
187 29
188 28
189 23
190 22
191 25
192 24
193 25
194 27
195 33
196 34
197 35
198 38
199 36
200 34
201 33
202 33
203 31
204 38
205 39
206 36
207 32
208 32
209 30
210 27
211 19
212 20
213 21
214 20
215 24
216 32
217 32
218 33
219 34
220 34
221 32
222 34
223 34
224 34
225 34
226 35
227 35
228 34
229 38
230 38
231 38
232 38
233 38
234 39
235 41
236 41
237 40
238 43
239 44
240 43
241 43
242 44
243 44
244 43
245 41
246 47
247 47
248 33
249 27
250 22
251 24
252 27
253 28
254 27
255 27
