0 21
1 20
2 23
3 20
4 25
5 18
6 16
7 12
8 13
9 23
10 25
11 27
12 19
13 16
14 17
15 18
16 19
17 27
18 25
19 15
20 18
21 17
22 21
23 25
24 27
25 23
26 17
27 18
28 21
29 22
30 19
31 19
32 19
33 19
34 25
35 26
36 28
37 28
38 28
39 28
40 29
41 28
42 40
43 38
44 38
45 37
46 39
47 44
48 35
49 35
50 38
51 38
52 37
53 38
54 38
55 30
56 33
57 36
58 36
59 41
60 43
61 45
62 45
63 46
64 44
65 47
66 43
67 46
68 51
69 54
70 58
71 54
72 55
73 53
74 55
75 56
76 58
77 61
78 63
79 62
80 57
81 55
82 61
83 51
84 50
85 50
86 48
87 48
88 46
89 45
90 47
91 42
92 39
93 38
94 38
95 39
96 39
97 37
98 45
99 46
100 47
101 47
102 50
103 51
104 49
105 48
106 51
107 52
108 52
109 47
110 46
111 45
112 44
113 41
114 43
115 42
116 40
117 37
118 32
119 35
120 35
121 36
122 37
123 37
124 33
125 24
126 24
127 24
128 26
129 29
130 29
131 33
132 29
133 28
134 23
135 25
136 26
137 22
138 22
139 23
140 30
141 31
142 31
143 35
144 35
145 35
146 28
147 28
148 29
149 29
150 31
151 31
152 32
153 32
154 28
155 28
156 31
157 33
158 27
159 25
160 26
161 27
162 26
163 30
164 29
165 30
166 29
167 30
168 31
169 29
170 27
171 29
172 30
173 32
174 34
175 34
176 34
177 30
178 32
179 28
180 32
181 33
182 35
183 35
184 33
185 33
186 23
187 29
188 28
189 30
190 30
191 29
192 32
193 26
194 19
195 22
196 24
197 22
198 22
199 22
200 22
201 25
202 23
203 16
204 15
205 15
206 15
207 14
208 14
209 16
210 13
211 14
212 19
213 17
214 19
215 19
216 17
217 14
218 18
219 22
220 26
221 25
222 25
223 24
224 22
225 22
226 23
227 21
228 19
229 18
230 21
231 25
232 26
233 33
234 31
235 30
236 33
237 33
238 33
239 33
240 33
241 28
242 24
243 23
244 23
245 21
246 21
247 19
248 18
249 18
250 20
251 21
252 21
253 21
254 20
255 19
