0 1
1 3
2 6
3 9
4 7
5 5
6 -2
7 -1
8 3
9 -1
10 5
11 2
12 -1
13 1
14 0
15 -11
16 -10
17 -10
18 -9
19 -8
20 -6
21 -6
22 -6
23 -8
24 -8
25 -8
26 -10
27 -9
28 -11
29 -6
30 -6
31 -6
32 -10
33 -7
34 -7
35 -6
36 -6
37 -6
38 -6
39 -3
40 -2
41 0
42 0
43 -3
44 -3
45 -3
46 -2
47 -5
48 0
49 0
50 2
51 -1
52 -2
53 0
54 4
55 0
56 0
57 3
58 1
59 6
60 2
61 2
62 -3
63 -4
64 -1
65 2
66 -5
67 3
68 1
69 -1
70 2
71 1
72 1
73 -3
74 -3
75 3
76 7
77 7
78 1
79 0
80 0
81 -1
82 -2
83 -7
84 -3
85 -4
86 -5
87 -2
88 -1
89 -2
90 1
91 4
92 3
93 4
94 3
95 -1
96 -1
97 1
98 -1
99 -2
100 -1
101 -1
102 0
103 1
104 1
105 2
106 0
107 1
108 1
109 -1
110 0
111 0
112 4
113 5
114 4
115 4
116 8
117 13
118 14
119 7
120 8
121 9
122 11
123 14
124 18
125 16
126 16
127 8
128 7
129 4
130 5
131 7
132 5
133 11
134 11
135 10
136 10
137 2
138 6
139 7
140 1
141 1
142 7
143 3
144 0
145 1
146 3
147 7
148 6
149 7
150 5
151 3
152 3
153 4
154 1
155 6
156 4
157 2
158 0
159 -5
160 -8
161 -8
162 -9
163 -8
164 -9
165 -8
166 -8
167 -7
168 -12
169 -13
170 -6
171 -3
172 -4
173 -5
174 -7
175 -5
176 -7
177 -9
178 -9
179 -10
180 -14
181 -4
182 1
183 -2
184 -1
185 -3
186 -3
187 -3
188 -4
189 -2
190 -5
191 -6
192 -1
193 0
194 -1
195 -2
196 -1
197 1
198 -1
199 4
200 5
201 5
202 1
203 6
204 -1
205 -3
206 -6
207 -5
208 -3
209 4
210 12
211 12
212 13
213 10
214 10
215 9
216 13
217 10
218 12
219 9
220 12
221 11
222 12
223 9
224 10
225 10
226 6
227 6
228 4
229 2
230 -3
231 4
232 9
233 8
234 8
235 0
236 -2
237 -3
238 -3
239 -1
240 -2
241 -2
242 -5
243 -7
244 -5
245 -6
246 5
247 -1
248 1
249 5
250 5
251 5
252 10
253 11
254 6
255 1
