0 3
1 4
2 11
3 3
4 4
5 1
6 -2
7 0
8 -1
9 0
10 2
11 -1
12 0
13 0
14 -3
15 -3
16 0
17 0
18 -4
19 4
20 4
21 0
22 0
23 0
24 1
25 2
26 2
27 -2
28 -2
29 2
30 3
31 2
32 1
33 -1
34 -1
35 0
36 3
37 -3
38 -3
39 -2
40 -5
41 -6
42 -6
43 -5
44 0
45 1
46 2
47 1
48 -3
49 2
50 7
51 7
52 7
53 8
54 7
55 3
56 5
57 3
58 -2
59 -1
60 -1
61 0
62 2
63 4
64 3
65 3
66 3
67 5
68 8
69 11
70 7
71 10
72 9
73 7
74 7
75 9
76 8
77 11
78 10
79 15
80 14
81 9
82 9
83 7
84 9
85 4
86 5
87 5
88 7
89 8
90 -1
91 -2
92 3
93 3
94 4
95 3
96 4
97 0
98 0
99 0
100 -4
101 1
102 1
103 2
104 2
105 -1
106 -3
107 -1
108 0
109 3
110 1
111 2
112 1
113 4
114 7
115 4
116 2
117 5
118 3
119 9
120 5
121 1
122 5
123 5
124 5
125 14
126 22
127 23
128 20
129 20
130 15
131 15
132 11
133 10
134 9
135 9
136 13
137 13
138 12
139 10
140 10
141 19
142 20
143 15
144 17
145 18
146 20
147 15
148 12
149 13
150 7
151 8
152 9
153 7
154 8
155 5
156 5
157 6
158 3
159 1
160 5
161 3
162 2
163 -1
164 0
165 -3
166 -3
167 -2
168 -3
169 -6
170 0
171 1
172 0
173 -2
174 -4
175 -4
176 -4
177 -9
178 -8
179 -8
180 -11
181 -3
182 -9
183 -9
184 -12
185 -13
186 -9
187 -1
188 -1
189 1
190 0
191 -4
192 -6
193 -5
194 -4
195 -5
196 -6
197 3
198 2
199 1
200 -2
201 -7
202 -7
203 -6
204 -7
205 -6
206 -3
207 -3
208 -4
209 -5
210 -10
211 -10
212 -8
213 -1
214 1
215 0
216 3
217 3
218 8
219 9
220 2
221 5
222 6
223 6
224 5
225 -1
226 -1
227 -3
228 -2
229 0
230 2
231 3
232 3
233 3
234 4
235 6
236 10
237 8
238 3
239 1
240 5
241 5
242 0
243 -3
244 0
245 0
246 3
247 3
248 3
249 2
250 9
251 7
252 8
253 2
254 2
255 -2
