0 4
1 3
2 1
3 1
4 -3
5 -3
6 -2
7 0
8 1
9 2
10 1
11 1
12 0
13 -1
14 0
15 0
16 -2
17 -2
18 -1
19 0
20 0
21 0
22 -3
23 -2
24 -2
25 -2
26 -2
27 0
28 -2
29 -1
30 1
31 0
32 2
33 3
34 5
35 3
36 -1
37 -2
38 -4
39 -5
40 -6
41 -8
42 -6
43 -3
44 -5
45 -6
46 1
47 1
48 1
49 1
50 0
51 0
52 -1
53 -6
54 -6
55 -4
56 0
57 -1
58 2
59 2
60 2
61 0
62 0
63 0
64 1
65 0
66 -4
67 2
68 2
69 2
70 3
71 0
72 0
73 0
74 6
75 8
76 -1
77 2
78 1
79 2
80 -1
81 -3
82 -1
83 -1
84 0
85 -1
86 -3
87 1
88 1
89 3
90 1
91 0
92 -1
93 -5
94 -1
95 1
96 2
97 3
98 4
99 4
100 0
101 4
102 5
103 4
104 6
105 8
106 10
107 3
108 4
109 -1
110 0
111 0
112 0
113 -2
114 -2
115 2
116 0
117 -2
118 0
119 0
120 2
121 -2
122 0
123 -4
124 -4
125 0
126 2
127 1
128 0
129 0
130 -1
131 1
132 1
133 0
134 0
135 -1
136 0
137 0
138 0
139 -1
140 5
141 0
142 2
143 2
144 5
145 4
146 1
147 0
148 0
149 -1
150 -1
151 -5
152 -2
153 2
154 -4
155 -3
156 -4
157 -3
158 -2
159 0
160 0
161 -7
162 -2
163 -1
164 -2
165 -3
166 -7
167 -2
168 -1
169 0
170 4
171 -1
172 -2
173 -3
174 -4
175 -4
176 -3
177 -3
178 -1
179 -3
180 -2
181 -1
182 -6
183 0
184 -1
185 1
186 4
187 1
188 2
189 -6
190 -9
191 -4
192 -4
193 1
194 0
195 1
196 -1
197 6
198 4
199 2
200 3
201 3
202 2
203 2
204 0
205 0
206 -2
207 -2
208 -1
209 -2
210 -2
211 -2
212 -5
213 -1
214 0
215 -1
216 -1
217 0
218 -1
219 -1
220 2
221 -1
222 -2
223 0
224 2
225 4
226 14
227 10
228 10
229 5
230 2
231 1
232 3
233 3
234 -1
235 1
236 1
237 4
238 5
239 4
240 3
241 1
242 10
243 3
244 0
245 2
246 2
247 2
248 2
249 1
250 -1
251 1
252 -2
253 -3
254 3
255 3
