0 -55
1 -57
2 -58
3 -59
4 -60
5 -62
6 -67
7 -66
8 -67
9 -72
10 -69
11 -65
12 -66
13 -67
14 -65
15 -65
16 -63
17 -55
18 -61
19 -60
20 -61
21 -57
22 -58
23 -55
24 -55
25 -52
26 -52
27 -50
28 -46
29 -44
30 -44
31 -41
32 -44
33 -53
34 -52
35 -52
36 -52
37 -49
38 -49
39 -52
40 -43
41 -44
42 -41
43 -38
44 -36
45 -37
46 -38
47 -26
48 -20
49 -18
50 -19
51 -18
52 -21
53 -23
54 -19
55 -20
56 -17
57 -27
58 -25
59 -22
60 -29
61 -31
62 -31
63 -31
64 -30
65 -32
66 -33
67 -31
68 -27
69 -22
70 -24
71 -21
72 -17
73 -18
74 -23
75 -24
76 -25
77 -30
78 -29
79 -31
80 -33
81 -37
82 -39
83 -41
84 -37
85 -37
86 -35
87 -33
88 -31
89 -31
90 -22
91 -20
92 -19
93 -19
94 -16
95 -17
96 -17
97 -18
98 -21
99 -25
100 -23
101 -20
102 -19
103 -19
104 -18
105 -12
106 -12
107 -12
108 -11
109 -6
110 -1
111 1
112 1
113 2
114 1
115 1
116 4
117 4
118 4
119 10
120 10
121 9
122 10
123 10
124 10
125 9
126 7
127 3
128 4
129 5
130 4
131 -2
132 0
133 4
134 4
135 2
136 1
137 0
138 0
139 1
140 -4
141 -9
142 -8
143 -11
144 -6
145 -5
146 -3
147 -1
148 -1
149 12
150 12
151 12
152 12
153 17
154 5
155 4
156 4
157 4
158 5
159 3
160 3
161 4
162 4
163 1
164 5
165 10
166 9
167 7
168 8
169 9
170 9
171 9
172 8
173 3
174 3
175 3
176 -1
177 -1
178 -1
179 -2
180 1
181 3
182 1
183 -4
184 -4
185 -4
186 -4
187 -9
188 -9
189 -8
190 -9
191 -2
192 -2
193 -1
194 -1
195 -3
196 -2
197 -5
198 -7
199 -5
200 2
201 -9
202 -9
203 -10
204 -6
205 -5
206 -11
207 -18
208 -20
209 -21
210 -22
211 -20
212 -20
213 -20
214 -22
215 -24
216 -33
217 -33
218 -32
219 -40
220 -41
221 -40
222 -38
223 -42
224 -42
225 -43
226 -40
227 -36
228 -33
229 -34
230 -37
231 -38
232 -40
233 -41
234 -42
235 -47
236 -44
237 -43
238 -40
239 -43
240 -43
241 -42
242 -46
243 -49
244 -56
245 -56
246 -57
247 -57
248 -53
249 -52
250 -51
251 -55
252 -57
253 -57
254 -59
255 -62
