0 -14
1 -13
2 -14
3 -11
4 -9
5 -2
6 -1
7 3
8 7
9 2
10 4
11 2
12 -2
13 -4
14 -5
15 2
16 0
17 -1
18 1
19 1
20 1
21 3
22 5
23 4
24 6
25 8
26 10
27 8
28 1
29 -5
30 -3
31 -5
32 -4
33 -6
34 -7
35 -6
36 -2
37 -7
38 -11
39 -11
40 -11
41 -7
42 -16
43 -26
44 -33
45 -30
46 -30
47 -29
48 -31
49 -32
50 -34
51 -40
52 -28
53 -28
54 -24
55 -26
56 -27
57 -28
58 -28
59 -35
60 -32
61 -32
62 -31
63 -33
64 -44
65 -45
66 -47
67 -47
68 -48
69 -48
70 -53
71 -52
72 -60
73 -58
74 -60
75 -59
76 -58
77 -45
78 -44
79 -46
80 -47
81 -48
82 -49
83 -44
84 -43
85 -45
86 -47
87 -39
88 -38
89 -46
90 -42
91 -42
92 -41
93 -43
94 -42
95 -45
96 -49
97 -50
98 -41
99 -40
100 -36
101 -34
102 -34
103 -32
104 -42
105 -34
106 -40
107 -37
108 -38
109 -41
110 -43
111 -43
112 -46
113 -48
114 -51
115 -40
116 -36
117 -38
118 -37
119 -37
120 -36
121 -33
122 -34
123 -32
124 -32
125 -32
126 -34
127 -28
128 -29
129 -31
130 -34
131 -39
132 -42
133 -36
134 -24
135 -27
136 -29
137 -34
138 -32
139 -33
140 -36
141 -34
142 -34
143 -50
144 -50
145 -47
146 -51
147 -48
148 -50
149 -48
150 -46
151 -45
152 -44
153 -40
154 -38
155 -40
156 -43
157 -44
158 -44
159 -42
160 -50
161 -56
162 -51
163 -53
164 -45
165 -43
166 -38
167 -41
168 -39
169 -44
170 -52
171 -51
172 -52
173 -48
174 -53
175 -55
176 -49
177 -47
178 -42
179 -40
180 -42
181 -50
182 -50
183 -46
184 -43
185 -43
186 -35
187 -34
188 -33
189 -36
190 -36
191 -34
192 -30
193 -34
194 -39
195 -40
196 -49
197 -48
198 -53
199 -50
200 -46
201 -34
202 -40
203 -40
204 -34
205 -34
206 -35
207 -31
208 -27
209 -21
210 -19
211 -16
212 -17
213 -13
214 -13
215 -10
216 -5
217 -1
218 0
219 -7
220 -14
221 -15
222 -15
223 -12
224 -12
225 -10
226 -9
227 -12
228 -4
229 -3
230 -5
231 -7
232 -10
233 -10
234 -11
235 -15
236 -11
237 -6
238 -5
239 -4
240 -11
241 -15
242 -13
243 -5
244 -3
245 -4
246 -4
247 -4
248 -10
249 -23
250 -27
251 -20
252 -19
253 -17
254 -6
255 0
