0 -23
1 -13
2 -13
3 -12
4 -11
5 -6
6 -6
7 -18
8 -21
9 -21
10 -22
11 -21
12 -22
13 -24
14 -28
15 -27
16 -24
17 -33
18 -32
19 -34
20 -44
21 -46
22 -40
23 -38
24 -34
25 -35
26 -36
27 -28
28 -26
29 -26
30 -15
31 -18
32 -24
33 -22
34 -18
35 -25
36 -24
37 -23
38 -24
39 -26
40 -29
41 -28
42 -35
43 -35
44 -27
45 -24
46 -21
47 -21
48 -28
49 -26
50 -49
51 -49
52 -49
53 -41
54 -38
55 -40
56 -42
57 -47
58 -42
59 -44
60 -48
61 -48
62 -47
63 -60
64 -60
65 -45
66 -46
67 -40
68 -38
69 -40
70 -37
71 -43
72 -38
73 -39
74 -54
75 -58
76 -60
77 -55
78 -42
79 -42
80 -31
81 -31
82 -35
83 -31
84 -26
85 -27
86 -27
87 -26
88 -39
89 -37
90 -40
91 -39
92 -46
93 -44
94 -38
95 -29
96 -18
97 -23
98 -17
99 -13
100 -15
101 -12
102 -12
103 -11
104 -6
105 -10
106 -11
107 2
108 2
109 -3
110 -20
111 -20
112 -21
113 -9
114 -9
115 2
116 3
117 3
118 2
119 0
120 0
121 9
122 10
123 9
124 12
125 11
126 9
127 7
128 17
129 10
130 12
131 11
132 14
133 20
134 18
135 24
136 21
137 10
138 13
139 11
140 3
141 6
142 2
143 1
144 -3
145 1
146 2
147 1
148 4
149 8
150 9
151 6
152 -7
153 -6
154 -8
155 -5
156 2
157 1
158 1
159 7
160 1
161 -1
162 -1
163 -3
164 -5
165 -12
166 -12
167 -13
168 -7
169 8
170 8
171 12
172 13
173 6
174 9
175 4
176 2
177 0
178 0
179 2
180 8
181 0
182 -3
183 0
184 -4
185 -3
186 0
187 20
188 17
189 -7
190 -5
191 -18
192 -15
193 -14
194 -19
195 -29
196 -26
197 -26
198 -32
199 -36
200 -35
201 -43
202 -42
203 -44
204 -43
205 -41
206 -44
207 -44
208 -50
209 -51
210 -55
211 -58
212 -58
213 -54
214 -56
215 -52
216 -50
217 -46
218 -48
219 -44
220 -46
221 -33
222 -30
223 -20
224 -25
225 -25
226 -25
227 -22
228 -18
229 -20
230 -30
231 -30
232 -21
233 -30
234 -31
235 -30
236 -34
237 -30
238 -29
239 -29
240 -25
241 -23
242 -29
243 -34
244 -37
245 -37
246 -40
247 -27
248 -27
249 -31
250 -34
251 -34
252 -34
253 -26
254 -29
255 -25
