0 35
1 34
2 37
3 38
4 32
5 33
6 29
7 27
8 17
9 20
10 19
11 16
12 10
13 8
14 14
15 7
16 -15
17 -15
18 -19
19 -27
20 -26
21 -27
22 -26
23 -23
24 -25
25 -17
26 -22
27 -24
28 -25
29 -23
30 -22
31 -27
32 -28
33 -27
34 -25
35 -27
36 -29
37 -29
38 -30
39 -28
40 -32
41 -29
42 -28
43 -24
44 -21
45 -17
46 -19
47 -18
48 -19
49 -21
50 -17
51 -19
52 -20
53 -17
54 -23
55 -22
56 -21
57 -26
58 -30
59 -28
60 -28
61 -24
62 -18
63 -11
64 -12
65 -3
66 -1
67 -4
68 -13
69 -12
70 -12
71 -12
72 -2
73 -1
74 1
75 -2
76 5
77 11
78 18
79 19
80 23
81 27
82 26
83 23
84 19
85 15
86 17
87 15
88 15
89 10
90 14
91 10
92 7
93 6
94 0
95 -3
96 -9
97 -1
98 -6
99 -16
100 -15
101 -8
102 -7
103 -8
104 -8
105 -7
106 -8
107 -10
108 -13
109 -13
110 -10
111 -6
112 -8
113 -11
114 -11
115 -13
116 -4
117 -6
118 -7
119 -8
120 -6
121 -6
122 -6
123 -7
124 -10
125 -13
126 -16
127 -23
128 -10
129 0
130 -4
131 6
132 4
133 -1
134 -3
135 -7
136 -10
137 -10
138 -1
139 -2
140 -3
141 -1
142 -4
143 -4
144 -4
145 -9
146 -9
147 -7
148 -12
149 -5
150 -3
151 -2
152 0
153 0
154 -1
155 -2
156 -8
157 -8
158 -7
159 7
160 14
161 14
162 11
163 11
164 12
165 2
166 -4
167 -6
168 -9
169 -9
170 -11
171 -10
172 -12
173 -12
174 -12
175 -13
176 -14
177 -18
178 -14
179 -16
180 -17
181 -18
182 -21
183 -17
184 -19
185 -18
186 -17
187 -16
188 -4
189 -2
190 1
191 1
192 0
193 7
194 -4
195 -8
196 -7
197 -7
198 -4
199 3
200 5
201 4
202 3
203 2
204 0
205 0
206 -1
207 1
208 -1
209 -2
210 -4
211 -10
212 -9
213 -8
214 -11
215 -14
216 -9
217 -4
218 -3
219 17
220 16
221 17
222 17
223 18
224 23
225 27
226 24
227 26
228 21
229 26
230 22
231 24
232 24
233 23
234 25
235 23
236 19
237 21
238 21
239 17
240 17
241 25
242 20
243 19
244 18
245 18
246 20
247 15
248 25
249 26
250 26
251 27
252 29
253 31
254 37
255 35
