0 1
1 3
2 0
3 3
4 -4
5 -3
6 -1
7 1
8 -4
9 -5
10 -2
11 -1
12 0
13 -2
14 -2
15 -4
16 -3
17 -5
18 -4
19 -5
20 -9
21 -8
22 -1
23 -6
24 -14
25 -15
26 -11
27 5
28 8
29 17
30 24
31 17
32 12
33 8
34 10
35 -3
36 -4
37 -5
38 3
39 0
40 -4
41 -4
42 -4
43 -6
44 -6
45 -1
46 0
47 -3
48 -6
49 -3
50 -3
51 1
52 -1
53 3
54 -4
55 0
56 -6
57 1
58 0
59 11
60 -1
61 0
62 5
63 1
64 -9
65 2
66 4
67 5
68 6
69 10
70 13
71 9
72 1
73 1
74 1
75 5
76 8
77 6
78 -2
79 -4
80 0
81 3
82 3
83 3
84 -1
85 1
86 0
87 -4
88 -1
89 6
90 5
91 7
92 3
93 -4
94 -3
95 -4
96 -9
97 -13
98 -12
99 -14
100 -3
101 -5
102 -6
103 -5
104 0
105 -8
106 5
107 1
108 -5
109 -2
110 -2
111 6
112 1
113 8
114 14
115 8
116 0
117 2
118 -3
119 -4
120 -3
121 0
122 -3
123 -2
124 -10
125 -7
126 -3
127 -4
128 -7
129 -6
130 -9
131 -7
132 -5
133 -7
134 -6
135 3
136 2
137 -6
138 -7
139 2
140 4
141 6
142 10
143 8
144 12
145 2
146 0
147 -4
148 -5
149 -9
150 -4
151 -6
152 -6
153 -17
154 -13
155 -5
156 -6
157 -6
158 -7
159 -8
160 -5
161 1
162 3
163 2
164 3
165 -2
166 -7
167 7
168 7
169 6
170 5
171 17
172 8
173 11
174 14
175 5
176 -1
177 1
178 2
179 -12
180 1
181 0
182 -2
183 -6
184 2
185 -5
186 5
187 -2
188 -9
189 -1
190 4
191 2
192 4
193 7
194 7
195 3
196 0
197 0
198 3
199 3
200 2
201 3
202 6
203 -3
204 0
205 -4
206 1
207 2
208 0
209 4
210 4
211 4
212 4
213 9
214 10
215 9
216 6
217 6
218 5
219 4
220 2
221 4
222 4
223 1
224 -1
225 3
226 6
227 0
228 1
229 1
230 -6
231 -5
232 -5
233 0
234 1
235 -1
236 -1
237 -5
238 -4
239 -3
240 0
241 5
242 1
243 1
244 -4
245 -3
246 -6
247 -10
248 -9
249 -15
250 -22
251 -21
252 -7
253 4
254 0
255 1
