0 -4
1 4
2 4
3 5
4 2
5 -5
6 -2
7 -1
8 1
9 -2
10 1
11 0
12 -8
13 -8
14 -1
15 -3
16 0
17 2
18 3
19 4
20 -4
21 -3
22 -1
23 3
24 2
25 -1
26 -1
27 -5
28 -4
29 -1
30 -1
31 0
32 -1
33 1
34 -1
35 0
36 -3
37 7
38 6
39 8
40 2
41 -1
42 -2
43 0
44 -1
45 0
46 11
47 5
48 1
49 -2
50 -3
51 -4
52 -7
53 -6
54 -1
55 -1
56 0
57 4
58 -1
59 0
60 1
61 1
62 -3
63 -3
64 -4
65 -3
66 -3
67 1
68 -2
69 1
70 2
71 6
72 4
73 4
74 1
75 9
76 10
77 3
78 3
79 3
80 6
81 1
82 1
83 1
84 1
85 0
86 0
87 -3
88 0
89 1
90 3
91 2
92 0
93 0
94 -2
95 0
96 -2
97 3
98 1
99 -1
100 -1
101 6
102 8
103 8
104 7
105 5
106 8
107 5
108 1
109 1
110 1
111 0
112 -2
113 0
114 -1
115 -4
116 -2
117 -4
118 0
119 1
120 6
121 -2
122 0
123 2
124 -1
125 -5
126 -4
127 1
128 -4
129 -1
130 0
131 -2
132 -2
133 0
134 0
135 1
136 0
137 2
138 -2
139 -2
140 -2
141 1
142 1
143 -1
144 -1
145 -4
146 -4
147 -4
148 3
149 2
150 1
151 1
152 3
153 5
154 4
155 0
156 0
157 -3
158 -3
159 -3
160 -1
161 2
162 0
163 -5
164 -4
165 -1
166 1
167 3
168 -7
169 -7
170 -2
171 -3
172 -1
173 -2
174 -2
175 -2
176 -2
177 -3
178 -1
179 -2
180 -5
181 1
182 2
183 2
184 0
185 -1
186 0
187 1
188 1
189 1
190 0
191 1
192 -2
193 11
194 13
195 3
196 4
197 4
198 6
199 5
200 -1
201 -3
202 -2
203 0
204 -1
205 1
206 0
207 0
208 6
209 3
210 2
211 4
212 6
213 -1
214 1
215 1
216 1
217 1
218 1
219 0
220 -1
221 4
222 -1
223 -1
224 -4
225 -4
226 1
227 1
228 2
229 0
230 1
231 1
232 0
233 0
234 3
235 4
236 2
237 2
238 1
239 2
240 4
241 -2
242 0
243 -3
244 5
245 -1
246 0
247 2
248 0
249 -1
250 -1
251 -4
252 1
253 0
254 1
255 -5
