0 -56
1 -51
2 -55
3 -40
4 -34
5 -34
6 -26
7 -24
8 -19
9 -20
10 -6
11 -2
12 0
13 -3
14 5
15 2
16 7
17 17
18 9
19 10
20 5
21 3
22 0
23 -4
24 1
25 -4
26 -5
27 -7
28 -10
29 -7
30 -3
31 -14
32 -17
33 -18
34 -25
35 -21
36 -27
37 -18
38 -3
39 -5
40 -12
41 -16
42 -15
43 -15
44 -20
45 -16
46 -12
47 -17
48 -14
49 -10
50 -21
51 -19
52 -25
53 -24
54 -24
55 -26
56 -26
57 -24
58 -24
59 -26
60 -22
61 -20
62 -22
63 -34
64 -35
65 -31
66 -26
67 -26
68 -28
69 -20
70 -15
71 -15
72 -15
73 -18
74 -24
75 -28
76 -24
77 -25
78 -23
79 -20
80 -20
81 -16
82 -12
83 -11
84 -10
85 -21
86 -20
87 -14
88 -14
89 -11
90 -10
91 -14
92 -14
93 -10
94 -14
95 -16
96 -13
97 -11
98 -10
99 -12
100 -9
101 -10
102 -5
103 -4
104 0
105 6
106 5
107 2
108 2
109 3
110 1
111 -3
112 0
113 -13
114 -16
115 -15
116 -17
117 -19
118 -14
119 -11
120 -11
121 -10
122 -8
123 -7
124 -14
125 -13
126 -17
127 -21
128 -12
129 -14
130 -6
131 -5
132 -2
133 -3
134 -9
135 -13
136 -11
137 -5
138 -10
139 -7
140 -9
141 -12
142 -19
143 -13
144 -14
145 -10
146 -8
147 -6
148 0
149 3
150 3
151 3
152 2
153 0
154 -1
155 -3
156 -1
157 -1
158 0
159 7
160 5
161 8
162 6
163 6
164 13
165 11
166 11
167 12
168 15
169 13
170 12
171 10
172 1
173 1
174 -7
175 -11
176 -13
177 -14
178 -18
179 -17
180 -15
181 -18
182 -26
183 -28
184 -33
185 -33
186 -29
187 -28
188 -27
189 -44
190 -47
191 -45
192 -47
193 -51
194 -51
195 -53
196 -51
197 -51
198 -45
199 -41
200 -35
201 -33
202 -30
203 -35
204 -36
205 -35
206 -31
207 -31
208 -34
209 -34
210 -36
211 -37
212 -40
213 -38
214 -39
215 -44
216 -49
217 -42
218 -42
219 -50
220 -49
221 -51
222 -51
223 -50
224 -50
225 -49
226 -56
227 -57
228 -59
229 -59
230 -59
231 -50
232 -50
233 -52
234 -52
235 -44
236 -41
237 -36
238 -41
239 -47
240 -47
241 -41
242 -41
243 -39
244 -36
245 -35
246 -33
247 -41
248 -42
249 -30
250 -30
251 -37
252 -44
253 -44
254 -52
255 -54
