0 2
1 2
2 3
3 0
4 0
5 2
6 -3
7 -4
8 -8
9 -2
10 -3
11 -6
12 -8
13 0
14 0
15 -6
16 -10
17 -11
18 -8
19 -12
20 -12
21 -14
22 -13
23 -14
24 -6
25 -9
26 -2
27 -2
28 1
29 -7
30 -11
31 -15
32 -14
33 -28
34 -27
35 -13
36 -21
37 -17
38 -17
39 -25
40 -22
41 -12
42 -7
43 -9
44 -8
45 -4
46 -3
47 -8
48 -7
49 -9
50 -9
51 -4
52 -4
53 -4
54 -3
55 4
56 1
57 -10
58 -8
59 2
60 2
61 2
62 6
63 -1
64 -5
65 -7
66 -4
67 -2
68 -17
69 -13
70 -1
71 -1
72 1
73 -4
74 -8
75 -5
76 -7
77 -18
78 -26
79 -10
80 -4
81 -6
82 -2
83 -8
84 -15
85 -17
86 -18
87 -27
88 -23
89 4
90 -7
91 -4
92 -4
93 -4
94 -5
95 -6
96 -5
97 0
98 -2
99 -6
100 -2
101 1
102 8
103 6
104 8
105 4
106 4
107 4
108 1
109 0
110 5
111 4
112 7
113 8
114 10
115 10
116 11
117 13
118 12
119 14
120 15
121 16
122 19
123 12
124 11
125 10
126 5
127 5
128 14
129 6
130 6
131 13
132 18
133 13
134 7
135 -19
136 -17
137 -16
138 -13
139 -15
140 -15
141 -16
142 -19
143 -15
144 -12
145 -11
146 -6
147 -3
148 -2
149 -8
150 2
151 10
152 13
153 16
154 12
155 10
156 4
157 4
158 12
159 -1
160 -3
161 -2
162 -1
163 -3
164 1
165 8
166 11
167 3
168 -13
169 -4
170 -3
171 -1
172 -2
173 1
174 2
175 -6
176 -6
177 -13
178 -2
179 -1
180 1
181 6
182 3
183 1
184 -3
185 0
186 -8
187 -7
188 -6
189 -13
190 -11
191 -4
192 -6
193 -5
194 3
195 -4
196 1
197 -3
198 0
199 -3
200 2
201 1
202 -1
203 -3
204 -6
205 0
206 8
207 6
208 9
209 6
210 1
211 -8
212 -5
213 -3
214 0
215 7
216 5
217 11
218 14
219 12
220 10
221 9
222 13
223 11
224 15
225 14
226 3
227 4
228 4
229 5
230 8
231 2
232 3
233 -2
234 2
235 9
236 16
237 21
238 20
239 24
240 16
241 6
242 4
243 2
244 -10
245 -11
246 -13
247 -7
248 1
249 -11
250 -8
251 -3
252 -7
253 -7
254 -9
255 -7
