0 1
1 1
2 2
3 2
4 2
5 2
6 1
7 1
8 1
9 1
10 1
11 2
12 2
13 -1
14 -1
15 0
16 -1
17 -1
18 -2
19 0
20 0
21 -1
22 0
23 -1
24 -1
25 0
26 1
27 -4
28 -4
29 -5
30 -6
31 -4
32 0
33 0
34 0
35 -1
36 0
37 0
38 1
39 -1
40 -2
41 0
42 0
43 -1
44 -1
45 -1
46 -1
47 -1
48 -2
49 -1
50 -1
51 0
52 1
53 2
54 1
55 0
56 -1
57 -1
58 -1
59 -1
60 -2
61 -2
62 0
63 0
64 0
65 -2
66 0
67 1
68 1
69 4
70 0
71 0
72 0
73 -1
74 0
75 0
76 0
77 0
78 0
79 0
80 -1
81 -1
82 -1
83 -1
84 -2
85 -2
86 -2
87 0
88 -1
89 1
90 -1
91 0
92 -3
93 -2
94 0
95 0
96 -1
97 -1
98 0
99 1
100 1
101 1
102 1
103 3
104 3
105 2
106 2
107 2
108 0
109 -1
110 0
111 2
112 3
113 3
114 2
115 1
116 1
117 3
118 2
119 3
120 2
121 1
122 -1
123 -1
124 -2
125 -3
126 -4
127 -4
128 -2
129 2
130 2
131 2
132 2
133 2
134 2
135 1
136 1
137 -3
138 -3
139 -1
140 2
141 3
142 3
143 2
144 0
145 -3
146 -3
147 -4
148 -2
149 -3
150 -3
151 -3
152 -4
153 -4
154 -6
155 -5
156 -1
157 0
158 0
159 3
160 3
161 4
162 4
163 3
164 3
165 2
166 2
167 3
168 3
169 2
170 3
171 1
172 1
173 2
174 2
175 -1
176 0
177 0
178 -1
179 -1
180 0
181 0
182 2
183 3
184 3
185 5
186 3
187 4
188 4
189 7
190 7
191 5
192 5
193 2
194 2
195 3
196 3
197 4
198 4
199 1
200 -1
201 -2
202 -4
203 -5
204 -3
205 -4
206 -5
207 -5
208 -5
209 -5
210 -2
211 0
212 0
213 0
214 0
215 0
216 4
217 3
218 3
219 2
220 2
221 4
222 4
223 2
224 1
225 1
226 3
227 0
228 0
229 1
230 1
231 1
232 1
233 1
234 4
235 2
236 1
237 1
238 1
239 1
240 0
241 3
242 0
243 0
244 0
245 0
246 -1
247 -2
248 -2
249 -2
250 -3
251 -3
252 2
253 0
254 1
255 0
