0 -34
1 -43
2 -44
3 -42
4 -38
5 -37
6 -36
7 -25
8 -29
9 -33
10 -33
11 -34
12 -27
13 -31
14 -32
15 -34
16 -32
17 -16
18 -13
19 -29
20 -30
21 -36
22 -27
23 -23
24 -19
25 -19
26 -12
27 -5
28 11
29 12
30 12
31 13
32 14
33 18
34 17
35 16
36 5
37 -2
38 -7
39 -5
40 -9
41 -10
42 -13
43 -14
44 -17
45 -22
46 -22
47 -21
48 -21
49 -19
50 -18
51 -18
52 -9
53 -10
54 -8
55 -6
56 -8
57 -6
58 -5
59 -7
60 -7
61 -3
62 5
63 9
64 10
65 5
66 6
67 3
68 -8
69 -9
70 -9
71 -7
72 -8
73 -8
74 -7
75 -14
76 -22
77 -22
78 -17
79 -22
80 -22
81 -12
82 -17
83 -19
84 -29
85 -30
86 -26
87 -25
88 -25
89 -28
90 -27
91 -28
92 -25
93 -22
94 -13
95 -17
96 -16
97 -15
98 -14
99 -12
100 -25
101 -35
102 -27
103 -23
104 -15
105 -27
106 -24
107 -22
108 -19
109 -14
110 -17
111 -19
112 -19
113 -19
114 -14
115 -20
116 -12
117 -24
118 -21
119 -18
120 -17
121 -13
122 -17
123 -18
124 -19
125 -20
126 -15
127 -18
128 -8
129 -8
130 -11
131 -18
132 -15
133 -18
134 -21
135 -15
136 -18
137 -11
138 -11
139 -7
140 -7
141 10
142 8
143 11
144 19
145 23
146 28
147 19
148 20
149 21
150 31
151 31
152 33
153 36
154 35
155 32
156 36
157 43
158 43
159 44
160 40
161 40
162 38
163 39
164 41
165 44
166 50
167 50
168 58
169 53
170 57
171 63
172 68
173 56
174 53
175 55
176 46
177 44
178 65
179 64
180 61
181 70
182 72
183 68
184 58
185 67
186 67
187 57
188 58
189 55
190 49
191 48
192 59
193 60
194 64
195 61
196 52
197 53
198 54
199 65
200 59
201 42
202 39
203 51
204 36
205 36
206 35
207 27
208 27
209 28
210 30
211 52
212 33
213 38
214 37
215 44
216 45
217 48
218 49
219 42
220 12
221 1
222 1
223 -2
224 -3
225 -1
226 1
227 3
228 4
229 10
230 6
231 6
232 5
233 7
234 11
235 8
236 8
237 9
238 -12
239 -9
240 -5
241 -5
242 -12
243 -10
244 -17
245 -20
246 -15
247 -19
248 -20
249 -20
250 -23
251 -28
252 -26
253 -25
254 -25
255 -21
