0 -9
1 -9
2 -7
3 -7
4 -6
5 -6
6 -8
7 -8
8 -8
9 -9
10 -8
11 -10
12 -10
13 -10
14 -9
15 -10
16 -9
17 -8
18 -10
19 -11
20 -11
21 -11
22 -10
23 -9
24 -6
25 -7
26 -6
27 -6
28 -7
29 -4
30 -3
31 -5
32 -5
33 -4
34 -4
35 -3
36 -1
37 0
38 0
39 1
40 1
41 2
42 2
43 3
44 4
45 3
46 2
47 2
48 3
49 3
50 3
51 1
52 2
53 1
54 1
55 1
56 1
57 0
58 0
59 -1
60 -1
61 -1
62 0
63 -1
64 -1
65 -2
66 -3
67 -2
68 -2
69 -3
70 -5
71 -5
72 -5
73 -5
74 -5
75 -5
76 -6
77 -6
78 -6
79 -5
80 -6
81 -5
82 -5
83 -4
84 -4
85 -2
86 0
87 1
88 1
89 1
90 1
91 4
92 4
93 3
94 2
95 4
96 5
97 2
98 0
99 6
100 6
101 7
102 7
103 8
104 8
105 10
106 11
107 11
108 10
109 12
110 12
111 11
112 11
113 12
114 11
115 9
116 7
117 6
118 6
119 6
120 5
121 5
122 6
123 6
124 5
125 7
126 4
127 4
128 4
129 3
130 2
131 2
132 2
133 -3
134 -2
135 -2
136 -2
137 -2
138 -2
139 -2
140 -2
141 -2
142 -1
143 -1
144 -2
145 -2
146 -3
147 -1
148 -1
149 -3
150 -3
151 -2
152 -7
153 -6
154 -9
155 -9
156 -8
157 -7
158 -6
159 -4
160 -4
161 -4
162 -6
163 -6
164 -8
165 -8
166 -8
167 -11
168 -11
169 -11
170 -15
171 -14
172 -14
173 -14
174 -15
175 -17
176 -17
177 -18
178 -17
179 -18
180 -18
181 -18
182 -16
183 -16
184 -15
185 -15
186 -16
187 -17
188 -16
189 -16
190 -15
191 -15
192 -12
193 -12
194 -10
195 -11
196 -10
197 -10
198 -10
199 -9
200 -9
201 -9
202 -8
203 -9
204 -10
205 -10
206 -10
207 -6
208 -8
209 -8
210 -5
211 -4
212 -3
213 -1
214 -2
215 -2
216 -2
217 -5
218 -6
219 -6
220 -6
221 -6
222 -6
223 -8
224 -8
225 -7
226 -7
227 -7
228 -7
229 -7
230 -6
231 -4
232 -4
233 -4
234 -4
235 -4
236 -3
237 -3
238 -4
239 -4
240 -6
241 -4
242 -4
243 -6
244 -4
245 -3
246 -3
247 -3
248 0
249 0
250 -1
251 -1
252 0
253 -3
254 -4
255 -6
