0 -19
1 -19
2 -18
3 -18
4 -18
5 -20
6 -18
7 -18
8 -18
9 -19
10 -19
11 -19
12 -19
13 -19
14 -24
15 -23
16 -23
17 -22
18 -22
19 -21
20 -21
21 -21
22 -23
23 -23
24 -24
25 -24
26 -22
27 -19
28 -15
29 -15
30 -16
31 -17
32 -17
33 -17
34 -15
35 -14
36 -16
37 -18
38 -17
39 -17
40 -17
41 -18
42 -20
43 -22
44 -22
45 -22
46 -22
47 -20
48 -17
49 -16
50 -18
51 -15
52 -14
53 -16
54 -18
55 -12
56 -16
57 -14
58 -13
59 -14
60 -14
61 -14
62 -13
63 -15
64 -15
65 -16
66 -16
67 -16
68 -18
69 -15
70 -16
71 -16
72 -14
73 -13
74 -13
75 -16
76 -16
77 -15
78 -15
79 -12
80 -12
81 -13
82 -15
83 -13
84 -12
85 -12
86 -12
87 -12
88 -12
89 -12
90 -12
91 -8
92 -6
93 -5
94 -3
95 -3
96 -3
97 -5
98 -6
99 -3
100 -3
101 -4
102 -6
103 -6
104 -6
105 -4
106 -6
107 -5
108 -3
109 0
110 0
111 0
112 0
113 2
114 4
115 4
116 6
117 4
118 4
119 3
120 2
121 2
122 1
123 1
124 1
125 1
126 1
127 1
128 1
129 1
130 1
131 1
132 -1
133 -1
134 -1
135 0
136 -1
137 -1
138 0
139 -4
140 -3
141 -4
142 -2
143 -2
144 -2
145 -4
146 -6
147 -6
148 -7
149 -8
150 -9
151 -8
152 -7
153 -7
154 -8
155 -8
156 -9
157 -9
158 -7
159 -5
160 -5
161 -2
162 -2
163 0
164 2
165 2
166 2
167 2
168 1
169 -1
170 -1
171 -1
172 0
173 -1
174 2
175 2
176 2
177 2
178 0
179 0
180 0
181 0
182 -3
183 -1
184 -1
185 -1
186 0
187 -1
188 -1
189 -1
190 0
191 0
192 -2
193 -4
194 -4
195 -4
196 -6
197 -6
198 -8
199 -6
200 -4
201 -4
202 -4
203 -3
204 0
205 3
206 3
207 4
208 5
209 4
210 3
211 5
212 5
213 5
214 4
215 1
216 1
217 0
218 -9
219 -9
220 -10
221 -11
222 -13
223 -13
224 -12
225 -13
226 -13
227 -13
228 -14
229 -15
230 -17
231 -21
232 -21
233 -22
234 -22
235 -22
236 -23
237 -23
238 -22
239 -23
240 -22
241 -21
242 -22
243 -21
244 -21
245 -22
246 -22
247 -24
248 -27
249 -23
250 -23
251 -24
252 -24
253 -14
254 -15
255 -15
