0 3
1 4
2 3
3 5
4 5
5 5
6 5
7 4
8 4
9 3
10 4
11 5
12 7
13 5
14 4
15 4
16 6
17 6
18 6
19 3
20 3
21 3
22 4
23 5
24 6
25 6
26 5
27 5
28 2
29 3
30 3
31 4
32 4
33 4
34 5
35 3
36 2
37 0
38 0
39 2
40 2
41 3
42 1
43 2
44 2
45 1
46 3
47 -1
48 -4
49 -3
50 -2
51 -3
52 -1
53 -1
54 -2
55 -2
56 -1
57 -1
58 -1
59 -1
60 -1
61 0
62 1
63 0
64 -1
65 -1
66 -2
67 2
68 0
69 0
70 -1
71 -2
72 -2
73 -3
74 -2
75 -2
76 -2
77 -4
78 -3
79 -3
80 -3
81 1
82 1
83 1
84 1
85 2
86 2
87 2
88 3
89 3
90 3
91 2
92 3
93 3
94 2
95 2
96 2
97 2
98 2
99 2
100 3
101 4
102 4
103 2
104 1
105 1
106 1
107 1
108 1
109 0
110 0
111 0
112 0
113 0
114 -2
115 1
116 1
117 2
118 1
119 1
120 -1
121 -1
122 0
123 2
124 2
125 3
126 3
127 2
128 3
129 2
130 2
131 2
132 2
133 2
134 2
135 3
136 3
137 3
138 3
139 4
140 4
141 5
142 3
143 -1
144 0
145 0
146 0
147 0
148 -2
149 -1
150 -3
151 -3
152 -3
153 -3
154 -5
155 -5
156 -4
157 -4
158 -4
159 -3
160 -1
161 -1
162 -1
163 1
164 0
165 -5
166 -2
167 -1
168 -4
169 -2
170 -2
171 -2
172 -5
173 -4
174 -6
175 -10
176 -9
177 -6
178 -3
179 0
180 -1
181 -4
182 -3
183 -3
184 -3
185 -7
186 -7
187 -7
188 -6
189 -3
190 1
191 1
192 1
193 2
194 0
195 0
196 1
197 1
198 -2
199 -2
200 -2
201 -1
202 -2
203 0
204 -2
205 -2
206 -2
207 -1
208 0
209 -3
210 -6
211 -1
212 2
213 3
214 2
215 1
216 1
217 1
218 1
219 1
220 1
221 1
222 0
223 0
224 0
225 0
226 -1
227 -2
228 -1
229 -1
230 -2
231 1
232 1
233 1
234 1
235 3
236 3
237 1
238 3
239 2
240 1
241 1
242 1
243 0
244 0
245 1
246 0
247 2
248 2
249 1
250 1
251 1
252 1
253 1
254 1
255 1
