0 -2
1 2
2 4
3 7
4 7
5 6
6 6
7 2
8 4
9 4
10 1
11 2
12 0
13 2
14 1
15 0
16 -5
17 -7
18 -7
19 -8
20 -6
21 -3
22 -3
23 -2
24 1
25 -1
26 -4
27 -9
28 -9
29 -9
30 -4
31 -2
32 -3
33 4
34 4
35 9
36 12
37 7
38 7
39 7
40 8
41 -2
42 -4
43 -5
44 -6
45 -7
46 2
47 -5
48 -2
49 -2
50 -2
51 5
52 6
53 5
54 5
55 1
56 1
57 -4
58 -1
59 -2
60 -1
61 6
62 5
63 6
64 6
65 6
66 4
67 4
68 3
69 4
70 4
71 2
72 1
73 2
74 2
75 0
76 -4
77 -3
78 -3
79 -1
80 0
81 1
82 -2
83 -1
84 0
85 2
86 3
87 5
88 2
89 -6
90 -11
91 -8
92 -10
93 -10
94 -10
95 -5
96 1
97 -3
98 -3
99 -2
100 6
101 6
102 2
103 11
104 11
105 9
106 5
107 6
108 6
109 4
110 3
111 -2
112 -1
113 -4
114 -5
115 -13
116 -12
117 -10
118 -9
119 -3
120 -3
121 -4
122 -9
123 -4
124 -4
125 3
126 3
127 3
128 4
129 5
130 5
131 5
132 4
133 -2
134 -1
135 2
136 -2
137 -1
138 -5
139 1
140 1
141 1
142 5
143 5
144 0
145 0
146 1
147 5
148 2
149 0
150 1
151 1
152 1
153 0
154 0
155 9
156 6
157 8
158 8
159 9
160 8
161 5
162 5
163 8
164 7
165 11
166 11
167 9
168 7
169 6
170 6
171 0
172 0
173 -2
174 3
175 6
176 7
177 8
178 6
179 6
180 4
181 2
182 2
183 -1
184 0
185 0
186 0
187 -3
188 -3
189 5
190 5
191 8
192 8
193 8
194 8
195 -2
196 -5
197 -5
198 -3
199 -10
200 -8
201 -7
202 -7
203 -5
204 -5
205 -6
206 -6
207 -8
208 -6
209 -6
210 -6
211 3
212 2
213 1
214 5
215 6
216 1
217 0
218 -2
219 -1
220 -4
221 1
222 -7
223 -8
224 -7
225 -5
226 -4
227 -4
228 -4
229 -5
230 -5
231 -5
232 -1
233 -3
234 5
235 2
236 2
237 0
238 0
239 0
240 0
241 3
242 1
243 2
244 2
245 3
246 1
247 4
248 9
249 4
250 3
251 5
252 6
253 7
254 4
255 1
