0 1
1 2
2 2
3 5
4 5
5 5
6 7
7 4
8 0
9 -6
10 -7
11 -7
12 -8
13 -7
14 -9
15 -9
16 -9
17 6
18 0
19 -3
20 -6
21 -8
22 -6
23 -6
24 9
25 9
26 11
27 12
28 15
29 15
30 13
31 13
32 12
33 13
34 14
35 15
36 17
37 18
38 21
39 20
40 25
41 20
42 21
43 23
44 24
45 25
46 22
47 21
48 20
49 17
50 18
51 19
52 19
53 19
54 21
55 22
56 22
57 21
58 14
59 15
60 13
61 13
62 19
63 16
64 18
65 18
66 16
67 15
68 15
69 15
70 10
71 10
72 11
73 11
74 12
75 11
76 10
77 11
78 12
79 17
80 18
81 15
82 20
83 17
84 19
85 19
86 21
87 21
88 17
89 18
90 18
91 17
92 17
93 15
94 21
95 13
96 13
97 13
98 13
99 14
100 13
101 7
102 9
103 10
104 9
105 7
106 7
107 8
108 5
109 6
110 7
111 10
112 11
113 11
114 11
115 16
116 16
117 15
118 16
119 15
120 12
121 14
122 8
123 7
124 2
125 4
126 2
127 5
128 3
129 4
130 7
131 5
132 11
133 11
134 13
135 13
136 6
137 5
138 5
139 8
140 14
141 15
142 16
143 12
144 10
145 10
146 10
147 12
148 4
149 5
150 2
151 9
152 9
153 0
154 3
155 5
156 7
157 8
158 8
159 11
160 13
161 4
162 5
163 8
164 9
165 8
166 7
167 4
168 4
169 0
170 0
171 5
172 7
173 9
174 9
175 9
176 9
177 8
178 5
179 6
180 6
181 5
182 5
183 7
184 5
185 4
186 6
187 4
188 2
189 -1
190 -2
191 1
192 0
193 -4
194 -5
195 -5
196 -3
197 -1
198 1
199 1
200 -3
201 -3
202 -2
203 -5
204 -1
205 -4
206 -4
207 -3
208 -5
209 -4
210 -5
211 -5
212 -5
213 0
214 -3
215 -5
216 -6
217 -1
218 0
219 -1
220 -3
221 -3
222 -3
223 -3
224 -4
225 -13
226 -8
227 -5
228 -4
229 -2
230 -3
231 -1
232 -1
233 -1
234 4
235 5
236 2
237 3
238 3
239 0
240 1
241 -1
242 -1
243 -2
244 -1
245 1
246 1
247 0
248 0
249 1
250 -1
251 1
252 -2
253 -2
254 0
255 1
