0 18
1 19
2 18
3 21
4 19
5 10
6 10
7 8
8 7
9 11
10 10
11 8
12 9
13 1
14 -1
15 17
16 23
17 23
18 23
19 22
20 24
21 25
22 19
23 18
24 14
25 0
26 2
27 3
28 2
29 4
30 3
31 -1
32 0
33 0
34 3
35 2
36 2
37 6
38 8
39 7
40 2
41 4
42 5
43 7
44 9
45 9
46 -3
47 -5
48 -8
49 -5
50 -12
51 -9
52 -10
53 -10
54 -14
55 -14
56 -22
57 -21
58 -26
59 -17
60 -13
61 -10
62 -10
63 -8
64 -13
65 -13
66 -15
67 -5
68 -7
69 -2
70 -2
71 3
72 5
73 5
74 2
75 -17
76 -14
77 -14
78 -12
79 -7
80 -5
81 -3
82 -1
83 -1
84 0
85 -1
86 -11
87 -19
88 -15
89 -15
90 -17
91 -12
92 -10
93 -7
94 -16
95 -17
96 -9
97 -12
98 -12
99 -16
100 -16
101 -16
102 -19
103 -17
104 -24
105 -27
106 -24
107 -20
108 -20
109 -15
110 -9
111 -10
112 -18
113 -20
114 -18
115 -18
116 -19
117 -9
118 -12
119 -13
120 -15
121 -18
122 -14
123 -18
124 -16
125 -16
126 -13
127 -11
128 -11
129 -11
130 -14
131 -16
132 -10
133 -17
134 -23
135 -26
136 -27
137 -25
138 -25
139 -28
140 -22
141 -24
142 -26
143 -29
144 -31
145 -31
146 -32
147 -29
148 -28
149 -28
150 -24
151 -22
152 -18
153 -13
154 -14
155 -21
156 -20
157 -19
158 -16
159 -19
160 -6
161 -6
162 -13
163 -12
164 -10
165 -11
166 -12
167 -7
168 3
169 -1
170 -3
171 -3
172 11
173 14
174 20
175 18
176 16
177 18
178 19
179 20
180 22
181 22
182 27
183 25
184 25
185 24
186 28
187 30
188 32
189 32
190 34
191 31
192 17
193 8
194 9
195 11
196 11
197 11
198 15
199 18
200 21
201 11
202 8
203 21
204 26
205 14
206 12
207 13
208 15
209 14
210 7
211 3
212 11
213 11
214 10
215 8
216 8
217 11
218 7
219 10
220 9
221 12
222 12
223 9
224 9
225 13
226 13
227 13
228 21
229 19
230 19
231 22
232 21
233 25
234 26
235 12
236 16
237 24
238 31
239 39
240 34
241 21
242 21
243 21
244 15
245 17
246 19
247 18
248 16
249 14
250 13
251 15
252 17
253 14
254 17
255 18
