0 14
1 12
2 13
3 17
4 11
5 9
6 5
7 -1
8 -3
9 2
10 -1
11 -8
12 -4
13 -6
14 -14
15 -17
16 -17
17 -17
18 -21
19 -22
20 -32
21 -41
22 -40
23 -42
24 -45
25 -46
26 -46
27 -45
28 -52
29 -49
30 -47
31 -47
32 -37
33 -38
34 -36
35 -37
36 -40
37 -36
38 -45
39 -48
40 -50
41 -50
42 -46
43 -40
44 -47
45 -47
46 -49
47 -48
48 -38
49 -34
50 -27
51 -27
52 -14
53 -20
54 -21
55 -19
56 -12
57 -16
58 -14
59 -14
60 -13
61 -14
62 -8
63 -1
64 -8
65 -7
66 -5
67 -1
68 1
69 -4
70 0
71 -1
72 6
73 7
74 10
75 10
76 0
77 6
78 6
79 5
80 7
81 7
82 -10
83 -8
84 -24
85 -21
86 -16
87 -22
88 -23
89 -29
90 -38
91 -36
92 -35
93 -33
94 -29
95 -29
96 -31
97 -63
98 -64
99 -63
100 -69
101 -59
102 -55
103 -52
104 -53
105 -37
106 -38
107 -42
108 -43
109 -56
110 -56
111 -53
112 -56
113 -48
114 -55
115 -56
116 -52
117 -53
118 -53
119 -53
120 -56
121 -57
122 -56
123 -56
124 -54
125 -55
126 -60
127 -67
128 -63
129 -64
130 -53
131 -57
132 -47
133 -39
134 -33
135 -34
136 -9
137 -14
138 -26
139 -22
140 -20
141 -19
142 -18
143 -18
144 -12
145 -2
146 1
147 3
148 9
149 8
150 3
151 3
152 11
153 5
154 7
155 10
156 12
157 10
158 8
159 5
160 8
161 4
162 -10
163 -12
164 -14
165 -15
166 -8
167 -19
168 -13
169 -9
170 -1
171 10
172 14
173 17
174 23
175 33
176 32
177 33
178 34
179 42
180 37
181 38
182 42
183 45
184 44
185 37
186 37
187 42
188 29
189 28
190 29
191 26
192 26
193 27
194 21
195 19
196 14
197 16
198 21
199 24
200 4
201 12
202 29
203 27
204 16
205 17
206 14
207 3
208 -1
209 7
210 12
211 22
212 15
213 16
214 29
215 26
216 13
217 5
218 7
219 13
220 11
221 12
222 18
223 29
224 36
225 38
226 40
227 40
228 40
229 22
230 27
231 30
232 19
233 11
234 19
235 24
236 15
237 14
238 13
239 7
240 1
241 17
242 19
243 15
244 25
245 36
246 36
247 30
248 36
249 26
250 32
251 38
252 37
253 37
254 26
255 14
