0 0
1 3
2 1
3 1
4 2
5 -1
6 -2
7 -2
8 -1
9 -2
10 -3
11 -5
12 -5
13 -3
14 -3
15 -4
16 -5
17 -5
18 -5
19 -8
20 -7
21 -8
22 -8
23 -8
24 -11
25 -12
26 -11
27 -11
28 -12
29 -12
30 -12
31 -12
32 -11
33 -13
34 -11
35 -9
36 -8
37 -7
38 -5
39 -4
40 -5
41 -5
42 -5
43 -3
44 -5
45 -4
46 -4
47 -4
48 -4
49 -4
50 -2
51 -2
52 -2
53 2
54 1
55 2
56 4
57 4
58 3
59 2
60 1
61 1
62 2
63 3
64 4
65 3
66 -1
67 -1
68 -2
69 -4
70 -4
71 -4
72 -5
73 -6
74 -6
75 -10
76 -9
77 -9
78 -9
79 -11
80 -11
81 -12
82 -12
83 -13
84 -13
85 -14
86 -12
87 -12
88 -12
89 -11
90 -11
91 -9
92 -8
93 -11
94 -11
95 -13
96 -12
97 -10
98 -12
99 -13
100 -13
101 -13
102 -13
103 -15
104 -15
105 -15
106 -16
107 -14
108 -14
109 -15
110 -16
111 -15
112 -15
113 -15
114 -15
115 -15
116 -15
117 -14
118 -13
119 -13
120 -14
121 -14
122 -14
123 -12
124 -12
125 -13
126 -13
127 -13
128 -13
129 -15
130 -13
131 -11
132 -9
133 -10
134 -10
135 -10
136 -10
137 -10
138 -13
139 -13
140 -19
141 -16
142 -15
143 -18
144 -22
145 -22
146 -23
147 -24
148 -23
149 -22
150 -22
151 -19
152 -19
153 -19
154 -18
155 -17
156 -17
157 -19
158 -20
159 -19
160 -20
161 -19
162 -20
163 -20
164 -19
165 -19
166 -20
167 -17
168 -16
169 -19
170 -20
171 -22
172 -22
173 -22
174 -22
175 -22
176 -21
177 -20
178 -19
179 -19
180 -20
181 -18
182 -18
183 -14
184 -15
185 -15
186 -15
187 -15
188 -12
189 -13
190 -13
191 -13
192 -14
193 -14
194 -14
195 -13
196 -13
197 -13
198 -13
199 -13
200 -7
201 -9
202 -13
203 -14
204 -14
205 -13
206 -11
207 -10
208 -8
209 -9
210 -6
211 -7
212 -7
213 -7
214 -8
215 -10
216 -7
217 -6
218 -6
219 -6
220 -6
221 -6
222 -5
223 -6
224 -6
225 -6
226 -4
227 -5
228 -5
229 -8
230 -7
231 -6
232 -6
233 -6
234 -6
235 -6
236 -7
237 -8
238 -8
239 -7
240 -6
241 -6
242 -6
243 -6
244 -7
245 -4
246 -3
247 -4
248 -4
249 -2
250 -2
251 -2
252 -2
253 -1
254 1
255 1
