0 -3
1 -3
2 -3
3 -2
4 -2
5 -1
6 -1
7 0
8 -1
9 -1
10 -1
11 -2
12 -1
13 1
14 1
15 -1
16 -3
17 -6
18 -6
19 -6
20 -7
21 -5
22 -3
23 -3
24 1
25 1
26 1
27 -2
28 -4
29 -5
30 -2
31 -3
32 -3
33 -3
34 -1
35 0
36 -1
37 0
38 0
39 0
40 2
41 3
42 4
43 4
44 1
45 1
46 1
47 1
48 1
49 0
50 0
51 0
52 0
53 0
54 1
55 1
56 -2
57 -2
58 -2
59 -1
60 -1
61 -2
62 -2
63 1
64 0
65 3
66 4
67 5
68 5
69 5
70 4
71 4
72 6
73 6
74 6
75 4
76 4
77 5
78 7
79 7
80 7
81 8
82 5
83 5
84 5
85 5
86 5
87 2
88 2
89 3
90 3
91 2
92 0
93 -5
94 -5
95 -5
96 -5
97 -5
98 -6
99 -7
100 -7
101 -9
102 -13
103 -12
104 -12
105 -11
106 -11
107 -13
108 -13
109 -13
110 -11
111 -10
112 -8
113 -8
114 -8
115 -10
116 -9
117 -9
118 -13
119 -13
120 -11
121 -12
122 -10
123 -10
124 -9
125 -9
126 -7
127 -6
128 -7
129 -6
130 -6
131 -6
132 -6
133 -5
134 -9
135 -9
136 -9
137 -9
138 -10
139 -10
140 -10
141 -10
142 -9
143 -9
144 -9
145 -8
146 -7
147 -5
148 -4
149 1
150 2
151 4
152 3
153 3
154 3
155 2
156 1
157 3
158 2
159 2
160 1
161 1
162 2
163 3
164 3
165 3
166 4
167 2
168 2
169 2
170 0
171 -2
172 -3
173 -3
174 -6
175 -6
176 0
177 -3
178 -4
179 -4
180 -2
181 -2
182 -1
183 0
184 1
185 1
186 -1
187 -1
188 -1
189 -1
190 0
191 -5
192 -3
193 -3
194 -3
195 -4
196 -5
197 -6
198 -3
199 -3
200 -3
201 -3
202 -3
203 -4
204 -4
205 -4
206 -1
207 0
208 -1
209 -1
210 -1
211 -1
212 0
213 -2
214 -2
215 -2
216 -3
217 -1
218 1
219 1
220 -1
221 1
222 0
223 0
224 2
225 -5
226 -7
227 -6
228 -7
229 -6
230 -6
231 -5
232 -5
233 -6
234 -6
235 -7
236 -6
237 -1
238 -1
239 -2
240 -1
241 -1
242 1
243 2
244 1
245 1
246 1
247 0
248 1
249 1
250 0
251 -2
252 -2
253 -4
254 -4
255 -3
