0 -6
1 -3
2 3
3 0
4 2
5 3
6 0
7 0
8 2
9 -5
10 -7
11 -5
12 -3
13 -5
14 -2
15 -1
16 -3
17 -8
18 -6
19 -6
20 -5
21 -4
22 -6
23 -7
24 1
25 2
26 2
27 9
28 9
29 -1
30 -2
31 0
32 -1
33 3
34 3
35 0
36 2
37 1
38 0
39 0
40 0
41 1
42 4
43 4
44 3
45 1
46 0
47 0
48 -2
49 -2
50 4
51 5
52 5
53 -1
54 -1
55 -1
56 -3
57 -2
58 0
59 -1
60 2
61 -6
62 0
63 -1
64 -2
65 -2
66 -1
67 8
68 -3
69 1
70 -2
71 -6
72 -5
73 -6
74 -4
75 -3
76 -1
77 -1
78 -1
79 0
80 -2
81 -3
82 -2
83 1
84 1
85 6
86 5
87 4
88 4
89 1
90 -2
91 -2
92 2
93 0
94 -1
95 1
96 1
97 3
98 -5
99 -6
100 -5
101 -1
102 3
103 3
104 0
105 -2
106 2
107 -1
108 -4
109 0
110 -1
111 -3
112 -3
113 -3
114 -4
115 -4
116 -6
117 -4
118 -5
119 -3
120 -1
121 -4
122 -8
123 1
124 0
125 -1
126 -1
127 -1
128 2
129 1
130 -1
131 1
132 -1
133 -1
134 1
135 10
136 10
137 8
138 6
139 2
140 4
141 11
142 7
143 7
144 2
145 1
146 2
147 1
148 -4
149 4
150 3
151 1
152 1
153 2
154 1
155 5
156 4
157 4
158 4
159 5
160 -4
161 -7
162 -1
163 2
164 4
165 3
166 3
167 0
168 1
169 1
170 0
171 -2
172 -3
173 4
174 2
175 -3
176 -5
177 -5
178 3
179 0
180 -4
181 -3
182 0
183 -4
184 4
185 0
186 2
187 -1
188 3
189 -2
190 -2
191 -1
192 -3
193 -4
194 3
195 4
196 3
197 2
198 -1
199 -6
200 -4
201 -2
202 -3
203 -1
204 1
205 3
206 7
207 6
208 6
209 5
210 3
211 4
212 8
213 6
214 7
215 7
216 8
217 -3
218 -3
219 -2
220 -1
221 -2
222 -2
223 3
224 2
225 4
226 3
227 2
228 1
229 -1
230 2
231 1
232 -1
233 -3
234 -6
235 -5
236 -2
237 -3
238 -3
239 -4
240 -2
241 -3
242 -1
243 -3
244 -4
245 -3
246 -2
247 -1
248 -2
249 -2
250 -6
251 -6
252 -4
253 -6
254 -7
255 -10
