0 -86
1 -92
2 -90
3 -87
4 -86
5 -88
6 -87
7 -86
8 -85
9 -86
10 -85
11 -90
12 -87
13 -88
14 -80
15 -81
16 -84
17 -87
18 -88
19 -86
20 -90
21 -95
22 -93
23 -92
24 -96
25 -96
26 -97
27 -95
28 -91
29 -93
30 -88
31 -95
32 -95
33 -87
34 -86
35 -85
36 -85
37 -82
38 -82
39 -83
40 -84
41 -85
42 -78
43 -80
44 -78
45 -80
46 -81
47 -80
48 -78
49 -78
50 -79
51 -79
52 -79
53 -81
54 -81
55 -82
56 -90
57 -91
58 -89
59 -88
60 -89
61 -87
62 -87
63 -91
64 -90
65 -92
66 -94
67 -97
68 -95
69 -97
70 -97
71 -94
72 -103
73 -95
74 -93
75 -89
76 -88
77 -90
78 -89
79 -93
80 -96
81 -97
82 -95
83 -91
84 -93
85 -86
86 -96
87 -97
88 -101
89 -101
90 -100
91 -97
92 -96
93 -96
94 -94
95 -90
96 -89
97 -88
98 -85
99 -80
100 -80
101 -79
102 -85
103 -86
104 -86
105 -92
106 -92
107 -90
108 -90
109 -92
110 -92
111 -99
112 -97
113 -97
114 -96
115 -100
116 -101
117 -100
118 -93
119 -89
120 -90
121 -86
122 -89
123 -90
124 -89
125 -90
126 -94
127 -95
128 -100
129 -103
130 -102
131 -101
132 -100
133 -98
134 -99
135 -99
136 -97
137 -97
138 -96
139 -98
140 -98
141 -90
142 -93
143 -88
144 -91
145 -94
146 -92
147 -92
148 -90
149 -86
150 -90
151 -91
152 -93
153 -89
154 -88
155 -88
156 -91
157 -93
158 -94
159 -93
160 -93
161 -99
162 -97
163 -96
164 -96
165 -93
166 -93
167 -93
168 -92
169 -91
170 -83
171 -86
172 -83
173 -81
174 -81
175 -91
176 -91
177 -91
178 -92
179 -87
180 -86
181 -88
182 -81
183 -82
184 -82
185 -83
186 -82
187 -82
188 -85
189 -85
190 -86
191 -90
192 -92
193 -83
194 -82
195 -82
196 -82
197 -84
198 -83
199 -83
200 -83
201 -84
202 -84
203 -80
204 -78
205 -78
206 -82
207 -84
208 -88
209 -88
210 -85
211 -86
212 -82
213 -81
214 -81
215 -86
216 -84
217 -84
218 -84
219 -82
220 -84
221 -84
222 -81
223 -85
224 -82
225 -81
226 -81
227 -82
228 -81
229 -81
230 -76
231 -78
232 -75
233 -75
234 -78
235 -82
236 -80
237 -77
238 -78
239 -77
240 -80
241 -79
242 -79
243 -79
244 -78
245 -78
246 -86
247 -86
248 -86
249 -86
250 -85
251 -86
252 -86
253 -85
254 -85
255 -88
