0 3
1 2
2 0
3 0
4 -2
5 0
6 1
7 0
8 0
9 4
10 4
11 4
12 4
13 2
14 1
15 0
16 -7
17 -2
18 -2
19 1
20 3
21 -1
22 -2
23 -5
24 -2
25 0
26 0
27 -2
28 -2
29 -2
30 -4
31 -3
32 0
33 -3
34 -3
35 -4
36 0
37 0
38 1
39 1
40 2
41 1
42 3
43 2
44 2
45 3
46 -4
47 -1
48 0
49 1
50 0
51 0
52 0
53 -1
54 3
55 3
56 0
57 2
58 -1
59 1
60 0
61 0
62 -1
63 -2
64 -5
65 -5
66 0
67 -1
68 -3
69 -1
70 3
71 3
72 2
73 0
74 0
75 -5
76 -4
77 -4
78 2
79 0
80 0
81 1
82 0
83 -1
84 -1
85 -8
86 -4
87 0
88 0
89 -2
90 -3
91 -2
92 -1
93 -1
94 -2
95 1
96 1
97 2
98 2
99 1
100 1
101 1
102 -1
103 0
104 1
105 0
106 -4
107 -2
108 1
109 1
110 3
111 3
112 -3
113 -4
114 -2
115 -1
116 1
117 3
118 3
119 2
120 -2
121 -2
122 -1
123 -1
124 5
125 3
126 6
127 3
128 -1
129 0
130 2
131 2
132 1
133 1
134 0
135 3
136 2
137 1
138 -2
139 0
140 -1
141 -4
142 3
143 4
144 4
145 1
146 0
147 0
148 0
149 1
150 0
151 2
152 3
153 2
154 2
155 -2
156 -2
157 0
158 -2
159 -2
160 -2
161 -1
162 -1
163 -5
164 -8
165 -3
166 -3
167 -2
168 -2
169 1
170 0
171 -1
172 -1
173 0
174 1
175 3
176 -1
177 -1
178 1
179 2
180 2
181 3
182 4
183 7
184 1
185 0
186 -1
187 -1
188 0
189 4
190 1
191 1
192 2
193 4
194 0
195 -3
196 1
197 5
198 3
199 7
200 4
201 0
202 -1
203 0
204 2
205 3
206 4
207 4
208 3
209 5
210 2
211 4
212 -3
213 -6
214 -5
215 0
216 0
217 0
218 0
219 0
220 0
221 -1
222 2
223 4
224 2
225 2
226 0
227 -1
228 -2
229 0
230 -1
231 1
232 -1
233 0
234 2
235 0
236 0
237 -1
238 -2
239 -1
240 0
241 0
242 -1
243 4
244 2
245 1
246 -3
247 -2
248 1
249 5
250 -3
251 -2
252 -2
253 -2
254 5
255 4
