0 9
1 8
2 6
3 7
4 6
5 7
6 5
7 6
8 7
9 7
10 4
11 3
12 -3
13 -5
14 -4
15 -3
16 -5
17 -10
18 -9
19 -13
20 -14
21 -13
22 -10
23 -12
24 -11
25 -10
26 -10
27 -7
28 -7
29 -7
30 -5
31 -6
32 -7
33 -7
34 -10
35 -8
36 -8
37 -3
38 -4
39 -3
40 -2
41 -1
42 -2
43 1
44 3
45 3
46 2
47 3
48 0
49 6
50 6
51 7
52 6
53 -6
54 -7
55 -8
56 -10
57 -5
58 -5
59 -5
60 -16
61 -10
62 -11
63 -9
64 -10
65 -11
66 -11
67 -8
68 -7
69 -7
70 -7
71 -3
72 -7
73 -11
74 -12
75 -11
76 -6
77 -6
78 -6
79 -5
80 -4
81 -2
82 -4
83 -1
84 -6
85 0
86 -5
87 -5
88 -4
89 -4
90 -3
91 1
92 4
93 4
94 1
95 1
96 3
97 2
98 6
99 6
100 8
101 4
102 5
103 4
104 0
105 1
106 3
107 2
108 2
109 3
110 -4
111 -8
112 -8
113 -5
114 -6
115 -2
116 -2
117 -3
118 0
119 0
120 2
121 1
122 3
123 1
124 -2
125 -4
126 -1
127 0
128 2
129 2
130 5
131 7
132 6
133 6
134 2
135 3
136 3
137 12
138 11
139 8
140 7
141 7
142 5
143 5
144 4
145 10
146 11
147 17
148 16
149 20
150 19
151 20
152 20
153 17
154 11
155 7
156 6
157 6
158 3
159 2
160 3
161 2
162 1
163 0
164 0
165 -4
166 -1
167 -2
168 -1
169 5
170 2
171 4
172 4
173 5
174 5
175 4
176 2
177 0
178 -1
179 -3
180 -2
181 0
182 1
183 -2
184 1
185 2
186 0
187 -2
188 2
189 4
190 5
191 13
192 11
193 12
194 11
195 7
196 13
197 11
198 8
199 7
200 7
201 10
202 4
203 2
204 1
205 1
206 6
207 7
208 9
209 7
210 6
211 13
212 5
213 5
214 4
215 4
216 5
217 8
218 8
219 7
220 10
221 16
222 13
223 15
224 13
225 9
226 6
227 4
228 6
229 5
230 6
231 6
232 7
233 6
234 7
235 7
236 7
237 5
238 6
239 -2
240 1
241 2
242 2
243 5
244 5
245 4
246 11
247 10
248 12
249 16
250 14
251 18
252 17
253 18
254 15
255 14
