0 3
1 4
2 -1
3 1
4 -1
5 -3
6 -4
7 -3
8 -3
9 -6
10 -7
11 -8
12 -7
13 -7
14 0
15 1
16 -1
17 -1
18 -4
19 -5
20 -6
21 -5
22 2
23 -4
24 -9
25 -4
26 -2
27 -2
28 5
29 0
30 -2
31 0
32 4
33 6
34 1
35 -1
36 7
37 5
38 -1
39 -6
40 -3
41 -2
42 -2
43 4
44 -5
45 -7
46 -5
47 -2
48 -3
49 -1
50 -2
51 -1
52 -1
53 -4
54 -4
55 -4
56 -2
57 -2
58 4
59 1
60 3
61 0
62 -2
63 1
64 -1
65 1
66 1
67 3
68 1
69 -2
70 -6
71 1
72 4
73 2
74 4
75 2
76 1
77 0
78 0
79 2
80 2
81 4
82 1
83 -2
84 -2
85 3
86 1
87 -1
88 1
89 1
90 1
91 5
92 3
93 4
94 -5
95 -5
96 0
97 -3
98 -10
99 -10
100 -10
101 -9
102 -2
103 1
104 -3
105 -2
106 -5
107 -5
108 -3
109 -3
110 -5
111 -7
112 -3
113 -7
114 -4
115 3
116 2
117 3
118 3
119 2
120 -2
121 -1
122 3
123 0
124 1
125 -5
126 0
127 0
128 -2
129 11
130 2
131 -2
132 -4
133 0
134 11
135 10
136 15
137 13
138 6
139 0
140 1
141 -3
142 -2
143 -1
144 -5
145 -9
146 -1
147 -2
148 3
149 2
150 0
151 -4
152 -3
153 -7
154 -4
155 1
156 1
157 2
158 1
159 -1
160 -1
161 1
162 1
163 5
164 5
165 7
166 1
167 -5
168 -4
169 -4
170 6
171 2
172 2
173 2
174 -1
175 -2
176 -1
177 -2
178 -1
179 -1
180 3
181 3
182 0
183 3
184 1
185 2
186 5
187 5
188 7
189 6
190 11
191 7
192 0
193 1
194 1
195 2
196 1
197 5
198 2
199 2
200 2
201 2
202 7
203 7
204 0
205 -8
206 -4
207 -3
208 0
209 -2
210 -3
211 0
212 5
213 0
214 -2
215 -8
216 4
217 3
218 3
219 3
220 -1
221 -1
222 2
223 2
224 2
225 2
226 2
227 2
228 5
229 6
230 3
231 2
232 4
233 2
234 -3
235 -3
236 -1
237 2
238 1
239 5
240 3
241 1
242 -1
243 -1
244 -4
245 -6
246 -5
247 -4
248 -3
249 -3
250 0
251 1
252 6
253 11
254 8
255 -1
