0 18
1 12
2 8
3 5
4 10
5 13
6 14
7 28
8 28
9 36
10 39
11 37
12 39
13 39
14 41
15 43
16 49
17 44
18 31
19 24
20 23
21 23
22 23
23 22
24 23
25 21
26 18
27 17
28 8
29 17
30 20
31 6
32 16
33 15
34 27
35 32
36 35
37 34
38 44
39 43
40 40
41 40
42 40
43 45
44 26
45 33
46 35
47 37
48 34
49 33
50 18
51 16
52 20
53 21
54 14
55 17
56 15
57 17
58 23
59 28
60 31
61 32
62 26
63 33
64 30
65 27
66 37
67 34
68 32
69 32
70 24
71 22
72 19
73 19
74 20
75 26
76 24
77 30
78 25
79 20
80 27
81 30
82 36
83 41
84 39
85 37
86 32
87 33
88 38
89 36
90 31
91 30
92 24
93 30
94 34
95 36
96 36
97 33
98 36
99 35
100 30
101 23
102 25
103 25
104 28
105 25
106 33
107 28
108 32
109 28
110 26
111 25
112 24
113 31
114 31
115 30
116 30
117 31
118 30
119 31
120 40
121 35
122 35
123 25
124 28
125 27
126 28
127 23
128 26
129 26
130 26
131 28
132 28
133 29
134 31
135 28
136 23
137 23
138 25
139 29
140 16
141 8
142 8
143 14
144 13
145 13
146 15
147 14
148 7
149 -3
150 -3
151 -3
152 -2
153 -2
154 -3
155 -1
156 0
157 1
158 1
159 1
160 -10
161 -13
162 -12
163 -16
164 -12
165 -12
166 -12
167 -17
168 -16
169 -18
170 -15
171 -17
172 -16
173 -16
174 -14
175 -12
176 -8
177 -17
178 -21
179 -19
180 -23
181 -30
182 -31
183 -30
184 -33
185 -40
186 -40
187 -37
188 -39
189 -32
190 -31
191 -23
192 -24
193 -25
194 -34
195 -35
196 -39
197 -40
198 -40
199 -40
200 -42
201 -46
202 -36
203 -32
204 -32
205 -22
206 -23
207 -20
208 -22
209 -7
210 8
211 8
212 6
213 10
214 18
215 17
216 20
217 23
218 23
219 18
220 10
221 5
222 3
223 6
224 8
225 15
226 21
227 17
228 23
229 22
230 22
231 35
232 28
233 28
234 28
235 15
236 18
237 18
238 17
239 9
240 11
241 5
242 5
243 18
244 23
245 31
246 34
247 32
248 39
249 30
250 26
251 23
252 23
253 23
254 24
255 27
