0 -3
1 2
2 4
3 2
4 3
5 8
6 9
7 9
8 7
9 5
10 -6
11 -3
12 -1
13 -1
14 -2
15 -2
16 -3
17 -2
18 -2
19 0
20 -2
21 -3
22 -6
23 -5
24 -5
25 -9
26 -5
27 1
28 -3
29 -3
30 -6
31 -8
32 -8
33 -8
34 -7
35 -8
36 -7
37 -5
38 -9
39 -10
40 -14
41 -13
42 -13
43 -12
44 -10
45 -13
46 -13
47 -8
48 -7
49 -2
50 2
51 1
52 6
53 6
54 1
55 15
56 14
57 25
58 28
59 28
60 27
61 28
62 18
63 17
64 14
65 14
66 19
67 19
68 16
69 13
70 12
71 4
72 14
73 10
74 18
75 17
76 17
77 19
78 13
79 17
80 21
81 13
82 6
83 4
84 4
85 -1
86 0
87 5
88 5
89 5
90 9
91 4
92 -2
93 1
94 2
95 2
96 3
97 5
98 10
99 11
100 5
101 6
102 6
103 5
104 6
105 4
106 5
107 3
108 9
109 9
110 9
111 21
112 24
113 24
114 24
115 18
116 18
117 15
118 5
119 5
120 7
121 9
122 11
123 15
124 18
125 19
126 17
127 17
128 26
129 32
130 46
131 34
132 29
133 28
134 26
135 17
136 18
137 19
138 20
139 16
140 19
141 28
142 22
143 21
144 1
145 7
146 9
147 11
148 6
149 15
150 20
151 21
152 20
153 25
154 24
155 22
156 22
157 22
158 22
159 19
160 21
161 17
162 6
163 9
164 11
165 9
166 10
167 11
168 7
169 8
170 6
171 -1
172 0
173 0
174 1
175 -5
176 -8
177 -11
178 -15
179 -7
180 -5
181 2
182 -1
183 -2
184 8
185 11
186 3
187 6
188 -1
189 3
190 0
191 2
192 2
193 3
194 3
195 3
196 0
197 1
198 1
199 8
200 -6
201 -11
202 -6
203 -12
204 -14
205 -15
206 -12
207 -12
208 -7
209 -16
210 -13
211 -13
212 -18
213 -14
214 -17
215 -22
216 -18
217 -20
218 -17
219 -19
220 -24
221 -25
222 -25
223 -12
224 -14
225 -14
226 -14
227 -14
228 -13
229 -10
230 -10
231 -6
232 -5
233 -22
234 -15
235 -4
236 -4
237 -12
238 -12
239 -13
240 -14
241 -17
242 -19
243 -19
244 -19
245 -20
246 -13
247 -14
248 -9
249 -10
250 -5
251 -4
252 -5
253 -3
254 -6
255 -3
