0 5
1 7
2 -1
3 -6
4 -16
5 -15
6 -16
7 -16
8 -33
9 -34
10 -31
11 -26
12 -24
13 -24
14 -23
15 -29
16 -27
17 -21
18 -21
19 -21
20 -22
21 -24
22 -22
23 -22
24 -23
25 -23
26 -16
27 -12
28 -11
29 -12
30 -13
31 -13
32 -12
33 -10
34 -11
35 -11
36 3
37 5
38 4
39 5
40 7
41 8
42 4
43 7
44 6
45 5
46 2
47 2
48 4
49 5
50 6
51 6
52 4
53 2
54 3
55 -5
56 -12
57 -12
58 -9
59 -8
60 -9
61 -8
62 -11
63 -12
64 -5
65 -6
66 -6
67 -10
68 -12
69 -14
70 -7
71 -10
72 -10
73 -10
74 -5
75 5
76 5
77 5
78 6
79 10
80 3
81 0
82 0
83 -1
84 0
85 0
86 0
87 0
88 1
89 -2
90 1
91 -5
92 -2
93 -2
94 -3
95 0
96 1
97 3
98 1
99 0
100 1
101 -1
102 -1
103 2
104 3
105 -2
106 -2
107 0
108 2
109 -1
110 3
111 6
112 7
113 5
114 6
115 5
116 11
117 24
118 24
119 24
120 25
121 21
122 27
123 29
124 30
125 27
126 27
127 28
128 27
129 23
130 24
131 26
132 26
133 24
134 20
135 21
136 25
137 25
138 23
139 27
140 26
141 27
142 29
143 28
144 28
145 28
146 32
147 31
148 21
149 22
150 28
151 23
152 23
153 23
154 23
155 26
156 28
157 35
158 35
159 33
160 33
161 33
162 35
163 40
164 40
165 37
166 39
167 36
168 36
169 37
170 41
171 45
172 47
173 51
174 43
175 48
176 42
177 42
178 41
179 41
180 40
181 38
182 37
183 36
184 36
185 36
186 33
187 32
188 31
189 31
190 28
191 26
192 26
193 26
194 25
195 26
196 24
197 28
198 24
199 25
200 24
201 21
202 23
203 24
204 26
205 24
206 21
207 22
208 22
209 21
210 24
211 21
212 20
213 22
214 20
215 18
216 16
217 12
218 12
219 12
220 13
221 17
222 16
223 14
224 15
225 19
226 19
227 16
228 10
229 12
230 16
231 20
232 20
233 12
234 10
235 10
236 6
237 6
238 3
239 3
240 1
241 -1
242 -6
243 -6
244 -4
245 -4
246 -3
247 -5
248 -4
249 -3
250 -6
251 2
252 6
253 7
254 11
255 9
