0 14
1 14
2 18
3 13
4 13
5 14
6 11
7 13
8 13
9 8
10 9
11 13
12 12
13 11
14 5
15 0
16 0
17 -8
18 -5
19 -6
20 -15
21 -11
22 -8
23 -7
24 -6
25 -8
26 -9
27 -5
28 -9
29 -8
30 5
31 6
32 11
33 15
34 15
35 21
36 22
37 22
38 24
39 22
40 20
41 24
42 23
43 18
44 17
45 18
46 10
47 8
48 12
49 10
50 7
51 -6
52 -3
53 -4
54 -3
55 -5
56 -1
57 -3
58 -1
59 -2
60 -13
61 -11
62 -14
63 -20
64 -20
65 -26
66 -30
67 -33
68 -23
69 -18
70 -14
71 -12
72 -11
73 -9
74 3
75 9
76 27
77 39
78 36
79 41
80 40
81 41
82 40
83 46
84 45
85 43
86 43
87 47
88 54
89 54
90 54
91 58
92 58
93 63
94 62
95 66
96 65
97 74
98 77
99 75
100 76
101 69
102 73
103 78
104 78
105 77
106 75
107 79
108 79
109 85
110 81
111 90
112 87
113 87
114 89
115 85
116 83
117 82
118 80
119 77
120 77
121 76
122 78
123 79
124 82
125 75
126 81
127 83
128 79
129 78
130 77
131 76
132 79
133 84
134 89
135 90
136 89
137 86
138 88
139 88
140 89
141 80
142 86
143 83
144 73
145 73
146 74
147 77
148 58
149 58
150 55
151 54
152 51
153 49
154 50
155 53
156 47
157 47
158 43
159 37
160 47
161 48
162 48
163 48
164 52
165 63
166 64
167 64
168 67
169 52
170 47
171 46
172 48
173 39
174 35
175 31
176 30
177 27
178 27
179 24
180 28
181 16
182 13
183 0
184 -2
185 -1
186 -4
187 0
188 -1
189 -4
190 2
191 0
192 8
193 5
194 7
195 7
196 7
197 5
198 3
199 3
200 1
201 -1
202 2
203 3
204 7
205 15
206 18
207 18
208 9
209 8
210 4
211 5
212 5
213 4
214 -2
215 0
216 1
217 6
218 7
219 9
220 9
221 14
222 12
223 14
224 3
225 -3
226 -1
227 4
228 3
229 10
230 10
231 15
232 16
233 12
234 7
235 7
236 9
237 14
238 23
239 21
240 20
241 19
242 27
243 20
244 7
245 8
246 7
247 5
248 12
249 16
250 16
251 8
252 16
253 18
254 18
255 20
