0 0
1 4
2 0
3 -2
4 -1
5 -8
6 -9
7 -5
8 -3
9 -3
10 -5
11 -2
12 5
13 1
14 -3
15 -2
16 1
17 3
18 5
19 7
20 7
21 11
22 3
23 2
24 0
25 0
26 1
27 3
28 3
29 1
30 0
31 -3
32 -1
33 0
34 0
35 3
36 3
37 0
38 -1
39 -5
40 -6
41 -7
42 -3
43 8
44 -4
45 3
46 7
47 0
48 4
49 4
50 -1
51 2
52 0
53 -5
54 -5
55 -4
56 -2
57 -2
58 0
59 9
60 5
61 7
62 5
63 1
64 1
65 -5
66 -4
67 -4
68 -4
69 -6
70 0
71 0
72 -2
73 0
74 2
75 6
76 8
77 8
78 6
79 1
80 3
81 -4
82 -1
83 -4
84 -3
85 -3
86 0
87 1
88 5
89 -5
90 -1
91 5
92 1
93 2
94 3
95 3
96 5
97 5
98 1
99 -2
100 -4
101 3
102 6
103 5
104 7
105 3
106 4
107 1
108 1
109 0
110 -7
111 -8
112 -11
113 -6
114 -2
115 -3
116 -2
117 -3
118 -3
119 -5
120 -2
121 0
122 1
123 1
124 1
125 3
126 0
127 1
128 -6
129 -2
130 -2
131 -3
132 -4
133 -3
134 -4
135 -2
136 1
137 1
138 1
139 2
140 4
141 4
142 3
143 1
144 3
145 0
146 -4
147 -8
148 -13
149 -8
150 -5
151 -7
152 -9
153 -1
154 0
155 0
156 -1
157 -3
158 -2
159 1
160 1
161 1
162 -3
163 4
164 0
165 0
166 0
167 -4
168 -5
169 -4
170 -4
171 -1
172 1
173 -1
174 -2
175 4
176 5
177 2
178 1
179 3
180 3
181 3
182 3
183 6
184 6
185 3
186 2
187 6
188 10
189 11
190 2
191 0
192 -1
193 0
194 -5
195 -4
196 16
197 7
198 5
199 5
200 0
201 3
202 15
203 8
204 1
205 0
206 1
207 6
208 6
209 3
210 3
211 3
212 4
213 5
214 -1
215 3
216 7
217 7
218 10
219 2
220 3
221 1
222 -4
223 -3
224 -4
225 -1
226 -4
227 -2
228 -1
229 -1
230 3
231 2
232 2
233 -5
234 -1
235 0
236 1
237 -4
238 -2
239 1
240 2
241 0
242 3
243 4
244 3
245 13
246 12
247 5
248 1
249 12
250 6
251 1
252 -2
253 -3
254 4
255 2
