0 0
1 1
2 0
3 0
4 1
5 1
6 1
7 1
8 1
9 2
10 0
11 1
12 0
13 1
14 0
15 0
16 0
17 0
18 -3
19 -1
20 0
21 0
22 -1
23 1
24 1
25 1
26 1
27 0
28 0
29 -2
30 -3
31 -2
32 -2
33 -1
34 1
35 1
36 0
37 0
38 0
39 0
40 0
41 0
42 0
43 0
44 0
45 0
46 -1
47 -1
48 0
49 3
50 3
51 1
52 5
53 1
54 0
55 0
56 0
57 -1
58 0
59 -1
60 -1
61 -1
62 0
63 2
64 2
65 1
66 1
67 0
68 0
69 1
70 1
71 1
72 1
73 -1
74 0
75 0
76 -3
77 -5
78 -3
79 -1
80 -2
81 1
82 0
83 0
84 0
85 0
86 -1
87 0
88 -1
89 -2
90 -2
91 -2
92 -2
93 -1
94 1
95 1
96 1
97 1
98 0
99 1
100 2
101 3
102 0
103 0
104 0
105 0
106 0
107 0
108 -1
109 -2
110 -3
111 -3
112 -1
113 0
114 0
115 0
116 0
117 0
118 -1
119 -1
120 -1
121 -1
122 0
123 0
124 0
125 0
126 -1
127 -1
128 -1
129 -1
130 0
131 0
132 0
133 1
134 1
135 2
136 2
137 0
138 0
139 -1
140 -1
141 1
142 1
143 1
144 1
145 1
146 1
147 1
148 1
149 1
150 -1
151 -1
152 0
153 0
154 0
155 1
156 1
157 0
158 -2
159 0
160 0
161 -1
162 0
163 -3
164 0
165 -1
166 1
167 1
168 0
169 -5
170 -4
171 -4
172 -2
173 -2
174 2
175 2
176 1
177 -1
178 -1
179 0
180 -1
181 -2
182 0
183 2
184 0
185 -1
186 -1
187 -1
188 -1
189 1
190 0
191 1
192 1
193 2
194 2
195 2
196 0
197 0
198 0
199 0
200 0
201 1
202 1
203 1
204 1
205 1
206 1
207 0
208 1
209 1
210 1
211 2
212 -1
213 -3
214 -2
215 -1
216 0
217 1
218 1
219 1
220 1
221 0
222 0
223 0
224 1
225 1
226 1
227 0
228 2
229 3
230 1
231 1
232 0
233 0
234 -2
235 0
236 0
237 0
238 0
239 0
240 0
241 1
242 2
243 2
244 0
245 1
246 0
247 0
248 1
249 2
250 0
251 0
252 0
253 0
254 0
255 1
