0 2
1 2
2 3
3 0
4 0
5 1
6 0
7 -3
8 1
9 4
10 4
11 7
12 -2
13 0
14 0
15 -5
16 -4
17 -3
18 -2
19 1
20 3
21 4
22 7
23 0
24 0
25 0
26 -4
27 -1
28 -2
29 -1
30 1
31 0
32 -1
33 2
34 0
35 -2
36 -4
37 0
38 0
39 -2
40 -2
41 1
42 -2
43 -4
44 -5
45 0
46 -6
47 1
48 -7
49 -6
50 -2
51 -3
52 -6
53 -4
54 -3
55 3
56 -5
57 -4
58 -3
59 -1
60 0
61 0
62 3
63 4
64 1
65 -2
66 -2
67 -3
68 -2
69 -3
70 -5
71 -3
72 -5
73 0
74 -1
75 -2
76 -3
77 -2
78 -1
79 0
80 3
81 0
82 3
83 3
84 -1
85 -1
86 -1
87 -2
88 -2
89 -2
90 -3
91 -5
92 -2
93 2
94 -1
95 0
96 0
97 2
98 1
99 3
100 2
101 2
102 -6
103 -1
104 1
105 -1
106 2
107 2
108 -1
109 0
110 -1
111 1
112 -4
113 0
114 1
115 1
116 -6
117 -8
118 -3
119 -1
120 -2
121 1
122 1
123 3
124 2
125 0
126 1
127 1
128 0
129 -4
130 -3
131 -6
132 -4
133 -7
134 -11
135 1
136 1
137 1
138 1
139 2
140 -1
141 -1
142 -2
143 -1
144 -3
145 -3
146 -1
147 0
148 3
149 1
150 3
151 2
152 13
153 1
154 1
155 1
156 0
157 0
158 1
159 -5
160 -4
161 -7
162 -1
163 2
164 -1
165 0
166 1
167 2
168 -1
169 -2
170 -1
171 -1
172 -2
173 -2
174 -6
175 1
176 5
177 1
178 4
179 5
180 6
181 -3
182 -4
183 -1
184 -2
185 -1
186 -5
187 2
188 0
189 0
190 2
191 4
192 -2
193 0
194 1
195 -2
196 -3
197 2
198 3
199 2
200 2
201 4
202 4
203 4
204 1
205 -3
206 -3
207 -3
208 -2
209 -4
210 -1
211 -4
212 -5
213 -4
214 2
215 3
216 2
217 3
218 2
219 -3
220 -4
221 2
222 2
223 0
224 0
225 2
226 3
227 6
228 0
229 3
230 10
231 6
232 1
233 -2
234 0
235 -7
236 -6
237 -3
238 -2
239 2
240 2
241 3
242 3
243 2
244 2
245 1
246 1
247 1
248 -2
249 0
250 2
251 3
252 4
253 4
254 3
255 2
