0 6
1 7
2 7
3 7
4 7
5 11
6 6
7 6
8 3
9 5
10 3
11 3
12 -1
13 0
14 0
15 -4
16 -3
17 -4
18 -4
19 -4
20 -8
21 -8
22 -9
23 -7
24 -8
25 -6
26 -12
27 -13
28 -14
29 -13
30 -10
31 -10
32 -5
33 0
34 -1
35 0
36 4
37 4
38 5
39 5
40 5
41 5
42 5
43 7
44 8
45 13
46 16
47 19
48 15
49 10
50 13
51 13
52 15
53 19
54 21
55 19
56 15
57 16
58 14
59 17
60 15
61 14
62 14
63 12
64 10
65 11
66 10
67 11
68 9
69 10
70 11
71 10
72 12
73 12
74 14
75 17
76 17
77 22
78 22
79 20
80 20
81 19
82 19
83 15
84 16
85 16
86 16
87 18
88 12
89 17
90 17
91 19
92 21
93 20
94 24
95 19
96 21
97 17
98 18
99 21
100 17
101 17
102 18
103 22
104 23
105 26
106 28
107 30
108 30
109 29
110 29
111 24
112 24
113 23
114 23
115 19
116 15
117 15
118 17
119 17
120 23
121 23
122 21
123 20
124 19
125 20
126 21
127 19
128 17
129 16
130 17
131 16
132 14
133 13
134 11
135 11
136 8
137 10
138 9
139 9
140 15
141 14
142 14
143 16
144 18
145 17
146 15
147 16
148 13
149 9
150 6
151 7
152 6
153 8
154 6
155 4
156 4
157 -3
158 -3
159 -3
160 2
161 4
162 8
163 10
164 12
165 12
166 12
167 13
168 11
169 6
170 11
171 10
172 8
173 9
174 10
175 11
176 9
177 11
178 12
179 12
180 7
181 9
182 6
183 17
184 23
185 23
186 21
187 20
188 23
189 20
190 21
191 25
192 25
193 28
194 24
195 23
196 25
197 25
198 29
199 32
200 35
201 34
202 35
203 38
204 33
205 32
206 33
207 33
208 34
209 33
210 30
211 32
212 32
213 32
214 37
215 34
216 33
217 34
218 41
219 41
220 44
221 43
222 41
223 40
224 42
225 39
226 44
227 36
228 32
229 37
230 36
231 36
232 32
233 33
234 31
235 29
236 29
237 24
238 26
239 18
240 18
241 17
242 15
243 9
244 4
245 4
246 8
247 4
248 6
249 6
250 14
251 13
252 3
253 3
254 2
255 2
