0 16
1 13
2 14
3 15
4 15
5 21
6 20
7 22
8 22
9 21
10 18
11 17
12 14
13 14
14 12
15 7
16 9
17 12
18 15
19 19
20 22
21 23
22 23
23 23
24 22
25 16
26 14
27 14
28 15
29 16
30 14
31 13
32 13
33 16
34 17
35 16
36 16
37 22
38 21
39 23
40 23
41 21
42 15
43 14
44 11
45 12
46 12
47 17
48 17
49 17
50 24
51 23
52 22
53 21
54 19
55 16
56 16
57 17
58 16
59 13
60 14
61 16
62 8
63 1
64 5
65 6
66 9
67 11
68 9
69 10
70 10
71 10
72 3
73 4
74 2
75 2
76 2
77 4
78 10
79 6
80 5
81 5
82 9
83 9
84 9
85 6
86 6
87 3
88 3
89 5
90 11
91 6
92 5
93 5
94 -6
95 -3
96 -5
97 4
98 3
99 4
100 1
101 0
102 2
103 4
104 1
105 4
106 3
107 5
108 5
109 8
110 4
111 5
112 5
113 -2
114 2
115 2
116 3
117 3
118 2
119 -2
120 -2
121 -7
122 -7
123 -4
124 -2
125 -4
126 -5
127 -8
128 -10
129 -10
130 -6
131 -6
132 -5
133 -6
134 -5
135 -2
136 -2
137 -2
138 0
139 2
140 1
141 1
142 0
143 -2
144 -1
145 -1
146 -3
147 -1
148 -1
149 -2
150 -2
151 -2
152 0
153 -1
154 -3
155 -4
156 -6
157 0
158 -4
159 -4
160 -4
161 -4
162 -2
163 -1
164 -7
165 -13
166 -15
167 -18
168 -15
169 -14
170 -13
171 -16
172 -13
173 -12
174 -9
175 -10
176 -9
177 -8
178 -8
179 -9
180 -13
181 -14
182 -14
183 -14
184 -15
185 -12
186 -14
187 -14
188 -16
189 -10
190 -10
191 -9
192 -12
193 -12
194 -11
195 -10
196 -9
197 -17
198 -23
199 -23
200 -17
201 -15
202 -16
203 -12
204 -17
205 -17
206 -17
207 -13
208 -13
209 -14
210 -16
211 -12
212 -11
213 -10
214 -9
215 -10
216 -7
217 -11
218 -11
219 -16
220 -11
221 -14
222 -9
223 -7
224 -10
225 -11
226 -12
227 -10
228 -12
229 -16
230 -14
231 -13
232 -13
233 -13
234 -12
235 -9
236 -8
237 -8
238 -5
239 -5
240 -7
241 -8
242 -1
243 2
244 2
245 3
246 10
247 8
248 8
249 8
250 7
251 8
252 9
253 10
254 10
255 16
