0 -3
1 -4
2 -4
3 -7
4 -6
5 -5
6 -1
7 -3
8 -5
9 -7
10 -7
11 -7
12 -9
13 -4
14 -3
15 -3
16 2
17 2
18 1
19 1
20 0
21 -3
22 -4
23 1
24 -1
25 -1
26 -1
27 -6
28 -1
29 1
30 0
31 0
32 -1
33 0
34 3
35 2
36 1
37 -4
38 -6
39 2
40 1
41 -1
42 -1
43 -1
44 1
45 -3
46 -3
47 -6
48 -13
49 -13
50 -13
51 -16
52 -17
53 -16
54 -11
55 -10
56 -6
57 -6
58 -6
59 -6
60 -5
61 -5
62 -4
63 -4
64 -6
65 -10
66 -6
67 -5
68 -3
69 -1
70 0
71 0
72 3
73 -1
74 3
75 -4
76 2
77 0
78 2
79 -1
80 -1
81 5
82 -1
83 -1
84 0
85 3
86 0
87 6
88 4
89 9
90 5
91 4
92 1
93 2
94 3
95 3
96 8
97 8
98 8
99 6
100 6
101 4
102 3
103 3
104 2
105 -2
106 -2
107 -4
108 -3
109 -2
110 -8
111 -2
112 -1
113 1
114 0
115 -2
116 -2
117 -1
118 -1
119 0
120 0
121 0
122 3
123 0
124 -2
125 0
126 6
127 4
128 5
129 6
130 6
131 6
132 4
133 1
134 1
135 2
136 3
137 -1
138 2
139 2
140 4
141 1
142 3
143 15
144 15
145 19
146 19
147 21
148 24
149 26
150 27
151 26
152 26
153 27
154 26
155 28
156 28
157 26
158 22
159 22
160 20
161 22
162 22
163 21
164 20
165 21
166 23
167 37
168 35
169 32
170 33
171 33
172 31
173 17
174 19
175 21
176 24
177 24
178 26
179 27
180 19
181 15
182 16
183 15
184 13
185 14
186 14
187 9
188 11
189 8
190 8
191 8
192 7
193 1
194 2
195 1
196 -1
197 -1
198 1
199 -4
200 -5
201 -3
202 -3
203 1
204 2
205 2
206 4
207 6
208 5
209 2
210 0
211 -2
212 -1
213 -1
214 0
215 -1
216 0
217 5
218 -9
219 -8
220 -4
221 -1
222 2
223 2
224 2
225 1
226 3
227 4
228 4
229 4
230 1
231 3
232 3
233 8
234 8
235 11
236 8
237 12
238 10
239 7
240 9
241 12
242 9
243 7
244 6
245 2
246 2
247 1
248 -3
249 1
250 -2
251 -2
252 -7
253 -3
254 -4
255 -3
