0 -11
1 -9
2 -11
3 -11
4 -11
5 -11
6 -12
7 -12
8 -12
9 -12
10 -12
11 -11
12 -12
13 -11
14 -12
15 -11
16 -11
17 -12
18 -11
19 -11
20 -12
21 -13
22 -9
23 -6
24 -6
25 -8
26 -8
27 -7
28 -9
29 -8
30 -8
31 -8
32 -5
33 -5
34 -5
35 -7
36 -6
37 -7
38 -7
39 -7
40 -5
41 -5
42 -6
43 -6
44 -2
45 -2
46 -1
47 -1
48 -1
49 -1
50 1
51 1
52 1
53 1
54 1
55 2
56 2
57 2
58 2
59 2
60 4
61 5
62 6
63 1
64 1
65 0
66 0
67 0
68 -3
69 1
70 -1
71 0
72 0
73 0
74 0
75 2
76 1
77 0
78 0
79 3
80 4
81 7
82 7
83 5
84 5
85 5
86 7
87 7
88 7
89 8
90 10
91 11
92 13
93 14
94 13
95 13
96 12
97 12
98 11
99 11
100 7
101 7
102 7
103 9
104 6
105 6
106 7
107 7
108 4
109 5
110 5
111 8
112 9
113 10
114 11
115 11
116 7
117 1
118 0
119 -1
120 -1
121 -1
122 -1
123 -2
124 -3
125 -2
126 -3
127 -3
128 -4
129 0
130 0
131 2
132 -2
133 -3
134 -3
135 -4
136 -3
137 -1
138 2
139 2
140 2
141 2
142 -1
143 -1
144 0
145 0
146 1
147 1
148 -1
149 -3
150 -2
151 -3
152 -5
153 -5
154 -5
155 -5
156 -7
157 -6
158 -6
159 -4
160 -5
161 -5
162 -6
163 -8
164 -7
165 -5
166 -6
167 -6
168 -6
169 -6
170 -5
171 -4
172 -3
173 -3
174 -3
175 -5
176 -6
177 -5
178 -5
179 -5
180 -3
181 -6
182 -6
183 -3
184 -3
185 -3
186 -3
187 -3
188 -3
189 -4
190 -4
191 -4
192 -4
193 -5
194 -5
195 -6
196 -6
197 -5
198 -4
199 -4
200 -9
201 -11
202 -10
203 -10
204 -10
205 -12
206 -11
207 -15
208 -15
209 -13
210 -16
211 -16
212 -15
213 -16
214 -16
215 -16
216 -16
217 -14
218 -13
219 -11
220 -9
221 -9
222 -10
223 -6
224 -8
225 -8
226 -11
227 -11
228 -12
229 -11
230 -11
231 -11
232 -13
233 -13
234 -12
235 -10
236 -10
237 -10
238 -11
239 -10
240 -11
241 -11
242 -11
243 -8
244 -8
245 -10
246 -10
247 -9
248 -10
249 -12
250 -12
251 -11
252 -14
253 -14
254 -13
255 -13
