0 5
1 5
2 4
3 4
4 7
5 6
6 4
7 3
8 5
9 4
10 4
11 5
12 7
13 6
14 6
15 6
16 7
17 6
18 3
19 1
20 2
21 2
22 2
23 1
24 -1
25 -1
26 -2
27 -2
28 -2
29 -1
30 -5
31 -7
32 -5
33 -6
34 -6
35 -6
36 -6
37 -6
38 -6
39 -7
40 -6
41 -2
42 -3
43 -4
44 -4
45 -4
46 -3
47 -4
48 -4
49 -4
50 -4
51 -3
52 -5
53 -3
54 0
55 -1
56 -1
57 -3
58 -2
59 -4
60 -6
61 -3
62 -2
63 3
64 3
65 3
66 3
67 3
68 4
69 6
70 9
71 9
72 9
73 7
74 7
75 5
76 6
77 7
78 8
79 7
80 7
81 2
82 2
83 1
84 1
85 0
86 1
87 1
88 0
89 4
90 4
91 4
92 3
93 3
94 3
95 3
96 2
97 4
98 4
99 3
100 4
101 4
102 5
103 5
104 5
105 3
106 2
107 2
108 3
109 1
110 1
111 -1
112 0
113 2
114 1
115 2
116 0
117 -1
118 -1
119 -2
120 -3
121 -3
122 -4
123 -4
124 -2
125 -2
126 -3
127 -3
128 -3
129 -2
130 -2
131 -2
132 -2
133 0
134 2
135 0
136 0
137 1
138 1
139 1
140 0
141 0
142 -1
143 0
144 1
145 1
146 1
147 3
148 4
149 4
150 6
151 6
152 6
153 6
154 5
155 6
156 4
157 5
158 7
159 8
160 8
161 8
162 7
163 8
164 9
165 5
166 5
167 4
168 6
169 6
170 3
171 3
172 3
173 3
174 2
175 3
176 3
177 6
178 7
179 6
180 6
181 2
182 3
183 3
184 0
185 1
186 0
187 -1
188 -1
189 -3
190 -3
191 -1
192 -1
193 0
194 -1
195 -2
196 -2
197 -2
198 -1
199 0
200 -1
201 1
202 -1
203 -2
204 0
205 1
206 1
207 2
208 4
209 1
210 1
211 3
212 3
213 2
214 4
215 3
216 4
217 4
218 3
219 3
220 3
221 1
222 1
223 1
224 0
225 0
226 -1
227 -3
228 -4
229 -3
230 -3
231 -3
232 -2
233 -1
234 0
235 1
236 2
237 1
238 0
239 0
240 0
241 0
242 1
243 2
244 2
245 2
246 2
247 3
248 5
249 4
250 7
251 6
252 6
253 5
254 5
255 5
