0 12
1 4
2 3
3 2
4 2
5 0
6 2
7 -1
8 -1
9 -2
10 6
11 3
12 7
13 3
14 1
15 1
16 12
17 7
18 3
19 -8
20 -21
21 -22
22 -20
23 -21
24 -11
25 -14
26 -21
27 -13
28 -18
29 -11
30 -12
31 -10
32 -12
33 -8
34 -15
35 -9
36 -18
37 -7
38 -12
39 -12
40 -14
41 -16
42 8
43 13
44 11
45 2
46 0
47 9
48 11
49 9
50 1
51 -1
52 -1
53 -2
54 2
55 1
56 1
57 2
58 0
59 -3
60 -3
61 7
62 10
63 7
64 9
65 -5
66 -6
67 -13
68 -3
69 -3
70 1
71 -1
72 5
73 3
74 1
75 -4
76 13
77 19
78 16
79 6
80 5
81 -1
82 3
83 2
84 -1
85 -18
86 -17
87 -18
88 -18
89 -8
90 -12
91 -9
92 -5
93 -2
94 7
95 1
96 0
97 0
98 -3
99 8
100 7
101 8
102 11
103 1
104 4
105 5
106 7
107 6
108 4
109 5
110 11
111 24
112 20
113 27
114 18
115 11
116 3
117 -1
118 -4
119 4
120 8
121 7
122 9
123 11
124 16
125 12
126 16
127 0
128 -10
129 -12
130 -14
131 0
132 5
133 3
134 2
135 4
136 5
137 3
138 2
139 -5
140 -3
141 -2
142 0
143 3
144 16
145 16
146 19
147 19
148 16
149 11
150 13
151 18
152 18
153 6
154 8
155 8
156 6
157 17
158 18
159 17
160 19
161 13
162 11
163 -4
164 -13
165 -15
166 -22
167 -18
168 -11
169 -7
170 -5
171 -4
172 -2
173 -2
174 -2
175 -2
176 6
177 5
178 6
179 2
180 -4
181 2
182 -4
183 -1
184 -5
185 -5
186 -5
187 -8
188 -4
189 -11
190 -2
191 7
192 5
193 8
194 5
195 7
196 6
197 9
198 9
199 14
200 23
201 21
202 20
203 9
204 2
205 0
206 -2
207 -5
208 1
209 2
210 -1
211 1
212 7
213 9
214 23
215 12
216 18
217 16
218 17
219 18
220 8
221 20
222 12
223 9
224 5
225 8
226 8
227 14
228 16
229 14
230 2
231 4
232 6
233 7
234 2
235 1
236 2
237 2
238 4
239 3
240 -2
241 7
242 10
243 13
244 18
245 10
246 11
247 15
248 15
249 9
250 11
251 14
252 10
253 9
254 17
255 11
