0 -1
1 1
2 4
3 6
4 2
5 0
6 2
7 2
8 4
9 2
10 5
11 5
12 -2
13 -5
14 -5
15 -4
16 -4
17 -6
18 -7
19 -10
20 -9
21 -11
22 -5
23 -7
24 -3
25 -5
26 -1
27 5
28 4
29 0
30 3
31 1
32 -3
33 2
34 4
35 5
36 -2
37 3
38 -3
39 -4
40 -6
41 -5
42 -1
43 3
44 2
45 6
46 6
47 4
48 2
49 3
50 4
51 3
52 1
53 4
54 7
55 12
56 7
57 5
58 7
59 9
60 7
61 0
62 -1
63 2
64 -4
65 1
66 -6
67 -1
68 2
69 3
70 1
71 8
72 8
73 7
74 7
75 3
76 3
77 4
78 -1
79 -1
80 7
81 7
82 7
83 6
84 3
85 6
86 10
87 0
88 -4
89 -6
90 -2
91 3
92 7
93 7
94 8
95 8
96 7
97 2
98 1
99 1
100 3
101 1
102 1
103 4
104 2
105 0
106 4
107 7
108 -1
109 -2
110 3
111 2
112 3
113 -6
114 -11
115 -11
116 -7
117 -3
118 0
119 -1
120 -1
121 -1
122 -2
123 -2
124 -1
125 0
126 -3
127 0
128 -2
129 -2
130 1
131 12
132 8
133 0
134 -1
135 1
136 2
137 2
138 1
139 0
140 1
141 8
142 2
143 2
144 1
145 -2
146 3
147 -1
148 11
149 6
150 2
151 0
152 1
153 0
154 1
155 -10
156 -15
157 -17
158 -17
159 -9
160 -3
161 0
162 2
163 3
164 2
165 3
166 1
167 0
168 -2
169 -3
170 0
171 -1
172 4
173 4
174 2
175 2
176 0
177 0
178 -1
179 -3
180 -3
181 -3
182 -1
183 -7
184 -9
185 -7
186 -6
187 -7
188 -3
189 -2
190 -4
191 -1
192 -1
193 4
194 15
195 12
196 7
197 -3
198 -2
199 -5
200 2
201 4
202 3
203 1
204 -11
205 -5
206 -7
207 0
208 0
209 1
210 1
211 -1
212 -5
213 -5
214 -4
215 0
216 11
217 10
218 10
219 6
220 0
221 5
222 -5
223 5
224 1
225 5
226 7
227 4
228 0
229 1
230 1
231 0
232 0
233 7
234 5
235 -2
236 -2
237 2
238 6
239 5
240 4
241 5
242 5
243 3
244 1
245 1
246 1
247 1
248 5
249 4
250 3
251 1
252 -3
253 1
254 1
255 -1
