0 18
1 20
2 20
3 22
4 20
5 19
6 18
7 18
8 18
9 18
10 19
11 21
12 20
13 18
14 17
15 17
16 17
17 15
18 15
19 16
20 16
21 16
22 16
23 16
24 14
25 17
26 17
27 17
28 21
29 21
30 21
31 20
32 19
33 17
34 15
35 17
36 14
37 17
38 17
39 17
40 17
41 17
42 17
43 16
44 16
45 17
46 18
47 17
48 18
49 15
50 15
51 15
52 14
53 15
54 18
55 18
56 18
57 18
58 16
59 18
60 21
61 23
62 23
63 24
64 23
65 23
66 23
67 27
68 27
69 28
70 26
71 26
72 24
73 24
74 23
75 22
76 21
77 21
78 24
79 25
80 25
81 24
82 29
83 30
84 30
85 30
86 31
87 29
88 30
89 29
90 27
91 32
92 35
93 35
94 34
95 34
96 33
97 32
98 29
99 29
100 28
101 28
102 28
103 28
104 27
105 25
106 18
107 18
108 22
109 22
110 22
111 22
112 22
113 25
114 24
115 24
116 23
117 22
118 23
119 23
120 23
121 20
122 20
123 19
124 19
125 19
126 21
127 21
128 21
129 22
130 20
131 19
132 16
133 19
134 18
135 19
136 19
137 18
138 18
139 16
140 15
141 16
142 17
143 16
144 14
145 14
146 14
147 14
148 14
149 14
150 14
151 13
152 13
153 13
154 12
155 13
156 13
157 14
158 16
159 16
160 15
161 14
162 13
163 13
164 13
165 10
166 11
167 11
168 10
169 8
170 8
171 8
172 8
173 8
174 11
175 13
176 15
177 15
178 15
179 14
180 13
181 13
182 13
183 13
184 14
185 10
186 9
187 13
188 9
189 8
190 5
191 6
192 7
193 8
194 8
195 7
196 5
197 8
198 7
199 7
200 8
201 7
202 5
203 6
204 7
205 11
206 10
207 5
208 5
209 5
210 5
211 5
212 5
213 6
214 6
215 6
216 2
217 4
218 4
219 4
220 3
221 3
222 4
223 3
224 3
225 3
226 4
227 4
228 2
229 2
230 2
231 3
232 3
233 9
234 9
235 12
236 12
237 11
238 11
239 11
240 9
241 9
242 8
243 7
244 8
245 11
246 11
247 10
248 7
249 9
250 10
251 9
252 10
253 10
254 10
255 16
