0 -15
1 -15
2 11
3 15
4 12
5 -2
6 0
7 0
8 0
9 -1
10 1
11 -5
12 -2
13 -8
14 1
15 1
16 11
17 9
18 5
19 -1
20 2
21 -5
22 -3
23 0
24 -5
25 -6
26 -5
27 0
28 0
29 1
30 3
31 4
32 17
33 6
34 7
35 6
36 6
37 3
38 1
39 4
40 1
41 1
42 1
43 7
44 3
45 3
46 7
47 13
48 16
49 -2
50 10
51 1
52 0
53 -1
54 3
55 1
56 -1
57 9
58 4
59 4
60 4
61 0
62 3
63 3
64 1
65 0
66 2
67 1
68 1
69 5
70 4
71 4
72 16
73 15
74 12
75 9
76 9
77 8
78 8
79 12
80 16
81 5
82 -2
83 -1
84 0
85 6
86 0
87 -1
88 3
89 6
90 10
91 7
92 5
93 9
94 9
95 3
96 6
97 0
98 1
99 -5
100 -1
101 -2
102 5
103 -3
104 -5
105 -5
106 -2
107 3
108 1
109 1
110 1
111 -5
112 -15
113 -10
114 -5
115 0
116 -1
117 1
118 6
119 6
120 0
121 6
122 -3
123 -2
124 -7
125 -5
126 0
127 3
128 3
129 7
130 7
131 1
132 2
133 0
134 5
135 9
136 6
137 4
138 1
139 -4
140 -3
141 -1
142 -5
143 -5
144 -3
145 -5
146 -5
147 4
148 -6
149 4
150 5
151 -2
152 2
153 3
154 -1
155 -6
156 1
157 -2
158 -2
159 2
160 4
161 3
162 12
163 7
164 4
165 -1
166 2
167 5
168 5
169 7
170 11
171 3
172 1
173 -2
174 -6
175 -6
176 -9
177 -10
178 -8
179 -5
180 4
181 0
182 1
183 -2
184 0
185 4
186 4
187 2
188 -2
189 -4
190 -8
191 -11
192 -11
193 -9
194 -3
195 -1
196 9
197 8
198 7
199 9
200 2
201 4
202 2
203 3
204 6
205 8
206 12
207 12
208 -1
209 -1
210 -1
211 6
212 -4
213 -2
214 -6
215 -3
216 -4
217 -3
218 -3
219 -12
220 1
221 -2
222 -5
223 -10
224 -10
225 -12
226 1
227 7
228 0
229 -5
230 -4
231 -6
232 7
233 4
234 3
235 3
236 -3
237 -1
238 0
239 3
240 -1
241 -3
242 -4
243 0
244 -2
245 0
246 -1
247 3
248 4
249 2
250 2
251 -1
252 -4
253 1
254 -8
255 -10
