0 2
1 2
2 0
3 0
4 -1
5 0
6 -1
7 -4
8 -1
9 2
10 2
11 2
12 2
13 2
14 1
15 1
16 0
17 0
18 4
19 3
20 3
21 4
22 5
23 6
24 5
25 5
26 5
27 4
28 4
29 4
30 5
31 6
32 7
33 9
34 7
35 5
36 2
37 -1
38 0
39 -4
40 -3
41 -4
42 -3
43 -3
44 -3
45 -4
46 -6
47 -6
48 -5
49 -5
50 -6
51 -6
52 -4
53 -4
54 -4
55 -4
56 -5
57 -6
58 -6
59 -6
60 -8
61 -6
62 -7
63 -6
64 -2
65 -3
66 -3
67 -1
68 0
69 -4
70 -4
71 -8
72 -11
73 -10
74 -11
75 -10
76 -11
77 -12
78 -12
79 -13
80 -11
81 -10
82 -8
83 -8
84 -7
85 -5
86 -3
87 -1
88 0
89 0
90 0
91 1
92 1
93 1
94 1
95 1
96 -1
97 -1
98 -1
99 5
100 6
101 3
102 4
103 3
104 2
105 4
106 8
107 9
108 13
109 13
110 8
111 3
112 1
113 -1
114 -1
115 1
116 0
117 -1
118 -5
119 -3
120 -3
121 -8
122 -7
123 -5
124 -5
125 -4
126 -4
127 -4
128 -8
129 -8
130 -8
131 -9
132 -8
133 -8
134 -9
135 -10
136 -11
137 -11
138 -10
139 -9
140 -10
141 -11
142 -7
143 -5
144 -6
145 -4
146 -4
147 -4
148 -4
149 -4
150 0
151 0
152 -1
153 0
154 -3
155 -3
156 -1
157 -1
158 -1
159 -1
160 -1
161 0
162 0
163 1
164 2
165 0
166 1
167 6
168 7
169 7
170 6
171 5
172 6
173 6
174 6
175 5
176 5
177 6
178 7
179 8
180 5
181 2
182 2
183 3
184 0
185 2
186 5
187 2
188 3
189 0
190 -1
191 2
192 2
193 5
194 7
195 7
196 6
197 5
198 7
199 6
200 7
201 7
202 3
203 0
204 -1
205 -2
206 -3
207 0
208 0
209 -1
210 -2
211 -2
212 -9
213 -11
214 -8
215 -10
216 -10
217 -9
218 -9
219 -9
220 -9
221 -9
222 -9
223 -9
224 -9
225 -9
226 -9
227 -9
228 -8
229 -7
230 -6
231 -6
232 -5
233 -5
234 -4
235 -4
236 -3
237 -3
238 -3
239 -2
240 -2
241 -4
242 -4
243 -4
244 -4
245 0
246 1
247 0
248 2
249 2
250 1
251 1
252 0
253 -4
254 -1
255 -1
