0 10
1 10
2 11
3 11
4 11
5 11
6 12
7 12
8 12
9 13
10 13
11 13
12 17
13 17
14 18
15 18
16 18
17 18
18 16
19 16
20 16
21 19
22 16
23 15
24 18
25 17
26 15
27 16
28 17
29 17
30 17
31 17
32 16
33 19
34 16
35 15
36 14
37 16
38 17
39 17
40 15
41 17
42 17
43 16
44 16
45 16
46 16
47 18
48 18
49 17
50 18
51 18
52 20
53 18
54 19
55 18
56 16
57 15
58 13
59 14
60 12
61 12
62 12
63 13
64 12
65 11
66 11
67 11
68 10
69 10
70 9
71 8
72 8
73 8
74 8
75 12
76 12
77 12
78 12
79 14
80 14
81 13
82 14
83 13
84 13
85 17
86 18
87 18
88 15
89 14
90 13
91 15
92 16
93 15
94 16
95 16
96 18
97 18
98 18
99 18
100 18
101 19
102 20
103 13
104 13
105 13
106 13
107 13
108 14
109 15
110 14
111 15
112 16
113 17
114 17
115 17
116 17
117 20
118 20
119 22
120 22
121 22
122 22
123 22
124 25
125 25
126 25
127 23
128 24
129 26
130 26
131 26
132 27
133 29
134 29
135 27
136 27
137 27
138 27
139 27
140 29
141 31
142 32
143 32
144 31
145 31
146 30
147 29
148 30
149 32
150 33
151 33
152 33
153 33
154 33
155 33
156 33
157 33
158 34
159 34
160 33
161 36
162 34
163 34
164 34
165 35
166 35
167 35
168 34
169 35
170 34
171 34
172 33
173 34
174 36
175 34
176 33
177 33
178 31
179 28
180 27
181 24
182 24
183 22
184 22
185 21
186 19
187 19
188 22
189 20
190 18
191 18
192 21
193 21
194 21
195 21
196 21
197 20
198 20
199 17
200 18
201 18
202 18
203 18
204 17
205 17
206 16
207 16
208 16
209 14
210 13
211 7
212 7
213 11
214 11
215 12
216 14
217 13
218 13
219 13
220 12
221 13
222 13
223 14
224 15
225 15
226 15
227 16
228 16
229 15
230 15
231 17
232 17
233 15
234 15
235 15
236 12
237 13
238 12
239 13
240 13
241 11
242 12
243 12
244 11
245 10
246 10
247 10
248 6
249 6
250 8
251 9
252 9
253 8
254 8
255 8
