0 -18
1 -19
2 -17
3 -17
4 -7
5 -10
6 -18
7 -12
8 -16
9 -25
10 -21
11 -22
12 -20
13 -18
14 -22
15 -19
16 -1
17 -6
18 -3
19 -2
20 -2
21 -2
22 -1
23 -5
24 -6
25 -8
26 -8
27 0
28 0
29 0
30 3
31 3
32 -10
33 -8
34 -5
35 -2
36 -8
37 -7
38 1
39 2
40 4
41 4
42 3
43 -1
44 -2
45 -3
46 -7
47 -9
48 -9
49 -4
50 -5
51 -4
52 4
53 4
54 4
55 -6
56 -4
57 -3
58 -8
59 -4
60 2
61 -4
62 -3
63 -3
64 -3
65 3
66 -2
67 -6
68 -8
69 3
70 4
71 1
72 -3
73 -3
74 6
75 2
76 6
77 2
78 -3
79 2
80 4
81 11
82 -2
83 -6
84 -8
85 -8
86 -10
87 -9
88 -11
89 -14
90 -11
91 -12
92 -22
93 -25
94 -24
95 -22
96 -23
97 -21
98 -28
99 -28
100 -25
101 -20
102 -20
103 -25
104 -19
105 -16
106 -19
107 -17
108 -24
109 -28
110 -26
111 -27
112 -27
113 -22
114 -21
115 -24
116 -24
117 -20
118 -18
119 -16
120 -18
121 -18
122 -16
123 -23
124 -22
125 -21
126 -29
127 -37
128 -36
129 -39
130 -31
131 -32
132 -23
133 -25
134 -26
135 -24
136 -23
137 -19
138 -20
139 -25
140 -24
141 -24
142 -25
143 -28
144 -24
145 -25
146 -22
147 -16
148 -16
149 -11
150 -11
151 -8
152 -7
153 -13
154 -15
155 -21
156 -16
157 -17
158 -16
159 -14
160 -13
161 -21
162 -23
163 -24
164 -27
165 -42
166 -25
167 -26
168 -30
169 -32
170 -37
171 -29
172 -32
173 -32
174 -36
175 -36
176 -38
177 -33
178 -31
179 -39
180 -35
181 -33
182 -38
183 -39
184 -41
185 -45
186 -40
187 -42
188 -40
189 -41
190 -39
191 -39
192 -40
193 -39
194 -40
195 -41
196 -33
197 -32
198 -31
199 -34
200 -37
201 -37
202 -45
203 -50
204 -50
205 -58
206 -47
207 -49
208 -49
209 -45
210 -45
211 -49
212 -53
213 -54
214 -52
215 -50
216 -51
217 -50
218 -49
219 -51
220 -39
221 -38
222 -45
223 -38
224 -28
225 -29
226 -33
227 -35
228 -42
229 -41
230 -36
231 -32
232 -11
233 -7
234 7
235 7
236 7
237 6
238 9
239 6
240 9
241 -8
242 -8
243 -6
244 -4
245 -5
246 -5
247 -7
248 -7
249 -6
250 -3
251 -3
252 -5
253 -7
254 -9
255 -18
