0 32
1 37
2 37
3 38
4 42
5 42
6 42
7 44
8 47
9 42
10 48
11 56
12 57
13 58
14 55
15 52
16 43
17 34
18 33
19 27
20 29
21 32
22 29
23 31
24 34
25 35
26 40
27 35
28 36
29 34
30 35
31 35
32 42
33 41
34 39
35 36
36 37
37 36
38 41
39 43
40 42
41 25
42 26
43 28
44 4
45 2
46 8
47 6
48 0
49 -2
50 -8
51 -6
52 -7
53 7
54 10
55 -4
56 -2
57 4
58 5
59 5
60 3
61 4
62 2
63 6
64 5
65 9
66 4
67 7
68 7
69 13
70 16
71 10
72 9
73 13
74 13
75 15
76 13
77 11
78 12
79 7
80 10
81 15
82 16
83 14
84 11
85 7
86 10
87 5
88 4
89 7
90 11
91 11
92 11
93 7
94 8
95 8
96 8
97 8
98 -1
99 -5
100 -5
101 -6
102 -6
103 7
104 8
105 8
106 14
107 17
108 15
109 15
110 18
111 18
112 15
113 12
114 16
115 14
116 14
117 16
118 19
119 20
120 15
121 23
122 22
123 24
124 24
125 17
126 21
127 20
128 29
129 25
130 31
131 35
132 35
133 43
134 45
135 46
136 45
137 48
138 48
139 52
140 53
141 55
142 57
143 56
144 46
145 44
146 42
147 41
148 42
149 45
150 49
151 67
152 66
153 66
154 61
155 61
156 59
157 61
158 60
159 57
160 58
161 59
162 59
163 62
164 57
165 50
166 44
167 31
168 30
169 29
170 30
171 21
172 23
173 26
174 25
175 19
176 18
177 18
178 16
179 17
180 14
181 17
182 23
183 28
184 30
185 27
186 21
187 26
188 32
189 30
190 32
191 27
192 28
193 27
194 26
195 23
196 25
197 25
198 25
199 24
200 32
201 36
202 34
203 32
204 32
205 30
206 30
207 30
208 30
209 25
210 21
211 21
212 17
213 33
214 34
215 32
216 14
217 17
218 23
219 28
220 25
221 27
222 27
223 29
224 30
225 30
226 30
227 33
228 42
229 37
230 33
231 37
232 27
233 22
234 23
235 25
236 29
237 33
238 25
239 27
240 28
241 28
242 26
243 37
244 38
245 40
246 34
247 35
248 44
249 44
250 37
251 33
252 23
253 24
254 30
255 34
