0 -11
1 -8
2 -4
3 -4
4 -1
5 1
6 7
7 7
8 7
9 7
10 5
11 5
12 5
13 3
14 3
15 3
16 5
17 5
18 5
19 6
20 7
21 7
22 7
23 8
24 10
25 9
26 9
27 9
28 9
29 10
30 9
31 8
32 8
33 6
34 6
35 5
36 3
37 2
38 0
39 0
40 0
41 0
42 0
43 -3
44 -2
45 -1
46 -1
47 -1
48 -1
49 2
50 0
51 0
52 0
53 0
54 -1
55 -2
56 -2
57 -2
58 -2
59 -3
60 -3
61 -3
62 -5
63 -5
64 -4
65 -7
66 -4
67 -2
68 0
69 -1
70 0
71 -1
72 -5
73 -5
74 -5
75 -5
76 -7
77 -8
78 -8
79 -9
80 -12
81 -12
82 -9
83 -9
84 -9
85 -7
86 -6
87 -7
88 -6
89 -6
90 -10
91 -10
92 -10
93 -9
94 -7
95 -7
96 -6
97 -6
98 -4
99 -5
100 -5
101 -7
102 -8
103 -7
104 -8
105 -6
106 -2
107 -2
108 -3
109 -4
110 -2
111 -2
112 -1
113 -1
114 -1
115 -1
116 -2
117 -1
118 -1
119 -1
120 0
121 -2
122 -1
123 -1
124 -3
125 -3
126 -8
127 -8
128 -8
129 -9
130 -9
131 -8
132 -10
133 -10
134 -13
135 -14
136 -15
137 -15
138 -15
139 -17
140 -17
141 -16
142 -16
143 -17
144 -18
145 -19
146 -19
147 -22
148 -20
149 -20
150 -22
151 -23
152 -22
153 -23
154 -23
155 -22
156 -18
157 -16
158 -15
159 -13
160 -13
161 -14
162 -12
163 -14
164 -14
165 -14
166 -14
167 -6
168 -6
169 -5
170 -3
171 -3
172 -4
173 -6
174 -7
175 -7
176 -6
177 -8
178 -8
179 -8
180 -8
181 -9
182 -8
183 -10
184 -11
185 -10
186 -9
187 -7
188 -7
189 -7
190 -5
191 -5
192 -5
193 -6
194 -6
195 -6
196 -6
197 -5
198 -6
199 -8
200 -8
201 -8
202 -9
203 -10
204 -13
205 -13
206 -13
207 -13
208 -16
209 -17
210 -16
211 -17
212 -15
213 -15
214 -16
215 -11
216 -11
217 -11
218 -11
219 -11
220 -11
221 -12
222 -12
223 -12
224 -9
225 -8
226 -9
227 -10
228 -11
229 -11
230 -11
231 -13
232 -10
233 -10
234 -10
235 -11
236 -12
237 -11
238 -11
239 -12
240 -10
241 -9
242 -9
243 -8
244 -7
245 -12
246 -12
247 -12
248 -10
249 -10
250 -10
251 -10
252 -9
253 -9
254 -11
255 -12
