0 0
1 -1
2 1
3 2
4 1
5 0
6 -1
7 -3
8 -6
9 -9
10 -9
11 -9
12 -7
13 -7
14 -6
15 -4
16 -5
17 -5
18 -5
19 -4
20 -3
21 -3
22 -3
23 -3
24 -3
25 -2
26 -2
27 0
28 1
29 1
30 2
31 3
32 2
33 2
34 1
35 3
36 0
37 0
38 1
39 1
40 1
41 2
42 2
43 2
44 2
45 2
46 2
47 2
48 1
49 3
50 3
51 3
52 3
53 4
54 2
55 2
56 3
57 3
58 3
59 3
60 1
61 0
62 0
63 -2
64 -3
65 -2
66 -2
67 -2
68 -2
69 -2
70 -5
71 -5
72 -6
73 -6
74 -6
75 -5
76 -5
77 -5
78 -4
79 -2
80 -2
81 -1
82 2
83 4
84 3
85 1
86 -1
87 0
88 -5
89 -5
90 -6
91 -6
92 -4
93 -1
94 -2
95 -2
96 -1
97 0
98 2
99 4
100 3
101 3
102 3
103 5
104 6
105 6
106 6
107 3
108 3
109 6
110 8
111 7
112 7
113 7
114 6
115 6
116 4
117 1
118 1
119 0
120 0
121 2
122 1
123 2
124 1
125 1
126 0
127 -1
128 -2
129 -3
130 -2
131 -2
132 -1
133 -1
134 -1
135 0
136 0
137 0
138 0
139 -3
140 -3
141 -2
142 -5
143 -3
144 -6
145 -6
146 -7
147 -7
148 -10
149 -9
150 -9
151 -11
152 -11
153 -12
154 -14
155 -15
156 -17
157 -19
158 -19
159 -15
160 -15
161 -12
162 -12
163 -15
164 -15
165 -14
166 -12
167 -12
168 -11
169 -13
170 -12
171 -11
172 -11
173 -8
174 -7
175 -7
176 -7
177 -5
178 -3
179 -2
180 -3
181 -4
182 -2
183 0
184 -5
185 -3
186 -4
187 -4
188 0
189 -1
190 0
191 3
192 3
193 3
194 -1
195 -5
196 -6
197 -1
198 -2
199 -2
200 0
201 -1
202 -3
203 -4
204 -5
205 -5
206 -4
207 -4
208 -3
209 -3
210 -5
211 -4
212 -4
213 -4
214 -3
215 -3
216 -2
217 -2
218 -1
219 -1
220 -3
221 -4
222 -4
223 -4
224 -4
225 -5
226 -2
227 -2
228 0
229 -1
230 -1
231 -2
232 -1
233 -2
234 -3
235 -5
236 -4
237 -4
238 -3
239 -2
240 -2
241 -2
242 -2
243 -1
244 -1
245 -1
246 -2
247 -3
248 -4
249 -5
250 -4
251 -4
252 -4
253 -2
254 0
255 1
