0 5
1 5
2 6
3 6
4 8
5 12
6 12
7 12
8 12
9 14
10 11
11 12
12 11
13 12
14 13
15 13
16 10
17 10
18 8
19 8
20 9
21 10
22 11
23 12
24 13
25 13
26 15
27 15
28 15
29 14
30 15
31 14
32 14
33 15
34 15
35 14
36 14
37 15
38 14
39 14
40 14
41 13
42 13
43 13
44 13
45 15
46 22
47 21
48 21
49 21
50 19
51 19
52 19
53 18
54 17
55 17
56 17
57 16
58 13
59 13
60 11
61 10
62 10
63 9
64 9
65 8
66 7
67 8
68 9
69 9
70 9
71 7
72 5
73 5
74 5
75 6
76 6
77 6
78 7
79 6
80 7
81 6
82 7
83 8
84 7
85 10
86 16
87 14
88 14
89 14
90 13
91 15
92 13
93 11
94 12
95 11
96 10
97 14
98 16
99 18
100 17
101 20
102 20
103 20
104 23
105 23
106 22
107 22
108 23
109 24
110 23
111 19
112 20
113 17
114 17
115 18
116 16
117 17
118 21
119 21
120 21
121 21
122 19
123 10
124 11
125 11
126 11
127 12
128 11
129 8
130 8
131 9
132 9
133 9
134 11
135 10
136 10
137 11
138 11
139 11
140 13
141 12
142 12
143 12
144 12
145 12
146 12
147 11
148 9
149 10
150 8
151 8
152 11
153 11
154 13
155 13
156 13
157 13
158 14
159 15
160 14
161 13
162 13
163 14
164 14
165 15
166 14
167 17
168 17
169 17
170 17
171 19
172 21
173 19
174 17
175 17
176 18
177 18
178 18
179 18
180 19
181 19
182 19
183 20
184 20
185 16
186 12
187 10
188 10
189 9
190 10
191 11
192 9
193 7
194 7
195 7
196 7
197 8
198 9
199 10
200 7
201 4
202 5
203 6
204 6
205 6
206 7
207 9
208 10
209 7
210 4
211 5
212 5
213 4
214 2
215 2
216 2
217 1
218 0
219 0
220 0
221 1
222 1
223 1
224 0
225 2
226 0
227 1
228 0
229 0
230 -2
231 -1
232 -1
233 -4
234 -4
235 -4
236 -4
237 -7
238 -5
239 -5
240 -4
241 -4
242 -4
243 -4
244 -4
245 -6
246 -7
247 -4
248 -1
249 -1
250 2
251 2
252 3
253 4
254 4
255 5
