0 -2
1 3
2 7
3 1
4 5
5 -2
6 -4
7 -7
8 0
9 -12
10 -4
11 -5
12 -2
13 2
14 -3
15 -2
16 -2
17 -4
18 -14
19 -9
20 -1
21 7
22 2
23 -2
24 -1
25 -3
26 -3
27 -4
28 1
29 0
30 -1
31 1
32 3
33 10
34 7
35 3
36 5
37 -1
38 -1
39 7
40 7
41 -2
42 -1
43 5
44 4
45 1
46 6
47 6
48 10
49 10
50 2
51 -2
52 1
53 2
54 10
55 5
56 2
57 2
58 8
59 -3
60 4
61 4
62 8
63 4
64 1
65 4
66 4
67 1
68 0
69 0
70 0
71 0
72 0
73 0
74 1
75 1
76 -3
77 -1
78 2
79 -4
80 -5
81 15
82 11
83 10
84 13
85 17
86 15
87 1
88 -5
89 0
90 -7
91 2
92 2
93 1
94 11
95 2
96 -1
97 -4
98 -1
99 0
100 0
101 2
102 5
103 5
104 -2
105 0
106 2
107 1
108 -1
109 -4
110 -4
111 -6
112 -2
113 -2
114 -3
115 -1
116 -9
117 -6
118 -5
119 2
120 0
121 2
122 3
123 1
124 1
125 4
126 -3
127 -1
128 -1
129 0
130 -2
131 -8
132 -5
133 -12
134 -6
135 -5
136 -3
137 0
138 -6
139 -7
140 1
141 -4
142 -1
143 -2
144 -2
145 -4
146 2
147 1
148 -5
149 -6
150 -5
151 -6
152 2
153 2
154 6
155 6
156 2
157 11
158 15
159 5
160 3
161 3
162 0
163 0
164 -5
165 -1
166 -1
167 4
168 1
169 0
170 2
171 9
172 9
173 8
174 5
175 12
176 2
177 -5
178 -5
179 -5
180 5
181 7
182 3
183 0
184 0
185 -1
186 -2
187 3
188 7
189 5
190 2
191 2
192 -3
193 -4
194 -2
195 -2
196 3
197 0
198 16
199 5
200 -1
201 -1
202 -4
203 -5
204 -10
205 0
206 0
207 0
208 -2
209 -1
210 -1
211 2
212 11
213 23
214 19
215 17
216 17
217 4
218 -3
219 -2
220 -2
221 -2
222 -3
223 -5
224 -5
225 0
226 0
227 -6
228 -8
229 -9
230 -11
231 -11
232 -4
233 3
234 1
235 6
236 7
237 4
238 5
239 2
240 2
241 -1
242 -1
243 2
244 2
245 3
246 8
247 7
248 5
249 5
250 1
251 -7
252 -7
253 -7
254 -12
255 -13
