0 1
1 1
2 1
3 0
4 -1
5 -1
6 -1
7 0
8 -1
9 0
10 -1
11 2
12 2
13 2
14 4
15 1
16 2
17 0
18 3
19 3
20 3
21 2
22 1
23 0
24 -1
25 1
26 0
27 -1
28 -1
29 -1
30 0
31 3
32 3
33 -2
34 -2
35 3
36 4
37 4
38 2
39 2
40 2
41 2
42 0
43 -2
44 -2
45 -2
46 1
47 2
48 2
49 4
50 5
51 5
52 5
53 4
54 4
55 4
56 4
57 3
58 3
59 4
60 4
61 4
62 3
63 3
64 4
65 3
66 3
67 2
68 1
69 2
70 1
71 2
72 2
73 2
74 4
75 2
76 2
77 2
78 4
79 5
80 4
81 5
82 3
83 5
84 5
85 2
86 4
87 3
88 2
89 2
90 2
91 1
92 5
93 5
94 5
95 4
96 3
97 2
98 1
99 3
100 3
101 3
102 2
103 2
104 1
105 1
106 1
107 1
108 5
109 3
110 3
111 2
112 3
113 2
114 2
115 2
116 2
117 1
118 5
119 1
120 1
121 0
122 1
123 1
124 -1
125 0
126 1
127 0
128 -1
129 -2
130 -3
131 -3
132 -3
133 -3
134 -2
135 -1
136 -1
137 -1
138 -1
139 1
140 1
141 0
142 2
143 3
144 0
145 2
146 3
147 4
148 2
149 2
150 2
151 -1
152 0
153 -2
154 -1
155 -2
156 -2
157 -2
158 0
159 0
160 0
161 0
162 -1
163 -1
164 0
165 1
166 0
167 1
168 -1
169 0
170 -1
171 -1
172 -1
173 1
174 0
175 0
176 3
177 3
178 3
179 1
180 1
181 1
182 1
183 1
184 0
185 2
186 2
187 3
188 3
189 3
190 2
191 -3
192 -3
193 -3
194 -4
195 -4
196 -4
197 -4
198 -3
199 -1
200 -2
201 -2
202 -1
203 -1
204 -1
205 1
206 0
207 0
208 -1
209 -1
210 1
211 0
212 -1
213 -1
214 -2
215 -1
216 -1
217 -1
218 0
219 0
220 -1
221 0
222 0
223 0
224 2
225 2
226 1
227 0
228 -1
229 0
230 0
231 -2
232 -2
233 -1
234 3
235 2
236 1
237 2
238 1
239 0
240 0
241 1
242 1
243 1
244 0
245 -2
246 -2
247 -2
248 -2
249 -2
250 -2
251 -5
252 -3
253 -3
254 -2
255 0
