0 -5
1 -5
2 -4
3 -6
4 1
5 1
6 -7
7 -8
8 3
9 2
10 1
11 3
12 5
13 7
14 4
15 12
16 7
17 4
18 0
19 1
20 6
21 0
22 -1
23 1
24 -2
25 -1
26 -2
27 -2
28 -7
29 -1
30 -1
31 1
32 7
33 7
34 4
35 3
36 3
37 3
38 7
39 7
40 7
41 7
42 7
43 6
44 3
45 0
46 -3
47 -1
48 -2
49 -3
50 5
51 6
52 5
53 8
54 8
55 -2
56 -3
57 -1
58 -2
59 -6
60 -5
61 -7
62 -7
63 -3
64 -3
65 1
66 1
67 1
68 -2
69 -6
70 -6
71 -3
72 -4
73 -5
74 -4
75 -4
76 -4
77 0
78 0
79 -3
80 0
81 -3
82 -2
83 -1
84 -1
85 0
86 0
87 -3
88 -7
89 -6
90 -5
91 -7
92 -7
93 -8
94 -8
95 -6
96 -7
97 -8
98 -9
99 -3
100 -5
101 -1
102 -2
103 -6
104 -7
105 -3
106 -3
107 -3
108 -3
109 -4
110 -4
111 -5
112 -9
113 -9
114 -6
115 -11
116 -16
117 -17
118 -19
119 -16
120 -17
121 -9
122 -11
123 -3
124 -1
125 -1
126 -2
127 -4
128 -4
129 -5
130 1
131 6
132 6
133 6
134 6
135 5
136 6
137 8
138 6
139 1
140 -4
141 -5
142 -2
143 1
144 10
145 8
146 7
147 2
148 -2
149 -1
150 5
151 7
152 5
153 8
154 4
155 15
156 10
157 9
158 9
159 8
160 3
161 3
162 -2
163 -4
164 -2
165 4
166 3
167 0
168 -5
169 -1
170 0
171 4
172 6
173 3
174 2
175 -1
176 -1
177 -1
178 0
179 1
180 -2
181 -2
182 -3
183 -4
184 -4
185 -6
186 -7
187 -7
188 -9
189 -8
190 -5
191 -7
192 -7
193 0
194 -3
195 -3
196 -4
197 -2
198 -3
199 -3
200 -2
201 -2
202 1
203 5
204 6
205 7
206 7
207 7
208 4
209 8
210 8
211 7
212 6
213 5
214 0
215 -2
216 -2
217 0
218 1
219 0
220 -3
221 -6
222 -6
223 -2
224 -1
225 -1
226 -1
227 -2
228 -1
229 -1
230 -4
231 -6
232 -5
233 -6
234 -3
235 -2
236 -2
237 5
238 8
239 9
240 6
241 6
242 2
243 3
244 2
245 3
246 2
247 -1
248 3
249 5
250 5
251 4
252 1
253 -1
254 -4
255 -7
