0 0
1 -1
2 -6
3 -2
4 -2
5 -1
6 0
7 -1
8 2
9 0
10 1
11 0
12 -1
13 -3
14 -3
15 -4
16 -2
17 -2
18 2
19 0
20 -2
21 -2
22 -1
23 1
24 0
25 0
26 -2
27 4
28 0
29 -1
30 0
31 0
32 1
33 1
34 1
35 2
36 -1
37 1
38 1
39 0
40 5
41 3
42 5
43 -1
44 -1
45 -1
46 -1
47 -2
48 0
49 1
50 1
51 1
52 2
53 0
54 -1
55 -1
56 0
57 0
58 0
59 0
60 -1
61 -1
62 -2
63 0
64 0
65 1
66 2
67 2
68 1
69 1
70 1
71 3
72 2
73 0
74 -3
75 2
76 2
77 -3
78 3
79 0
80 2
81 -2
82 0
83 0
84 1
85 1
86 1
87 1
88 1
89 1
90 0
91 5
92 1
93 2
94 3
95 2
96 0
97 1
98 -1
99 -1
100 -1
101 -2
102 -1
103 -1
104 0
105 0
106 0
107 0
108 1
109 1
110 -2
111 0
112 0
113 -2
114 0
115 1
116 0
117 0
118 0
119 1
120 3
121 2
122 4
123 1
124 0
125 -1
126 1
127 -2
128 0
129 1
130 -3
131 -5
132 -5
133 1
134 1
135 4
136 -1
137 1
138 0
139 -1
140 3
141 2
142 2
143 1
144 1
145 2
146 2
147 6
148 6
149 2
150 0
151 -1
152 -2
153 -1
154 -1
155 -2
156 -2
157 -2
158 -3
159 -4
160 -1
161 0
162 0
163 0
164 -1
165 -1
166 0
167 1
168 0
169 0
170 -1
171 -1
172 0
173 -2
174 -2
175 0
176 0
177 0
178 -1
179 -1
180 -1
181 -4
182 -2
183 -3
184 -2
185 -1
186 -1
187 0
188 -1
189 0
190 1
191 0
192 0
193 0
194 0
195 2
196 3
197 4
198 5
199 6
200 1
201 0
202 1
203 -2
204 -2
205 -4
206 -3
207 1
208 2
209 0
210 0
211 0
212 -1
213 -3
214 1
215 0
216 1
217 0
218 0
219 -5
220 -2
221 -2
222 -5
223 -2
224 0
225 0
226 1
227 2
228 4
229 4
230 3
231 1
232 1
233 0
234 -1
235 1
236 -2
237 -2
238 1
239 2
240 2
241 0
242 1
243 0
244 -1
245 0
246 1
247 4
248 1
249 3
250 0
251 0
252 0
253 0
254 0
255 3
