0 10
1 9
2 11
3 3
4 4
5 4
6 6
7 3
8 7
9 -1
10 3
11 6
12 7
13 -16
14 -15
15 -16
16 -28
17 -21
18 -21
19 -15
20 -17
21 -14
22 -15
23 -18
24 -20
25 -20
26 -16
27 -16
28 -11
29 -11
30 -12
31 -8
32 -11
33 -19
34 -17
35 -30
36 -26
37 -28
38 -33
39 -30
40 -26
41 -20
42 -17
43 -15
44 -17
45 -19
46 -20
47 -20
48 -17
49 -13
50 -11
51 -10
52 -11
53 -6
54 -5
55 -3
56 -2
57 1
58 1
59 -15
60 -14
61 -11
62 -12
63 -10
64 -9
65 -5
66 -5
67 -4
68 -2
69 -12
70 -17
71 -27
72 -27
73 -17
74 -22
75 -19
76 -16
77 -13
78 -16
79 -16
80 -17
81 -18
82 -17
83 -16
84 -17
85 -19
86 -39
87 -36
88 -32
89 -35
90 -40
91 -43
92 -43
93 -47
94 -35
95 -38
96 -37
97 -42
98 -25
99 -26
100 -27
101 -19
102 -17
103 -26
104 -16
105 -12
106 -14
107 -17
108 -23
109 -24
110 -15
111 -18
112 -22
113 -18
114 -30
115 -27
116 -19
117 -19
118 -17
119 -29
120 -27
121 -25
122 -31
123 -30
124 -29
125 -29
126 -29
127 -30
128 -35
129 -34
130 -15
131 -10
132 -11
133 -12
134 -3
135 -1
136 2
137 -3
138 12
139 10
140 14
141 14
142 15
143 13
144 9
145 11
146 4
147 4
148 4
149 10
150 10
151 9
152 15
153 23
154 23
155 21
156 22
157 16
158 17
159 18
160 18
161 19
162 23
163 22
164 12
165 8
166 13
167 6
168 8
169 6
170 -1
171 1
172 1
173 -1
174 -4
175 -4
176 3
177 2
178 6
179 10
180 4
181 3
182 3
183 -3
184 0
185 1
186 3
187 12
188 8
189 6
190 9
191 7
192 17
193 19
194 19
195 16
196 15
197 12
198 11
199 8
200 24
201 35
202 34
203 33
204 40
205 38
206 39
207 38
208 35
209 38
210 29
211 28
212 26
213 26
214 26
215 23
216 22
217 25
218 18
219 23
220 30
221 28
222 24
223 31
224 30
225 33
226 36
227 39
228 42
229 44
230 47
231 50
232 52
233 53
234 51
235 49
236 44
237 40
238 42
239 36
240 24
241 25
242 23
243 25
244 25
245 27
246 28
247 27
248 23
249 23
250 26
251 30
252 30
253 30
254 28
255 13
