0 1
1 5
2 -4
3 5
4 3
5 4
6 1
7 2
8 0
9 -1
10 -1
11 -18
12 -14
13 -15
14 -16
15 -12
16 7
17 2
18 3
19 1
20 6
21 4
22 2
23 3
24 3
25 3
26 -4
27 -5
28 -5
29 -3
30 -4
31 -3
32 3
33 -1
34 -9
35 -9
36 -9
37 -13
38 -10
39 -11
40 -11
41 -7
42 -8
43 -13
44 -11
45 -10
46 -12
47 -16
48 -8
49 0
50 -1
51 -1
52 6
53 7
54 7
55 10
56 1
57 1
58 -3
59 -4
60 -1
61 0
62 3
63 -8
64 -6
65 -5
66 -8
67 -12
68 -15
69 -21
70 -18
71 -20
72 -26
73 -19
74 -12
75 -14
76 -8
77 -6
78 -8
79 -17
80 -5
81 -5
82 -12
83 -14
84 -11
85 -7
86 -22
87 -23
88 -22
89 -22
90 -10
91 -8
92 -8
93 -9
94 -19
95 -17
96 -11
97 -9
98 -8
99 -6
100 -11
101 -15
102 -14
103 -12
104 -7
105 -15
106 -9
107 -4
108 -13
109 -11
110 -8
111 -6
112 -19
113 -19
114 -15
115 -18
116 -19
117 -20
118 -20
119 -17
120 -18
121 -20
122 -14
123 -7
124 -5
125 -1
126 6
127 11
128 14
129 5
130 3
131 0
132 -3
133 7
134 9
135 7
136 -4
137 -4
138 -12
139 -10
140 -11
141 -8
142 -7
143 -10
144 -8
145 -2
146 4
147 0
148 10
149 3
150 13
151 19
152 24
153 24
154 25
155 10
156 11
157 14
158 3
159 5
160 15
161 0
162 0
163 0
164 -3
165 3
166 4
167 -5
168 -5
169 -1
170 8
171 -1
172 -11
173 -11
174 -16
175 -14
176 -15
177 -16
178 -13
179 -7
180 3
181 -4
182 -9
183 -9
184 -3
185 -14
186 -12
187 -12
188 -10
189 3
190 11
191 10
192 11
193 9
194 5
195 3
196 5
197 0
198 2
199 5
200 5
201 5
202 10
203 15
204 15
205 8
206 11
207 14
208 10
209 -11
210 -11
211 -10
212 -18
213 -19
214 -6
215 -4
216 2
217 3
218 0
219 1
220 -1
221 0
222 1
223 -16
224 -20
225 -20
226 -28
227 -6
228 -2
229 9
230 8
231 2
232 3
233 7
234 4
235 10
236 -6
237 -5
238 -9
239 -10
240 -11
241 -13
242 -13
243 -16
244 -5
245 5
246 -2
247 12
248 12
249 14
250 0
251 -2
252 -1
253 -4
254 1
255 5
