0 -3
1 -3
2 -2
3 -3
4 7
5 2
6 2
7 1
8 2
9 4
10 6
11 8
12 8
13 5
14 4
15 8
16 2
17 1
18 0
19 -3
20 -5
21 -5
22 -5
23 1
24 3
25 5
26 5
27 4
28 2
29 1
30 3
31 4
32 -4
33 -4
34 -3
35 -3
36 -5
37 -10
38 -12
39 -8
40 -12
41 -12
42 -18
43 -18
44 -19
45 -20
46 -20
47 -20
48 -20
49 -16
50 -16
51 -20
52 -21
53 -21
54 -16
55 -19
56 -18
57 -20
58 -18
59 -17
60 -16
61 -18
62 -20
63 -18
64 -18
65 -18
66 -17
67 -15
68 -14
69 -14
70 -13
71 -9
72 -1
73 3
74 5
75 7
76 4
77 -4
78 -5
79 1
80 3
81 7
82 9
83 13
84 9
85 13
86 11
87 10
88 11
89 10
90 8
91 5
92 9
93 8
94 10
95 6
96 10
97 10
98 13
99 15
100 15
101 17
102 16
103 15
104 13
105 13
106 7
107 -7
108 -8
109 -5
110 -3
111 -4
112 -3
113 -5
114 -6
115 -7
116 -12
117 -10
118 -2
119 -1
120 -1
121 0
122 3
123 3
124 3
125 7
126 9
127 9
128 9
129 10
130 10
131 9
132 8
133 1
134 3
135 3
136 2
137 -2
138 -1
139 -2
140 0
141 4
142 4
143 1
144 1
145 -11
146 -10
147 -10
148 -9
149 -14
150 -10
151 -12
152 -10
153 -8
154 -4
155 -4
156 -4
157 -4
158 -2
159 -2
160 -3
161 -3
162 -3
163 1
164 3
165 1
166 -3
167 -2
168 3
169 5
170 10
171 9
172 9
173 11
174 6
175 6
176 6
177 15
178 18
179 19
180 15
181 12
182 5
183 5
184 3
185 2
186 3
187 3
188 -1
189 1
190 2
191 2
192 3
193 5
194 7
195 12
196 9
197 2
198 9
199 13
200 11
201 17
202 17
203 15
204 18
205 22
206 21
207 20
208 22
209 12
210 18
211 10
212 11
213 11
214 2
215 1
216 -3
217 -7
218 -13
219 -13
220 -13
221 -12
222 -12
223 -12
224 -11
225 -10
226 -11
227 -9
228 -9
229 -9
230 -9
231 -10
232 -11
233 -10
234 -11
235 -13
236 -9
237 -9
238 -7
239 -7
240 -6
241 -5
242 -6
243 -12
244 -11
245 -11
246 -10
247 -8
248 -6
249 -5
250 -8
251 -4
252 -5
253 -4
254 -6
255 -3
