0 -23
1 -23
2 -23
3 -23
4 -22
5 -18
6 -24
7 -14
8 -14
9 -12
10 -12
11 -4
12 -3
13 -6
14 -6
15 -7
16 -7
17 -7
18 -5
19 -4
20 -4
21 -3
22 -5
23 -6
24 -7
25 2
26 -2
27 -3
28 -2
29 9
30 1
31 1
32 1
33 -7
34 -7
35 -5
36 -5
37 -8
38 -9
39 -9
40 -6
41 -10
42 -9
43 -7
44 -7
45 -5
46 -4
47 -6
48 -7
49 -9
50 -13
51 -6
52 -6
53 -8
54 -7
55 -7
56 -9
57 -9
58 -12
59 -20
60 -20
61 -22
62 -22
63 -23
64 -23
65 -25
66 -28
67 -26
68 -27
69 -25
70 -15
71 -14
72 -13
73 -11
74 -9
75 -10
76 -5
77 -5
78 -5
79 -8
80 -3
81 -3
82 0
83 5
84 4
85 4
86 4
87 3
88 5
89 8
90 8
91 2
92 3
93 3
94 8
95 4
96 11
97 13
98 13
99 11
100 14
101 16
102 14
103 14
104 14
105 13
106 13
107 17
108 17
109 14
110 11
111 9
112 6
113 6
114 5
115 6
116 4
117 7
118 7
119 8
120 7
121 7
122 8
123 3
124 1
125 3
126 7
127 5
128 6
129 10
130 9
131 13
132 7
133 3
134 2
135 2
136 1
137 2
138 2
139 3
140 4
141 5
142 6
143 3
144 3
145 10
146 10
147 1
148 4
149 4
150 9
151 7
152 6
153 6
154 5
155 5
156 5
157 7
158 0
159 -1
160 5
161 8
162 6
163 8
164 5
165 -1
166 -4
167 -4
168 -3
169 0
170 1
171 1
172 0
173 3
174 6
175 7
176 6
177 4
178 5
179 8
180 8
181 9
182 12
183 8
184 13
185 12
186 5
187 6
188 15
189 14
190 15
191 28
192 29
193 30
194 18
195 16
196 16
197 16
198 6
199 8
200 2
201 -5
202 -2
203 -3
204 -4
205 -3
206 -3
207 -1
208 1
209 3
210 2
211 4
212 -5
213 -7
214 -11
215 -11
216 -14
217 -14
218 -9
219 -10
220 -8
221 -10
222 -12
223 -10
224 -9
225 -6
226 -3
227 1
228 -1
229 -1
230 -9
231 -10
232 -12
233 -12
234 -12
235 -21
236 -21
237 -19
238 -28
239 -24
240 -24
241 -24
242 -26
243 -28
244 -29
245 -28
246 -30
247 -25
248 -29
249 -30
250 -30
251 -30
252 -32
253 -26
254 -19
255 -20
