0 22
1 24
2 24
3 23
4 22
5 18
6 18
7 17
8 17
9 14
10 15
11 15
12 15
13 10
14 10
15 23
16 24
17 23
18 22
19 22
20 22
21 37
22 36
23 37
24 38
25 38
26 37
27 32
28 32
29 33
30 32
31 41
32 38
33 28
34 30
35 31
36 31
37 31
38 23
39 22
40 18
41 5
42 10
43 6
44 9
45 15
46 15
47 9
48 11
49 5
50 4
51 4
52 3
53 6
54 9
55 20
56 9
57 2
58 9
59 15
60 15
61 12
62 9
63 12
64 14
65 9
66 -14
67 -16
68 -16
69 -24
70 -23
71 -25
72 -25
73 -28
74 -19
75 -32
76 -31
77 -20
78 -20
79 -18
80 -15
81 -14
82 -7
83 -10
84 -10
85 -12
86 -5
87 -5
88 -4
89 -5
90 -12
91 -15
92 -17
93 -2
94 3
95 0
96 2
97 8
98 7
99 0
100 -3
101 -1
102 -4
103 -9
104 -13
105 -14
106 -13
107 -13
108 -17
109 -13
110 -5
111 0
112 -5
113 -6
114 -4
115 -2
116 -4
117 -4
118 -1
119 -1
120 -11
121 -13
122 -19
123 -18
124 -18
125 -14
126 -9
127 -7
128 -7
129 -6
130 -12
131 3
132 5
133 5
134 5
135 11
136 12
137 11
138 14
139 9
140 13
141 9
142 7
143 7
144 1
145 3
146 3
147 1
148 10
149 9
150 8
151 0
152 2
153 4
154 0
155 0
156 0
157 -5
158 -3
159 -2
160 -3
161 -4
162 -5
163 -12
164 -11
165 -16
166 -17
167 -12
168 -15
169 -15
170 -13
171 -15
172 -28
173 -29
174 -27
175 -30
176 -18
177 -12
178 -5
179 -1
180 -3
181 -7
182 -8
183 -8
184 -2
185 -3
186 -4
187 -2
188 -5
189 -4
190 2
191 1
192 -8
193 -11
194 -8
195 -7
196 -7
197 -5
198 -10
199 -10
200 -16
201 -25
202 -29
203 -32
204 -27
205 -18
206 -19
207 -10
208 -12
209 -12
210 -11
211 -13
212 -11
213 -7
214 -6
215 -8
216 -1
217 -3
218 -6
219 -5
220 -2
221 0
222 3
223 1
224 0
225 -10
226 -14
227 -19
228 -17
229 -20
230 -21
231 -17
232 -8
233 -4
234 -10
235 -10
236 -7
237 -4
238 -6
239 -5
240 0
241 2
242 18
243 17
244 14
245 15
246 11
247 11
248 11
249 12
250 16
251 21
252 17
253 16
254 19
255 22
