0 -3
1 -6
2 -5
3 0
4 -3
5 -4
6 -8
7 -4
8 -7
9 -7
10 -10
11 -10
12 -9
13 -3
14 -4
15 -8
16 -5
17 -15
18 -12
19 -14
20 -6
21 -6
22 -3
23 7
24 4
25 6
26 5
27 -4
28 -3
29 -4
30 -4
31 -3
32 -3
33 -7
34 -5
35 -1
36 -1
37 4
38 4
39 0
40 1
41 3
42 2
43 -4
44 -4
45 -3
46 -4
47 -5
48 -5
49 -8
50 -7
51 -7
52 4
53 3
54 -2
55 -2
56 3
57 -5
58 -4
59 -2
60 -1
61 7
62 -4
63 -1
64 -4
65 -3
66 -4
67 -1
68 3
69 3
70 1
71 2
72 4
73 14
74 6
75 1
76 2
77 -2
78 -5
79 -10
80 0
81 -3
82 -8
83 -5
84 1
85 1
86 -5
87 -6
88 -7
89 2
90 5
91 2
92 2
93 2
94 1
95 0
96 2
97 6
98 -2
99 1
100 0
101 0
102 11
103 9
104 1
105 3
106 -3
107 -3
108 2
109 3
110 3
111 1
112 -3
113 9
114 2
115 10
116 5
117 2
118 -1
119 -3
120 7
121 3
122 3
123 13
124 9
125 11
126 14
127 9
128 2
129 -8
130 -11
131 -13
132 -3
133 -2
134 -1
135 1
136 3
137 -5
138 1
139 4
140 9
141 -2
142 -4
143 -2
144 -3
145 -3
146 1
147 2
148 0
149 -3
150 -1
151 2
152 3
153 2
154 2
155 -1
156 -4
157 -2
158 -8
159 -9
160 -5
161 -8
162 -2
163 -1
164 -2
165 -4
166 -6
167 -4
168 3
169 -1
170 -3
171 3
172 -3
173 -4
174 -1
175 -1
176 2
177 7
178 7
179 -7
180 -9
181 -13
182 -8
183 -4
184 -2
185 -3
186 1
187 -6
188 -6
189 3
190 1
191 -4
192 -5
193 0
194 -10
195 -8
196 0
197 5
198 5
199 0
200 -6
201 -4
202 -5
203 -7
204 -7
205 -1
206 1
207 10
208 9
209 8
210 9
211 6
212 3
213 2
214 -6
215 -7
216 -13
217 -6
218 -6
219 -5
220 -3
221 -1
222 0
223 2
224 7
225 1
226 1
227 5
228 3
229 0
230 0
231 1
232 -18
233 -4
234 -4
235 -4
236 -4
237 0
238 -4
239 1
240 1
241 -4
242 -8
243 -7
244 -9
245 -12
246 -10
247 -7
248 -2
249 -2
250 -2
251 -3
252 -7
253 4
254 -3
255 -1
