0 -3
1 1
2 0
3 -1
4 2
5 2
6 4
7 0
8 2
9 2
10 1
11 1
12 1
13 -1
14 -4
15 4
16 1
17 1
18 1
19 2
20 0
21 -4
22 -4
23 -1
24 -1
25 -3
26 -4
27 -1
28 -5
29 -3
30 1
31 -1
32 3
33 -1
34 3
35 3
36 3
37 -2
38 -4
39 -3
40 -1
41 -1
42 -1
43 3
44 1
45 -10
46 -4
47 -5
48 -6
49 -4
50 0
51 -1
52 1
53 0
54 -1
55 -1
56 1
57 1
58 2
59 1
60 -2
61 0
62 3
63 2
64 1
65 -1
66 -3
67 1
68 4
69 6
70 -1
71 -4
72 -1
73 0
74 -1
75 -2
76 -1
77 0
78 0
79 5
80 -8
81 -3
82 -5
83 -2
84 -2
85 -2
86 0
87 4
88 1
89 0
90 -1
91 -7
92 0
93 -2
94 -1
95 0
96 2
97 6
98 8
99 2
100 0
101 -1
102 -2
103 1
104 1
105 -1
106 0
107 3
108 8
109 4
110 4
111 3
112 2
113 9
114 5
115 1
116 -2
117 -2
118 -1
119 -3
120 -6
121 -5
122 -3
123 0
124 -1
125 -5
126 -3
127 4
128 1
129 1
130 0
131 0
132 0
133 4
134 -2
135 -6
136 -3
137 -3
138 0
139 0
140 1
141 0
142 1
143 6
144 9
145 1
146 4
147 -1
148 2
149 0
150 5
151 2
152 0
153 1
154 5
155 5
156 3
157 -1
158 0
159 0
160 0
161 0
162 0
163 -1
164 3
165 5
166 6
167 6
168 5
169 8
170 9
171 -1
172 2
173 3
174 0
175 0
176 2
177 2
178 0
179 -4
180 -4
181 -1
182 -1
183 -4
184 3
185 2
186 1
187 1
188 0
189 1
190 3
191 2
192 2
193 6
194 8
195 3
196 0
197 3
198 5
199 4
200 3
201 -3
202 -4
203 -2
204 1
205 5
206 2
207 -2
208 -5
209 -6
210 -2
211 -4
212 3
213 5
214 4
215 1
216 -5
217 -5
218 -1
219 0
220 -4
221 -2
222 1
223 5
224 0
225 2
226 1
227 0
228 0
229 -1
230 2
231 1
232 1
233 -2
234 3
235 0
236 -1
237 1
238 2
239 2
240 1
241 -2
242 7
243 6
244 2
245 0
246 0
247 1
248 2
249 2
250 0
251 2
252 2
253 1
254 10
255 3
