0 -29
1 -31
2 -37
3 -36
4 -30
5 -30
6 -24
7 -24
8 -18
9 -21
10 -21
11 -20
12 -14
13 -14
14 -14
15 -11
16 -13
17 -13
18 -13
19 -9
20 -8
21 -5
22 -7
23 -8
24 -9
25 -9
26 -10
27 -5
28 -10
29 -10
30 -7
31 -7
32 -7
33 -6
34 -6
35 -8
36 -5
37 -7
38 -7
39 -2
40 -14
41 -14
42 -14
43 -9
44 -9
45 -6
46 -6
47 -4
48 -6
49 -7
50 -5
51 2
52 3
53 1
54 0
55 1
56 1
57 0
58 -4
59 -2
60 1
61 0
62 -4
63 -5
64 -7
65 -10
66 -8
67 -9
68 -11
69 -9
70 -9
71 -9
72 -4
73 -6
74 -1
75 -1
76 2
77 1
78 0
79 0
80 -8
81 -11
82 -10
83 -10
84 -10
85 -13
86 -13
87 -15
88 -18
89 -18
90 -18
91 -21
92 -17
93 -15
94 -19
95 -20
96 -20
97 -18
98 -17
99 -18
100 -13
101 -12
102 -11
103 -13
104 -14
105 -8
106 -10
107 -8
108 -11
109 -12
110 -7
111 -7
112 -9
113 -9
114 -8
115 -9
116 -13
117 -13
118 -13
119 -10
120 -9
121 -10
122 -14
123 -14
124 -15
125 -14
126 -17
127 -18
128 -14
129 -7
130 -10
131 -14
132 -14
133 -15
134 -16
135 -20
136 -20
137 -21
138 -22
139 -28
140 -28
141 -34
142 -38
143 -38
144 -35
145 -35
146 -35
147 -28
148 -27
149 -32
150 -34
151 -33
152 -31
153 -32
154 -35
155 -34
156 -32
157 -27
158 -37
159 -35
160 -28
161 -30
162 -25
163 -26
164 -24
165 -17
166 -17
167 -22
168 -19
169 -21
170 -19
171 -19
172 -20
173 -21
174 -27
175 -29
176 -34
177 -35
178 -33
179 -33
180 -31
181 -33
182 -27
183 -29
184 -26
185 -21
186 -21
187 -18
188 -17
189 -16
190 -18
191 -19
192 -20
193 -18
194 -19
195 -22
196 -30
197 -31
198 -29
199 -27
200 -25
201 -30
202 -27
203 -29
204 -29
205 -29
206 -30
207 -29
208 -32
209 -30
210 -30
211 -30
212 -28
213 -25
214 -26
215 -29
216 -27
217 -27
218 -26
219 -24
220 -24
221 -22
222 -15
223 -16
224 -13
225 -13
226 -13
227 -14
228 -18
229 -14
230 -16
231 -17
232 -17
233 -16
234 -15
235 -21
236 -18
237 -18
238 -24
239 -23
240 -24
241 -23
242 -23
243 -27
244 -26
245 -25
246 -30
247 -28
248 -28
249 -24
250 -24
251 -21
252 -25
253 -25
254 -27
255 -28
