0 189
1 191
2 191
3 191
4 191
5 188
6 185
7 184
8 184
9 183
10 181
11 186
12 184
13 184
14 184
15 184
16 182
17 182
18 173
19 171
20 172
21 175
22 168
23 165
24 165
25 165
26 160
27 160
28 162
29 159
30 165
31 165
32 164
33 162
34 167
35 165
36 163
37 160
38 160
39 157
40 159
41 160
42 157
43 160
44 159
45 160
46 163
47 162
48 164
49 161
50 160
51 161
52 160
53 166
54 169
55 168
56 165
57 166
58 166
59 166
60 169
61 167
62 169
63 168
64 163
65 167
66 169
67 169
68 166
69 166
70 167
71 166
72 165
73 164
74 166
75 168
76 169
77 168
78 168
79 166
80 163
81 165
82 163
83 160
84 160
85 165
86 164
87 166
88 164
89 162
90 161
91 163
92 160
93 159
94 160
95 158
96 158
97 154
98 151
99 150
100 152
101 157
102 159
103 159
104 160
105 160
106 161
107 158
108 167
109 166
110 166
111 166
112 173
113 175
114 173
115 163
116 167
117 168
118 169
119 168
120 168
121 165
122 159
123 158
124 160
125 162
126 162
127 163
128 159
129 163
130 160
131 160
132 159
133 157
134 167
135 166
136 162
137 164
138 154
139 154
140 143
141 146
142 152
143 153
144 152
145 153
146 151
147 154
148 154
149 157
150 151
151 151
152 147
153 148
154 149
155 148
156 148
157 147
158 153
159 152
160 152
161 156
162 155
163 157
164 153
165 157
166 159
167 160
168 162
169 164
170 165
171 164
172 164
173 171
174 169
175 172
176 167
177 163
178 161
179 163
180 163
181 164
182 178
183 174
184 172
185 176
186 175
187 178
188 178
189 183
190 184
191 181
192 174
193 173
194 176
195 181
196 184
197 183
198 186
199 185
200 185
201 190
202 188
203 184
204 181
205 181
206 182
207 183
208 183
209 182
210 181
211 177
212 179
213 171
214 162
215 163
216 163
217 171
218 170
219 171
220 169
221 167
222 166
223 165
224 166
225 165
226 174
227 175
228 174
229 174
230 174
231 174
232 174
233 174
234 175
235 175
236 182
237 181
238 181
239 178
240 178
241 181
242 181
243 185
244 180
245 180
246 184
247 182
248 185
249 182
250 183
251 184
252 184
253 182
254 180
255 181
