0 -248
1 -248
2 -247
3 -243
4 -242
5 -242
6 -242
7 -239
8 -244
9 -243
10 -246
11 -246
12 -246
13 -245
14 -240
15 -236
16 -237
17 -239
18 -236
19 -242
20 -244
21 -242
22 -240
23 -242
24 -245
25 -237
26 -237
27 -238
28 -240
29 -239
30 -239
31 -239
32 -235
33 -235
34 -234
35 -238
36 -232
37 -230
38 -225
39 -225
40 -220
41 -222
42 -223
43 -224
44 -234
45 -240
46 -240
47 -240
48 -241
49 -237
50 -232
51 -230
52 -229
53 -235
54 -240
55 -240
56 -240
57 -238
58 -241
59 -253
60 -252
61 -259
62 -261
63 -262
64 -265
65 -267
66 -268
67 -270
68 -267
69 -262
70 -258
71 -256
72 -258
73 -255
74 -253
75 -249
76 -251
77 -251
78 -250
79 -245
80 -241
81 -239
82 -239
83 -242
84 -245
85 -246
86 -235
87 -238
88 -237
89 -236
90 -239
91 -239
92 -235
93 -235
94 -232
95 -227
96 -227
97 -227
98 -226
99 -227
100 -226
101 -230
102 -231
103 -231
104 -231
105 -231
106 -229
107 -221
108 -227
109 -230
110 -230
111 -235
112 -235
113 -234
114 -235
115 -242
116 -244
117 -247
118 -249
119 -249
120 -252
121 -252
122 -252
123 -254
124 -255
125 -258
126 -255
127 -249
128 -251
129 -252
130 -251
131 -251
132 -251
133 -256
134 -259
135 -263
136 -258
137 -255
138 -255
139 -257
140 -262
141 -262
142 -257
143 -258
144 -258
145 -258
146 -263
147 -262
148 -259
149 -259
150 -254
151 -258
152 -258
153 -262
154 -265
155 -277
156 -277
157 -278
158 -282
159 -283
160 -284
161 -282
162 -284
163 -285
164 -285
165 -286
166 -286
167 -288
168 -289
169 -294
170 -296
171 -295
172 -296
173 -298
174 -299
175 -291
176 -288
177 -275
178 -278
179 -282
180 -287
181 -280
182 -279
183 -277
184 -271
185 -269
186 -262
187 -256
188 -257
189 -259
190 -259
191 -261
192 -261
193 -260
194 -260
195 -259
196 -254
197 -254
198 -254
199 -257
200 -259
201 -261
202 -262
203 -265
204 -260
205 -259
206 -258
207 -257
208 -260
209 -252
210 -255
211 -254
212 -254
213 -254
214 -258
215 -258
216 -258
217 -257
218 -258
219 -260
220 -256
221 -263
222 -266
223 -266
224 -274
225 -274
226 -270
227 -267
228 -265
229 -267
230 -263
231 -264
232 -267
233 -267
234 -264
235 -263
236 -258
237 -258
238 -254
239 -252
240 -255
241 -255
242 -249
243 -249
244 -249
245 -248
246 -248
247 -249
248 -247
249 -247
250 -247
251 -246
252 -246
253 -248
254 -245
255 -249
