0 -5
1 -6
2 -6
3 -4
4 -10
5 -12
6 -11
7 -9
8 -11
9 -11
10 -13
11 -9
12 -12
13 -11
14 -9
15 -9
16 -13
17 -16
18 -14
19 -13
20 -14
21 -14
22 -11
23 -11
24 -9
25 -9
26 -7
27 -17
28 -14
29 -13
30 -13
31 -6
32 -7
33 -7
34 -10
35 -3
36 -2
37 -1
38 3
39 3
40 6
41 12
42 9
43 10
44 10
45 14
46 18
47 19
48 19
49 15
50 13
51 14
52 13
53 10
54 9
55 9
56 11
57 11
58 9
59 9
60 7
61 15
62 10
63 16
64 16
65 18
66 10
67 7
68 6
69 4
70 14
71 14
72 13
73 12
74 13
75 15
76 14
77 13
78 16
79 9
80 7
81 7
82 5
83 7
84 3
85 5
86 2
87 1
88 2
89 -3
90 -2
91 -1
92 -8
93 -5
94 -6
95 -4
96 -1
97 -1
98 -1
99 -3
100 -6
101 -5
102 -4
103 -4
104 -5
105 -5
106 -10
107 -10
108 -4
109 3
110 5
111 5
112 5
113 5
114 4
115 6
116 8
117 2
118 6
119 -1
120 7
121 -1
122 0
123 1
124 0
125 3
126 4
127 3
128 3
129 -1
130 3
131 1
132 10
133 10
134 9
135 9
136 7
137 5
138 2
139 6
140 3
141 2
142 1
143 3
144 0
145 -1
146 2
147 2
148 4
149 3
150 0
151 0
152 -9
153 -10
154 -11
155 -10
156 -11
157 -10
158 -9
159 -8
160 -8
161 -5
162 -4
163 -2
164 -7
165 -5
166 -3
167 -3
168 -3
169 1
170 8
171 7
172 7
173 4
174 3
175 1
176 0
177 2
178 3
179 2
180 2
181 -3
182 -5
183 -5
184 -7
185 -9
186 -8
187 -4
188 -2
189 -2
190 -2
191 3
192 -1
193 3
194 2
195 -1
196 -2
197 -2
198 -2
199 -1
200 5
201 4
202 4
203 6
204 5
205 4
206 4
207 7
208 7
209 9
210 8
211 9
212 4
213 3
214 4
215 4
216 9
217 10
218 8
219 11
220 9
221 10
222 -3
223 -2
224 2
225 2
226 2
227 3
228 4
229 13
230 13
231 13
232 11
233 7
234 2
235 0
236 3
237 3
238 2
239 2
240 6
241 7
242 6
243 1
244 3
245 2
246 2
247 -4
248 -4
249 1
250 4
251 2
252 -2
253 -3
254 -7
255 -8
