0 -9
1 -9
2 -6
3 -9
4 -16
5 -7
6 -6
7 -12
8 -12
9 -3
10 -6
11 -7
12 -8
13 -6
14 -4
15 -5
16 3
17 13
18 13
19 16
20 19
21 26
22 20
23 15
24 17
25 17
26 18
27 18
28 17
29 28
30 28
31 21
32 29
33 28
34 18
35 17
36 22
37 25
38 32
39 33
40 27
41 24
42 21
43 26
44 19
45 33
46 28
47 26
48 28
49 32
50 23
51 27
52 25
53 28
54 25
55 23
56 29
57 33
58 34
59 45
60 43
61 46
62 40
63 39
64 39
65 39
66 41
67 48
68 48
69 44
70 41
71 40
72 45
73 42
74 38
75 34
76 35
77 32
78 14
79 12
80 6
81 3
82 6
83 6
84 7
85 9
86 12
87 9
88 6
89 2
90 4
91 7
92 21
93 22
94 25
95 28
96 20
97 14
98 14
99 16
100 15
101 20
102 25
103 21
104 20
105 25
106 33
107 21
108 20
109 6
110 6
111 16
112 14
113 2
114 9
115 9
116 9
117 2
118 1
119 0
120 -5
121 -6
122 -7
123 -9
124 -10
125 -31
126 -30
127 -36
128 -33
129 -34
130 -36
131 -36
132 -50
133 -54
134 -48
135 -52
136 -54
137 -48
138 -43
139 -44
140 -42
141 -37
142 -35
143 -21
144 -21
145 -37
146 -35
147 -32
148 -33
149 -29
150 -29
151 -24
152 -32
153 -31
154 -25
155 -25
156 -28
157 -28
158 -27
159 -24
160 -24
161 -20
162 -22
163 -23
164 -25
165 -22
166 -22
167 -20
168 -20
169 -18
170 -16
171 -25
172 -22
173 -19
174 -23
175 -31
176 -32
177 -40
178 -45
179 -33
180 -38
181 -33
182 -31
183 -28
184 -33
185 2
186 6
187 2
188 0
189 7
190 6
191 2
192 5
193 4
194 4
195 5
196 6
197 10
198 10
199 3
200 5
201 -1
202 2
203 1
204 1
205 9
206 1
207 0
208 -8
209 -8
210 -8
211 -7
212 -4
213 -7
214 5
215 3
216 5
217 -6
218 -1
219 0
220 0
221 6
222 6
223 6
224 9
225 14
226 4
227 2
228 1
229 -2
230 1
231 7
232 15
233 8
234 8
235 8
236 14
237 5
238 4
239 0
240 2
241 -5
242 -11
243 -18
244 -19
245 -21
246 -23
247 -23
248 -19
249 -4
250 -2
251 -5
252 -4
253 -5
254 -5
255 -10
