0 8
1 8
2 7
3 1
4 2
5 -3
6 -3
7 -5
8 -5
9 -5
10 -5
11 -4
12 8
13 5
14 3
15 4
16 6
17 8
18 3
19 1
20 -3
21 -4
22 -10
23 -8
24 -7
25 -9
26 -10
27 -10
28 -9
29 -8
30 -8
31 -4
32 -3
33 -4
34 -6
35 -7
36 -5
37 -7
38 -9
39 -5
40 -4
41 0
42 0
43 1
44 0
45 -1
46 -3
47 -4
48 -1
49 0
50 7
51 10
52 10
53 10
54 6
55 6
56 11
57 8
58 7
59 2
60 3
61 2
62 1
63 -1
64 -1
65 3
66 1
67 1
68 -2
69 2
70 1
71 2
72 -2
73 0
74 6
75 6
76 6
77 8
78 7
79 5
80 5
81 4
82 2
83 -2
84 -2
85 -2
86 -2
87 -6
88 3
89 0
90 -5
91 -2
92 -2
93 -2
94 1
95 9
96 10
97 1
98 -3
99 -2
100 -8
101 -7
102 -7
103 -3
104 -4
105 -1
106 -2
107 0
108 -3
109 -3
110 -3
111 -2
112 -1
113 -2
114 3
115 4
116 6
117 6
118 -2
119 -2
120 -2
121 -2
122 0
123 -1
124 7
125 7
126 11
127 11
128 10
129 5
130 3
131 -1
132 -3
133 -5
134 -1
135 -3
136 1
137 1
138 1
139 1
140 6
141 8
142 6
143 3
144 2
145 0
146 1
147 2
148 3
149 0
150 -1
151 0
152 -2
153 0
154 1
155 1
156 1
157 0
158 5
159 7
160 6
161 7
162 8
163 8
164 4
165 3
166 1
167 0
168 -5
169 -5
170 -3
171 7
172 7
173 9
174 5
175 5
176 4
177 1
178 1
179 -5
180 -5
181 -7
182 -4
183 -3
184 -6
185 -9
186 -9
187 -11
188 -8
189 -6
190 0
191 3
192 9
193 10
194 10
195 6
196 5
197 1
198 0
199 0
200 -3
201 1
202 1
203 -1
204 -1
205 -2
206 1
207 -3
208 -3
209 0
210 -1
211 -1
212 0
213 -2
214 1
215 3
216 2
217 2
218 2
219 1
220 4
221 1
222 1
223 -1
224 4
225 4
226 -4
227 -5
228 -7
229 -3
230 -4
231 -5
232 -4
233 -7
234 -7
235 -9
236 -9
237 -9
238 -2
239 -2
240 -3
241 -3
242 -6
243 -9
244 -2
245 -3
246 -7
247 -7
248 8
249 7
250 7
251 8
252 8
253 11
254 11
255 9
