0 1
1 1
2 1
3 -1
4 -1
5 0
6 4
7 2
8 -4
9 -3
10 -1
11 1
12 -2
13 -3
14 -1
15 1
16 0
17 0
18 5
19 3
20 2
21 0
22 -1
23 0
24 2
25 2
26 0
27 -1
28 -1
29 -1
30 3
31 1
32 3
33 2
34 5
35 0
36 0
37 0
38 0
39 2
40 2
41 -4
42 -2
43 -3
44 1
45 1
46 1
47 -2
48 0
49 1
50 0
51 0
52 0
53 0
54 0
55 -3
56 -2
57 -3
58 -2
59 -1
60 -1
61 3
62 0
63 0
64 -1
65 0
66 0
67 2
68 1
69 -1
70 -1
71 -1
72 2
73 3
74 3
75 1
76 -3
77 -3
78 -2
79 -2
80 -2
81 -2
82 0
83 1
84 -1
85 1
86 1
87 0
88 0
89 1
90 2
91 0
92 -4
93 -2
94 0
95 1
96 2
97 1
98 0
99 2
100 -1
101 -4
102 -4
103 -4
104 -3
105 -2
106 -2
107 1
108 2
109 0
110 1
111 2
112 2
113 2
114 0
115 2
116 -4
117 -4
118 -3
119 -1
120 -1
121 0
122 1
123 1
124 3
125 2
126 0
127 -3
128 -1
129 -2
130 0
131 2
132 1
133 -3
134 0
135 -1
136 -1
137 -2
138 0
139 4
140 4
141 3
142 0
143 4
144 1
145 1
146 2
147 2
148 2
149 -1
150 0
151 5
152 1
153 1
154 1
155 0
156 2
157 2
158 3
159 2
160 2
161 0
162 1
163 2
164 1
165 0
166 1
167 1
168 1
169 0
170 0
171 -1
172 0
173 -1
174 -1
175 -6
176 -2
177 0
178 -3
179 -5
180 -5
181 -8
182 -5
183 -3
184 -5
185 -1
186 -2
187 -1
188 -2
189 -3
190 -3
191 -3
192 1
193 -1
194 1
195 -4
196 -4
197 -4
198 -4
199 -1
200 2
201 -1
202 -2
203 -1
204 -1
205 3
206 1
207 0
208 -1
209 0
210 -1
211 -1
212 -2
213 0
214 -3
215 -3
216 -5
217 -3
218 1
219 -2
220 -4
221 0
222 -1
223 -3
224 -4
225 -4
226 -3
227 -5
228 -2
229 0
230 0
231 -2
232 0
233 -1
234 1
235 0
236 0
237 2
238 6
239 3
240 2
241 -1
242 1
243 -1
244 1
245 1
246 -1
247 2
248 5
249 3
250 2
251 3
252 3
253 1
254 2
255 2
