0 29
1 21
2 30
3 31
4 36
5 34
6 38
7 36
8 36
9 36
10 38
11 37
12 17
13 18
14 13
15 10
16 1
17 -2
18 -1
19 -1
20 3
21 9
22 8
23 6
24 18
25 1
26 1
27 2
28 -1
29 -3
30 -4
31 -4
32 5
33 12
34 22
35 12
36 4
37 3
38 -2
39 -9
40 -5
41 2
42 2
43 -7
44 -6
45 -3
46 -25
47 -20
48 -3
49 3
50 9
51 7
52 16
53 16
54 -1
55 1
56 1
57 2
58 2
59 2
60 1
61 -1
62 16
63 13
64 5
65 -5
66 -5
67 -5
68 -13
69 -11
70 -14
71 -19
72 -20
73 -20
74 -15
75 -17
76 -18
77 -37
78 -38
79 -46
80 -32
81 -24
82 -22
83 -29
84 -30
85 -31
86 -35
87 -45
88 -44
89 -40
90 -41
91 -46
92 -54
93 -59
94 -58
95 -58
96 -55
97 -53
98 -52
99 -55
100 -56
101 -59
102 -61
103 -56
104 -57
105 -42
106 -47
107 -43
108 -43
109 -37
110 -32
111 -22
112 -20
113 -21
114 -15
115 -16
116 -14
117 -13
118 -13
119 -14
120 -16
121 -13
122 -17
123 -16
124 -14
125 -10
126 -11
127 -11
128 -20
129 -21
130 -29
131 -21
132 -25
133 -28
134 -26
135 -22
136 -12
137 -16
138 -8
139 -15
140 -19
141 -22
142 -25
143 -26
144 -28
145 -28
146 -34
147 -22
148 -20
149 -17
150 -12
151 -14
152 -14
153 -12
154 -19
155 -18
156 -18
157 -9
158 -10
159 -9
160 -13
161 -2
162 -4
163 7
164 13
165 15
166 16
167 15
168 13
169 18
170 8
171 11
172 8
173 8
174 2
175 -2
176 -1
177 -9
178 -10
179 -23
180 -29
181 -38
182 -42
183 -59
184 -60
185 -54
186 -55
187 -46
188 -40
189 -39
190 -35
191 -45
192 -47
193 -47
194 -47
195 -48
196 -50
197 -44
198 -39
199 -28
200 -22
201 -24
202 -25
203 -18
204 -18
205 -9
206 -4
207 -4
208 0
209 17
210 20
211 15
212 16
213 13
214 13
215 8
216 12
217 16
218 13
219 10
220 9
221 7
222 1
223 2
224 0
225 4
226 1
227 -2
228 7
229 7
230 4
231 7
232 8
233 13
234 15
235 10
236 6
237 4
238 4
239 -5
240 0
241 8
242 14
243 10
244 7
245 9
246 17
247 7
248 14
249 18
250 19
251 19
252 22
253 22
254 23
255 25
