0 -65
1 -60
2 -50
3 -50
4 -50
5 -33
6 -33
7 -35
8 -37
9 -31
10 -36
11 -31
12 -30
13 -38
14 -31
15 -34
16 -40
17 -28
18 -28
19 -32
20 -36
21 -26
22 -20
23 -19
24 -27
25 -26
26 -27
27 -17
28 -18
29 -18
30 -21
31 -23
32 -29
33 -23
34 -26
35 -24
36 -23
37 -12
38 -6
39 -5
40 2
41 5
42 4
43 12
44 12
45 13
46 16
47 2
48 14
49 15
50 2
51 -3
52 -1
53 5
54 3
55 15
56 11
57 18
58 10
59 11
60 20
61 16
62 23
63 21
64 16
65 8
66 -1
67 -3
68 1
69 5
70 10
71 13
72 14
73 13
74 3
75 0
76 0
77 2
78 6
79 2
80 13
81 15
82 17
83 17
84 18
85 30
86 26
87 23
88 24
89 23
90 40
91 41
92 29
93 28
94 15
95 25
96 28
97 29
98 36
99 36
100 33
101 35
102 38
103 35
104 35
105 25
106 23
107 23
108 22
109 17
110 24
111 18
112 25
113 26
114 28
115 26
116 26
117 14
118 -1
119 -2
120 8
121 5
122 2
123 7
124 2
125 -15
126 -8
127 -14
128 -12
129 -9
130 -18
131 -17
132 -3
133 -1
134 19
135 15
136 17
137 13
138 9
139 3
140 0
141 2
142 -11
143 -10
144 -22
145 -24
146 -21
147 -21
148 -14
149 -14
150 -15
151 -1
152 11
153 2
154 -1
155 28
156 20
157 12
158 18
159 20
160 26
161 18
162 7
163 11
164 9
165 7
166 -3
167 -3
168 -3
169 -4
170 -10
171 -29
172 -26
173 -26
174 -25
175 -29
176 -32
177 -20
178 -17
179 -5
180 -5
181 -3
182 -11
183 -12
184 -7
185 -9
186 -7
187 -11
188 -5
189 -4
190 -4
191 -9
192 -12
193 -15
194 -12
195 -14
196 -11
197 -25
198 -20
199 -12
200 -7
201 -9
202 -12
203 -4
204 8
205 3
206 10
207 9
208 8
209 10
210 10
211 -10
212 -6
213 -6
214 -11
215 -11
216 -12
217 -9
218 -29
219 -26
220 -26
221 -23
222 -27
223 -25
224 -29
225 -28
226 -30
227 -28
228 -24
229 -18
230 -17
231 -34
232 -34
233 -36
234 -46
235 -46
236 -44
237 -44
238 -46
239 -45
240 -51
241 -47
242 -46
243 -49
244 -48
245 -50
246 -49
247 -53
248 -66
249 -50
250 -52
251 -55
252 -55
253 -63
254 -58
255 -60
