0 -23
1 -25
2 -19
3 -19
4 -19
5 -20
6 -19
7 -18
8 -8
9 -9
10 -13
11 -14
12 -10
13 -20
14 -16
15 -15
16 -7
17 -2
18 3
19 3
20 3
21 3
22 5
23 5
24 5
25 18
26 20
27 23
28 27
29 33
30 33
31 36
32 27
33 28
34 29
35 28
36 30
37 32
38 33
39 33
40 37
41 41
42 40
43 44
44 42
45 37
46 39
47 39
48 42
49 34
50 26
51 5
52 6
53 8
54 10
55 8
56 4
57 -2
58 -2
59 1
60 -2
61 -4
62 -4
63 5
64 2
65 3
66 1
67 7
68 9
69 11
70 9
71 13
72 12
73 15
74 15
75 3
76 8
77 4
78 6
79 9
80 7
81 0
82 -6
83 -8
84 -8
85 -7
86 -7
87 -4
88 -3
89 -11
90 -5
91 -2
92 -1
93 -12
94 -14
95 -17
96 -20
97 -12
98 -19
99 -8
100 -5
101 -7
102 -9
103 -5
104 -6
105 -4
106 1
107 5
108 4
109 5
110 3
111 6
112 7
113 6
114 0
115 -1
116 3
117 -4
118 -6
119 8
120 2
121 7
122 4
123 4
124 0
125 1
126 4
127 7
128 10
129 13
130 10
131 13
132 7
133 10
134 23
135 25
136 25
137 22
138 22
139 15
140 23
141 19
142 16
143 20
144 22
145 22
146 19
147 19
148 16
149 16
150 21
151 23
152 32
153 30
154 28
155 6
156 6
157 3
158 3
159 -1
160 1
161 11
162 15
163 15
164 14
165 14
166 19
167 19
168 16
169 14
170 13
171 7
172 2
173 4
174 10
175 8
176 6
177 5
178 3
179 3
180 1
181 3
182 3
183 -1
184 -2
185 -3
186 1
187 1
188 1
189 1
190 -5
191 -9
192 -9
193 -10
194 -17
195 -6
196 -11
197 -10
198 -11
199 -11
200 -14
201 -16
202 -17
203 -20
204 -19
205 -16
206 -12
207 -11
208 -11
209 -12
210 -13
211 -14
212 -11
213 -21
214 -19
215 -18
216 -18
217 -13
218 -11
219 -13
220 -10
221 -8
222 -11
223 -4
224 -5
225 -4
226 -6
227 -7
228 5
229 7
230 5
231 -1
232 0
233 -4
234 -3
235 -4
236 0
237 0
238 9
239 14
240 17
241 20
242 25
243 11
244 10
245 1
246 -3
247 -5
248 -3
249 -4
250 0
251 -5
252 -13
253 -15
254 -23
255 -25
