0 -340
1 -342
2 -354
3 -359
4 -360
5 -363
6 -360
7 -361
8 -342
9 -333
10 -327
11 -333
12 -332
13 -331
14 -320
15 -317
16 -316
17 -318
18 -316
19 -318
20 -319
21 -325
22 -329
23 -334
24 -327
25 -348
26 -345
27 -345
28 -351
29 -354
30 -353
31 -357
32 -356
33 -341
34 -339
35 -340
36 -323
37 -324
38 -324
39 -328
40 -330
41 -333
42 -335
43 -343
44 -337
45 -329
46 -328
47 -332
48 -329
49 -327
50 -331
51 -339
52 -342
53 -339
54 -335
55 -338
56 -338
57 -341
58 -340
59 -347
60 -348
61 -345
62 -343
63 -345
64 -351
65 -346
66 -345
67 -354
68 -350
69 -345
70 -345
71 -346
72 -346
73 -350
74 -365
75 -364
76 -360
77 -360
78 -355
79 -359
80 -359
81 -364
82 -362
83 -357
84 -345
85 -339
86 -344
87 -337
88 -346
89 -344
90 -346
91 -350
92 -350
93 -332
94 -344
95 -346
96 -353
97 -355
98 -359
99 -357
100 -357
101 -359
102 -360
103 -356
104 -343
105 -343
106 -338
107 -335
108 -338
109 -337
110 -331
111 -337
112 -337
113 -332
114 -328
115 -327
116 -325
117 -328
118 -330
119 -327
120 -330
121 -313
122 -308
123 -306
124 -312
125 -316
126 -309
127 -291
128 -295
129 -294
130 -282
131 -279
132 -278
133 -279
134 -280
135 -263
136 -263
137 -260
138 -261
139 -248
140 -249
141 -256
142 -250
143 -242
144 -241
145 -233
146 -236
147 -234
148 -230
149 -249
150 -242
151 -245
152 -235
153 -245
154 -249
155 -257
156 -257
157 -246
158 -248
159 -260
160 -279
161 -283
162 -281
163 -281
164 -280
165 -281
166 -280
167 -280
168 -289
169 -284
170 -284
171 -274
172 -281
173 -279
174 -283
175 -292
176 -293
177 -287
178 -290
179 -287
180 -288
181 -289
182 -296
183 -293
184 -294
185 -294
186 -287
187 -287
188 -288
189 -290
190 -289
191 -281
192 -291
193 -291
194 -283
195 -283
196 -286
197 -294
198 -287
199 -307
200 -315
201 -313
202 -314
203 -315
204 -324
205 -329
206 -329
207 -323
208 -330
209 -333
210 -333
211 -335
212 -321
213 -322
214 -329
215 -335
216 -338
217 -339
218 -339
219 -332
220 -338
221 -340
222 -347
223 -349
224 -354
225 -354
226 -345
227 -334
228 -336
229 -326
230 -325
231 -333
232 -330
233 -330
234 -325
235 -329
236 -338
237 -352
238 -349
239 -346
240 -345
241 -350
242 -349
243 -349
244 -349
245 -351
246 -343
247 -340
248 -340
249 -341
250 -341
251 -339
252 -338
253 -337
254 -340
255 -340
