0 12
1 13
2 14
3 14
4 16
5 17
6 15
7 15
8 15
9 15
10 16
11 21
12 15
13 17
14 17
15 17
16 17
17 17
18 21
19 20
20 16
21 14
22 17
23 12
24 12
25 14
26 15
27 15
28 13
29 5
30 8
31 8
32 1
33 6
34 6
35 8
36 4
37 8
38 7
39 9
40 14
41 17
42 13
43 14
44 15
45 12
46 12
47 9
48 6
49 12
50 12
51 12
52 15
53 9
54 8
55 9
56 6
57 6
58 6
59 6
60 6
61 6
62 11
63 12
64 13
65 12
66 12
67 14
68 16
69 22
70 19
71 16
72 14
73 16
74 15
75 15
76 13
77 13
78 14
79 16
80 14
81 15
82 13
83 8
84 7
85 7
86 8
87 5
88 3
89 2
90 -1
91 4
92 4
93 3
94 9
95 9
96 9
97 10
98 11
99 11
100 11
101 7
102 8
103 8
104 8
105 8
106 6
107 3
108 4
109 4
110 2
111 1
112 2
113 -7
114 -10
115 -12
116 -10
117 -11
118 -10
119 -10
120 -10
121 -7
122 -7
123 -7
124 -7
125 -10
126 -7
127 -7
128 0
129 -5
130 -7
131 -6
132 -6
133 -7
134 -3
135 -1
136 -3
137 -4
138 -5
139 -3
140 0
141 -2
142 -2
143 0
144 -5
145 -4
146 -4
147 -5
148 -2
149 -2
150 4
151 4
152 -2
153 4
154 7
155 7
156 6
157 7
158 7
159 7
160 12
161 11
162 12
163 9
164 11
165 11
166 10
167 11
168 14
169 14
170 14
171 14
172 7
173 8
174 4
175 5
176 6
177 4
178 6
179 7
180 12
181 11
182 11
183 11
184 4
185 4
186 11
187 11
188 12
189 13
190 6
191 4
192 -4
193 1
194 4
195 4
196 7
197 5
198 9
199 9
200 5
201 -1
202 -4
203 0
204 2
205 5
206 1
207 1
208 -14
209 -14
210 -14
211 -15
212 -8
213 -7
214 -6
215 -2
216 -2
217 -2
218 -1
219 -2
220 6
221 1
222 0
223 -2
224 -3
225 0
226 2
227 -1
228 1
229 0
230 0
231 -3
232 -1
233 2
234 2
235 2
236 2
237 3
238 3
239 6
240 7
241 6
242 6
243 8
244 18
245 19
246 21
247 21
248 21
249 21
250 16
251 14
252 11
253 9
254 5
255 7
