0 2
1 9
2 11
3 9
4 3
5 6
6 7
7 7
8 7
9 6
10 4
11 4
12 1
13 1
14 -1
15 3
16 3
17 2
18 6
19 6
20 1
21 -1
22 -2
23 -3
24 3
25 3
26 2
27 3
28 2
29 -3
30 1
31 7
32 3
33 2
34 3
35 3
36 3
37 6
38 5
39 4
40 4
41 14
42 14
43 15
44 14
45 19
46 0
47 0
48 -4
49 -4
50 -4
51 -4
52 -3
53 -3
54 -5
55 -5
56 -5
57 -10
58 -13
59 -8
60 -7
61 -7
62 -10
63 -13
64 -17
65 -16
66 -14
67 -14
68 -11
69 -12
70 -11
71 -13
72 -11
73 -16
74 -18
75 -20
76 -17
77 -17
78 -17
79 -15
80 -13
81 -5
82 -9
83 -11
84 -9
85 -10
86 -11
87 -10
88 -1
89 6
90 5
91 8
92 6
93 4
94 4
95 2
96 2
97 -1
98 0
99 -6
100 -8
101 -4
102 1
103 3
104 9
105 9
106 7
107 3
108 0
109 -6
110 -7
111 -9
112 -8
113 -6
114 -9
115 -7
116 -11
117 -12
118 0
119 0
120 -2
121 -3
122 -12
123 -6
124 -10
125 -9
126 -9
127 -9
128 -8
129 -10
130 -21
131 -21
132 -19
133 -13
134 -11
135 -8
136 -5
137 -6
138 -5
139 1
140 2
141 2
142 2
143 1
144 -5
145 -9
146 -7
147 -7
148 -3
149 -3
150 -2
151 -1
152 -1
153 -1
154 -3
155 3
156 3
157 5
158 3
159 2
160 1
161 -3
162 -3
163 -3
164 -2
165 0
166 -1
167 0
168 -2
169 -4
170 -4
171 -3
172 -6
173 -6
174 -6
175 -5
176 4
177 5
178 5
179 8
180 5
181 3
182 2
183 -1
184 -1
185 -5
186 -3
187 -2
188 -7
189 -10
190 -10
191 -14
192 -19
193 -18
194 -18
195 -16
196 -17
197 -18
198 -24
199 -26
200 -21
201 -19
202 -18
203 -11
204 -9
205 -9
206 -13
207 -14
208 -9
209 -12
210 -10
211 -14
212 -11
213 -11
214 -11
215 -6
216 -4
217 -3
218 3
219 4
220 -7
221 -6
222 -8
223 -8
224 -3
225 -3
226 -3
227 -3
228 -2
229 -4
230 -9
231 -10
232 -10
233 -10
234 -8
235 -5
236 -4
237 -4
238 -5
239 -5
240 -4
241 -1
242 4
243 3
244 5
245 6
246 6
247 8
248 6
249 6
250 4
251 4
252 5
253 0
254 0
255 0
