0 -32
1 -18
2 -17
3 -21
4 -18
5 -13
6 -6
7 -6
8 -7
9 -7
10 -9
11 3
12 3
13 3
14 0
15 -5
16 -2
17 -1
18 -14
19 -11
20 -9
21 -10
22 -6
23 -8
24 -9
25 -6
26 -3
27 -3
28 0
29 1
30 6
31 10
32 9
33 -1
34 8
35 -3
36 2
37 -3
38 -9
39 -9
40 -2
41 -3
42 -7
43 -2
44 0
45 -8
46 -7
47 -3
48 -1
49 -2
50 -2
51 -9
52 -12
53 -8
54 -9
55 1
56 7
57 6
58 4
59 4
60 12
61 16
62 14
63 8
64 9
65 10
66 9
67 11
68 9
69 11
70 5
71 0
72 -5
73 -7
74 -5
75 -7
76 -15
77 -14
78 -12
79 -21
80 -26
81 -22
82 -15
83 -17
84 -8
85 2
86 6
87 5
88 -1
89 -3
90 -1
91 1
92 -7
93 -8
94 -11
95 -4
96 9
97 6
98 12
99 6
100 6
101 9
102 7
103 17
104 23
105 23
106 34
107 27
108 22
109 10
110 3
111 -4
112 -5
113 -6
114 12
115 9
116 16
117 -5
118 -1
119 9
120 7
121 7
122 3
123 11
124 7
125 3
126 1
127 0
128 -1
129 -1
130 -3
131 6
132 -3
133 1
134 7
135 10
136 1
137 13
138 2
139 4
140 9
141 -6
142 -10
143 -15
144 -10
145 -12
146 -7
147 -5
148 -23
149 -20
150 -17
151 1
152 -1
153 10
154 3
155 3
156 -3
157 -4
158 -10
159 -10
160 -13
161 -6
162 -6
163 -4
164 -11
165 -1
166 -2
167 5
168 -9
169 -5
170 3
171 3
172 1
173 0
174 -1
175 -1
176 -2
177 -2
178 3
179 1
180 3
181 4
182 1
183 1
184 -6
185 -1
186 -4
187 2
188 3
189 8
190 6
191 9
192 10
193 11
194 8
195 8
196 9
197 10
198 11
199 8
200 16
201 10
202 6
203 -2
204 1
205 -1
206 1
207 8
208 6
209 9
210 10
211 14
212 9
213 10
214 9
215 7
216 7
217 13
218 7
219 -6
220 -5
221 -11
222 -10
223 -13
224 -17
225 -16
226 -8
227 -8
228 -5
229 -9
230 -12
231 -4
232 -4
233 -5
234 -6
235 -9
236 -16
237 -14
238 -20
239 -20
240 -21
241 -19
242 -25
243 -23
244 -26
245 -25
246 -30
247 0
248 -7
249 1
250 -3
251 3
252 -6
253 1
254 -5
255 -9
