0 34
1 34
2 43
3 39
4 22
5 11
6 8
7 5
8 0
9 5
10 5
11 -4
12 4
13 4
14 11
15 21
16 32
17 30
18 43
19 40
20 40
21 39
22 39
23 37
24 45
25 48
26 48
27 52
28 54
29 54
30 64
31 63
32 69
33 68
34 65
35 63
36 62
37 63
38 64
39 66
40 52
41 57
42 57
43 48
44 52
45 51
46 45
47 32
48 35
49 38
50 36
51 42
52 43
53 32
54 35
55 36
56 41
57 46
58 35
59 30
60 31
61 32
62 31
63 36
64 21
65 26
66 21
67 26
68 13
69 5
70 8
71 8
72 13
73 5
74 4
75 -5
76 -14
77 -16
78 -20
79 -36
80 -49
81 -37
82 -38
83 -37
84 -39
85 -37
86 -23
87 -28
88 -25
89 -30
90 -35
91 -36
92 -24
93 -20
94 -25
95 -28
96 -29
97 -57
98 -60
99 -70
100 -69
101 -67
102 -70
103 -66
104 -66
105 -60
106 -58
107 -49
108 -49
109 -45
110 -46
111 -46
112 -47
113 -48
114 -44
115 -46
116 -30
117 -29
118 -22
119 -23
120 -24
121 -35
122 -43
123 -52
124 -54
125 -58
126 -54
127 -50
128 -50
129 -50
130 -49
131 -49
132 -49
133 -53
134 -56
135 -48
136 -48
137 -63
138 -65
139 -96
140 -94
141 -96
142 -103
143 -104
144 -93
145 -93
146 -94
147 -91
148 -78
149 -72
150 -62
151 -60
152 -62
153 -68
154 -70
155 -85
156 -86
157 -87
158 -87
159 -85
160 -80
161 -81
162 -77
163 -81
164 -79
165 -80
166 -76
167 -76
168 -78
169 -73
170 -74
171 -70
172 -74
173 -66
174 -61
175 -60
176 -60
177 -61
178 -61
179 -54
180 -59
181 -47
182 -46
183 -42
184 -44
185 -37
186 -35
187 -35
188 -35
189 -44
190 -45
191 -39
192 -40
193 -38
194 -37
195 -32
196 -31
197 -36
198 -32
199 -30
200 -32
201 -29
202 -26
203 -27
204 -33
205 -21
206 -20
207 -12
208 -11
209 -11
210 -11
211 -2
212 4
213 15
214 9
215 9
216 10
217 13
218 35
219 34
220 31
221 38
222 41
223 42
224 50
225 55
226 61
227 63
228 59
229 59
230 73
231 78
232 85
233 72
234 74
235 74
236 72
237 71
238 74
239 72
240 61
241 60
242 61
243 67
244 67
245 68
246 61
247 41
248 37
249 25
250 25
251 28
252 27
253 27
254 32
255 32
