0 162
1 157
2 153
3 149
4 151
5 154
6 157
7 154
8 159
9 139
10 137
11 138
12 138
13 139
14 124
15 129
16 127
17 126
18 124
19 132
20 141
21 138
22 141
23 140
24 144
25 134
26 127
27 126
28 135
29 132
30 129
31 129
32 130
33 138
34 122
35 124
36 122
37 122
38 121
39 122
40 122
41 117
42 117
43 114
44 121
45 126
46 124
47 124
48 119
49 121
50 123
51 123
52 138
53 141
54 135
55 135
56 127
57 127
58 127
59 131
60 116
61 109
62 111
63 99
64 98
65 94
66 95
67 90
68 90
69 90
70 92
71 95
72 95
73 96
74 93
75 95
76 105
77 108
78 129
79 134
80 120
81 117
82 119
83 121
84 120
85 119
86 118
87 134
88 134
89 136
90 136
91 131
92 131
93 127
94 130
95 129
96 122
97 123
98 124
99 121
100 119
101 118
102 106
103 114
104 115
105 117
106 109
107 116
108 114
109 110
110 112
111 114
112 121
113 122
114 125
115 123
116 115
117 114
118 115
119 125
120 130
121 129
122 140
123 134
124 134
125 131
126 129
127 121
128 132
129 128
130 135
131 132
132 137
133 138
134 151
135 151
136 156
137 154
138 152
139 152
140 151
141 147
142 135
143 136
144 134
145 136
146 140
147 140
148 145
149 150
150 151
151 155
152 154
153 143
154 129
155 123
156 130
157 131
158 135
159 135
160 135
161 133
162 127
163 131
164 121
165 120
166 121
167 122
168 125
169 124
170 124
171 121
172 96
173 84
174 88
175 96
176 95
177 94
178 94
179 93
180 105
181 105
182 103
183 105
184 118
185 126
186 131
187 131
188 127
189 131
190 130
191 132
192 147
193 149
194 151
195 153
196 155
197 157
198 151
199 154
200 153
201 163
202 166
203 159
204 159
205 172
206 167
207 169
208 169
209 176
210 182
211 179
212 180
213 181
214 164
215 166
216 157
217 158
218 158
219 166
220 160
221 172
222 171
223 171
224 174
225 175
226 168
227 160
228 169
229 164
230 162
231 152
232 162
233 164
234 169
235 174
236 168
237 174
238 171
239 161
240 159
241 157
242 158
243 159
244 155
245 153
246 149
247 154
248 154
249 165
250 164
251 166
252 165
253 162
254 162
255 163
