0 2
1 1
2 1
3 4
4 4
5 4
6 4
7 2
8 2
9 2
10 2
11 2
12 2
13 3
14 3
15 2
16 3
17 3
18 3
19 4
20 5
21 5
22 5
23 5
24 4
25 5
26 7
27 9
28 4
29 4
30 4
31 4
32 7
33 7
34 4
35 3
36 0
37 0
38 0
39 -1
40 -1
41 0
42 -1
43 1
44 4
45 5
46 5
47 6
48 3
49 3
50 0
51 0
52 0
53 -1
54 -1
55 -1
56 0
57 -3
58 -3
59 -2
60 -3
61 -4
62 -3
63 -3
64 -3
65 -3
66 -4
67 -5
68 -5
69 -6
70 -6
71 -7
72 -6
73 -5
74 -4
75 -4
76 -5
77 -4
78 -2
79 -2
80 -2
81 -3
82 -3
83 -3
84 -3
85 -3
86 -3
87 -3
88 -2
89 -2
90 -2
91 -2
92 -2
93 -2
94 -3
95 -4
96 -5
97 -2
98 -2
99 -3
100 -3
101 -3
102 -5
103 -6
104 -7
105 -6
106 -8
107 -8
108 -8
109 -7
110 -8
111 -8
112 -6
113 -6
114 -2
115 5
116 4
117 1
118 3
119 4
120 4
121 3
122 5
123 6
124 5
125 5
126 6
127 6
128 7
129 7
130 7
131 6
132 0
133 -2
134 -2
135 -1
136 0
137 -3
138 -4
139 -3
140 -4
141 -5
142 -5
143 -6
144 -5
145 -4
146 -3
147 -3
148 -3
149 -2
150 0
151 0
152 1
153 0
154 0
155 0
156 -2
157 0
158 -1
159 -2
160 -3
161 -4
162 -4
163 -3
164 -3
165 -3
166 -2
167 -3
168 -4
169 -4
170 -2
171 -2
172 2
173 2
174 2
175 2
176 1
177 1
178 1
179 5
180 5
181 5
182 2
183 3
184 -1
185 -3
186 -5
187 -7
188 -6
189 -6
190 -6
191 -5
192 -4
193 -4
194 -2
195 -2
196 -3
197 -1
198 -2
199 -1
200 -1
201 -3
202 -3
203 -3
204 -1
205 -1
206 0
207 0
208 2
209 1
210 4
211 4
212 5
213 6
214 5
215 5
216 5
217 4
218 6
219 7
220 8
221 5
222 6
223 7
224 7
225 9
226 8
227 6
228 5
229 3
230 2
231 3
232 2
233 2
234 2
235 2
236 1
237 2
238 2
239 0
240 -2
241 1
242 1
243 1
244 1
245 1
246 1
247 0
248 0
249 -1
250 -1
251 0
252 2
253 2
254 2
255 2
