0 98
1 97
2 100
3 98
4 110
5 106
6 111
7 94
8 90
9 82
10 81
11 83
12 80
13 79
14 81
15 86
16 87
17 89
18 72
19 60
20 69
21 64
22 64
23 59
24 61
25 67
26 70
27 71
28 68
29 68
30 63
31 54
32 43
33 43
34 39
35 40
36 41
37 38
38 41
39 40
40 40
41 41
42 54
43 56
44 69
45 67
46 56
47 59
48 56
49 47
50 50
51 45
52 42
53 40
54 38
55 32
56 33
57 44
58 43
59 36
60 30
61 25
62 13
63 5
64 4
65 7
66 3
67 4
68 11
69 20
70 22
71 25
72 31
73 31
74 34
75 37
76 10
77 7
78 2
79 2
80 1
81 -1
82 0
83 -3
84 -2
85 -12
86 -21
87 -21
88 -24
89 -30
90 -32
91 -37
92 -33
93 -33
94 -25
95 -30
96 -22
97 -26
98 -21
99 -16
100 -16
101 -7
102 -31
103 -32
104 -28
105 -23
106 -21
107 -21
108 -21
109 -22
110 -23
111 -12
112 -14
113 -14
114 -11
115 -8
116 -20
117 -21
118 -25
119 -22
120 -22
121 -18
122 0
123 5
124 2
125 6
126 20
127 18
128 37
129 35
130 39
131 39
132 40
133 41
134 40
135 33
136 33
137 24
138 25
139 22
140 24
141 22
142 29
143 34
144 37
145 47
146 46
147 46
148 41
149 42
150 43
151 39
152 51
153 46
154 49
155 49
156 49
157 61
158 61
159 67
160 65
161 55
162 56
163 59
164 58
165 55
166 50
167 52
168 51
169 44
170 44
171 57
172 60
173 58
174 56
175 50
176 54
177 55
178 49
179 52
180 54
181 51
182 47
183 40
184 41
185 47
186 42
187 38
188 34
189 30
190 28
191 24
192 24
193 25
194 30
195 44
196 77
197 71
198 74
199 79
200 78
201 81
202 80
203 83
204 80
205 80
206 81
207 84
208 78
209 78
210 84
211 89
212 93
213 97
214 98
215 105
216 110
217 109
218 112
219 107
220 103
221 104
222 118
223 121
224 116
225 98
226 98
227 98
228 107
229 78
230 80
231 70
232 73
233 72
234 78
235 84
236 83
237 106
238 108
239 111
240 108
241 106
242 110
243 105
244 92
245 100
246 95
247 96
248 95
249 94
250 97
251 98
252 100
253 103
254 88
255 91
