0 -23
1 -22
2 -25
3 -26
4 -26
5 -26
6 -24
7 -26
8 -27
9 -30
10 -24
11 -22
12 -23
13 -21
14 -21
15 -21
16 -19
17 -17
18 -18
19 -22
20 -27
21 -30
22 -29
23 -29
24 -32
25 -31
26 -35
27 -35
28 -35
29 -35
30 -37
31 -39
32 -40
33 -39
34 -39
35 -36
36 -36
37 -36
38 -35
39 -36
40 -35
41 -36
42 -33
43 -33
44 -34
45 -38
46 -37
47 -37
48 -36
49 -36
50 -40
51 -38
52 -38
53 -38
54 -36
55 -37
56 -37
57 -37
58 -37
59 -40
60 -38
61 -39
62 -39
63 -39
64 -39
65 -39
66 -41
67 -48
68 -48
69 -45
70 -41
71 -36
72 -39
73 -39
74 -39
75 -41
76 -40
77 -42
78 -43
79 -44
80 -40
81 -46
82 -45
83 -45
84 -43
85 -41
86 -34
87 -24
88 -26
89 -26
90 -27
91 -32
92 -33
93 -34
94 -27
95 -23
96 -25
97 -25
98 -26
99 -27
100 -26
101 -26
102 -26
103 -26
104 -24
105 -21
106 -21
107 -22
108 -20
109 -16
110 -17
111 -13
112 -13
113 -15
114 -13
115 -16
116 -18
117 -16
118 -22
119 -22
120 -24
121 -24
122 -23
123 -23
124 -22
125 -20
126 -21
127 -23
128 -24
129 -19
130 -18
131 -19
132 -22
133 -22
134 -22
135 -13
136 -15
137 -2
138 -4
139 -4
140 -6
141 -5
142 -1
143 2
144 4
145 1
146 -3
147 -3
148 -3
149 -5
150 -3
151 -1
152 0
153 -2
154 -2
155 -5
156 -5
157 -7
158 -8
159 -9
160 -11
161 -11
162 -13
163 -11
164 -11
165 -6
166 -5
167 1
168 -1
169 -4
170 -3
171 -12
172 -11
173 -11
174 -16
175 -18
176 -25
177 -29
178 -35
179 -35
180 -35
181 -34
182 -30
183 -25
184 -22
185 -22
186 -25
187 -29
188 -31
189 -41
190 -42
191 -43
192 -44
193 -46
194 -47
195 -49
196 -49
197 -53
198 -54
199 -52
200 -54
201 -47
202 -47
203 -49
204 -49
205 -52
206 -52
207 -51
208 -52
209 -52
210 -51
211 -47
212 -47
213 -49
214 -47
215 -46
216 -41
217 -40
218 -42
219 -40
220 -38
221 -40
222 -40
223 -40
224 -39
225 -35
226 -35
227 -35
228 -37
229 -38
230 -37
231 -34
232 -33
233 -31
234 -32
235 -29
236 -28
237 -26
238 -24
239 -32
240 -30
241 -25
242 -26
243 -25
244 -25
245 -24
246 -23
247 -27
248 -29
249 -26
250 -26
251 -27
252 -28
253 -27
254 -27
255 -27
