0 -17
1 -12
2 2
3 -3
4 -2
5 -1
6 -11
7 -10
8 -3
9 4
10 8
11 7
12 6
13 3
14 -1
15 -1
16 1
17 -6
18 -7
19 -10
20 -4
21 -9
22 -5
23 -6
24 -6
25 -2
26 -8
27 -7
28 -8
29 -13
30 -14
31 -15
32 -5
33 2
34 -2
35 -4
36 -5
37 5
38 4
39 2
40 -17
41 -15
42 -11
43 -11
44 -7
45 -5
46 -5
47 -1
48 -5
49 -6
50 -6
51 2
52 -6
53 -6
54 0
55 -1
56 -5
57 -9
58 -9
59 -11
60 -4
61 0
62 -1
63 -5
64 -7
65 0
66 4
67 9
68 9
69 6
70 6
71 -10
72 1
73 -1
74 -2
75 -4
76 -4
77 -13
78 -9
79 8
80 10
81 11
82 16
83 12
84 7
85 5
86 -4
87 -5
88 -1
89 -5
90 -5
91 -4
92 -8
93 5
94 2
95 -4
96 -2
97 9
98 9
99 11
100 16
101 17
102 19
103 9
104 -1
105 5
106 5
107 11
108 9
109 7
110 12
111 11
112 8
113 8
114 9
115 3
116 6
117 6
118 12
119 15
120 11
121 16
122 26
123 13
124 11
125 19
126 20
127 22
128 22
129 21
130 15
131 11
132 11
133 8
134 6
135 9
136 4
137 -2
138 3
139 14
140 7
141 4
142 -4
143 -3
144 -5
145 -7
146 -9
147 -2
148 -2
149 -1
150 6
151 -2
152 -5
153 -5
154 -7
155 -4
156 -16
157 -10
158 -12
159 2
160 -5
161 -1
162 -1
163 -1
164 1
165 1
166 2
167 4
168 0
169 -1
170 -2
171 3
172 -12
173 -11
174 -5
175 -10
176 -10
177 -3
178 -6
179 2
180 9
181 13
182 16
183 14
184 12
185 10
186 9
187 7
188 6
189 5
190 13
191 5
192 7
193 7
194 3
195 4
196 6
197 3
198 1
199 -4
200 -4
201 -5
202 1
203 0
204 -9
205 2
206 1
207 0
208 6
209 -1
210 3
211 -5
212 -4
213 4
214 4
215 4
216 -4
217 -7
218 -3
219 -10
220 -7
221 1
222 -4
223 -6
224 -5
225 -4
226 -3
227 -3
228 2
229 6
230 3
231 2
232 -4
233 -11
234 -13
235 -18
236 -17
237 -11
238 -10
239 -28
240 -29
241 -17
242 -16
243 -6
244 -3
245 -10
246 -10
247 -6
248 -2
249 1
250 -14
251 -11
252 -6
253 -4
254 -20
255 -18
