0 49
1 44
2 42
3 44
4 44
5 44
6 42
7 39
8 38
9 34
10 35
11 38
12 38
13 36
14 48
15 50
16 54
17 56
18 56
19 56
20 57
21 53
22 54
23 54
24 53
25 56
26 61
27 63
28 60
29 58
30 57
31 55
32 58
33 59
34 50
35 50
36 50
37 50
38 49
39 49
40 48
41 52
42 56
43 56
44 57
45 58
46 54
47 56
48 53
49 52
50 52
51 45
52 39
53 38
54 34
55 29
56 29
57 25
58 22
59 22
60 23
61 27
62 27
63 21
64 22
65 25
66 25
67 25
68 24
69 26
70 28
71 28
72 28
73 30
74 34
75 35
76 35
77 31
78 33
79 33
80 35
81 34
82 36
83 36
84 43
85 44
86 50
87 54
88 52
89 52
90 60
91 60
92 49
93 43
94 47
95 48
96 52
97 54
98 54
99 64
100 66
101 67
102 66
103 67
104 64
105 64
106 64
107 70
108 73
109 67
110 65
111 64
112 63
113 62
114 60
115 59
116 55
117 56
118 55
119 57
120 55
121 55
122 52
123 49
124 46
125 46
126 47
127 46
128 43
129 42
130 44
131 44
132 40
133 48
134 56
135 56
136 57
137 69
138 68
139 67
140 63
141 66
142 63
143 63
144 57
145 57
146 58
147 61
148 66
149 65
150 65
151 68
152 78
153 80
154 81
155 79
156 77
157 77
158 80
159 78
160 79
161 71
162 76
163 75
164 75
165 76
166 75
167 74
168 73
169 72
170 68
171 70
172 71
173 72
174 73
175 65
176 66
177 66
178 67
179 68
180 69
181 66
182 66
183 66
184 66
185 63
186 61
187 61
188 62
189 59
190 58
191 58
192 57
193 58
194 56
195 64
196 70
197 61
198 62
199 62
200 62
201 68
202 62
203 61
204 61
205 67
206 69
207 66
208 68
209 67
210 63
211 64
212 58
213 59
214 59
215 59
216 55
217 52
218 52
219 53
220 54
221 53
222 53
223 50
224 55
225 51
226 53
227 54
228 54
229 54
230 56
231 56
232 56
233 50
234 52
235 50
236 50
237 46
238 47
239 45
240 46
241 44
242 44
243 42
244 45
245 47
246 48
247 46
248 41
249 43
250 43
251 43
252 47
253 47
254 47
255 49
