0 -3
1 -1
2 -1
3 -1
4 2
5 9
6 9
7 22
8 23
9 16
10 13
11 11
12 10
13 8
14 10
15 10
16 8
17 5
18 4
19 -7
20 -14
21 -5
22 -8
23 -9
24 -13
25 -15
26 -3
27 3
28 11
29 8
30 16
31 21
32 21
33 13
34 13
35 5
36 5
37 7
38 7
39 7
40 4
41 6
42 5
43 8
44 11
45 10
46 -1
47 -2
48 -11
49 -11
50 -6
51 -4
52 0
53 0
54 -1
55 0
56 0
57 0
58 -5
59 -5
60 3
61 3
62 6
63 -7
64 -7
65 -12
66 -20
67 -22
68 -28
69 -24
70 -8
71 -4
72 -6
73 -7
74 -12
75 -11
76 1
77 -1
78 -2
79 -2
80 -2
81 -2
82 -2
83 -3
84 -3
85 -6
86 -4
87 -5
88 -4
89 -8
90 -5
91 -4
92 1
93 7
94 9
95 14
96 11
97 11
98 9
99 6
100 7
101 0
102 -1
103 -17
104 -18
105 -12
106 -18
107 -16
108 -17
109 -7
110 -14
111 -16
112 -8
113 -8
114 -8
115 -11
116 -6
117 -5
118 -13
119 -12
120 -7
121 -7
122 -10
123 -7
124 -7
125 -4
126 -3
127 -1
128 1
129 -1
130 -1
131 5
132 7
133 11
134 11
135 16
136 16
137 13
138 11
139 15
140 15
141 17
142 20
143 16
144 20
145 20
146 20
147 22
148 28
149 26
150 27
151 14
152 12
153 1
154 6
155 9
156 6
157 4
158 3
159 2
160 0
161 1
162 8
163 14
164 21
165 21
166 14
167 10
168 7
169 5
170 3
171 12
172 14
173 14
174 12
175 7
176 9
177 11
178 1
179 1
180 -1
181 -2
182 -4
183 -5
184 -4
185 -5
186 -3
187 -3
188 -3
189 -3
190 -2
191 -7
192 -3
193 -1
194 2
195 6
196 6
197 15
198 25
199 25
200 19
201 19
202 18
203 25
204 30
205 30
206 26
207 24
208 22
209 26
210 24
211 29
212 26
213 26
214 19
215 18
216 19
217 17
218 23
219 26
220 17
221 13
222 16
223 16
224 22
225 21
226 21
227 19
228 10
229 10
230 18
231 19
232 22
233 27
234 29
235 22
236 23
237 21
238 14
239 12
240 12
241 11
242 14
243 14
244 12
245 6
246 4
247 12
248 16
249 14
250 5
251 4
252 -4
253 -4
254 -3
255 4
