0 0
1 0
2 -1
3 -1
4 0
5 0
6 0
7 0
8 0
9 0
10 0
11 -1
12 -2
13 -1
14 0
15 1
16 1
17 1
18 -1
19 -1
20 -1
21 2
22 2
23 1
24 1
25 0
26 0
27 -1
28 0
29 -1
30 2
31 -3
32 -3
33 -2
34 -1
35 -2
36 -1
37 -1
38 -1
39 -1
40 0
41 -1
42 0
43 0
44 1
45 -1
46 -1
47 -1
48 -1
49 -1
50 -1
51 -1
52 0
53 0
54 0
55 0
56 1
57 -1
58 -1
59 0
60 1
61 1
62 1
63 2
64 -1
65 -1
66 -1
67 0
68 0
69 1
70 1
71 -1
72 -1
73 -1
74 0
75 -1
76 0
77 0
78 0
79 0
80 0
81 0
82 -2
83 1
84 1
85 1
86 1
87 0
88 1
89 -1
90 -1
91 0
92 1
93 1
94 0
95 1
96 2
97 2
98 2
99 1
100 0
101 0
102 0
103 0
104 2
105 1
106 1
107 0
108 0
109 0
110 0
111 2
112 1
113 0
114 0
115 -1
116 0
117 -1
118 -1
119 2
120 1
121 2
122 1
123 2
124 2
125 0
126 -2
127 3
128 1
129 1
130 0
131 2
132 2
133 2
134 -1
135 -1
136 0
137 -1
138 0
139 1
140 1
141 1
142 1
143 0
144 0
145 0
146 0
147 0
148 1
149 1
150 2
151 3
152 4
153 4
154 3
155 1
156 1
157 0
158 -1
159 0
160 -1
161 -1
162 -1
163 -3
164 -3
165 -2
166 1
167 1
168 1
169 -1
170 -1
171 -1
172 -2
173 -1
174 -1
175 -1
176 -1
177 0
178 1
179 1
180 1
181 0
182 1
183 4
184 4
185 5
186 1
187 1
188 1
189 1
190 1
191 1
192 1
193 0
194 0
195 0
196 -1
197 -2
198 -1
199 1
200 -1
201 -2
202 -3
203 0
204 0
205 0
206 0
207 0
208 -1
209 0
210 -2
211 0
212 0
213 0
214 0
215 0
216 0
217 0
218 0
219 1
220 2
221 2
222 2
223 1
224 -1
225 1
226 1
227 1
228 0
229 0
230 1
231 0
232 0
233 6
234 0
235 -1
236 -1
237 -1
238 -2
239 -2
240 -3
241 -2
242 -2
243 -1
244 0
245 1
246 1
247 1
248 1
249 0
250 0
251 0
252 0
253 1
254 0
255 1
