0 30
1 34
2 35
3 32
4 32
5 33
6 30
7 25
8 16
9 15
10 12
11 10
12 8
13 8
14 9
15 9
16 7
17 1
18 1
19 -3
20 -3
21 -1
22 12
23 21
24 23
25 25
26 25
27 24
28 25
29 22
30 27
31 26
32 18
33 19
34 19
35 19
36 20
37 14
38 16
39 16
40 17
41 17
42 12
43 0
44 -1
45 -1
46 -4
47 -5
48 -1
49 0
50 -1
51 4
52 0
53 1
54 1
55 2
56 1
57 5
58 13
59 14
60 16
61 14
62 9
63 3
64 7
65 8
66 10
67 13
68 13
69 11
70 8
71 9
72 9
73 9
74 5
75 10
76 -3
77 -11
78 -6
79 -8
80 -7
81 -15
82 -14
83 -15
84 -18
85 -7
86 -17
87 -13
88 -14
89 -15
90 -15
91 -30
92 -28
93 -31
94 -36
95 -25
96 -30
97 -34
98 -43
99 -33
100 -31
101 -31
102 -18
103 -27
104 -25
105 -30
106 -31
107 -31
108 -31
109 -28
110 -30
111 -31
112 -28
113 -23
114 -32
115 -27
116 -30
117 -30
118 -31
119 -21
120 -22
121 -22
122 -21
123 -20
124 -23
125 -25
126 -22
127 -16
128 -9
129 -10
130 -11
131 -9
132 -3
133 4
134 1
135 1
136 -2
137 3
138 2
139 2
140 12
141 20
142 34
143 32
144 34
145 43
146 43
147 44
148 39
149 46
150 49
151 46
152 49
153 47
154 47
155 48
156 48
157 46
158 47
159 44
160 43
161 46
162 49
163 49
164 50
165 46
166 51
167 56
168 52
169 52
170 58
171 59
172 68
173 66
174 69
175 72
176 77
177 78
178 77
179 60
180 62
181 59
182 65
183 67
184 65
185 67
186 70
187 65
188 66
189 65
190 65
191 66
192 66
193 61
194 60
195 55
196 47
197 54
198 55
199 62
200 62
201 57
202 57
203 47
204 46
205 45
206 41
207 43
208 36
209 33
210 32
211 32
212 34
213 38
214 45
215 42
216 40
217 40
218 37
219 34
220 37
221 34
222 29
223 23
224 16
225 18
226 17
227 15
228 16
229 18
230 22
231 21
232 21
233 23
234 21
235 18
236 17
237 16
238 15
239 17
240 18
241 17
242 9
243 19
244 16
245 8
246 15
247 17
248 25
249 19
250 31
251 43
252 42
253 41
254 40
255 34
