0 -2
1 -42
2 -43
3 -43
4 -38
5 -37
6 -36
7 -28
8 -26
9 -24
10 -23
11 -25
12 -30
13 -30
14 -9
15 -10
16 -12
17 -13
18 -14
19 -21
20 -15
21 -9
22 -10
23 -10
24 -7
25 -9
26 -17
27 -18
28 -23
29 -22
30 -21
31 -24
32 -32
33 -31
34 -32
35 -28
36 -31
37 -30
38 -32
39 -23
40 -15
41 -13
42 -10
43 -5
44 0
45 -6
46 -4
47 2
48 -6
49 -4
50 -6
51 -4
52 -7
53 -7
54 -9
55 -13
56 -9
57 -10
58 -7
59 -10
60 -7
61 -13
62 -12
63 -17
64 -19
65 -20
66 -26
67 -25
68 -26
69 -23
70 -36
71 -38
72 -36
73 -42
74 -41
75 -41
76 -30
77 -46
78 -41
79 -39
80 -40
81 -34
82 -34
83 -27
84 -30
85 -45
86 -43
87 -44
88 -36
89 -37
90 -39
91 -43
92 -43
93 -43
94 -36
95 -32
96 -48
97 -47
98 -48
99 -44
100 -44
101 -45
102 -45
103 -46
104 -21
105 -22
106 -16
107 -12
108 -7
109 -2
110 -5
111 -3
112 1
113 0
114 10
115 9
116 5
117 7
118 5
119 18
120 13
121 9
122 14
123 13
124 26
125 22
126 19
127 22
128 33
129 34
130 27
131 26
132 27
133 29
134 28
135 33
136 35
137 21
138 19
139 2
140 -2
141 12
142 14
143 21
144 18
145 16
146 8
147 3
148 3
149 9
150 5
151 9
152 15
153 8
154 15
155 10
156 13
157 11
158 12
159 17
160 22
161 30
162 32
163 32
164 40
165 45
166 45
167 38
168 38
169 50
170 45
171 48
172 34
173 34
174 41
175 36
176 34
177 36
178 36
179 20
180 34
181 28
182 27
183 27
184 32
185 32
186 22
187 21
188 22
189 28
190 34
191 23
192 24
193 29
194 30
195 41
196 44
197 58
198 59
199 45
200 46
201 43
202 42
203 20
204 19
205 25
206 28
207 43
208 47
209 61
210 57
211 35
212 36
213 33
214 33
215 20
216 18
217 27
218 24
219 17
220 11
221 15
222 26
223 28
224 38
225 37
226 40
227 40
228 28
229 10
230 8
231 9
232 10
233 9
234 8
235 19
236 37
237 32
238 26
239 25
240 25
241 7
242 3
243 4
244 5
245 17
246 16
247 17
248 11
249 2
250 11
251 21
252 22
253 13
254 6
255 -2
