0 11
1 22
2 19
3 15
4 15
5 14
6 27
7 24
8 25
9 22
10 28
11 16
12 15
13 19
14 18
15 18
16 3
17 2
18 9
19 23
20 26
21 37
22 43
23 41
24 30
25 48
26 36
27 38
28 36
29 34
30 29
31 32
32 23
33 29
34 29
35 29
36 30
37 27
38 5
39 4
40 -2
41 -1
42 -10
43 -11
44 -12
45 -9
46 -15
47 -13
48 -14
49 -16
50 -16
51 -19
52 -19
53 -14
54 -20
55 -24
56 -23
57 -25
58 -25
59 -6
60 -7
61 -12
62 -9
63 -6
64 -6
65 2
66 4
67 -19
68 -20
69 -21
70 -20
71 -13
72 0
73 15
74 18
75 14
76 16
77 25
78 25
79 27
80 24
81 24
82 24
83 28
84 37
85 24
86 14
87 10
88 20
89 19
90 21
91 22
92 27
93 26
94 25
95 17
96 11
97 10
98 8
99 -1
100 -1
101 -1
102 1
103 -2
104 -2
105 1
106 -5
107 4
108 -4
109 -1
110 1
111 -3
112 -4
113 -2
114 5
115 11
116 10
117 10
118 11
119 12
120 6
121 5
122 5
123 -8
124 0
125 -17
126 -17
127 -17
128 -9
129 -17
130 -21
131 -28
132 -23
133 -32
134 -33
135 -31
136 -18
137 -6
138 3
139 1
140 2
141 -3
142 3
143 3
144 12
145 8
146 8
147 5
148 5
149 -2
150 -2
151 -23
152 -27
153 -25
154 -35
155 -39
156 -40
157 -37
158 -35
159 -36
160 -36
161 -37
162 -35
163 -40
164 -42
165 -39
166 -46
167 -46
168 -43
169 -34
170 -28
171 -28
172 -23
173 -11
174 -11
175 -11
176 -13
177 -7
178 11
179 17
180 23
181 15
182 12
183 13
184 3
185 6
186 0
187 -3
188 0
189 1
190 -13
191 -26
192 -35
193 -34
194 -32
195 -29
196 -29
197 -31
198 -30
199 -28
200 -25
201 -24
202 -22
203 -27
204 -9
205 -20
206 -16
207 -17
208 -32
209 -24
210 -17
211 -18
212 -26
213 -27
214 -23
215 -18
216 -16
217 -9
218 -7
219 -6
220 -3
221 3
222 4
223 4
224 1
225 -1
226 0
227 -9
228 4
229 3
230 -6
231 3
232 1
233 2
234 -5
235 -7
236 -8
237 -6
238 -14
239 -20
240 -20
241 -13
242 -8
243 -11
244 -11
245 -15
246 -15
247 0
248 -3
249 0
250 4
251 10
252 10
253 8
254 11
255 3
