0 -1
1 -1
2 -1
3 -1
4 0
5 1
6 1
7 1
8 -1
9 2
10 -1
11 -1
12 0
13 0
14 -1
15 -1
16 1
17 0
18 0
19 2
20 2
21 3
22 1
23 0
24 -1
25 0
26 -1
27 -1
28 -1
29 -1
30 0
31 2
32 0
33 -1
34 -1
35 -1
36 0
37 0
38 -1
39 -1
40 -2
41 -2
42 -2
43 -2
44 -1
45 -2
46 -2
47 -3
48 0
49 1
50 1
51 2
52 1
53 1
54 0
55 0
56 -1
57 -1
58 -1
59 -1
60 -2
61 1
62 1
63 0
64 -1
65 -1
66 -1
67 3
68 3
69 -1
70 0
71 1
72 0
73 0
74 0
75 -2
76 -2
77 -1
78 -1
79 -1
80 -2
81 -1
82 -1
83 -1
84 0
85 1
86 2
87 2
88 0
89 1
90 4
91 2
92 1
93 0
94 0
95 -1
96 0
97 0
98 2
99 2
100 2
101 -1
102 -1
103 -1
104 0
105 0
106 2
107 2
108 1
109 1
110 -2
111 -4
112 -4
113 1
114 0
115 2
116 0
117 0
118 1
119 1
120 0
121 0
122 0
123 0
124 1
125 1
126 -2
127 -1
128 -1
129 -1
130 -1
131 -1
132 -1
133 -1
134 0
135 1
136 1
137 0
138 -1
139 -1
140 -1
141 -1
142 -1
143 -2
144 -1
145 0
146 0
147 -1
148 -2
149 2
150 0
151 2
152 0
153 0
154 -1
155 -1
156 0
157 0
158 0
159 0
160 0
161 -1
162 0
163 0
164 0
165 0
166 0
167 0
168 -1
169 0
170 0
171 0
172 0
173 0
174 -1
175 0
176 0
177 -1
178 -1
179 -2
180 -1
181 0
182 0
183 0
184 0
185 0
186 0
187 -1
188 -1
189 -2
190 -1
191 0
192 2
193 2
194 1
195 0
196 0
197 -1
198 -1
199 -1
200 -1
201 -1
202 0
203 0
204 0
205 0
206 0
207 -1
208 -1
209 -2
210 0
211 0
212 2
213 2
214 -1
215 0
216 0
217 -3
218 -4
219 -3
220 -1
221 0
222 -1
223 0
224 1
225 2
226 2
227 3
228 3
229 3
230 3
231 0
232 0
233 0
234 0
235 -1
236 -1
237 -1
238 -2
239 -4
240 -4
241 -4
242 0
243 -2
244 0
245 0
246 -1
247 -1
248 -2
249 -3
250 -2
251 -2
252 -2
253 -1
254 -1
255 -2
