0 -1
1 -3
2 -1
3 -1
4 -1
5 -2
6 1
7 -4
8 -4
9 -1
10 -3
11 -4
12 -3
13 3
14 0
15 0
16 5
17 3
18 2
19 2
20 -3
21 -5
22 -6
23 -4
24 -2
25 -2
26 0
27 -2
28 -3
29 1
30 4
31 -3
32 -2
33 -2
34 4
35 1
36 1
37 1
38 1
39 2
40 2
41 3
42 2
43 2
44 3
45 0
46 8
47 -6
48 -8
49 -7
50 -7
51 -8
52 -9
53 -12
54 -7
55 -8
56 -2
57 -3
58 -2
59 2
60 1
61 -1
62 2
63 2
64 5
65 3
66 1
67 2
68 1
69 0
70 0
71 -1
72 -2
73 -1
74 -1
75 1
76 4
77 3
78 6
79 2
80 2
81 -4
82 -2
83 0
84 0
85 -3
86 -4
87 0
88 -3
89 -8
90 -7
91 -7
92 -1
93 -4
94 0
95 0
96 0
97 1
98 2
99 0
100 -3
101 1
102 2
103 2
104 -1
105 -1
106 0
107 3
108 2
109 -1
110 1
111 3
112 -1
113 0
114 1
115 -1
116 -1
117 -2
118 -6
119 -7
120 -7
121 0
122 1
123 -3
124 -2
125 -2
126 0
127 2
128 1
129 1
130 3
131 7
132 5
133 5
134 3
135 4
136 1
137 0
138 0
139 1
140 1
141 1
142 2
143 5
144 4
145 2
146 0
147 9
148 5
149 5
150 5
151 5
152 6
153 5
154 6
155 4
156 -1
157 -3
158 -2
159 -3
160 -1
161 -4
162 -4
163 0
164 -3
165 -6
166 -5
167 2
168 2
169 3
170 4
171 3
172 3
173 4
174 1
175 4
176 4
177 -4
178 -3
179 -3
180 0
181 2
182 -1
183 0
184 -5
185 -4
186 -5
187 -1
188 -1
189 0
190 0
191 0
192 1
193 1
194 0
195 2
196 2
197 1
198 3
199 -1
200 -1
201 7
202 7
203 5
204 3
205 0
206 -1
207 0
208 -2
209 -2
210 -4
211 -3
212 -3
213 -8
214 -5
215 -1
216 -1
217 -1
218 -2
219 -9
220 -5
221 -4
222 -1
223 0
224 0
225 3
226 1
227 1
228 0
229 -3
230 -5
231 -5
232 -4
233 2
234 -1
235 0
236 -1
237 -1
238 -2
239 1
240 5
241 6
242 2
243 1
244 3
245 3
246 4
247 5
248 5
249 5
250 4
251 -3
252 -3
253 5
254 0
255 0
