0 -14
1 -14
2 -3
3 -8
4 8
5 11
6 17
7 11
8 1
9 0
10 -17
11 -18
12 2
13 -3
14 -12
15 4
16 23
17 20
18 5
19 -1
20 2
21 1
22 6
23 3
24 3
25 -2
26 10
27 2
28 1
29 4
30 3
31 7
32 -10
33 -13
34 -24
35 -37
36 -27
37 -31
38 -24
39 7
40 -2
41 0
42 -1
43 2
44 2
45 4
46 4
47 6
48 8
49 9
50 7
51 5
52 4
53 5
54 -4
55 -2
56 4
57 6
58 12
59 19
60 13
61 11
62 12
63 22
64 22
65 31
66 31
67 30
68 21
69 22
70 26
71 25
72 13
73 12
74 7
75 10
76 7
77 -4
78 -4
79 -4
80 4
81 7
82 6
83 11
84 19
85 20
86 19
87 31
88 26
89 24
90 22
91 20
92 12
93 16
94 17
95 10
96 1
97 1
98 13
99 9
100 13
101 9
102 12
103 10
104 -27
105 -26
106 -16
107 -4
108 -18
109 -12
110 -16
111 -14
112 -19
113 -18
114 -27
115 -23
116 -20
117 -17
118 -13
119 -12
120 1
121 4
122 -12
123 -12
124 -4
125 -4
126 -4
127 6
128 6
129 5
130 6
131 5
132 12
133 3
134 2
135 0
136 1
137 5
138 4
139 0
140 -6
141 18
142 17
143 20
144 15
145 15
146 11
147 8
148 -3
149 -2
150 -3
151 6
152 4
153 12
154 12
155 15
156 22
157 22
158 15
159 16
160 18
161 20
162 19
163 17
164 7
165 8
166 13
167 9
168 8
169 2
170 3
171 1
172 19
173 4
174 4
175 -5
176 -7
177 -13
178 -22
179 -9
180 -8
181 -8
182 -4
183 -4
184 -3
185 -1
186 2
187 3
188 5
189 2
190 9
191 8
192 4
193 0
194 -1
195 -1
196 3
197 -11
198 -9
199 -21
200 -19
201 -15
202 -12
203 -12
204 -10
205 -5
206 -2
207 9
208 10
209 10
210 10
211 8
212 7
213 6
214 4
215 -11
216 -5
217 -4
218 -4
219 -2
220 2
221 0
222 -2
223 2
224 9
225 11
226 1
227 -8
228 -10
229 -7
230 -12
231 -18
232 -9
233 -5
234 -2
235 -5
236 -8
237 -6
238 -10
239 -12
240 -18
241 -15
242 -11
243 -8
244 -3
245 -1
246 3
247 0
248 -1
249 -4
250 -6
251 -6
252 -7
253 -10
254 -10
255 -15
