0 10
1 6
2 5
3 5
4 4
5 4
6 2
7 5
8 -14
9 -15
10 2
11 7
12 6
13 18
14 16
15 5
16 24
17 20
18 16
19 14
20 14
21 23
22 14
23 10
24 13
25 11
26 7
27 7
28 7
29 13
30 13
31 10
32 1
33 -2
34 -9
35 -9
36 -7
37 -6
38 -4
39 -2
40 -10
41 -11
42 -13
43 -9
44 -10
45 -14
46 -10
47 -7
48 -5
49 -10
50 -12
51 -10
52 -7
53 -6
54 -7
55 -3
56 -1
57 1
58 0
59 0
60 -1
61 -9
62 -4
63 1
64 1
65 -7
66 -3
67 -6
68 -7
69 1
70 3
71 -1
72 -2
73 1
74 4
75 9
76 8
77 6
78 12
79 11
80 11
81 15
82 0
83 -10
84 -13
85 -11
86 -15
87 -15
88 -1
89 2
90 3
91 -3
92 7
93 0
94 -1
95 -2
96 1
97 2
98 10
99 7
100 5
101 13
102 10
103 12
104 9
105 14
106 11
107 14
108 13
109 6
110 5
111 4
112 6
113 -1
114 -3
115 -11
116 -9
117 -13
118 -14
119 -15
120 -18
121 -14
122 -5
123 -1
124 -2
125 -3
126 -7
127 -11
128 -22
129 -15
130 -8
131 -8
132 -3
133 6
134 1
135 -4
136 -3
137 -2
138 -9
139 -18
140 -13
141 -12
142 -11
143 -1
144 0
145 -2
146 0
147 2
148 3
149 -4
150 -6
151 -9
152 -6
153 -8
154 -1
155 -3
156 -18
157 -19
158 -10
159 -9
160 3
161 8
162 9
163 9
164 5
165 6
166 3
167 -3
168 1
169 -1
170 -14
171 -12
172 -9
173 -13
174 2
175 1
176 1
177 1
178 1
179 -6
180 -11
181 -7
182 -7
183 3
184 3
185 7
186 9
187 14
188 11
189 19
190 19
191 13
192 14
193 13
194 13
195 16
196 9
197 3
198 1
199 5
200 4
201 3
202 4
203 9
204 -4
205 3
206 9
207 6
208 8
209 9
210 0
211 2
212 -6
213 -3
214 -8
215 -8
216 1
217 -1
218 6
219 7
220 7
221 5
222 26
223 27
224 5
225 8
226 1
227 -3
228 -7
229 -9
230 -3
231 1
232 0
233 8
234 5
235 -5
236 -3
237 0
238 4
239 2
240 -8
241 -9
242 -10
243 -6
244 -1
245 4
246 6
247 -13
248 -7
249 2
250 4
251 3
252 11
253 10
254 12
255 13
