0 -7
1 10
2 11
3 8
4 7
5 6
6 7
7 4
8 4
9 1
10 2
11 2
12 -12
13 -4
14 -15
15 -11
16 -15
17 -25
18 -28
19 -27
20 -30
21 -18
22 -16
23 -20
24 -25
25 -23
26 -20
27 -18
28 -19
29 -22
30 -25
31 -20
32 -7
33 0
34 -7
35 -5
36 0
37 1
38 -1
39 0
40 2
41 7
42 5
43 -1
44 5
45 8
46 12
47 8
48 6
49 10
50 8
51 7
52 7
53 3
54 7
55 5
56 7
57 7
58 8
59 6
60 2
61 -3
62 -5
63 -5
64 1
65 3
66 7
67 12
68 10
69 0
70 3
71 -3
72 -3
73 6
74 8
75 -1
76 0
77 2
78 0
79 -4
80 -3
81 -5
82 -16
83 -15
84 -14
85 -9
86 -15
87 -16
88 -18
89 -9
90 3
91 2
92 0
93 -5
94 2
95 15
96 15
97 8
98 6
99 4
100 5
101 5
102 18
103 18
104 10
105 19
106 14
107 12
108 13
109 12
110 7
111 5
112 14
113 13
114 13
115 -2
116 3
117 3
118 3
119 0
120 -6
121 -5
122 -6
123 -6
124 -8
125 -17
126 -13
127 -6
128 -10
129 -12
130 -10
131 -11
132 -5
133 -2
134 3
135 3
136 0
137 1
138 1
139 2
140 3
141 -6
142 3
143 4
144 0
145 -5
146 -9
147 -2
148 7
149 3
150 -1
151 4
152 3
153 4
154 3
155 6
156 0
157 -8
158 -10
159 -17
160 -15
161 -4
162 4
163 2
164 -2
165 5
166 11
167 17
168 12
169 15
170 11
171 9
172 14
173 15
174 14
175 20
176 3
177 -3
178 1
179 -1
180 -4
181 -13
182 -15
183 -11
184 -15
185 -15
186 -9
187 -12
188 -12
189 -19
190 -2
191 5
192 3
193 0
194 5
195 -4
196 -2
197 -1
198 -8
199 0
200 0
201 1
202 -4
203 7
204 7
205 10
206 4
207 4
208 4
209 -16
210 -19
211 -25
212 -24
213 -12
214 -12
215 -16
216 -16
217 -17
218 -20
219 -26
220 -25
221 -25
222 -24
223 -20
224 -17
225 -6
226 -2
227 0
228 -3
229 -4
230 -11
231 -14
232 -19
233 -4
234 -1
235 -6
236 -5
237 -7
238 -10
239 -3
240 -9
241 -9
242 -5
243 -4
244 -3
245 -2
246 -1
247 -1
248 0
249 2
250 -5
251 -15
252 -5
253 3
254 -3
255 -7
