0 66
1 73
2 72
3 69
4 70
5 71
6 69
7 69
8 71
9 72
10 71
11 66
12 65
13 65
14 64
15 64
16 66
17 61
18 63
19 62
20 56
21 56
22 57
23 59
24 61
25 57
26 57
27 59
28 55
29 50
30 52
31 53
32 51
33 48
34 51
35 50
36 50
37 51
38 57
39 56
40 54
41 56
42 56
43 58
44 58
45 59
46 59
47 62
48 61
49 63
50 60
51 60
52 60
53 57
54 55
55 54
56 58
57 60
58 62
59 60
60 64
61 63
62 63
63 64
64 68
65 65
66 65
67 61
68 59
69 61
70 62
71 64
72 61
73 63
74 58
75 54
76 53
77 60
78 55
79 50
80 50
81 50
82 51
83 54
84 54
85 53
86 50
87 49
88 53
89 53
90 51
91 52
92 53
93 53
94 54
95 51
96 52
97 51
98 51
99 52
100 53
101 53
102 53
103 57
104 57
105 59
106 61
107 64
108 65
109 65
110 62
111 63
112 62
113 63
114 58
115 57
116 59
117 61
118 61
119 66
120 63
121 63
122 63
123 61
124 61
125 66
126 67
127 69
128 67
129 64
130 64
131 65
132 65
133 61
134 58
135 47
136 49
137 43
138 44
139 44
140 41
141 43
142 46
143 46
144 45
145 43
146 43
147 46
148 46
149 47
150 49
151 40
152 41
153 44
154 45
155 44
156 44
157 41
158 40
159 42
160 44
161 43
162 48
163 48
164 47
165 42
166 42
167 46
168 49
169 49
170 49
171 53
172 53
173 53
174 55
175 63
176 65
177 69
178 69
179 69
180 69
181 67
182 63
183 64
184 69
185 66
186 64
187 63
188 60
189 60
190 63
191 67
192 65
193 60
194 59
195 61
196 58
197 58
198 58
199 60
200 58
201 55
202 55
203 56
204 56
205 50
206 52
207 57
208 56
209 59
210 61
211 59
212 57
213 56
214 56
215 56
216 56
217 56
218 50
219 48
220 49
221 44
222 47
223 52
224 53
225 52
226 52
227 52
228 53
229 54
230 59
231 59
232 60
233 58
234 60
235 58
236 61
237 61
238 62
239 57
240 62
241 62
242 65
243 63
244 57
245 58
246 59
247 60
248 58
249 66
250 59
251 59
252 62
253 62
254 61
255 62
