0 63
1 71
2 69
3 72
4 71
5 72
6 72
7 71
8 67
9 70
10 71
11 72
12 69
13 72
14 73
15 68
16 65
17 61
18 61
19 61
20 64
21 54
22 46
23 42
24 29
25 23
26 24
27 24
28 31
29 35
30 25
31 25
32 31
33 36
34 35
35 37
36 35
37 35
38 41
39 41
40 42
41 10
42 -3
43 -3
44 1
45 10
46 21
47 19
48 17
49 16
50 19
51 29
52 28
53 21
54 22
55 23
56 16
57 11
58 15
59 15
60 16
61 18
62 24
63 33
64 38
65 40
66 42
67 43
68 49
69 52
70 50
71 56
72 69
73 73
74 64
75 57
76 65
77 57
78 56
79 72
80 68
81 65
82 69
83 75
84 76
85 77
86 95
87 102
88 97
89 99
90 93
91 101
92 104
93 96
94 94
95 90
96 88
97 78
98 73
99 69
100 68
101 81
102 83
103 79
104 84
105 93
106 93
107 99
108 100
109 104
110 97
111 95
112 92
113 88
114 81
115 84
116 74
117 80
118 81
119 81
120 72
121 72
122 76
123 74
124 76
125 75
126 82
127 72
128 71
129 64
130 68
131 70
132 79
133 77
134 92
135 92
136 90
137 99
138 97
139 95
140 108
141 107
142 110
143 115
144 104
145 103
146 103
147 93
148 96
149 78
150 90
151 100
152 99
153 99
154 95
155 89
156 90
157 89
158 89
159 94
160 105
161 104
162 101
163 104
164 101
165 112
166 108
167 107
168 101
169 97
170 100
171 97
172 84
173 91
174 90
175 96
176 95
177 96
178 100
179 88
180 93
181 90
182 87
183 100
184 97
185 101
186 108
187 112
188 114
189 122
190 128
191 120
192 113
193 113
194 115
195 119
196 116
197 112
198 111
199 119
200 109
201 110
202 112
203 108
204 107
205 106
206 94
207 95
208 99
209 98
210 104
211 97
212 94
213 95
214 95
215 92
216 93
217 94
218 94
219 126
220 124
221 119
222 119
223 117
224 112
225 108
226 109
227 122
228 125
229 117
230 112
231 112
232 79
233 66
234 54
235 61
236 62
237 52
238 42
239 40
240 35
241 26
242 26
243 25
244 27
245 25
246 33
247 37
248 34
249 52
250 51
251 54
252 50
253 62
254 57
255 57
