0 5
1 4
2 4
3 6
4 5
5 4
6 4
7 3
8 2
9 2
10 1
11 2
12 1
13 2
14 2
15 1
16 2
17 3
18 4
19 3
20 3
21 5
22 5
23 5
24 4
25 8
26 8
27 8
28 1
29 2
30 2
31 2
32 2
33 2
34 1
35 1
36 2
37 2
38 2
39 2
40 7
41 7
42 6
43 7
44 5
45 3
46 3
47 3
48 5
49 5
50 3
51 2
52 1
53 1
54 3
55 1
56 0
57 0
58 0
59 0
60 0
61 1
62 3
63 1
64 1
65 2
66 1
67 1
68 1
69 2
70 1
71 1
72 2
73 3
74 3
75 6
76 5
77 5
78 4
79 5
80 7
81 7
82 7
83 7
84 7
85 7
86 7
87 5
88 4
89 4
90 5
91 5
92 6
93 7
94 7
95 3
96 3
97 3
98 1
99 2
100 2
101 1
102 4
103 4
104 4
105 5
106 4
107 2
108 -1
109 -3
110 -3
111 -4
112 -4
113 -5
114 -6
115 -6
116 -9
117 -9
118 -8
119 -8
120 -8
121 -10
122 -9
123 -9
124 -10
125 -11
126 -10
127 -9
128 -12
129 -12
130 -10
131 -9
132 -5
133 -6
134 -6
135 -7
136 -6
137 -3
138 -3
139 -3
140 -2
141 -2
142 -4
143 -3
144 -7
145 -6
146 -6
147 -4
148 -4
149 1
150 2
151 2
152 2
153 2
154 4
155 2
156 3
157 3
158 1
159 1
160 2
161 2
162 2
163 2
164 -2
165 0
166 0
167 0
168 0
169 1
170 1
171 1
172 2
173 3
174 1
175 1
176 -2
177 -2
178 -1
179 -2
180 -2
181 0
182 -1
183 -1
184 -2
185 -3
186 -4
187 -5
188 -5
189 -6
190 -7
191 -7
192 -1
193 -1
194 -1
195 0
196 1
197 5
198 2
199 5
200 3
201 5
202 3
203 4
204 5
205 4
206 3
207 3
208 5
209 8
210 7
211 7
212 6
213 5
214 7
215 6
216 5
217 6
218 10
219 9
220 9
221 7
222 6
223 5
224 -1
225 1
226 2
227 2
228 4
229 4
230 5
231 4
232 3
233 3
234 1
235 1
236 1
237 1
238 -1
239 -1
240 3
241 5
242 7
243 9
244 6
245 6
246 4
247 4
248 4
249 4
250 3
251 3
252 2
253 2
254 1
255 5
