0 -13
1 -14
2 -11
3 -14
4 -13
5 -10
6 -10
7 -3
8 2
9 -2
10 -3
11 -6
12 -3
13 2
14 3
15 -1
16 -1
17 -3
18 -5
19 -18
20 -17
21 -13
22 -8
23 -9
24 -3
25 -4
26 -6
27 -3
28 -5
29 -6
30 -13
31 -16
32 -14
33 -23
34 -22
35 -22
36 -25
37 -20
38 -17
39 -18
40 -17
41 -16
42 -17
43 -15
44 -14
45 -15
46 -15
47 -18
48 -20
49 -25
50 -23
51 -22
52 -24
53 -25
54 -18
55 -11
56 -5
57 2
58 5
59 6
60 5
61 4
62 5
63 12
64 9
65 16
66 15
67 18
68 21
69 16
70 13
71 7
72 9
73 17
74 3
75 4
76 5
77 4
78 1
79 -1
80 -10
81 -12
82 -3
83 0
84 -3
85 5
86 6
87 9
88 6
89 2
90 9
91 8
92 10
93 10
94 9
95 8
96 10
97 18
98 13
99 10
100 8
101 9
102 9
103 8
104 9
105 -2
106 3
107 -12
108 -8
109 -5
110 -4
111 -4
112 -2
113 -4
114 -4
115 -4
116 1
117 3
118 5
119 0
120 -1
121 -11
122 -6
123 -4
124 -7
125 -6
126 -8
127 -8
128 -9
129 -9
130 1
131 4
132 7
133 2
134 1
135 1
136 4
137 0
138 0
139 -3
140 3
141 5
142 6
143 9
144 4
145 2
146 -1
147 -4
148 -7
149 0
150 -5
151 -6
152 -6
153 -5
154 -1
155 -1
156 -2
157 -3
158 0
159 4
160 3
161 2
162 -1
163 -2
164 -10
165 -11
166 -5
167 1
168 1
169 3
170 0
171 6
172 -7
173 -10
174 -11
175 0
176 0
177 -2
178 -1
179 -1
180 -9
181 -18
182 -21
183 -20
184 -21
185 -22
186 -17
187 -16
188 -18
189 -23
190 -24
191 -23
192 -22
193 -19
194 -20
195 -17
196 -10
197 -6
198 -10
199 -11
200 -13
201 -6
202 -2
203 -4
204 0
205 3
206 0
207 -10
208 -11
209 -5
210 -7
211 -14
212 -6
213 -9
214 8
215 11
216 8
217 9
218 4
219 1
220 6
221 7
222 5
223 14
224 16
225 12
226 10
227 7
228 13
229 11
230 10
231 5
232 5
233 6
234 0
235 1
236 -3
237 -8
238 -9
239 -5
240 1
241 3
242 -2
243 -5
244 -11
245 -14
246 -13
247 -8
248 -3
249 -2
250 -4
251 -9
252 -8
253 -11
254 -15
255 -13
