0 -13
1 -14
2 -14
3 -13
4 -15
5 -14
6 -11
7 -2
8 -2
9 -3
10 -1
11 3
12 5
13 7
14 7
15 9
16 8
17 6
18 7
19 12
20 8
21 8
22 5
23 7
24 8
25 8
26 8
27 9
28 8
29 4
30 5
31 5
32 3
33 3
34 3
35 2
36 3
37 4
38 5
39 8
40 10
41 11
42 10
43 10
44 13
45 14
46 12
47 13
48 14
49 22
50 19
51 20
52 14
53 14
54 14
55 12
56 11
57 10
58 5
59 6
60 7
61 9
62 12
63 11
64 10
65 8
66 11
67 11
68 8
69 10
70 10
71 10
72 9
73 7
74 8
75 5
76 3
77 2
78 -1
79 -3
80 -3
81 -3
82 0
83 -2
84 -2
85 -2
86 -1
87 -1
88 2
89 -3
90 -3
91 -5
92 -5
93 -8
94 -7
95 -10
96 -7
97 -7
98 -7
99 -8
100 -9
101 -9
102 -20
103 -20
104 -17
105 -16
106 -16
107 -17
108 -17
109 -18
110 -19
111 -20
112 -27
113 -28
114 -28
115 -26
116 -20
117 -15
118 -16
119 -11
120 -8
121 -8
122 -3
123 -3
124 -5
125 -8
126 -4
127 -2
128 -1
129 7
130 8
131 10
132 4
133 3
134 2
135 4
136 3
137 4
138 3
139 3
140 4
141 4
142 1
143 0
144 4
145 1
146 2
147 1
148 3
149 2
150 3
151 0
152 1
153 -1
154 3
155 1
156 -3
157 -4
158 -5
159 -3
160 -2
161 7
162 7
163 9
164 9
165 11
166 9
167 15
168 14
169 13
170 12
171 13
172 14
173 13
174 14
175 14
176 14
177 13
178 8
179 10
180 10
181 7
182 4
183 4
184 5
185 7
186 10
187 9
188 6
189 4
190 1
191 1
192 0
193 0
194 -4
195 -3
196 -4
197 -7
198 -7
199 -9
200 -10
201 -13
202 -13
203 -13
204 -12
205 -6
206 -6
207 -5
208 -6
209 -9
210 -8
211 -7
212 -5
213 -5
214 -6
215 -5
216 -6
217 -5
218 -7
219 -7
220 -5
221 -15
222 -17
223 -16
224 -25
225 -25
226 -25
227 -23
228 -24
229 -25
230 -25
231 -24
232 -21
233 -24
234 -29
235 -29
236 -30
237 -31
238 -31
239 -28
240 -30
241 -32
242 -32
243 -28
244 -29
245 -25
246 -24
247 -26
248 -25
249 -24
250 -23
251 -16
252 -16
253 -16
254 -16
255 -14
