0 1
1 -2
2 -3
3 -1
4 -6
5 -5
6 -5
7 2
8 -1
9 -1
10 2
11 0
12 0
13 -3
14 -2
15 -5
16 3
17 0
18 -3
19 -3
20 0
21 2
22 4
23 4
24 5
25 5
26 0
27 -1
28 0
29 0
30 2
31 0
32 -1
33 -6
34 -7
35 -4
36 -2
37 -3
38 -3
39 -3
40 -1
41 0
42 -4
43 -2
44 -2
45 -2
46 -2
47 0
48 0
49 -5
50 -3
51 0
52 -1
53 -2
54 -1
55 -3
56 -5
57 -8
58 -4
59 -4
60 -5
61 -4
62 -3
63 -1
64 -3
65 -5
66 -2
67 0
68 1
69 2
70 1
71 0
72 3
73 7
74 3
75 -2
76 2
77 -1
78 0
79 4
80 1
81 2
82 2
83 0
84 -1
85 -1
86 -1
87 1
88 3
89 8
90 5
91 3
92 -1
93 -2
94 -2
95 4
96 8
97 7
98 6
99 5
100 3
101 1
102 0
103 4
104 5
105 4
106 4
107 1
108 0
109 0
110 1
111 1
112 3
113 2
114 4
115 3
116 8
117 3
118 3
119 0
120 3
121 -2
122 -1
123 0
124 3
125 7
126 1
127 -1
128 0
129 0
130 -1
131 0
132 0
133 -3
134 -2
135 -1
136 1
137 3
138 5
139 3
140 4
141 3
142 0
143 0
144 1
145 2
146 1
147 3
148 -1
149 -8
150 -6
151 0
152 1
153 0
154 3
155 5
156 4
157 4
158 5
159 1
160 -3
161 -3
162 0
163 -1
164 -7
165 -4
166 -6
167 -5
168 -5
169 -5
170 -5
171 1
172 1
173 1
174 -2
175 0
176 0
177 0
178 0
179 6
180 6
181 6
182 7
183 5
184 7
185 6
186 6
187 2
188 -2
189 -2
190 0
191 1
192 -1
193 5
194 -2
195 -3
196 -5
197 -3
198 -4
199 0
200 1
201 0
202 3
203 2
204 4
205 3
206 1
207 0
208 3
209 0
210 0
211 1
212 0
213 -1
214 2
215 -1
216 -1
217 -4
218 -3
219 -2
220 1
221 3
222 4
223 5
224 5
225 5
226 5
227 0
228 -1
229 -2
230 0
231 -1
232 -1
233 -1
234 0
235 -1
236 2
237 0
238 3
239 1
240 0
241 -1
242 1
243 -1
244 1
245 8
246 5
247 -2
248 0
249 0
250 3
251 0
252 5
253 4
254 -2
255 0
