0 -7
1 -6
2 -11
3 -11
4 -17
5 -17
6 -20
7 -17
8 3
9 5
10 -2
11 -1
12 1
13 -8
14 -1
15 0
16 0
17 -5
18 -1
19 -1
20 6
21 4
22 8
23 1
24 -8
25 -3
26 -2
27 0
28 4
29 8
30 0
31 -3
32 -1
33 -7
34 0
35 0
36 -3
37 -1
38 7
39 6
40 -10
41 -21
42 -24
43 -16
44 -19
45 -19
46 -26
47 -11
48 -16
49 -11
50 2
51 4
52 6
53 3
54 8
55 -8
56 2
57 0
58 -2
59 -5
60 4
61 5
62 8
63 3
64 2
65 1
66 0
67 0
68 1
69 3
70 7
71 7
72 12
73 10
74 18
75 24
76 26
77 27
78 19
79 21
80 40
81 44
82 41
83 26
84 24
85 16
86 19
87 19
88 15
89 11
90 3
91 -3
92 -4
93 -15
94 -20
95 -24
96 -17
97 -20
98 -21
99 -21
100 -20
101 -20
102 -26
103 -20
104 -22
105 -21
106 -25
107 -29
108 -33
109 -31
110 -31
111 -17
112 -14
113 -19
114 -17
115 -17
116 -16
117 -9
118 0
119 -11
120 -7
121 -9
122 -6
123 -8
124 -10
125 -22
126 -14
127 -14
128 -3
129 -3
130 -3
131 -2
132 8
133 13
134 8
135 10
136 10
137 -10
138 -2
139 -4
140 -7
141 -2
142 -7
143 -11
144 -6
145 -24
146 -26
147 -24
148 -22
149 -16
150 -15
151 -13
152 -17
153 -30
154 -27
155 -21
156 -10
157 -20
158 -26
159 -22
160 -22
161 -43
162 -39
163 -51
164 -47
165 -47
166 -48
167 -46
168 -34
169 -40
170 -51
171 -51
172 -50
173 -48
174 -49
175 -45
176 -34
177 -51
178 -52
179 -41
180 -36
181 -34
182 -32
183 -25
184 -17
185 -25
186 -15
187 -15
188 -14
189 -10
190 -14
191 -12
192 -9
193 -8
194 -2
195 2
196 1
197 0
198 0
199 12
200 14
201 16
202 16
203 30
204 34
205 32
206 23
207 18
208 24
209 27
210 22
211 23
212 23
213 21
214 13
215 12
216 16
217 7
218 6
219 7
220 9
221 -3
222 -4
223 -14
224 -10
225 -13
226 -7
227 -6
228 -4
229 -5
230 -4
231 0
232 -3
233 19
234 26
235 24
236 35
237 31
238 28
239 24
240 18
241 19
242 27
243 21
244 19
245 16
246 -1
247 -5
248 -7
249 -3
250 -15
251 -18
252 -14
253 -12
254 -17
255 -9
