1	0.00352888		8.98114		2.1966 14.2608
0.911163	0.00239211		9.80428		2.25034 24.906
0.830218	0.00158576		10.6698		2.30407 18.7054
0.756463	-0.000223792		11.6435		2.35554 19.4785
0.689261	-0.0126586		12.6241		2.4045 25.045
0.628029	-0.00595635		13.7679		2.45386 27.2755
0.572237	-0.000312654		14.8664		2.49878 19.8818
0.521401	0.00398337		16.0587		2.54235 19.8211
0.475081	0.00520376		17.384		2.58351 31.2268
0.432876	0.0199769		18.8223		2.62326 26.9548
0.394421	0.00694848		20.3676		2.66409 36.7367
0.359381	0.00871098		21.8783		2.69857 29.7027
0.327455	-0.0108799		23.5139		2.73311 25.5956
0.298365	-0.0188763		25.5202		2.76931 36.3682
0.271859	0.0133041		27.3084		2.79884 57.3751
0.247708	0.0114614		29.3908		2.82956 31.8078
0.225702	-0.00291532		31.7189		2.86128 59.1372
0.205651	0.00475213		33.9839		2.88763 58.2186
0.187382	-0.11574		36.7144		2.91349 50.0469
0.170735	-0.0561088		39.3952		2.94036 59.0656
0.155568	-0.042709		42.1391		2.964 45.5116
0.141747	-0.0388493		45.3942		2.98625 58.9061
0.129155	-0.0509431		48.1595		3.00506 52.0632
0.117681	0.0413983		52.2172		3.02534 71.0012
0.107227	-0.0525815		54.0996		3.04018 65.7705
0.097701	-0.11789		59.1598		3.05774 69.0346
0.0890215	0.085503		63.2033		3.07692 66.7018
0.0811131	-0.21326		66.8918		3.09068 77.6345
0.0739072	0.0998707		71.2323		3.1063 104.204
0.0673415	-0.178687		79.2375		3.1258 102.177
0.0613591	-0.00115922		81.4808		3.13473 126.055
0.0559081	-0.0884507		89.2399		3.14646 143.15
0.0509414	0.0525659		93.7393		3.16046 81.8374
0.0464159	0.151062		103.145		3.17419 158.883
0.0422924	-0.274688		115.786		3.18666 227.443
0.0385353	-0.0105366		113.299		3.19139 90.7734
0.0351119	-0.238996		122.753		3.20464 139.93
0.0319927	-0.0471418		130.036		3.21519 106.625
0.0291505	0.996585		145.076		3.2252 207.339
0.0265609	-0.23462		141.092		3.2255 129.585
0.0242013	-0.8083		166.703		3.23406 102.271
0.0220513	1.10619		167.321		3.24043 227.626
0.0200923	0.915623		177.339		3.25037 229.917
0.0183074	-0.616931		176.64		3.2513 180.09
0.016681	0.362413		203.24		3.26164 222.321
0.0151991	-0.626002		211.823		3.26045 127.465
0.0138489	-0.979805		211.092		3.26378 289.357
0.0126186	0.0196889		225.593		3.27747 310.27
0.0114976	1.44027		281.452		3.28063 256.552
0.0104762	3.08911		297.362		3.28486 315.162
0.00954548	-0.467224		258.714		3.28171 169.776
0.00869749	-0.370771		302.883		3.29716 259.212
0.00792483	-0.526058		291.983		3.29435 257.543
0.00722081	-2.71904		398.687		3.30196 380.41
0.00657933	2.59417		394.084		3.30538 294.7
0.00599484	4.38974		422.698		3.3049 316.002
0.00546228	-6.91087		445.419		3.31157 306.311
0.00497702	-11.9286		627.491		3.31638 292.912
0.00453488	-4.63991		411.042		3.31103 269.248
0.00413201	9.34355		472.802		3.31334 284.222
0.00376494	1.80535		447.04		3.30936 272.497
0.00343047	6.3482		586.965		3.3181 251.755
0.00312572	-3.01797		484.516		3.31924 324.24
0.00284804	5.60148		644.687		3.3258 523.864
0.00259502	-6.67663		543.788		3.32193 278.645
0.00236449	12.406		949.415		3.33334 375.171
0.00215443	19.6228		1007.95		3.31844 318.393
0.00196304	-4.64824		1150.88		3.34265 434.532
0.00178865	52.5357		4024.27		3.34115 341.761
0.00162975	13.3567		846.771		3.35062 447.104
0.00148497	6.76372		1450.98		3.33804 516.149
0.00135305	0.288782		821.417		3.33117 390.019
0.00123285	17.8229		1160.4		3.32806 547.158
0.00112332	-51.5323		3612.36		3.35662 733.959
0.00102353	6.47917		905.817		3.33242 327.237
0.000932603	-0.275711		686.152		3.35062 579.967
0.000849753	-117.67		15009.6		3.34579 560.547
0.000774264	47.0708		2932.91		3.3416 434.505
0.00070548	41.5802		2774.06		3.32945 334.774
0.000642807	114.832		14000.9		3.34832 519.15
0.000585702	59.1671		4562.48		3.33968 536.685
0.00053367	8.86652		695.138		3.33795 427.049
0.00048626	62.3811		4960.03		3.34752 445.02
0.000443062	122.127		16157.7		3.33437 399.147
0.000403702	-4.29473		1345.73		3.35633 559.74
0.000367838	120.579		15571.9		3.34074 443.222
0.00033516	12.8802		1134.9		3.33523 676.69
0.000305386	16.7065		1971.88		3.34555 565.859
0.000278256	32.6011		2534.32		3.35155 646.308
0.000253536	103.753		11579.8		3.35971 867.532
0.000231013	105.24		12598.4		3.34923 402.044
0.00021049	5.55355		1053.76		3.33541 472.915
0.000191791	106.488		12275.6		3.33143 388.263
0.000174753	60.0734		4491.34		3.35407 454.881
0.000159228	31.9239		1787.68		3.3373 418.463
0.000145083	-14.8479		1790.25		3.34303 312.614
0.000132194	26.0857		1569.49		3.33446 541.395
0.00012045	124.274		16252.8		3.35515 557.13
0.00010975	66.2334		5270.2		3.31498 329.646
0.0001	153.75		24237.3		3.32493 276.964
