1	-0.00033127		0.820038		0.56039 3.16002
0.911163	-0.000523726		0.909592		0.58426 3.7264
0.830218	0.000186771		1.00597		0.607012 4.56863
0.756463	0.000205596		1.11135		0.628802 3.94528
0.689261	-0.000340672		1.21882		0.64886 3.81998
0.628029	0.000374997		1.33692		0.668418 5.2992
0.572237	-0.00023397		1.46269		0.686856 6.25992
0.521401	-0.00154291		1.59188		0.703562 6.95541
0.475081	0.0015825		1.73742		0.720295 6.33105
0.432876	-0.0024687		1.88947		0.73596 7.13522
0.394421	0.00175877		2.05278		0.751043 5.49206
0.359381	0.00142106		2.22098		0.764898 7.59362
0.327455	0.00106483		2.40383		0.777715 9.56337
0.298365	0.00147046		2.60025		0.79085 7.60675
0.271859	0.00210259		2.81853		0.802326 5.45016
0.247708	-0.000354692		3.03464		0.813673 9.85535
0.225702	-0.00128385		3.26427		0.824099 8.02027
0.205651	-0.00263374		3.52293		0.834093 10.3247
0.187382	0.00663048		3.78195		0.843564 10.4224
0.170735	-0.00279343		4.05991		0.852279 6.78583
0.155568	0.0129817		4.36747		0.860865 12.7797
0.141747	0.0023836		4.6693		0.868572 7.11772
0.129155	-0.01965		5.05536		0.877014 9.54747
0.117681	0.00551663		5.41948		0.883214 14.9303
0.107227	0.00317871		5.78535		0.889975 17.5105
0.097701	-0.0150649		6.18931		0.896396 12.0034
0.0890215	-0.0210221		6.6433		0.903001 17.322
0.0811131	0.0086845		7.07151		0.908296 15.8852
0.0739072	0.00304945		7.61814		0.913736 18.6047
0.0673415	0.00525358		8.12994		0.918287 15.5342
0.0613591	-0.0262786		8.68529		0.923229 12.318
0.0559081	0.0320166		9.31802		0.928252 17.5295
0.0509414	0.0314131		9.73679		0.93229 19.0977
0.0464159	-0.0190376		10.632		0.935827 20.7149
0.0422924	0.050014		11.3123		0.939862 17.9724
0.0385353	-0.0320721		12.2475		0.944143 26.4612
0.0351119	0.0355245		12.9403		0.947028 27.617
0.0319927	-0.0238107		13.5359		0.949933 26.5734
0.0291505	-0.122972		14.8099		0.952774 35.6898
0.0265609	0.0789065		15.9966		0.956199 26.0245
0.0242013	0.069999		16.937		0.957562 29.8581
0.0220513	-0.0190726		17.5469		0.959767 35.6968
0.0200923	0.0439282		18.7389		0.962257 36.5825
0.0183074	0.142265		20.1644		0.965213 39.5372
0.016681	-0.191105		21.7883		0.967061 57.6098
0.0151991	0.0179798		23.0202		0.96877 49.2546
0.0138489	-0.188448		25.4502		0.972322 54.0257
0.0126186	0.289142		26.5349		0.972254 56.828
0.0114976	-0.0425407		29.9035		0.975411 67.9369
0.0104762	-0.703906		31.4305		0.9765 47.5323
0.00954548	-0.0794547		31.031		0.978275 84.6379
0.00869749	0.264839		33.2556		0.977517 41.417
0.00792483	-0.0173966		35.9771		0.979573 59.2483
0.00722081	0.664857		38.7758		0.980256 76.734
0.00657933	0.570737		41.379		0.982586 83.3541
0.00599484	0.906715		42.6948		0.983889 83.8645
0.00546228	-0.0369252		53.8087		0.985159 97.2149
0.00497702	-0.995909		57.4329		0.986393 79.9711
0.00453488	0.327349		62.6716		0.986913 125.26
0.00413201	-2.05374		71.6506		0.985794 78.5351
0.00376494	0.324752		61.565		0.988459 105.276
0.00343047	1.10799		73.3311		0.990292 87.22
0.00312572	1.75499		63.292		0.98767 67.5644
0.00284804	-1.74264		65.2433		0.988782 91.9585
0.00259502	3.72343		120.781		0.991259 98.4746
0.00236449	4.3005		98.0672		0.99118 104.76
0.00215443	-2.24107		97.2974		0.990234 108.592
0.00196304	2.81452		88.1625		0.989439 126.526
0.00178865	1.54711		132.638		0.991181 94.0016
0.00162975	-4.29263		121.576		0.991862 173.541
0.00148497	-0.896583		93.4465		0.994152 118.061
0.00135305	-11.6925		451.561		0.993546 106.077
0.00123285	-3.40039		124.559		0.994313 160.084
0.00112332	-1.52099		99.1385		0.991459 87.3649
0.00102353	0.567233		171.327		0.995715 139.613
0.000932603	-6.12395		189.989		0.992027 177.214
0.000849753	-0.493042		141.046		0.995589 108.665
0.000774264	-7.48716		359.663		0.996464 232.484
0.00070548	5.4653		136.988		0.994386 154.504
0.000642807	-8.33671		311.29		0.992785 144.059
0.000585702	-2.4208		99.154		0.992482 103.569
0.00053367	23.3887		798.747		0.996148 141.719
0.00048626	10.7506		274.332		0.993447 151.847
0.000443062	11.2235		532.074		0.992991 107.421
0.000403702	12.8661		810.854		0.994838 110.707
0.000367838	-1.55439		107.176		0.994304 119.839
0.00033516	-8.39102		296.776		0.995081 179.529
0.000305386	11.7347		328.819		0.994611 207.273
0.000278256	71.4975		5382.97		0.994726 173.123
0.000253536	15.1547		342.909		0.996006 150.071
0.000231013	0.44463		201.468		0.996277 156.665
0.00021049	34.3539		1434.1		0.997961 174.827
0.000191791	12.7806		528.835		0.992882 133.717
0.000174753	112.119		13069.1		0.995014 261.141
0.000159228	-72.0785		5433.5		0.996564 164.233
0.000145083	-16.0835		813.54		0.993453 80.3908
0.000132194	56.3942		3333.88		0.994946 157.409
0.00012045	66.5133		4713.14		0.993756 90.8041
0.00010975	-5.77408		263.598		0.995369 130.487
0.0001	56.6677		3374.75		0.993009 74.8203
