0	13.2891	6.78018	-0.255813	2.06118
0.0606061	13.2891	6.72285	-0.262413	2.06605
0.121212	13.2891	6.76107	-0.257988	2.06576
0.181818	13.2891	6.44919	-0.297255	2.07707
0.242424	13.2891	7.04351	-0.22818	2.07699
0.30303	13.2891	7.01399	-0.231073	2.08351
0.363636	13.2891	7.84468	-0.165166	2.08569
0.424242	13.2891	9.13315	-0.104661	2.08693
0.484848	13.2891	8.62498	-0.124271	2.11061
0.545455	13.2891	9.35385	-0.0974259	2.12782
0.606061	13.2891	13.566	-0.0319366	2.12272
0.666667	13.2891	15.5931	-0.0210306	2.1465
0.727273	13.2891	17.5299	-0.0148017	2.17764
0.787879	13.2891	17.341	-0.0152906	2.20054
0.848485	13.2891	19.4698	-0.0108034	2.26187
0.909091	13.2891	21.4263	-0.0081059	2.27095
0.969697	13.2891	19.5347	-0.0106962	2.32448
1.0303	13.2891	23.7691	-0.00593758	2.35272
1.09091	13.2891	24.295	-0.00556027	2.39333
1.15152	13.2891	25.5344	-0.00478926	2.43536
1.21212	13.2891	24.5309	-0.00540136	2.48742
1.27273	13.2891	21.0635	-0.00853203	2.56329
1.33333	13.2891	28.7072	-0.00337035	2.5698
1.39394	13.2891	25.9272	-0.00457488	2.65
1.45455	13.2891	29.9574	-0.00296573	2.67626
1.51515	13.2891	27.3324	-0.00390491	2.76438
1.57576	13.2891	23.9491	-0.00580467	2.86215
1.63636	13.2891	29.1354	-0.0032239	2.87421
1.69697	13.2891	27.56	-0.00380898	2.95746
1.75758	13.2891	28.1741	-0.00356531	3.03826
1.81818	13.2891	31.9057	-0.00245493	3.07275
1.87879	13.2891	31.9889	-0.00243583	3.15647
1.93939	13.2891	27.6879	-0.00375642	3.28291
2	13.2891	31.5275	-0.00254436	3.33413
2.06061	13.2891	33.8684	-0.0020524	3.33514
2.12121	13.2891	34.3649	-0.00196472	3.36638
2.18182	13.2891	31.3168	-0.00259605	3.44231
2.24242	13.2891	36.0991	-0.00169494	3.40985
2.30303	13.2891	30.1107	-0.00292068	3.51416
2.36364	13.2891	27.3361	-0.00390335	3.59752
2.42424	13.2891	32.3104	-0.00236385	3.5677
2.48485	13.2891	29.7652	-0.00302357	3.64492
2.54545	13.2891	29.8164	-0.00300801	3.6752
2.60606	13.2891	36.499	-0.00163985	3.61719
2.66667	13.2891	32.5639	-0.00230907	3.71856
2.72727	13.2891	28.3016	-0.00351734	3.80688
2.78788	13.2891	29.4239	-0.00313001	3.81714
2.84848	13.2891	29.1782	-0.00320974	3.86151
2.90909	13.2891	34.4623	-0.0019481	3.84073
2.9697	13.2891	35.8355	-0.00173263	3.85153
3.0303	13.2891	35.1014	-0.00184363	3.89874
3.09091	13.2891	33.9844	-0.00203145	3.9564
3.15152	13.2891	28.472	-0.00345456	4.06624
3.21212	13.2891	31.3093	-0.00259791	4.0623
3.27273	13.2891	31.8666	-0.00246399	4.09226
3.33333	13.2891	32.8074	-0.00225802	4.13094
3.39394	13.2891	33.7992	-0.00206504	4.15059
3.45455	13.2891	31.5726	-0.00253347	4.2221
3.51515	13.2891	27.2894	-0.00392343	4.31423
3.57576	13.2891	32.8752	-0.00224408	4.2985
3.63636	13.2891	28.0076	-0.00362926	4.43271
3.69697	13.2891	31.5229	-0.00254546	4.38619
3.75758	13.2891	29.0333	-0.00325804	4.49988
3.81818	13.2891	28.7412	-0.0033584	4.53045
3.87879	13.2891	26.4563	-0.00430583	4.62262
3.93939	13.2891	25.3125	-0.00491632	4.70415
4	13.2891	24.1243	-0.00567911	4.7797
4.06061	13.2891	24.9977	-0.00510442	4.81496
4.12121	13.2891	24.1149	-0.00568577	4.91834
4.18182	13.2891	23.8698	-0.00586275	4.9519
4.24242	13.2891	23.6438	-0.00603245	5.04156
4.30303	13.2891	20.6513	-0.00905321	5.15088
4.36364	13.2891	21.9523	-0.00753709	5.18996
4.42424	13.2891	21.6946	-0.00780896	5.26265
4.48485	13.2891	21.7754	-0.00772232	5.31839
4.54545	13.2891	19.1227	-0.0114024	5.43848
4.60606	13.2891	19.2105	-0.0112468	5.50067
4.66667	13.2891	20.152	-0.0097429	5.54679
4.72727	13.2891	18.3723	-0.0128574	5.64736
4.78788	13.2891	18.9842	-0.0116538	5.70116
4.84848	13.2891	14.5161	-0.0260674	5.87267
4.90909	13.2891	15.0216	-0.0235232	5.93943
4.9697	13.2891	15.7828	-0.0202812	5.97327
5.0303	13.2891	19.353	-0.0110002	5.96446
5.09091	13.2891	14.3604	-0.0269246	6.16552
5.15152	13.2891	15.3902	-0.0218732	6.21809
5.21212	13.2891	15.8786	-0.0199162	6.25951
5.27273	13.2891	12.3881	-0.0419399	6.45146
5.33333	13.2891	12.6678	-0.0392235	6.51826
5.39394	13.2891	13.236	-0.0343852	6.57698
5.45455	13.2891	12.0987	-0.0450228	6.68934
5.51515	13.2891	12.4802	-0.041019	6.75241
5.57576	13.2891	11.7617	-0.049004	6.86637
5.63636	13.2891	12.1535	-0.044416	6.92489
5.69697	13.2891	11.5804	-0.051342	7.03886
5.75758	13.2891	12.2722	-0.0431394	7.07432
5.81818	13.2891	11.4796	-0.0527072	7.20498
5.87879	13.2891	11.4608	-0.0529662	7.28947
5.93939	13.2891	11.6588	-0.0503132	7.35146
6	13.2891	11.7961	-0.0485766	7.42572
