10 0.004040 3.311606 
10 0.008081 3.213986 
10 0.012121 3.165562 
10 0.016162 3.105870 
10 0.020202 3.057020 
10 0.024242 3.010718 
10 0.028283 2.970333 
10 0.032323 2.924340 
10 0.036364 2.886385 
10 0.040404 2.860100 
10 0.044444 2.791538 
10 0.048485 2.792277 
10 0.052525 2.751423 
10 0.056566 2.735716 
10 0.060606 2.659919 
10 0.064646 2.648648 
10 0.068687 2.609484 
10 0.072727 2.575265 
10 0.076768 2.555542 
10 0.080808 2.532183 
10 0.084848 2.499099 
10 0.088889 2.475005 
10 0.092929 2.439237 
10 0.096970 2.422154 
10 0.101010 2.400877 
10 0.105051 2.371698 
10 0.109091 2.350102 
10 0.113131 2.336740 
10 0.117172 2.304972 
10 0.121212 2.284942 
10 0.125253 2.269917 
10 0.129293 2.248917 
10 0.133333 2.224547 
10 0.137374 2.217500 
10 0.141414 2.181756 
10 0.145455 2.174473 
10 0.149495 2.155053 
10 0.153535 2.139269 
10 0.157576 2.119540 
10 0.161616 2.103874 
10 0.165657 2.089615 
10 0.169697 2.072788 
10 0.173737 2.057157 
10 0.177778 2.038726 
10 0.181818 2.026583 
10 0.185859 2.013835 
10 0.189899 1.997303 
10 0.193939 1.988808 
10 0.197980 1.967303 
10 0.202020 1.958113 
10 0.206061 1.943658 
10 0.210101 1.935087 
10 0.214141 1.923039 
10 0.218182 1.903735 
10 0.222222 1.897918 
10 0.226263 1.885855 
10 0.230303 1.876805 
10 0.234343 1.863577 
10 0.238384 1.849145 
10 0.242424 1.838785 
10 0.246465 1.833439 
10 0.250505 1.822405 
10 0.254545 1.808114 
10 0.258586 1.799524 
10 0.262626 1.790063 
10 0.266667 1.781041 
10 0.270707 1.765826 
