10 0.010101 3.594843 
10 0.020202 3.477185 
10 0.030303 3.362563 
10 0.040404 3.250757 
10 0.050505 3.165722 
10 0.060606 3.076111 
10 0.070707 2.979458 
10 0.080808 2.901994 
10 0.090909 2.820161 
10 0.101010 2.752326 
10 0.111111 2.677652 
10 0.121212 2.616332 
10 0.131313 2.551694 
10 0.141414 2.497452 
10 0.151515 2.440113 
10 0.161616 2.389634 
10 0.171717 2.339348 
10 0.181818 2.291960 
10 0.191919 2.252173 
10 0.202020 2.206650 
10 0.212121 2.170103 
10 0.222222 2.128188 
10 0.232323 2.094935 
10 0.242424 2.058605 
10 0.252525 2.027895 
10 0.262626 1.994169 
10 0.272727 1.965746 
10 0.282828 1.935140 
10 0.292929 1.909271 
10 0.303030 1.882171 
10 0.313131 1.855740 
10 0.323232 1.832163 
10 0.333333 1.808467 
10 0.343434 1.787548 
10 0.353535 1.764098 
10 0.363636 1.743905 
10 0.373737 1.722843 
10 0.383838 1.704958 
10 0.393939 1.684761 
10 0.404040 1.667829 
10 0.414141 1.648613 
10 0.424242 1.633222 
10 0.434343 1.615360 
10 0.444444 1.599831 
10 0.454545 1.584326 
10 0.464646 1.569601 
10 0.474747 1.554544 
10 0.484848 1.540520 
10 0.494949 1.527004 
10 0.505051 1.513915 
10 0.515152 1.500358 
10 0.525253 1.487850 
10 0.535354 1.475913 
10 0.545455 1.463348 
10 0.555556 1.452258 
10 0.565657 1.440195 
10 0.575758 1.430039 
10 0.585859 1.418654 
10 0.595960 1.407994 
10 0.606061 1.398304 
10 0.616162 1.387950 
10 0.626263 1.378332 
10 0.636364 1.368691 
10 0.646465 1.359528 
10 0.656566 1.350493 
10 0.666667 1.341566 
10 0.676768 1.332705 
10 0.686869 1.324581 
10 0.696970 1.315668 
10 0.707071 1.308106 
10 0.717172 1.299643 
10 0.727273 1.292584 
10 0.737374 1.284005 
10 0.747475 1.277167 
10 0.757576 1.269611 
10 0.767677 1.262443 
10 0.777778 1.255492 
10 0.787879 1.248887 
10 0.797980 1.241751 
10 0.808081 1.235527 
10 0.818182 1.228582 
10 0.828283 1.222521 
10 0.838384 1.216402 
10 0.848485 1.209897 
10 0.858586 1.204098 
10 0.868687 1.197997 
10 0.878788 1.192680 
10 0.888889 1.186272 
10 0.898990 1.181214 
10 0.909091 1.175530 
10 0.919192 1.170228 
10 0.929293 1.164935 
10 0.939394 1.159784 
10 0.949495 1.154575 
10 0.959596 1.149674 
10 0.969697 1.144747 
10 0.979798 1.139806 
10 0.989899 1.135083 
10 1.000000 1.130349 
10 0.010101 3.830187 
10 0.020202 3.978125 
10 0.030303 4.123075 
10 0.040404 4.255370 
10 0.050505 4.416012 
10 0.060606 4.564071 
10 0.070707 4.723214 
10 0.080808 4.885233 
10 0.090909 5.059114 
10 0.101010 5.208304 
10 0.111111 5.393319 
10 0.121212 5.534974 
10 0.131313 5.710341 
10 0.141414 5.878797 
10 0.151515 6.027713 
10 0.161616 6.180174 
10 0.171717 6.327856 
10 0.181818 6.442131 
10 0.191919 6.608251 
10 0.202020 6.723497 
10 0.212121 6.837673 
10 0.222222 6.965190 
10 0.232323 7.065632 
10 0.242424 7.165222 
10 0.252525 7.258376 
10 0.262626 7.346338 
10 0.272727 7.407760 
10 0.282828 7.502448 
10 0.292929 7.566344 
10 0.303030 7.636001 
10 0.313131 7.699411 
10 0.323232 7.757277 
10 0.333333 7.805647 
10 0.343434 7.868809 
10 0.353535 7.920338 
10 0.363636 7.967056 
10 0.373737 8.008581 
10 0.383838 8.055317 
10 0.393939 8.095243 
10 0.404040 8.131501 
10 0.414141 8.161367 
10 0.424242 8.209145 
10 0.434343 8.247561 
10 0.444444 8.261717 
10 0.454545 8.309864 
10 0.464646 8.332615 
10 0.474747 8.367718 
10 0.484848 8.387144 
10 0.494949 8.418036 
10 0.505051 8.448423 
10 0.515152 8.477222 
10 0.525253 8.502944 
10 0.535354 8.524049 
10 0.545455 8.544519 
10 0.555556 8.570162 
10 0.565657 8.581974 
10 0.575758 8.608566 
10 0.585859 8.635049 
10 0.595960 8.649422 
10 0.606061 8.675606 
10 0.616162 8.696429 
10 0.626263 8.714231 
10 0.636364 8.728594 
10 0.646465 8.752178 
10 0.656566 8.767696 
10 0.666667 8.786040 
10 0.676768 8.790356 
10 0.686869 8.818250 
10 0.696970 8.834011 
10 0.707071 8.849290 
10 0.717172 8.862644 
10 0.727273 8.876025 
10 0.737374 8.893143 
10 0.747475 8.907188 
10 0.757576 8.922189 
10 0.767677 8.935142 
10 0.777778 8.948231 
10 0.787879 8.962344 
10 0.797980 8.975100 
10 0.808081 8.987765 
10 0.818182 8.996898 
10 0.828283 9.010394 
10 0.838384 9.023819 
10 0.848485 9.031048 
10 0.858586 9.036885 
10 0.868687 9.056823 
10 0.878788 9.061920 
10 0.888889 9.074419 
10 0.898990 9.086013 
10 0.909091 9.101598 
10 0.919192 9.111184 
10 0.929293 9.121610 
10 0.939394 9.128215 
10 0.949495 9.140539 
10 0.959596 9.148668 
10 0.969697 9.150694 
10 0.979798 9.167698 
10 0.989899 9.177538 
10 1.000000 9.185278 
