0 0 
1 0 
2 0 
3 0 
4 0 
5 0 
6 0 
7 0 
8 0 
9 0 
10 0 
11 0 
12 0 
13 0 
14 0 
15 0 
16 0 
17 0 
18 0 
19 0 
20 0 
21 0 
22 0 
23 0 
24 0 
25 0 
26 0 
27 0 
28 0 
29 0 
30 0 
31 0 
32 0 
33 0 
34 0 
35 0 
36 0 
37 0 
38 0 
39 0 
40 0 
41 0 
42 0 
43 0 
44 0 
45 0 
46 0 
47 0 
48 0 
49 0 
50 0 
51 0 
52 0 
53 0 
54 0 
55 0 
56 0 
57 0 
58 0 
59 0 
60 0 
61 0 
62 0 
63 0 
64 0 
65 0 
66 0 
67 0 
68 0 
69 0 
70 0 
71 0 
72 0 
73 0 
74 0 
75 0 
76 0 
77 0 
78 0 
79 0 
80 0 
81 0 
82 0 
83 0 
84 0 
85 0 
86 0 
87 0 
88 0 
89 0 
90 0 
91 0 
92 0 
93 0 
94 0 
95 0 
96 0 
97 0 
98 0 
99 0 
100 0 
101 0 
102 0 
103 0 
104 0 
105 0 
106 0 
107 0 
108 0 
109 0 
110 0 
111 0 
112 0 
113 0 
114 0 
115 0 
116 0 
117 0 
118 0 
119 0 
120 0 
121 0 
122 0 
123 0 
124 0 
125 0 
126 0 
127 0 
128 0 
129 0 
130 0 
131 0 
132 0 
133 0 
134 0 
135 0 
136 0 
137 0 
138 0 
139 0 
140 0 
141 0 
142 0 
143 0 
144 0 
145 0 
146 0 
147 0 
148 0 
149 0 
150 0 
151 0 
152 0 
153 0 
154 0 
155 0 
156 0 
157 0 
158 0 
159 0 
160 0 
161 0 
162 0 
163 0 
164 0 
165 0 
166 0 
167 0 
168 0 
169 0 
170 0 
171 0 
172 0 
173 0 
174 0 
175 0 
176 0 
177 0 
178 0 
179 0 
180 0 
181 0 
182 0 
183 0 
184 0 
185 0 
186 0 
187 0 
188 0 
189 0 
190 0 
191 0 
192 0 
193 0 
194 0 
195 0 
196 0 
197 0 
198 0 
199 0 
200 0 
201 0 
202 0 
203 0 
204 0 
205 0 
206 0 
207 0 
208 0 
209 0 
210 0 
211 0 
212 0 
213 0 
214 0 
215 0 
216 0 
217 0 
218 0 
219 0 
220 0 
221 0 
222 0 
223 0 
224 0 
225 0 
226 0 
227 0 
228 0 
229 0 
230 0 
231 0 
232 0 
233 0 
234 0 
235 0 
236 0 
237 0 
238 0 
239 0 
240 0 
241 0 
242 0 
243 0 
244 0 
245 0 
246 0 
247 0 
248 0 
249 0 
250 0 
251 0 
252 0 
253 0 
254 0 
255 0 
256 0 
257 0 
258 0 
259 0 
260 0 
261 0 
262 0 
263 0 
264 0 
265 0 
266 0 
267 0 
268 0 
269 0 
270 0 
271 0 
272 0 
273 0 
274 0 
275 0 
276 0 
277 0 
278 0 
279 0 
280 0 
281 0 
282 0 
283 0 
284 0 
285 0 
286 0 
287 0 
288 0 
289 0 
290 0 
291 0 
292 2 
293 9 
294 33 
295 48 
296 82 
297 108 
298 185 
299 366 
300 697 
301 1035 
302 1584 
303 2277 
304 3303 
305 4483 
306 5752 
307 6969 
308 8766 
309 11048 
310 14039 
311 16228 
312 18886 
313 22322 
314 26079 
315 30379 
316 35573 
317 42387 
318 51339 
319 60762 
320 73722 
321 88513 
322 106853 
323 128383 
324 152503 
325 178635 
326 206785 
327 236918 
328 273499 
329 313542 
330 355687 
331 401039 
332 455306 
333 510954 
334 576586 
335 647680 
336 722469 
337 808127 
338 907014 
339 1019709 
340 1145845 
341 1293360 
342 1457968 
343 1639047 
344 1843349 
345 2073170 
346 2318601 
347 2578329 
348 2864044 
349 3174543 
350 3498754 
351 3846609 
352 4215429 
353 4615138 
354 5052237 
355 5519616 
356 6018919 
357 6537173 
358 7091384 
359 7684583 
360 8308726 
361 8931053 
362 9576741 
363 10242872 
364 10918445 
365 11658363 
366 12390965 
367 13161256 
368 13975206 
369 14808832 
370 15648316 
371 16516591 
372 17412591 
373 18362160 
374 19332017 
375 20324870 
376 21293504 
377 22239391 
378 23205488 
379 24183329 
380 25209260 
381 26220839 
382 27245315 
383 28282065 
384 29254797 
385 30207450 
386 31120287 
387 31963219 
388 32762325 
389 33541418 
390 34251840 
391 34939996 
392 35583328 
393 36151256 
394 36659140 
395 37103395 
396 37549624 
397 37923795 
398 38223302 
399 38451994 
400 38628211 
401 38649306 
402 38600728 
403 38500779 
404 38346808 
405 38096576 
406 37789462 
407 37463701 
408 37054230 
409 36601518 
410 36104051 
411 35531878 
412 34899751 
413 34207807 
414 33464381 
415 32686809 
416 31872409 
417 31025511 
418 30190766 
419 29346109 
420 28479482 
421 27588039 
422 26712888 
423 25835135 
424 24938757 
425 24045190 
426 23160870 
427 22296357 
428 21457660 
429 20665837 
430 19878341 
431 19129163 
432 18395734 
433 17724914 
434 17106914 
435 16539240 
436 16036000 
437 15543693 
438 15113883 
439 14724011 
440 14387137 
441 14051164 
442 13757742 
443 13488868 
444 13231667 
445 12965990 
446 12702145 
447 12479180 
448 12248295 
449 12011055 
450 11783901 
451 11548324 
452 11295255 
453 11025392 
454 10742717 
455 10460290 
456 10148187 
457 9860346 
458 9549470 
459 9224919 
460 8902724 
461 8585008 
462 8255892 
463 7939628 
464 7623361 
465 7290881 
466 6966387 
467 6634806 
468 6300611 
469 5954310 
470 5611605 
471 5266789 
472 4909346 
473 4563697 
474 4225348 
475 3914654 
476 3628412 
477 3347685 
478 3090533 
479 2858812 
480 2642009 
481 2438523 
482 2231178 
483 2030601 
484 1851920 
485 1664005 
486 1483990 
487 1323294 
488 1176716 
489 1046934 
490 922901 
491 810006 
492 710129 
493 615435 
494 532266 
495 462440 
496 401410 
497 347132 
498 303084 
499 263280 
500 228978 
501 195363 
502 165755 
503 143276 
504 121019 
505 102495 
506 85189 
507 70015 
508 55882 
509 43711 
510 34232 
511 26626 
512 19763 
513 14646 
514 10889 
515 7996 
516 5791 
517 4273 
518 3050 
519 2076 
520 1508 
521 901 
522 643 
523 438 
524 315 
525 203 
526 82 
527 52 
528 15 
529 9 
530 0 
531 0 
532 0 
533 0 
534 0 
535 0 
536 0 
537 0 
538 0 
539 0 
540 0 
541 0 
542 0 
543 0 
544 0 
545 0 
546 0 
547 0 
548 0 
549 0 
550 0 
551 0 
552 0 
553 0 
554 0 
555 0 
556 0 
557 0 
558 0 
559 0 
560 0 
561 0 
562 0 
563 0 
564 0 
565 0 
566 0 
567 0 
568 0 
569 0 
570 0 
571 0 
572 0 
573 0 
574 0 
575 0 
576 0 
577 0 
578 0 
579 0 
580 0 
581 0 
582 0 
583 0 
584 0 
585 0 
586 0 
587 0 
588 0 
589 0 
590 0 
591 0 
592 0 
593 0 
594 0 
595 0 
596 0 
597 0 
598 0 
599 0 
600 0 
601 0 
602 0 
603 0 
604 0 
605 0 
606 0 
607 0 
608 0 
609 0 
610 0 
611 0 
612 0 
613 0 
614 0 
615 0 
616 0 
617 0 
618 0 
619 0 
620 0 
621 0 
622 0 
623 0 
624 0 
625 0 
626 0 
627 0 
628 0 
629 0 
630 0 
631 0 
632 0 
633 0 
634 0 
635 0 
636 0 
637 0 
638 0 
639 0 
640 0 
641 0 
642 0 
643 0 
644 0 
645 0 
646 0 
647 0 
648 0 
649 0 
650 0 
651 0 
652 0 
653 0 
654 0 
655 0 
656 0 
657 0 
658 0 
659 0 
660 0 
661 0 
662 0 
663 0 
664 0 
665 0 
666 0 
667 0 
668 0 
669 0 
670 0 
671 0 
672 0 
673 0 
674 0 
675 0 
676 0 
677 0 
678 0 
679 0 
680 0 
681 0 
682 0 
683 0 
684 0 
685 0 
686 0 
687 0 
688 0 
689 0 
690 0 
691 0 
692 0 
693 0 
694 0 
695 0 
696 0 
697 0 
698 0 
699 0 
700 0 
701 0 
702 0 
703 0 
704 0 
705 0 
706 0 
707 0 
708 0 
709 0 
710 0 
711 0 
712 0 
713 0 
714 0 
715 0 
716 0 
717 0 
718 0 
719 0 
720 0 
721 0 
722 0 
723 0 
724 0 
725 0 
726 0 
727 0 
728 0 
729 0 
730 0 
731 0 
732 0 
733 0 
734 0 
735 0 
736 0 
737 0 
738 0 
739 0 
740 0 
741 0 
742 0 
743 0 
744 0 
745 0 
746 0 
747 0 
748 0 
749 0 
750 0 
751 0 
752 0 
753 0 
754 0 
755 0 
756 0 
757 0 
758 0 
759 0 
760 0 
761 0 
762 0 
763 0 
764 0 
765 0 
766 0 
767 0 
768 0 
769 0 
770 0 
771 0 
772 0 
773 0 
774 0 
775 0 
776 0 
777 0 
778 0 
779 0 
780 0 
781 0 
782 0 
783 0 
784 0 
785 0 
786 0 
787 0 
788 0 
789 0 
790 0 
791 0 
792 0 
793 0 
794 0 
795 0 
796 0 
797 0 
798 0 
799 0 
