0 0 
1 0 
2 0 
3 0 
4 0 
5 0 
6 0 
7 0 
8 0 
9 0 
10 0 
11 0 
12 0 
13 0 
14 0 
15 0 
16 0 
17 0 
18 0 
19 0 
20 0 
21 0 
22 0 
23 0 
24 0 
25 0 
26 0 
27 0 
28 0 
29 0 
30 0 
31 0 
32 0 
33 0 
34 0 
35 0 
36 0 
37 0 
38 0 
39 0 
40 0 
41 0 
42 0 
43 0 
44 0 
45 0 
46 0 
47 0 
48 0 
49 0 
50 0 
51 0 
52 0 
53 0 
54 0 
55 0 
56 0 
57 0 
58 0 
59 0 
60 0 
61 0 
62 0 
63 0 
64 0 
65 0 
66 0 
67 0 
68 0 
69 0 
70 0 
71 0 
72 0 
73 0 
74 0 
75 0 
76 0 
77 0 
78 0 
79 0 
80 0 
81 0 
82 0 
83 0 
84 0 
85 0 
86 0 
87 0 
88 0 
89 0 
90 0 
91 0 
92 0 
93 0 
94 0 
95 0 
96 0 
97 0 
98 0 
99 0 
100 0 
101 0 
102 0 
103 0 
104 0 
105 0 
106 0 
107 0 
108 0 
109 0 
110 0 
111 0 
112 0 
113 0 
114 0 
115 0 
116 0 
117 0 
118 0 
119 0 
120 0 
121 0 
122 0 
123 0 
124 0 
125 0 
126 0 
127 0 
128 0 
129 0 
130 0 
131 0 
132 0 
133 0 
134 0 
135 0 
136 0 
137 0 
138 0 
139 0 
140 0 
141 0 
142 0 
143 0 
144 0 
145 0 
146 0 
147 0 
148 0 
149 0 
150 0 
151 0 
152 0 
153 0 
154 0 
155 0 
156 0 
157 0 
158 0 
159 0 
160 0 
161 0 
162 0 
163 0 
164 0 
165 0 
166 0 
167 0 
168 0 
169 0 
170 0 
171 0 
172 0 
173 0 
174 0 
175 0 
176 0 
177 0 
178 0 
179 0 
180 0 
181 0 
182 0 
183 0 
184 0 
185 0 
186 0 
187 0 
188 0 
189 0 
190 0 
191 0 
192 0 
193 0 
194 0 
195 0 
196 0 
197 0 
198 0 
199 0 
200 0 
201 0 
202 0 
203 0 
204 0 
205 0 
206 0 
207 0 
208 0 
209 0 
210 0 
211 0 
212 0 
213 0 
214 0 
215 0 
216 0 
217 0 
218 0 
219 0 
220 0 
221 0 
222 0 
223 0 
224 0 
225 0 
226 0 
227 0 
228 0 
229 0 
230 0 
231 0 
232 0 
233 0 
234 0 
235 0 
236 0 
237 0 
238 0 
239 0 
240 0 
241 0 
242 0 
243 0 
244 0 
245 0 
246 0 
247 0 
248 0 
249 0 
250 0 
251 0 
252 0 
253 0 
254 0 
255 0 
256 0 
257 0 
258 0 
259 0 
260 0 
261 0 
262 0 
263 0 
264 0 
265 0 
266 0 
267 0 
268 0 
269 0 
270 0 
271 0 
272 0 
273 0 
274 0 
275 0 
276 0 
277 0 
278 0 
279 0 
280 0 
281 0 
282 0 
283 0 
284 0 
285 0 
286 0 
287 0 
288 0 
289 0 
290 0 
291 0 
292 0 
293 0 
294 0 
295 0 
296 4 
297 1 
298 7 
299 14 
300 20 
301 53 
302 51 
303 70 
304 137 
305 248 
306 427 
307 753 
308 1112 
309 1589 
310 2351 
311 3410 
312 4680 
313 6431 
314 8966 
315 12917 
316 17230 
317 23989 
318 32073 
319 40908 
320 51929 
321 65774 
322 82178 
323 102320 
324 124813 
325 151248 
326 180524 
327 212172 
328 248157 
329 293027 
330 342585 
331 393639 
332 449027 
333 510881 
334 576359 
335 649195 
336 729502 
337 820714 
338 920771 
339 1028992 
340 1148501 
341 1285305 
342 1440457 
343 1617751 
344 1819098 
345 2038368 
346 2268456 
347 2521892 
348 2792222 
349 3073975 
350 3362100 
351 3663865 
352 3982818 
353 4313417 
354 4657484 
355 5014965 
356 5386038 
357 5799864 
358 6234629 
359 6707234 
360 7199939 
361 7735646 
362 8301352 
363 8908598 
364 9572026 
365 10293484 
366 11063931 
367 11903767 
368 12788096 
369 13747040 
370 14768677 
371 15856226 
372 17013452 
373 18232102 
374 19521729 
375 20875498 
376 22279229 
377 23790018 
378 25336614 
379 26924678 
380 28489315 
381 30050817 
382 31603073 
383 33183799 
384 34770599 
385 36283872 
386 37776515 
387 39317939 
388 40797583 
389 42189804 
390 43539815 
391 44791687 
392 45951612 
393 47024469 
394 47953922 
395 48780266 
396 49453494 
397 50031082 
398 50482292 
399 50826547 
400 51003109 
401 50957760 
402 50764465 
403 50428984 
404 49950091 
405 49348321 
406 48667864 
407 47900177 
408 47020791 
409 46061641 
410 45024549 
411 43929887 
412 42728516 
413 41473970 
414 40165614 
415 38841027 
416 37480386 
417 36078107 
418 34691223 
419 33259778 
420 31774371 
421 30289939 
422 28853061 
423 27403028 
424 25974227 
425 24533403 
426 23104644 
427 21685966 
428 20317782 
429 18977797 
430 17670176 
431 16399930 
432 15155664 
433 13968057 
434 12839826 
435 11757875 
436 10754181 
437 9823445 
438 8976354 
439 8169070 
440 7459499 
441 6782397 
442 6183724 
443 5629814 
444 5127214 
445 4664273 
446 4229861 
447 3839536 
448 3478417 
449 3158987 
450 2860852 
451 2583886 
452 2327865 
453 2091859 
454 1891902 
455 1709135 
456 1550704 
457 1399272 
458 1257895 
459 1128991 
460 1013300 
461 912884 
462 818157 
463 727702 
464 650211 
465 579910 
466 515544 
467 457091 
468 405015 
469 361891 
470 324269 
471 296300 
472 272872 
473 251087 
474 233274 
475 217712 
476 199842 
477 183124 
478 167904 
479 153785 
480 140906 
481 128065 
482 115810 
483 105075 
484 95651 
485 85201 
486 73712 
487 63117 
488 52659 
489 44350 
490 37019 
491 29235 
492 23095 
493 18228 
494 14491 
495 11479 
496 8990 
497 6661 
498 4736 
499 3134 
500 2029 
501 1213 
502 746 
503 428 
504 304 
505 160 
506 106 
507 51 
508 32 
509 10 
510 3 
511 0 
512 0 
513 0 
514 0 
515 0 
516 0 
517 0 
518 0 
519 0 
520 0 
521 0 
522 0 
523 0 
524 0 
525 0 
526 0 
527 0 
528 0 
529 0 
530 0 
531 0 
532 0 
533 0 
534 0 
535 0 
536 0 
537 0 
538 0 
539 0 
540 0 
541 0 
542 0 
543 0 
544 0 
545 0 
546 0 
547 0 
548 0 
549 0 
550 0 
551 0 
552 0 
553 0 
554 0 
555 0 
556 0 
557 0 
558 0 
559 0 
560 0 
561 0 
562 0 
563 0 
564 0 
565 0 
566 0 
567 0 
568 0 
569 0 
570 0 
571 0 
572 0 
573 0 
574 0 
575 0 
576 0 
577 0 
578 0 
579 0 
580 0 
581 0 
582 0 
583 0 
584 0 
585 0 
586 0 
587 0 
588 0 
589 0 
590 0 
591 0 
592 0 
593 0 
594 0 
595 0 
596 0 
597 0 
598 0 
599 0 
600 0 
601 0 
602 0 
603 0 
604 0 
605 0 
606 0 
607 0 
608 0 
609 0 
610 0 
611 0 
612 0 
613 0 
614 0 
615 0 
616 0 
617 0 
618 0 
619 0 
620 0 
621 0 
622 0 
623 0 
624 0 
625 0 
626 0 
627 0 
628 0 
629 0 
630 0 
631 0 
632 0 
633 0 
634 0 
635 0 
636 0 
637 0 
638 0 
639 0 
640 0 
641 0 
642 0 
643 0 
644 0 
645 0 
646 0 
647 0 
648 0 
649 0 
650 0 
651 0 
652 0 
653 0 
654 0 
655 0 
656 0 
657 0 
658 0 
659 0 
660 0 
661 0 
662 0 
663 0 
664 0 
665 0 
666 0 
667 0 
668 0 
669 0 
670 0 
671 0 
672 0 
673 0 
674 0 
675 0 
676 0 
677 0 
678 0 
679 0 
680 0 
681 0 
682 0 
683 0 
684 0 
685 0 
686 0 
687 0 
688 0 
689 0 
690 0 
691 0 
692 0 
693 0 
694 0 
695 0 
696 0 
697 0 
698 0 
699 0 
700 0 
701 0 
702 0 
703 0 
704 0 
705 0 
706 0 
707 0 
708 0 
709 0 
710 0 
711 0 
712 0 
713 0 
714 0 
715 0 
716 0 
717 0 
718 0 
719 0 
720 0 
721 0 
722 0 
723 0 
724 0 
725 0 
726 0 
727 0 
728 0 
729 0 
730 0 
731 0 
732 0 
733 0 
734 0 
735 0 
736 0 
737 0 
738 0 
739 0 
740 0 
741 0 
742 0 
743 0 
744 0 
745 0 
746 0 
747 0 
748 0 
749 0 
750 0 
751 0 
752 0 
753 0 
754 0 
755 0 
756 0 
757 0 
758 0 
759 0 
760 0 
761 0 
762 0 
763 0 
764 0 
765 0 
766 0 
767 0 
768 0 
769 0 
770 0 
771 0 
772 0 
773 0 
774 0 
775 0 
776 0 
777 0 
778 0 
779 0 
780 0 
781 0 
782 0 
783 0 
784 0 
785 0 
786 0 
787 0 
788 0 
789 0 
790 0 
791 0 
792 0 
793 0 
794 0 
795 0 
796 0 
797 0 
798 0 
799 0 
