0 0 
1 0 
2 0 
3 0 
4 0 
5 0 
6 0 
7 0 
8 0 
9 0 
10 0 
11 0 
12 0 
13 0 
14 0 
15 0 
16 0 
17 0 
18 0 
19 0 
20 0 
21 0 
22 0 
23 0 
24 0 
25 0 
26 0 
27 0 
28 0 
29 0 
30 0 
31 0 
32 0 
33 0 
34 0 
35 0 
36 0 
37 0 
38 0 
39 0 
40 0 
41 0 
42 0 
43 0 
44 0 
45 0 
46 0 
47 0 
48 0 
49 0 
50 0 
51 0 
52 0 
53 0 
54 0 
55 0 
56 0 
57 0 
58 0 
59 0 
60 0 
61 0 
62 0 
63 0 
64 0 
65 0 
66 0 
67 0 
68 0 
69 0 
70 0 
71 0 
72 0 
73 0 
74 0 
75 0 
76 0 
77 0 
78 0 
79 0 
80 0 
81 0 
82 0 
83 0 
84 0 
85 0 
86 0 
87 0 
88 0 
89 0 
90 0 
91 0 
92 0 
93 0 
94 0 
95 0 
96 0 
97 0 
98 0 
99 0 
100 0 
101 0 
102 0 
103 0 
104 0 
105 0 
106 0 
107 0 
108 0 
109 0 
110 0 
111 0 
112 0 
113 0 
114 0 
115 0 
116 0 
117 0 
118 0 
119 0 
120 0 
121 0 
122 0 
123 0 
124 0 
125 0 
126 0 
127 0 
128 0 
129 0 
130 0 
131 0 
132 0 
133 0 
134 0 
135 0 
136 0 
137 0 
138 0 
139 0 
140 0 
141 0 
142 0 
143 0 
144 0 
145 0 
146 0 
147 0 
148 0 
149 0 
150 0 
151 0 
152 0 
153 0 
154 0 
155 0 
156 0 
157 0 
158 0 
159 0 
160 0 
161 0 
162 0 
163 0 
164 0 
165 0 
166 0 
167 0 
168 0 
169 0 
170 0 
171 0 
172 0 
173 0 
174 0 
175 0 
176 0 
177 0 
178 0 
179 0 
180 0 
181 0 
182 0 
183 0 
184 0 
185 0 
186 0 
187 0 
188 0 
189 0 
190 0 
191 0 
192 0 
193 0 
194 0 
195 0 
196 0 
197 0 
198 0 
199 0 
200 0 
201 0 
202 0 
203 0 
204 0 
205 0 
206 0 
207 0 
208 0 
209 0 
210 0 
211 0 
212 0 
213 0 
214 0 
215 0 
216 0 
217 0 
218 0 
219 0 
220 0 
221 0 
222 0 
223 0 
224 0 
225 0 
226 0 
227 0 
228 0 
229 0 
230 0 
231 0 
232 0 
233 0 
234 0 
235 0 
236 0 
237 0 
238 0 
239 0 
240 0 
241 0 
242 0 
243 0 
244 0 
245 0 
246 0 
247 0 
248 0 
249 0 
250 0 
251 0 
252 0 
253 0 
254 0 
255 0 
256 0 
257 0 
258 0 
259 0 
260 0 
261 0 
262 0 
263 0 
264 0 
265 0 
266 0 
267 0 
268 0 
269 0 
270 0 
271 0 
272 0 
273 0 
274 0 
275 0 
276 0 
277 0 
278 0 
279 0 
280 0 
281 0 
282 0 
283 0 
284 0 
285 0 
286 0 
287 0 
288 0 
289 0 
290 0 
291 0 
292 0 
293 0 
294 0 
295 0 
296 0 
297 0 
298 0 
299 0 
300 0 
301 3 
302 4 
303 20 
304 39 
305 78 
306 127 
307 263 
308 558 
309 1051 
310 1905 
311 3073 
312 5016 
313 7720 
314 11924 
315 17052 
316 23384 
317 30096 
318 37688 
319 46792 
320 58969 
321 72987 
322 86520 
323 103322 
324 123768 
325 148405 
326 175974 
327 207138 
328 243472 
329 284217 
330 329912 
331 381484 
332 431201 
333 484567 
334 543278 
335 612961 
336 693269 
337 784353 
338 888102 
339 996645 
340 1114064 
341 1242325 
342 1388099 
343 1547225 
344 1726441 
345 1925200 
346 2152357 
347 2402842 
348 2675417 
349 2966342 
350 3303381 
351 3664859 
352 4059486 
353 4488370 
354 4951401 
355 5468399 
356 6037894 
357 6628437 
358 7250192 
359 7892833 
360 8576827 
361 9297281 
362 10031325 
363 10810269 
364 11606472 
365 12394343 
366 13210178 
367 14052818 
368 14944038 
369 15877246 
370 16808233 
371 17763246 
372 18791629 
373 19808386 
374 20821495 
375 21836166 
376 22875071 
377 23926547 
378 24959023 
379 25988237 
380 27031560 
381 28081946 
382 29124310 
383 30205603 
384 31282292 
385 32358380 
386 33484712 
387 34550979 
388 35591160 
389 36569912 
390 37472486 
391 38302298 
392 39125358 
393 39893403 
394 40642226 
395 41281650 
396 41860485 
397 42374241 
398 42766594 
399 43101427 
400 43322845 
401 43436853 
402 43459245 
403 43370917 
404 43160597 
405 42833922 
406 42439044 
407 41915195 
408 41279717 
409 40596239 
410 39839091 
411 39028742 
412 38197679 
413 37292688 
414 36346801 
415 35387438 
416 34406004 
417 33408474 
418 32356152 
419 31293145 
420 30223577 
421 29160902 
422 28117180 
423 27045446 
424 25995099 
425 24991351 
426 24042688 
427 23084185 
428 22151690 
429 21244744 
430 20391037 
431 19530562 
432 18692142 
433 17861452 
434 17039457 
435 16232419 
436 15426526 
437 14651701 
438 13859240 
439 13125362 
440 12415521 
441 11727003 
442 11051970 
443 10437555 
444 9865585 
445 9316106 
446 8802670 
447 8320061 
448 7862084 
449 7435692 
450 7021017 
451 6638547 
452 6282702 
453 5935650 
454 5614058 
455 5298883 
456 4995284 
457 4695351 
458 4424125 
459 4178679 
460 3948512 
461 3736774 
462 3543113 
463 3364494 
464 3194991 
465 3033649 
466 2882769 
467 2727019 
468 2576324 
469 2438239 
470 2295152 
471 2149714 
472 2030315 
473 1905132 
474 1797700 
475 1691639 
476 1590019 
477 1496475 
478 1409333 
479 1321492 
480 1243614 
481 1163040 
482 1083260 
483 996133 
484 916030 
485 843413 
486 771755 
487 699272 
488 626056 
489 563239 
490 502008 
491 444715 
492 390899 
493 336088 
494 288317 
495 245412 
496 206686 
497 172011 
498 142377 
499 114121 
500 90979 
501 71830 
502 55246 
503 41092 
504 29781 
505 21232 
506 15199 
507 10491 
508 7319 
509 5236 
510 3639 
511 2543 
512 1734 
513 1198 
514 858 
515 680 
516 432 
517 192 
518 109 
519 40 
520 6 
521 10 
522 7 
523 2 
524 0 
525 0 
526 0 
527 0 
528 0 
529 0 
530 0 
531 0 
532 0 
533 0 
534 0 
535 0 
536 0 
537 0 
538 0 
539 0 
540 0 
541 0 
542 0 
543 0 
544 0 
545 0 
546 0 
547 0 
548 0 
549 0 
550 0 
551 0 
552 0 
553 0 
554 0 
555 0 
556 0 
557 0 
558 0 
559 0 
560 0 
561 0 
562 0 
563 0 
564 0 
565 0 
566 0 
567 0 
568 0 
569 0 
570 0 
571 0 
572 0 
573 0 
574 0 
575 0 
576 0 
577 0 
578 0 
579 0 
580 0 
581 0 
582 0 
583 0 
584 0 
585 0 
586 0 
587 0 
588 0 
589 0 
590 0 
591 0 
592 0 
593 0 
594 0 
595 0 
596 0 
597 0 
598 0 
599 0 
600 0 
601 0 
602 0 
603 0 
604 0 
605 0 
606 0 
607 0 
608 0 
609 0 
610 0 
611 0 
612 0 
613 0 
614 0 
615 0 
616 0 
617 0 
618 0 
619 0 
620 0 
621 0 
622 0 
623 0 
624 0 
625 0 
626 0 
627 0 
628 0 
629 0 
630 0 
631 0 
632 0 
633 0 
634 0 
635 0 
636 0 
637 0 
638 0 
639 0 
640 0 
641 0 
642 0 
643 0 
644 0 
645 0 
646 0 
647 0 
648 0 
649 0 
650 0 
651 0 
652 0 
653 0 
654 0 
655 0 
656 0 
657 0 
658 0 
659 0 
660 0 
661 0 
662 0 
663 0 
664 0 
665 0 
666 0 
667 0 
668 0 
669 0 
670 0 
671 0 
672 0 
673 0 
674 0 
675 0 
676 0 
677 0 
678 0 
679 0 
680 0 
681 0 
682 0 
683 0 
684 0 
685 0 
686 0 
687 0 
688 0 
689 0 
690 0 
691 0 
692 0 
693 0 
694 0 
695 0 
696 0 
697 0 
698 0 
699 0 
700 0 
701 0 
702 0 
703 0 
704 0 
705 0 
706 0 
707 0 
708 0 
709 0 
710 0 
711 0 
712 0 
713 0 
714 0 
715 0 
716 0 
717 0 
718 0 
719 0 
720 0 
721 0 
722 0 
723 0 
724 0 
725 0 
726 0 
727 0 
728 0 
729 0 
730 0 
731 0 
732 0 
733 0 
734 0 
735 0 
736 0 
737 0 
738 0 
739 0 
740 0 
741 0 
742 0 
743 0 
744 0 
745 0 
746 0 
747 0 
748 0 
749 0 
750 0 
751 0 
752 0 
753 0 
754 0 
755 0 
756 0 
757 0 
758 0 
759 0 
760 0 
761 0 
762 0 
763 0 
764 0 
765 0 
766 0 
767 0 
768 0 
769 0 
770 0 
771 0 
772 0 
773 0 
774 0 
775 0 
776 0 
777 0 
778 0 
779 0 
780 0 
781 0 
782 0 
783 0 
784 0 
785 0 
786 0 
787 0 
788 0 
789 0 
790 0 
791 0 
792 0 
793 0 
794 0 
795 0 
796 0 
797 0 
798 0 
799 0 
