0 0 
1 0 
2 0 
3 0 
4 0 
5 0 
6 0 
7 0 
8 0 
9 0 
10 0 
11 0 
12 0 
13 0 
14 0 
15 0 
16 0 
17 0 
18 0 
19 0 
20 0 
21 0 
22 0 
23 0 
24 0 
25 0 
26 0 
27 0 
28 0 
29 0 
30 0 
31 0 
32 0 
33 0 
34 0 
35 0 
36 0 
37 0 
38 0 
39 0 
40 0 
41 0 
42 0 
43 0 
44 0 
45 0 
46 0 
47 0 
48 0 
49 0 
50 0 
51 0 
52 0 
53 0 
54 0 
55 0 
56 0 
57 0 
58 0 
59 0 
60 0 
61 0 
62 0 
63 0 
64 0 
65 0 
66 0 
67 0 
68 0 
69 0 
70 0 
71 0 
72 0 
73 0 
74 0 
75 0 
76 0 
77 0 
78 0 
79 0 
80 0 
81 0 
82 0 
83 0 
84 0 
85 0 
86 0 
87 0 
88 0 
89 0 
90 0 
91 0 
92 0 
93 0 
94 0 
95 0 
96 0 
97 0 
98 0 
99 0 
100 0 
101 0 
102 0 
103 0 
104 0 
105 0 
106 0 
107 0 
108 0 
109 0 
110 0 
111 0 
112 0 
113 0 
114 0 
115 0 
116 0 
117 0 
118 0 
119 0 
120 0 
121 0 
122 0 
123 0 
124 0 
125 0 
126 0 
127 0 
128 0 
129 0 
130 0 
131 0 
132 0 
133 0 
134 0 
135 0 
136 0 
137 0 
138 0 
139 0 
140 0 
141 0 
142 0 
143 0 
144 0 
145 0 
146 0 
147 0 
148 0 
149 0 
150 0 
151 0 
152 0 
153 0 
154 0 
155 0 
156 0 
157 0 
158 0 
159 0 
160 0 
161 0 
162 0 
163 0 
164 0 
165 0 
166 0 
167 0 
168 0 
169 0 
170 0 
171 0 
172 0 
173 0 
174 0 
175 0 
176 0 
177 0 
178 0 
179 0 
180 0 
181 0 
182 0 
183 0 
184 0 
185 0 
186 0 
187 0 
188 0 
189 0 
190 0 
191 0 
192 0 
193 0 
194 0 
195 0 
196 0 
197 0 
198 0 
199 0 
200 0 
201 0 
202 0 
203 0 
204 0 
205 0 
206 0 
207 0 
208 0 
209 0 
210 0 
211 0 
212 0 
213 0 
214 0 
215 0 
216 0 
217 0 
218 0 
219 0 
220 0 
221 0 
222 0 
223 0 
224 0 
225 0 
226 0 
227 0 
228 0 
229 0 
230 0 
231 0 
232 0 
233 0 
234 0 
235 0 
236 0 
237 0 
238 0 
239 0 
240 0 
241 0 
242 0 
243 0 
244 0 
245 0 
246 0 
247 0 
248 0 
249 0 
250 0 
251 0 
252 0 
253 0 
254 0 
255 0 
256 0 
257 0 
258 0 
259 0 
260 0 
261 0 
262 0 
263 0 
264 0 
265 0 
266 0 
267 0 
268 0 
269 0 
270 0 
271 0 
272 0 
273 0 
274 0 
275 0 
276 0 
277 0 
278 0 
279 0 
280 0 
281 0 
282 0 
283 0 
284 13 
285 29 
286 93 
287 126 
288 243 
289 484 
290 649 
291 963 
292 1285 
293 1561 
294 1985 
295 2302 
296 2582 
297 2637 
298 2704 
299 2812 
300 3177 
301 3684 
302 4155 
303 4494 
304 5020 
305 5615 
306 6893 
307 8590 
308 10939 
309 14557 
310 18917 
311 24037 
312 31194 
313 40537 
314 51731 
315 65338 
316 81911 
317 99104 
318 119181 
319 141997 
320 164459 
321 192747 
322 220624 
323 251254 
324 286508 
325 325359 
326 372423 
327 420909 
328 477527 
329 535716 
330 605130 
331 676496 
332 757122 
333 837299 
334 928055 
335 1021363 
336 1128527 
337 1232616 
338 1352421 
339 1482378 
340 1615473 
341 1767399 
342 1925991 
343 2102842 
344 2297003 
345 2514047 
346 2743113 
347 2999258 
348 3275070 
349 3573766 
350 3899276 
351 4240521 
352 4625799 
353 5033660 
354 5495057 
355 5983050 
356 6508442 
357 7083822 
358 7705116 
359 8373899 
360 9087119 
361 9824632 
362 10627598 
363 11487830 
364 12379964 
365 13313498 
366 14291729 
367 15322007 
368 16418761 
369 17562099 
370 18793401 
371 20075050 
372 21445622 
373 22910708 
374 24436730 
375 26017235 
376 27620711 
377 29283533 
378 30963017 
379 32661857 
380 34386960 
381 36086182 
382 37780768 
383 39476767 
384 41163358 
385 42800545 
386 44398392 
387 45953185 
388 47369381 
389 48693185 
390 49906777 
391 51051560 
392 52073335 
393 53020642 
394 53918006 
395 54662701 
396 55246577 
397 55650950 
398 55888204 
399 55919833 
400 55737716 
401 55301999 
402 54634479 
403 53692350 
404 52569246 
405 51333770 
406 49943783 
407 48435129 
408 46810669 
409 45124471 
410 43329253 
411 41435418 
412 39479290 
413 37522513 
414 35492482 
415 33461088 
416 31419843 
417 29428917 
418 27476938 
419 25620633 
420 23796392 
421 22053006 
422 20410650 
423 18854064 
424 17372683 
425 15994463 
426 14683952 
427 13496448 
428 12339637 
429 11256946 
430 10264843 
431 9319479 
432 8441848 
433 7627197 
434 6884339 
435 6191234 
436 5547347 
437 4946395 
438 4395714 
439 3896826 
440 3436172 
441 3016266 
442 2649293 
443 2330455 
444 2041693 
445 1787021 
446 1569019 
447 1379338 
448 1205999 
449 1051355 
450 914995 
451 797861 
452 688340 
453 588385 
454 494098 
455 415177 
456 349478 
457 292253 
458 242702 
459 199007 
460 161693 
461 133490 
462 107109 
463 85231 
464 66701 
465 52244 
466 41703 
467 31977 
468 24647 
469 18345 
470 13540 
471 9721 
472 6953 
473 4635 
474 2836 
475 1565 
476 896 
477 442 
478 232 
479 101 
480 59 
481 31 
482 6 
483 1 
484 0 
485 0 
486 0 
487 0 
488 0 
489 0 
490 0 
491 0 
492 0 
493 0 
494 0 
495 0 
496 0 
497 0 
498 0 
499 0 
500 0 
501 0 
502 0 
503 0 
504 0 
505 0 
506 0 
507 0 
508 0 
509 0 
510 0 
511 0 
512 0 
513 0 
514 0 
515 0 
516 0 
517 0 
518 0 
519 0 
520 0 
521 0 
522 0 
523 0 
524 0 
525 0 
526 0 
527 0 
528 0 
529 0 
530 0 
531 0 
532 0 
533 0 
534 0 
535 0 
536 0 
537 0 
538 0 
539 0 
540 0 
541 0 
542 0 
543 0 
544 0 
545 0 
546 0 
547 0 
548 0 
549 0 
550 0 
551 0 
552 0 
553 0 
554 0 
555 0 
556 0 
557 0 
558 0 
559 0 
560 0 
561 0 
562 0 
563 0 
564 0 
565 0 
566 0 
567 0 
568 0 
569 0 
570 0 
571 0 
572 0 
573 0 
574 0 
575 0 
576 0 
577 0 
578 0 
579 0 
580 0 
581 0 
582 0 
583 0 
584 0 
585 0 
586 0 
587 0 
588 0 
589 0 
590 0 
591 0 
592 0 
593 0 
594 0 
595 0 
596 0 
597 0 
598 0 
599 0 
600 0 
601 0 
602 0 
603 0 
604 0 
605 0 
606 0 
607 0 
608 0 
609 0 
610 0 
611 0 
612 0 
613 0 
614 0 
615 0 
616 0 
617 0 
618 0 
619 0 
620 0 
621 0 
622 0 
623 0 
624 0 
625 0 
626 0 
627 0 
628 0 
629 0 
630 0 
631 0 
632 0 
633 0 
634 0 
635 0 
636 0 
637 0 
638 0 
639 0 
640 0 
641 0 
642 0 
643 0 
644 0 
645 0 
646 0 
647 0 
648 0 
649 0 
650 0 
651 0 
652 0 
653 0 
654 0 
655 0 
656 0 
657 0 
658 0 
659 0 
660 0 
661 0 
662 0 
663 0 
664 0 
665 0 
666 0 
667 0 
668 0 
669 0 
670 0 
671 0 
672 0 
673 0 
674 0 
675 0 
676 0 
677 0 
678 0 
679 0 
680 0 
681 0 
682 0 
683 0 
684 0 
685 0 
686 0 
687 0 
688 0 
689 0 
690 0 
691 0 
692 0 
693 0 
694 0 
695 0 
696 0 
697 0 
698 0 
699 0 
700 0 
701 0 
702 0 
703 0 
704 0 
705 0 
706 0 
707 0 
708 0 
709 0 
710 0 
711 0 
712 0 
713 0 
714 0 
715 0 
716 0 
717 0 
718 0 
719 0 
720 0 
721 0 
722 0 
723 0 
724 0 
725 0 
726 0 
727 0 
728 0 
729 0 
730 0 
731 0 
732 0 
733 0 
734 0 
735 0 
736 0 
737 0 
738 0 
739 0 
740 0 
741 0 
742 0 
743 0 
744 0 
745 0 
746 0 
747 0 
748 0 
749 0 
750 0 
751 0 
752 0 
753 0 
754 0 
755 0 
756 0 
757 0 
758 0 
759 0 
760 0 
761 0 
762 0 
763 0 
764 0 
765 0 
766 0 
767 0 
768 0 
769 0 
770 0 
771 0 
772 0 
773 0 
774 0 
775 0 
776 0 
777 0 
778 0 
779 0 
780 0 
781 0 
782 0 
783 0 
784 0 
785 0 
786 0 
787 0 
788 0 
789 0 
790 0 
791 0 
792 0 
793 0 
794 0 
795 0 
796 0 
797 0 
798 0 
799 0 
