0 7
1 7
2 3
3 2
4 0
5 -1
6 0
7 1
8 1
9 -4
10 -7
11 -7
12 -7
13 -6
14 -9
15 -6
16 -5
17 -5
18 -3
19 -10
20 -10
21 -12
22 -13
23 -13
24 -13
25 -12
26 -12
27 -12
28 -6
29 -5
30 -6
31 -4
32 -3
33 -1
34 -1
35 -2
36 -2
37 -4
38 -3
39 -3
40 -1
41 -1
42 1
43 -3
44 -3
45 -2
46 -7
47 -7
48 -5
49 -5
50 -6
51 -6
52 -5
53 -3
54 -5
55 -4
56 -4
57 -5
58 -9
59 -9
60 -10
61 -11
62 -10
63 -9
64 -9
65 -8
66 -8
67 -6
68 -11
69 -11
70 -10
71 -9
72 -7
73 -8
74 -1
75 -1
76 -1
77 -3
78 -5
79 -4
80 -4
81 -7
82 -8
83 -8
84 -8
85 -11
86 -5
87 -5
88 -3
89 0
90 2
91 2
92 3
93 3
94 2
95 2
96 1
97 1
98 3
99 0
100 1
101 2
102 3
103 8
104 8
105 7
106 7
107 3
108 5
109 8
110 2
111 4
112 0
113 -2
114 -3
115 -1
116 -2
117 -1
118 -2
119 -5
120 -6
121 -4
122 -1
123 0
124 3
125 3
126 1
127 2
128 5
129 4
130 0
131 1
132 -2
133 0
134 9
135 6
136 5
137 2
138 2
139 4
140 -1
141 0
142 1
143 -3
144 -3
145 -1
146 -3
147 -5
148 -4
149 -3
150 -3
151 -4
152 -4
153 -7
154 -4
155 -3
156 1
157 -3
158 -4
159 -4
160 -3
161 -2
162 -7
163 -6
164 -4
165 -3
166 -3
167 -5
168 -4
169 -4
170 -3
171 -1
172 -1
173 3
174 4
175 1
176 2
177 1
178 0
179 8
180 7
181 7
182 8
183 10
184 11
185 7
186 7
187 3
188 6
189 5
190 7
191 6
192 6
193 4
194 4
195 1
196 2
197 2
198 3
199 3
200 2
201 1
202 0
203 1
204 -1
205 -2
206 -1
207 0
208 -1
209 -2
210 -2
211 -5
212 -7
213 -12
214 -12
215 -10
216 -11
217 -14
218 -14
219 -16
220 -18
221 -16
222 -16
223 -17
224 -20
225 -13
226 -8
227 -4
228 -4
229 -3
230 -3
231 7
232 13
233 14
234 13
235 17
236 13
237 12
238 8
239 7
240 5
241 4
242 5
243 8
244 16
245 15
246 15
247 16
248 14
249 17
250 17
251 18
252 5
253 10
254 10
255 3
