0 9
1 12
2 15
3 12
4 12
5 11
6 10
7 9
8 16
9 14
10 12
11 13
12 16
13 13
14 8
15 6
16 4
17 14
18 13
19 4
20 3
21 6
22 6
23 11
24 16
25 15
26 23
27 22
28 20
29 20
30 20
31 19
32 17
33 13
34 12
35 10
36 14
37 12
38 12
39 9
40 9
41 6
42 7
43 7
44 8
45 11
46 8
47 8
48 11
49 8
50 4
51 6
52 5
53 6
54 2
55 3
56 1
57 0
58 -1
59 2
60 -6
61 -5
62 -2
63 2
64 5
65 5
66 5
67 8
68 11
69 12
70 11
71 14
72 12
73 5
74 4
75 4
76 4
77 4
78 1
79 -2
80 -5
81 -7
82 -7
83 4
84 3
85 2
86 -2
87 0
88 -1
89 -3
90 -3
91 -6
92 -6
93 -4
94 0
95 -1
96 -1
97 0
98 -2
99 0
100 0
101 -7
102 -5
103 -4
104 -6
105 -4
106 -3
107 -5
108 -2
109 2
110 5
111 2
112 1
113 1
114 2
115 5
116 5
117 2
118 4
119 8
120 7
121 6
122 4
123 3
124 4
125 5
126 3
127 1
128 -3
129 1
130 -3
131 -4
132 -1
133 -5
134 -7
135 -2
136 -2
137 -2
138 -2
139 -2
140 -3
141 -3
142 -1
143 -7
144 -7
145 -6
146 -2
147 1
148 0
149 -2
150 -3
151 -4
152 -2
153 1
154 3
155 6
156 9
157 5
158 2
159 1
160 -2
161 -2
162 0
163 -1
164 -3
165 -5
166 -12
167 -13
168 -13
169 -15
170 -13
171 -14
172 -13
173 -10
174 -13
175 -13
176 -14
177 -13
178 -12
179 -11
180 -8
181 -8
182 -9
183 -8
184 -11
185 -11
186 -14
187 -13
188 -14
189 -10
190 -12
191 -11
192 -10
193 -8
194 -2
195 -1
196 0
197 -1
198 -5
199 -7
200 -8
201 -4
202 -4
203 -4
204 -5
205 -4
206 -1
207 0
208 2
209 4
210 4
211 4
212 5
213 9
214 8
215 4
216 8
217 9
218 5
219 6
220 8
221 7
222 10
223 9
224 9
225 8
226 7
227 10
228 9
229 9
230 10
231 7
232 11
233 13
234 8
235 7
236 8
237 7
238 6
239 6
240 6
241 6
242 6
243 4
244 5
245 6
246 12
247 12
248 10
249 9
250 9
251 9
252 14
253 15
254 13
255 13
