0 -4
1 0
2 -4
3 -4
4 -4
5 -4
6 -5
7 -4
8 -6
9 -5
10 -3
11 -1
12 2
13 -1
14 1
15 1
16 2
17 0
18 1
19 -2
20 -2
21 -2
22 -1
23 -3
24 3
25 3
26 3
27 4
28 -3
29 -4
30 -3
31 -3
32 -6
33 -2
34 -6
35 -1
36 2
37 1
38 1
39 2
40 -1
41 0
42 -1
43 1
44 3
45 2
46 3
47 2
48 3
49 7
50 1
51 2
52 4
53 5
54 2
55 3
56 3
57 -1
58 -4
59 -3
60 2
61 0
62 0
63 0
64 0
65 2
66 5
67 5
68 0
69 0
70 1
71 8
72 8
73 5
74 7
75 6
76 12
77 12
78 10
79 11
80 6
81 8
82 8
83 8
84 5
85 6
86 6
87 -1
88 -1
89 -1
90 1
91 1
92 1
93 1
94 3
95 2
96 2
97 3
98 6
99 6
100 4
101 3
102 1
103 3
104 2
105 3
106 1
107 1
108 1
109 1
110 -1
111 3
112 3
113 2
114 4
115 3
116 4
117 3
118 1
119 -2
120 -1
121 -1
122 1
123 -1
124 -1
125 1
126 -6
127 -6
128 0
129 0
130 -1
131 -4
132 -4
133 -4
134 -3
135 1
136 0
137 -3
138 -3
139 3
140 0
141 0
142 1
143 -1
144 1
145 2
146 2
147 -2
148 -5
149 -6
150 -4
151 -7
152 -4
153 -3
154 2
155 6
156 6
157 5
158 0
159 1
160 1
161 0
162 2
163 1
164 -1
165 0
166 0
167 -1
168 -2
169 -3
170 1
171 1
172 1
173 -7
174 -6
175 -4
176 2
177 3
178 2
179 2
180 4
181 2
182 2
183 -5
184 -3
185 -1
186 5
187 1
188 1
189 -2
190 -3
191 -3
192 -5
193 -5
194 1
195 -3
196 -4
197 -4
198 -6
199 -5
200 -6
201 -8
202 -8
203 -2
204 1
205 0
206 0
207 1
208 -1
209 1
210 5
211 3
212 3
213 4
214 7
215 8
216 2
217 0
218 -3
219 -3
220 -3
221 1
222 2
223 2
224 1
225 -1
226 8
227 3
228 3
229 5
230 4
231 6
232 5
233 5
234 7
235 5
236 1
237 3
238 0
239 0
240 -1
241 -3
242 -4
243 -6
244 -5
245 0
246 1
247 0
248 1
249 -3
250 -4
251 -4
252 -6
253 -7
254 -2
255 -2
