0 2
1 2
2 0
3 -1
4 2
5 2
6 3
7 4
8 5
9 4
10 -3
11 -3
12 -1
13 -4
14 -1
15 -1
16 0
17 0
18 -1
19 -2
20 -2
21 3
22 1
23 2
24 3
25 2
26 3
27 2
28 0
29 -1
30 2
31 0
32 0
33 9
34 4
35 4
36 2
37 2
38 1
39 0
40 1
41 1
42 0
43 -2
44 -5
45 -5
46 -6
47 -6
48 -7
49 -5
50 -4
51 -3
52 -9
53 -7
54 -9
55 -3
56 -3
57 -3
58 2
59 2
60 -2
61 -2
62 -1
63 -3
64 -1
65 -2
66 -2
67 -5
68 -5
69 -7
70 -5
71 0
72 0
73 4
74 3
75 3
76 6
77 3
78 5
79 0
80 1
81 2
82 2
83 -1
84 -2
85 -4
86 -7
87 -5
88 -5
89 -5
90 -6
91 -5
92 -9
93 -8
94 -1
95 -3
96 -3
97 -1
98 -4
99 -3
100 1
101 1
102 0
103 4
104 2
105 2
106 2
107 1
108 2
109 5
110 3
111 3
112 3
113 2
114 3
115 4
116 -4
117 -3
118 -7
119 0
120 0
121 0
122 -1
123 2
124 0
125 2
126 2
127 2
128 1
129 1
130 3
131 2
132 0
133 0
134 2
135 5
136 1
137 -3
138 -3
139 1
140 0
141 2
142 2
143 2
144 4
145 0
146 0
147 1
148 1
149 1
150 2
151 6
152 2
153 0
154 1
155 -3
156 1
157 -2
158 -6
159 -9
160 -6
161 -5
162 -3
163 -2
164 -2
165 3
166 3
167 4
168 1
169 1
170 1
171 -1
172 -2
173 -1
174 3
175 2
176 3
177 4
178 -1
179 -3
180 -2
181 -1
182 -2
183 -2
184 -2
185 2
186 2
187 4
188 2
189 1
190 1
191 3
192 1
193 1
194 1
195 1
196 -1
197 -1
198 -1
199 0
200 2
201 2
202 2
203 2
204 0
205 0
206 1
207 0
208 2
209 2
210 -1
211 -2
212 -2
213 -3
214 -3
215 -3
216 0
217 1
218 1
219 0
220 -2
221 -1
222 1
223 2
224 4
225 2
226 3
227 5
228 4
229 3
230 2
231 3
232 3
233 3
234 3
235 5
236 -1
237 0
238 0
239 -2
240 -4
241 -3
242 -1
243 -2
244 -1
245 -1
246 -2
247 2
248 0
249 3
250 5
251 5
252 3
253 3
254 2
255 2
