0 -13
1 -7
2 -7
3 -7
4 -9
5 -9
6 -4
7 -4
8 3
9 1
10 -1
11 -5
12 -10
13 -9
14 -12
15 -6
16 -3
17 -3
18 -5
19 -2
20 4
21 0
22 6
23 4
24 1
25 -3
26 2
27 -6
28 -6
29 -6
30 -7
31 -8
32 -8
33 -8
34 1
35 1
36 4
37 7
38 7
39 7
40 4
41 5
42 5
43 7
44 8
45 1
46 1
47 9
48 5
49 7
50 1
51 5
52 5
53 6
54 7
55 4
56 3
57 1
58 6
59 1
60 -2
61 -2
62 -3
63 -3
64 -2
65 -5
66 -5
67 -6
68 -5
69 -5
70 -4
71 -4
72 -3
73 -2
74 0
75 1
76 4
77 7
78 7
79 8
80 3
81 -3
82 -5
83 -4
84 -5
85 -6
86 -6
87 -5
88 -4
89 -4
90 -5
91 2
92 3
93 4
94 1
95 0
96 2
97 1
98 4
99 1
100 -2
101 -3
102 0
103 -2
104 -2
105 -3
106 -2
107 -2
108 0
109 1
110 1
111 -1
112 -1
113 0
114 -2
115 -1
116 -2
117 -5
118 -7
119 -5
120 -4
121 -11
122 -3
123 1
124 1
125 1
126 2
127 0
128 0
129 4
130 5
131 6
132 6
133 4
134 5
135 2
136 2
137 -2
138 -4
139 -4
140 -9
141 -9
142 -9
143 -10
144 -10
145 -5
146 -6
147 -7
148 -11
149 -14
150 -14
151 -14
152 3
153 2
154 4
155 6
156 6
157 6
158 6
159 5
160 3
161 1
162 1
163 0
164 1
165 1
166 3
167 4
168 -2
169 -3
170 -1
171 2
172 3
173 -2
174 -3
175 -1
176 -4
177 -6
178 0
179 1
180 -6
181 -7
182 -9
183 -4
184 -7
185 -4
186 -3
187 -3
188 -2
189 -3
190 1
191 5
192 5
193 5
194 7
195 0
196 2
197 7
198 8
199 3
200 2
201 5
202 7
203 7
204 7
205 2
206 8
207 6
208 6
209 2
210 4
211 3
212 4
213 6
214 4
215 2
216 -1
217 0
218 -1
219 -1
220 -6
221 -6
222 -5
223 -3
224 -3
225 -3
226 -1
227 -3
228 0
229 -4
230 -4
231 -1
232 -1
233 1
234 3
235 0
236 1
237 1
238 -6
239 -6
240 -5
241 -8
242 -7
243 -7
244 -6
245 -7
246 -8
247 -10
248 -18
249 -13
250 -7
251 -11
252 -11
253 -10
254 -9
255 -10
