0 3
1 3
2 6
3 7
4 4
5 4
6 -1
7 -3
8 -6
9 -5
10 -3
11 0
12 0
13 -1
14 -1
15 0
16 -4
17 -3
18 -4
19 -6
20 -5
21 0
22 -5
23 -3
24 -4
25 -3
26 -1
27 -6
28 -9
29 -8
30 -2
31 2
32 2
33 1
34 1
35 0
36 -1
37 -1
38 3
39 3
40 0
41 -6
42 2
43 -1
44 -1
45 -2
46 -3
47 -2
48 2
49 4
50 13
51 8
52 1
53 0
54 1
55 0
56 1
57 3
58 2
59 5
60 6
61 5
62 6
63 5
64 -4
65 -4
66 0
67 -1
68 -1
69 -3
70 -3
71 -4
72 -4
73 -6
74 -7
75 -7
76 -5
77 -4
78 -4
79 -4
80 -6
81 -5
82 -3
83 0
84 0
85 -2
86 -1
87 0
88 1
89 5
90 7
91 0
92 -1
93 4
94 4
95 8
96 4
97 0
98 0
99 4
100 3
101 4
102 -1
103 -1
104 -2
105 1
106 7
107 4
108 3
109 0
110 -3
111 -3
112 -1
113 -2
114 -3
115 -2
116 -2
117 3
118 4
119 5
120 5
121 -2
122 -1
123 0
124 -5
125 -5
126 -8
127 -11
128 -10
129 -8
130 -8
131 -6
132 1
133 -4
134 -3
135 -1
136 0
137 -1
138 -1
139 -1
140 1
141 -6
142 -5
143 -1
144 -3
145 -3
146 -2
147 -8
148 -8
149 -7
150 0
151 -1
152 2
153 1
154 3
155 6
156 10
157 11
158 12
159 10
160 1
161 1
162 1
163 1
164 0
165 -1
166 -1
167 0
168 4
169 7
170 4
171 10
172 10
173 10
174 6
175 4
176 5
177 4
178 4
179 3
180 5
181 0
182 0
183 -3
184 -3
185 -3
186 -4
187 -4
188 -5
189 -5
190 2
191 0
192 3
193 3
194 2
195 4
196 1
197 -1
198 -3
199 0
200 2
201 3
202 3
203 2
204 -2
205 -1
206 -2
207 3
208 0
209 -2
210 -1
211 0
212 6
213 6
214 7
215 6
216 1
217 -2
218 -6
219 -6
220 -7
221 -7
222 -8
223 -2
224 -2
225 -5
226 -11
227 -7
228 -6
229 -6
230 -6
231 -3
232 -3
233 -4
234 -5
235 -7
236 -4
237 -7
238 -10
239 -9
240 -7
241 -7
242 -6
243 -8
244 -6
245 -8
246 -8
247 -2
248 -3
249 -5
250 -5
251 -2
252 -2
253 -2
254 6
255 2
