0 0
1 -1
2 0
3 -1
4 -2
5 -1
6 -9
7 -11
8 -5
9 -7
10 -7
11 -8
12 -4
13 -11
14 -5
15 -2
16 -3
17 -6
18 -13
19 -8
20 -9
21 -9
22 -6
23 -7
24 -6
25 -9
26 -5
27 -4
28 -4
29 -6
30 -2
31 -1
32 -3
33 0
34 -2
35 -3
36 -3
37 -2
38 -3
39 0
40 1
41 1
42 1
43 4
44 8
45 9
46 7
47 6
48 7
49 9
50 9
51 12
52 14
53 7
54 6
55 2
56 3
57 9
58 8
59 9
60 9
61 10
62 10
63 11
64 7
65 9
66 11
67 5
68 11
69 16
70 16
71 13
72 12
73 10
74 10
75 2
76 6
77 7
78 4
79 9
80 14
81 14
82 11
83 10
84 11
85 11
86 10
87 13
88 10
89 10
90 10
91 7
92 12
93 8
94 11
95 11
96 3
97 1
98 1
99 -1
100 -2
101 -3
102 3
103 4
104 4
105 10
106 10
107 -10
108 -9
109 -10
110 -3
111 -3
112 -2
113 0
114 -2
115 -2
116 -2
117 -3
118 -2
119 2
120 0
121 -2
122 -3
123 -2
124 -2
125 1
126 0
127 0
128 -1
129 -1
130 0
131 -1
132 -2
133 -6
134 -3
135 -4
136 -4
137 -3
138 -3
139 -5
140 -7
141 -7
142 -7
143 2
144 0
145 0
146 1
147 0
148 3
149 3
150 3
151 1
152 2
153 0
154 -1
155 0
156 3
157 4
158 2
159 2
160 3
161 -1
162 0
163 2
164 -2
165 -5
166 -4
167 -4
168 -13
169 -16
170 -16
171 -17
172 -16
173 -18
174 -18
175 -17
176 -20
177 -18
178 -17
179 -14
180 -10
181 -13
182 -11
183 -12
184 -14
185 -12
186 -3
187 -5
188 -3
189 -2
190 -2
191 -2
192 -2
193 0
194 -1
195 1
196 3
197 3
198 8
199 7
200 8
201 13
202 8
203 11
204 11
205 9
206 8
207 10
208 9
209 10
210 9
211 9
212 5
213 5
214 5
215 7
216 5
217 -1
218 -2
219 -1
220 4
221 0
222 -1
223 -1
224 -4
225 -5
226 -3
227 -2
228 -1
229 -4
230 -4
231 -1
232 3
233 -1
234 6
235 7
236 7
237 11
238 16
239 14
240 13
241 12
242 12
243 11
244 12
245 13
246 13
247 9
248 10
249 7
250 4
251 3
252 5
253 2
254 1
255 1
