0 1
1 1
2 1
3 -1
4 0
5 0
6 0
7 -1
8 0
9 7
10 7
11 7
12 8
13 3
14 5
15 4
16 1
17 -2
18 1
19 1
20 0
21 0
22 -1
23 0
24 0
25 3
26 -2
27 1
28 0
29 -1
30 -4
31 0
32 7
33 4
34 2
35 1
36 1
37 0
38 0
39 1
40 1
41 0
42 1
43 2
44 0
45 1
46 0
47 -1
48 -1
49 -2
50 -2
51 1
52 5
53 1
54 1
55 1
56 0
57 1
58 2
59 1
60 3
61 1
62 4
63 -2
64 -2
65 -4
66 -3
67 1
68 1
69 1
70 -2
71 -3
72 -4
73 -1
74 0
75 1
76 0
77 -1
78 1
79 0
80 2
81 4
82 4
83 4
84 3
85 2
86 2
87 -5
88 -3
89 -3
90 -1
91 4
92 -3
93 0
94 -1
95 -2
96 -4
97 -4
98 -1
99 -1
100 -4
101 0
102 1
103 0
104 -1
105 -5
106 -5
107 2
108 2
109 2
110 2
111 2
112 3
113 3
114 1
115 1
116 1
117 0
118 0
119 6
120 -2
121 -6
122 -4
123 -5
124 -4
125 3
126 -1
127 -6
128 -3
129 -3
130 2
131 1
132 -1
133 -3
134 -3
135 -3
136 -1
137 0
138 -1
139 -1
140 0
141 0
142 0
143 2
144 3
145 4
146 4
147 2
148 2
149 3
150 3
151 0
152 3
153 -1
154 -1
155 -1
156 -1
157 0
158 -5
159 -1
160 -6
161 -11
162 2
163 1
164 -4
165 -1
166 -3
167 -3
168 -2
169 -6
170 -6
171 -6
172 -8
173 -6
174 -4
175 5
176 4
177 1
178 1
179 3
180 4
181 1
182 1
183 1
184 1
185 2
186 1
187 2
188 0
189 1
190 -1
191 -2
192 -1
193 3
194 -1
195 -6
196 -7
197 -9
198 -5
199 -3
200 -3
201 0
202 -4
203 4
204 -1
205 0
206 -1
207 -2
208 -2
209 -1
210 2
211 -5
212 -1
213 -2
214 -7
215 -7
216 -5
217 -7
218 -5
219 -1
220 -3
221 -3
222 -2
223 -2
224 -1
225 0
226 -3
227 -3
228 -1
229 2
230 3
231 3
232 5
233 7
234 4
235 4
236 1
237 1
238 2
239 0
240 -2
241 -2
242 -2
243 0
244 -2
245 -2
246 -2
247 -1
248 -1
249 1
250 0
251 0
252 -1
253 1
254 2
255 2
