0 -5
1 -7
2 1
3 3
4 1
5 6
6 3
7 1
8 6
9 6
10 11
11 10
12 9
13 9
14 11
15 13
16 12
17 11
18 16
19 16
20 16
21 14
22 -3
23 -3
24 -3
25 -11
26 -11
27 -11
28 -11
29 -12
30 -10
31 -5
32 -5
33 -4
34 -3
35 -3
36 -9
37 -9
38 -8
39 -4
40 -7
41 -8
42 -8
43 -2
44 -2
45 -4
46 0
47 2
48 -1
49 -7
50 -6
51 -3
52 -3
53 -4
54 -4
55 -4
56 -6
57 -7
58 -7
59 -6
60 -5
61 -4
62 -5
63 -3
64 -2
65 0
66 1
67 1
68 -3
69 -1
70 1
71 1
72 4
73 6
74 7
75 1
76 4
77 6
78 6
79 6
80 7
81 -1
82 3
83 3
84 1
85 0
86 0
87 -6
88 -4
89 -9
90 -3
91 -3
92 -8
93 -6
94 -8
95 -8
96 -7
97 -6
98 -7
99 -7
100 -8
101 -8
102 -8
103 -13
104 -11
105 -10
106 -9
107 -14
108 -15
109 -15
110 -17
111 -16
112 -17
113 -14
114 -9
115 -9
116 -4
117 -2
118 1
119 1
120 -2
121 -2
122 -1
123 0
124 1
125 0
126 3
127 1
128 -1
129 -2
130 -2
131 -2
132 -2
133 -7
134 -6
135 -9
136 -7
137 -7
138 -6
139 -6
140 -4
141 -6
142 -7
143 -7
144 0
145 0
146 0
147 1
148 2
149 0
150 0
151 3
152 3
153 -2
154 -2
155 -3
156 0
157 4
158 5
159 5
160 6
161 6
162 6
163 4
164 5
165 5
166 5
167 7
168 4
169 -7
170 -1
171 2
172 -1
173 6
174 5
175 3
176 2
177 3
178 1
179 -1
180 -5
181 -4
182 -3
183 -2
184 4
185 4
186 4
187 4
188 1
189 -1
190 -1
191 -2
192 -2
193 0
194 -3
195 -5
196 -5
197 -7
198 -10
199 -8
200 -3
201 -3
202 1
203 -1
204 -1
205 0
206 5
207 8
208 9
209 11
210 9
211 10
212 10
213 8
214 8
215 7
216 11
217 10
218 10
219 5
220 5
221 4
222 1
223 1
224 1
225 -4
226 -4
227 -4
228 -4
229 -5
230 0
231 1
232 0
233 4
234 5
235 5
236 5
237 4
238 4
239 8
240 6
241 4
242 3
243 -2
244 3
245 3
246 8
247 7
248 8
249 8
250 2
251 -3
252 -5
253 -8
254 -6
255 -4
