0 0
1 3
2 1
3 -3
4 -2
5 -1
6 4
7 0
8 1
9 1
10 1
11 -4
12 -1
13 0
14 -1
15 -1
16 -1
17 -4
18 -2
19 -1
20 -1
21 1
22 1
23 3
24 1
25 0
26 -7
27 -6
28 0
29 0
30 2
31 2
32 0
33 -1
34 -1
35 0
36 -1
37 -1
38 -4
39 -4
40 -3
41 -3
42 0
43 1
44 -1
45 0
46 1
47 3
48 1
49 -1
50 -2
51 -3
52 -3
53 -2
54 0
55 1
56 1
57 1
58 0
59 0
60 -4
61 -2
62 -2
63 -2
64 -2
65 -1
66 1
67 -1
68 -3
69 -1
70 0
71 -1
72 1
73 0
74 0
75 5
76 1
77 3
78 0
79 0
80 -1
81 -1
82 -1
83 0
84 0
85 -1
86 -1
87 -2
88 -2
89 2
90 0
91 -1
92 -2
93 -2
94 -3
95 -1
96 0
97 0
98 1
99 1
100 -3
101 -6
102 -2
103 0
104 1
105 2
106 2
107 2
108 0
109 0
110 1
111 -1
112 0
113 0
114 -3
115 -5
116 -1
117 -2
118 -8
119 -8
120 -8
121 -8
122 -8
123 -8
124 -9
125 -10
126 -8
127 -6
128 -2
129 1
130 -2
131 1
132 3
133 -1
134 0
135 0
136 -1
137 -3
138 -3
139 -3
140 0
141 -3
142 -1
143 -4
144 0
145 0
146 1
147 -1
148 6
149 8
150 7
151 4
152 5
153 3
154 1
155 -2
156 -2
157 -1
158 0
159 0
160 1
161 2
162 4
163 2
164 2
165 -1
166 -1
167 0
168 1
169 0
170 0
171 2
172 1
173 3
174 3
175 2
176 1
177 0
178 2
179 -3
180 -3
181 -3
182 -2
183 -2
184 0
185 -4
186 -1
187 1
188 2
189 3
190 3
191 2
192 2
193 3
194 2
195 4
196 -1
197 0
198 3
199 -1
200 -2
201 -1
202 -2
203 3
204 2
205 2
206 3
207 -1
208 0
209 1
210 -1
211 1
212 -2
213 -6
214 0
215 3
216 1
217 0
218 -1
219 0
220 -1
221 -2
222 -6
223 -3
224 -1
225 1
226 2
227 0
228 -2
229 0
230 0
231 -1
232 -1
233 1
234 1
235 -1
236 1
237 1
238 1
239 0
240 -4
241 -2
242 2
243 3
244 0
245 0
246 2
247 2
248 2
249 1
250 2
251 3
252 3
253 2
254 3
255 3
