0 13
1 11
2 14
3 11
4 12
5 15
6 14
7 14
8 12
9 16
10 16
11 16
12 16
13 17
14 17
15 17
16 18
17 10
18 8
19 5
20 8
21 7
22 7
23 6
24 11
25 8
26 10
27 12
28 13
29 7
30 4
31 2
32 3
33 -1
34 -3
35 5
36 6
37 11
38 11
39 11
40 10
41 8
42 8
43 7
44 2
45 1
46 0
47 2
48 -3
49 -3
50 -4
51 -4
52 -7
53 -5
54 -5
55 -6
56 -8
57 -10
58 -8
59 -9
60 -11
61 -11
62 -10
63 -7
64 -16
65 -13
66 -12
67 -17
68 -19
69 -18
70 -16
71 -14
72 -14
73 -12
74 -20
75 -18
76 -20
77 -15
78 -15
79 -12
80 -12
81 -12
82 -11
83 -10
84 -13
85 -14
86 -16
87 -17
88 -14
89 -15
90 -14
91 -13
92 -13
93 -13
94 -17
95 -13
96 -16
97 -13
98 -12
99 -13
100 -12
101 -7
102 -13
103 -20
104 -21
105 -19
106 -13
107 -10
108 -10
109 -10
110 -6
111 -3
112 -2
113 -2
114 -2
115 1
116 2
117 3
118 2
119 2
120 2
121 1
122 0
123 3
124 -7
125 -6
126 -2
127 5
128 2
129 3
130 1
131 4
132 3
133 2
134 2
135 5
136 2
137 1
138 -4
139 4
140 4
141 4
142 -1
143 -1
144 -1
145 -1
146 -1
147 3
148 4
149 4
150 4
151 4
152 11
153 8
154 8
155 7
156 -4
157 -2
158 -1
159 0
160 0
161 0
162 -2
163 1
164 1
165 9
166 12
167 13
168 10
169 12
170 10
171 11
172 12
173 13
174 9
175 7
176 5
177 5
178 7
179 6
180 7
181 6
182 6
183 6
184 6
185 6
186 9
187 9
188 7
189 2
190 -1
191 0
192 1
193 1
194 0
195 -1
196 -5
197 -4
198 -2
199 -4
200 -1
201 0
202 2
203 2
204 2
205 5
206 5
207 7
208 6
209 5
210 5
211 4
212 0
213 -1
214 -2
215 2
216 0
217 -1
218 -1
219 0
220 4
221 1
222 2
223 -1
224 -2
225 -12
226 -9
227 -10
228 -10
229 -8
230 -11
231 -20
232 -14
233 -13
234 -13
235 -11
236 -11
237 -6
238 -6
239 -5
240 -3
241 0
242 5
243 3
244 4
245 1
246 13
247 10
248 10
249 13
250 8
251 9
252 8
253 13
254 16
255 12
