0 -33
1 -30
2 -34
3 -32
4 -30
5 -31
6 -32
7 -27
8 -27
9 -28
10 -31
11 -31
12 -35
13 -34
14 -34
15 -33
16 -31
17 -24
18 -24
19 -30
20 -29
21 -30
22 -26
23 -26
24 -26
25 -30
26 -33
27 -39
28 -36
29 -31
30 -31
31 -30
32 -29
33 -28
34 -32
35 -37
36 -37
37 -27
38 -23
39 -25
40 -25
41 -25
42 -23
43 -22
44 -21
45 -22
46 -20
47 -17
48 -17
49 -15
50 -16
51 -17
52 -17
53 -19
54 -20
55 -19
56 -16
57 -15
58 -23
59 -21
60 -21
61 -22
62 -22
63 -22
64 -21
65 -21
66 -21
67 -26
68 -25
69 -27
70 -32
71 -30
72 -30
73 -31
74 -30
75 -32
76 -31
77 -27
78 -26
79 -26
80 -25
81 -25
82 -27
83 -19
84 -14
85 -14
86 -12
87 -12
88 -16
89 -16
90 -17
91 -17
92 -17
93 -16
94 -18
95 -18
96 -20
97 -23
98 -27
99 -27
100 -29
101 -30
102 -30
103 -26
104 -26
105 -25
106 -24
107 -24
108 -30
109 -32
110 -32
111 -30
112 -32
113 -34
114 -32
115 -30
116 -31
117 -27
118 -29
119 -31
120 -29
121 -30
122 -21
123 -17
124 -16
125 -17
126 -13
127 -3
128 2
129 3
130 3
131 2
132 3
133 4
134 6
135 -2
136 -2
137 -5
138 0
139 2
140 1
141 4
142 2
143 4
144 2
145 2
146 14
147 14
148 14
149 10
150 10
151 6
152 5
153 11
154 12
155 14
156 11
157 11
158 13
159 14
160 18
161 17
162 21
163 19
164 20
165 12
166 6
167 7
168 7
169 7
170 8
171 4
172 5
173 4
174 1
175 1
176 1
177 -4
178 -13
179 -13
180 -14
181 -15
182 -10
183 -10
184 -9
185 -9
186 -9
187 -7
188 -5
189 -6
190 -6
191 -7
192 -3
193 -3
194 -5
195 -7
196 -5
197 -2
198 -3
199 -3
200 -2
201 2
202 12
203 12
204 11
205 11
206 10
207 12
208 10
209 11
210 13
211 13
212 10
213 12
214 8
215 8
216 9
217 10
218 10
219 8
220 11
221 10
222 14
223 13
224 14
225 8
226 10
227 10
228 6
229 6
230 1
231 2
232 -1
233 -2
234 0
235 1
236 0
237 -2
238 -3
239 -10
240 -13
241 -13
242 -17
243 -19
244 -15
245 -23
246 -22
247 -23
248 -24
249 -27
250 -27
251 -25
252 -25
253 -26
254 -32
255 -35
