0 8
1 12
2 14
3 14
4 12
5 11
6 10
7 10
8 6
9 4
10 4
11 3
12 2
13 3
14 0
15 0
16 -4
17 -1
18 -1
19 -1
20 0
21 -2
22 -3
23 -4
24 -4
25 -4
26 -4
27 -4
28 -4
29 -1
30 -5
31 -5
32 -5
33 2
34 1
35 2
36 -1
37 -1
38 3
39 4
40 5
41 9
42 9
43 9
44 8
45 8
46 9
47 8
48 4
49 3
50 1
51 1
52 2
53 -1
54 2
55 1
56 2
57 -4
58 -3
59 4
60 6
61 6
62 7
63 1
64 1
65 3
66 4
67 1
68 2
69 2
70 2
71 -6
72 -2
73 8
74 8
75 7
76 5
77 4
78 4
79 1
80 0
81 -6
82 -6
83 -7
84 -3
85 -4
86 -5
87 -3
88 -6
89 -4
90 4
91 2
92 2
93 4
94 1
95 0
96 -9
97 -14
98 -13
99 -16
100 -17
101 -14
102 -14
103 -13
104 -15
105 -15
106 -16
107 -15
108 -16
109 -15
110 -15
111 -6
112 -4
113 -2
114 -2
115 1
116 -2
117 -1
118 -1
119 -1
120 5
121 3
122 -2
123 -4
124 -4
125 0
126 -2
127 -3
128 -4
129 -5
130 -4
131 -2
132 -6
133 -7
134 -1
135 -4
136 -2
137 -3
138 -5
139 -9
140 -8
141 -9
142 -8
143 -10
144 -13
145 -13
146 -18
147 -16
148 -15
149 -8
150 -7
151 -5
152 -3
153 -4
154 -3
155 -5
156 -2
157 -2
158 0
159 4
160 4
161 3
162 -1
163 5
164 6
165 5
166 6
167 9
168 5
169 6
170 -2
171 -1
172 -1
173 -4
174 -4
175 -7
176 -5
177 -4
178 -11
179 -8
180 -10
181 -12
182 -13
183 -14
184 -16
185 -17
186 -17
187 -16
188 -11
189 -11
190 -11
191 -8
192 -9
193 -2
194 0
195 0
196 -2
197 -3
198 -3
199 -5
200 -6
201 -7
202 -5
203 -8
204 -10
205 -5
206 0
207 -3
208 -3
209 -4
210 1
211 -3
212 -7
213 -5
214 -1
215 -1
216 -2
217 -1
218 5
219 1
220 1
221 -2
222 -3
223 -4
224 -4
225 -2
226 0
227 4
228 2
229 2
230 10
231 18
232 19
233 19
234 19
235 18
236 13
237 14
238 14
239 13
240 12
241 13
242 13
243 15
244 18
245 9
246 8
247 5
248 5
249 11
250 12
251 12
252 9
253 9
254 7
255 7
