0 -6
1 -7
2 -9
3 -7
4 -7
5 -6
6 -3
7 -1
8 -1
9 1
10 4
11 3
12 2
13 2
14 7
15 1
16 -1
17 -1
18 -3
19 -2
20 -5
21 -1
22 2
23 -5
24 -9
25 1
26 1
27 1
28 1
29 1
30 1
31 4
32 4
33 8
34 3
35 5
36 4
37 0
38 1
39 0
40 1
41 2
42 4
43 -1
44 -1
45 1
46 2
47 5
48 6
49 8
50 7
51 7
52 7
53 4
54 4
55 6
56 1
57 2
58 1
59 0
60 -2
61 -2
62 2
63 -2
64 -2
65 -1
66 -1
67 0
68 2
69 3
70 0
71 5
72 4
73 -2
74 -2
75 -5
76 -2
77 1
78 2
79 0
80 3
81 7
82 7
83 2
84 8
85 9
86 9
87 7
88 6
89 6
90 7
91 5
92 2
93 2
94 4
95 4
96 5
97 4
98 3
99 5
100 9
101 3
102 1
103 0
104 1
105 1
106 4
107 0
108 1
109 2
110 2
111 0
112 2
113 4
114 1
115 -1
116 -2
117 -5
118 -8
119 -7
120 -8
121 -6
122 -6
123 -3
124 1
125 9
126 8
127 7
128 6
129 -2
130 0
131 0
132 7
133 5
134 0
135 1
136 4
137 7
138 4
139 5
140 6
141 5
142 5
143 2
144 1
145 0
146 1
147 1
148 2
149 3
150 4
151 -1
152 9
153 6
154 10
155 9
156 6
157 0
158 1
159 -2
160 1
161 8
162 3
163 3
164 4
165 0
166 4
167 -5
168 -4
169 -2
170 0
171 0
172 1
173 1
174 -1
175 2
176 1
177 1
178 -1
179 4
180 -4
181 -4
182 -3
183 -1
184 -3
185 -3
186 -2
187 -4
188 -5
189 -5
190 -5
191 -7
192 -7
193 -8
194 -8
195 -3
196 1
197 2
198 -1
199 -3
200 0
201 0
202 -1
203 0
204 -2
205 -3
206 -3
207 -5
208 -4
209 0
210 -2
211 -6
212 -2
213 -1
214 -2
215 -3
216 -3
217 -5
218 -6
219 -8
220 -9
221 -2
222 3
223 -1
224 -1
225 -2
226 -5
227 -4
228 -2
229 -5
230 -5
231 -6
232 -6
233 -6
234 -4
235 -4
236 -3
237 -7
238 -7
239 -5
240 -5
241 2
242 2
243 3
244 7
245 1
246 0
247 3
248 3
249 5
250 6
251 6
252 5
253 3
254 3
255 -6
