0 2
1 3
2 0
3 -1
4 2
5 5
6 2
7 1
8 2
9 0
10 -2
11 1
12 2
13 0
14 0
15 3
16 5
17 2
18 2
19 2
20 0
21 2
22 1
23 3
24 2
25 1
26 2
27 3
28 1
29 -1
30 -6
31 -7
32 -3
33 -1
34 3
35 8
36 3
37 2
38 2
39 1
40 3
41 4
42 -1
43 -2
44 -4
45 -7
46 -6
47 -9
48 -8
49 -10
50 -2
51 0
52 1
53 1
54 1
55 4
56 4
57 4
58 4
59 5
60 5
61 4
62 6
63 6
64 8
65 9
66 9
67 7
68 8
69 7
70 6
71 1
72 0
73 0
74 2
75 4
76 3
77 4
78 8
79 7
80 -5
81 -6
82 -5
83 -6
84 -5
85 -5
86 -7
87 -4
88 -5
89 -2
90 0
91 0
92 4
93 4
94 4
95 5
96 5
97 2
98 1
99 -2
100 -4
101 1
102 -1
103 1
104 1
105 4
106 3
107 3
108 3
109 3
110 2
111 5
112 3
113 1
114 5
115 5
116 5
117 4
118 3
119 2
120 1
121 1
122 -2
123 -2
124 0
125 0
126 0
127 -2
128 -2
129 -2
130 2
131 1
132 0
133 0
134 -8
135 -8
136 -7
137 -11
138 -12
139 -11
140 -11
141 -9
142 -3
143 -3
144 -6
145 -7
146 -6
147 -1
148 0
149 -1
150 -2
151 -2
152 -5
153 -1
154 -1
155 -1
156 -1
157 -1
158 1
159 2
160 5
161 6
162 4
163 7
164 4
165 5
166 8
167 7
168 9
169 3
170 0
171 3
172 9
173 2
174 3
175 2
176 1
177 1
178 4
179 5
180 4
181 3
182 4
183 3
184 4
185 3
186 3
187 2
188 -1
189 0
190 0
191 -1
192 -1
193 -2
194 1
195 2
196 3
197 4
198 4
199 6
200 1
201 1
202 1
203 3
204 2
205 1
206 3
207 5
208 5
209 9
210 8
211 10
212 10
213 12
214 10
215 5
216 6
217 6
218 5
219 -1
220 2
221 2
222 1
223 -1
224 -4
225 -4
226 -4
227 -2
228 -1
229 2
230 1
231 0
232 -1
233 0
234 -2
235 -1
236 0
237 2
238 -4
239 -4
240 -5
241 -4
242 -7
243 1
244 0
245 -5
246 -2
247 -2
248 2
249 2
250 3
251 4
252 1
253 -1
254 -1
255 3
