0 1
1 1
2 3
3 5
4 4
5 6
6 6
7 5
8 5
9 4
10 4
11 -1
12 -3
13 -2
14 -4
15 -3
16 -3
17 3
18 2
19 -2
20 -4
21 -1
22 1
23 1
24 -1
25 3
26 4
27 4
28 7
29 6
30 6
31 8
32 3
33 3
34 0
35 2
36 2
37 2
38 2
39 4
40 3
41 3
42 1
43 -4
44 -4
45 1
46 2
47 1
48 0
49 3
50 1
51 -2
52 -3
53 -5
54 -9
55 -9
56 -8
57 -4
58 -6
59 -5
60 -5
61 -4
62 -8
63 -6
64 -6
65 -8
66 -12
67 -12
68 -13
69 -9
70 -6
71 -6
72 -2
73 -1
74 -1
75 0
76 1
77 1
78 3
79 4
80 3
81 2
82 -5
83 -2
84 0
85 0
86 1
87 0
88 -1
89 1
90 2
91 2
92 1
93 -1
94 -1
95 5
96 0
97 2
98 3
99 -2
100 1
101 -3
102 3
103 2
104 2
105 6
106 2
107 2
108 3
109 8
110 8
111 8
112 9
113 7
114 2
115 -1
116 1
117 3
118 -1
119 9
120 8
121 4
122 2
123 0
124 1
125 -1
126 0
127 1
128 0
129 1
130 5
131 4
132 3
133 4
134 5
135 3
136 5
137 7
138 4
139 3
140 2
141 0
142 1
143 4
144 -6
145 -4
146 -3
147 -3
148 -3
149 -8
150 -5
151 -8
152 -8
153 -4
154 -4
155 -6
156 -4
157 -5
158 -4
159 -9
160 -11
161 -8
162 -3
163 0
164 0
165 1
166 -1
167 0
168 5
169 3
170 1
171 2
172 4
173 4
174 4
175 4
176 7
177 8
178 8
179 7
180 5
181 7
182 6
183 -1
184 0
185 1
186 3
187 3
188 -3
189 -4
190 -5
191 -6
192 -10
193 -12
194 -10
195 -4
196 1
197 1
198 0
199 -5
200 -5
201 -4
202 -4
203 -3
204 -2
205 -3
206 -2
207 4
208 3
209 3
210 3
211 1
212 0
213 -9
214 -8
215 -7
216 -5
217 -4
218 4
219 6
220 6
221 5
222 2
223 -1
224 0
225 3
226 2
227 -1
228 -3
229 -8
230 -8
231 -6
232 -4
233 -4
234 -6
235 -6
236 -6
237 -6
238 -10
239 -8
240 -8
241 -7
242 1
243 3
244 5
245 2
246 2
247 0
248 -9
249 1
250 2
251 1
252 4
253 8
254 3
255 2
