0 4
1 4
2 4
3 3
4 3
5 2
6 2
7 6
8 4
9 1
10 2
11 3
12 2
13 1
14 4
15 8
16 7
17 7
18 9
19 13
20 13
21 11
22 13
23 14
24 10
25 11
26 10
27 15
28 13
29 19
30 18
31 18
32 17
33 21
34 20
35 19
36 20
37 21
38 21
39 22
40 22
41 22
42 22
43 21
44 22
45 21
46 22
47 24
48 34
49 37
50 35
51 28
52 34
53 36
54 36
55 36
56 38
57 36
58 32
59 33
60 31
61 32
62 31
63 30
64 25
65 22
66 25
67 26
68 28
69 22
70 27
71 26
72 25
73 27
74 28
75 27
76 25
77 23
78 22
79 20
80 22
81 24
82 19
83 20
84 19
85 16
86 17
87 16
88 10
89 12
90 12
91 11
92 13
93 14
94 14
95 15
96 10
97 11
98 12
99 12
100 8
101 6
102 7
103 3
104 1
105 2
106 -1
107 1
108 2
109 -1
110 -5
111 -15
112 -11
113 -13
114 -12
115 -9
116 -4
117 -3
118 -5
119 -6
120 -6
121 -7
122 -9
123 -2
124 -2
125 -1
126 1
127 1
128 -1
129 -2
130 -3
131 -3
132 -4
133 -4
134 -6
135 -11
136 -11
137 -11
138 -12
139 -12
140 -11
141 -12
142 -13
143 -13
144 -10
145 -8
146 -8
147 -7
148 -10
149 -7
150 -7
151 -8
152 0
153 2
154 1
155 3
156 -5
157 2
158 3
159 1
160 0
161 -5
162 -9
163 -12
164 -13
165 -13
166 -12
167 -19
168 -17
169 -11
170 -11
171 -16
172 -19
173 -23
174 -22
175 -24
176 -27
177 -24
178 -22
179 -23
180 -19
181 -19
182 -11
183 -5
184 -5
185 -8
186 1
187 4
188 2
189 2
190 3
191 3
192 5
193 1
194 4
195 4
196 5
197 -1
198 -1
199 -6
200 -6
201 -3
202 3
203 2
204 -3
205 -2
206 -2
207 -3
208 -11
209 -9
210 -9
211 -6
212 -3
213 -3
214 -3
215 -4
216 -1
217 0
218 1
219 2
220 5
221 6
222 5
223 3
224 0
225 0
226 2
227 0
228 3
229 3
230 3
231 -1
232 -2
233 -2
234 10
235 13
236 13
237 6
238 7
239 8
240 9
241 9
242 8
243 6
244 6
245 5
246 9
247 6
248 6
249 7
250 12
251 8
252 5
253 5
254 5
255 6
