0 -7
1 -6
2 -8
3 -9
4 -10
5 -13
6 -15
7 -15
8 -15
9 -14
10 -12
11 -9
12 -11
13 -11
14 -11
15 -11
16 -12
17 -12
18 -12
19 -12
20 -10
21 -15
22 -15
23 -11
24 -10
25 -13
26 -14
27 -13
28 -9
29 -8
30 2
31 1
32 1
33 -3
34 -2
35 9
36 11
37 11
38 10
39 10
40 10
41 10
42 4
43 7
44 6
45 5
46 10
47 11
48 16
49 16
50 23
51 21
52 21
53 21
54 15
55 18
56 27
57 28
58 34
59 34
60 34
61 33
62 38
63 39
64 41
65 45
66 44
67 48
68 46
69 44
70 37
71 38
72 40
73 32
74 31
75 23
76 20
77 17
78 19
79 15
80 16
81 18
82 21
83 22
84 20
85 20
86 20
87 27
88 23
89 19
90 15
91 12
92 7
93 5
94 10
95 9
96 7
97 6
98 4
99 5
100 6
101 3
102 5
103 5
104 5
105 7
106 6
107 8
108 6
109 6
110 2
111 5
112 10
113 12
114 19
115 18
116 9
117 6
118 12
119 8
120 11
121 10
122 10
123 5
124 7
125 5
126 4
127 2
128 1
129 0
130 -4
131 -2
132 -2
133 1
134 3
135 1
136 1
137 -1
138 0
139 1
140 -11
141 -15
142 -13
143 -15
144 -13
145 -14
146 -23
147 -17
148 -17
149 -19
150 -19
151 -17
152 -15
153 -15
154 -10
155 -11
156 -11
157 -8
158 -11
159 -14
160 -3
161 -4
162 -1
163 4
164 5
165 5
166 5
167 4
168 7
169 6
170 10
171 10
172 10
173 11
174 15
175 15
176 16
177 15
178 17
179 20
180 16
181 15
182 14
183 14
184 14
185 13
186 13
187 17
188 16
189 24
190 25
191 31
192 30
193 30
194 33
195 32
196 29
197 24
198 23
199 21
200 24
201 24
202 10
203 11
204 8
205 5
206 5
207 8
208 6
209 5
210 9
211 12
212 15
213 16
214 15
215 12
216 10
217 4
218 3
219 1
220 -1
221 -2
222 -4
223 -6
224 -8
225 -10
226 -7
227 -5
228 -3
229 -7
230 -8
231 -8
232 -8
233 -6
234 -16
235 -15
236 -19
237 -18
238 -13
239 -17
240 -17
241 -14
242 -13
243 -15
244 -17
245 -15
246 -7
247 -9
248 -9
249 -8
250 -10
251 -10
252 -10
253 -10
254 -8
255 -8
