0 -16
1 -16
2 -19
3 -22
4 -22
5 -21
6 -24
7 -28
8 -26
9 -25
10 -26
11 -23
12 -24
13 -20
14 -21
15 -19
16 -18
17 -14
18 -16
19 -19
20 -17
21 -17
22 -18
23 -20
24 -20
25 -19
26 -19
27 -21
28 -24
29 -24
30 -24
31 -23
32 -22
33 -22
34 -25
35 -23
36 -27
37 -24
38 -26
39 -29
40 -30
41 -30
42 -15
43 -15
44 -15
45 -15
46 -14
47 -7
48 -11
49 -13
50 -13
51 -14
52 -15
53 -15
54 -21
55 -19
56 -21
57 -10
58 -12
59 -13
60 -13
61 -13
62 -14
63 -13
64 -14
65 -14
66 -16
67 -15
68 -16
69 -15
70 -15
71 -14
72 -16
73 -15
74 -16
75 -15
76 -15
77 -15
78 -17
79 -11
80 -5
81 -9
82 -18
83 -18
84 -16
85 -18
86 -18
87 -17
88 -22
89 -22
90 -22
91 -21
92 -21
93 -21
94 -16
95 -8
96 -8
97 -4
98 -4
99 -5
100 -1
101 -4
102 -5
103 -11
104 -6
105 -4
106 -4
107 -6
108 -10
109 -11
110 -13
111 -16
112 -16
113 -17
114 -16
115 -13
116 -13
117 -11
118 -7
119 -8
120 -7
121 -7
122 -7
123 -10
124 -13
125 -14
126 -16
127 -17
128 -18
129 -19
130 -15
131 -15
132 -13
133 -14
134 -15
135 -17
136 -17
137 -18
138 -17
139 -17
140 -17
141 -12
142 -11
143 -9
144 -14
145 -14
146 -11
147 -12
148 -21
149 -21
150 -20
151 -17
152 -15
153 -16
154 -16
155 -14
156 -14
157 -15
158 -13
159 -11
160 -15
161 -17
162 -13
163 -11
164 -12
165 -7
166 -7
167 -6
168 -4
169 -3
170 -5
171 -6
172 -4
173 -4
174 -7
175 -7
176 -7
177 -8
178 -17
179 -17
180 -23
181 -21
182 -21
183 -21
184 -22
185 -27
186 -27
187 -23
188 -23
189 -27
190 -26
191 -25
192 -34
193 -34
194 -34
195 -37
196 -37
197 -41
198 -40
199 -44
200 -43
201 -44
202 -42
203 -40
204 -39
205 -41
206 -37
207 -35
208 -32
209 -33
210 -39
211 -40
212 -40
213 -36
214 -36
215 -38
216 -37
217 -36
218 -36
219 -34
220 -33
221 -37
222 -36
223 -36
224 -36
225 -32
226 -30
227 -28
228 -27
229 -27
230 -31
231 -32
232 -30
233 -30
234 -32
235 -32
236 -32
237 -32
238 -32
239 -32
240 -32
241 -28
242 -28
243 -30
244 -28
245 -27
246 -26
247 -28
248 -25
249 -24
250 -23
251 -24
252 -21
253 -22
254 -19
255 -20
