0 0
1 1
2 2
3 2
4 2
5 5
6 5
7 6
8 5
9 6
10 10
11 10
12 11
13 15
14 15
15 13
16 16
17 15
18 7
19 3
20 3
21 3
22 3
23 2
24 2
25 -1
26 3
27 5
28 4
29 -1
30 1
31 0
32 -2
33 -1
34 3
35 6
36 3
37 3
38 -2
39 -6
40 -4
41 -4
42 -2
43 -2
44 0
45 0
46 1
47 5
48 3
49 4
50 3
51 -2
52 -4
53 -4
54 -4
55 -4
56 -5
57 -9
58 -11
59 -13
60 -9
61 -8
62 -5
63 -6
64 -9
65 -8
66 -9
67 -10
68 -10
69 -9
70 -2
71 -6
72 -6
73 -3
74 0
75 1
76 1
77 0
78 1
79 2
80 6
81 9
82 6
83 2
84 5
85 5
86 5
87 4
88 -1
89 1
90 0
91 3
92 3
93 5
94 7
95 1
96 -1
97 0
98 -9
99 -7
100 -3
101 -3
102 -2
103 2
104 4
105 3
106 5
107 3
108 -3
109 -4
110 -3
111 -3
112 -4
113 -1
114 -1
115 -1
116 -2
117 -2
118 -2
119 4
120 4
121 -1
122 -2
123 -7
124 -7
125 -1
126 2
127 2
128 3
129 5
130 9
131 14
132 12
133 12
134 10
135 14
136 14
137 13
138 13
139 9
140 9
141 6
142 5
143 5
144 5
145 7
146 3
147 7
148 9
149 4
150 4
151 7
152 6
153 0
154 0
155 1
156 3
157 4
158 1
159 0
160 1
161 0
162 3
163 3
164 2
165 11
166 11
167 10
168 11
169 9
170 6
171 6
172 4
173 1
174 -1
175 -1
176 1
177 1
178 1
179 1
180 7
181 5
182 5
183 8
184 11
185 12
186 11
187 9
188 3
189 3
190 2
191 6
192 8
193 6
194 6
195 7
196 12
197 11
198 15
199 15
200 16
201 11
202 11
203 2
204 2
205 2
206 1
207 -2
208 5
209 5
210 5
211 5
212 6
213 6
214 9
215 1
216 0
217 2
218 2
219 6
220 3
221 3
222 3
223 9
224 13
225 10
226 7
227 7
228 9
229 8
230 8
231 8
232 8
233 8
234 2
235 3
236 7
237 5
238 6
239 16
240 17
241 9
242 10
243 10
244 10
245 7
246 13
247 8
248 6
249 4
250 2
251 4
252 5
253 3
254 3
255 -1
