0 32
1 31
2 31
3 30
4 17
5 17
6 18
7 14
8 7
9 6
10 6
11 12
12 12
13 12
14 14
15 17
16 18
17 21
18 18
19 18
20 19
21 19
22 17
23 20
24 21
25 23
26 11
27 9
28 7
29 9
30 3
31 3
32 3
33 6
34 6
35 8
36 7
37 5
38 0
39 0
40 -3
41 -5
42 -2
43 3
44 3
45 3
46 6
47 12
48 15
49 15
50 14
51 14
52 13
53 16
54 12
55 12
56 14
57 16
58 12
59 12
60 11
61 11
62 12
63 13
64 13
65 16
66 20
67 18
68 17
69 19
70 20
71 22
72 19
73 20
74 23
75 21
76 21
77 18
78 18
79 21
80 20
81 18
82 16
83 15
84 14
85 10
86 12
87 13
88 14
89 17
90 18
91 18
92 19
93 19
94 25
95 27
96 26
97 25
98 25
99 20
100 21
101 25
102 29
103 30
104 30
105 28
106 29
107 28
108 23
109 28
110 25
111 25
112 29
113 29
114 29
115 36
116 36
117 39
118 36
119 36
120 35
121 49
122 51
123 47
124 45
125 45
126 30
127 35
128 36
129 36
130 41
131 43
132 42
133 39
134 37
135 28
136 30
137 31
138 31
139 29
140 31
141 28
142 29
143 29
144 24
145 25
146 26
147 27
148 28
149 26
150 23
151 28
152 30
153 29
154 27
155 26
156 26
157 26
158 27
159 28
160 22
161 25
162 24
163 25
164 29
165 29
166 35
167 33
168 29
169 30
170 31
171 29
172 31
173 36
174 34
175 41
176 48
177 54
178 55
179 53
180 51
181 54
182 51
183 56
184 58
185 58
186 57
187 58
188 55
189 53
190 49
191 49
192 49
193 41
194 41
195 42
196 41
197 40
198 38
199 40
200 38
201 39
202 39
203 41
204 45
205 44
206 42
207 42
208 42
209 43
210 41
211 48
212 49
213 40
214 38
215 39
216 46
217 42
218 45
219 43
220 39
221 39
222 38
223 40
224 36
225 34
226 37
227 35
228 32
229 31
230 29
231 25
232 25
233 33
234 33
235 33
236 33
237 33
238 31
239 29
240 30
241 32
242 34
243 35
244 36
245 34
246 34
247 33
248 33
249 33
250 33
251 31
252 33
253 27
254 30
255 30
