0 5
1 1
2 3
3 4
4 5
5 7
6 15
7 15
8 11
9 12
10 10
11 9
12 9
13 7
14 9
15 10
16 9
17 6
18 7
19 7
20 8
21 8
22 8
23 4
24 6
25 7
26 8
27 10
28 10
29 11
30 12
31 13
32 13
33 5
34 5
35 6
36 8
37 9
38 6
39 6
40 6
41 3
42 3
43 10
44 10
45 9
46 13
47 12
48 11
49 9
50 4
51 1
52 3
53 4
54 3
55 8
56 8
57 10
58 11
59 11
60 12
61 11
62 6
63 3
64 5
65 4
66 4
67 2
68 7
69 7
70 4
71 3
72 -3
73 -4
74 -1
75 -1
76 2
77 1
78 2
79 2
80 3
81 4
82 1
83 1
84 8
85 7
86 8
87 12
88 11
89 12
90 16
91 15
92 18
93 19
94 15
95 12
96 9
97 9
98 6
99 -1
100 -7
101 -5
102 -9
103 -9
104 -9
105 -5
106 -3
107 -4
108 2
109 7
110 3
111 6
112 7
113 2
114 0
115 -1
116 -1
117 -1
118 -1
119 -1
120 0
121 0
122 -4
123 -4
124 -2
125 -5
126 -6
127 -6
128 -6
129 -6
130 -5
131 -5
132 -8
133 -10
134 -10
135 -15
136 -15
137 -15
138 -17
139 -12
140 -14
141 -11
142 -12
143 -12
144 -10
145 -8
146 -8
147 -8
148 -8
149 -8
150 -7
151 -7
152 -7
153 -9
154 -12
155 -13
156 -14
157 -14
158 -11
159 -11
160 -12
161 -10
162 -5
163 -7
164 -5
165 -9
166 -10
167 -10
168 -9
169 -9
170 -9
171 -9
172 -9
173 -7
174 -7
175 -1
176 -1
177 -2
178 -4
179 -2
180 -3
181 -3
182 0
183 3
184 4
185 5
186 11
187 12
188 14
189 17
190 16
191 12
192 11
193 12
194 12
195 14
196 13
197 14
198 14
199 15
200 15
201 19
202 18
203 20
204 20
205 19
206 17
207 16
208 11
209 11
210 11
211 12
212 13
213 19
214 19
215 23
216 23
217 23
218 21
219 18
220 16
221 20
222 20
223 20
224 5
225 6
226 4
227 2
228 2
229 2
230 7
231 11
232 10
233 13
234 14
235 10
236 9
237 9
238 8
239 6
240 4
241 4
242 4
243 5
244 7
245 9
246 12
247 12
248 12
249 11
250 7
251 6
252 7
253 4
254 1
255 0
