0 -2
1 -3
2 -2
3 -3
4 0
5 1
6 0
7 2
8 3
9 3
10 -1
11 0
12 -2
13 -8
14 -8
15 -8
16 -6
17 -14
18 -12
19 -12
20 -6
21 -9
22 -9
23 -20
24 -19
25 -19
26 -17
27 -15
28 -15
29 -7
30 -10
31 -10
32 -9
33 -7
34 -6
35 0
36 -1
37 -1
38 -3
39 -3
40 -3
41 -2
42 -5
43 -5
44 -4
45 -4
46 -8
47 -8
48 -2
49 -1
50 2
51 2
52 3
53 5
54 3
55 2
56 2
57 5
58 6
59 6
60 6
61 6
62 2
63 9
64 8
65 9
66 2
67 -8
68 -7
69 -8
70 -3
71 -4
72 -2
73 -7
74 -8
75 -8
76 -1
77 1
78 -2
79 3
80 4
81 -2
82 -5
83 -3
84 -5
85 -5
86 -3
87 -2
88 -3
89 -2
90 -3
91 -3
92 -3
93 -8
94 -6
95 -9
96 -9
97 -10
98 -7
99 -8
100 -7
101 -6
102 -8
103 -10
104 -5
105 -1
106 -1
107 3
108 5
109 5
110 0
111 0
112 -1
113 0
114 0
115 1
116 3
117 4
118 1
119 4
120 1
121 0
122 0
123 -4
124 -6
125 -2
126 -2
127 -2
128 -2
129 -2
130 -4
131 -5
132 -6
133 -2
134 -3
135 -10
136 -7
137 -1
138 -2
139 -3
140 -3
141 -2
142 1
143 -1
144 -1
145 2
146 1
147 2
148 -2
149 2
150 -1
151 1
152 4
153 6
154 6
155 8
156 9
157 9
158 9
159 4
160 7
161 5
162 7
163 5
164 7
165 10
166 5
167 4
168 2
169 4
170 4
171 7
172 8
173 3
174 2
175 0
176 -3
177 -6
178 -7
179 -7
180 -6
181 4
182 5
183 1
184 0
185 -2
186 0
187 0
188 2
189 4
190 0
191 2
192 1
193 4
194 -2
195 -2
196 0
197 -3
198 -5
199 -4
200 -3
201 -1
202 -3
203 -5
204 -6
205 -4
206 -4
207 -3
208 1
209 1
210 3
211 1
212 1
213 1
214 -7
215 -9
216 -9
217 -11
218 -10
219 -12
220 -17
221 -11
222 -13
223 -12
224 -13
225 -12
226 -9
227 -10
228 -10
229 -10
230 -12
231 -7
232 -8
233 -8
234 -8
235 -9
236 -7
237 -6
238 2
239 1
240 1
241 4
242 4
243 -1
244 -3
245 0
246 1
247 1
248 -1
249 1
250 1
251 1
252 1
253 0
254 -1
255 -3
