0 -4
1 -3
2 1
3 -2
4 1
5 2
6 1
7 -1
8 -5
9 -4
10 -3
11 -6
12 -8
13 -4
14 -1
15 -4
16 2
17 1
18 2
19 4
20 -3
21 -3
22 -2
23 0
24 -1
25 3
26 3
27 4
28 1
29 2
30 -2
31 -3
32 -2
33 -3
34 -2
35 -1
36 -2
37 -3
38 -1
39 0
40 0
41 -1
42 0
43 -1
44 0
45 -1
46 -1
47 -1
48 0
49 2
50 1
51 3
52 3
53 2
54 2
55 -1
56 1
57 4
58 0
59 3
60 -1
61 -1
62 6
63 4
64 3
65 3
66 2
67 4
68 5
69 3
70 1
71 2
72 3
73 3
74 -1
75 0
76 -1
77 1
78 3
79 4
80 -2
81 -1
82 -2
83 -2
84 0
85 -6
86 -2
87 0
88 -2
89 -3
90 -1
91 0
92 1
93 -1
94 -1
95 2
96 5
97 5
98 6
99 7
100 -2
101 -3
102 -3
103 -2
104 -1
105 0
106 -6
107 -5
108 -2
109 -1
110 -2
111 2
112 0
113 0
114 -1
115 4
116 -1
117 3
118 4
119 4
120 1
121 1
122 5
123 4
124 2
125 1
126 1
127 -1
128 1
129 5
130 10
131 8
132 5
133 3
134 2
135 -1
136 0
137 4
138 6
139 3
140 3
141 2
142 3
143 3
144 -1
145 -4
146 -4
147 -1
148 1
149 1
150 1
151 1
152 2
153 7
154 2
155 1
156 -1
157 4
158 7
159 -4
160 0
161 0
162 -3
163 -1
164 -1
165 2
166 3
167 5
168 5
169 3
170 3
171 2
172 0
173 -1
174 1
175 8
176 2
177 2
178 3
179 1
180 3
181 10
182 8
183 3
184 2
185 2
186 0
187 5
188 4
189 -2
190 -4
191 -4
192 -3
193 0
194 -2
195 -4
196 -1
197 0
198 0
199 1
200 -2
201 -5
202 -4
203 -1
204 -2
205 -2
206 1
207 1
208 3
209 2
210 2
211 1
212 0
213 -1
214 -2
215 -4
216 1
217 1
218 2
219 0
220 1
221 0
222 0
223 4
224 4
225 1
226 0
227 1
228 0
229 -1
230 -1
231 -1
232 0
233 1
234 0
235 0
236 -1
237 -1
238 0
239 4
240 3
241 3
242 3
243 5
244 3
245 1
246 2
247 2
248 -1
249 -2
250 0
251 0
252 3
253 2
254 -4
255 -3
