0 0
1 3
2 3
3 1
4 -4
5 -5
6 -7
7 -5
8 -11
9 -10
10 -11
11 -6
12 -3
13 -2
14 -5
15 -5
16 -2
17 -2
18 0
19 0
20 1
21 1
22 1
23 -2
24 -1
25 -2
26 -2
27 -2
28 -4
29 -4
30 -2
31 -2
32 3
33 1
34 -1
35 4
36 2
37 2
38 -2
39 -3
40 -3
41 9
42 9
43 -2
44 -7
45 -5
46 -10
47 -14
48 -9
49 -9
50 -6
51 -2
52 -2
53 -1
54 -1
55 -3
56 1
57 -3
58 -4
59 -5
60 -7
61 -9
62 -9
63 -7
64 -4
65 -4
66 -5
67 1
68 2
69 -8
70 -6
71 -6
72 -5
73 -7
74 -11
75 -3
76 -9
77 -10
78 5
79 6
80 4
81 4
82 2
83 12
84 12
85 13
86 11
87 12
88 12
89 5
90 5
91 7
92 7
93 5
94 4
95 0
96 -1
97 -2
98 4
99 5
100 6
101 6
102 9
103 0
104 1
105 1
106 2
107 4
108 2
109 3
110 3
111 6
112 4
113 2
114 -1
115 -2
116 -1
117 3
118 1
119 0
120 -1
121 -1
122 -2
123 -4
124 -3
125 -3
126 -3
127 -3
128 -3
129 -7
130 -7
131 -7
132 -1
133 0
134 -2
135 -2
136 -2
137 1
138 2
139 3
140 1
141 3
142 3
143 2
144 4
145 3
146 2
147 5
148 0
149 -1
150 2
151 2
152 2
153 -1
154 2
155 0
156 0
157 2
158 1
159 1
160 -1
161 -6
162 -8
163 -3
164 -1
165 5
166 5
167 5
168 8
169 9
170 6
171 4
172 3
173 1
174 -2
175 -2
176 -3
177 2
178 2
179 2
180 2
181 1
182 -5
183 -3
184 -2
185 -4
186 3
187 5
188 4
189 5
190 3
191 4
192 2
193 0
194 -1
195 -2
196 -2
197 -3
198 -3
199 1
200 2
201 0
202 3
203 1
204 2
205 1
206 0
207 1
208 1
209 0
210 -3
211 -3
212 -4
213 2
214 -3
215 0
216 -1
217 -1
218 -1
219 4
220 12
221 8
222 5
223 5
224 2
225 2
226 4
227 5
228 5
229 2
230 -5
231 -7
232 -6
233 -5
234 -4
235 -4
236 -4
237 -3
238 1
239 1
240 2
241 2
242 1
243 2
244 -1
245 0
246 1
247 6
248 5
249 11
250 9
251 4
252 7
253 9
254 7
255 1
