0 -3
1 -1
2 -1
3 -1
4 0
5 1
6 -3
7 -4
8 -4
9 1
10 5
11 0
12 1
13 0
14 0
15 0
16 -2
17 -1
18 -3
19 -3
20 -1
21 1
22 3
23 1
24 -1
25 -1
26 -1
27 0
28 -7
29 -2
30 -2
31 1
32 -1
33 0
34 0
35 0
36 2
37 1
38 1
39 3
40 -2
41 0
42 0
43 -1
44 -1
45 0
46 -2
47 1
48 1
49 -1
50 0
51 2
52 -1
53 -1
54 -2
55 0
56 0
57 1
58 2
59 1
60 3
61 0
62 0
63 2
64 1
65 1
66 4
67 0
68 2
69 0
70 -1
71 2
72 -1
73 -3
74 -3
75 -2
76 -2
77 0
78 0
79 0
80 -1
81 0
82 -1
83 -2
84 -3
85 -2
86 2
87 2
88 4
89 3
90 6
91 5
92 6
93 3
94 5
95 3
96 3
97 2
98 -4
99 -3
100 3
101 0
102 5
103 1
104 1
105 -1
106 -1
107 -2
108 -2
109 -2
110 1
111 1
112 3
113 1
114 5
115 4
116 3
117 -3
118 -4
119 -5
120 -5
121 -4
122 -4
123 -4
124 -6
125 -5
126 -3
127 -2
128 -3
129 -4
130 0
131 0
132 0
133 -6
134 -5
135 -1
136 -1
137 1
138 3
139 2
140 2
141 2
142 5
143 4
144 1
145 0
146 -1
147 -1
148 -1
149 -2
150 1
151 1
152 1
153 2
154 1
155 1
156 0
157 0
158 -2
159 -1
160 -1
161 -2
162 6
163 5
164 0
165 0
166 1
167 2
168 2
169 2
170 -3
171 0
172 0
173 -2
174 -2
175 -3
176 -5
177 -3
178 0
179 4
180 3
181 1
182 1
183 -2
184 -1
185 -1
186 -1
187 -2
188 1
189 -2
190 1
191 2
192 -3
193 -2
194 -2
195 -1
196 -1
197 -2
198 -1
199 0
200 -1
201 -4
202 -9
203 -9
204 4
205 4
206 4
207 4
208 -3
209 -3
210 -4
211 -4
212 -1
213 -1
214 -5
215 -2
216 -2
217 -2
218 4
219 -1
220 0
221 1
222 2
223 5
224 4
225 2
226 2
227 5
228 4
229 4
230 5
231 4
232 1
233 3
234 4
235 4
236 3
237 3
238 -1
239 -2
240 0
241 -1
242 1
243 -5
244 -3
245 -4
246 -2
247 0
248 -2
249 -1
250 0
251 -1
252 0
253 0
254 -4
255 -1
