0 2
1 4
2 3
3 10
4 10
5 9
6 8
7 5
8 3
9 5
10 8
11 6
12 3
13 6
14 5
15 7
16 2
17 1
18 -2
19 0
20 -3
21 -3
22 -2
23 9
24 9
25 9
26 9
27 -2
28 1
29 1
30 2
31 4
32 5
33 2
34 2
35 0
36 -4
37 -3
38 -2
39 -1
40 -2
41 -2
42 8
43 7
44 5
45 3
46 5
47 11
48 11
49 12
50 10
51 16
52 14
53 14
54 13
55 15
56 15
57 16
58 15
59 13
60 13
61 14
62 12
63 7
64 7
65 7
66 10
67 7
68 6
69 5
70 0
71 0
72 -1
73 0
74 -2
75 0
76 2
77 1
78 0
79 3
80 6
81 5
82 4
83 3
84 2
85 6
86 6
87 4
88 1
89 0
90 7
91 11
92 10
93 13
94 16
95 12
96 12
97 10
98 11
99 12
100 12
101 8
102 1
103 5
104 3
105 2
106 1
107 2
108 5
109 5
110 3
111 1
112 -3
113 0
114 -1
115 -1
116 -1
117 3
118 3
119 2
120 -2
121 -3
122 -5
123 5
124 1
125 0
126 -1
127 0
128 2
129 2
130 -1
131 0
132 0
133 1
134 1
135 3
136 1
137 3
138 0
139 0
140 0
141 -1
142 2
143 2
144 -3
145 -3
146 2
147 0
148 1
149 0
150 2
151 2
152 2
153 -3
154 0
155 2
156 3
157 7
158 6
159 1
160 2
161 2
162 -1
163 -1
164 -1
165 -1
166 -1
167 2
168 0
169 -1
170 -6
171 -5
172 -2
173 1
174 8
175 4
176 4
177 2
178 6
179 0
180 -3
181 -4
182 -6
183 -5
184 -9
185 -9
186 -9
187 -8
188 -4
189 -8
190 -8
191 -9
192 -4
193 -5
194 -6
195 -8
196 -7
197 -7
198 -8
199 -4
200 -8
201 -7
202 -3
203 -3
204 -1
205 -1
206 -2
207 -1
208 3
209 5
210 -1
211 -5
212 -6
213 -4
214 -2
215 -6
216 -5
217 -7
218 2
219 3
220 2
221 2
222 3
223 2
224 -4
225 4
226 5
227 6
228 8
229 6
230 7
231 6
232 6
233 0
234 1
235 -1
236 1
237 2
238 3
239 2
240 0
241 -2
242 -3
243 -9
244 -12
245 -5
246 -5
247 -4
248 5
249 4
250 4
251 1
252 3
253 5
254 0
255 0
