0 12
1 16
2 15
3 17
4 13
5 15
6 15
7 13
8 19
9 16
10 22
11 18
12 20
13 22
14 21
15 16
16 19
17 18
18 17
19 10
20 12
21 11
22 10
23 11
24 10
25 5
26 5
27 2
28 5
29 10
30 8
31 8
32 8
33 0
34 -2
35 1
36 5
37 6
38 11
39 9
40 10
41 10
42 13
43 13
44 16
45 3
46 8
47 7
48 5
49 6
50 -5
51 -1
52 1
53 2
54 2
55 2
56 2
57 -1
58 0
59 1
60 -3
61 1
62 -1
63 -3
64 -3
65 -3
66 -6
67 -6
68 -9
69 -9
70 -11
71 -8
72 -8
73 -4
74 -4
75 -1
76 1
77 4
78 4
79 4
80 3
81 1
82 -6
83 -3
84 0
85 -1
86 -2
87 -1
88 -1
89 -1
90 -2
91 -3
92 -11
93 -11
94 -11
95 -11
96 -9
97 -13
98 -5
99 -1
100 -5
101 -4
102 -5
103 -7
104 -8
105 -10
106 -14
107 -14
108 -15
109 -15
110 -14
111 -10
112 -8
113 -6
114 1
115 -1
116 0
117 2
118 7
119 9
120 14
121 12
122 16
123 18
124 18
125 20
126 20
127 20
128 17
129 18
130 16
131 19
132 19
133 15
134 15
135 13
136 13
137 12
138 11
139 11
140 15
141 16
142 17
143 20
144 22
145 22
146 19
147 23
148 27
149 27
150 28
151 26
152 27
153 35
154 35
155 33
156 31
157 32
158 32
159 34
160 32
161 33
162 33
163 33
164 35
165 34
166 41
167 43
168 42
169 41
170 41
171 39
172 39
173 39
174 32
175 30
176 37
177 37
178 36
179 37
180 31
181 32
182 31
183 31
184 29
185 29
186 27
187 26
188 23
189 21
190 21
191 18
192 17
193 17
194 16
195 12
196 12
197 15
198 11
199 11
200 14
201 23
202 19
203 19
204 19
205 20
206 20
207 19
208 17
209 18
210 22
211 22
212 23
213 23
214 25
215 21
216 21
217 14
218 9
219 15
220 21
221 19
222 17
223 18
224 17
225 13
226 14
227 15
228 15
229 15
230 16
231 13
232 14
233 13
234 12
235 7
236 7
237 5
238 8
239 13
240 13
241 10
242 6
243 8
244 7
245 0
246 -2
247 -3
248 -1
249 -2
250 -2
251 2
252 4
253 10
254 8
255 10
