0 -7
1 -9
2 -12
3 -9
4 -9
5 -10
6 -8
7 -14
8 -10
9 -12
10 -12
11 -15
12 -12
13 -4
14 -5
15 -6
16 1
17 2
18 0
19 1
20 1
21 -2
22 -3
23 -2
24 -6
25 -9
26 -15
27 -15
28 -18
29 -22
30 -21
31 -20
32 -20
33 -14
34 -16
35 -14
36 -18
37 -15
38 -11
39 -11
40 -11
41 -11
42 -12
43 -12
44 -13
45 -16
46 -16
47 -11
48 -12
49 -14
50 -12
51 -16
52 -15
53 -16
54 -27
55 -31
56 -32
57 -28
58 -24
59 -32
60 -31
61 -35
62 -35
63 -35
64 -35
65 -35
66 -36
67 -33
68 -35
69 -35
70 -29
71 -32
72 -32
73 -34
74 -29
75 -29
76 -30
77 -31
78 -29
79 -30
80 -23
81 -22
82 -26
83 -27
84 -28
85 -32
86 -20
87 -22
88 -18
89 -20
90 -31
91 -31
92 -29
93 -32
94 -38
95 -38
96 -36
97 -36
98 -38
99 -34
100 -35
101 -33
102 -33
103 -34
104 -34
105 -34
106 -41
107 -40
108 -39
109 -35
110 -34
111 -31
112 -31
113 -30
114 -34
115 -36
116 -36
117 -39
118 -38
119 -38
120 -37
121 -37
122 -31
123 -36
124 -35
125 -34
126 -33
127 -32
128 -30
129 -28
130 -29
131 -26
132 -27
133 -27
134 -26
135 -27
136 -19
137 -17
138 -17
139 -15
140 -12
141 -13
142 -14
143 -14
144 -7
145 -7
146 -6
147 -6
148 -2
149 -1
150 -2
151 -4
152 -4
153 -3
154 -1
155 -1
156 -1
157 -4
158 3
159 3
160 0
161 0
162 -3
163 -5
164 -4
165 -4
166 3
167 5
168 3
169 6
170 1
171 5
172 6
173 6
174 6
175 3
176 -2
177 -1
178 -2
179 -2
180 -4
181 -4
182 -4
183 -8
184 -4
185 -3
186 -2
187 -1
188 -2
189 -2
190 -2
191 -2
192 -11
193 -12
194 -9
195 -7
196 -7
197 -7
198 -6
199 -4
200 -7
201 -5
202 -7
203 -10
204 -10
205 -10
206 -12
207 -13
208 -13
209 -17
210 -15
211 -13
212 -13
213 -12
214 -11
215 -11
216 -11
217 -11
218 -8
219 -7
220 -7
221 -8
222 -8
223 -6
224 -5
225 -5
226 -4
227 -6
228 -6
229 -4
230 -7
231 -6
232 -10
233 -7
234 -9
235 -7
236 -7
237 -8
238 -5
239 -9
240 -12
241 -12
242 -15
243 -14
244 -14
245 -13
246 -12
247 -11
248 -11
249 -14
250 -15
251 -15
252 -13
253 -7
254 -7
255 -9
