0 5
1 5
2 9
3 18
4 11
5 9
6 9
7 -4
8 -9
9 -3
10 -3
11 6
12 6
13 8
14 2
15 1
16 0
17 -1
18 -6
19 -2
20 1
21 -2
22 -4
23 -1
24 -1
25 5
26 -2
27 -3
28 -2
29 -2
30 1
31 1
32 0
33 -3
34 -5
35 -4
36 -3
37 -5
38 1
39 4
40 3
41 2
42 6
43 12
44 12
45 13
46 13
47 13
48 13
49 11
50 15
51 15
52 15
53 16
54 15
55 4
56 4
57 1
58 0
59 0
60 1
61 4
62 9
63 9
64 8
65 8
66 4
67 6
68 5
69 6
70 1
71 9
72 8
73 11
74 12
75 15
76 11
77 10
78 10
79 12
80 15
81 15
82 14
83 14
84 14
85 9
86 9
87 5
88 8
89 6
90 6
91 7
92 4
93 4
94 2
95 1
96 8
97 9
98 2
99 4
100 -1
101 5
102 2
103 12
104 17
105 17
106 17
107 7
108 9
109 11
110 10
111 12
112 16
113 20
114 22
115 22
116 23
117 21
118 23
119 23
120 25
121 24
122 23
123 22
124 20
125 23
126 23
127 18
128 16
129 14
130 15
131 14
132 15
133 16
134 10
135 7
136 7
137 6
138 6
139 6
140 7
141 3
142 3
143 1
144 0
145 -2
146 2
147 6
148 0
149 8
150 8
151 7
152 2
153 6
154 5
155 6
156 9
157 7
158 9
159 11
160 13
161 10
162 12
163 9
164 10
165 10
166 9
167 9
168 8
169 10
170 10
171 10
172 9
173 8
174 7
175 7
176 5
177 3
178 4
179 2
180 0
181 -3
182 -1
183 -1
184 -1
185 1
186 -1
187 0
188 5
189 8
190 8
191 8
192 5
193 6
194 5
195 6
196 4
197 3
198 6
199 4
200 5
201 6
202 3
203 1
204 -2
205 -3
206 0
207 0
208 0
209 4
210 4
211 -1
212 1
213 1
214 1
215 3
216 5
217 5
218 4
219 3
220 -1
221 -1
222 1
223 1
224 2
225 -1
226 0
227 0
228 -3
229 -4
230 -4
231 -5
232 -2
233 -3
234 -3
235 0
236 1
237 3
238 1
239 1
240 4
241 -5
242 -3
243 -4
244 -4
245 1
246 7
247 7
248 8
249 12
250 13
251 6
252 5
253 3
254 5
255 5
