0 -5
1 -3
2 -5
3 -5
4 -3
5 -2
6 -1
7 1
8 1
9 2
10 -2
11 -2
12 -3
13 -1
14 -1
15 1
16 -3
17 -2
18 -3
19 -2
20 -1
21 -5
22 -3
23 -2
24 -2
25 1
26 1
27 1
28 0
29 1
30 -1
31 -1
32 0
33 0
34 0
35 -2
36 -2
37 -3
38 -3
39 -1
40 2
41 -1
42 -1
43 0
44 0
45 -1
46 -2
47 -3
48 -2
49 -3
50 -1
51 -1
52 0
53 0
54 -3
55 -2
56 -4
57 0
58 -1
59 -1
60 -1
61 -2
62 -2
63 0
64 -4
65 -5
66 -2
67 -2
68 -8
69 -6
70 -5
71 -4
72 -1
73 0
74 0
75 -1
76 -2
77 0
78 1
79 1
80 2
81 2
82 3
83 -2
84 -2
85 -2
86 1
87 3
88 4
89 4
90 2
91 0
92 4
93 4
94 3
95 3
96 2
97 0
98 0
99 1
100 0
101 0
102 -5
103 -5
104 -2
105 1
106 1
107 -6
108 -1
109 -6
110 -6
111 -3
112 -2
113 -3
114 -5
115 0
116 2
117 4
118 4
119 0
120 1
121 2
122 1
123 -2
124 -1
125 -1
126 -3
127 -1
128 0
129 -1
130 -1
131 -2
132 1
133 2
134 2
135 4
136 3
137 4
138 4
139 3
140 4
141 0
142 1
143 1
144 -1
145 -1
146 3
147 0
148 1
149 4
150 4
151 -1
152 -1
153 -2
154 -2
155 -1
156 -1
157 0
158 1
159 3
160 3
161 3
162 2
163 3
164 1
165 2
166 0
167 3
168 4
169 2
170 2
171 2
172 2
173 3
174 4
175 4
176 4
177 3
178 3
179 0
180 -1
181 1
182 1
183 3
184 -1
185 1
186 1
187 -1
188 3
189 2
190 -1
191 5
192 6
193 5
194 0
195 2
196 6
197 8
198 6
199 2
200 1
201 -3
202 7
203 5
204 -1
205 -1
206 -3
207 1
208 -4
209 1
210 1
211 2
212 1
213 5
214 5
215 2
216 3
217 2
218 4
219 0
220 -2
221 0
222 -1
223 0
224 0
225 0
226 -3
227 -2
228 0
229 1
230 0
231 0
232 -1
233 1
234 -2
235 -3
236 -4
237 -9
238 -8
239 -7
240 -8
241 -4
242 3
243 -1
244 0
245 3
246 -1
247 -2
248 -3
249 -5
250 -3
251 0
252 1
253 2
254 -4
255 -4
