0 -2
1 -6
2 -7
3 -8
4 -7
5 -5
6 1
7 -1
8 -1
9 -1
10 -1
11 -5
12 -8
13 -9
14 -11
15 -5
16 0
17 1
18 1
19 6
20 3
21 2
22 6
23 5
24 5
25 4
26 0
27 0
28 -1
29 -1
30 -3
31 -9
32 -7
33 -4
34 -5
35 -1
36 -5
37 -2
38 -2
39 -1
40 -3
41 -4
42 -2
43 -2
44 3
45 0
46 2
47 7
48 5
49 5
50 6
51 7
52 8
53 3
54 4
55 2
56 10
57 11
58 10
59 9
60 9
61 7
62 5
63 5
64 3
65 4
66 2
67 0
68 0
69 3
70 -5
71 -5
72 -5
73 -5
74 -4
75 -10
76 -10
77 -9
78 -6
79 -4
80 -2
81 -1
82 -1
83 0
84 3
85 5
86 5
87 4
88 -2
89 -2
90 0
91 -3
92 -3
93 -4
94 -4
95 -3
96 -3
97 0
98 -7
99 -4
100 -3
101 -2
102 -6
103 -1
104 1
105 -6
106 -4
107 -5
108 -8
109 -7
110 -7
111 -7
112 -10
113 -6
114 -4
115 -5
116 -7
117 -4
118 1
119 2
120 1
121 1
122 3
123 2
124 2
125 1
126 0
127 -2
128 0
129 3
130 1
131 0
132 -1
133 -1
134 -1
135 3
136 -1
137 -1
138 0
139 2
140 3
141 0
142 0
143 -1
144 -2
145 -2
146 -2
147 1
148 0
149 1
150 -1
151 -1
152 -5
153 -4
154 -4
155 -4
156 -1
157 -3
158 -4
159 -7
160 -1
161 0
162 3
163 0
164 2
165 4
166 5
167 -3
168 -5
169 -5
170 -5
171 -1
172 -1
173 -1
174 4
175 -1
176 3
177 4
178 4
179 1
180 0
181 -3
182 -2
183 -2
184 -1
185 0
186 -1
187 -8
188 -9
189 -13
190 -10
191 -9
192 -8
193 -9
194 -12
195 -8
196 -10
197 -8
198 -5
199 -4
200 -1
201 -2
202 -3
203 -3
204 -2
205 -5
206 -5
207 -5
208 -3
209 0
210 -5
211 -6
212 -4
213 -4
214 -1
215 -1
216 -4
217 -2
218 4
219 2
220 3
221 6
222 7
223 7
224 2
225 1
226 -1
227 0
228 2
229 1
230 2
231 -1
232 0
233 1
234 1
235 -2
236 -5
237 -2
238 -1
239 -1
240 0
241 -2
242 2
243 2
244 -5
245 -4
246 -3
247 -3
248 -3
249 -7
250 -5
251 -1
252 -1
253 -1
254 -2
255 -4
