0 0
1 -7
2 -6
3 -7
4 -8
5 -10
6 -15
7 -16
8 -16
9 -15
10 -15
11 -17
12 -17
13 -8
14 -9
15 -7
16 -6
17 -9
18 -8
19 -7
20 -7
21 -10
22 -10
23 -8
24 -8
25 -8
26 -4
27 -6
28 -6
29 -5
30 -6
31 -1
32 1
33 1
34 -2
35 -4
36 -2
37 3
38 4
39 3
40 -1
41 0
42 2
43 -1
44 2
45 1
46 -5
47 -5
48 -4
49 -3
50 -2
51 0
52 0
53 1
54 -3
55 -5
56 -3
57 -1
58 1
59 1
60 1
61 1
62 3
63 3
64 4
65 0
66 -2
67 -2
68 -4
69 -5
70 -6
71 -2
72 2
73 -1
74 -5
75 -5
76 -4
77 -5
78 -5
79 -5
80 1
81 -2
82 0
83 4
84 -1
85 -1
86 -4
87 1
88 1
89 1
90 1
91 0
92 1
93 0
94 -8
95 -9
96 -9
97 -7
98 1
99 3
100 1
101 0
102 1
103 0
104 0
105 2
106 2
107 1
108 1
109 -1
110 -3
111 -6
112 -3
113 -8
114 -4
115 -2
116 -7
117 -7
118 -9
119 -9
120 -9
121 -8
122 -10
123 -12
124 -11
125 -10
126 -11
127 -8
128 -8
129 -2
130 -2
131 1
132 2
133 4
134 3
135 3
136 3
137 1
138 -3
139 8
140 13
141 13
142 6
143 6
144 7
145 5
146 3
147 2
148 -1
149 0
150 3
151 2
152 2
153 0
154 1
155 2
156 2
157 1
158 3
159 9
160 5
161 5
162 7
163 6
164 5
165 4
166 11
167 14
168 10
169 11
170 5
171 3
172 2
173 2
174 2
175 2
176 3
177 2
178 1
179 -2
180 -1
181 1
182 2
183 -7
184 -11
185 -6
186 -5
187 1
188 -3
189 0
190 1
191 -7
192 -9
193 -6
194 -5
195 -7
196 -5
197 -3
198 -2
199 -8
200 -8
201 -8
202 -8
203 -6
204 -4
205 -6
206 -6
207 -5
208 -5
209 -4
210 -3
211 -2
212 -2
213 1
214 5
215 7
216 3
217 5
218 4
219 -3
220 -3
221 -3
222 -3
223 -6
224 -7
225 -7
226 -3
227 -1
228 2
229 -5
230 -7
231 0
232 2
233 3
234 3
235 -3
236 -3
237 -1
238 3
239 3
240 3
241 6
242 3
243 3
244 7
245 1
246 -1
247 2
248 1
249 1
250 1
251 0
252 2
253 2
254 2
255 -1
