0 3
1 -1
2 -4
3 -7
4 -2
5 -2
6 1
7 -1
8 0
9 -1
10 3
11 2
12 1
13 -1
14 0
15 1
16 1
17 0
18 -2
19 0
20 2
21 3
22 3
23 3
24 3
25 3
26 1
27 0
28 0
29 -1
30 -3
31 0
32 -5
33 -1
34 -4
35 -3
36 -3
37 -3
38 -2
39 0
40 -3
41 -7
42 -5
43 -7
44 -7
45 -7
46 -5
47 -1
48 -1
49 0
50 3
51 2
52 0
53 -1
54 -3
55 0
56 -2
57 -2
58 -2
59 -1
60 -5
61 -4
62 -4
63 -4
64 -1
65 2
66 0
67 3
68 5
69 5
70 9
71 8
72 2
73 -2
74 -4
75 1
76 2
77 1
78 -2
79 3
80 1
81 3
82 3
83 -5
84 -5
85 -7
86 -8
87 -8
88 -7
89 -5
90 -3
91 4
92 2
93 1
94 2
95 -1
96 -1
97 1
98 1
99 7
100 6
101 3
102 0
103 -2
104 0
105 0
106 -2
107 -2
108 1
109 0
110 1
111 1
112 1
113 4
114 1
115 0
116 -1
117 -2
118 -2
119 0
120 -1
121 -3
122 -3
123 -3
124 0
125 0
126 -1
127 1
128 1
129 0
130 0
131 -3
132 0
133 0
134 -1
135 3
136 5
137 3
138 2
139 0
140 0
141 0
142 2
143 3
144 3
145 2
146 -2
147 7
148 5
149 4
150 1
151 -3
152 1
153 0
154 1
155 0
156 -2
157 -3
158 -3
159 -3
160 -4
161 -3
162 -1
163 1
164 3
165 3
166 5
167 2
168 0
169 1
170 0
171 -2
172 -1
173 0
174 2
175 2
176 1
177 0
178 0
179 6
180 3
181 2
182 4
183 4
184 2
185 2
186 2
187 0
188 2
189 -1
190 -1
191 -2
192 0
193 1
194 -1
195 -1
196 -1
197 1
198 1
199 0
200 0
201 0
202 0
203 0
204 0
205 0
206 1
207 2
208 -1
209 -1
210 -2
211 -2
212 -2
213 -3
214 -2
215 -1
216 -3
217 0
218 -4
219 0
220 1
221 0
222 1
223 -1
224 -4
225 2
226 0
227 -1
228 -5
229 -3
230 -2
231 1
232 0
233 1
234 -1
235 0
236 -1
237 -3
238 -4
239 -3
240 1
241 -1
242 0
243 3
244 0
245 1
246 4
247 3
248 1
249 -1
250 -2
251 -2
252 -4
253 -1
254 -1
255 0
