0 1
1 2
2 3
3 5
4 5
5 -1
6 -1
7 3
8 4
9 7
10 9
11 14
12 13
13 15
14 16
15 17
16 15
17 15
18 15
19 16
20 15
21 5
22 6
23 1
24 5
25 6
26 14
27 19
28 17
29 19
30 18
31 17
32 22
33 21
34 22
35 24
36 27
37 26
38 24
39 25
40 29
41 28
42 26
43 23
44 22
45 25
46 19
47 17
48 17
49 21
50 21
51 23
52 17
53 21
54 22
55 27
56 22
57 22
58 20
59 18
60 16
61 7
62 8
63 8
64 9
65 8
66 8
67 12
68 12
69 12
70 15
71 15
72 8
73 5
74 3
75 2
76 1
77 2
78 4
79 2
80 3
81 -2
82 -1
83 -2
84 -4
85 -3
86 -1
87 0
88 -2
89 3
90 -2
91 -1
92 1
93 0
94 -3
95 -3
96 -2
97 -7
98 -10
99 -7
100 -4
101 -10
102 -10
103 -8
104 -15
105 -15
106 -15
107 -17
108 -15
109 -11
110 -13
111 -9
112 -9
113 -9
114 -5
115 -3
116 3
117 3
118 4
119 3
120 6
121 13
122 12
123 13
124 11
125 8
126 8
127 9
128 9
129 4
130 3
131 8
132 8
133 6
134 1
135 2
136 2
137 1
138 7
139 4
140 0
141 -4
142 -4
143 -15
144 -14
145 -10
146 -10
147 -10
148 -12
149 -12
150 -13
151 -12
152 -11
153 -13
154 -11
155 -8
156 -8
157 -10
158 -13
159 -13
160 -12
161 -9
162 -9
163 -8
164 -5
165 -7
166 -7
167 -4
168 -2
169 -3
170 -5
171 -5
172 -4
173 -5
174 -7
175 -13
176 -13
177 -13
178 -8
179 -8
180 -7
181 -7
182 -5
183 -4
184 -1
185 -5
186 -5
187 -5
188 -3
189 -1
190 1
191 -1
192 8
193 10
194 9
195 11
196 13
197 11
198 17
199 18
200 16
201 16
202 13
203 18
204 20
205 14
206 13
207 13
208 11
209 11
210 9
211 7
212 7
213 8
214 10
215 10
216 6
217 5
218 5
219 3
220 6
221 5
222 2
223 1
224 -4
225 -3
226 -2
227 -2
228 -3
229 6
230 4
231 3
232 7
233 5
234 7
235 8
236 9
237 10
238 8
239 7
240 7
241 7
242 9
243 11
244 11
245 10
246 5
247 3
248 3
249 2
250 0
251 2
252 -2
253 0
254 0
255 -1
