0 -10
1 -5
2 -5
3 -5
4 -5
5 -7
6 -6
7 -8
8 -11
9 -12
10 -15
11 -12
12 -12
13 -13
14 -13
15 -15
16 -15
17 -7
18 -8
19 -7
20 -8
21 -6
22 -7
23 -9
24 -8
25 -6
26 -4
27 -3
28 -3
29 -8
30 -9
31 -11
32 -9
33 -9
34 -9
35 -10
36 -10
37 -10
38 -10
39 -9
40 -8
41 -6
42 -7
43 -4
44 -3
45 -3
46 5
47 1
48 -3
49 4
50 0
51 3
52 3
53 4
54 6
55 0
56 0
57 0
58 -2
59 -3
60 -11
61 -10
62 -9
63 -7
64 -7
65 -3
66 -3
67 -3
68 -3
69 -7
70 -3
71 -2
72 -1
73 0
74 4
75 22
76 20
77 20
78 21
79 21
80 22
81 15
82 15
83 15
84 23
85 23
86 22
87 20
88 19
89 17
90 18
91 16
92 16
93 15
94 13
95 16
96 9
97 12
98 13
99 14
100 14
101 14
102 14
103 14
104 14
105 10
106 10
107 6
108 5
109 13
110 12
111 9
112 8
113 11
114 8
115 10
116 12
117 10
118 10
119 8
120 8
121 6
122 3
123 0
124 1
125 2
126 5
127 3
128 6
129 9
130 -3
131 -3
132 -5
133 -3
134 -4
135 -6
136 -7
137 -11
138 -11
139 -8
140 -4
141 -8
142 -8
143 -8
144 -4
145 -6
146 1
147 1
148 4
149 8
150 6
151 5
152 5
153 7
154 6
155 2
156 4
157 6
158 10
159 12
160 10
161 6
162 3
163 1
164 1
165 0
166 0
167 0
168 0
169 2
170 0
171 1
172 -2
173 -3
174 -8
175 -10
176 -13
177 -7
178 -8
179 -2
180 4
181 8
182 5
183 2
184 0
185 2
186 -1
187 -5
188 -6
189 -4
190 -2
191 6
192 4
193 8
194 8
195 8
196 14
197 5
198 0
199 5
200 9
201 9
202 9
203 4
204 -3
205 -6
206 -9
207 -18
208 -19
209 -21
210 -25
211 -24
212 -26
213 -27
214 -34
215 -27
216 -26
217 -21
218 -19
219 -21
220 -24
221 -26
222 -26
223 -27
224 -28
225 -28
226 -24
227 -24
228 -31
229 -34
230 -30
231 -30
232 -27
233 -26
234 -27
235 -26
236 -25
237 -26
238 -20
239 -20
240 -20
241 -17
242 -9
243 -8
244 -8
245 -8
246 -9
247 -13
248 -14
249 -12
250 -10
251 -11
252 -9
253 -5
254 -4
255 -7
