0 0
1 -3
2 3
3 3
4 3
5 4
6 1
7 1
8 0
9 -4
10 0
11 -4
12 -4
13 -3
14 -1
15 1
16 -2
17 -2
18 -1
19 1
20 1
21 1
22 2
23 4
24 4
25 3
26 3
27 4
28 4
29 5
30 1
31 4
32 1
33 1
34 4
35 5
36 5
37 1
38 -2
39 -3
40 -3
41 -3
42 -8
43 -7
44 -9
45 -12
46 -12
47 -11
48 -12
49 -11
50 5
51 5
52 6
53 6
54 10
55 9
56 10
57 9
58 10
59 9
60 1
61 -3
62 -4
63 -5
64 -5
65 -4
66 -2
67 0
68 0
69 1
70 1
71 1
72 2
73 3
74 2
75 -3
76 -5
77 -5
78 -5
79 3
80 4
81 1
82 1
83 -1
84 1
85 1
86 3
87 14
88 13
89 11
90 12
91 15
92 13
93 9
94 9
95 25
96 24
97 25
98 23
99 19
100 16
101 16
102 14
103 19
104 21
105 20
106 16
107 15
108 13
109 13
110 10
111 6
112 9
113 7
114 6
115 7
116 8
117 8
118 11
119 13
120 10
121 18
122 15
123 14
124 19
125 15
126 17
127 16
128 13
129 12
130 11
131 10
132 12
133 13
134 10
135 14
136 17
137 18
138 17
139 18
140 17
141 16
142 20
143 21
144 21
145 19
146 25
147 26
148 25
149 28
150 26
151 25
152 26
153 28
154 25
155 26
156 26
157 18
158 6
159 5
160 4
161 2
162 4
163 -1
164 2
165 3
166 3
167 2
168 2
169 3
170 7
171 7
172 7
173 4
174 2
175 5
176 5
177 2
178 -7
179 -4
180 0
181 -3
182 -4
183 -4
184 -5
185 -3
186 -4
187 -1
188 -3
189 -5
190 -8
191 -6
192 -9
193 -9
194 -7
195 -4
196 -2
197 0
198 -1
199 0
200 -3
201 -3
202 2
203 -3
204 1
205 3
206 2
207 2
208 3
209 0
210 0
211 2
212 2
213 2
214 0
215 0
216 5
217 2
218 2
219 2
220 1
221 5
222 7
223 10
224 11
225 11
226 11
227 8
228 10
229 21
230 22
231 16
232 11
233 6
234 9
235 5
236 2
237 4
238 2
239 6
240 6
241 8
242 5
243 6
244 4
245 6
246 6
247 6
248 13
249 11
250 12
251 5
252 4
253 0
254 0
255 -1
