0 -2
1 -2
2 -3
3 -3
4 -4
5 -2
6 -9
7 -11
8 -11
9 -7
10 -7
11 -7
12 -7
13 1
14 1
15 0
16 3
17 3
18 2
19 5
20 5
21 8
22 8
23 9
24 9
25 9
26 10
27 14
28 13
29 13
30 18
31 23
32 24
33 23
34 22
35 11
36 13
37 12
38 13
39 12
40 11
41 13
42 15
43 15
44 18
45 18
46 10
47 11
48 11
49 7
50 14
51 14
52 17
53 17
54 18
55 16
56 15
57 12
58 9
59 15
60 15
61 16
62 14
63 14
64 13
65 11
66 13
67 8
68 8
69 5
70 1
71 1
72 8
73 7
74 7
75 5
76 5
77 0
78 0
79 0
80 2
81 1
82 2
83 -3
84 -4
85 -1
86 0
87 -1
88 -4
89 -5
90 -5
91 -5
92 -8
93 -5
94 -7
95 -8
96 -7
97 -4
98 -4
99 -3
100 -4
101 -2
102 -3
103 -3
104 -1
105 -1
106 -1
107 -1
108 -1
109 -1
110 3
111 4
112 0
113 1
114 7
115 6
116 6
117 8
118 7
119 9
120 8
121 7
122 5
123 5
124 4
125 4
126 2
127 -3
128 -5
129 -3
130 3
131 1
132 -4
133 -2
134 -1
135 0
136 2
137 -2
138 0
139 1
140 3
141 1
142 1
143 1
144 -4
145 -7
146 -7
147 -9
148 -9
149 -5
150 0
151 -8
152 -8
153 -11
154 -13
155 -13
156 -16
157 -15
158 -18
159 -14
160 -13
161 -10
162 -15
163 -16
164 -20
165 -20
166 -20
167 -20
168 -16
169 -16
170 -17
171 -16
172 -13
173 -13
174 -23
175 -19
176 -20
177 -25
178 -23
179 -25
180 -25
181 -26
182 -26
183 -26
184 -22
185 -21
186 -20
187 -20
188 -18
189 -16
190 -15
191 -12
192 -12
193 -12
194 -13
195 -10
196 -8
197 -7
198 -10
199 -10
200 -11
201 -6
202 -4
203 -2
204 -2
205 -2
206 -4
207 -7
208 -11
209 -8
210 -6
211 -4
212 -7
213 -10
214 -10
215 -12
216 -10
217 -2
218 -7
219 -7
220 -7
221 -15
222 -14
223 -12
224 -12
225 -17
226 -14
227 -18
228 -8
229 -8
230 -3
231 -2
232 -2
233 -4
234 -7
235 -8
236 -14
237 -14
238 -13
239 -14
240 -15
241 -12
242 -12
243 -10
244 -4
245 -3
246 -8
247 2
248 3
249 -4
250 -4
251 -4
252 -3
253 -4
254 -6
255 -1
