0 -1
1 1
2 1
3 2
4 2
5 0
6 1
7 0
8 -2
9 1
10 3
11 3
12 0
13 0
14 0
15 0
16 -1
17 1
18 3
19 1
20 1
21 1
22 2
23 3
24 3
25 -1
26 -1
27 -2
28 -3
29 -1
30 -1
31 1
32 1
33 -1
34 1
35 5
36 1
37 -1
38 0
39 0
40 0
41 0
42 -1
43 -1
44 -1
45 -2
46 -2
47 -2
48 0
49 0
50 0
51 0
52 0
53 -1
54 1
55 -3
56 -1
57 -2
58 -2
59 -2
60 3
61 0
62 -4
63 -1
64 5
65 5
66 3
67 1
68 3
69 0
70 2
71 0
72 0
73 -6
74 -2
75 -2
76 -2
77 -3
78 -1
79 -1
80 -1
81 -2
82 -5
83 -1
84 -1
85 0
86 -1
87 -1
88 0
89 1
90 -1
91 -1
92 -1
93 -3
94 -4
95 5
96 -2
97 -2
98 -1
99 -1
100 1
101 1
102 0
103 -2
104 -2
105 0
106 0
107 0
108 -4
109 -1
110 -1
111 0
112 1
113 2
114 1
115 1
116 1
117 1
118 -1
119 -1
120 -1
121 0
122 -1
123 0
124 0
125 -1
126 -1
127 -1
128 0
129 0
130 0
131 -1
132 -1
133 0
134 0
135 1
136 -1
137 -3
138 -3
139 -6
140 -2
141 2
142 2
143 4
144 1
145 2
146 2
147 2
148 0
149 1
150 5
151 0
152 0
153 -1
154 -1
155 -1
156 1
157 2
158 -2
159 0
160 -1
161 -3
162 2
163 2
164 1
165 1
166 4
167 -3
168 -2
169 -1
170 -3
171 -2
172 1
173 2
174 3
175 1
176 2
177 1
178 -2
179 -6
180 0
181 2
182 2
183 2
184 2
185 1
186 0
187 -2
188 3
189 2
190 2
191 -1
192 -2
193 -2
194 1
195 3
196 2
197 -1
198 1
199 1
200 1
201 -2
202 2
203 -3
204 -4
205 2
206 2
207 -2
208 0
209 5
210 1
211 0
212 1
213 2
214 2
215 1
216 2
217 4
218 3
219 5
220 1
221 -1
222 0
223 0
224 0
225 2
226 4
227 1
228 2
229 1
230 1
231 -1
232 -1
233 0
234 0
235 3
236 2
237 1
238 2
239 2
240 0
241 -1
242 2
243 0
244 0
245 0
246 -2
247 0
248 -2
249 0
250 0
251 1
252 0
253 -3
254 -3
255 -1
