0 -46
1 -49
2 -51
3 -53
4 -53
5 -53
6 -54
7 -54
8 -50
9 -48
10 -48
11 -47
12 -44
13 -46
14 -44
15 -40
16 -39
17 -39
18 -39
19 -37
20 -36
21 -36
22 -36
23 -36
24 -38
25 -41
26 -42
27 -39
28 -39
29 -39
30 -40
31 -41
32 -43
33 -37
34 -41
35 -44
36 -43
37 -41
38 -42
39 -41
40 -42
41 -42
42 -43
43 -43
44 -39
45 -38
46 -49
47 -44
48 -46
49 -45
50 -44
51 -43
52 -41
53 -43
54 -44
55 -44
56 -46
57 -47
58 -46
59 -47
60 -46
61 -46
62 -52
63 -50
64 -50
65 -49
66 -44
67 -43
68 -45
69 -41
70 -42
71 -42
72 -38
73 -34
74 -32
75 -31
76 -31
77 -31
78 -31
79 -29
80 -30
81 -29
82 -11
83 -10
84 -8
85 -7
86 -7
87 3
88 4
89 4
90 4
91 -6
92 -5
93 -4
94 -6
95 -6
96 -10
97 -6
98 -2
99 -6
100 -7
101 -17
102 -14
103 -14
104 -16
105 -19
106 -17
107 -17
108 -15
109 -13
110 -13
111 -13
112 -11
113 -14
114 -15
115 -16
116 -17
117 -15
118 -18
119 -17
120 -17
121 -24
122 -24
123 -27
124 -28
125 -28
126 -30
127 -27
128 -25
129 -24
130 -27
131 -25
132 -30
133 -30
134 -30
135 -28
136 -28
137 -24
138 -25
139 -27
140 -26
141 -19
142 -22
143 -15
144 -20
145 -23
146 -23
147 -23
148 -23
149 -23
150 -25
151 -26
152 -31
153 -30
154 -31
155 -37
156 -39
157 -42
158 -35
159 -34
160 -33
161 -31
162 -30
163 -30
164 -33
165 -36
166 -41
167 -41
168 -41
169 -45
170 -37
171 -38
172 -35
173 -37
174 -35
175 -35
176 -30
177 -29
178 -32
179 -32
180 -32
181 -29
182 -29
183 -28
184 -29
185 -32
186 -22
187 -21
188 -22
189 -23
190 -22
191 -18
192 -18
193 -18
194 -11
195 -15
196 -19
197 -23
198 -31
199 -32
200 -36
201 -34
202 -33
203 -33
204 -33
205 -36
206 -37
207 -40
208 -36
209 -36
210 -36
211 -34
212 -32
213 -33
214 -28
215 -22
216 -23
217 -21
218 -21
219 -24
220 -24
221 -23
222 -22
223 -21
224 -24
225 -23
226 -22
227 -24
228 -22
229 -22
230 -22
231 -23
232 -30
233 -31
234 -26
235 -27
236 -30
237 -26
238 -27
239 -28
240 -34
241 -34
242 -34
243 -37
244 -39
245 -41
246 -44
247 -46
248 -44
249 -48
250 -48
251 -51
252 -51
253 -51
254 -47
255 -50
