0 -31
1 -32
2 -30
3 -32
4 -32
5 -32
6 -31
7 -31
8 -32
9 -33
10 -26
11 -21
12 -18
13 -20
14 -18
15 -20
16 -16
17 -10
18 -8
19 -6
20 -6
21 -6
22 -1
23 -2
24 -2
25 -3
26 -4
27 -4
28 -3
29 -4
30 -1
31 -1
32 -1
33 -1
34 -2
35 -3
36 -4
37 -3
38 -4
39 -1
40 -1
41 1
42 1
43 6
44 3
45 4
46 5
47 3
48 5
49 8
50 8
51 5
52 5
53 7
54 6
55 6
56 12
57 14
58 10
59 9
60 6
61 8
62 11
63 11
64 11
65 10
66 11
67 17
68 19
69 17
70 15
71 20
72 25
73 25
74 25
75 22
76 23
77 23
78 22
79 23
80 24
81 26
82 27
83 34
84 35
85 32
86 28
87 22
88 26
89 25
90 24
91 25
92 28
93 24
94 23
95 22
96 22
97 20
98 22
99 18
100 18
101 16
102 16
103 18
104 15
105 18
106 18
107 18
108 16
109 17
110 19
111 19
112 8
113 7
114 9
115 8
116 7
117 1
118 0
119 0
120 -1
121 -1
122 -1
123 -1
124 2
125 0
126 -7
127 -4
128 -4
129 -4
130 -3
131 -3
132 -3
133 -4
134 -3
135 3
136 0
137 0
138 -1
139 0
140 0
141 -1
142 -3
143 -3
144 -6
145 -7
146 -9
147 -10
148 -8
149 -2
150 -1
151 -4
152 -4
153 -7
154 -7
155 -12
156 -12
157 -9
158 -10
159 -10
160 -7
161 -10
162 -13
163 -17
164 -21
165 -18
166 -13
167 -19
168 -18
169 -17
170 -17
171 -18
172 -18
173 -20
174 -24
175 -27
176 -24
177 -25
178 -24
179 -24
180 -21
181 -23
182 -27
183 -28
184 -29
185 -29
186 -28
187 -28
188 -29
189 -32
190 -27
191 -25
192 -24
193 -19
194 -14
195 -12
196 -10
197 -10
198 -8
199 -5
200 -9
201 -13
202 -10
203 -10
204 -9
205 -10
206 -13
207 -13
208 -18
209 -18
210 -17
211 -18
212 -20
213 -22
214 -27
215 -27
216 -19
217 -22
218 -22
219 -24
220 -27
221 -31
222 -35
223 -31
224 -30
225 -29
226 -35
227 -30
228 -29
229 -27
230 -28
231 -32
232 -33
233 -32
234 -32
235 -31
236 -30
237 -29
238 -26
239 -26
240 -26
241 -32
242 -35
243 -37
244 -37
245 -39
246 -40
247 -30
248 -32
249 -32
250 -31
251 -32
252 -33
253 -26
254 -27
255 -30
