0 -7
1 -7
2 -8
3 -7
4 -5
5 -6
6 -9
7 -8
8 -3
9 0
10 0
11 -4
12 -4
13 -5
14 -1
15 -3
16 -4
17 -3
18 -7
19 -8
20 -8
21 -5
22 -6
23 -6
24 -6
25 -8
26 -7
27 -3
28 -2
29 -2
30 1
31 2
32 7
33 7
34 10
35 9
36 8
37 9
38 8
39 9
40 7
41 9
42 9
43 4
44 4
45 1
46 0
47 4
48 3
49 1
50 -3
51 -8
52 -7
53 -3
54 -3
55 -3
56 5
57 4
58 5
59 5
60 3
61 5
62 6
63 8
64 8
65 8
66 8
67 9
68 10
69 8
70 8
71 10
72 10
73 8
74 9
75 10
76 14
77 8
78 9
79 9
80 7
81 11
82 14
83 14
84 7
85 8
86 15
87 17
88 16
89 11
90 13
91 9
92 12
93 5
94 0
95 2
96 3
97 2
98 -2
99 -5
100 -2
101 0
102 -1
103 -5
104 -4
105 -7
106 -3
107 -1
108 -1
109 -3
110 -3
111 3
112 3
113 -1
114 2
115 6
116 5
117 6
118 7
119 6
120 6
121 6
122 6
123 -3
124 -6
125 3
126 3
127 3
128 1
129 1
130 -1
131 -1
132 1
133 4
134 5
135 2
136 3
137 10
138 15
139 14
140 5
141 -1
142 -2
143 -4
144 -4
145 -2
146 -5
147 -4
148 -3
149 -4
150 -2
151 -2
152 -4
153 -11
154 -10
155 -10
156 -12
157 -12
158 -12
159 -11
160 -6
161 -6
162 -6
163 -5
164 -8
165 -16
166 -14
167 -11
168 -6
169 -7
170 -4
171 -2
172 -4
173 -2
174 -2
175 -2
176 -4
177 -2
178 2
179 2
180 2
181 -2
182 -1
183 2
184 1
185 -1
186 -1
187 -2
188 -2
189 1
190 3
191 -1
192 -1
193 -3
194 3
195 4
196 6
197 2
198 0
199 -1
200 -1
201 1
202 2
203 1
204 2
205 1
206 -5
207 -4
208 -4
209 -3
210 -1
211 1
212 4
213 5
214 3
215 2
216 -4
217 -5
218 -5
219 -1
220 -1
221 1
222 -4
223 -5
224 -5
225 -5
226 -6
227 -7
228 -4
229 -3
230 0
231 -2
232 -4
233 -3
234 -1
235 -9
236 -9
237 -3
238 0
239 -5
240 -6
241 -6
242 -5
243 -5
244 -14
245 -14
246 -16
247 -15
248 -14
249 -11
250 -11
251 -14
252 -14
253 -13
254 -10
255 -12
