0 0.0116435
0.1 1.04287
0.2 -1.06889
0.3 1.00134
0.4 0.622617
0.5 -1.29043
0.6 -0.0920382
0.7 -0.368764
0.8 1.35885
0.9 1.46363
1 -0.350721
1.1 0.498003
1.2 -0.484039
1.3 0.45291
1.4 -0.592074
1.5 -0.907892
1.6 -2.22658
1.7 -0.0606744
1.8 -0.536156
1.9 0.557096
2 1.61385
2.1 0.793147
2.2 1.70047
2.3 -1.00547
2.4 -2.91772
2.5 -0.566742
2.6 -0.100635
2.7 -0.812672
2.8 0.693868
2.9 -1.79395
3 -0.438826
3.1 -0.108039
3.2 -1.21314
3.3 -0.268925
3.4 1.63534
3.5 3.60333
3.6 -1.42992
3.7 -1.71948
3.8 -1.75624
3.9 0.0829641
4 -0.808693
4.1 0.0336439
4.2 -0.0560348
4.3 -0.412543
4.4 1.00434
4.5 0.310448
4.6 1.45962
4.7 -0.882594
4.8 -0.985618
4.9 -0.157574
5 0.352012
5.1 0.171377
5.2 -0.193091
5.3 -1.47031
5.4 -0.747519
5.5 -0.315704
5.6 -0.666399
5.7 -0.137689
5.8 -0.326221
5.9 0.44081
6 -1.02237
6.1 2.09228
6.2 -0.133881
6.3 0.204395
6.4 -0.759823
6.5 0.665973
6.6 0.0842053
6.7 1.33107
6.8 0.694085
6.9 2.54928
7 0.365125
7.1 1.4861
7.2 1.46689
7.3 0.224823
7.4 0.61498
7.5 1.64958
7.6 1.68468
7.7 1.02291
7.8 1.34135
7.9 -0.888154
8 1.12534
8.1 -0.718389
8.2 -0.367941
8.3 1.40756
8.4 -0.22103
8.5 0.681168
8.6 -1.8432
8.7 -0.832045
8.8 1.30971
8.9 -1.03635
9 0.915149
9.1 1.19612
9.2 0.308745
9.3 0.383363
9.4 0.972431
9.5 0.260348
9.6 1.84312
9.7 -1.15359
9.8 -0.115451
9.9 1.41211
10 2.6813
10.1 3.90426
10.2 0.178995
10.3 -0.556489
10.4 0.105499
10.5 -1.09273
10.6 2.28491
10.7 -0.829528
10.8 -0.166115
10.9 -0.557783
11 -0.405031
11.1 -0.298419
11.2 2.15322
11.3 -0.0992692
11.4 -0.713559
11.5 0.385322
11.6 -0.727063
11.7 0.602006
11.8 0.12705
11.9 -0.751843
12 0.761104
12.1 -0.0577772
12.2 -1.61682
12.3 1.15906
12.4 0.226858
12.5 0.0444296
12.6 1.00694
12.7 -0.698356
12.8 0.202902
12.9 -1.29913
13 1.16632
13.1 1.34261
13.2 0.909755
13.3 -1.12027
13.4 0.519517
13.5 -0.540071
13.6 1.2206
13.7 -0.494513
13.8 0.406405
13.9 0.828448
14 -1.96606
14.1 -1.15691
14.2 -2.12308
14.3 -0.168979
14.4 0.256914
14.5 -0.795868
14.6 1.05231
14.7 0.226913
14.8 4.25705
14.9 -0.716815
15 -0.138292
15.1 -1.53299
15.2 -0.356801
15.3 0.531876
15.4 0.635546
15.5 -1.66036
15.6 -2.58246
15.7 0.0118591
15.8 -0.323947
15.9 0.84189
16 -1.51154
16.1 -2.13361
16.2 -0.213246
16.3 -0.6993
16.4 -0.959357
16.5 -0.438058
16.6 1.12507
16.7 0.134636
16.8 2.29743
16.9 0.0120713
17 -1.39656
17.1 -1.88966
17.2 -1.62866
17.3 0.611266
17.4 0.839925
17.5 -1.19592
17.6 0.45576
17.7 -0.513257
17.8 0.284352
17.9 0.379223
18 0.339512
18.1 0.0877807
18.2 -1.32357
18.3 -0.311411
18.4 2.1335
18.5 -0.28783
18.6 0.807082
18.7 -2.26008
18.8 -0.321096
18.9 -1.11913
19 -1.19312
19.1 2.97878
19.2 1.04483
19.3 -0.398973
19.4 0.0143426
19.5 -0.111532
19.6 -0.516355
19.7 2.23756
19.8 0.442232
19.9 0.398581
20 -0.882675
20.1 -0.483662
20.2 -0.578878
20.3 0.221142
20.4 -0.240301
20.5 0.779874
20.6 -0.888563
20.7 0.962816
20.8 -0.907866
20.9 1.05042
21 -0.443864
21.1 2.47214
21.2 -0.72533
21.3 0.729286
21.4 0.437129
21.5 0.644566
21.6 1.13176
21.7 0.19677
21.8 0.0632879
21.9 0.497917
22 0.425071
22.1 -2.49964
22.2 -0.822048
22.3 0.20379
22.4 -0.564022
22.5 0.0689769
22.6 0.737106
22.7 0.580693
22.8 0.790137
22.9 2.95381
23 -1.6466
23.1 -2.00896
23.2 -0.712184
23.3 -1.55658
23.4 0.75136
23.5 -0.0991032
23.6 -0.859363
23.7 -2.96735
23.8 -0.326265
23.9 -0.158818
24 1.46156
24.1 0.601682
24.2 0.0960909
24.3 -0.882685
24.4 0.423967
24.5 1.318
24.6 -0.274816
24.7 1.21069
24.8 1.82408
24.9 0.593737
25 1.04485
25.1 1.1346
25.2 0.85681
25.3 0.669046
25.4 -0.222404
25.5 -1.12468
25.6 -1.06237
25.7 0.94013
25.8 1.24643
25.9 -0.571467
26 0.124666
26.1 1.02573
26.2 0.619354
26.3 0.227993
26.4 1.04498
26.5 -2.22447
26.6 -1.64724
26.7 -1.35083
26.8 -1.36613
26.9 0.573768
27 0.869342
27.1 -1.91852
27.2 -1.15094
27.3 -1.52412
27.4 0.00933747
27.5 -0.737
27.6 -0.208963
27.7 0.667735
27.8 2.81006
27.9 0.926557
28 0.0765452
28.1 0.499634
28.2 -0.148756
28.3 -0.506439
28.4 -1.42869
28.5 0.18569
28.6 0.258885
28.7 0.00320879
28.8 1.46769
28.9 -0.71257
29 2.73029
29.1 0.556556
29.2 -0.566558
29.3 -0.495594
29.4 0.18556
29.5 -0.365025
29.6 -0.919036
29.7 -1.74264
29.8 -1.58147
29.9 1.92829
30 -1.7873
30.1 2.06076
30.2 0.577543
30.3 -1.53731
30.4 -0.955962
30.5 0.181414
30.6 1.72205
30.7 1.55393
30.8 -0.491998
30.9 -1.10619
31 0.351668
31.1 -0.758684
31.2 0.653975
31.3 0.358596
31.4 1.66372
31.5 0.392129
31.6 -2.28665
31.7 1.20585
31.8 0.186886
31.9 1.71885
32 1.08223
32.1 1.56776
32.2 0.486367
32.3 0.490472
32.4 -0.981892
32.5 -0.6706
32.6 -0.1494
32.7 0.212463
32.8 0.489702
32.9 -1.50928
33 1.34257
33.1 -1.05302
33.2 0.329774
33.3 0.112077
33.4 -0.4877
33.5 -0.214424
33.6 0.920213
33.7 -2.58682
33.8 -0.802767
33.9 -0.268837
34 -0.199616
34.1 -2.62277
34.2 -1.92893
34.3 1.12612
34.4 -0.945491
34.5 2.3832
34.6 -2.49236
34.7 -2.75442
34.8 0.17873
34.9 0.301374
35 -0.136325
35.1 0.302457
35.2 -0.46091
35.3 -0.480656
35.4 -1.98581
35.5 0.444442
35.6 0.108958
35.7 0.670113
35.8 -0.0575944
35.9 0.285214
36 1.71465
36.1 0.0808582
36.2 0.95033
36.3 0.564367
36.4 -0.911832
36.5 -0.803276
36.6 1.56621
36.7 -0.893204
36.8 -1.3787
36.9 0.108968
37 -0.40748
37.1 0.145557
37.2 -1.20365
37.3 0.0188364
37.4 -3.28032
37.5 0.354222
37.6 0.421913
37.7 -0.582968
37.8 0.208544
37.9 -0.0286898
38 -1.23552
38.1 1.6252
38.2 -0.0426556
38.3 1.69652
38.4 -0.768396
38.5 -0.808221
38.6 -0.579795
38.7 -0.398261
38.8 0.808449
38.9 -1.73336
39 -1.34589
39.1 -0.700076
39.2 -0.608192
39.3 -1.66052
39.4 -1.24469
39.5 -1.34759
39.6 -1.06273
39.7 -0.991253
39.8 -0.197865
39.9 -1.48743
40 -0.741028
40.1 -0.253653
40.2 0.74863
40.3 2.32978
40.4 0.0703954
40.5 -0.762796
40.6 -0.416981
40.7 -2.20347
40.8 -0.607329
40.9 0.371134
41 -0.406836
41.1 0.605546
41.2 -0.552276
41.3 1.24007
41.4 0.091302
41.5 -1.12336
41.6 0.574554
41.7 -1.5446
41.8 0.719826
41.9 -1.04568
42 -0.363478
42.1 -1.01829
42.2 -0.354806
42.3 0.671184
42.4 -1.33091
42.5 1.07425
42.6 -0.300779
42.7 -1.15127
42.8 2.01182
42.9 -0.652276
43 -0.344187
43.1 -1.49188
43.2 2.25089
43.3 -1.18153
43.4 1.52224
43.5 2.7748
43.6 1.77772
43.7 1.56294
43.8 2.70102
43.9 -0.925041
44 -1.9014
44.1 -0.166452
44.2 -0.336113
44.3 -0.661248
44.4 -0.634602
44.5 1.78009
44.6 -0.893355
44.7 -0.849552
44.8 -1.05786
44.9 -1.49556
45 1.96637
45.1 0.526581
45.2 0.312478
45.3 0.16588
45.4 0.558537
45.5 -1.73972
45.6 1.94713
45.7 2.09037
45.8 -2.06097
45.9 -0.0860702
46 -0.480114
46.1 -0.176021
46.2 -0.694257
46.3 0.327532
46.4 0.2075
46.5 1.53002
46.6 -1.64357
46.7 0.533412
46.8 -1.231
46.9 -0.265302
47 -0.0551078
47.1 0.554931
47.2 0.439899
47.3 -0.499414
47.4 3.04027
47.5 1.44749
47.6 -2.10378
47.7 -0.909875
47.8 -0.660294
47.9 -0.772674
48 -1.01607
48.1 -0.747496
48.2 -0.861679
48.3 3.55992
48.4 -0.143573
48.5 -0.162726
48.6 -1.16936
48.7 0.716507
48.8 -0.653721
48.9 0.940429
49 0.307687
49.1 1.78924
49.2 -0.245624
49.3 0.720724
49.4 0.279779
49.5 0.49187
49.6 0.382935
49.7 0.435559
49.8 1.20693
49.9 1.15175
