0 -2.05137
0.1 -2.82533
0.2 -1.87446
0.3 -0.459671
0.4 0.900301
0.5 0.101439
0.6 -0.0522751
0.7 1.23396
0.8 0.918051
0.9 1.20022
1 0.676115
1.1 -0.972021
1.2 -1.92873
1.3 -0.680402
1.4 -0.297959
1.5 0.661539
1.6 -0.678161
1.7 -0.106311
1.8 1.27388
1.9 1.05201
2 1.62248
2.1 -1.12914
2.2 0.282362
2.3 -1.99812
2.4 0.70562
2.5 3.58988
2.6 -0.933334
2.7 -3.08596
2.8 0.81011
2.9 0.317064
3 0.363515
3.1 -0.502503
3.2 -1.38524
3.3 0.377879
3.4 1.99442
3.5 0.166436
3.6 0.134823
3.7 0.012618
3.8 1.1116
3.9 0.641772
4 -0.0535572
4.1 1.66392
4.2 1.50166
4.3 -1.40138
4.4 -0.572459
4.5 -0.667415
4.6 0.291285
4.7 -1.90115
4.8 3.17039
4.9 -0.540216
5 -2.83906
5.1 -1.39453
5.2 -0.773962
5.3 -0.996788
5.4 -1.89518
5.5 0.674778
5.6 1.95475
5.7 -1.70061
5.8 3.4594
5.9 0.794576
6 0.374492
6.1 -0.287011
6.2 0.253307
6.3 0.4162
6.4 -1.57839
6.5 0.899575
6.6 -1.10935
6.7 0.711034
6.8 0.0809324
6.9 -2.29178
7 -1.26877
7.1 -1.31199
7.2 -0.531012
7.3 -1.21139
7.4 -1.0028
7.5 0.540891
7.6 1.93976
7.7 -0.456058
7.8 0.539564
7.9 0.154895
8 0.708524
8.1 0.405467
8.2 0.897365
8.3 -0.401964
8.4 -0.534091
8.5 1.3166
8.6 0.344559
8.7 1.21722
8.8 0.158941
8.9 0.291163
9 1.85781
9.1 1.30827
9.2 -2.5834
9.3 0.28266
9.4 0.335102
9.5 0.029656
9.6 -1.78681
9.7 -1.02814
9.8 0.882211
9.9 0.0593849
10 -0.559138
10.1 1.91197
10.2 -1.78943
10.3 -0.766149
10.4 -0.387788
10.5 -0.155475
10.6 0.243191
10.7 1.45944
10.8 -2.00167
10.9 -0.889728
11 0.303798
11.1 0.848232
11.2 1.46293
11.3 -0.63589
11.4 1.35887
11.5 -1.00119
11.6 -1.06801
11.7 0.144737
11.8 -0.0190664
11.9 -0.113685
12 -0.533567
12.1 -1.31956
12.2 0.824007
12.3 -0.70593
12.4 1.03615
12.5 -0.173758
12.6 0.958359
12.7 0.14533
12.8 -2.59568
12.9 -0.910585
13 -1.47867
13.1 -1.6018
13.2 1.48273
13.3 0.833308
13.4 0.512282
13.5 -0.517183
13.6 0.683484
13.7 2.41435
13.8 -0.115491
13.9 0.618763
14 1.15766
14.1 0.462958
14.2 -3.06423
14.3 -2.25656
14.4 0.250897
14.5 -1.24004
14.6 -0.958077
14.7 -0.0226678
14.8 -1.33542
14.9 -0.41657
15 -0.566207
15.1 2.27334
15.2 0.197588
15.3 1.16167
15.4 0.22809
15.5 0.256434
15.6 -1.15876
15.7 -1.06368
15.8 -2.02046
15.9 0.931947
16 -1.28671
16.1 -0.259846
16.2 0.755837
16.3 -2.29221
16.4 1.20303
16.5 0.87183
16.6 1.4694
16.7 -1.10319
16.8 -2.1623
16.9 1.16424
17 0.63345
17.1 -0.766268
17.2 -0.21203
17.3 -0.759665
17.4 -0.364336
17.5 0.994885
17.6 1.32487
17.7 0.151299
17.8 0.265513
17.9 0.544166
18 -0.15205
18.1 -0.929785
18.2 0.339683
18.3 0.689411
18.4 0.808238
18.5 0.549711
18.6 1.00648
18.7 -1.70295
18.8 1.25131
18.9 -1.55031
19 1.1218
19.1 -0.193565
19.2 0.0560437
19.3 -0.0375858
19.4 -0.268599
19.5 -0.213722
19.6 -1.03481
19.7 -1.4581
19.8 1.79466
19.9 -0.884754
20 0.672892
20.1 2.24023
20.2 0.121489
20.3 -1.33123
20.4 -0.98646
20.5 -1.08945
20.6 -1.61334
20.7 -0.659772
20.8 -0.557657
20.9 0.169807
21 0.563631
21.1 1.37717
21.2 2.21391
21.3 0.458478
21.4 -0.459825
21.5 0.154133
21.6 2.82687
21.7 3.7148
21.8 -0.33517
21.9 1.14792
22 3.49093
22.1 -1.29264
22.2 -0.486152
22.3 1.33494
22.4 -0.464955
22.5 -0.0607037
22.6 -0.680509
22.7 -0.249312
22.8 1.12372
22.9 -1.38364
23 -0.774641
23.1 -0.745175
23.2 -0.433546
23.3 -1.66748
23.4 0.168368
23.5 1.48382
23.6 -0.0859169
23.7 0.780686
23.8 1.6837
23.9 1.17704
24 -0.897926
24.1 1.14383
24.2 -0.0798204
24.3 -2.6648
24.4 -1.92913
24.5 -1.4164
24.6 -0.00270519
24.7 0.630345
24.8 -0.911508
24.9 -0.18606
25 1.33804
25.1 0.61543
25.2 0.130705
25.3 -0.326476
25.4 -2.22845
25.5 -2.0944
25.6 -0.363319
25.7 0.884674
25.8 1.03016
25.9 0.650412
26 -0.80562
26.1 0.892921
26.2 -1.15702
26.3 -1.30665
26.4 -0.460158
26.5 -0.722592
26.6 -0.256773
26.7 2.24003
26.8 0.535323
26.9 -1.63125
27 -0.609137
27.1 -2.58547
27.2 -2.26733
27.3 0.989666
27.4 1.50372
27.5 1.44038
27.6 0.230388
27.7 0.235925
27.8 -1.27359
27.9 -1.20406
28 -0.999005
28.1 2.54559
28.2 -0.72957
28.3 -0.471791
28.4 0.15609
28.5 0.177838
28.6 -1.12235
28.7 -0.295302
28.8 -1.51728
28.9 0.375193
29 2.07072
29.1 0.871903
29.2 0.41793
29.3 -0.511534
29.4 1.59467
29.5 -0.464183
29.6 -0.0862721
29.7 -0.396417
29.8 1.34183
29.9 -0.124704
30 -0.163319
30.1 0.373824
30.2 -0.194123
30.3 1.76685
30.4 2.29611
30.5 -0.75356
30.6 -0.616263
30.7 0.261389
30.8 -0.842728
30.9 0.221717
31 -1.01279
31.1 0.671071
31.2 2.76107
31.3 2.47674
31.4 1.36172
31.5 0.158215
31.6 -0.625673
31.7 1.40539
31.8 -0.21049
31.9 -0.202528
32 -0.385784
32.1 -1.60164
32.2 1.05132
32.3 -0.59255
32.4 1.29595
32.5 0.127114
32.6 0.844187
32.7 1.88372
32.8 -0.814976
32.9 -0.697186
33 0.965219
33.1 -1.35956
33.2 -1.38821
33.3 -1.04391
33.4 0.527533
33.5 0.393454
33.6 0.435259
33.7 0.701131
33.8 -0.867614
33.9 -0.420872
34 -0.699812
34.1 0.0686788
34.2 -0.429057
34.3 2.54693
34.4 0.307001
34.5 2.31372
34.6 -0.432293
34.7 2.38708
34.8 2.46304
34.9 0.418619
35 -0.0785176
35.1 -0.738353
35.2 -1.2899
35.3 0.725723
35.4 -1.10725
35.5 -1.58533
35.6 0.574949
35.7 -0.782106
35.8 -0.188032
35.9 -0.851293
36 -0.368212
36.1 -1.17959
36.2 -1.59448
36.3 -1.24886
36.4 -0.127809
36.5 -0.212844
36.6 -1.15751
36.7 0.838626
36.8 -0.719003
36.9 0.053905
37 1.71977
37.1 0.326953
37.2 0.0679795
37.3 0.150689
37.4 -0.971968
37.5 -0.708688
37.6 -1.76468
37.7 0.971038
37.8 0.322614
37.9 0.249813
38 2.29809
38.1 1.06343
38.2 2.24819
38.3 1.19416
38.4 -0.143282
38.5 -0.199451
38.6 -0.340996
38.7 1.72559
38.8 1.55681
38.9 0.0248998
39 -0.0175229
39.1 0.719756
39.2 -1.24997
39.3 1.06716
39.4 0.822247
39.5 0.279472
39.6 -0.0162802
39.7 0.347164
39.8 -0.692412
39.9 0.616655
40 1.00345
40.1 -0.647774
40.2 -0.00283635
40.3 0.942291
40.4 -0.3449
40.5 -0.412977
40.6 2.66135
40.7 -0.707888
40.8 0.248491
40.9 -0.170997
41 1.63665
41.1 -2.02978
41.2 -0.657201
41.3 0.857748
41.4 0.329613
41.5 -1.5104
41.6 1.28888
41.7 -0.157573
41.8 0.327528
41.9 -1.2004
42 0.889543
42.1 0.0971645
42.2 0.0202897
42.3 -0.181155
42.4 -0.735924
42.5 -0.615624
42.6 -1.23701
42.7 0.820066
42.8 -0.656106
42.9 -0.698579
43 -0.708511
43.1 1.14854
43.2 0.868257
43.3 0.205332
43.4 -1.15105
43.5 -1.09942
43.6 -0.141001
43.7 0.338208
43.8 -0.832248
43.9 0.564755
44 -0.749027
44.1 1.90057
44.2 0.567674
44.3 0.474288
44.4 1.07915
44.5 0.246251
44.6 -2.56141
44.7 1.33295
44.8 1.15618
44.9 -1.55052
45 -1.37667
45.1 -0.700136
45.2 -1.36978
45.3 -0.180587
45.4 0.867217
45.5 -1.7842
45.6 -1.10545
45.7 -1.13548
45.8 -0.721778
45.9 -0.775863
46 -0.304805
46.1 1.21395
46.2 0.534116
46.3 -0.651731
46.4 -1.2773
46.5 0.0759496
46.6 -0.195907
46.7 0.700734
46.8 0.230377
46.9 -0.770648
47 -1.8038
47.1 -1.03209
47.2 -1.27018
47.3 0.350442
47.4 -1.22066
47.5 0.890435
47.6 -0.667714
47.7 -1.31517
47.8 -1.36457
47.9 2.17376
48 2.40035
48.1 0.642231
48.2 2.77113
48.3 0.461949
48.4 0.597144
48.5 -0.107309
48.6 1.00067
48.7 0.45937
48.8 0.290657
48.9 -0.918776
49 -0.29955
49.1 -0.170515
49.2 -1.40657
49.3 -0.105598
49.4 0.248389
49.5 -0.415833
49.6 1.0734
49.7 0.822055
49.8 -0.0881165
49.9 0.5678
