0 0.821486
0.1 0.810062
0.2 -1.96422
0.3 1.97061
0.4 1.18223
0.5 -1.62021
0.6 -1.35386
0.7 1.32067
0.8 -0.672989
0.9 0.367988
1 -2.43193
1.1 0.797634
1.2 -0.705717
1.3 0.177504
1.4 -1.77122
1.5 -1.89612
1.6 1.29735
1.7 0.827437
1.8 0.222948
1.9 -0.545291
2 -0.79282
2.1 1.36813
2.2 -0.355775
2.3 0.110703
2.4 -0.953699
2.5 -0.90213
2.6 0.162164
2.7 -1.37751
2.8 -0.445193
2.9 0.280431
3 -1.01653
3.1 1.82964
3.2 0.601574
3.3 0.579449
3.4 -0.45779
3.5 -0.635679
3.6 -0.550135
3.7 0.882803
3.8 0.924646
3.9 0.11653
4 2.47129
4.1 1.2649
4.2 -1.21955
4.3 -0.352047
4.4 -0.946395
4.5 0.953361
4.6 0.880111
4.7 -0.0796148
4.8 -0.0786223
4.9 0.532775
5 -1.66887
5.1 -0.617774
5.2 0.701297
5.3 1.87003
5.4 0.47282
5.5 0.1641
5.6 1.85614
5.7 -1.78934
5.8 1.86913
5.9 -0.95245
6 -0.42496
6.1 0.0273457
6.2 -0.537353
6.3 1.51905
6.4 0.0763342
6.5 -0.866632
6.6 -0.948301
6.7 -1.06299
6.8 0.0950079
6.9 -2.03542
7 -0.653026
7.1 0.904963
7.2 0.733412
7.3 -0.221766
7.4 1.37751
7.5 -0.838919
7.6 -1.20537
7.7 -1.13287
7.8 0.690625
7.9 -0.100678
8 -2.292
8.1 -0.443395
8.2 -1.0565
8.3 -0.924189
8.4 -0.997733
8.5 0.91283
8.6 -1.17452
8.7 -1.98868
8.8 1.43065
8.9 0.10375
9 0.654301
9.1 -0.478658
9.2 0.34265
9.3 0.819363
9.4 -1.33985
9.5 -1.82079
9.6 0.614199
9.7 0.542197
9.8 0.633071
9.9 -0.328799
10 0.867298
10.1 1.00812
10.2 -2.2277
10.3 -1.82858
10.4 2.30173
10.5 -1.18538
10.6 0.591425
10.7 0.47451
10.8 -0.491203
10.9 -1.7177
11 0.496491
11.1 1.32549
11.2 -0.700277
11.3 0.630002
11.4 -1.58139
11.5 1.19435
11.6 -0.370397
11.7 -0.375598
11.8 -1.5103
11.9 -0.101109
12 -0.349684
12.1 1.77602
12.2 -0.109907
12.3 -1.05452
12.4 0.563168
12.5 -0.486471
12.6 1.44136
12.7 -1.46951
12.8 -0.038749
12.9 -0.140928
13 0.192254
13.1 1.57591
13.2 2.04984
13.3 -0.973756
13.4 -0.844215
13.5 -0.169296
13.6 -0.331627
13.7 -1.07622
13.8 -0.592286
13.9 -1.03066
14 -1.3757
14.1 1.22029
14.2 1.76794
14.3 -0.860352
14.4 0.233389
14.5 -0.358243
14.6 0.361454
14.7 0.66262
14.8 1.07904
14.9 -1.28797
15 0.482677
15.1 -0.726525
15.2 -0.645595
15.3 -0.503223
15.4 -0.263283
15.5 -0.389557
15.6 0.576629
15.7 0.719178
15.8 -2.04598
15.9 1.6991
16 -0.0899363
16.1 -0.249032
16.2 1.03937
16.3 -0.111032
16.4 0.695787
16.5 0.318666
16.6 -0.380942
16.7 -0.913397
16.8 -0.242014
16.9 -1.39841
17 0.317359
17.1 0.804834
17.2 2.21916
17.3 0.202664
17.4 0.290654
17.5 -2.59133
17.6 1.06583
17.7 1.95753
17.8 -0.833482
17.9 -0.941095
18 -1.42362
18.1 -0.532675
18.2 -0.157297
18.3 0.451029
18.4 -1.26003
18.5 -0.238667
18.6 -0.464742
18.7 -1.71325
18.8 -0.144709
18.9 -0.150939
19 -0.513512
19.1 -0.0179347
19.2 1.46854
19.3 -0.208407
19.4 0.0758889
19.5 -1.19059
19.6 1.85251
19.7 2.37961
19.8 0.0452418
19.9 0.229512
20 -0.514705
20.1 -0.456363
20.2 0.214652
20.3 -0.378771
20.4 0.278624
20.5 0.718666
20.6 -1.15229
20.7 0.977224
20.8 -1.85715
20.9 -1.02847
21 -0.741605
21.1 0.113877
21.2 -1.49334
21.3 -0.687271
21.4 0.899422
21.5 -0.718152
21.6 1.25824
21.7 -1.66509
21.8 1.18184
21.9 -0.390065
22 -0.0900957
22.1 1.31818
22.2 0.649079
22.3 -2.12871
22.4 2.06987
22.5 0.211979
22.6 0.871241
22.7 -0.387346
22.8 0.32298
22.9 0.824191
23 0.874997
23.1 -0.987063
23.2 0.687169
23.3 -0.305245
23.4 1.38458
23.5 -0.527546
23.6 -0.743469
23.7 -1.15867
23.8 0.573455
23.9 0.0224585
24 1.59291
24.1 -0.4825
24.2 -1.67637
24.3 -0.158099
24.4 -1.75537
24.5 -0.892845
24.6 1.31821
24.7 0.694868
24.8 1.64953
24.9 2.35274
25 0.775247
25.1 0.951062
25.2 0.759362
25.3 -1.71174
25.4 0.0297856
25.5 0.965278
25.6 0.715065
25.7 -1.02431
25.8 1.77245
25.9 -0.173813
26 -0.968776
26.1 -1.06044
26.2 -0.741289
26.3 -0.193519
26.4 1.22381
26.5 -1.06425
26.6 0.0846235
26.7 1.22835
26.8 2.86041
26.9 -0.169362
27 0.455429
27.1 -2.14007
27.2 0.395321
27.3 -0.156397
27.4 1.26671
27.5 -1.14753
27.6 3.19268
27.7 0.223332
27.8 0.773518
27.9 1.37415
28 -1.37351
28.1 -2.01126
28.2 -0.349205
28.3 -1.57221
28.4 0.242157
28.5 0.0278005
28.6 1.41861
28.7 -1.88422
28.8 -2.37223
28.9 -1.1388
29 -0.922213
29.1 1.32287
29.2 1.52316
29.3 -0.372651
29.4 1.15585
29.5 0.149487
29.6 -0.172233
29.7 0.156383
29.8 -0.688223
29.9 -2.81974
30 -0.665176
30.1 -0.639205
30.2 -0.313887
30.3 -1.04793
30.4 0.924049
30.5 -0.931428
30.6 1.47159
30.7 -0.242919
30.8 -0.0789992
30.9 -0.0155553
31 -1.50777
31.1 0.0021941
31.2 1.23444
31.3 1.31228
31.4 0.65837
31.5 3.06673
31.6 1.52189
31.7 1.70739
31.8 0.0288822
31.9 0.461694
32 -0.969408
32.1 1.78323
32.2 0.0699901
32.3 0.286082
32.4 -1.55982
32.5 -0.838566
32.6 2.68823
32.7 1.06059
32.8 -0.990424
32.9 -0.91855
33 2.06941
33.1 0.446457
33.2 -0.146975
33.3 0.88464
33.4 -0.397693
33.5 1.63223
33.6 0.409486
33.7 1.35787
33.8 -2.06314
33.9 0.0633059
34 -0.249034
34.1 -1.29875
34.2 -0.468062
34.3 0.924831
34.4 -0.734956
34.5 -2.03028
34.6 -1.15064
34.7 -0.376621
34.8 -1.75831
34.9 -0.537949
35 -0.783415
35.1 1.40479
35.2 -0.0306118
35.3 -0.515407
35.4 1.70665
35.5 0.709238
35.6 -1.16495
35.7 -0.777704
35.8 1.628
35.9 -2.17177
36 -2.60722
36.1 1.95918
36.2 -0.0807961
36.3 -0.780613
36.4 0.971329
36.5 0.457228
36.6 -0.00102194
36.7 -0.0539273
36.8 -1.66459
36.9 0.651309
37 -0.304599
37.1 0.902664
37.2 1.26269
37.3 -0.28989
37.4 -0.210956
37.5 -2.60774
37.6 -0.112528
37.7 2.80518
37.8 0.649386
37.9 -0.845251
38 -0.533565
38.1 0.65621
38.2 -0.54677
38.3 1.3144
38.4 0.287727
38.5 -1.39261
38.6 -1.5389
38.7 -0.407992
38.8 -1.21705
38.9 0.978146
39 0.755944
39.1 -2.40177
39.2 1.19468
39.3 -0.577159
39.4 2.48363
39.5 2.67315
39.6 -1.50343
39.7 -0.411442
39.8 -0.875455
39.9 0.428086
40 -0.996639
40.1 1.4372
40.2 -1.60358
40.3 0.0322722
40.4 1.52866
40.5 0.538547
40.6 0.481602
40.7 -2.03874
40.8 0.366309
40.9 -1.57949
41 -0.243739
41.1 -0.438981
41.2 -2.17939
41.3 -0.433505
41.4 -1.63191
41.5 -1.37125
41.6 0.367667
41.7 -0.0710404
41.8 -2.78551
41.9 0.350308
42 1.10639
42.1 1.81649
42.2 2.53793
42.3 -0.759852
42.4 -0.255206
42.5 0.635096
42.6 -1.67103
42.7 1.0861
42.8 1.74998
42.9 0.221372
43 -0.0247519
43.1 0.931674
43.2 0.213942
43.3 0.303029
43.4 -2.10074
43.5 0.23699
43.6 -1.07697
43.7 0.897997
43.8 0.166998
43.9 1.91565
44 1.08837
44.1 1.87239
44.2 2.21589
44.3 0.232205
44.4 0.288676
44.5 -0.172359
44.6 1.46049
44.7 1.80293
44.8 0.752611
44.9 -0.961623
45 1.03785
45.1 2.85464
45.2 0.626864
45.3 1.13886
45.4 0.279034
45.5 -0.275208
45.6 -0.706388
45.7 0.264091
45.8 -1.75588
45.9 -0.265836
46 -1.83015
46.1 -0.150064
46.2 1.10347
46.3 -0.351246
46.4 -0.562517
46.5 0.194665
46.6 -1.99657
46.7 1.49236
46.8 1.16868
46.9 1.00964
47 -1.51407
47.1 -1.68093
47.2 0.0303869
47.3 0.375952
47.4 1.24571
47.5 0.769853
47.6 0.693674
47.7 -1.09912
47.8 -1.51927
47.9 0.353155
48 -0.781066
48.1 -0.247689
48.2 -1.05892
48.3 0.997529
48.4 -0.164487
48.5 2.35355
48.6 0.115269
48.7 0.912639
48.8 0.716428
48.9 0.818849
49 2.359
49.1 -1.04318
49.2 -0.205482
49.3 -0.23879
49.4 -1.23262
49.5 1.26373
49.6 -1.10068
49.7 -0.25647
49.8 0.254303
49.9 0.401594
