0 0.300798
0.1 0.295916
0.2 0.991486
0.3 0.520554
0.4 -0.664641
0.5 -0.267995
0.6 0.320106
0.7 0.032314
0.8 -2.03489
0.9 -0.919002
1 -1.38054
1.1 -0.0443696
1.2 0.458628
1.3 -0.472823
1.4 0.628512
1.5 0.631976
1.6 1.12356
1.7 -0.0810388
1.8 -0.360928
1.9 -0.907767
2 -0.726825
2.1 1.73801
2.2 0.993141
2.3 -0.0527163
2.4 1.80241
2.5 0.782332
2.6 0.287067
2.7 2.22358
2.8 1.07732
2.9 -1.26453
3 -3.16575
3.1 1.62603
3.2 -1.19276
3.3 1.31975
3.4 -0.41049
3.5 0.913621
3.6 -1.87974
3.7 -0.642144
3.8 0.648661
3.9 1.22914
4 -0.484943
4.1 0.163117
4.2 -0.527185
4.3 -3.34798
4.4 3.23559
4.5 2.34624
4.6 -0.5262
4.7 0.873645
4.8 -0.992989
4.9 -3.05523
5 -0.249027
5.1 0.342474
5.2 -0.514746
5.3 -1.44487
5.4 -0.612522
5.5 1.56184
5.6 0.846929
5.7 -1.18625
5.8 0.492937
5.9 -0.336987
6 0.350957
6.1 1.46208
6.2 -0.615697
6.3 -0.37366
6.4 0.71668
6.5 -0.381039
6.6 1.54555
6.7 0.531421
6.8 -0.794813
6.9 0.519554
7 -0.505075
7.1 1.49016
7.2 -2.19634
7.3 1.09995
7.4 -2.25927
7.5 1.45281
7.6 -2.05975
7.7 -0.79606
7.8 -0.686269
7.9 1.58309
8 0.977966
8.1 -1.00312
8.2 1.97024
8.3 -1.74705
8.4 -0.435409
8.5 0.740361
8.6 -0.320066
8.7 1.54642
8.8 1.23243
8.9 3.35681
9 2.91308
9.1 -0.783524
9.2 -0.117383
9.3 -0.197441
9.4 -0.180327
9.5 0.605836
9.6 1.43368
9.7 -0.64181
9.8 0.780724
9.9 2.35412
10 0.196278
10.1 -1.02916
10.2 -0.935967
10.3 -0.0476174
10.4 -2.46492
10.5 1.44285
10.6 2.24047
10.7 0.790604
10.8 1.30494
10.9 0.78272
11 -0.921228
11.1 1.03545
11.2 -1.06898
11.3 -1.97882
11.4 0.906435
11.5 1.09341
11.6 0.467423
11.7 -0.385201
11.8 1.38027
11.9 -1.10093
12 -1.04787
12.1 0.813718
12.2 -0.0930756
12.3 -0.608334
12.4 -0.321003
12.5 -0.0991795
12.6 -2.26959
12.7 -0.0439558
12.8 1.07082
12.9 -0.296158
13 -0.031544
13.1 0.452554
13.2 0.14701
13.3 -0.564899
13.4 -0.57558
13.5 -0.926989
13.6 -0.420735
13.7 0.394998
13.8 -1.41194
13.9 0.782127
14 1.29614
14.1 0.349154
14.2 -1.45124
14.3 0.0763165
14.4 -0.653549
14.5 0.766095
14.6 -1.11325
14.7 -0.622734
14.8 0.299254
14.9 1.1451
15 -0.950939
15.1 0.758017
15.2 -0.921506
15.3 0.980325
15.4 0.128591
15.5 -0.158156
15.6 -0.178316
15.7 0.78653
15.8 0.775206
15.9 1.12917
16 0.460525
16.1 1.36798
16.2 1.0899
16.3 1.04373
16.4 1.87555
16.5 0.52416
16.6 0.596803
16.7 -1.24872
16.8 -0.556386
16.9 0.0317368
17 -2.21406
17.1 0.646745
17.2 0.51379
17.3 0.122115
17.4 2.076
17.5 -1.00536
17.6 0.637991
17.7 -2.3129
17.8 1.31172
17.9 1.22806
18 -0.422636
18.1 -0.464478
18.2 0.862311
18.3 0.0635519
18.4 -0.484322
18.5 -0.0881472
18.6 0.62124
18.7 2.01036
18.8 0.500082
18.9 -2.43796
19 -1.30856
19.1 1.5081
19.2 0.806928
19.3 -1.37352
19.4 1.16179
19.5 4.42645
19.6 -0.521903
19.7 -1.44083
19.8 -1.46948
19.9 -0.723933
20 -1.57696
20.1 -1.50009
20.2 0.342233
20.3 -1.45411
20.4 0.178
20.5 -0.465942
20.6 -0.479303
20.7 -0.643837
20.8 -2.13593
20.9 1.47443
21 1.08657
21.1 1.98647
21.2 0.544899
21.3 0.758929
21.4 -0.242686
21.5 -1.16137
21.6 -0.363991
21.7 -0.487165
21.8 -1.90403
21.9 1.0095
22 0.575889
22.1 1.41436
22.2 -1.03076
22.3 0.926413
22.4 0.872724
22.5 -1.07856
22.6 0.128521
22.7 -0.754125
22.8 -1.03294
22.9 0.716864
23 0.756368
23.1 0.606135
23.2 -0.581947
23.3 -0.195501
23.4 -0.712185
23.5 1.07758
23.6 -0.998645
23.7 -0.365557
23.8 1.02891
23.9 -0.390099
24 0.990598
24.1 1.20797
24.2 -0.558788
24.3 -0.444905
24.4 -1.00028
24.5 -0.331522
24.6 2.0982
24.7 0.214317
24.8 2.72503
24.9 0.237905
25 0.475457
25.1 -0.895634
25.2 0.641307
25.3 -1.9928
25.4 -1.38407
25.5 0.593142
25.6 -2.11407
25.7 -0.306378
25.8 1.49341
25.9 1.18614
26 -1.17472
26.1 -0.318306
26.2 -0.682428
26.3 1.08022
26.4 0.463284
26.5 1.5318
26.6 1.06433
26.7 2.1629
26.8 0.441624
26.9 -1.53305
27 -0.620106
27.1 0.230864
27.2 -0.303773
27.3 -0.26527
27.4 -0.329413
27.5 1.75169
27.6 0.14564
27.7 0.584094
27.8 -2.31179
27.9 -1.81961
28 -2.16472
28.1 -0.899487
28.2 -0.648372
28.3 0.511672
28.4 1.26629
28.5 -1.13482
28.6 -0.520061
28.7 -0.172736
28.8 2.30764
28.9 0.921847
29 -1.60746
29.1 0.23394
29.2 0.00516531
29.3 -1.06549
29.4 0.461828
29.5 0.0431397
29.6 0.797769
29.7 2.06117
29.8 -0.0166254
29.9 -0.128009
30 1.525
30.1 -0.0646189
30.2 0.854763
30.3 -0.760218
30.4 0.298135
30.5 -1.85006
30.6 0.887152
30.7 -0.38408
30.8 0.028417
30.9 1.40713
31 0.996499
31.1 1.09674
31.2 -0.644093
31.3 0.794966
31.4 -0.95098
31.5 0.844242
31.6 -0.379685
31.7 -2.96095
31.8 1.89766
31.9 0.953443
32 -1.18385
32.1 0.625144
32.2 2.12129
32.3 -1.13701
32.4 -0.0766337
32.5 -0.0617835
32.6 -1.58891
32.7 -0.148272
32.8 -0.154776
32.9 0.161133
33 0.122572
33.1 0.0451139
33.2 0.669361
33.3 0.858027
33.4 -0.213683
33.5 2.35074
33.6 -0.993384
33.7 -2.46899
33.8 -0.0403401
33.9 -0.241517
34 -1.80389
34.1 -0.373562
34.2 -1.07701
34.3 -1.39958
34.4 -0.465487
34.5 -0.446939
34.6 -0.380981
34.7 1.899
34.8 1.22879
34.9 1.80437
35 0.245802
35.1 -0.0604487
35.2 0.746196
35.3 -0.930204
35.4 0.0370045
35.5 0.372084
35.6 0.490756
35.7 1.65704
35.8 0.36219
35.9 -1.64369
36 1.42122
36.1 2.59151
36.2 2.91316
36.3 0.796318
36.4 -0.0223624
36.5 1.15468
36.6 -3.01494
36.7 -0.706298
36.8 1.02451
36.9 -0.914248
37 3.04394
37.1 -0.187576
37.2 0.592677
37.3 -1.89551
37.4 0.205893
37.5 -2.5993
37.6 -0.431273
37.7 0.355853
37.8 -0.780165
37.9 0.181343
38 -0.260974
38.1 -0.479494
38.2 1.49898
38.3 -1.45007
38.4 0.124147
38.5 -0.702644
38.6 -0.527989
38.7 -2.35459
38.8 -0.406844
38.9 -2.11013
39 -2.11953
39.1 -1.34191
39.2 -3.114
39.3 -1.0864
39.4 1.57688
39.5 0.982345
39.6 -2.01642
39.7 -0.482781
39.8 1.28828
39.9 -0.331551
40 0.00927632
40.1 -1.36945
40.2 1.21139
40.3 1.27407
40.4 -0.497247
40.5 -3.72194
40.6 0.467534
40.7 1.65441
40.8 0.360905
40.9 0.54836
41 -0.117699
41.1 2.15186
41.2 -1.85149
41.3 -0.113084
41.4 0.107632
41.5 -2.39177
41.6 -5.15433
41.7 1.48786
41.8 -1.93004
41.9 0.20409
42 -0.793168
42.1 0.151364
42.2 0.300189
42.3 -0.16335
42.4 -0.633067
42.5 0.853216
42.6 0.409091
42.7 -1.11848
42.8 1.02574
42.9 -0.248744
43 -0.460294
43.1 0.588713
43.2 0.0487159
43.3 1.19591
43.4 -0.523297
43.5 -0.905509
43.6 -1.37487
43.7 -0.211339
43.8 0.0473109
43.9 -0.880754
44 -0.480076
44.1 -1.26851
44.2 -0.952068
44.3 -0.00474894
44.4 -0.544629
44.5 -1.98098
44.6 0.18058
44.7 0.910635
44.8 -0.503193
44.9 1.33216
45 -0.822651
45.1 -0.685033
45.2 0.90773
45.3 -1.14834
45.4 -1.0042
45.5 0.051202
45.6 -1.16618
45.7 -0.394813
45.8 0.330041
45.9 2.92221
46 2.1376
46.1 1.56262
46.2 0.718183
46.3 -1.05003
46.4 -0.0539858
46.5 -0.493321
46.6 0.339562
46.7 2.59889
46.8 1.21058
46.9 -0.976948
47 -0.232365
47.1 0.567028
47.2 -1.04086
47.3 -0.844744
47.4 -0.230834
47.5 -0.708893
47.6 -0.170228
47.7 -0.388306
47.8 -0.650888
47.9 -0.15981
48 -0.745467
48.1 1.41768
48.2 -1.33412
48.3 0.162949
48.4 2.43277
48.5 -0.0850258
48.6 0.418651
48.7 1.2196
48.8 -2.55966
48.9 1.43399
49 0.322365
49.1 -1.14061
49.2 -2.55689
49.3 -1.89878
49.4 0.631087
49.5 2.26162
49.6 -0.300949
49.7 1.05925
49.8 -0.714377
49.9 1.35856
