0 0.818108
0.1 2.31298
0.2 -0.143865
0.3 -0.729387
0.4 -0.779667
0.5 -0.342016
0.6 -0.382486
0.7 0.0873293
0.8 0.159012
0.9 -1.76658
1 -1.2938
1.1 0.597091
1.2 0.387667
1.3 -0.633606
1.4 -0.794894
1.5 -1.28916
1.6 0.0943317
1.7 1.58491
1.8 -0.847124
1.9 1.68047
2 1.27419
2.1 -0.919472
2.2 0.896028
2.3 -1.50043
2.4 0.64816
2.5 -3.0009
2.6 -0.622754
2.7 -0.511599
2.8 0.57872
2.9 -0.725641
3 0.374578
3.1 -2.80775
3.2 1.71474
3.3 -0.695975
3.4 -0.090093
3.5 -0.825776
3.6 -0.419343
3.7 0.115165
3.8 0.906699
3.9 2.16637
4 -1.55402
4.1 -2.26848
4.2 -0.937641
4.3 -0.570405
4.4 -2.42014
4.5 1.15866
4.6 0.721732
4.7 2.59966
4.8 1.84077
4.9 -0.771409
5 -0.220903
5.1 -1.62013
5.2 0.0154557
5.3 -1.79028
5.4 -1.11093
5.5 0.0421426
5.6 -1.60365
5.7 -0.00405883
5.8 0.435399
5.9 -2.52967
6 0.965327
6.1 -0.0020516
6.2 0.727023
6.3 -1.10533
6.4 -0.763618
6.5 0.309631
6.6 4.2695
6.7 1.67585
6.8 -2.06104
6.9 -0.801727
7 -0.898255
7.1 -0.358025
7.2 0.41901
7.3 0.194468
7.4 -0.0326082
7.5 -0.611479
7.6 0.170376
7.7 -0.237958
7.8 1.06576
7.9 1.30708
8 2.33161
8.1 0.260759
8.2 -1.23931
8.3 -0.0255247
8.4 0.797973
8.5 0.952598
8.6 2.26753
8.7 0.962069
8.8 2.27437
8.9 -0.757252
9 1.90302
9.1 1.35725
9.2 1.99498
9.3 -0.480244
9.4 -0.547516
9.5 0.31301
9.6 1.53023
9.7 1.86821
9.8 -1.10532
9.9 -1.2261
10 -0.942371
10.1 -1.679
10.2 -0.260595
10.3 -0.120834
10.4 0.640259
10.5 1.69021
10.6 1.73671
10.7 1.45918
10.8 1.42713
10.9 1.8892
11 2.10035
11.1 3.06589
11.2 1.81074
11.3 -1.16991
11.4 0.408398
11.5 1.23885
11.6 1.27476
11.7 -0.306905
11.8 -0.972874
11.9 0.379119
12 -0.655383
12.1 -0.947572
12.2 0.680424
12.3 1.45776
12.4 -1.26576
12.5 -0.739312
12.6 -0.171454
12.7 0.455113
12.8 -1.13211
12.9 -0.333364
13 0.0366601
13.1 1.21854
13.2 -0.232345
13.3 0.332403
13.4 -0.288289
13.5 -2.82904
13.6 -1.00417
13.7 0.953592
13.8 2.4262
13.9 0.892398
14 1.01478
14.1 2.41597
14.2 1.58421
14.3 -0.614837
14.4 0.550105
14.5 -0.578731
14.6 1.75069
14.7 0.581807
14.8 0.259497
14.9 -0.249868
15 -1.10702
15.1 -0.754325
15.2 1.23021
15.3 -2.49111
15.4 0.0475467
15.5 4.38747
15.6 2.52363
15.7 -0.635984
15.8 0.350573
15.9 -0.477144
16 -1.12944
16.1 1.3423
16.2 -1.74845
16.3 1.24986
16.4 0.0521726
16.5 -2.55734
16.6 -1.67609
16.7 -0.596307
16.8 -0.562052
16.9 0.0859522
17 0.223783
17.1 -0.0512845
17.2 -0.564695
17.3 -0.458576
17.4 -1.72433
17.5 -1.52853
17.6 -0.644777
17.7 0.236591
17.8 1.68495
17.9 1.7887
18 1.73472
18.1 1.84656
18.2 1.41651
18.3 0.660022
18.4 -1.46981
18.5 0.249081
18.6 -1.83251
18.7 -1.15732
18.8 -1.6996
18.9 -0.372236
19 -1.87499
19.1 -1.86377
19.2 -2.0279
19.3 -0.264286
19.4 -0.279541
19.5 1.92199
19.6 -0.765612
19.7 1.07721
19.8 -1.39376
19.9 1.48889
20 -0.687374
20.1 0.0127238
20.2 1.69307
20.3 -1.27995
20.4 -0.244902
20.5 0.152595
20.6 1.3824
20.7 -1.65581
20.8 0.789753
20.9 1.61264
21 1.27923
21.1 -2.61498
21.2 -1.35814
21.3 -4.12954
21.4 -4.87475
21.5 -3.03692
21.6 0.673543
21.7 0.209513
21.8 -3.24449
21.9 0.577556
22 0.44777
22.1 0.65024
22.2 0.198149
22.3 0.523615
22.4 2.12035
22.5 3.01887
22.6 3.40948
22.7 0.688864
22.8 -1.33838
22.9 -0.904491
23 0.0948514
23.1 0.405648
23.2 0.424393
23.3 0.250118
23.4 0.19895
23.5 -2.19198
23.6 -1.00445
23.7 0.744022
23.8 -1.7414
23.9 -3.63597
24 -0.323032
24.1 -0.422964
24.2 0.45989
24.3 -1.85858
24.4 0.1209
24.5 0.307375
24.6 0.326977
24.7 -0.878165
24.8 0.175155
24.9 0.702586
25 0.745093
25.1 -0.813962
25.2 -1.1275
25.3 0.337272
25.4 -0.397527
25.5 -2.24453
25.6 -0.117493
25.7 -0.648316
25.8 2.16411
25.9 0.210717
26 -1.17074
26.1 -0.942277
26.2 0.769215
26.3 0.245409
26.4 0.0755827
26.5 1.74576
26.6 1.21861
26.7 0.666484
26.8 0.319948
26.9 1.07947
27 -1.45065
27.1 0.115248
27.2 0.000668183
27.3 0.186801
27.4 -1.0398
27.5 0.0311508
27.6 -0.37069
27.7 -1.86823
27.8 0.738078
27.9 -1.7164
28 -0.812639
28.1 -0.987094
28.2 -2.60532
28.3 -0.331659
28.4 -0.581868
28.5 -0.925596
28.6 0.907641
28.7 1.81379
28.8 0.0474733
28.9 -0.593634
29 -0.788731
29.1 -0.512726
29.2 -1.74644
29.3 -1.62814
29.4 1.09519
29.5 -1.10133
29.6 0.08721
29.7 -1.15229
29.8 1.17596
29.9 1.32958
30 1.94565
30.1 -0.692434
30.2 0.780597
30.3 0.269975
30.4 -0.128833
30.5 -2.50167
30.6 -0.332706
30.7 0.653044
30.8 -1.59374
30.9 -1.56605
31 -0.142826
31.1 -0.215458
31.2 -0.560082
31.3 0.328964
31.4 0.291778
31.5 1.75039
31.6 -0.197836
31.7 2.24813
31.8 -0.778173
31.9 -1.06338
32 0.274336
32.1 0.523979
32.2 -1.77035
32.3 -0.797831
32.4 -0.177781
32.5 0.444469
32.6 0.375991
32.7 -3.66257
32.8 1.69776
32.9 -1.06325
33 -0.227048
33.1 0.769774
33.2 2.36148
33.3 2.40223
33.4 0.564227
33.5 -2.4501
33.6 -0.938385
33.7 1.0622
33.8 -1.02559
33.9 1.1579
34 2.34578
34.1 1.48357
34.2 1.01297
34.3 0.279019
34.4 0.102097
34.5 0.335479
34.6 -1.81153
34.7 0.591171
34.8 1.99662
34.9 -0.106381
35 -0.922839
35.1 0.394429
35.2 0.140674
35.3 0.13227
35.4 -1.34146
35.5 0.915214
35.6 -0.995318
35.7 -0.814042
35.8 -0.860737
35.9 0.665265
36 -1.44385
36.1 1.41967
36.2 -0.81756
36.3 2.83318
36.4 0.0392089
36.5 0.909608
36.6 -0.400442
36.7 0.684695
36.8 1.21484
36.9 0.0952177
37 0.110916
37.1 -2.03094
37.2 -1.09215
37.3 -0.475849
37.4 1.00028
37.5 -1.70182
37.6 0.957838
37.7 -0.605135
37.8 0.834765
37.9 -0.855203
38 1.304
38.1 1.53206
38.2 -0.621904
38.3 0.276609
38.4 0.542518
38.5 -1.69673
38.6 0.958431
38.7 2.12867
38.8 -1.39387
38.9 -0.857698
39 -1.68471
39.1 -1.85515
39.2 1.65516
39.3 1.36808
39.4 -0.530836
39.5 0.478194
39.6 -0.860165
39.7 0.330642
39.8 1.90543
39.9 0.564328
40 -0.125587
40.1 -0.354585
40.2 -2.39567
40.3 0.798812
40.4 0.30142
40.5 -0.476708
40.6 -0.776152
40.7 -2.04907
40.8 1.52099
40.9 1.45594
41 1.46314
41.1 0.639305
41.2 0.116994
41.3 -1.3524
41.4 0.956492
41.5 -0.661421
41.6 -1.87879
41.7 -0.221077
41.8 2.48649
41.9 2.16479
42 0.40032
42.1 0.812288
42.2 -1.13994
42.3 1.41923
42.4 -0.172757
42.5 0.872924
42.6 -1.28028
42.7 -0.967129
42.8 -3.21049
42.9 -0.848268
43 -0.806257
43.1 -0.66305
43.2 -1.36721
43.3 1.2934
43.4 -0.158858
43.5 0.670008
43.6 0.925336
43.7 0.317273
43.8 -0.856166
43.9 0.393365
44 0.0515739
44.1 -0.581698
44.2 0.161393
44.3 0.712989
44.4 0.939737
44.5 -0.0850647
44.6 1.48037
44.7 -0.57418
44.8 -2.82727
44.9 -0.413162
45 -1.86101
45.1 -0.208807
45.2 0.300202
45.3 -2.28422
45.4 1.00345
45.5 1.54861
45.6 -1.73675
45.7 -0.377426
45.8 -0.123396
45.9 2.87486
46 2.18655
46.1 1.87839
46.2 0.838169
46.3 1.69482
46.4 4.25154
46.5 3.86428
46.6 -0.583102
46.7 1.6507
46.8 1.03115
46.9 1.04554
47 -0.825979
47.1 -3.29352
47.2 0.271928
47.3 -0.359974
47.4 -1.57516
47.5 -0.848148
47.6 -2.4089
47.7 0.360296
47.8 -0.74692
47.9 0.345082
48 0.473656
48.1 0.816827
48.2 -0.597908
48.3 0.135249
48.4 2.0586
48.5 -1.15449
48.6 -0.178482
48.7 -0.0577161
48.8 -0.0450715
48.9 -0.324664
49 -0.481123
49.1 0.0321632
49.2 -0.336561
49.3 0.498674
49.4 -2.07083
49.5 -0.818622
49.6 0.765267
49.7 1.29226
49.8 0.868463
49.9 0.188799
