0 -1.15171
0.1 0.208805
0.2 -0.42015
0.3 -0.450361
0.4 0.167129
0.5 -0.726036
0.6 -0.947134
0.7 -0.512266
0.8 3.2063
0.9 0.25838
1 1.04861
1.1 0.374039
1.2 -0.641886
1.3 -1.34754
1.4 0.226833
1.5 -1.10313
1.6 1.68912
1.7 -0.669151
1.8 -0.176102
1.9 1.49458
2 -0.220777
2.1 0.0591376
2.2 -0.86455
2.3 -2.26708
2.4 -0.558725
2.5 0.434708
2.6 0.509626
2.7 -1.29851
2.8 -3.40059
2.9 -0.050431
3 0.262946
3.1 -2.21042
3.2 -0.801375
3.3 1.58093
3.4 0.939338
3.5 0.799242
3.6 2.333
3.7 -0.222311
3.8 1.20012
3.9 -1.03858
4 0.227571
4.1 -2.41515
4.2 0.994028
4.3 -0.628287
4.4 2.49906
4.5 -0.486937
4.6 -2.22757
4.7 0.0199711
4.8 0.952968
4.9 -0.428264
5 0.120812
5.1 -0.396508
5.2 0.876242
5.3 0.458892
5.4 0.860629
5.5 0.291499
5.6 0.136305
5.7 -1.02724
5.8 -0.406268
5.9 0.926227
6 -0.365281
6.1 -1.1354
6.2 -1.2208
6.3 -1.06371
6.4 -1.01805
6.5 1.33282
6.6 0.768523
6.7 2.3238
6.8 1.60875
6.9 -1.94396
7 1.26994
7.1 1.95574
7.2 0.395971
7.3 2.39553
7.4 0.334501
7.5 1.26159
7.6 -1.95919
7.7 2.4299
7.8 0.26134
7.9 0.11243
8 -1.30145
8.1 0.634682
8.2 -0.331739
8.3 -0.618153
8.4 -1.35169
8.5 1.08232
8.6 -0.121334
8.7 -1.02224
8.8 0.874871
8.9 -0.507021
9 1.96965
9.1 0.90348
9.2 1.34736
9.3 0.0252606
9.4 -1.06395
9.5 0.0333525
9.6 -0.479351
9.7 1.60137
9.8 -1.01208
9.9 1.17583
10 0.746042
10.1 -1.48183
10.2 -0.525541
10.3 -1.86388
10.4 -1.70438
10.5 0.48699
10.6 0.925259
10.7 0.512498
10.8 0.624186
10.9 -0.694439
11 0.766873
11.1 -0.97542
11.2 0.113885
11.3 0.519017
11.4 0.496301
11.5 0.401632
11.6 2.61678
11.7 0.505731
11.8 -1.24799
11.9 -1.64438
12 -0.884087
12.1 -0.859244
12.2 2.07249
12.3 -0.0120721
12.4 0.591541
12.5 1.97747
12.6 0.308532
12.7 -0.0125364
12.8 2.31379
12.9 0.0226536
13 2.64641
13.1 -0.188707
13.2 1.8445
13.3 0.325865
13.4 0.0723871
13.5 0.157287
13.6 -1.36619
13.7 -0.267918
13.8 0.666005
13.9 0.324384
14 0.268667
14.1 1.52022
14.2 -0.855248
14.3 0.42744
14.4 0.612853
14.5 0.685506
14.6 -0.925018
14.7 0.903916
14.8 0.887244
14.9 0.381158
15 -0.475318
15.1 -0.938622
15.2 -0.191819
15.3 -0.837073
15.4 -2.47215
15.5 -0.0311313
15.6 -0.536629
15.7 -0.0457107
15.8 -0.642465
15.9 -1.82315
16 0.241287
16.1 -0.269838
16.2 -1.18205
16.3 0.287987
16.4 0.799692
16.5 -0.025878
16.6 -0.416955
16.7 -1.31768
16.8 -1.17782
16.9 -0.579392
17 0.417307
17.1 -0.605295
17.2 -1.25449
17.3 -0.249755
17.4 0.468801
17.5 1.65284
17.6 0.357852
17.7 0.443135
17.8 0.370619
17.9 -3.01114
18 0.351752
18.1 0.221369
18.2 -0.418148
18.3 0.252329
18.4 -0.283928
18.5 0.892101
18.6 -0.464022
18.7 -0.406516
18.8 -1.5903
18.9 -2.02113
19 0.0532519
19.1 1.12451
19.2 0.594011
19.3 -0.568903
19.4 2.99697
19.5 0.0104876
19.6 -0.303592
19.7 -1.92399
19.8 1.14928
19.9 -0.796902
20 -0.350619
20.1 1.54175
20.2 2.1981
20.3 0.57961
20.4 1.2607
20.5 2.49518
20.6 0.934048
20.7 -1.03075
20.8 -0.841019
20.9 0.802359
21 -1.01682
21.1 0.309689
21.2 0.951612
21.3 0.844417
21.4 0.949201
21.5 -0.402658
21.6 1.23564
21.7 -0.762121
21.8 0.638431
21.9 1.27003
22 -0.818401
22.1 -0.520424
22.2 -1.34762
22.3 -0.690892
22.4 -0.993362
22.5 -0.514222
22.6 -0.0488886
22.7 -2.0635
22.8 -1.06526
22.9 -1.54481
23 -1.37914
23.1 0.535363
23.2 1.10638
23.3 2.79763
23.4 0.234934
23.5 -1.36517
23.6 1.53147
23.7 0.305329
23.8 0.324824
23.9 -0.0268318
24 1.153
24.1 0.596825
24.2 0.618856
24.3 0.386234
24.4 -0.445469
24.5 0.149722
24.6 -0.916253
24.7 -1.12961
24.8 -0.338809
24.9 0.79077
25 -0.50048
25.1 0.599042
25.2 -0.112211
25.3 -1.56056
25.4 -1.04724
25.5 -2.28432
25.6 -1.12208
25.7 -0.353788
25.8 -1.72941
25.9 -0.799473
26 0.363001
26.1 -0.46916
26.2 -0.658257
26.3 0.706914
26.4 -0.951277
26.5 -3.21261
26.6 -0.1214
26.7 0.691431
26.8 -1.93095
26.9 0.127467
27 -0.689002
27.1 0.420655
27.2 -0.0470924
27.3 -1.07141
27.4 -1.91568
27.5 2.16612
27.6 -0.549842
27.7 0.260426
27.8 -0.806994
27.9 2.39926
28 0.711728
28.1 0.152023
28.2 -1.02203
28.3 -0.298572
28.4 0.554729
28.5 -1.35917
28.6 -1.12874
28.7 -0.225307
28.8 0.0107528
28.9 -1.06101
29 0.724709
29.1 0.817941
29.2 1.77677
29.3 1.26542
29.4 -1.21527
29.5 -0.622975
29.6 -1.5
29.7 -0.875788
29.8 -0.42398
29.9 0.628415
30 1.48154
30.1 1.77563
30.2 -1.26023
30.3 2.0942
30.4 1.03382
30.5 0.769985
30.6 -0.336646
30.7 -1.21343
30.8 -0.652863
30.9 0.0793451
31 1.34471
31.1 2.72908
31.2 1.35713
31.3 -0.713319
31.4 -0.0259539
31.5 0.535322
31.6 0.306938
31.7 -0.923632
31.8 -0.730374
31.9 -0.217382
32 -1.37586
32.1 0.567817
32.2 0.000954993
32.3 -1.02898
32.4 -0.426389
32.5 1.75183
32.6 0.00485191
32.7 0.0548841
32.8 -1.08805
32.9 0.873755
33 -1.00099
33.1 -0.768371
33.2 0.943874
33.3 0.800512
33.4 -0.714185
33.5 -0.342549
33.6 -0.18227
33.7 -0.152827
33.8 0.315675
33.9 0.962838
34 1.7959
34.1 1.63509
34.2 -1.3537
34.3 -1.54257
34.4 -0.274604
34.5 -1.72863
34.6 2.2291
34.7 0.285585
34.8 0.965265
34.9 0.601329
35 -0.521792
35.1 0.721135
35.2 -0.0862598
35.3 0.858902
35.4 0.4528
35.5 0.84442
35.6 -0.559205
35.7 -1.89551
35.8 1.25254
35.9 -3.15048
36 0.753012
36.1 1.47315
36.2 -0.0820468
36.3 -1.49859
36.4 -0.562942
36.5 0.761758
36.6 0.685998
36.7 0.631758
36.8 -0.346195
36.9 -0.522864
37 -0.397197
37.1 -0.589509
37.2 -0.701052
37.3 -0.245525
37.4 0.320051
37.5 -0.696476
37.6 0.00381509
37.7 0.363805
37.8 0.935303
37.9 -1.6424
38 -1.70391
38.1 1.69209
38.2 -0.0835009
38.3 1.27981
38.4 1.02254
38.5 0.0732728
38.6 1.42009
38.7 0.565551
38.8 0.589899
38.9 -0.0404214
39 1.98282
39.1 -0.234758
39.2 -0.0508392
39.3 -2.80662
39.4 0.685088
39.5 -1.03454
39.6 -0.537986
39.7 0.969567
39.8 -0.881122
39.9 1.77277
40 0.12328
40.1 0.770606
40.2 -0.690631
40.3 0.426713
40.4 -0.0696316
40.5 -0.837716
40.6 0.923908
40.7 1.41921
40.8 0.996424
40.9 2.30639
41 2.38837
41.1 1.18865
41.2 -0.513684
41.3 -1.45979
41.4 -0.710243
41.5 0.861305
41.6 1.30001
41.7 0.29414
41.8 1.1628
41.9 -0.457995
42 0.383492
42.1 -1.85282
42.2 -0.22762
42.3 -0.314097
42.4 1.03981
42.5 0.92766
42.6 -1.29113
42.7 -1.17508
42.8 -0.545557
42.9 0.218018
43 -0.377357
43.1 1.04614
43.2 0.220136
43.3 0.590886
43.4 0.558269
43.5 -0.306257
43.6 -0.498774
43.7 -1.21912
43.8 -2.05505
43.9 -0.45923
44 0.0138314
44.1 -0.913296
44.2 0.187731
44.3 0.267059
44.4 1.54068
44.5 -0.381158
44.6 -0.327166
44.7 -0.701064
44.8 -0.902427
44.9 -1.70646
45 -1.13921
45.1 0.926561
45.2 3.2921
45.3 0.0564639
45.4 -2.05763
45.5 -0.239964
45.6 2.24817
45.7 3.55958
45.8 2.2195
45.9 0.476827
46 0.609523
46.1 -0.120302
46.2 -1.43175
46.3 -0.866311
46.4 0.0197746
46.5 -1.31114
46.6 -0.988374
46.7 -0.370505
46.8 1.28225
46.9 -1.11043
47 -1.16668
47.1 -2.11057
47.2 -0.184499
47.3 -0.218022
47.4 0.053368
47.5 1.10315
47.6 0.804431
47.7 -2.15908
47.8 -1.54348
47.9 1.6347
48 1.20723
48.1 0.292192
48.2 -0.344873
48.3 0.599011
48.4 0.310205
48.5 0.196859
48.6 1.45696
48.7 1.09701
48.8 0.467662
48.9 -1.31736
49 -2.97579
49.1 -1.60267
49.2 -1.01342
49.3 -1.01841
49.4 -0.895062
49.5 -1.24444
49.6 -0.70105
49.7 -0.0625497
49.8 -0.306194
49.9 -0.385495
