0 1.04152
0.1 -0.352534
0.2 2.44451
0.3 0.991071
0.4 -0.426468
0.5 -0.306835
0.6 1.47597
0.7 -1.61985
0.8 1.07288
0.9 -1.4459
1 0.399042
1.1 -0.825161
1.2 1.3398
1.3 -0.55376
1.4 -0.904069
1.5 1.30914
1.6 -0.845275
1.7 -0.0838826
1.8 -0.467742
1.9 -3.16345
2 0.787271
2.1 -0.561301
2.2 1.36351
2.3 1.52839
2.4 0.859986
2.5 1.37502
2.6 0.402345
2.7 -1.09082
2.8 -0.848213
2.9 -0.0282475
3 -0.360951
3.1 1.01862
3.2 -0.248017
3.3 0.0759639
3.4 -1.38739
3.5 0.192921
3.6 -1.38261
3.7 -0.895579
3.8 -0.357506
3.9 -0.50839
4 0.459333
4.1 0.881582
4.2 0.509303
4.3 1.35862
4.4 -0.61123
4.5 -0.142091
4.6 1.42118
4.7 0.742672
4.8 0.130535
4.9 0.300714
5 1.32267
5.1 2.30767
5.2 0.623317
5.3 -2.74287
5.4 0.193514
5.5 -0.56546
5.6 -0.80022
5.7 -0.796674
5.8 -0.256885
5.9 -0.364036
6 -2.26111
6.1 -0.91127
6.2 -0.0147488
6.3 0.836233
6.4 -0.469671
6.5 0.817755
6.6 -1.08346
6.7 0.425134
6.8 1.14367
6.9 0.817984
7 -0.820808
7.1 -1.72207
7.2 -2.16674
7.3 -1.83077
7.4 1.64494
7.5 -2.32102
7.6 -1.48471
7.7 -1.3637
7.8 -0.986203
7.9 -0.324461
8 0.863952
8.1 1.20764
8.2 0.617673
8.3 1.20184
8.4 0.125262
8.5 0.0861407
8.6 1.95628
8.7 1.52985
8.8 -0.909692
8.9 0.576596
9 -1.41842
9.1 -2.13021
9.2 -0.81356
9.3 -0.198838
9.4 -0.549864
9.5 2.39442
9.6 0.288624
9.7 0.125751
9.8 1.64788
9.9 0.0968656
10 1.68775
10.1 3.50851
10.2 -0.581235
10.3 -0.981407
10.4 0.638928
10.5 -0.784988
10.6 -0.262496
10.7 2.58895
10.8 1.85269
10.9 -0.435769
11 0.975605
11.1 -0.604681
11.2 1.16551
11.3 0.623102
11.4 0.829702
11.5 0.233438
11.6 0.817042
11.7 1.14363
11.8 -1.36483
11.9 0.432552
12 1.99122
12.1 -0.254877
12.2 0.497572
12.3 -1.50119
12.4 -1.74595
12.5 -0.297246
12.6 1.4184
12.7 -0.734675
12.8 -1.96926
12.9 -0.260142
13 -0.531155
13.1 0.773349
13.2 -1.47111
13.3 3.98925
13.4 2.67022
13.5 -0.330815
13.6 -2.56714
13.7 -2.26255
13.8 2.49804
13.9 0.667717
14 -1.03291
14.1 0.37548
14.2 -1.56928
14.3 0.0588389
14.4 1.49518
14.5 -0.784011
14.6 -0.318111
14.7 -2.48101
14.8 2.81493
14.9 0.75497
15 -0.293539
15.1 0.809123
15.2 0.36709
15.3 0.335457
15.4 0.424411
15.5 -0.812527
15.6 -0.0942598
15.7 -1.31831
15.8 -0.775331
15.9 -1.17266
16 -1.18455
16.1 -4.01402
16.2 1.51621
16.3 -1.13534
16.4 0.47616
16.5 2.19789
16.6 -0.274748
16.7 0.733308
16.8 -0.521525
16.9 -1.557
17 0.77288
17.1 -1.14891
17.2 -2.17989
17.3 0.213359
17.4 0.354061
17.5 2.59992
17.6 1.27577
17.7 0.701193
17.8 -0.181205
17.9 -1.44879
18 0.622655
18.1 1.25249
18.2 -0.805642
18.3 0.907036
18.4 -2.4149
18.5 -1.32111
18.6 2.79683
18.7 -0.0826491
18.8 0.0295313
18.9 1.80238
19 -0.481277
19.1 0.308115
19.2 -0.591855
19.3 0.441716
19.4 1.86391
19.5 1.50048
19.6 -1.6313
19.7 -1.84617
19.8 1.09291
19.9 -0.994179
20 -1.7946
20.1 2.26343
20.2 -0.114136
20.3 0.0646451
20.4 0.628572
20.5 -1.83839
20.6 1.08999
20.7 0.913304
20.8 0.735877
20.9 0.177738
21 0.758944
21.1 -1.31755
21.2 -0.205562
21.3 -2.08113
21.4 -1.35537
21.5 0.898273
21.6 1.92499
21.7 -2.22767
21.8 -1.34351
21.9 -1.64624
22 -0.703299
22.1 1.48382
22.2 1.30404
22.3 0.493662
22.4 -0.937043
22.5 -0.0301402
22.6 -0.966089
22.7 -0.678618
22.8 -1.00238
22.9 -2.02121
23 0.280389
23.1 -1.23511
23.2 -1.23773
23.3 0.0930847
23.4 0.379669
23.5 1.56381
23.6 1.15293
23.7 -1.54586
23.8 -1.37462
23.9 -0.457331
24 -2.28671
24.1 -0.0832659
24.2 -1.24161
24.3 0.809965
24.4 -0.373962
24.5 1.61322
24.6 -1.34282
24.7 1.06497
24.8 -0.44784
24.9 -0.430848
25 -0.248339
25.1 -0.477484
25.2 3.47617
25.3 2.78905
25.4 3.88804
25.5 -0.839869
25.6 -1.90079
25.7 -0.520715
25.8 -0.757671
25.9 -1.4554
26 -1.00291
26.1 0.53074
26.2 1.56745
26.3 0.66447
26.4 -0.470862
26.5 0.391928
26.6 -1.62308
26.7 -0.110684
26.8 -0.248778
26.9 -0.749536
27 0.0924476
27.1 0.188962
27.2 1.32501
27.3 0.201716
27.4 1.11085
27.5 -0.130533
27.6 0.325727
27.7 0.228939
27.8 1.33813
27.9 -1.59208
28 -2.2423
28.1 -2.41483
28.2 -2.46758
28.3 -1.3905
28.4 -0.0197075
28.5 -2.03033
28.6 -0.214455
28.7 -4.05446
28.8 -1.88085
28.9 -0.0751611
29 -0.884272
29.1 0.734532
29.2 -0.324441
29.3 -1.89001
29.4 -0.52118
29.5 0.406967
29.6 0.561365
29.7 2.04901
29.8 0.828066
29.9 1.79087
30 1.1605
30.1 -0.160844
30.2 -1.35085
30.3 0.846714
30.4 -1.14156
30.5 -1.2576
30.6 -0.976977
30.7 0.5239
30.8 -1.02087
30.9 -1.57684
31 0.145464
31.1 1.17234
31.2 2.18888
31.3 -1.28821
31.4 1.45195
31.5 -0.877152
31.6 -2.35021
31.7 2.64624
31.8 -1.17568
31.9 0.920855
32 -2.33383
32.1 -0.856104
32.2 -0.141337
32.3 -0.32834
32.4 -1.56252
32.5 0.0800433
32.6 -0.818597
32.7 -0.217518
32.8 -0.0513589
32.9 0.659355
33 -2.8655
33.1 -2.25453
33.2 0.512469
33.3 -0.82828
33.4 1.08925
33.5 -0.380067
33.6 1.29635
33.7 -2.01995
33.8 -0.542412
33.9 1.02074
34 -0.696732
34.1 2.33057
34.2 2.45895
34.3 -0.961321
34.4 -0.915076
34.5 -0.609758
34.6 -2.13698
34.7 -3.5481
34.8 1.05157
34.9 1.81485
35 -0.0142706
35.1 1.61767
35.2 1.15936
35.3 0.971189
35.4 1.13234
35.5 2.15821
35.6 -1.22256
35.7 1.58292
35.8 0.802972
35.9 0.171865
36 -1.23842
36.1 -1.73758
36.2 1.90409
36.3 1.56335
36.4 -1.30228
36.5 -0.16871
36.6 1.29994
36.7 -2.64623
36.8 -0.601278
36.9 -0.724151
37 0.74225
37.1 1.14569
37.2 -0.222603
37.3 1.7437
37.4 -0.712222
37.5 0.340492
37.6 1.02576
37.7 1.09817
37.8 -0.792566
37.9 0.230795
38 1.18853
38.1 -0.530299
38.2 -0.0410184
38.3 -2.68731
38.4 -1.94828
38.5 -0.380578
38.6 0.914904
38.7 -0.81813
38.8 1.9915
38.9 1.30107
39 -2.74206
39.1 -1.07179
39.2 -0.00787123
39.3 0.465995
39.4 -1.23596
39.5 -1.00371
39.6 -1.02907
39.7 -0.0446387
39.8 -0.631363
39.9 -0.0399179
40 -1.39694
40.1 -1.89243
40.2 -0.230489
40.3 -0.271305
40.4 0.988525
40.5 -0.821052
40.6 1.69524
40.7 -0.403478
40.8 -1.4078
40.9 0.856408
41 0.142993
41.1 1.30644
41.2 2.08768
41.3 -1.72936
41.4 -1.99743
41.5 2.58136
41.6 0.796627
41.7 2.85509
41.8 0.0471944
41.9 1.21313
42 0.850675
42.1 1.37111
42.2 -0.567409
42.3 -2.3569
42.4 0.995408
42.5 -0.797341
42.6 -1.18416
42.7 0.269516
42.8 1.37729
42.9 -0.0792163
43 0.460841
43.1 0.943156
43.2 1.0432
43.3 0.178551
43.4 -1.5145
43.5 2.01053
43.6 -1.0641
43.7 0.506911
43.8 0.708332
43.9 -1.28961
44 0.228015
44.1 -1.82537
44.2 -0.700465
44.3 1.75467
44.4 2.71076
44.5 1.60241
44.6 1.14661
44.7 1.33461
44.8 -2.45279
44.9 0.20054
45 -0.641675
45.1 2.60015
45.2 -0.317311
45.3 0.791076
45.4 1.97286
45.5 0.532369
45.6 -0.488347
45.7 0.478452
45.8 0.255121
45.9 2.59078
46 1.08993
46.1 0.630949
46.2 1.79964
46.3 0.686296
46.4 1.12279
46.5 1.75293
46.6 0.819142
46.7 -0.332495
46.8 2.7193
46.9 1.21787
47 0.122271
47.1 0.436365
47.2 -2.58659
47.3 1.70042
47.4 1.84796
47.5 -0.226538
47.6 2.15383
47.7 -1.78361
47.8 -2.87613
47.9 -1.35074
48 -1.0513
48.1 -1.48292
48.2 0.394395
48.3 -1.30142
48.4 -0.750847
48.5 -1.1882
48.6 1.97058
48.7 1.14306
48.8 0.61179
48.9 -0.0366355
49 1.06865
49.1 0.946658
49.2 -1.4327
49.3 0.623074
49.4 2.44009
49.5 -0.115001
49.6 0.533142
49.7 0.580954
49.8 -1.41109
49.9 -1.04894
