0 -0.803347
0.1 1.0971
0.2 2.44079
0.3 -0.736941
0.4 -0.00551614
0.5 -1.11928
0.6 1.67068
0.7 0.482875
0.8 0.118512
0.9 1.21458
1 0.663589
1.1 0.699793
1.2 1.67494
1.3 0.74181
1.4 -0.827988
1.5 -1.39162
1.6 0.197077
1.7 -1.46528
1.8 -0.409018
1.9 -0.423245
2 -0.40666
2.1 0.0366891
2.2 -1.0616
2.3 -0.079705
2.4 -1.6922
2.5 -2.54935
2.6 -0.675416
2.7 1.06355
2.8 0.612
2.9 -1.25499
3 -1.61215
3.1 0.830441
3.2 -0.392547
3.3 0.370325
3.4 0.124914
3.5 -0.353039
3.6 -1.41594
3.7 1.12107
3.8 1.16199
3.9 -0.705011
4 0.642556
4.1 0.169756
4.2 -0.444676
4.3 1.69879
4.4 -0.178439
4.5 0.845582
4.6 -0.157853
4.7 1.51049
4.8 0.858773
4.9 0.542829
5 0.350482
5.1 0.280438
5.2 -0.141794
5.3 0.0148494
5.4 0.0132582
5.5 0.489064
5.6 0.471623
5.7 -2.49139
5.8 -0.846634
5.9 -0.121954
6 -0.589052
6.1 0.106126
6.2 0.443448
6.3 0.303728
6.4 0.8447
6.5 -0.261471
6.6 0.109001
6.7 -1.15037
6.8 -1.57997
6.9 -1.8911
7 1.52918
7.1 -1.50489
7.2 1.62905
7.3 -0.24167
7.4 -0.347807
7.5 1.53389
7.6 2.73983
7.7 -0.0921585
7.8 0.993608
7.9 -0.862637
8 -0.139053
8.1 0.615196
8.2 0.1102
8.3 -2.3237
8.4 1.7083
8.5 0.76441
8.6 -0.31634
8.7 -0.343299
8.8 -0.718648
8.9 0.807067
9 -1.9309
9.1 -0.726266
9.2 1.48642
9.3 -0.210377
9.4 1.22874
9.5 0.986526
9.6 -0.604875
9.7 1.64397
9.8 -0.907506
9.9 -0.658238
10 -1.95405
10.1 0.529617
10.2 2.47429
10.3 -1.34409
10.4 1.95761
10.5 0.671301
10.6 -1.04954
10.7 -0.694593
10.8 0.227367
10.9 0.701422
11 0.0434232
11.1 -0.20432
11.2 0.689845
11.3 -0.065902
11.4 -0.707265
11.5 1.11741
11.6 -0.606243
11.7 -0.0518791
11.8 -0.337266
11.9 0.735826
12 2.58646
12.1 -2.04684
12.2 -0.579845
12.3 -0.287075
12.4 0.987071
12.5 1.00195
12.6 -0.341075
12.7 0.415544
12.8 0.282976
12.9 -2.04759
13 -1.43012
13.1 -1.16566
13.2 0.671769
13.3 0.743491
13.4 -1.46599
13.5 1.2687
13.6 0.994143
13.7 -0.391707
13.8 0.802942
13.9 0.637208
14 0.574319
14.1 -0.516395
14.2 0.771772
14.3 -0.918287
14.4 -0.0266706
14.5 0.147253
14.6 0.66596
14.7 1.91541
14.8 1.41424
14.9 0.0202718
15 0.126983
15.1 -2.19802
15.2 -0.555681
15.3 -3.2205
15.4 0.69871
15.5 0.0756778
15.6 -0.627906
15.7 -1.12915
15.8 -0.38803
15.9 0.940834
16 -0.103427
16.1 -1.46128
16.2 -1.82302
16.3 1.21002
16.4 -0.167664
16.5 1.77479
16.6 0.576206
16.7 1.59945
16.8 -1.80434
16.9 0.487595
17 -1.44884
17.1 -1.05285
17.2 -1.91285
17.3 -0.0427781
17.4 -0.152212
17.5 -1.62584
17.6 -0.369561
17.7 -0.632753
17.8 -0.121703
17.9 0.0735954
18 -0.949596
18.1 0.294325
18.2 0.465883
18.3 0.163319
18.4 -0.968034
18.5 1.17714
18.6 -1.24779
18.7 0.277674
18.8 -1.08373
18.9 0.202486
19 -1.52955
19.1 0.858762
19.2 0.153088
19.3 -0.0327861
19.4 -0.616641
19.5 1.27316
19.6 -0.229707
19.7 -0.0642916
19.8 -0.888838
19.9 -0.673681
20 -0.268022
20.1 -1.18386
20.2 -0.756617
20.3 -0.375296
20.4 -0.389854
20.5 -0.563666
20.6 0.295498
20.7 -0.257573
20.8 -0.0127101
20.9 -1.00475
21 0.329603
21.1 -0.270086
21.2 0.599603
21.3 1.00503
21.4 -0.436257
21.5 0.409189
21.6 0.708169
21.7 0.19288
21.8 -1.21643
21.9 -1.26318
22 -0.318544
22.1 -1.20809
22.2 -0.163268
22.3 -1.34717
22.4 -1.65674
22.5 2.47047
22.6 -1.09362
22.7 -0.466772
22.8 1.2248
22.9 1.97612
23 -0.0739753
23.1 -0.0253862
23.2 2.29152
23.3 0.727345
23.4 -0.944493
23.5 -0.998766
23.6 0.526634
23.7 1.39721
23.8 -0.70455
23.9 -2.50344
24 -0.368884
24.1 0.105849
24.2 0.0944923
24.3 0.28284
24.4 -0.155432
24.5 -0.0292251
24.6 -0.327033
24.7 -0.743547
24.8 2.561
24.9 1.28456
25 0.383881
25.1 -1.06303
25.2 2.30251
25.3 0.412172
25.4 1.09302
25.5 -1.11871
25.6 0.0962872
25.7 0.595622
25.8 0.0918856
25.9 -1.41293
26 -0.506397
26.1 -0.253565
26.2 0.461663
26.3 0.460341
26.4 0.482501
26.5 -1.41239
26.6 -0.515248
26.7 1.00669
26.8 -1.86605
26.9 0.548975
27 0.0596632
27.1 2.13984
27.2 0.0608884
27.3 1.10126
27.4 0.492734
27.5 -1.94848
27.6 0.069932
27.7 -0.231243
27.8 -1.0738
27.9 -2.95608
28 -0.363822
28.1 -1.86532
28.2 -0.795772
28.3 0.280914
28.4 0.766866
28.5 0.990997
28.6 1.86973
28.7 -1.40857
28.8 1.1698
28.9 0.485215
29 -0.00798693
29.1 -0.969419
29.2 -0.370764
29.3 -1.50715
29.4 0.00428842
29.5 0.170236
29.6 -0.728324
29.7 -0.918612
29.8 1.9378
29.9 -0.480408
30 0.959221
30.1 2.89989
30.2 0.00434824
30.3 -1.0454
30.4 -0.0277416
30.5 0.105671
30.6 1.31946
30.7 -0.416868
30.8 1.41015
30.9 0.0480958
31 1.68236
31.1 0.265449
31.2 -1.21434
31.3 0.71036
31.4 0.608984
31.5 -1.45599
31.6 -0.109835
31.7 -1.32397
31.8 0.853794
31.9 0.214628
32 -0.186977
32.1 -1.45478
32.2 -1.86857
32.3 1.90216
32.4 1.5163
32.5 -0.83797
32.6 -0.422769
32.7 -0.186542
32.8 -0.869335
32.9 -0.330901
33 -0.756318
33.1 -1.43451
33.2 -1.79547
33.3 2.14441
33.4 -1.91575
33.5 -2.98997
33.6 0.118245
33.7 2.07513
33.8 0.575553
33.9 1.30118
34 -0.595551
34.1 2.38102
34.2 2.10159
34.3 0.807477
34.4 0.986557
34.5 0.0400692
34.6 -0.830146
34.7 -0.880849
34.8 1.72746
34.9 1.25803
35 0.551668
35.1 -0.79251
35.2 -2.10212
35.3 0.538948
35.4 0.2323
35.5 -0.587619
35.6 0.0289291
35.7 -1.22488
35.8 0.781733
35.9 1.27148
36 0.611492
36.1 0.458308
36.2 -1.06922
36.3 -0.394079
36.4 -1.01754
36.5 -0.400326
36.6 0.762671
36.7 -0.563421
36.8 -1.19545
36.9 -1.5408
37 0.797656
37.1 -0.307229
37.2 0.691834
37.3 -0.213937
37.4 -0.796393
37.5 -0.44204
37.6 -0.207163
37.7 0.0053319
37.8 0.26004
37.9 0.827538
38 0.352619
38.1 -0.0581614
38.2 1.22938
38.3 -0.388421
38.4 -2.12471
38.5 1.67231
38.6 0.912718
38.7 1.3289
38.8 -0.732171
38.9 0.447586
39 0.885451
39.1 -1.00202
39.2 1.43506
39.3 -1.0656
39.4 0.453195
39.5 -0.0995172
39.6 0.72064
39.7 -0.396938
39.8 -1.5328
39.9 0.823645
40 3.09069
40.1 -0.740057
40.2 0.681186
40.3 -0.778589
40.4 0.528679
40.5 1.04081
40.6 0.421019
40.7 0.28642
40.8 1.32957
40.9 -1.93977
41 0.289649
41.1 0.674453
41.2 -1.0042
41.3 -0.730093
41.4 0.233802
41.5 -0.14878
41.6 0.205159
41.7 0.901696
41.8 0.852695
41.9 -0.661074
42 1.59713
42.1 -1.04579
42.2 0.124158
42.3 -2.6748
42.4 -2.41865
42.5 -0.812271
42.6 1.1646
42.7 -1.47447
42.8 0.91782
42.9 1.25613
43 1.50015
43.1 3.1191
43.2 0.0396412
43.3 -0.311454
43.4 -0.793425
43.5 1.70404
43.6 -0.0618261
43.7 -1.21145
43.8 2.8461
43.9 0.0320797
44 -0.817849
44.1 -0.326533
44.2 -1.80808
44.3 3.20699
44.4 0.442843
44.5 -0.0747411
44.6 -0.782996
44.7 1.33784
44.8 -1.21424
44.9 1.00444
45 -0.19172
45.1 1.59573
45.2 -1.75443
45.3 -1.93077
45.4 0.0808019
45.5 2.51156
45.6 0.482377
45.7 -0.141649
45.8 0.708521
45.9 -1.39891
46 0.0669182
46.1 1.30195
46.2 -0.515282
46.3 -0.381984
46.4 -1.00157
46.5 0.282714
46.6 2.36322
46.7 1.08233
46.8 -0.79228
46.9 -0.975944
47 1.54563
47.1 -0.42429
47.2 0.170013
47.3 1.14784
47.4 -0.492839
47.5 -0.12703
47.6 1.09878
47.7 -0.36119
47.8 0.517039
47.9 -0.800243
48 0.366512
48.1 -0.0829408
48.2 -0.106276
48.3 -0.866317
48.4 -1.25314
48.5 -0.779499
48.6 -1.16858
48.7 -0.975044
48.8 -0.440915
48.9 -0.360761
49 -0.137898
49.1 -0.0198291
49.2 -2.38301
49.3 1.68338
49.4 2.21055
49.5 1.26247
49.6 0.824332
49.7 -0.276929
49.8 0.640884
49.9 -1.56523
