0 1.35157
0.1 0.117536
0.2 -0.899282
0.3 0.0929012
0.4 -0.884864
0.5 0.942157
0.6 -1.22608
0.7 0.811338
0.8 3.09781
0.9 -1.93357
1 -1.44947
1.1 -0.959464
1.2 -0.938513
1.3 -0.244464
1.4 0.42843
1.5 1.92926
1.6 -0.363487
1.7 -0.500329
1.8 0.732647
1.9 0.102219
2 0.34577
2.1 0.854557
2.2 0.177082
2.3 -0.822237
2.4 -0.0479257
2.5 0.137338
2.6 1.74425
2.7 -0.158034
2.8 1.8199
2.9 1.85944
3 -0.283484
3.1 -1.12931
3.2 -2.60404
3.3 -0.875865
3.4 -0.259367
3.5 -1.5069
3.6 -1.15373
3.7 0.352911
3.8 -1.57065
3.9 -0.391003
4 -0.762213
4.1 -0.290675
4.2 -0.340736
4.3 -0.382329
4.4 -2.05919
4.5 -2.35314
4.6 0.525159
4.7 -0.236561
4.8 0.928082
4.9 0.93447
5 -0.268859
5.1 -1.70819
5.2 0.908704
5.3 1.51232
5.4 0.457449
5.5 -0.943897
5.6 -1.00053
5.7 1.61925
5.8 3.14024
5.9 1.53937
6 0.566969
6.1 1.40249
6.2 0.592583
6.3 0.0746969
6.4 -0.925492
6.5 -2.22738
6.6 3.35511
6.7 -0.106386
6.8 -0.459605
6.9 0.0276245
7 1.14052
7.1 0.410299
7.2 1.45106
7.3 -1.57506
7.4 0.0834696
7.5 0.466274
7.6 -0.647458
7.7 -0.359798
7.8 0.793661
7.9 1.18915
8 -0.205432
8.1 -0.616044
8.2 -0.506375
8.3 2.17034
8.4 0.161099
8.5 -0.655952
8.6 0.913546
8.7 0.544863
8.8 -0.468778
8.9 -0.0547291
9 0.120056
9.1 2.16489
9.2 0.648522
9.3 1.34839
9.4 1.16811
9.5 0.416712
9.6 0.348323
9.7 0.627668
9.8 -0.0402491
9.9 -0.405197
10 0.0766255
10.1 0.581159
10.2 -0.438409
10.3 0.631624
10.4 0.785826
10.5 -0.123759
10.6 -0.528558
10.7 -1.01838
10.8 1.30033
10.9 1.03944
11 -0.42477
11.1 1.98443
11.2 0.693381
11.3 -1.08331
11.4 0.647955
11.5 -0.354064
11.6 3.25342
11.7 1.63055
11.8 -2.03123
11.9 -3.44191
12 -1.12151
12.1 -0.13695
12.2 -0.127755
12.3 -0.204598
12.4 -0.493337
12.5 -2.14765
12.6 -2.76271
12.7 0.974648
12.8 -0.670181
12.9 -0.906673
13 -1.80844
13.1 -2.50688
13.2 -1.03199
13.3 0.711482
13.4 0.60543
13.5 0.45439
13.6 0.397254
13.7 -1.58575
13.8 2.54537
13.9 0.207924
14 0.99285
14.1 2.27899
14.2 -0.632394
14.3 -1.66544
14.4 0.0353035
14.5 0.293497
14.6 1.1513
14.7 -0.804292
14.8 1.48833
14.9 0.590508
15 -0.561808
15.1 -1.20936
15.2 -1.32432
15.3 -1.21538
15.4 0.287066
15.5 2.18267
15.6 -0.613436
15.7 0.423324
15.8 0.751138
15.9 0.382271
16 -2.07033
16.1 1.27105
16.2 -0.144023
16.3 1.11872
16.4 -0.907975
16.5 -0.413449
16.6 1.76534
16.7 0.474509
16.8 -0.448045
16.9 1.00662
17 -1.76813
17.1 0.834357
17.2 -1.19822
17.3 -0.988188
17.4 -1.19088
17.5 -2.24579
17.6 -0.63448
17.7 -1.93764
17.8 -1.66035
17.9 -1.40672
18 -0.868164
18.1 -0.00277096
18.2 0.150691
18.3 -2.77466
18.4 0.442878
18.5 0.878243
18.6 -0.490496
18.7 1.74331
18.8 -0.640093
18.9 0.304906
19 -0.621757
19.1 1.23949
19.2 0.532636
19.3 -0.756599
19.4 -0.951151
19.5 -1.65947
19.6 1.07692
19.7 -1.18365
19.8 -0.703753
19.9 -1.47829
20 0.723991
20.1 -0.355614
20.2 1.8204
20.3 -0.463944
20.4 -0.895095
20.5 -0.607323
20.6 -1.00317
20.7 -2.20059
20.8 -0.0162541
20.9 0.676467
21 2.38444
21.1 0.123196
21.2 1.40484
21.3 0.883395
21.4 0.318381
21.5 0.651861
21.6 -1.69899
21.7 -0.618907
21.8 -0.311497
21.9 0.401858
22 -0.0684249
22.1 0.226571
22.2 -1.06145
22.3 0.742727
22.4 0.209283
22.5 -0.930756
22.6 -0.32562
22.7 0.0955561
22.8 0.88459
22.9 1.96922
23 0.558055
23.1 0.408559
23.2 -1.13532
23.3 -1.15261
23.4 0.563993
23.5 0.471395
23.6 -0.540565
23.7 -0.176132
23.8 -2.14489
23.9 -0.630998
24 -0.613976
24.1 1.25443
24.2 0.233485
24.3 0.995693
24.4 0.552442
24.5 0.589245
24.6 2.8728
24.7 1.172
24.8 -1.51297
24.9 0.238162
25 -1.67708
25.1 -0.695692
25.2 -1.33641
25.3 -0.848059
25.4 -1.33844
25.5 -0.295687
25.6 1.39336
25.7 0.746488
25.8 -0.333919
25.9 -0.075139
26 1.97609
26.1 -0.949108
26.2 -1.81424
26.3 0.30982
26.4 0.0563213
26.5 1.21207
26.6 -1.65022
26.7 0.347232
26.8 0.566487
26.9 -0.533266
27 0.745507
27.1 3.95803
27.2 1.08716
27.3 0.316947
27.4 1.20245
27.5 1.05772
27.6 -0.916675
27.7 -0.588
27.8 0.486272
27.9 1.17857
28 -1.03132
28.1 -3.47481
28.2 0.852376
28.3 1.8431
28.4 0.640696
28.5 -0.0630613
28.6 -0.509013
28.7 -1.9185
28.8 -0.593956
28.9 -0.326168
29 0.00700688
29.1 -1.13281
29.2 0.0020347
29.3 -0.547072
29.4 -1.27076
29.5 1.99183
29.6 0.520328
29.7 0.287454
29.8 1.75198
29.9 1.65277
30 -2.02665
30.1 0.0500095
30.2 1.18621
30.3 -0.587089
30.4 -1.72563
30.5 0.590014
30.6 -0.114712
30.7 -2.24608
30.8 0.154237
30.9 0.471448
31 -0.109354
31.1 -0.744233
31.2 -1.44413
31.3 -0.213824
31.4 -0.292722
31.5 0.0722187
31.6 1.63112
31.7 -2.13705
31.8 -0.459364
31.9 0.336153
32 -0.502756
32.1 -1.09353
32.2 -2.6447
32.3 -1.17943
32.4 0.827984
32.5 -0.923091
32.6 -0.601078
32.7 -0.637482
32.8 0.064733
32.9 -0.197192
33 1.97397
33.1 0.806681
33.2 -0.465576
33.3 0.624276
33.4 -2.35136
33.5 -2.2158
33.6 -0.874005
33.7 -0.643146
33.8 -0.186432
33.9 -0.487527
34 -0.164693
34.1 -0.519162
34.2 -0.675567
34.3 -1.05639
34.4 0.311698
34.5 -0.256171
34.6 -0.223794
34.7 1.28512
34.8 1.21034
34.9 -1.11456
35 -0.207195
35.1 0.562648
35.2 0.0589094
35.3 0.61097
35.4 0.355063
35.5 1.61784
35.6 -2.22491
35.7 -0.0516542
35.8 -0.630215
35.9 -0.0264162
36 -0.118332
36.1 -0.579819
36.2 0.532882
36.3 -0.73659
36.4 1.40185
36.5 1.52077
36.6 0.993134
36.7 0.0228912
36.8 -0.403949
36.9 0.151372
37 1.88263
37.1 1.62926
37.2 0.327969
37.3 0.886302
37.4 -0.136548
37.5 1.25736
37.6 -0.201316
37.7 -0.602462
37.8 0.341127
37.9 2.23182
38 0.638232
38.1 2.2758
38.2 0.620317
38.3 -0.523323
38.4 -0.134012
38.5 -0.608158
38.6 -0.695327
38.7 -1.35772
38.8 0.19178
38.9 -1.52142
39 0.632316
39.1 -1.18905
39.2 -1.7713
39.3 -0.371894
39.4 0.385412
39.5 -1.33836
39.6 0.378531
39.7 0.18991
39.8 0.832424
39.9 2.60236
40 2.35646
40.1 -0.104763
40.2 -0.540091
40.3 -0.846984
40.4 -0.760561
40.5 -1.4773
40.6 0.723007
40.7 -2.16621
40.8 3.61891
40.9 1.41113
41 1.47919
41.1 -0.782317
41.2 -0.451784
41.3 -1.74379
41.4 1.29352
41.5 0.0541302
41.6 1.12082
41.7 1.71034
41.8 -1.39378
41.9 -0.301358
42 0.309367
42.1 0.0594535
42.2 -0.138185
42.3 -1.86019
42.4 -0.0402135
42.5 -1.01785
42.6 -1.34236
42.7 -0.073343
42.8 -2.24655
42.9 -0.954834
43 -0.227782
43.1 -0.154558
43.2 -1.7741
43.3 2.88027
43.4 0.871351
43.5 2.71343
43.6 1.89188
43.7 4.08841
43.8 3.73343
43.9 0.338845
44 -0.378124
44.1 1.39616
44.2 0.394138
44.3 -0.769865
44.4 -2.13723
44.5 1.32148
44.6 -0.109611
44.7 -0.589249
44.8 -0.790363
44.9 -0.78339
45 -0.444049
45.1 -0.510069
45.2 -0.0457717
45.3 -1.61533
45.4 -0.443835
45.5 -0.458341
45.6 -0.277743
45.7 -0.217256
45.8 -1.91812
45.9 0.544439
46 -0.12238
46.1 1.31557
46.2 -0.174936
46.3 -1.10449
46.4 0.977209
46.5 -0.177477
46.6 1.93174
46.7 1.67902
46.8 1.08418
46.9 0.165799
47 -0.027998
47.1 1.24272
47.2 1.34213
47.3 0.319945
47.4 -1.93931
47.5 -0.983104
47.6 1.20692
47.7 1.40835
47.8 1.3463
47.9 0.596606
48 -1.43815
48.1 1.79161
48.2 -1.48704
48.3 -0.132563
48.4 0.854741
48.5 0.0926715
48.6 -0.0960746
48.7 -0.834211
48.8 1.92368
48.9 -0.478678
49 1.84192
49.1 -0.762737
49.2 -2.01754
49.3 0.457033
49.4 0.777211
49.5 0.816507
49.6 -0.208578
49.7 -1.53023
49.8 -0.512481
49.9 0.0726834
