0 1.70107
0.1 -0.630315
0.2 -0.187305
0.3 -0.399147
0.4 2.012
0.5 0.587653
0.6 1.65773
0.7 0.411661
0.8 1.15842
0.9 -0.630074
1 0.69593
1.1 -0.46279
1.2 -1.83569
1.3 0.838098
1.4 0.804507
1.5 0.638472
1.6 0.233318
1.7 -0.270805
1.8 -0.742649
1.9 0.0772043
2 -0.155065
2.1 1.13214
2.2 -0.350833
2.3 -2.66587
2.4 0.0912982
2.5 -0.210051
2.6 0.483039
2.7 0.385618
2.8 1.16643
2.9 0.0144939
3 -0.652558
3.1 -0.484883
3.2 -0.430628
3.3 -3.34509
3.4 -3.02555
3.5 0.257584
3.6 0.119612
3.7 0.929684
3.8 -1.12278
3.9 0.727313
4 0.322213
4.1 0.266294
4.2 -1.03706
4.3 0.241302
4.4 -2.01663
4.5 0.536635
4.6 0.552398
4.7 -0.795338
4.8 -1.27695
4.9 -0.0719924
5 -1.13778
5.1 -0.548807
5.2 -0.0888066
5.3 0.353156
5.4 1.91982
5.5 -0.211937
5.6 0.253303
5.7 0.490085
5.8 -2.06478
5.9 1.02623
6 0.714808
6.1 1.02828
6.2 0.205887
6.3 1.7372
6.4 1.79384
6.5 0.727942
6.6 -1.89722
6.7 0.207466
6.8 -0.58088
6.9 0.0476503
7 1.95553
7.1 1.09582
7.2 0.67085
7.3 -0.667115
7.4 0.955702
7.5 -1.79435
7.6 1.19361
7.7 -0.0484527
7.8 1.75351
7.9 -0.643229
8 1.39636
8.1 -1.08238
8.2 -0.0771477
8.3 1.60004
8.4 -0.569204
8.5 1.6731
8.6 -1.36568
8.7 -1.77931
8.8 1.80642
8.9 0.37099
9 -1.0404
9.1 1.39485
9.2 0.389559
9.3 1.95008
9.4 1.41361
9.5 1.63078
9.6 -2.22052
9.7 -1.61653
9.8 1.06534
9.9 0.0637882
10 1.70189
10.1 2.16925
10.2 1.64723
10.3 1.11643
10.4 1.27645
10.5 -0.0819747
10.6 0.386262
10.7 -0.236492
10.8 0.891325
10.9 -1.34222
11 -0.153705
11.1 0.981093
11.2 0.396174
11.3 0.661354
11.4 0.615703
11.5 0.514402
11.6 1.36361
11.7 1.53364
11.8 -0.296621
11.9 1.59806
12 1.06064
12.1 2.49761
12.2 -0.210681
12.3 1.02394
12.4 0.234886
12.5 -0.21169
12.6 -0.258574
12.7 0.26239
12.8 0.802825
12.9 0.0385867
13 0.711597
13.1 -1.98428
13.2 -0.316556
13.3 -0.00813297
13.4 0.0530857
13.5 -0.0314083
13.6 -0.295707
13.7 1.84574
13.8 2.00521
13.9 -1.08457
14 0.501494
14.1 -0.871214
14.2 -1.02592
14.3 -1.19254
14.4 -1.83337
14.5 -0.987028
14.6 0.410735
14.7 1.9216
14.8 -1.107
14.9 -1.93528
15 -1.76028
15.1 -0.704991
15.2 -1.51781
15.3 0.0256102
15.4 -1.14709
15.5 -1.65667
15.6 -0.645297
15.7 -0.628172
15.8 -0.559791
15.9 -1.45248
16 1.09851
16.1 -1.54252
16.2 1.17133
16.3 -0.688493
16.4 0.813454
16.5 0.272684
16.6 -1.06154
16.7 -0.0782527
16.8 -1.02389
16.9 -1.01563
17 0.990676
17.1 0.829762
17.2 -1.4487
17.3 0.0212861
17.4 -0.713405
17.5 0.124538
17.6 0.575266
17.7 -0.0141363
17.8 0.155658
17.9 -0.865415
18 1.77924
18.1 -1.39458
18.2 -0.440653
18.3 0.0413309
18.4 1.43207
18.5 1.88214
18.6 0.690292
18.7 -1.24554
18.8 -0.471128
18.9 -0.297114
19 -1.16101
19.1 0.235327
19.2 0.862992
19.3 0.769226
19.4 -0.844615
19.5 0.996523
19.6 0.973821
19.7 -0.754505
19.8 -0.425036
19.9 2.19261
20 0.693512
20.1 -0.741647
20.2 -2.3627
20.3 -0.744653
20.4 -0.343973
20.5 -0.717796
20.6 0.219813
20.7 0.99538
20.8 -0.0851655
20.9 0.417544
21 0.406274
21.1 0.147511
21.2 0.544701
21.3 -0.508312
21.4 -1.45513
21.5 2.57633
21.6 -0.893897
21.7 -0.164189
21.8 0.617583
21.9 -1.19781
22 0.759525
22.1 0.0367193
22.2 0.173882
22.3 -0.662807
22.4 0.813654
22.5 -1.52949
22.6 -0.0493934
22.7 1.799
22.8 -0.466575
22.9 -0.825878
23 -0.555439
23.1 1.81539
23.2 0.440496
23.3 0.350375
23.4 0.638204
23.5 0.366437
23.6 0.488556
23.7 -1.2674
23.8 0.673039
23.9 0.716597
24 -0.316023
24.1 0.193166
24.2 0.241289
24.3 -1.18167
24.4 0.258994
24.5 1.22321
24.6 0.697445
24.7 1.19025
24.8 -2.20128
24.9 0.731642
25 0.789387
25.1 -1.41284
25.2 1.19536
25.3 1.14356
25.4 -2.59463
25.5 -0.740063
25.6 -1.80458
25.7 0.861985
25.8 2.58843
25.9 0.26622
26 -0.453649
26.1 0.0495391
26.2 0.16099
26.3 -1.38161
26.4 -0.583576
26.5 -0.991052
26.6 -1.25429
26.7 -1.32381
26.8 -0.373276
26.9 0.169405
27 -0.0254659
27.1 -0.0651514
27.2 0.404142
27.3 0.79923
27.4 -0.00130637
27.5 -0.81074
27.6 -0.0793473
27.7 -1.09589
27.8 0.916034
27.9 -1.09867
28 -0.995165
28.1 0.350693
28.2 -0.0518823
28.3 -0.499484
28.4 0.942106
28.5 -0.144215
28.6 -0.129175
28.7 -0.560188
28.8 -1.94872
28.9 0.93772
29 -0.703383
29.1 2.28249
29.2 -0.915989
29.3 -0.530592
29.4 -1.17339
29.5 0.298318
29.6 -0.269773
29.7 0.0727602
29.8 -0.966854
29.9 3.13919
30 -0.845741
30.1 -0.19706
30.2 -0.629466
30.3 -0.313565
30.4 0.538088
30.5 0.907767
30.6 1.02169
30.7 -0.845195
30.8 0.401976
30.9 1.82971
31 2.25183
31.1 1.35997
31.2 1.54116
31.3 0.697343
31.4 1.8286
31.5 1.13916
31.6 0.0745545
31.7 0.717407
31.8 -0.496612
31.9 1.20589
32 0.236372
32.1 -0.899103
32.2 -2.74349
32.3 -1.03777
32.4 1.21982
32.5 -0.0162863
32.6 -0.00281714
32.7 1.48637
32.8 1.40624
32.9 -0.638149
33 -0.193177
33.1 1.56697
33.2 -0.943067
33.3 0.302024
33.4 -0.624498
33.5 0.190456
33.6 1.30303
33.7 -0.122027
33.8 0.784907
33.9 -0.0770484
34 0.717878
34.1 -0.472462
34.2 0.468083
34.3 -0.787854
34.4 0.98462
34.5 0.920278
34.6 -1.04653
34.7 1.5554
34.8 1.21678
34.9 0.629027
35 -1.5763
35.1 -2.19762
35.2 1.62964
35.3 0.0820276
35.4 -1.18968
35.5 0.340628
35.6 0.0667934
35.7 -0.999036
35.8 0.689164
35.9 -1.39295
36 -2.23303
36.1 -0.125177
36.2 -0.784781
36.3 1.15253
36.4 -0.467546
36.5 0.68883
36.6 -0.00180701
36.7 0.0172267
36.8 0.875338
36.9 0.405814
37 -0.371101
37.1 -1.44262
37.2 -0.831399
37.3 -1.2254
37.4 -1.51211
37.5 -0.253973
37.6 1.78552
37.7 3.26556
37.8 -0.0482157
37.9 -2.20369
38 -1.72147
38.1 0.21778
38.2 0.467357
38.3 1.14895
38.4 -1.10021
38.5 1.89911
38.6 0.262818
38.7 -0.694622
38.8 1.00544
38.9 1.06905
39 0.778976
39.1 0.460113
39.2 -1.45144
39.3 1.27619
39.4 -0.662471
39.5 -0.441212
39.6 -1.24985
39.7 1.17993
39.8 -0.22114
39.9 0.75206
40 0.896446
40.1 -0.575705
40.2 0.99247
40.3 -0.886806
40.4 -1.15601
40.5 1.40139
40.6 1.82797
40.7 0.502982
40.8 -1.00515
40.9 0.798902
41 -0.99824
41.1 1.51362
41.2 -0.599069
41.3 -0.512941
41.4 -1.78999
41.5 1.84516
41.6 -1.37834
41.7 0.849236
41.8 2.43953
41.9 -0.909094
42 -0.435499
42.1 1.43961
42.2 -2.09362
42.3 -1.59923
42.4 -1.29773
42.5 -0.428676
42.6 -0.329334
42.7 0.659654
42.8 -0.977757
42.9 -0.933829
43 -0.0688192
43.1 -2.05188
43.2 -0.672286
43.3 -0.491646
43.4 1.60262
43.5 -0.886283
43.6 0.167661
43.7 -0.148937
43.8 -0.919542
43.9 0.101073
44 -0.245877
44.1 -0.318262
44.2 -1.49755
44.3 0.022266
44.4 1.18261
44.5 -0.707421
44.6 0.264035
44.7 -1.18732
44.8 -0.464048
44.9 -0.124973
45 -0.421506
45.1 -1.54507
45.2 -1.1568
45.3 -0.0284247
45.4 -0.106304
45.5 -1.4951
45.6 -0.915337
45.7 0.255242
45.8 -0.889996
45.9 -1.00541
46 -1.23501
46.1 -1.47646
46.2 -0.702325
46.3 0.000970164
46.4 1.2494
46.5 -0.560839
46.6 -0.0127911
46.7 0.250554
46.8 0.429772
46.9 -0.92978
47 1.28735
47.1 -2.11837
47.2 1.15556
47.3 -1.26658
47.4 -2.6101
47.5 0.834726
47.6 -0.192412
47.7 -0.281242
47.8 -0.109973
47.9 -0.914402
48 -0.790714
48.1 0.674784
48.2 0.432825
48.3 0.112814
48.4 1.2811
48.5 -0.0996592
48.6 0.856055
48.7 -0.305518
48.8 -0.138054
48.9 1.37181
49 -0.531315
49.1 0.635616
49.2 -0.780893
49.3 0.18978
49.4 -0.4409
49.5 0.517445
49.6 -1.25778
49.7 -1.35802
49.8 0.353981
49.9 0.111383
