0 0.327812
0.1 0.738513
0.2 -2.01686
0.3 0.873505
0.4 -0.128027
0.5 0.973087
0.6 0.0707141
0.7 0.280463
0.8 1.12988
0.9 -1.16752
1 0.202836
1.1 0.483263
1.2 0.967225
1.3 0.264645
1.4 -0.853466
1.5 0.212664
1.6 1.4768
1.7 -1.08676
1.8 -0.355734
1.9 0.520158
2 -0.0510185
2.1 -2.41521
2.2 -1.26847
2.3 -0.401331
2.4 -0.627124
2.5 -0.751179
2.6 0.10116
2.7 1.21412
2.8 -1.1001
2.9 -0.684301
3 -3.12897
3.1 -1.39138
3.2 -0.62331
3.3 3.25469
3.4 2.27686
3.5 -0.732475
3.6 0.504172
3.7 -1.56142
3.8 2.63657
3.9 0.870594
4 1.04064
4.1 0.2831
4.2 -1.72258
4.3 -0.322143
4.4 0.720134
4.5 1.60116
4.6 -1.56706
4.7 -3.98158
4.8 -3.28688
4.9 -3.79177
5 0.441552
5.1 -0.422288
5.2 -0.713468
5.3 0.534608
5.4 0.249156
5.5 0.428944
5.6 -1.92954
5.7 -2.4994
5.8 -1.15378
5.9 -0.334107
6 -1.6601
6.1 0.791007
6.2 0.594738
6.3 -0.227471
6.4 1.3819
6.5 1.58301
6.6 -1.89854
6.7 2.35042
6.8 1.64905
6.9 0.490453
7 -0.972863
7.1 0.681405
7.2 0.269297
7.3 1.24239
7.4 1.31154
7.5 0.00989927
7.6 0.241059
7.7 1.92134
7.8 -1.60901
7.9 -0.586339
8 -1.49285
8.1 0.575352
8.2 -0.801688
8.3 -0.00680279
8.4 0.730804
8.5 -0.512146
8.6 1.72835
8.7 -1.42401
8.8 -1.03605
8.9 2.09604
9 1.35875
9.1 -0.0619743
9.2 -0.518776
9.3 0.485752
9.4 0.755656
9.5 -0.100403
9.6 -0.745328
9.7 -1.00385
9.8 -0.376957
9.9 1.08789
10 1.18208
10.1 -0.58431
10.2 0.210368
10.3 0.713386
10.4 -2.81933
10.5 0.746981
10.6 0.270803
10.7 0.600584
10.8 1.77214
10.9 -0.711126
11 -1.25905
11.1 0.282294
11.2 -0.749398
11.3 -0.658851
11.4 -0.500447
11.5 -0.959681
11.6 -0.414178
11.7 -1.48797
11.8 -0.119986
11.9 -0.425408
12 1.26004
12.1 1.53708
12.2 2.20486
12.3 1.24272
12.4 1.18304
12.5 0.211856
12.6 -1.18552
12.7 -0.60781
12.8 -1.83747
12.9 0.195663
13 -1.82404
13.1 0.349496
13.2 1.45354
13.3 0.279824
13.4 1.3575
13.5 0.793375
13.6 1.02748
13.7 1.26078
13.8 -0.932194
13.9 2.15097
14 0.990723
14.1 -2.20474
14.2 0.374486
14.3 -0.217094
14.4 -0.200972
14.5 0.0475697
14.6 1.3299
14.7 1.39451
14.8 -0.384061
14.9 -0.124203
15 0.621631
15.1 -0.347645
15.2 -0.143776
15.3 1.17596
15.4 0.971138
15.5 0.263937
15.6 0.879851
15.7 -0.828081
15.8 -1.16878
15.9 -0.426201
16 1.95875
16.1 1.41089
16.2 0.00455599
16.3 2.6391
16.4 -0.946409
16.5 -0.806148
16.6 -1.44855
16.7 0.2374
16.8 -0.167515
16.9 -0.345092
17 -1.64388
17.1 0.1444
17.2 1.27767
17.3 -0.138709
17.4 -0.339668
17.5 -1.49053
17.6 -0.665794
17.7 0.0257245
17.8 0.330872
17.9 0.310467
18 1.35663
18.1 0.654865
18.2 1.04942
18.3 3.02011
18.4 0.59779
18.5 -1.28007
18.6 0.0675776
18.7 -0.33055
18.8 -0.84521
18.9 -0.83324
19 0.0400654
19.1 -0.0949222
19.2 0.867311
19.3 -3.04979
19.4 -0.778321
19.5 -0.274293
19.6 1.50214
19.7 0.274517
19.8 -0.526131
19.9 1.39665
20 0.104753
20.1 0.0548491
20.2 -0.167951
20.3 0.548965
20.4 -0.0953488
20.5 1.06533
20.6 0.265773
20.7 0.359594
20.8 3.12686
20.9 0.0151777
21 0.0346573
21.1 -0.236501
21.2 1.41786
21.3 1.15893
21.4 -0.193451
21.5 -1.50594
21.6 -0.359277
21.7 1.31097
21.8 0.406804
21.9 -0.0415513
22 -1.39553
22.1 -0.440209
22.2 1.3153
22.3 0.991375
22.4 -1.53327
22.5 -0.249783
22.6 0.380317
22.7 -1.01174
22.8 -0.678657
22.9 0.48471
23 -0.414807
23.1 1.38783
23.2 -0.102708
23.3 1.18513
23.4 0.872755
23.5 1.57822
23.6 0.551059
23.7 -1.70472
23.8 -0.271467
23.9 0.0110071
24 -1.83477
24.1 -0.974537
24.2 -0.860873
24.3 -0.482777
24.4 0.455626
24.5 0.173865
24.6 -0.946975
24.7 -0.988446
24.8 2.00708
24.9 0.647884
25 0.748875
25.1 1.0016
25.2 0.940596
25.3 -2.38806
25.4 -1.35091
25.5 0.555969
25.6 0.126765
25.7 0.510275
25.8 -0.00594186
25.9 1.59245
26 -0.368504
26.1 -1.53825
26.2 1.24222
26.3 1.23304
26.4 1.00438
26.5 1.90409
26.6 1.18179
26.7 0.646918
26.8 0.814336
26.9 0.403552
27 -0.838874
27.1 0.0803531
27.2 0.751345
27.3 0.58092
27.4 -0.138828
27.5 -1.63563
27.6 0.634602
27.7 -2.73915
27.8 -0.990604
27.9 1.14201
28 -0.46556
28.1 -0.00279511
28.2 0.104671
28.3 -0.360481
28.4 1.1118
28.5 -1.4114
28.6 0.316713
28.7 -2.89334
28.8 1.11707
28.9 0.0522838
29 0.771687
29.1 0.332487
29.2 -0.69851
29.3 -2.45523
29.4 -1.27563
29.5 -0.124358
29.6 -0.898181
29.7 0.480681
29.8 -0.331455
29.9 -1.79995
30 -1.29999
30.1 -0.957267
30.2 -1.29001
30.3 -2.18578
30.4 1.2468
30.5 -0.134767
30.6 -0.815274
30.7 -0.861026
30.8 -0.452036
30.9 -1.47471
31 -0.204411
31.1 -1.59298
31.2 1.41474
31.3 0.0276499
31.4 2.57739
31.5 -0.174043
31.6 1.18401
31.7 -1.14327
31.8 0.757699
31.9 -0.0474922
32 -1.99484
32.1 -0.678575
32.2 0.262121
32.3 1.55478
32.4 -1.60381
32.5 0.0275703
32.6 0.856475
32.7 0.302713
32.8 0.138075
32.9 -1.07465
33 -0.239218
33.1 -1.6189
33.2 1.02495
33.3 0.726497
33.4 -1.26404
33.5 -0.588801
33.6 -1.40264
33.7 0.447295
33.8 0.352169
33.9 1.21658
34 1.26542
34.1 1.10091
34.2 1.14997
34.3 -0.340739
34.4 1.22393
34.5 -1.04791
34.6 -1.59907
34.7 0.244831
34.8 -0.0286565
34.9 -0.523574
35 0.346675
35.1 1.31001
35.2 0.937147
35.3 0.77688
35.4 -0.0533588
35.5 -1.15481
35.6 -2.72576
35.7 -1.78144
35.8 0.913605
35.9 0.175718
36 1.23005
36.1 -0.59905
36.2 -0.101697
36.3 0.647997
36.4 1.17513
36.5 -0.0300682
36.6 -0.443097
36.7 -0.23536
36.8 0.75335
36.9 -0.146219
37 0.821006
37.1 0.173415
37.2 2.26893
37.3 0.154514
37.4 0.270548
37.5 -0.86353
37.6 0.342269
37.7 -0.0136752
37.8 -2.98845
37.9 0.510061
38 -0.822452
38.1 0.28541
38.2 1.20992
38.3 -1.35214
38.4 -1.30395
38.5 0.308421
38.6 -0.869127
38.7 2.12642
38.8 -0.593373
38.9 -0.792765
39 -0.168363
39.1 0.72928
39.2 -0.153196
39.3 1.27672
39.4 -0.0412489
39.5 0.0702933
39.6 1.55001
39.7 1.96086
39.8 1.72763
39.9 2.04651
40 -0.386732
40.1 0.394363
40.2 -0.068454
40.3 1.95427
40.4 -0.802944
40.5 -0.312225
40.6 -0.609466
40.7 2.00143
40.8 1.69604
40.9 0.656546
41 -0.986747
41.1 -2.50446
41.2 -0.774909
41.3 -1.59821
41.4 0.097913
41.5 1.21491
41.6 0.0353235
41.7 0.559883
41.8 -0.910003
41.9 0.897526
42 0.983978
42.1 -0.457225
42.2 -1.96278
42.3 -2.43847
42.4 -0.453783
42.5 1.91281
42.6 -2.3736
42.7 1.30802
42.8 1.5326
42.9 1.18337
43 0.36679
43.1 0.0786067
43.2 -0.677143
43.3 -1.2048
43.4 -0.492009
43.5 -1.56672
43.6 0.607067
43.7 0.661652
43.8 -0.150693
43.9 -0.0746105
44 -1.52389
44.1 0.938041
44.2 0.755957
44.3 0.261238
44.4 0.4373
44.5 -0.235344
44.6 -0.548046
44.7 -1.96213
44.8 -0.357978
44.9 1.99763
45 0.548698
45.1 -1.43596
45.2 -0.101084
45.3 -0.153237
45.4 0.297744
45.5 1.87188
45.6 -0.189663
45.7 -2.05187
45.8 -1.33523
45.9 -1.38913
46 -1.95511
46.1 -1.34653
46.2 -0.676427
46.3 0.678954
46.4 -0.689994
46.5 1.36791
46.6 -0.673426
46.7 0.157007
46.8 -0.609971
46.9 -1.87291
47 -0.317845
47.1 0.217009
47.2 1.72231
47.3 -0.816206
47.4 0.731607
47.5 1.22806
47.6 1.28025
47.7 1.56262
47.8 0.228711
47.9 -2.56236
48 0.10024
48.1 -0.876092
48.2 -0.351011
48.3 -0.336597
48.4 -0.420401
48.5 -1.32552
48.6 -0.135672
48.7 -0.599368
48.8 0.375125
48.9 1.52353
49 2.45158
49.1 1.0121
49.2 1.1359
49.3 1.36224
49.4 0.321415
49.5 1.34326
49.6 0.812401
49.7 -1.31717
49.8 -0.78357
49.9 0.181821
