0 1.53026
0.1 -0.641753
0.2 1.4458
0.3 1.04832
0.4 -0.386729
0.5 -0.960194
0.6 0.981326
0.7 -0.600149
0.8 -1.11362
0.9 -1.35042
1 0.0183778
1.1 0.587724
1.2 -0.414598
1.3 -1.69766
1.4 -0.284068
1.5 -0.0372193
1.6 -1.3507
1.7 0.0945835
1.8 -2.41261
1.9 1.3359
2 0.768014
2.1 1.86677
2.2 0.416171
2.3 -0.0353232
2.4 -0.401155
2.5 0.390911
2.6 1.51743
2.7 1.39786
2.8 0.314097
2.9 -1.64718
3 -0.123733
3.1 -0.768926
3.2 -0.296712
3.3 1.40181
3.4 0.190886
3.5 -2.34324
3.6 0.529976
3.7 -0.509592
3.8 0.711208
3.9 0.179955
4 1.47292
4.1 -0.505756
4.2 0.602572
4.3 -0.0753112
4.4 0.843354
4.5 0.221668
4.6 0.505959
4.7 1.71544
4.8 0.65293
4.9 -1.0473
5 0.208769
5.1 2.47624
5.2 -0.812261
5.3 1.60945
5.4 0.0115918
5.5 0.783266
5.6 -0.0770864
5.7 -0.304095
5.8 0.0122865
5.9 -0.71022
6 -0.722081
6.1 2.27848
6.2 1.28929
6.3 -0.918629
6.4 1.05104
6.5 0.749275
6.6 0.653346
6.7 -0.331435
6.8 1.22828
6.9 0.567694
7 -0.508428
7.1 2.58863
7.2 2.09689
7.3 -0.265174
7.4 0.656096
7.5 -0.0302155
7.6 1.19506
7.7 -0.487136
7.8 -1.1766
7.9 0.103059
8 -0.383278
8.1 0.13722
8.2 1.40356
8.3 0.740078
8.4 -1.51354
8.5 -0.483541
8.6 -0.835157
8.7 0.740634
8.8 -0.148081
8.9 1.28693
9 1.30164
9.1 -0.867565
9.2 0.423719
9.3 0.646239
9.4 -2.25399
9.5 -2.91037
9.6 0.821909
9.7 0.992796
9.8 0.276867
9.9 0.375698
10 0.208243
10.1 -0.277469
10.2 -3.0688
10.3 0.00829797
10.4 1.28294
10.5 0.571089
10.6 1.66928
10.7 -1.90228
10.8 1.42956
10.9 -0.214304
11 2.03413
11.1 0.373074
11.2 -0.886614
11.3 0.225502
11.4 -0.323951
11.5 0.499714
11.6 -1.40529
11.7 0.753518
11.8 1.12334
11.9 0.126067
12 1.45428
12.1 -0.385667
12.2 -2.34511
12.3 -0.267739
12.4 0.112402
12.5 0.660158
12.6 0.00426967
12.7 -1.26415
12.8 0.201053
12.9 1.13826
13 -2.12093
13.1 0.56655
13.2 -0.0629753
13.3 0.975385
13.4 -0.108403
13.5 0.0673898
13.6 -0.364274
13.7 -0.0986424
13.8 1.29767
13.9 0.652966
14 -0.897184
14.1 -0.596317
14.2 -0.428194
14.3 -0.599045
14.4 1.711
14.5 -1.02767
14.6 -2.01418
14.7 0.0423953
14.8 0.794118
14.9 -0.332056
15 0.314914
15.1 -0.0242263
15.2 1.22994
15.3 0.787086
15.4 -0.0269278
15.5 0.380942
15.6 1.82417
15.7 0.088204
15.8 0.334429
15.9 2.68547
16 0.536206
16.1 0.223476
16.2 -1.54249
16.3 -0.775398
16.4 0.508722
16.5 1.29706
16.6 2.09011
16.7 0.743033
16.8 -1.35149
16.9 -1.7364
17 0.95226
17.1 -1.08376
17.2 -1.21404
17.3 -0.747636
17.4 -2.48345
17.5 -0.302908
17.6 -0.271013
17.7 -1.67737
17.8 -1.65601
17.9 2.43687
18 0.430903
18.1 -0.150968
18.2 1.07249
18.3 -1.62076
18.4 -1.40455
18.5 -2.67643
18.6 1.58676
18.7 0.634342
18.8 -2.08527
18.9 -2.35432
19 -0.904771
19.1 -0.432579
19.2 -0.867457
19.3 -1.90216
19.4 0.927918
19.5 1.35389
19.6 -2.2058
19.7 1.86896
19.8 0.0855496
19.9 1.10367
20 0.47111
20.1 1.13275
20.2 0.736484
20.3 1.03145
20.4 -0.94393
20.5 0.212352
20.6 -1.11761
20.7 1.42364
20.8 1.31427
20.9 0.367163
21 -2.49574
21.1 -0.278601
21.2 0.595752
21.3 0.617367
21.4 1.11721
21.5 -0.716132
21.6 -0.866235
21.7 -0.747005
21.8 0.210042
21.9 -1.17885
22 -0.4253
22.1 1.28971
22.2 1.49873
22.3 -0.261935
22.4 0.116044
22.5 0.420015
22.6 -0.532702
22.7 -2.10933
22.8 -0.273961
22.9 -0.494815
23 -2.0845
23.1 -1.96172
23.2 -1.59498
23.3 -1.92937
23.4 -0.191698
23.5 -0.744062
23.6 0.524622
23.7 0.691965
23.8 0.169121
23.9 0.256828
24 -0.0121808
24.1 -2.07226
24.2 -1.24676
24.3 0.244588
24.4 -0.582064
24.5 -0.281915
24.6 0.362382
24.7 2.769
24.8 0.62365
24.9 -1.84104
25 -0.158874
25.1 0.100868
25.2 2.03871
25.3 -0.905552
25.4 -0.781879
25.5 -1.43357
25.6 -0.640624
25.7 -0.795562
25.8 -1.35548
25.9 -1.5128
26 -0.909399
26.1 0.268728
26.2 1.28392
26.3 1.2168
26.4 -1.84409
26.5 -1.07172
26.6 -0.711886
26.7 -0.207453
26.8 -0.0174531
26.9 -0.0712611
27 -1.06592
27.1 0.177704
27.2 -0.88617
27.3 1.25671
27.4 0.0613406
27.5 -1.48106
27.6 0.776558
27.7 -0.990318
27.8 1.02342
27.9 -1.15217
28 0.679957
28.1 2.54476
28.2 -0.834576
28.3 1.88856
28.4 -1.25425
28.5 -0.776279
28.6 -0.977581
28.7 -0.844143
28.8 -0.56358
28.9 0.148786
29 1.73708
29.1 -0.179731
29.2 -1.10364
29.3 -0.673754
29.4 -0.0285599
29.5 -0.291567
29.6 -0.0397663
29.7 2.15054
29.8 -0.722332
29.9 -0.12811
30 1.40564
30.1 -0.249812
30.2 -0.122789
30.3 0.15878
30.4 -1.57865
30.5 0.634879
30.6 -1.28081
30.7 1.02839
30.8 0.102141
30.9 1.81845
31 -1.48981
31.1 -2.70501
31.2 -1.04059
31.3 0.524511
31.4 0.890428
31.5 -1.324
31.6 -1.51638
31.7 0.0972341
31.8 -1.26563
31.9 0.992313
32 0.417641
32.1 2.73943
32.2 -0.316091
32.3 0.192327
32.4 0.0451833
32.5 0.956643
32.6 0.977271
32.7 -0.751887
32.8 -0.206986
32.9 1.67094
33 0.799875
33.1 2.91023
33.2 1.54924
33.3 0.767523
33.4 -0.491655
33.5 -1.28699
33.6 -0.483895
33.7 -0.931493
33.8 1.94265
33.9 0.242241
34 -0.698143
34.1 1.67004
34.2 1.91673
34.3 0.867499
34.4 0.135793
34.5 -1.4013
34.6 0.913327
34.7 0.122595
34.8 0.122506
34.9 0.175864
35 -0.622194
35.1 -2.57295
35.2 0.535507
35.3 -0.255776
35.4 0.843968
35.5 -0.533514
35.6 1.02531
35.7 -1.96932
35.8 1.05974
35.9 1.29341
36 -1.34361
36.1 -1.56402
36.2 1.01864
36.3 2.45253
36.4 -1.37402
36.5 -0.839276
36.6 0.0281412
36.7 1.49095
36.8 0.393964
36.9 1.31327
37 3.62568
37.1 2.08076
37.2 -1.2091
37.3 0.607007
37.4 0.622816
37.5 0.681624
37.6 1.28509
37.7 -0.654392
37.8 1.08579
37.9 -0.99035
38 0.244429
38.1 1.01754
38.2 0.167145
38.3 -0.00219614
38.4 -0.42515
38.5 1.16892
38.6 0.0430597
38.7 0.334051
38.8 -0.639721
38.9 -0.504159
39 -0.781289
39.1 1.37672
39.2 -1.88944
39.3 -0.618489
39.4 -0.228709
39.5 -0.594142
39.6 -0.0360394
39.7 -1.01696
39.8 -0.82494
39.9 0.637321
40 1.79229
40.1 -0.834162
40.2 0.0191876
40.3 0.634755
40.4 -1.01298
40.5 -0.0844317
40.6 -0.663801
40.7 -0.185604
40.8 0.591618
40.9 -0.971631
41 -0.118027
41.1 0.933649
41.2 1.17186
41.3 -0.384406
41.4 -1.68208
41.5 -0.0677242
41.6 0.198977
41.7 -0.716772
41.8 -0.601493
41.9 -0.145516
42 -1.23663
42.1 -0.379232
42.2 -1.04637
42.3 -0.624143
42.4 -0.182128
42.5 -1.99111
42.6 -1.52302
42.7 0.616874
42.8 0.76986
42.9 -1.4547
43 -0.168697
43.1 0.34176
43.2 1.06412
43.3 -0.0699469
43.4 -0.37035
43.5 -0.0741984
43.6 0.0328639
43.7 -0.357273
43.8 -0.822505
43.9 -1.38261
44 -0.942489
44.1 1.03643
44.2 1.4795
44.3 1.61721
44.4 0.605296
44.5 0.666352
44.6 0.238274
44.7 0.0733907
44.8 0.253198
44.9 0.0106744
45 0.173062
45.1 -1.93793
45.2 -1.29736
45.3 0.766475
45.4 0.187951
45.5 -0.639064
45.6 -1.66268
45.7 -1.4255
45.8 0.928612
45.9 0.083631
46 0.215716
46.1 -1.7084
46.2 -0.382437
46.3 1.82041
46.4 2.60561
46.5 -0.624708
46.6 0.132681
46.7 0.0867539
46.8 -0.788173
46.9 -0.0618942
47 0.79037
47.1 0.119501
47.2 -1.31496
47.3 1.56493
47.4 0.545162
47.5 0.339258
47.6 -1.44609
47.7 -0.512744
47.8 1.27332
47.9 -0.458149
48 -1.09558
48.1 -0.255452
48.2 -0.764064
48.3 1.20504
48.4 -1.22802
48.5 0.109487
48.6 0.455335
48.7 1.44763
48.8 -0.311451
48.9 0.254268
49 -0.587417
49.1 -1.97603
49.2 2.68436
49.3 -0.357308
49.4 0.855799
49.5 -1.17579
49.6 2.5784
49.7 -0.296108
49.8 1.20828
49.9 -0.619787
