0 0.198116
0.1 0.78235
0.2 2.07864
0.3 1.19338
0.4 1.79351
0.5 -1.47244
0.6 0.317247
0.7 -0.630776
0.8 -0.635977
0.9 -0.135865
1 0.0540226
1.1 -0.699282
1.2 2.20604
1.3 -0.0507839
1.4 0.209258
1.5 0.395133
1.6 -0.716092
1.7 1.00973
1.8 -1.31755
1.9 -1.94205
2 -0.853845
2.1 -0.862394
2.2 -0.288531
2.3 -1.00313
2.4 -0.334759
2.5 -0.324209
2.6 1.17029
2.7 -0.31444
2.8 -0.693358
2.9 2.05718
3 -0.593182
3.1 0.976477
3.2 1.11636
3.3 -0.221393
3.4 -0.764448
3.5 -0.220857
3.6 -1.5652
3.7 -0.666656
3.8 1.73985
3.9 0.286347
4 -0.263189
4.1 0.573405
4.2 -0.140425
4.3 -0.634617
4.4 -0.901078
4.5 0.720315
4.6 0.593977
4.7 0.27934
4.8 -1.90535
4.9 -0.778135
5 0.64693
5.1 -1.55783
5.2 0.409641
5.3 0.812275
5.4 -0.90019
5.5 -0.396029
5.6 -0.470186
5.7 1.02914
5.8 1.04084
5.9 -0.824369
6 0.44114
6.1 0.0269994
6.2 -0.210347
6.3 0.0773832
6.4 -0.516829
6.5 -0.825284
6.6 -0.813726
6.7 1.71511
6.8 -0.389414
6.9 0.541553
7 -1.14907
7.1 -0.451159
7.2 -0.846118
7.3 -1.06225
7.4 -0.496973
7.5 -0.581999
7.6 -0.609373
7.7 -0.169411
7.8 0.640114
7.9 -0.185229
8 -0.617846
8.1 0.155371
8.2 -0.605941
8.3 -0.552905
8.4 0.502164
8.5 -0.85839
8.6 -0.0670105
8.7 1.28747
8.8 -0.434655
8.9 0.761624
9 -0.661299
9.1 3.37069
9.2 0.213757
9.3 -0.246943
9.4 1.05745
9.5 -0.546317
9.6 0.916941
9.7 2.33893
9.8 -0.51012
9.9 0.589543
10 0.347823
10.1 0.965185
10.2 0.312172
10.3 0.622064
10.4 0.11123
10.5 -0.222171
10.6 0.179975
10.7 -2.19942
10.8 0.727043
10.9 -1.57937
11 -0.273278
11.1 -0.195301
11.2 -0.00476888
11.3 -1.8077
11.4 -0.290806
11.5 0.0551
11.6 -0.0180489
11.7 -0.346571
11.8 0.309244
11.9 -1.19993
12 -1.35513
12.1 1.05588
12.2 0.742451
12.3 1.5957
12.4 1.78382
12.5 -0.913743
12.6 -1.53097
12.7 -0.0102363
12.8 -1.14618
12.9 -1.66653
13 0.311159
13.1 -0.294582
13.2 0.933108
13.3 0.0602289
13.4 0.0646585
13.5 0.585248
13.6 0.59223
13.7 -0.31642
13.8 0.205648
13.9 -0.789294
14 0.109362
14.1 -2.26867
14.2 0.632903
14.3 2.7015
14.4 -0.277716
14.5 -0.636711
14.6 -0.37859
14.7 -0.00243787
14.8 -1.99754
14.9 -0.571371
15 0.11801
15.1 -0.333275
15.2 1.71233
15.3 -2.78726
15.4 -1.34893
15.5 2.23941
15.6 -1.32302
15.7 0.491778
15.8 -0.722492
15.9 0.115522
16 -0.824394
16.1 -1.27651
16.2 0.409341
16.3 0.101944
16.4 1.21017
16.5 -0.127193
16.6 -1.35743
16.7 1.16317
16.8 -0.886408
16.9 -1.04869
17 0.328594
17.1 -0.236263
17.2 -0.601249
17.3 -0.86326
17.4 1.49978
17.5 -0.536489
17.6 2.51474
17.7 1.36748
17.8 1.55705
17.9 -0.73366
18 0.356285
18.1 -0.231557
18.2 -1.23023
18.3 -0.488645
18.4 0.922733
18.5 -1.36782
18.6 0.0378711
18.7 0.732062
18.8 -1.55517
18.9 -0.288645
19 1.63839
19.1 -0.337501
19.2 0.859345
19.3 1.49108
19.4 1.05689
19.5 -1.14878
19.6 1.02089
19.7 -1.29641
19.8 -0.640541
19.9 0.553362
20 -2.92478
20.1 -0.914675
20.2 -0.134556
20.3 -0.828226
20.4 1.02569
20.5 2.25799
20.6 -0.57168
20.7 -1.53354
20.8 1.69172
20.9 -0.0904215
21 0.960153
21.1 0.668202
21.2 -0.116235
21.3 -1.52083
21.4 0.989342
21.5 -0.547154
21.6 -0.452313
21.7 -1.29311
21.8 0.220907
21.9 -2.79404
22 0.47581
22.1 0.795378
22.2 0.262152
22.3 -1.29476
22.4 -0.118061
22.5 -0.847489
22.6 0.341865
22.7 -1.10109
22.8 -0.036142
22.9 0.219657
23 -0.955831
23.1 0.773768
23.2 -0.74532
23.3 0.870338
23.4 -0.642587
23.5 -0.432692
23.6 -0.688512
23.7 0.362688
23.8 0.422498
23.9 0.59034
24 -0.616908
24.1 -0.465685
24.2 1.04289
24.3 0.23679
24.4 1.65596
24.5 2.21204
24.6 0.383668
24.7 -1.41977
24.8 -0.0556371
24.9 2.1524
25 1.33906
25.1 -1.43141
25.2 -0.126766
25.3 -0.714344
25.4 -0.253709
25.5 1.14706
25.6 0.59003
25.7 -0.0371923
25.8 2.32151
25.9 1.13471
26 -1.37599
26.1 -0.0334773
26.2 0.240515
26.3 0.616936
26.4 -0.927762
26.5 2.23636
26.6 -1.17136
26.7 0.998682
26.8 0.382127
26.9 2.70352
27 -0.0456009
27.1 0.144907
27.2 -1.35854
27.3 -0.0606435
27.4 0.507951
27.5 0.306164
27.6 -0.13616
27.7 0.782196
27.8 1.55034
27.9 -1.94137
28 0.0126689
28.1 -0.295833
28.2 0.366483
28.3 -0.135876
28.4 0.598631
28.5 -0.357981
28.6 -0.362225
28.7 -0.425266
28.8 -0.270316
28.9 -1.32049
29 0.473641
29.1 -0.151241
29.2 0.436564
29.3 -0.918295
29.4 1.94098
29.5 0.152885
29.6 -1.07322
29.7 0.080169
29.8 1.41767
29.9 0.735793
30 -0.366802
30.1 -2.4092
30.2 -0.601435
30.3 0.350876
30.4 0.517017
30.5 -0.379709
30.6 0.609061
30.7 0.45498
30.8 0.171914
30.9 1.77333
31 0.842777
31.1 -0.329678
31.2 -0.850247
31.3 -1.30492
31.4 -0.958197
31.5 0.200301
31.6 -0.208287
31.7 -0.383543
31.8 -2.3831
31.9 -1.9498
32 0.148756
32.1 -0.01895
32.2 -0.426349
32.3 1.42122
32.4 -0.389283
32.5 0.320489
32.6 0.471014
32.7 0.14607
32.8 2.35442
32.9 0.225245
33 0.21631
33.1 0.519193
33.2 -0.348667
33.3 -2.20494
33.4 -0.491666
33.5 -1.10463
33.6 -1.65334
33.7 1.09124
33.8 1.25862
33.9 2.54312
34 -0.993527
34.1 -0.385444
34.2 0.24474
34.3 0.282346
34.4 0.0990611
34.5 0.396866
34.6 0.5695
34.7 0.611285
34.8 -0.284306
34.9 -2.68268
35 -0.487474
35.1 0.600129
35.2 -0.344621
35.3 -1.25245
35.4 1.14414
35.5 -0.0730227
35.6 -0.975527
35.7 -1.69023
35.8 1.71683
35.9 0.297468
36 -2.11803
36.1 -0.771517
36.2 0.117243
36.3 -0.0148219
36.4 0.0516901
36.5 0.717218
36.6 -1.12023
36.7 -0.139161
36.8 -1.55506
36.9 -0.785047
37 1.23791
37.1 0.639637
37.2 0.574633
37.3 0.745797
37.4 -0.379873
37.5 0.827186
37.6 0.087341
37.7 0.298601
37.8 0.624542
37.9 -0.431858
38 0.210539
38.1 -0.209545
38.2 1.53143
38.3 -1.12589
38.4 0.33797
38.5 -0.890365
38.6 2.04625
38.7 -0.404782
38.8 0.486114
38.9 -0.971367
39 1.39945
39.1 1.36605
39.2 -0.0838812
39.3 -0.466307
39.4 1.45093
39.5 1.06737
39.6 -0.826153
39.7 0.42284
39.8 -0.765382
39.9 -1.50661
40 2.11115
40.1 0.708818
40.2 0.518382
40.3 -1.93708
40.4 -1.80081
40.5 0.890173
40.6 -0.995352
40.7 0.22275
40.8 -0.221752
40.9 1.60944
41 1.21183
41.1 -0.580874
41.2 1.21356
41.3 1.4375
41.4 -1.24817
41.5 0.430524
41.6 -0.60957
41.7 0.817388
41.8 0.590376
41.9 -0.756909
42 -1.20679
42.1 1.06973
42.2 0.842112
42.3 -1.13014
42.4 -0.508447
42.5 -0.105748
42.6 -1.52073
42.7 -0.330718
42.8 0.455253
42.9 0.180696
43 -0.488719
43.1 0.322128
43.2 -0.637337
43.3 1.79851
43.4 -0.31953
43.5 0.746126
43.6 -1.3332
43.7 1.60547
43.8 -1.22593
43.9 -0.838189
44 0.0078408
44.1 -0.0618206
44.2 -0.863675
44.3 1.84505
44.4 0.352291
44.5 -1.50483
44.6 -0.0171363
44.7 -0.135514
44.8 0.150524
44.9 0.415466
45 -2.06884
45.1 -0.367763
45.2 -0.273872
45.3 0.349491
45.4 -0.361193
45.5 0.405729
45.6 -0.747575
45.7 0.740243
45.8 -0.684742
45.9 1.11393
46 1.00207
46.1 1.58698
46.2 -2.59572
46.3 -0.506321
46.4 1.22068
46.5 1.91097
46.6 -0.405234
46.7 -0.419419
46.8 -0.896696
46.9 2.45769
47 0.399884
47.1 1.69549
47.2 0.55742
47.3 -0.959196
47.4 -0.790594
47.5 -0.34195
47.6 2.7342
47.7 0.360989
47.8 0.620797
47.9 -0.354546
48 1.43412
48.1 -0.341265
48.2 1.11039
48.3 -0.423451
48.4 0.128315
48.5 0.303489
48.6 -0.0470089
48.7 -0.404238
48.8 0.211177
48.9 -0.306204
49 0.713119
49.1 -1.91321
49.2 -1.92461
49.3 1.2858
49.4 -0.231689
49.5 0.337708
49.6 -1.51398
49.7 -0.48474
49.8 1.05996
49.9 0.890006
