0 1.55178
0.1 0.233408
0.2 0.709067
0.3 0.693357
0.4 -0.299921
0.5 2.43387
0.6 -0.567904
0.7 0.0936618
0.8 -1.7319
0.9 1.00841
1 1.42234
1.1 1.1601
1.2 -0.768066
1.3 -0.998066
1.4 0.48831
1.5 -0.476288
1.6 -1.48694
1.7 -0.276332
1.8 0.307166
1.9 -0.0173846
2 0.485079
2.1 0.191573
2.2 0.133583
2.3 -0.411987
2.4 -1.86623
2.5 -0.807219
2.6 -0.976825
2.7 1.91377
2.8 -0.0283984
2.9 0.206443
3 0.294019
3.1 1.57831
3.2 0.780172
3.3 0.246776
3.4 -0.116988
3.5 -1.18668
3.6 -2.13336
3.7 0.296067
3.8 -2.09298
3.9 0.553751
4 0.284865
4.1 0.0853631
4.2 -0.678212
4.3 -1.31713
4.4 0.653829
4.5 0.48859
4.6 -0.187073
4.7 0.167781
4.8 -0.270679
4.9 0.49118
5 -1.41207
5.1 -0.963734
5.2 2.57662
5.3 1.71366
5.4 -0.608559
5.5 0.954802
5.6 1.57431
5.7 -0.325283
5.8 -0.228554
5.9 -0.401546
6 -0.10309
6.1 1.04624
6.2 1.9617
6.3 -0.544877
6.4 -0.441526
6.5 2.00738
6.6 -0.358953
6.7 -1.08463
6.8 -2.00765
6.9 -0.869942
7 -0.340881
7.1 -1.46488
7.2 0.349647
7.3 0.358141
7.4 -1.29148
7.5 1.08932
7.6 -1.21839
7.7 -0.578162
7.8 -0.097451
7.9 -0.539734
8 0.800745
8.1 -0.513237
8.2 -0.928458
8.3 -0.382258
8.4 2.49643
8.5 0.607303
8.6 0.233936
8.7 1.0969
8.8 0.6845
8.9 2.29203
9 0.275569
9.1 0.530166
9.2 -0.190591
9.3 0.0656453
9.4 -0.246319
9.5 0.0279391
9.6 0.618493
9.7 0.491328
9.8 -0.190229
9.9 -2.67565
10 0.454431
10.1 0.628127
10.2 -1.0218
10.3 -1.70072
10.4 -1.81858
10.5 0.2688
10.6 1.12666
10.7 -0.0762012
10.8 1.66171
10.9 0.250694
11 2.21582
11.1 1.08577
11.2 -1.14064
11.3 -1.08637
11.4 0.906954
11.5 -0.142227
11.6 1.01202
11.7 2.12559
11.8 0.667975
11.9 0.729432
12 1.51513
12.1 -1.95186
12.2 0.244365
12.3 0.735987
12.4 0.573093
12.5 -2.37044
12.6 -1.37621
12.7 0.606621
12.8 0.536581
12.9 -1.9403
13 -1.29111
13.1 0.282052
13.2 0.811477
13.3 2.88777
13.4 1.33153
13.5 -0.430863
13.6 1.42297
13.7 0.195786
13.8 0.982108
13.9 -0.310919
14 0.161622
14.1 2.47064
14.2 0.729238
14.3 -0.0715216
14.4 -1.23088
14.5 1.43053
14.6 -2.00999
14.7 1.06083
14.8 0.706781
14.9 0.186859
15 -0.458935
15.1 0.765113
15.2 -0.606094
15.3 0.446079
15.4 0.904282
15.5 -2.17164
15.6 -0.184505
15.7 1.27347
15.8 -1.03352
15.9 0.0220017
16 1.04917
16.1 0.912351
16.2 -0.342684
16.3 0.750276
16.4 -0.943212
16.5 -1.53772
16.6 0.0532736
16.7 0.257895
16.8 -0.884825
16.9 -1.99845
17 -0.679772
17.1 0.114545
17.2 1.54692
17.3 -1.5322
17.4 0.697792
17.5 -2.15545
17.6 0.330339
17.7 -0.451943
17.8 1.34124
17.9 -0.210645
18 -1.75741
18.1 2.57633
18.2 -1.21735
18.3 1.03469
18.4 -0.792535
18.5 -0.243891
18.6 3.10987
18.7 1.06968
18.8 -2.85307
18.9 -0.060184
19 1.02461
19.1 -1.12264
19.2 0.265229
19.3 -0.877888
19.4 -0.408925
19.5 -1.17958
19.6 -0.455294
19.7 -1.67005
19.8 -2.08686
19.9 -0.297586
20 0.065146
20.1 -0.284137
20.2 -0.937615
20.3 1.55747
20.4 -1.06609
20.5 1.28057
20.6 1.50232
20.7 -0.500774
20.8 -0.38717
20.9 0.468694
21 0.729861
21.1 1.58873
21.2 -1.18057
21.3 -1.55018
21.4 -3.58341
21.5 -1.1474
21.6 1.2017
21.7 1.69377
21.8 -1.57084
21.9 0.796587
22 -0.666261
22.1 -1.26762
22.2 -0.743552
22.3 0.624725
22.4 -0.774033
22.5 -1.69264
22.6 1.6776
22.7 0.705947
22.8 -0.0387619
22.9 0.451334
23 0.112106
23.1 -0.172608
23.2 0.83102
23.3 -0.237056
23.4 1.82978
23.5 0.97332
23.6 -0.286072
23.7 1.12908
23.8 1.58394
23.9 -0.111582
24 0.46076
24.1 -2.11367
24.2 -0.942712
24.3 -0.473799
24.4 0.916838
24.5 0.0962333
24.6 1.0114
24.7 -0.901447
24.8 0.267096
24.9 0.411393
25 0.0752532
25.1 -0.553129
25.2 0.593442
25.3 -0.139085
25.4 0.728748
25.5 0.01451
25.6 1.3899
25.7 1.25864
25.8 0.191225
25.9 -1.0148
26 -0.575879
26.1 -0.387088
26.2 -1.39303
26.3 -0.347786
26.4 0.812742
26.5 0.192029
26.6 1.10974
26.7 -0.158227
26.8 -0.292356
26.9 -1.50653
27 -0.596805
27.1 -0.25379
27.2 0.900887
27.3 -0.163727
27.4 0.161175
27.5 -0.478053
27.6 0.997112
27.7 -1.05966
27.8 0.17435
27.9 1.93747
28 -3.22093
28.1 -0.0958887
28.2 -2.17648
28.3 -2.50417
28.4 1.34353
28.5 -1.3558
28.6 1.2983
28.7 -1.94126
28.8 0.60136
28.9 -0.781833
29 2.18418
29.1 -1.44915
29.2 0.786411
29.3 -1.51485
29.4 -0.993455
29.5 -0.913514
29.6 -0.217744
29.7 -2.16521
29.8 -0.676489
29.9 -1.56671
30 1.81761
30.1 0.62778
30.2 1.54401
30.3 -1.5865
30.4 -0.561729
30.5 -0.3555
30.6 -0.759469
30.7 0.311534
30.8 -1.3378
30.9 0.546268
31 -1.67269
31.1 -0.138538
31.2 -0.416595
31.3 1.05018
31.4 0.699
31.5 0.616597
31.6 -2.5533
31.7 -0.277989
31.8 -1.4612
31.9 -1.35893
32 -0.172741
32.1 -1.20073
32.2 0.0281631
32.3 -0.649869
32.4 0.109527
32.5 -0.331043
32.6 0.0637973
32.7 0.963622
32.8 1.0674
32.9 1.40823
33 0.000115557
33.1 0.243365
33.2 1.36241
33.3 -0.381146
33.4 0.0929969
33.5 -1.28392
33.6 1.0061
33.7 -0.377281
33.8 -1.14175
33.9 -1.81393
34 1.57381
34.1 -0.371171
34.2 0.521854
34.3 2.32456
34.4 0.0252246
34.5 0.135954
34.6 -1.35111
34.7 0.857588
34.8 0.0268054
34.9 -0.825782
35 0.648874
35.1 2.18819
35.2 -1.64372
35.3 0.00818264
35.4 -0.00467553
35.5 0.593391
35.6 -0.558037
35.7 0.371976
35.8 0.162379
35.9 -0.499975
36 0.422627
36.1 0.598592
36.2 1.21664
36.3 0.600238
36.4 -0.0543487
36.5 0.165644
36.6 -2.95097
36.7 -1.70605
36.8 1.14161
36.9 0.427199
37 0.813047
37.1 -0.202136
37.2 -0.401296
37.3 0.0951831
37.4 0.00421398
37.5 0.906802
37.6 1.18898
37.7 1.47092
37.8 -1.03431
37.9 1.03054
38 0.341336
38.1 0.557543
38.2 -0.187975
38.3 1.28414
38.4 -0.404421
38.5 0.538699
38.6 1.1531
38.7 -1.20375
38.8 -0.527946
38.9 -0.0262161
39 -2.88976
39.1 -0.135996
39.2 -1.11298
39.3 -2.49944
39.4 -2.53166
39.5 2.78082
39.6 -0.207734
39.7 1.71169
39.8 2.53633
39.9 -0.348645
40 1.32187
40.1 1.03479
40.2 -0.775998
40.3 0.0211255
40.4 0.421714
40.5 0.375204
40.6 0.115727
40.7 -0.0625183
40.8 -0.849688
40.9 0.735957
41 -1.34408
41.1 -0.919132
41.2 0.348455
41.3 1.01709
41.4 0.953001
41.5 -0.365131
41.6 0.992435
41.7 2.21689
41.8 0.0755636
41.9 -0.509424
42 -0.642156
42.1 0.365048
42.2 -0.153607
42.3 -1.34662
42.4 0.0486191
42.5 -1.358
42.6 -0.941041
42.7 0.762478
42.8 0.734469
42.9 -0.483448
43 -0.296609
43.1 1.48246
43.2 0.219954
43.3 0.940518
43.4 -2.85863
43.5 -0.919177
43.6 0.112231
43.7 0.797926
43.8 -1.3306
43.9 -0.0354117
44 1.49526
44.1 0.529756
44.2 1.46696
44.3 0.0706699
44.4 -0.500923
44.5 0.765532
44.6 -0.513444
44.7 -0.485399
44.8 -0.350566
44.9 0.0768565
45 -0.679014
45.1 0.320645
45.2 1.00873
45.3 0.971474
45.4 0.29341
45.5 1.2787
45.6 0.247139
45.7 0.847205
45.8 -0.235823
45.9 -0.967218
46 -0.215182
46.1 -0.713724
46.2 0.44629
46.3 1.14662
46.4 0.56815
46.5 -1.47422
46.6 -1.15438
46.7 0.387598
46.8 2.00527
46.9 -1.30482
47 0.487289
47.1 -1.27327
47.2 -1.08759
47.3 -2.00837
47.4 1.22767
47.5 0.208532
47.6 0.67532
47.7 -2.10575
47.8 -0.396887
47.9 0.028712
48 0.0948453
48.1 1.35704
48.2 -0.0966331
48.3 -0.412388
48.4 1.22938
48.5 1.43902
48.6 2.6414
48.7 1.00796
48.8 -0.27086
48.9 -0.637678
49 -0.287193
49.1 -1.35604
49.2 0.482332
49.3 -0.209351
49.4 0.527764
49.5 -0.453776
49.6 0.846478
49.7 0.69515
49.8 -0.145142
49.9 -0.973799
