0 4.26288
0.1 3.69612
0.2 0.12784
0.3 1.60573
0.4 0.637231
0.5 0.147759
0.6 1.06266
0.7 0.192683
0.8 2.5592
0.9 0.898529
1 1.30871
1.1 0.701119
1.2 0.321052
1.3 -1.15763
1.4 -0.0216103
1.5 -0.887655
1.6 -2.76218
1.7 -4.7613
1.8 -3.17353
1.9 -1.91708
2 -2.06723
2.1 -1.78213
2.2 -3.5697
2.3 -1.17554
2.4 1.61622
2.5 1.65402
2.6 0.33804
2.7 2.76824
2.8 1.09642
2.9 -0.0478709
3 -3.00196
3.1 -1.71935
3.2 -0.132644
3.3 1.46236
3.4 -1.69406
3.5 4.07872
3.6 3.66995
3.7 2.03779
3.8 -1.26458
3.9 2.30548
4 0.822407
4.1 0.235707
4.2 1.976
4.3 -0.0408234
4.4 3.33099
4.5 4.63297
4.6 2.06782
4.7 -1.27895
4.8 0.170561
4.9 0.428423
5 -2.48834
5.1 -0.193944
5.2 -1.58828
5.3 -0.0119941
5.4 -0.565157
5.5 0.656328
5.6 0.73417
5.7 0.579731
5.8 0.144437
5.9 -1.26672
6 3.42211
6.1 2.97622
6.2 2.33986
6.3 2.91198
6.4 2.96045
6.5 1.25258
6.6 2.92294
6.7 3.16741
6.8 -0.483118
6.9 1.38408
7 0.011781
7.1 2.64627
7.2 2.13388
7.3 1.49173
7.4 1.13456
7.5 -1.13432
7.6 -2.64756
7.7 -2.34878
7.8 0.486674
7.9 4.72667
8 1.14538
8.1 0.150753
8.2 0.00101564
8.3 -1.88006
8.4 3.67612
8.5 4.31142
8.6 2.87175
8.7 0.975814
8.8 3.61833
8.9 2.23715
9 2.91493
9.1 1.61271
9.2 0.0455154
9.3 -0.441874
9.4 0.275579
9.5 0.229443
9.6 1.2768
9.7 1.76542
9.8 0.343096
9.9 -1.65947
10 0.0530256
10.1 -0.886231
10.2 1.55673
10.3 0.577252
10.4 0.523678
10.5 -0.00325007
10.6 -2.10249
10.7 -1.68113
10.8 -2.33799
10.9 -0.81236
11 -1.27478
11.1 1.71535
11.2 3.17211
11.3 -1.00367
11.4 -2.16034
11.5 -0.375921
11.6 1.05097
11.7 0.650244
11.8 -0.206715
11.9 0.626291
12 0.173606
12.1 -0.198859
12.2 -0.580217
12.3 -0.688301
12.4 0.309398
12.5 0.509001
12.6 2.91813
12.7 -0.0777357
12.8 0.36523
12.9 1.33052
13 1.86549
13.1 1.42823
13.2 1.04541
13.3 -1.06489
13.4 0.583284
13.5 0.625918
13.6 -0.564932
13.7 0.492042
13.8 -1.81539
13.9 1.46712
14 3.92915
14.1 4.74797
14.2 3.40421
14.3 -0.016282
14.4 0.371536
14.5 0.81163
14.6 0.7432
14.7 0.767843
14.8 0.275578
14.9 1.87298
15 1.65774
15.1 -0.0785009
15.2 -0.2873
15.3 1.05332
15.4 0.312241
15.5 -3.93932
15.6 -1.85592
15.7 1.25706
15.8 1.56122
15.9 1.30295
16 0.288077
16.1 -2.54532
16.2 0.482519
16.3 0.599418
16.4 -1.10326
16.5 -1.48347
16.6 0.272625
16.7 0.195025
16.8 1.50458
16.9 -1.33025
17 0.0872286
17.1 -4.37389
17.2 -1.66961
17.3 -0.463609
17.4 1.06071
17.5 -1.37654
17.6 -3.2063
17.7 -2.14127
17.8 -2.6482
17.9 -1.41387
18 -0.470394
18.1 0.314468
18.2 -1.54688
18.3 -0.215414
18.4 0.200475
18.5 3.27257
18.6 -0.829547
18.7 -0.575153
18.8 0.0697557
18.9 -0.798244
19 -1.08131
19.1 1.51027
19.2 3.97259
19.3 2.27649
19.4 1.75232
19.5 -1.71279
19.6 -4.60014
19.7 -2.88361
19.8 -1.37292
19.9 -2.10197
20 -2.63946
20.1 -3.78616
20.2 -1.6733
20.3 -2.38771
20.4 -2.28128
20.5 -1.75627
20.6 -0.343879
20.7 -0.44291
20.8 -0.390291
20.9 -0.333135
21 -1.51084
21.1 -1.65774
21.2 1.20562
21.3 0.568768
21.4 -0.416709
21.5 -0.26161
21.6 -1.38734
21.7 -0.525538
21.8 0.998988
21.9 -3.45229
22 -2.08515
22.1 -3.01048
22.2 -1.33592
22.3 -1.94055
22.4 -0.939422
22.5 -1.68672
22.6 -1.83981
22.7 -0.0509204
22.8 0.292182
22.9 0.369892
23 -2.99453
23.1 2.01995
23.2 0.876618
23.3 0.0109025
23.4 0.980411
23.5 -0.953247
23.6 0.868456
23.7 -0.831626
23.8 -1.22445
23.9 -0.474183
24 -1.12572
24.1 -0.646854
24.2 -2.63215
24.3 1.39114
24.4 -2.45739
24.5 2.58855
24.6 0.62474
24.7 -0.884748
24.8 -0.904921
24.9 0.82622
25 -0.981755
25.1 -3.02302
25.2 -3.43021
25.3 -1.85222
25.4 -1.27187
25.5 0.400191
25.6 2.34207
25.7 1.08031
25.8 -0.654023
25.9 -0.594363
26 0.357043
26.1 -2.50506
26.2 -0.325335
26.3 -0.784502
26.4 -2.94179
26.5 -3.76232
26.6 -0.564526
26.7 -3.5443
26.8 -2.80262
26.9 1.20989
27 -0.675622
27.1 -0.729264
27.2 0.183955
27.3 0.141868
27.4 2.23908
27.5 -0.541524
27.6 -0.256111
27.7 -0.695316
27.8 0.582144
27.9 -0.0606093
28 -3.97657
28.1 -0.197309
28.2 0.621898
28.3 0.144463
28.4 -2.08194
28.5 0.658852
28.6 2.11195
28.7 0.319624
28.8 0.47209
28.9 -0.189032
29 1.4627
29.1 1.11894
29.2 -2.8042
29.3 -0.960171
29.4 -1.29468
29.5 -4.65776
29.6 -3.15954
29.7 -0.6649
29.8 3.36914
29.9 1.22781
30 0.798495
30.1 -0.373767
30.2 3.50451
30.3 4.67858
30.4 -1.02647
30.5 0.383168
30.6 -6.34732
30.7 -4.98673
30.8 -4.7452
30.9 -7.32163
31 -4.21219
31.1 -2.50572
31.2 -3.30795
31.3 -0.583479
31.4 -1.16709
31.5 -1.43116
31.6 -2.65149
31.7 -1.56299
31.8 -1.68172
31.9 3.30521
32 1.7431
32.1 -4.48773
32.2 -0.678065
32.3 -0.0114232
32.4 1.93298
32.5 -0.280663
32.6 0.448717
32.7 -1.147
32.8 0.623797
32.9 -1.93978
33 -4.29262
33.1 -2.16806
33.2 1.61669
33.3 3.71909
33.4 2.6932
33.5 4.45946
33.6 -1.2972
33.7 -0.813284
33.8 1.18553
33.9 0.17738
34 2.19629
34.1 1.40014
34.2 0.385909
34.3 0.0889917
34.4 -0.669246
34.5 1.89344
34.6 -0.244344
34.7 -1.01024
34.8 0.647059
34.9 1.09159
35 1.19256
35.1 3.64265
35.2 1.68081
35.3 1.16963
35.4 0.639805
35.5 2.8279
35.6 1.15866
35.7 0.229606
35.8 -0.184649
35.9 0.16961
36 -0.503862
36.1 2.29128
36.2 -0.406994
36.3 -0.790224
36.4 2.62533
36.5 5.92047
36.6 3.31981
36.7 2.66998
36.8 0.999077
36.9 -2.06304
37 -0.678248
37.1 0.759653
37.2 1.06042
37.3 1.08918
37.4 0.482166
37.5 0.301057
37.6 2.08162
37.7 -0.592646
37.8 -1.82071
37.9 -1.87209
38 0.164769
38.1 1.20275
38.2 -1.35684
38.3 -3.59513
38.4 -4.69938
38.5 -3.94334
38.6 1.6547
38.7 0.638678
38.8 -1.10617
38.9 -0.00168531
39 -0.286329
39.1 -1.2147
39.2 1.13936
39.3 -0.508372
39.4 0.94959
39.5 -1.1318
39.6 -2.18467
39.7 -0.0889491
39.8 -0.999912
39.9 -1.08164
40 -2.82135
40.1 -0.65762
40.2 3.34215
40.3 -2.41469
40.4 -1.07101
40.5 0.298277
40.6 0.93527
40.7 -1.34546
40.8 -2.38706
40.9 0.78174
41 0.0563684
41.1 1.90165
41.2 1.55044
41.3 1.62939
41.4 3.19413
41.5 0.119793
41.6 -1.33875
41.7 -3.04583
41.8 -2.92097
41.9 -3.94948
42 -1.64033
42.1 -1.05649
42.2 1.84073
42.3 3.19325
42.4 2.16718
42.5 1.34403
42.6 1.06097
42.7 1.15502
42.8 0.982542
42.9 -0.858032
43 -0.0641518
43.1 2.03736
43.2 1.01868
43.3 -1.94443
43.4 -1.983
43.5 -1.19362
43.6 -1.33488
43.7 0.950186
43.8 0.676273
43.9 4.0795
44 2.33972
44.1 0.203737
44.2 -0.820526
44.3 -3.06692
44.4 -3.7625
44.5 -4.30481
44.6 -2.74718
44.7 -0.0928124
44.8 1.55491
44.9 0.0151021
45 -1.3252
45.1 1.46052
45.2 0.921036
45.3 -1.44049
45.4 -0.617663
45.5 -0.725452
45.6 -2.60812
45.7 -1.34981
45.8 -1.60146
45.9 0.229404
46 -0.743417
46.1 -0.714929
46.2 -0.941382
46.3 -5.53743
46.4 -0.381346
46.5 -2.54903
46.6 -3.26452
46.7 1.69777
46.8 2.79072
46.9 4.23516
47 4.32544
47.1 -0.24408
47.2 1.69778
47.3 1.48049
47.4 0.156679
47.5 2.25112
47.6 -0.641839
47.7 0.71259
47.8 3.04765
47.9 3.37434
48 6.0643
48.1 2.40369
48.2 0.303373
48.3 2.01052
48.4 0.248987
48.5 0.576674
48.6 1.32165
48.7 1.1011
48.8 0.503295
48.9 3.11328
49 -1.41
49.1 2.13999
49.2 1.78755
49.3 -0.102765
49.4 -0.333072
49.5 -2.39713
49.6 0.710452
49.7 -1.18029
49.8 1.78179
49.9 3.06485
