0 -1.78455
0.1 3.31195
0.2 0.728209
0.3 0.251818
0.4 1.0242
0.5 -0.4476
0.6 2.10778
0.7 1.12052
0.8 -1.04651
0.9 1.19587
1 0.166723
1.1 0.779942
1.2 1.73062
1.3 1.72454
1.4 -0.456298
1.5 -0.949823
1.6 -0.105195
1.7 -1.36904
1.8 -0.0542797
1.9 1.40295
2 -0.433605
2.1 -2.33588
2.2 -1.69304
2.3 0.175107
2.4 -0.428229
2.5 -1.59082
2.6 1.23901
2.7 -0.990446
2.8 -1.48682
2.9 -0.0447971
3 2.20272
3.1 0.152271
3.2 1.2337
3.3 0.890959
3.4 0.73261
3.5 -0.930806
3.6 -0.233316
3.7 -0.965362
3.8 0.947698
3.9 1.17466
4 0.208042
4.1 -0.31615
4.2 1.16168
4.3 1.03938
4.4 0.89818
4.5 1.08607
4.6 -1.573
4.7 0.517592
4.8 -0.288388
4.9 -2.28955
5 1.43778
5.1 -1.32763
5.2 -0.902529
5.3 -1.72304
5.4 -1.65298
5.5 0.178134
5.6 0.0609998
5.7 0.594799
5.8 -0.821657
5.9 0.8224
6 0.332907
6.1 0.134912
6.2 -1.13936
6.3 -1.00587
6.4 0.0147987
6.5 -0.230529
6.6 1.11389
6.7 -0.186396
6.8 0.466647
6.9 0.144497
7 1.87703
7.1 1.68014
7.2 -0.780688
7.3 -0.667065
7.4 -0.0631526
7.5 -1.40658
7.6 0.588709
7.7 -1.34631
7.8 -0.491328
7.9 -0.457432
8 0.324003
8.1 0.794903
8.2 -0.305745
8.3 -0.0716727
8.4 -0.732487
8.5 0.219594
8.6 -0.00682785
8.7 3.26923
8.8 0.366993
8.9 1.72469
9 1.96043
9.1 0.501084
9.2 0.511878
9.3 0.30686
9.4 0.48613
9.5 -0.0154291
9.6 0.783554
9.7 1.21456
9.8 -0.726925
9.9 -2.0904
10 -1.44186
10.1 -0.523093
10.2 0.0051203
10.3 0.219091
10.4 0.00705782
10.5 0.944222
10.6 0.00523745
10.7 0.707521
10.8 1.83119
10.9 0.0741698
11 0.015747
11.1 -1.15242
11.2 0.601919
11.3 -0.931712
11.4 -0.616417
11.5 0.525853
11.6 0.347133
11.7 -2.19175
11.8 -0.0380242
11.9 0.19531
12 -0.916873
12.1 0.569137
12.2 -0.466921
12.3 0.68954
12.4 -0.522008
12.5 -0.933747
12.6 -0.523967
12.7 -1.20307
12.8 0.895115
12.9 1.41857
13 0.138576
13.1 -0.435808
13.2 -0.583427
13.3 1.28619
13.4 0.551912
13.5 0.0837675
13.6 0.760052
13.7 -0.121343
13.8 0.6897
13.9 -0.29341
14 0.773828
14.1 -0.52449
14.2 0.099743
14.3 -0.226223
14.4 2.09101
14.5 1.26086
14.6 2.92716
14.7 0.394027
14.8 -1.25436
14.9 -1.55827
15 0.267538
15.1 1.52758
15.2 2.31053
15.3 -0.552799
15.4 -0.17169
15.5 -1.85103
15.6 1.79628
15.7 -0.480563
15.8 -2.10454
15.9 -1.68959
16 1.06931
16.1 -0.204201
16.2 -2.29318
16.3 0.44469
16.4 0.0570537
16.5 -1.4443
16.6 0.124271
16.7 -1.99138
16.8 1.09865
16.9 -0.261963
17 -0.814801
17.1 -0.382431
17.2 -0.265998
17.3 0.259763
17.4 -0.213532
17.5 -0.309682
17.6 0.699046
17.7 -1.87213
17.8 -1.05816
17.9 2.41751
18 0.504916
18.1 0.0466595
18.2 -1.55735
18.3 -0.880278
18.4 0.089913
18.5 0.0902581
18.6 -1.26192
18.7 -0.541983
18.8 0.190033
18.9 1.21562
19 -0.0207079
19.1 0.748194
19.2 -0.327294
19.3 1.02
19.4 1.16358
19.5 -1.85891
19.6 0.407087
19.7 -0.0210053
19.8 0.0928348
19.9 -0.703302
20 -0.0290815
20.1 -0.725472
20.2 -0.557913
20.3 0.43756
20.4 -1.67426
20.5 0.357951
20.6 0.0493779
20.7 1.32731
20.8 -0.86869
20.9 -1.16935
21 -1.38704
21.1 1.06381
21.2 1.1222
21.3 0.311589
21.4 -0.808563
21.5 -0.39728
21.6 -1.17408
21.7 -0.349106
21.8 1.4402
21.9 0.885482
22 0.594597
22.1 0.83944
22.2 0.512472
22.3 -0.443498
22.4 -1.4257
22.5 -0.0949679
22.6 -0.564011
22.7 1.59513
22.8 -3.38475
22.9 0.619772
23 -1.06973
23.1 0.579944
23.2 -0.137194
23.3 0.277329
23.4 -0.856726
23.5 -0.635789
23.6 0.137434
23.7 1.17997
23.8 -1.02705
23.9 0.396333
24 0.65919
24.1 2.18167
24.2 0.882909
24.3 -0.30156
24.4 -0.928477
24.5 -0.638323
24.6 -0.789675
24.7 -0.462498
24.8 -0.456945
24.9 -1.19243
25 -0.110394
25.1 0.175363
25.2 0.0633093
25.3 -2.03245
25.4 -1.34164
25.5 -0.138504
25.6 0.982371
25.7 -0.784718
25.8 -0.166438
25.9 -1.84332
26 -0.641271
26.1 -0.567213
26.2 2.66672
26.3 -0.37797
26.4 -0.952574
26.5 1.60937
26.6 -0.955027
26.7 -0.681925
26.8 -0.940242
26.9 -0.0165294
27 2.60511
27.1 0.885222
27.2 0.350461
27.3 2.31426
27.4 2.29753
27.5 -0.395645
27.6 -0.270489
27.7 -1.23275
27.8 -0.600737
27.9 -1.35161
28 -0.399362
28.1 0.962616
28.2 -0.676477
28.3 1.95785
28.4 -0.882087
28.5 0.416987
28.6 1.33401
28.7 -0.00330162
28.8 -0.614324
28.9 0.300087
29 0.284199
29.1 0.306522
29.2 -0.113996
29.3 -0.469292
29.4 -2.38305
29.5 -0.355173
29.6 1.16305
29.7 0.05907
29.8 3.0889
29.9 0.728204
30 -1.34984
30.1 0.270078
30.2 3.81107
30.3 -0.0296321
30.4 0.200708
30.5 -1.05324
30.6 2.13321
30.7 -1.71442
30.8 -2.01806
30.9 1.13756
31 1.60319
31.1 0.178308
31.2 1.71832
31.3 -0.878467
31.4 0.58381
31.5 0.971136
31.6 -0.90341
31.7 -0.21814
31.8 -0.139577
31.9 -1.42087
32 0.460983
32.1 -0.378144
32.2 0.208346
32.3 1.31019
32.4 1.51674
32.5 -1.55633
32.6 -0.334092
32.7 -1.12579
32.8 1.07178
32.9 1.38015
33 0.159524
33.1 -0.464194
33.2 -0.582883
33.3 -1.03516
33.4 0.23473
33.5 0.0269113
33.6 1.30972
33.7 -0.288119
33.8 0.176177
33.9 -0.0229929
34 -0.448886
34.1 1.01964
34.2 -1.53006
34.3 0.673426
34.4 0.0567859
34.5 -0.474814
34.6 -0.45752
34.7 -0.669503
34.8 -0.260992
34.9 -0.84827
35 -0.930745
35.1 -1.96118
35.2 0.880276
35.3 -0.449554
35.4 0.987403
35.5 1.47867
35.6 0.517984
35.7 0.2964
35.8 -0.130301
35.9 -0.697433
36 -2.1141
36.1 0.638282
36.2 0.743902
36.3 0.769948
36.4 1.40924
36.5 0.564671
36.6 0.217281
36.7 -0.484119
36.8 1.64484
36.9 -1.74706
37 -0.748378
37.1 -0.425285
37.2 -2.15784
37.3 -0.470873
37.4 -0.533806
37.5 -3.19786
37.6 -2.457
37.7 0.84603
37.8 -0.119296
37.9 0.00389956
38 1.08859
38.1 -0.620615
38.2 0.359657
38.3 1.08799
38.4 1.00638
38.5 0.603822
38.6 -0.0204131
38.7 -0.21758
38.8 0.591557
38.9 -0.200214
39 -0.698397
39.1 -0.668887
39.2 -1.00721
39.3 -0.533377
39.4 1.72652
39.5 0.478864
39.6 -2.12187
39.7 -1.94862
39.8 -0.6314
39.9 0.886738
40 -1.42533
40.1 0.00630047
40.2 -1.16802
40.3 0.237912
40.4 -0.600697
40.5 0.659042
40.6 0.689615
40.7 -0.296721
40.8 -1.35827
40.9 -0.74093
41 0.642139
41.1 -0.00275385
41.2 0.127275
41.3 -0.525399
41.4 -2.04836
41.5 -0.159316
41.6 -1.37345
41.7 -0.608597
41.8 -0.803956
41.9 -0.335744
42 0.580588
42.1 -0.489069
42.2 1.76493
42.3 -0.532206
42.4 1.49016
42.5 -1.37942
42.6 0.773936
42.7 -1.00184
42.8 -0.170456
42.9 0.538637
43 1.14403
43.1 -1.31016
43.2 1.93625
43.3 -1.33651
43.4 0.677132
43.5 0.696881
43.6 1.63904
43.7 1.15381
43.8 0.851626
43.9 0.57483
44 -0.994345
44.1 -0.767142
44.2 0.794191
44.3 -0.700634
44.4 1.13686
44.5 -0.680563
44.6 -0.123751
44.7 0.498497
44.8 -0.861241
44.9 0.0997236
45 0.888815
45.1 0.797961
45.2 -1.17944
45.3 -0.179103
45.4 -2.10439
45.5 1.75422
45.6 -2.38287
45.7 -0.935207
45.8 0.601677
45.9 1.21475
46 -1.0763
46.1 1.87347
46.2 0.701316
46.3 -0.446511
46.4 -1.4709
46.5 1.71807
46.6 -0.595196
46.7 -2.15696
46.8 1.2604
46.9 -0.32234
47 -1.05116
47.1 2.48548
47.2 -0.242016
47.3 0.738301
47.4 -1.13841
47.5 -0.571025
47.6 -0.00128818
47.7 1.69395
47.8 -0.502303
47.9 0.562432
48 2.19928
48.1 0.642431
48.2 1.23143
48.3 -2.35132
48.4 -0.214052
48.5 0.693174
48.6 0.501036
48.7 -1.94052
48.8 1.53772
48.9 2.67584
49 -0.576736
49.1 -0.0771068
49.2 0.326515
49.3 1.87628
49.4 2.11452
49.5 -0.883314
49.6 -0.438162
49.7 0.279866
49.8 -0.463986
49.9 -1.99267
