0 -0.12831
0.1 -0.0621675
0.2 0.976663
0.3 -0.522735
0.4 0.472866
0.5 0.158692
0.6 -2.17827
0.7 -1.00098
0.8 1.5681
0.9 1.05238
1 2.38052
1.1 -0.654488
1.2 -0.682845
1.3 -0.177342
1.4 -0.0813481
1.5 1.46011
1.6 0.414468
1.7 -2.73848
1.8 -0.116053
1.9 -0.94275
2 0.366235
2.1 -0.492656
2.2 0.536027
2.3 1.03766
2.4 -0.285345
2.5 -1.31041
2.6 0.08353
2.7 -1.92878
2.8 0.631318
2.9 2.4653
3 1.13261
3.1 -0.00861635
3.2 3.58775
3.3 -1.13143
3.4 -0.766973
3.5 -0.695923
3.6 -1.58019
3.7 0.241426
3.8 0.551462
3.9 1.55464
4 2.2107
4.1 1.61969
4.2 1.53719
4.3 -0.817501
4.4 1.20315
4.5 -0.4911
4.6 -1.97769
4.7 0.230323
4.8 -0.883269
4.9 0.244023
5 0.930933
5.1 0.201249
5.2 -1.26279
5.3 -1.73755
5.4 -2.23338
5.5 -1.34291
5.6 -0.509052
5.7 0.470858
5.8 -2.67033
5.9 -0.231445
6 -0.332409
6.1 0.851408
6.2 -0.335175
6.3 -2.0291
6.4 1.47534
6.5 -0.531156
6.6 -0.550272
6.7 2.09651
6.8 -0.218163
6.9 1.73366
7 -0.261873
7.1 -0.718024
7.2 0.479495
7.3 -0.435155
7.4 -0.393226
7.5 -1.34078
7.6 -0.122612
7.7 -0.129816
7.8 -0.123718
7.9 -1.89158
8 1.27849
8.1 -0.274158
8.2 1.60332
8.3 2.43459
8.4 0.532209
8.5 0.597345
8.6 -1.06358
8.7 -1.03329
8.8 -0.746847
8.9 0.0472233
9 -0.542425
9.1 0.1081
9.2 -2.98936
9.3 -0.849128
9.4 -1.74945
9.5 0.823312
9.6 1.28267
9.7 -0.0678029
9.8 2.06989
9.9 1.07892
10 1.6561
10.1 -0.120121
10.2 -0.834217
10.3 -0.780018
10.4 0.323319
10.5 0.039796
10.6 -1.29991
10.7 -1.17691
10.8 -1.60929
10.9 -0.487547
11 -0.96696
11.1 1.95596
11.2 -0.406811
11.3 0.177796
11.4 0.293607
11.5 -0.0156214
11.6 0.795525
11.7 1.14014
11.8 0.90941
11.9 0.660113
12 0.932464
12.1 -2.08799
12.2 0.0618982
12.3 -1.76523
12.4 -0.539594
12.5 0.306517
12.6 -1.00608
12.7 -1.28665
12.8 -0.0609052
12.9 0.333485
13 2.52971
13.1 0.404638
13.2 0.338835
13.3 -0.302543
13.4 2.15228
13.5 2.76057
13.6 -0.861283
13.7 -0.596563
13.8 0.396487
13.9 1.77413
14 -1.23279
14.1 0.120643
14.2 0.827901
14.3 -1.37731
14.4 0.097327
14.5 -1.05731
14.6 0.765336
14.7 0.35136
14.8 0.125799
14.9 -1.78805
15 1.00813
15.1 -1.13514
15.2 -0.575988
15.3 1.3807
15.4 -0.537617
15.5 1.82069
15.6 2.43299
15.7 0.661991
15.8 1.30403
15.9 0.000207658
16 -0.554516
16.1 -2.1156
16.2 -0.854965
16.3 1.49194
16.4 -0.808056
16.5 -0.915234
16.6 0.930999
16.7 -0.192047
16.8 -0.380256
16.9 0.489372
17 -1.89735
17.1 -0.681927
17.2 -1.19562
17.3 0.965065
17.4 -2.64761
17.5 -0.843138
17.6 0.220696
17.7 -1.35993
17.8 0.777895
17.9 1.56718
18 1.42502
18.1 -0.445568
18.2 1.29025
18.3 0.592763
18.4 -0.0877097
18.5 1.90989
18.6 -0.998567
18.7 2.43928
18.8 -1.13969
18.9 1.45482
19 -1.09123
19.1 1.20112
19.2 -1.04011
19.3 0.513044
19.4 0.22183
19.5 -0.426437
19.6 0.556579
19.7 0.73104
19.8 1.99011
19.9 0.0245907
20 0.219007
20.1 1.10804
20.2 -0.143015
20.3 -0.345433
20.4 0.497172
20.5 -1.08158
20.6 -1.20789
20.7 -0.492834
20.8 1.25004
20.9 -0.861753
21 -0.180738
21.1 -1.93005
21.2 -1.05453
21.3 -1.15959
21.4 -0.188875
21.5 -1.04844
21.6 -0.501054
21.7 0.661091
21.8 -0.287324
21.9 0.394535
22 0.65615
22.1 -0.675366
22.2 -1.02538
22.3 1.15618
22.4 -1.2992
22.5 0.301754
22.6 0.0352974
22.7 0.645407
22.8 1.61608
22.9 -0.29036
23 1.12523
23.1 -0.812121
23.2 0.257675
23.3 1.60192
23.4 -0.264505
23.5 0.203407
23.6 2.16587
23.7 0.312286
23.8 -0.676975
23.9 -0.590672
24 -0.804585
24.1 0.226161
24.2 0.556606
24.3 0.443727
24.4 1.91127
24.5 -0.551333
24.6 -0.457581
24.7 -0.412353
24.8 1.03225
24.9 0.489281
25 -0.486161
25.1 0.00871685
25.2 -2.4417
25.3 -2.10561
25.4 -1.83352
25.5 -1.03482
25.6 -0.90811
25.7 1.72102
25.8 1.17531
25.9 -2.25521
26 2.00419
26.1 -0.525077
26.2 -1.22525
26.3 -0.209883
26.4 -0.0175419
26.5 0.774398
26.6 0.982377
26.7 -0.343331
26.8 0.424444
26.9 -1.61566
27 0.484368
27.1 1.53718
27.2 1.9316
27.3 1.76993
27.4 -0.643054
27.5 -1.53891
27.6 2.14728
27.7 1.43625
27.8 0.875658
27.9 -0.504135
28 0.327604
28.1 -0.181489
28.2 -1.06631
28.3 -1.63807
28.4 -1.44801
28.5 0.358873
28.6 1.56523
28.7 -1.0657
28.8 -0.261322
28.9 -1.18779
29 -0.612001
29.1 -0.954129
29.2 0.925231
29.3 1.16096
29.4 0.129842
29.5 -0.611047
29.6 1.59652
29.7 0.0467359
29.8 1.11467
29.9 0.00884153
30 -0.251281
30.1 0.13833
30.2 -3.59465
30.3 -0.773343
30.4 1.43172
30.5 0.684292
30.6 0.956664
30.7 -0.88074
30.8 2.66029
30.9 -0.141223
31 1.25369
31.1 -1.93288
31.2 0.00697751
31.3 -0.908397
31.4 -0.225231
31.5 -0.618133
31.6 -1.56276
31.7 -3.37068
31.8 -0.144922
31.9 -1.11189
32 -0.554182
32.1 0.428026
32.2 1.34924
32.3 -0.624381
32.4 -1.34007
32.5 -0.913366
32.6 -2.12051
32.7 0.156039
32.8 -0.900069
32.9 -2.16008
33 -1.20469
33.1 0.812216
33.2 -1.4224
33.3 0.140941
33.4 1.32013
33.5 -2.00214
33.6 1.02871
33.7 -0.685259
33.8 -0.283016
33.9 -0.427785
34 0.526314
34.1 1.41329
34.2 0.199305
34.3 -1.05873
34.4 0.234358
34.5 -0.324214
34.6 0.401371
34.7 -1.31635
34.8 0.588753
34.9 0.136277
35 2.3542
35.1 0.258505
35.2 0.0139471
35.3 1.91494
35.4 1.11353
35.5 -0.506985
35.6 -0.106697
35.7 0.279654
35.8 1.54125
35.9 0.848064
36 -0.871937
36.1 1.96856
36.2 -2.3125
36.3 -0.625343
36.4 -2.05518
36.5 0.286532
36.6 0.244864
36.7 -0.797798
36.8 0.611842
36.9 0.0295051
37 0.745638
37.1 0.538177
37.2 1.06625
37.3 -0.418828
37.4 -0.920233
37.5 -0.730671
37.6 0.500158
37.7 0.966315
37.8 0.17985
37.9 0.0566114
38 -0.798343
38.1 0.188205
38.2 -0.360754
38.3 0.273894
38.4 0.464134
38.5 -1.35558
38.6 0.38518
38.7 -0.391141
38.8 2.22638
38.9 0.410079
39 -0.736584
39.1 0.30307
39.2 -0.834016
39.3 -0.32813
39.4 0.392645
39.5 1.77386
39.6 0.0109557
39.7 0.409749
39.8 1.10056
39.9 -1.72527
40 -0.380785
40.1 0.562336
40.2 -0.652081
40.3 0.591543
40.4 1.15384
40.5 0.780854
40.6 0.141437
40.7 1.0876
40.8 -0.269781
40.9 -0.85787
41 0.379904
41.1 1.42791
41.2 2.02012
41.3 1.68358
41.4 1.94834
41.5 -0.244776
41.6 -2.29838
41.7 -0.109851
41.8 -0.515499
41.9 0.305233
42 0.297561
42.1 1.60903
42.2 -1.54385
42.3 -0.658249
42.4 -0.167507
42.5 -1.54031
42.6 -2.63037
42.7 -0.685878
42.8 -1.96257
42.9 -0.297304
43 0.0333323
43.1 -1.33245
43.2 -0.530078
43.3 0.133256
43.4 -1.58263
43.5 -0.388378
43.6 -0.848687
43.7 -1.49529
43.8 0.871776
43.9 -0.534902
44 -1.14308
44.1 -1.27112
44.2 1.45268
44.3 -0.0418862
44.4 1.9262
44.5 -0.538802
44.6 0.655299
44.7 -0.101639
44.8 -0.018251
44.9 0.742539
45 -0.776537
45.1 -2.40667
45.2 -0.890178
45.3 -1.34599
45.4 -1.45793
45.5 0.948915
45.6 -0.243895
45.7 1.80042
45.8 -0.274791
45.9 -0.970124
46 0.810059
46.1 -0.151901
46.2 0.265785
46.3 0.347051
46.4 0.374587
46.5 0.188423
46.6 1.21863
46.7 -0.786811
46.8 -0.201495
46.9 1.60165
47 -1.80704
47.1 0.592301
47.2 -0.0333998
47.3 0.937627
47.4 0.437852
47.5 0.123956
47.6 1.58425
47.7 -0.414597
47.8 0.525669
47.9 -0.730107
48 1.64961
48.1 0.172429
48.2 1.64159
48.3 1.54199
48.4 1.47005
48.5 -0.523055
48.6 0.975961
48.7 1.25043
48.8 -0.844768
48.9 1.54006
49 1.30092
49.1 0.186331
49.2 1.27856
49.3 -0.384487
49.4 -0.736967
49.5 0.141642
49.6 0.249427
49.7 -0.101446
49.8 0.706547
49.9 -0.343133
