0 -0.658647
0.1 1.22444
0.2 -0.228402
0.3 0.162913
0.4 -1.96773
0.5 -0.982792
0.6 -0.690918
0.7 -0.868281
0.8 -1.52044
0.9 0.823989
1 -8.1024e-05
1.1 -0.505207
1.2 -0.890796
1.3 2.547
1.4 1.01809
1.5 -0.484785
1.6 1.77114
1.7 0.181004
1.8 2.25234
1.9 0.826568
2 0.639757
2.1 -1.49371
2.2 -1.23634
2.3 -1.42812
2.4 -0.108466
2.5 -0.9873
2.6 0.166578
2.7 -0.196332
2.8 0.581987
2.9 0.510603
3 -2.25521
3.1 1.26224
3.2 0.408417
3.3 1.60402
3.4 -0.723123
3.5 -0.184079
3.6 -1.66168
3.7 -0.700129
3.8 0.0487156
3.9 -0.130692
4 -0.612027
4.1 -0.406739
4.2 0.235081
4.3 -1.93409
4.4 0.402643
4.5 -1.44
4.6 0.97648
4.7 0.181969
4.8 -0.739857
4.9 0.149943
5 1.49973
5.1 0.398358
5.2 0.185907
5.3 -2.95009
5.4 -0.388645
5.5 -1.19041
5.6 -0.149932
5.7 1.67669
5.8 -0.781469
5.9 -0.113827
6 0.0175163
6.1 -0.907732
6.2 -1.02513
6.3 -2.59999
6.4 1.03589
6.5 0.789976
6.6 0.926332
6.7 1.63532
6.8 -0.139766
6.9 2.56951
7 -0.252887
7.1 0.392776
7.2 0.942128
7.3 1.53985
7.4 -1.77861
7.5 -0.426715
7.6 -1.41765
7.7 1.48809
7.8 -2.44287
7.9 -0.507569
8 -3.21727
8.1 -0.0441333
8.2 0.746411
8.3 0.692976
8.4 -0.0914108
8.5 -0.678594
8.6 0.638165
8.7 0.233097
8.8 -1.74933
8.9 -1.44747
9 -0.561081
9.1 0.715868
9.2 0.275908
9.3 0.813921
9.4 2.2862
9.5 1.14469
9.6 -0.588373
9.7 0.192248
9.8 -0.865855
9.9 -0.511995
10 -0.221811
10.1 -0.74539
10.2 0.952012
10.3 1.15846
10.4 0.0805405
10.5 1.97834
10.6 -0.598046
10.7 0.136883
10.8 0.936325
10.9 -0.390461
11 0.285242
11.1 -0.449049
11.2 -0.759765
11.3 1.36094
11.4 1.81015
11.5 -2.13882
11.6 -0.282705
11.7 0.808748
11.8 0.410554
11.9 0.334166
12 1.63576
12.1 0.3876
12.2 1.6358
12.3 -0.40132
12.4 -0.0673301
12.5 1.32398
12.6 -0.738058
12.7 1.95351
12.8 -0.287333
12.9 0.41465
13 -0.625221
13.1 0.93938
13.2 0.23703
13.3 0.614459
13.4 3.4865
13.5 0.177965
13.6 -1.10971
13.7 -0.0625846
13.8 0.572149
13.9 -2.34453
14 -0.227611
14.1 -0.124102
14.2 0.863683
14.3 1.9717
14.4 0.0582401
14.5 -1.54798
14.6 1.11729
14.7 -1.19011
14.8 0.661161
14.9 0.196397
15 0.158574
15.1 -0.200577
15.2 0.946737
15.3 0.0759879
15.4 -0.377416
15.5 0.497604
15.6 1.46488
15.7 -0.395853
15.8 -0.736552
15.9 1.7236
16 0.104277
16.1 -0.407057
16.2 -0.0965034
16.3 -0.443762
16.4 -0.893758
16.5 1.52657
16.6 0.430784
16.7 1.29337
16.8 -1.30223
16.9 0.502988
17 0.00748783
17.1 -1.15939
17.2 0.82071
17.3 -0.180888
17.4 0.344689
17.5 -0.640936
17.6 -0.840797
17.7 -0.669631
17.8 -0.39082
17.9 0.257274
18 1.70861
18.1 -1.17455
18.2 -0.0553539
18.3 -0.032016
18.4 0.598587
18.5 1.53954
18.6 -0.125913
18.7 -1.64534
18.8 -1.69534
18.9 -1.49635
19 0.575591
19.1 1.85745
19.2 0.398162
19.3 1.59301
19.4 0.0734349
19.5 -1.24491
19.6 0.0265641
19.7 -0.0755293
19.8 0.821805
19.9 -0.768628
20 -0.952993
20.1 -1.51996
20.2 -1.12562
20.3 -0.527636
20.4 -0.456453
20.5 -0.363552
20.6 1.33758
20.7 0.152698
20.8 1.28387
20.9 0.589749
21 1.60078
21.1 0.273792
21.2 -0.281383
21.3 0.363264
21.4 -2.74629
21.5 0.4087
21.6 1.73496
21.7 -0.0231635
21.8 1.22031
21.9 -0.553135
22 0.717654
22.1 -0.851565
22.2 1.08405
22.3 0.328315
22.4 -1.89893
22.5 -1.34431
22.6 -0.794848
22.7 0.120771
22.8 -0.215939
22.9 -0.0798118
23 1.77475
23.1 -0.194753
23.2 0.298456
23.3 0.339648
23.4 -2.49335
23.5 -0.825234
23.6 -0.189309
23.7 1.24699
23.8 -0.366769
23.9 -1.22208
24 -1.93251
24.1 -0.397633
24.2 -1.89258
24.3 0.73329
24.4 1.21839
24.5 0.0624731
24.6 -0.302788
24.7 -0.921421
24.8 1.371
24.9 -1.5881
25 0.451997
25.1 -0.874442
25.2 -0.00487115
25.3 0.538537
25.4 0.647572
25.5 -1.11112
25.6 -0.241461
25.7 -1.6548
25.8 0.65801
25.9 2.73327
26 -0.481182
26.1 0.857308
26.2 -0.153031
26.3 0.685885
26.4 -1.08222
26.5 0.223983
26.6 -0.755135
26.7 -0.570826
26.8 -0.121848
26.9 2.08079
27 -0.910686
27.1 -1.99479
27.2 2.08205
27.3 1.20875
27.4 1.56103
27.5 -0.679988
27.6 2.07035
27.7 -1.10803
27.8 -0.815949
27.9 -1.46899
28 0.260254
28.1 -0.786132
28.2 -0.51463
28.3 0.755066
28.4 -1.01996
28.5 -0.823136
28.6 -1.16559
28.7 -1.18576
28.8 -0.28454
28.9 -0.284644
29 -0.00775973
29.1 -2.24112
29.2 2.84176
29.3 0.381974
29.4 -1.51707
29.5 0.0769072
29.6 -0.176456
29.7 1.00863
29.8 -0.876475
29.9 -0.925356
30 -1.65517
30.1 -0.664653
30.2 1.05075
30.3 -0.795358
30.4 0.0866992
30.5 0.220575
30.6 0.189052
30.7 -0.415789
30.8 -0.0560645
30.9 -0.682687
31 -0.716712
31.1 0.44093
31.2 0.796393
31.3 -1.98187
31.4 1.1752
31.5 0.832304
31.6 -0.132521
31.7 0.261273
31.8 0.83545
31.9 0.504552
32 -0.818734
32.1 1.22991
32.2 1.82826
32.3 2.35736
32.4 1.82925
32.5 2.35245
32.6 0.398033
32.7 -0.968964
32.8 -0.440049
32.9 0.48905
33 -0.46336
33.1 1.38509
33.2 -1.81303
33.3 1.53438
33.4 1.54661
33.5 0.973486
33.6 -1.28989
33.7 1.08174
33.8 0.0699862
33.9 -0.631948
34 -0.786308
34.1 0.52682
34.2 -1.8499
34.3 -0.806991
34.4 -1.8308
34.5 0.160735
34.6 0.280955
34.7 0.678015
34.8 -0.952724
34.9 0.701352
35 1.71661
35.1 0.249223
35.2 -0.566228
35.3 0.698937
35.4 -0.830339
35.5 0.80371
35.6 0.699499
35.7 -0.37436
35.8 -2.16519
35.9 -1.36017
36 0.223784
36.1 0.745967
36.2 -0.246193
36.3 -0.481151
36.4 0.353712
36.5 -2.62111
36.6 0.401382
36.7 0.951871
36.8 1.22271
36.9 1.44968
37 -0.658242
37.1 -0.0778381
37.2 -0.477084
37.3 -0.171272
37.4 -0.262032
37.5 0.717331
37.6 -0.988026
37.7 -0.608923
37.8 0.0410092
37.9 0.875795
38 -0.154701
38.1 -1.48633
38.2 -0.455258
38.3 0.292677
38.4 -1.01993
38.5 -0.595327
38.6 0.588438
38.7 0.298934
38.8 0.0909407
38.9 -0.820682
39 -1.34656
39.1 -1.03564
39.2 0.235494
39.3 0.808269
39.4 1.37608
39.5 1.05023
39.6 -0.306556
39.7 -0.313735
39.8 0.545255
39.9 -0.278306
40 -0.801177
40.1 -1.81484
40.2 1.05687
40.3 1.98215
40.4 -0.346731
40.5 -0.619093
40.6 0.475809
40.7 -3.04696
40.8 -1.05078
40.9 0.823173
41 0.387345
41.1 -0.109611
41.2 0.160055
41.3 -0.203631
41.4 0.10631
41.5 1.57718
41.6 0.606827
41.7 -0.232999
41.8 0.959413
41.9 0.575717
42 -0.226527
42.1 -0.153201
42.2 -0.071341
42.3 1.04765
42.4 -1.57448
42.5 0.0569161
42.6 1.42121
42.7 -0.297688
42.8 -1.18122
42.9 -0.0196138
43 0.384616
43.1 1.43846
43.2 1.55481
43.3 0.641933
43.4 0.261693
43.5 -1.18462
43.6 0.0440484
43.7 0.571935
43.8 -1.44119
43.9 -2.49791
44 -1.78017
44.1 1.65325
44.2 -0.420737
44.3 0.40098
44.4 2.18082
44.5 0.0939225
44.6 -0.684105
44.7 -1.80152
44.8 -0.137029
44.9 0.953328
45 -0.00285954
45.1 -0.272522
45.2 -0.687765
45.3 -0.123206
45.4 -0.915689
45.5 -1.82159
45.6 2.72148
45.7 0.69347
45.8 -0.599564
45.9 1.4771
46 -1.63962
46.1 1.78485
46.2 -0.0922742
46.3 0.0819406
46.4 -0.218956
46.5 1.55717
46.6 -0.539646
46.7 -0.1517
46.8 -0.746235
46.9 0.288939
47 1.33432
47.1 -0.00961545
47.2 -1.17121
47.3 0.128313
47.4 -0.137457
47.5 -0.733351
47.6 0.561316
47.7 0.794269
47.8 -0.552598
47.9 0.206826
48 0.73089
48.1 -0.688736
48.2 0.0515853
48.3 1.35918
48.4 1.93762
48.5 0.690536
48.6 0.892064
48.7 1.34946
48.8 -0.705523
48.9 -0.763118
49 -1.56759
49.1 -0.595172
49.2 -0.943565
49.3 1.52857
49.4 -0.904321
49.5 1.72667
49.6 1.87828
49.7 -1.94355
49.8 0.623141
49.9 -1.30933
