0 -0.884526
0.1 -0.909263
0.2 0.840663
0.3 0.481486
0.4 -1.62427
0.5 2.47456
0.6 -1.18034
0.7 0.072412
0.8 1.13108
0.9 0.36958
1 -0.787648
1.1 -1.00113
1.2 0.92997
1.3 -0.527881
1.4 0.00143654
1.5 0.452329
1.6 -0.297075
1.7 0.269129
1.8 -1.13801
1.9 -0.0232696
2 0.847271
2.1 1.658
2.2 0.480812
2.3 0.988164
2.4 -0.187811
2.5 0.291173
2.6 2.561
2.7 -1.84031
2.8 1.7863
2.9 -1.39154
3 0.429521
3.1 0.869581
3.2 1.53029
3.3 3.99523
3.4 0.635903
3.5 0.591252
3.6 0.631509
3.7 -0.348129
3.8 0.00535105
3.9 1.02762
4 0.32517
4.1 -0.767506
4.2 -0.479154
4.3 -1.00517
4.4 0.0219942
4.5 1.32497
4.6 -0.401068
4.7 -0.379935
4.8 0.70229
4.9 0.0390804
5 2.27014
5.1 1.7968
5.2 0.296563
5.3 -0.481748
5.4 -0.425895
5.5 0.0296422
5.6 -0.0684319
5.7 -0.0524679
5.8 0.18563
5.9 -1.04407
6 -0.53404
6.1 0.383878
6.2 -3.41676
6.3 0.832682
6.4 -0.657837
6.5 -0.211885
6.6 -0.372738
6.7 -0.628887
6.8 -1.06303
6.9 0.599905
7 -1.68935
7.1 -0.0386327
7.2 -0.180115
7.3 -2.67212
7.4 -0.205802
7.5 -0.670974
7.6 0.157112
7.7 -0.795581
7.8 1.11902
7.9 0.903051
8 0.997448
8.1 -0.679226
8.2 -1.18048
8.3 0.373049
8.4 1.9108
8.5 1.18868
8.6 -0.533229
8.7 1.58599
8.8 0.517266
8.9 -1.14879
9 -0.992024
9.1 -0.348487
9.2 0.0826194
9.3 -0.76343
9.4 -0.390582
9.5 -1.35041
9.6 -0.226978
9.7 -0.508662
9.8 1.57867
9.9 -0.437638
10 -1.83095
10.1 1.12755
10.2 -0.309945
10.3 -0.698282
10.4 -0.563348
10.5 2.10975
10.6 -0.021051
10.7 0.0019771
10.8 -0.891831
10.9 -0.184985
11 1.70771
11.1 -2.26245
11.2 -0.487407
11.3 -1.29016
11.4 2.14602
11.5 1.5
11.6 0.925873
11.7 -0.405957
11.8 0.691013
11.9 1.74698
12 0.834991
12.1 -0.722519
12.2 -1.98068
12.3 -0.956521
12.4 -0.2877
12.5 1.06864
12.6 0.848153
12.7 -0.870534
12.8 -1.48613
12.9 0.0413779
13 0.787535
13.1 0.701542
13.2 -0.679213
13.3 -0.161643
13.4 -1.82118
13.5 0.0833254
13.6 1.43537
13.7 0.0415782
13.8 -1.28942
13.9 0.303926
14 -0.692145
14.1 -0.137781
14.2 0.416171
14.3 2.33006
14.4 1.05916
14.5 0.553218
14.6 -0.901332
14.7 0.351688
14.8 -1.26924
14.9 -0.170167
15 -1.01875
15.1 1.45757
15.2 -0.0669216
15.3 -0.231914
15.4 -2.29225
15.5 -0.00813739
15.6 -0.389733
15.7 -0.465793
15.8 -1.61938
15.9 0.835247
16 -0.702084
16.1 -0.622249
16.2 0.0801302
16.3 -0.814228
16.4 -1.33697
16.5 -0.929233
16.6 -0.68721
16.7 -0.269519
16.8 -0.488507
16.9 -0.985416
17 0.813194
17.1 -0.622455
17.2 -0.0546752
17.3 0.567177
17.4 0.741998
17.5 1.10027
17.6 1.33047
17.7 0.214393
17.8 2.02834
17.9 -0.0249086
18 -0.38606
18.1 1.29404
18.2 -1.53791
18.3 1.43572
18.4 1.6436
18.5 0.50434
18.6 0.541422
18.7 -0.307502
18.8 -3.04088
18.9 0.600592
19 2.03092
19.1 -0.188036
19.2 -1.05763
19.3 0.400969
19.4 -0.320655
19.5 0.708961
19.6 -0.231982
19.7 1.22698
19.8 -1.27226
19.9 -2.20426
20 0.0261153
20.1 -1.02377
20.2 -1.46098
20.3 1.31934
20.4 -1.88054
20.5 -0.102765
20.6 -0.260944
20.7 -0.508032
20.8 2.30841
20.9 -2.74553
21 -0.662881
21.1 0.048344
21.2 -0.0119271
21.3 0.214315
21.4 1.46387
21.5 -1.36664
21.6 0.635988
21.7 -0.0874792
21.8 1.20558
21.9 0.176134
22 -1.62464
22.1 -0.3394
22.2 -0.929837
22.3 -0.894623
22.4 -1.01812
22.5 -0.312117
22.6 2.51581
22.7 -0.717084
22.8 -0.178491
22.9 -0.0763294
23 -0.054949
23.1 1.29695
23.2 0.869848
23.3 1.20721
23.4 -0.611034
23.5 -1.70695
23.6 -1.92797
23.7 0.548875
23.8 -0.680193
23.9 -1.7267
24 -1.46652
24.1 0.517282
24.2 0.709766
24.3 -0.0683685
24.4 1.08626
24.5 -1.51145
24.6 -0.00691636
24.7 1.3874
24.8 0.218001
24.9 -1.90011
25 -0.238748
25.1 -0.860716
25.2 1.06924
25.3 -0.0554158
25.4 -0.503617
25.5 1.76275
25.6 2.66889
25.7 -1.57391
25.8 -1.04273
25.9 -1.36796
26 2.32879
26.1 1.40411
26.2 0.0945127
26.3 0.0388678
26.4 -1.21255
26.5 0.641317
26.6 -0.320499
26.7 -0.224592
26.8 0.897627
26.9 -0.229245
27 0.233313
27.1 1.3283
27.2 -0.37103
27.3 -1.33583
27.4 1.78717
27.5 -1.44827
27.6 1.19093
27.7 -0.209152
27.8 -2.14765
27.9 1.13252
28 -0.728375
28.1 0.159714
28.2 2.12803
28.3 -2.26316
28.4 -0.559505
28.5 0.293311
28.6 1.05036
28.7 0.132282
28.8 0.403784
28.9 -1.7593
29 -0.0593552
29.1 1.57201
29.2 -0.179245
29.3 0.59275
29.4 0.391301
29.5 0.313951
29.6 0.182065
29.7 1.32261
29.8 -0.471573
29.9 4.18608
30 -0.025428
30.1 1.17174
30.2 2.42469
30.3 1.72137
30.4 -0.0612695
30.5 0.622756
30.6 0.891152
30.7 -0.137267
30.8 2.40886
30.9 0.606288
31 0.259371
31.1 0.0992179
31.2 2.01074
31.3 -0.077539
31.4 0.238335
31.5 0.974286
31.6 -0.126612
31.7 -1.10992
31.8 -0.846694
31.9 0.817506
32 0.115825
32.1 -1.14622
32.2 -1.70104
32.3 2.16071
32.4 0.623268
32.5 0.773212
32.6 0.592143
32.7 -2.70037
32.8 0.675313
32.9 -0.601438
33 0.70548
33.1 -1.56741
33.2 -1.35285
33.3 0.890164
33.4 0.0974897
33.5 0.906836
33.6 1.48368
33.7 0.60066
33.8 2.28246
33.9 -0.00456601
34 -0.842869
34.1 1.43584
34.2 -1.59924
34.3 -1.6969
34.4 0.65042
34.5 -0.162303
34.6 -0.0750193
34.7 0.299926
34.8 0.0754332
34.9 1.75294
35 2.09008
35.1 0.101274
35.2 -1.33608
35.3 -0.612046
35.4 0.920286
35.5 0.567288
35.6 -0.405466
35.7 1.04715
35.8 1.17561
35.9 -1.00487
36 0.510472
36.1 -0.100198
36.2 -0.441283
36.3 -0.44748
36.4 -0.782859
36.5 -1.33544
36.6 -0.992913
36.7 1.57806
36.8 -0.235731
36.9 0.869712
37 0.762233
37.1 -1.81219
37.2 0.161077
37.3 0.201321
37.4 -2.21244
37.5 -0.79041
37.6 -0.45566
37.7 1.05819
37.8 1.32188
37.9 -0.773059
38 0.10871
38.1 -0.405129
38.2 -0.630866
38.3 -0.576525
38.4 -0.714699
38.5 -0.122776
38.6 -1.80122
38.7 -1.3696
38.8 -1.25402
38.9 -1.17679
39 1.45707
39.1 0.337415
39.2 0.556446
39.3 0.632668
39.4 -1.00993
39.5 -0.678485
39.6 -1.6294
39.7 -0.0643343
39.8 -1.03664
39.9 -0.49394
40 -0.57916
40.1 -0.595952
40.2 -1.27238
40.3 -0.46025
40.4 -1.16068
40.5 0.307972
40.6 1.1585
40.7 0.752972
40.8 -1.13737
40.9 -0.979948
41 0.707611
41.1 -3.55732
41.2 1.40359
41.3 -0.230026
41.4 -1.30646
41.5 -0.376891
41.6 1.40428
41.7 0.147322
41.8 -1.37776
41.9 1.48978
42 0.070585
42.1 -0.0398773
42.2 0.182299
42.3 -0.945724
42.4 -0.459348
42.5 -0.0333867
42.6 1.64981
42.7 -1.53887
42.8 -0.732042
42.9 -1.31086
43 -0.616615
43.1 0.702872
43.2 1.81964
43.3 0.147965
43.4 -0.24077
43.5 1.0849
43.6 1.05579
43.7 -1.19048
43.8 0.578478
43.9 0.472165
44 -0.556049
44.1 0.169398
44.2 1.17784
44.3 0.440631
44.4 -0.074927
44.5 -2.04682
44.6 -0.314239
44.7 0.115877
44.8 -0.353411
44.9 0.599556
45 -2.25656
45.1 0.440179
45.2 -0.169946
45.3 -0.657438
45.4 1.10703
45.5 -0.223025
45.6 -0.810661
45.7 2.53961
45.8 2.26343
45.9 -0.94649
46 0.941621
46.1 -0.223918
46.2 -1.71044
46.3 -0.510923
46.4 -0.991617
46.5 -1.38478
46.6 0.759363
46.7 2.698
46.8 0.209974
46.9 1.55349
47 -1.02015
47.1 1.15129
47.2 -0.917177
47.3 -0.50583
47.4 -2.26224
47.5 -0.232802
47.6 -1.25651
47.7 0.296329
47.8 -0.776493
47.9 -0.59731
48 1.05469
48.1 2.24782
48.2 0.766626
48.3 -2.12264
48.4 0.323372
48.5 0.710764
48.6 -2.29663
48.7 -0.0211941
48.8 -0.435713
48.9 2.15505
49 0.324586
49.1 0.801854
49.2 -0.665722
49.3 -0.933755
49.4 1.83523
49.5 1.29853
49.6 1.19243
49.7 -0.164192
49.8 -0.968645
49.9 -0.534203
