0 0.15334
0.1 3.22548
0.2 0.0947396
0.3 -0.763501
0.4 0.75243
0.5 -1.73639
0.6 -0.775202
0.7 -2.06629
0.8 -0.236633
0.9 1.38891
1 1.75412
1.1 1.90506
1.2 1.18951
1.3 2.05139
1.4 -0.58553
1.5 -1.42211
1.6 -0.439849
1.7 -0.0963421
1.8 1.79633
1.9 0.534582
2 -0.424775
2.1 -2.04904
2.2 0.00641766
2.3 0.551431
2.4 1.69425
2.5 0.515756
2.6 0.570022
2.7 -1.66845
2.8 -1.68258
2.9 -0.151734
3 0.132741
3.1 -2.15782
3.2 0.143098
3.3 0.941714
3.4 0.987307
3.5 2.55336
3.6 0.527592
3.7 -0.0309802
3.8 0.308555
3.9 -0.150156
4 -0.106965
4.1 0.340413
4.2 1.36499
4.3 -1.17475
4.4 -2.16159
4.5 1.06669
4.6 0.456796
4.7 -0.465646
4.8 -0.735584
4.9 1.52472
5 -0.237974
5.1 -0.731879
5.2 -1.03343
5.3 -0.719839
5.4 0.48938
5.5 -0.553883
5.6 0.182527
5.7 0.434628
5.8 -0.153726
5.9 -0.872949
6 -2.07314
6.1 -1.31064
6.2 0.535242
6.3 -0.565426
6.4 -1.28949
6.5 -1.93932
6.6 0.0381888
6.7 -3.75382
6.8 -2.59725
6.9 1.4945
7 0.373489
7.1 0.192573
7.2 -0.482891
7.3 0.828324
7.4 0.570727
7.5 1.23452
7.6 1.08783
7.7 2.72175
7.8 -1.61489
7.9 -0.513009
8 -2.17582
8.1 -0.3028
8.2 0.437868
8.3 0.0452497
8.4 0.0604691
8.5 -0.517041
8.6 -0.994039
8.7 1.78371
8.8 -0.725027
8.9 0.792207
9 -1.65991
9.1 0.977256
9.2 0.994264
9.3 -1.23348
9.4 -1.06393
9.5 -0.0968527
9.6 -0.631817
9.7 0.482721
9.8 0.575363
9.9 -0.477799
10 0.145435
10.1 -0.806486
10.2 1.76409
10.3 0.85722
10.4 0.580748
10.5 0.198782
10.6 0.827836
10.7 -1.49757
10.8 -3.32697
10.9 -1.93198
11 1.26726
11.1 -1.25889
11.2 -0.113145
11.3 -0.0553762
11.4 0.924197
11.5 -1.66187
11.6 0.137557
11.7 -0.644373
11.8 1.55703
11.9 0.274489
12 0.0488635
12.1 -1.02603
12.2 0.872133
12.3 -0.64573
12.4 0.290156
12.5 1.0695
12.6 2.16541
12.7 0.113483
12.8 1.78135
12.9 0.797913
13 0.278143
13.1 0.891891
13.2 1.23009
13.3 1.50341
13.4 0.199303
13.5 0.779211
13.6 0.365358
13.7 0.17558
13.8 0.0293474
13.9 0.473434
14 1.21589
14.1 -1.85671
14.2 0.362529
14.3 -1.02216
14.4 0.19363
14.5 -0.650377
14.6 -0.0667771
14.7 -1.07778
14.8 -0.412423
14.9 4.41703
15 -1.9661
15.1 -0.364034
15.2 -0.764773
15.3 0.380177
15.4 -1.11411
15.5 0.548718
15.6 -0.881722
15.7 -1.06756
15.8 0.740763
15.9 0.0144467
16 -1.4371
16.1 0.367878
16.2 -0.852561
16.3 -0.751804
16.4 -0.545293
16.5 -1.27252
16.6 0.502324
16.7 -0.219886
16.8 -0.324402
16.9 -2.83513
17 -1.57646
17.1 -0.295497
17.2 0.0199201
17.3 0.945982
17.4 1.12821
17.5 0.0155188
17.6 0.197035
17.7 2.03503
17.8 1.67597
17.9 -0.141069
18 -0.754562
18.1 -0.123085
18.2 1.20753
18.3 -0.951334
18.4 -1.8096
18.5 -0.267591
18.6 -0.339425
18.7 -0.666815
18.8 -0.333831
18.9 -0.279003
19 0.103661
19.1 0.777248
19.2 -0.490733
19.3 -1.599
19.4 0.880057
19.5 0.508033
19.6 1.57684
19.7 0.485158
19.8 1.08709
19.9 0.0483091
20 -0.863646
20.1 -1.17454
20.2 1.94742
20.3 1.91195
20.4 -0.151273
20.5 0.22252
20.6 1.35991
20.7 -1.52722
20.8 -1.19063
20.9 -0.934055
21 -1.00305
21.1 -0.816648
21.2 -0.119426
21.3 0.672185
21.4 -0.451841
21.5 0.403287
21.6 -0.305863
21.7 0.134308
21.8 -0.794399
21.9 0.361815
22 0.0247981
22.1 -0.0244144
22.2 1.23591
22.3 -1.02795
22.4 2.03543
22.5 -0.652722
22.6 1.55273
22.7 1.89472
22.8 0.473897
22.9 1.47905
23 -1.445
23.1 -0.0333105
23.2 -2.40691
23.3 -0.0962249
23.4 0.836606
23.5 -0.408105
23.6 -1.04256
23.7 -0.130851
23.8 -1.0193
23.9 0.834586
24 0.0885833
24.1 -2.46459
24.2 -1.2242
24.3 0.30314
24.4 2.73128
24.5 -0.245019
24.6 -1.57343
24.7 1.63199
24.8 -0.28373
24.9 0.274761
25 1.06837
25.1 -0.414181
25.2 0.774465
25.3 1.0806
25.4 0.990815
25.5 -0.717974
25.6 1.1831
25.7 -0.212641
25.8 0.210952
25.9 -1.23726
26 0.636361
26.1 -0.13107
26.2 -0.0674514
26.3 -1.45537
26.4 -3.45449
26.5 -1.16688
26.6 -1.83512
26.7 -0.238693
26.8 0.486358
26.9 -0.818669
27 -1.72144
27.1 0.316217
27.2 0.0325409
27.3 -0.268071
27.4 0.856702
27.5 -0.218935
27.6 0.618658
27.7 1.75227
27.8 -0.404636
27.9 -0.599811
28 2.64696
28.1 0.519375
28.2 -0.389635
28.3 0.828168
28.4 0.667078
28.5 -0.713625
28.6 0.008389
28.7 -1.12302
28.8 0.989373
28.9 0.273497
29 -0.170692
29.1 -1.97501
29.2 1.92452
29.3 -1.00107
29.4 0.879672
29.5 -0.533635
29.6 1.32694
29.7 0.993166
29.8 2.35048
29.9 0.776529
30 0.458621
30.1 -0.0528113
30.2 -0.388208
30.3 -0.0726898
30.4 0.924406
30.5 -1.11483
30.6 0.0560161
30.7 -1.98642
30.8 -0.195061
30.9 -2.33647
31 0.196594
31.1 -0.125511
31.2 1.09425
31.3 -0.122892
31.4 -1.56258
31.5 0.757614
31.6 -1.28986
31.7 0.678366
31.8 -0.676974
31.9 -0.645
32 0.866615
32.1 1.18984
32.2 1.6343
32.3 -0.573448
32.4 0.994888
32.5 -0.240753
32.6 0.406381
32.7 -1.1664
32.8 -1.07028
32.9 -0.312068
33 -0.000499472
33.1 -1.59458
33.2 0.62947
33.3 1.32951
33.4 -0.481048
33.5 0.0590224
33.6 -0.920838
33.7 -0.470101
33.8 -0.378519
33.9 -0.724457
34 0.616392
34.1 0.0461292
34.2 -0.951129
34.3 -0.981833
34.4 -0.323395
34.5 -1.20632
34.6 -2.17008
34.7 -1.25023
34.8 -0.938644
34.9 1.33528
35 -1.43569
35.1 1.06854
35.2 1.57593
35.3 -0.305909
35.4 2.00088
35.5 -0.156008
35.6 -0.0855701
35.7 0.477755
35.8 0.120759
35.9 -0.712451
36 -1.88685
36.1 -0.658857
36.2 -0.0591338
36.3 1.64862
36.4 2.22711
36.5 -0.671584
36.6 0.847698
36.7 0.0973015
36.8 0.276357
36.9 -0.380688
37 -0.847365
37.1 1.00544
37.2 -0.790182
37.3 -0.731805
37.4 -0.295037
37.5 1.44731
37.6 1.69507
37.7 0.783279
37.8 -0.322696
37.9 -0.815452
38 0.117119
38.1 -0.609671
38.2 -0.897439
38.3 -1.94966
38.4 0.164572
38.5 0.286894
38.6 0.956624
38.7 -0.65743
38.8 -2.0413
38.9 -0.0419342
39 0.339084
39.1 1.81796
39.2 -0.364553
39.3 -1.92504
39.4 -0.616129
39.5 0.199142
39.6 0.246779
39.7 -1.98181
39.8 -0.203508
39.9 -1.37377
40 -0.735968
40.1 -1.94202
40.2 -0.116594
40.3 0.774196
40.4 0.657229
40.5 1.57064
40.6 0.32476
40.7 0.257543
40.8 -0.56329
40.9 0.260974
41 -0.954468
41.1 0.481592
41.2 -1.08356
41.3 -1.01796
41.4 0.234919
41.5 -1.66943
41.6 0.365793
41.7 -0.779438
41.8 -1.55802
41.9 -1.03489
42 -1.06164
42.1 -0.069541
42.2 0.680594
42.3 2.69216
42.4 0.35067
42.5 -1.14189
42.6 -0.327025
42.7 0.663825
42.8 0.364172
42.9 -0.719616
43 0.192123
43.1 0.837816
43.2 1.52718
43.3 1.75476
43.4 0.757188
43.5 1.23206
43.6 -2.34417
43.7 0.0250742
43.8 2.71109
43.9 0.55526
44 1.40935
44.1 0.568664
44.2 1.60332
44.3 0.888487
44.4 0.0288876
44.5 -0.490436
44.6 2.66158
44.7 -1.69531
44.8 1.18367
44.9 2.43855
45 2.04098
45.1 -1.27146
45.2 0.0378753
45.3 0.707484
45.4 0.23157
45.5 -1.30461
45.6 0.698654
45.7 0.815857
45.8 -0.756952
45.9 -0.15178
46 -0.623245
46.1 -2.40494
46.2 2.31258
46.3 1.02701
46.4 0.497967
46.5 1.99559
46.6 0.559884
46.7 -0.310824
46.8 1.48654
46.9 -0.433088
47 0.830911
47.1 -0.533497
47.2 1.6393
47.3 -2.13385
47.4 -0.590746
47.5 0.933065
47.6 0.378224
47.7 -0.117066
47.8 0.975541
47.9 2.4786
48 0.842994
48.1 -0.467799
48.2 1.55132
48.3 -0.024911
48.4 -0.230744
48.5 0.212012
48.6 2.03824
48.7 0.634729
48.8 -0.338022
48.9 -2.51722
49 0.899329
49.1 -1.24374
49.2 -0.904697
49.3 0.162711
49.4 1.6442
49.5 -0.79683
49.6 1.575
49.7 -0.146244
49.8 -1.81525
49.9 -1.10922
