0 -0.508939
0.1 -1.07784
0.2 -0.745461
0.3 -1.09049
0.4 -1.1266
0.5 -0.835972
0.6 -0.167034
0.7 0.488537
0.8 -0.436602
0.9 0.115415
1 -0.430609
1.1 0.440099
1.2 -0.0230641
1.3 1.52532
1.4 0.26155
1.5 0.57758
1.6 1.16916
1.7 -0.218405
1.8 -0.146236
1.9 0.383551
2 1.66926
2.1 0.392932
2.2 -1.65815
2.3 -0.131364
2.4 -0.374639
2.5 0.191877
2.6 -0.0613162
2.7 -1.49435
2.8 0.591411
2.9 0.342131
3 -0.446508
3.1 -1.02109
3.2 1.00994
3.3 0.189159
3.4 0.655766
3.5 -0.657462
3.6 -0.387977
3.7 -0.449445
3.8 1.86697
3.9 -1.52573
4 1.4305
4.1 0.841101
4.2 1.32301
4.3 -0.886895
4.4 -0.667056
4.5 0.937143
4.6 -1.39916
4.7 -0.826506
4.8 1.51877
4.9 -0.134449
5 0.477727
5.1 0.847683
5.2 0.484282
5.3 1.23419
5.4 -0.665955
5.5 0.844895
5.6 -0.565579
5.7 0.392918
5.8 -0.463381
5.9 -0.87916
6 1.64035
6.1 -1.61498
6.2 -0.759802
6.3 0.746306
6.4 -0.96326
6.5 0.41408
6.6 0.332313
6.7 -0.249291
6.8 0.794996
6.9 -2.28106
7 -0.836672
7.1 0.272284
7.2 0.530136
7.3 2.8119
7.4 -0.514509
7.5 -0.179721
7.6 -0.860503
7.7 2.15419
7.8 0.0371343
7.9 -1.98698
8 -1.00111
8.1 -0.743546
8.2 -1.23253
8.3 3.76819
8.4 -1.17969
8.5 -2.88458
8.6 2.05335
8.7 0.784679
8.8 1.37611
8.9 0.482229
9 0.145295
9.1 -1.12913
9.2 -0.13398
9.3 -1.16224
9.4 -0.54817
9.5 -0.703805
9.6 1.35745
9.7 -1.60261
9.8 1.50125
9.9 0.00609947
10 -2.84221
10.1 -1.36258
10.2 2.26206
10.3 0.187331
10.4 -0.523742
10.5 1.92537
10.6 0.243482
10.7 0.994229
10.8 0.967088
10.9 0.754625
11 0.260661
11.1 0.166834
11.2 -0.133047
11.3 0.659343
11.4 0.236618
11.5 -0.794234
11.6 -0.378723
11.7 -0.109061
11.8 -1.01357
11.9 -0.484619
12 -0.385114
12.1 -0.557908
12.2 0.0819372
12.3 0.270046
12.4 0.0835886
12.5 0.0813116
12.6 -0.0767091
12.7 -0.33562
12.8 1.97873
12.9 0.440838
13 -0.224905
13.1 0.449487
13.2 0.51599
13.3 -1.26269
13.4 -1.1889
13.5 0.190691
13.6 0.222826
13.7 1.14138
13.8 1.63861
13.9 -3.03648
14 -0.253538
14.1 0.112847
14.2 -0.389319
14.3 -0.393511
14.4 -0.437099
14.5 -2.13711
14.6 -0.0503541
14.7 -0.607508
14.8 -0.312037
14.9 -0.41074
15 -0.857716
15.1 0.349257
15.2 -1.7435
15.3 0.797155
15.4 -0.112253
15.5 1.9288
15.6 1.89743
15.7 0.298425
15.8 0.728775
15.9 0.720837
16 0.869755
16.1 1.43698
16.2 0.254829
16.3 0.978101
16.4 -1.47435
16.5 -1.42107
16.6 -0.542551
16.7 1.21311
16.8 -2.74823
16.9 -0.0529585
17 -1.09767
17.1 -0.423662
17.2 0.717197
17.3 0.374543
17.4 -0.476327
17.5 0.119985
17.6 0.343474
17.7 -2.01354
17.8 -1.72001
17.9 0.205726
18 -0.699221
18.1 1.15517
18.2 -0.735231
18.3 0.45437
18.4 1.14954
18.5 -2.09639
18.6 -2.32587
18.7 -1.53491
18.8 -1.39397
18.9 0.987577
19 2.33272
19.1 0.618535
19.2 2.93822
19.3 0.136191
19.4 -0.262258
19.5 1.03463
19.6 -1.00175
19.7 0.492022
19.8 1.3081
19.9 -1.09114
20 -1.33754
20.1 2.58192
20.2 0.367255
20.3 -0.296496
20.4 -1.07412
20.5 1.40509
20.6 -2.03227
20.7 -1.16936
20.8 -1.42216
20.9 -1.8042
21 1.31353
21.1 0.717652
21.2 -0.0670158
21.3 -0.0276599
21.4 0.456481
21.5 0.553715
21.6 -0.099414
21.7 -2.57498
21.8 0.911724
21.9 -1.2394
22 -1.02885
22.1 1.10586
22.2 -2.02273
22.3 2.80032
22.4 0.67559
22.5 0.107036
22.6 0.204578
22.7 1.20043
22.8 0.0238105
22.9 1.00878
23 2.22156
23.1 0.159728
23.2 0.647246
23.3 -1.13216
23.4 -0.393271
23.5 0.902948
23.6 -1.51077
23.7 1.16583
23.8 0.529539
23.9 -0.420214
24 -1.26072
24.1 -1.27376
24.2 -0.51755
24.3 -0.395101
24.4 1.02374
24.5 -1.0075
24.6 -0.971102
24.7 -1.28815
24.8 2.07966
24.9 0.468154
25 1.77087
25.1 -0.727705
25.2 0.114827
25.3 -0.870378
25.4 0.263142
25.5 0.788455
25.6 -0.152766
25.7 0.645355
25.8 -1.17439
25.9 0.653709
26 0.256181
26.1 -0.728835
26.2 1.47182
26.3 0.448156
26.4 -1.12486
26.5 1.83176
26.6 0.238123
26.7 0.0063757
26.8 -2.33962
26.9 -1.17349
27 0.484936
27.1 -1.76183
27.2 -1.90649
27.3 -0.888482
27.4 0.00937138
27.5 0.401775
27.6 -2.08502
27.7 -1.29847
27.8 0.507415
27.9 -0.0460192
28 -1.10937
28.1 0.491366
28.2 2.37048
28.3 -0.589478
28.4 -0.130275
28.5 1.40939
28.6 2.52101
28.7 1.08843
28.8 -1.81841
28.9 -0.921848
29 0.836681
29.1 0.177816
29.2 -0.359059
29.3 1.28187
29.4 0.942993
29.5 -0.616269
29.6 3.30754
29.7 -0.215564
29.8 -0.965386
29.9 -0.0526469
30 0.139294
30.1 1.02528
30.2 0.737949
30.3 -0.203556
30.4 -0.52971
30.5 -0.211272
30.6 0.458093
30.7 -0.429495
30.8 0.809324
30.9 -0.102185
31 -0.642322
31.1 -1.21239
31.2 1.14161
31.3 0.718843
31.4 0.554925
31.5 0.234161
31.6 2.07047
31.7 0.242995
31.8 0.0551194
31.9 0.0356404
32 1.68085
32.1 0.470756
32.2 0.246315
32.3 -3.75862
32.4 -0.229432
32.5 0.236964
32.6 0.550444
32.7 0.798162
32.8 0.556236
32.9 0.331651
33 -2.14555
33.1 -1.48929
33.2 -0.108399
33.3 0.938733
33.4 -1.10894
33.5 0.100285
33.6 -0.983154
33.7 -0.326029
33.8 2.6356
33.9 -1.36889
34 -1.03674
34.1 -0.553272
34.2 0.0559488
34.3 1.24684
34.4 -0.920603
34.5 0.0934659
34.6 0.427991
34.7 1.14192
34.8 -1.15065
34.9 2.14074
35 -0.809466
35.1 0.771266
35.2 -0.555542
35.3 1.95783
35.4 1.07143
35.5 0.521546
35.6 0.802806
35.7 0.68128
35.8 1.75914
35.9 -0.58497
36 -0.294316
36.1 -0.248945
36.2 -0.93106
36.3 0.598575
36.4 0.226406
36.5 -0.325941
36.6 0.706867
36.7 0.267644
36.8 0.813981
36.9 0.381613
37 1.09556
37.1 1.45765
37.2 0.579181
37.3 -0.169934
37.4 1.75012
37.5 0.814399
37.6 -1.71727
37.7 -1.48306
37.8 2.14127
37.9 1.7553
38 -1.05348
38.1 -0.524357
38.2 -0.336554
38.3 -0.564311
38.4 -0.914738
38.5 -0.507914
38.6 -0.70555
38.7 0.786224
38.8 -0.262795
38.9 -0.430963
39 1.21809
39.1 0.131919
39.2 -1.04465
39.3 -0.122778
39.4 -1.36992
39.5 -1.1204
39.6 -1.6758
39.7 0.169842
39.8 -0.562295
39.9 0.0220129
40 1.63648
40.1 -0.286707
40.2 -1.35345
40.3 0.216582
40.4 1.33176
40.5 -0.727388
40.6 1.09438
40.7 0.661892
40.8 -0.106572
40.9 0.433475
41 1.50612
41.1 -1.63708
41.2 1.04809
41.3 -1.52636
41.4 -0.211334
41.5 -0.589179
41.6 -1.52232
41.7 1.59097
41.8 0.326814
41.9 1.90331
42 -0.552274
42.1 -0.864719
42.2 -0.265459
42.3 1.12296
42.4 0.374064
42.5 0.851911
42.6 -0.263237
42.7 0.770902
42.8 -0.407254
42.9 0.599621
43 1.81905
43.1 -2.29644
43.2 -0.316317
43.3 -1.65794
43.4 -2.41034
43.5 -0.958448
43.6 -1.03503
43.7 1.2703
43.8 1.80196
43.9 -1.12329
44 -0.910003
44.1 -1.39907
44.2 0.913866
44.3 -1.34639
44.4 -0.619058
44.5 0.293626
44.6 -2.96974
44.7 -1.03556
44.8 1.10629
44.9 0.58692
45 0.733228
45.1 0.918017
45.2 0.971098
45.3 -0.193711
45.4 0.599705
45.5 -0.0332021
45.6 -0.651013
45.7 -0.302686
45.8 0.44662
45.9 -0.25022
46 -1.07322
46.1 1.34208
46.2 -1.63434
46.3 -0.333298
46.4 -0.512463
46.5 0.224998
46.6 -1.38553
46.7 0.252281
46.8 -1.0319
46.9 1.12005
47 -0.941497
47.1 -0.341419
47.2 -0.66397
47.3 -0.431635
47.4 0.531362
47.5 -0.393474
47.6 2.09474
47.7 -0.371311
47.8 2.3165
47.9 -0.988668
48 1.00921
48.1 0.682506
48.2 0.478996
48.3 -0.440364
48.4 -0.0874831
48.5 -1.4684
48.6 0.131405
48.7 0.142367
48.8 -0.844024
48.9 0.048559
49 -1.49081
49.1 -0.343615
49.2 -1.94695
49.3 2.02966
49.4 2.1352
49.5 1.48373
49.6 -1.2952
49.7 1.61019
49.8 -0.406974
49.9 1.10349
