0 1.48022
0.1 -0.22592
0.2 -2.38671
0.3 0.155303
0.4 0.288817
0.5 0.886698
0.6 -0.70434
0.7 1.79642
0.8 -0.613337
0.9 0.451753
1 -0.86256
1.1 -0.0638237
1.2 0.707119
1.3 0.624986
1.4 2.58761
1.5 2.43187
1.6 -2.25345
1.7 0.877854
1.8 -0.010772
1.9 -0.0627129
2 0.166566
2.1 0.33421
2.2 0.934985
2.3 -1.1067
2.4 1.03753
2.5 1.57866
2.6 -1.43433
2.7 -1.98424
2.8 3.15323
2.9 1.85311
3 -0.131493
3.1 -0.369828
3.2 -0.324702
3.3 -1.25747
3.4 -1.71373
3.5 -0.80576
3.6 0.107987
3.7 0.169003
3.8 1.93519
3.9 -0.0928227
4 0.994174
4.1 -1.16361
4.2 -1.78412
4.3 -1.1578
4.4 0.306022
4.5 -1.4607
4.6 -0.335739
4.7 1.56072
4.8 0.11887
4.9 -0.644644
5 1.54211
5.1 -0.177935
5.2 0.619275
5.3 -1.07644
5.4 -1.79176
5.5 -0.200534
5.6 -2.07991
5.7 -0.0708236
5.8 -0.659735
5.9 0.205141
6 1.00765
6.1 -1.87268
6.2 1.13796
6.3 1.28943
6.4 0.445631
6.5 0.056271
6.6 -0.247975
6.7 0.684187
6.8 0.555539
6.9 -0.200728
7 -0.685908
7.1 1.38844
7.2 -1.32618
7.3 -0.466012
7.4 -2.38202
7.5 -1.31062
7.6 -0.704566
7.7 -0.916314
7.8 2.25481
7.9 -1.43041
8 -0.0833116
8.1 -0.24031
8.2 -1.86664
8.3 -1.37765
8.4 -1.44073
8.5 0.64456
8.6 -0.971218
8.7 -0.389401
8.8 2.39785
8.9 1.60839
9 1.17332
9.1 0.913468
9.2 -1.35939
9.3 1.04547
9.4 -0.0563565
9.5 0.646109
9.6 0.239432
9.7 0.676935
9.8 0.413618
9.9 -1.69378
10 1.77015
10.1 2.5727
10.2 -0.277759
10.3 1.20172
10.4 0.158025
10.5 0.552199
10.6 0.422524
10.7 1.16089
10.8 -2.85064
10.9 1.14274
11 -0.109129
11.1 -0.615816
11.2 1.4908
11.3 -1.16656
11.4 -2.017
11.5 0.837235
11.6 -0.786945
11.7 -2.23063
11.8 0.840744
11.9 1.69172
12 -0.818512
12.1 1.07745
12.2 -0.448338
12.3 -0.616883
12.4 0.8226
12.5 -1.1786
12.6 -1.23957
12.7 0.216823
12.8 0.728204
12.9 0.408181
13 2.09448
13.1 0.549294
13.2 -0.0349575
13.3 1.29952
13.4 -0.703528
13.5 -0.941692
13.6 -0.0148079
13.7 -0.119473
13.8 -0.910048
13.9 -1.39105
14 1.39129
14.1 -0.3304
14.2 -0.484494
14.3 0.144433
14.4 1.52751
14.5 -0.0809113
14.6 -0.103836
14.7 -0.40369
14.8 -0.463399
14.9 1.12131
15 1.11252
15.1 2.23486
15.2 0.0718335
15.3 1.02043
15.4 0.127987
15.5 0.312439
15.6 -0.1012
15.7 0.531848
15.8 -1.16604
15.9 -0.965961
16 -0.35424
16.1 0.0200825
16.2 0.688373
16.3 -0.779511
16.4 1.53728
16.5 0.821078
16.6 -0.473355
16.7 1.45144
16.8 0.292811
16.9 -1.23581
17 -1.70496
17.1 0.417242
17.2 -1.0697
17.3 -0.0357426
17.4 -0.729715
17.5 2.47968
17.6 0.279294
17.7 0.709114
17.8 1.47564
17.9 0.274081
18 -2.25317
18.1 0.281091
18.2 -2.82799
18.3 1.43624
18.4 -1.18242
18.5 0.669819
18.6 0.672734
18.7 -0.921358
18.8 -0.059173
18.9 -3.13757
19 0.980919
19.1 0.39082
19.2 -0.171989
19.3 0.868246
19.4 -1.18665
19.5 -0.995522
19.6 -0.653777
19.7 1.1991
19.8 0.295549
19.9 0.0134703
20 2.18374
20.1 0.833126
20.2 -1.21988
20.3 0.490606
20.4 -1.83998
20.5 -1.95571
20.6 0.13313
20.7 -0.188041
20.8 2.3638
20.9 -0.821953
21 -1.03503
21.1 0.861045
21.2 1.40306
21.3 0.735756
21.4 0.23772
21.5 -2.49012
21.6 -0.924535
21.7 1.90883
21.8 0.10818
21.9 -0.373833
22 2.32346
22.1 0.824851
22.2 -0.931392
22.3 0.427859
22.4 -2.40549
22.5 -2.24872
22.6 -0.14844
22.7 -0.391802
22.8 0.127052
22.9 0.00813298
23 0.634863
23.1 1.64739
23.2 3.35553
23.3 -0.228475
23.4 0.749038
23.5 -1.69223
23.6 -0.160837
23.7 -1.24907
23.8 -1.91416
23.9 -0.632638
24 -1.32545
24.1 -1.29838
24.2 1.12101
24.3 0.817375
24.4 1.68771
24.5 -1.02
24.6 0.443379
24.7 0.851939
24.8 -0.704779
24.9 -0.683718
25 -1.85366
25.1 2.2691
25.2 -0.431067
25.3 -0.820072
25.4 -0.414102
25.5 0.570006
25.6 0.225712
25.7 0.123457
25.8 1.23482
25.9 1.83536
26 -0.0754197
26.1 -0.0605158
26.2 0.978871
26.3 2.02982
26.4 2.45368
26.5 0.593189
26.6 0.355785
26.7 0.388145
26.8 0.78158
26.9 0.732948
27 -1.91267
27.1 -0.296515
27.2 -2.10707
27.3 -0.967443
27.4 0.134281
27.5 -0.896559
27.6 0.595019
27.7 -0.306031
27.8 2.42372
27.9 -1.67858
28 0.199659
28.1 -0.107447
28.2 -1.13065
28.3 0.449251
28.4 1.16884
28.5 -1.62197
28.6 0.678361
28.7 -0.288631
28.8 -0.464012
28.9 -1.58818
29 -0.140843
29.1 1.65434
29.2 -0.50487
29.3 1.20647
29.4 -0.467508
29.5 -2.39442
29.6 0.0431006
29.7 -0.360257
29.8 -0.376631
29.9 -1.14469
30 -0.532822
30.1 0.394125
30.2 1.16035
30.3 1.23135
30.4 -0.459222
30.5 0.85135
30.6 1.18151
30.7 1.53314
30.8 -0.46773
30.9 -0.291306
31 -0.377657
31.1 -0.389415
31.2 0.523737
31.3 -0.62769
31.4 0.419845
31.5 0.163364
31.6 -0.0745086
31.7 -0.831043
31.8 -1.57743
31.9 -0.589355
32 -0.891583
32.1 -0.0931538
32.2 1.11697
32.3 0.312331
32.4 0.0564475
32.5 -1.2454
32.6 0.380328
32.7 1.68248
32.8 0.421584
32.9 0.801818
33 -0.776174
33.1 0.0660433
33.2 -0.246522
33.3 -0.300362
33.4 -0.324913
33.5 -0.347155
33.6 -2.15648
33.7 -0.495249
33.8 0.894635
33.9 0.80313
34 -1.44325
34.1 -0.339059
34.2 -0.835545
34.3 -0.594292
34.4 0.971774
34.5 0.444106
34.6 1.59949
34.7 -0.641748
34.8 -0.412636
34.9 0.296339
35 -0.928446
35.1 1.24615
35.2 0.627184
35.3 0.976022
35.4 -2.84317
35.5 -1.4273
35.6 0.306165
35.7 1.27769
35.8 -0.590893
35.9 -0.0338519
36 -0.0710534
36.1 -0.936402
36.2 1.47965
36.3 0.510157
36.4 -2.8893
36.5 0.033567
36.6 0.238043
36.7 -0.585851
36.8 0.659714
36.9 -0.357105
37 0.705212
37.1 -0.0442746
37.2 1.846
37.3 -1.85376
37.4 1.27235
37.5 -0.0151968
37.6 1.31146
37.7 1.3378
37.8 0.503733
37.9 0.298103
38 -0.00878768
38.1 0.749984
38.2 0.15967
38.3 -0.833487
38.4 -0.558024
38.5 0.347788
38.6 0.668335
38.7 0.559262
38.8 -1.08661
38.9 0.712923
39 -0.620235
39.1 -0.304397
39.2 -1.20188
39.3 0.315541
39.4 2.07268
39.5 -0.466201
39.6 0.603434
39.7 0.373979
39.8 0.441376
39.9 -1.1792
40 2.53863
40.1 -0.821756
40.2 -0.615283
40.3 0.784256
40.4 1.22896
40.5 1.18466
40.6 0.307993
40.7 -1.54946
40.8 -1.15034
40.9 0.356324
41 0.954638
41.1 1.01861
41.2 1.07377
41.3 0.31471
41.4 0.554256
41.5 -2.33637
41.6 0.775513
41.7 -0.667425
41.8 2.39481
41.9 -0.115074
42 1.71468
42.1 -0.361081
42.2 1.04196
42.3 -1.57549
42.4 -0.317914
42.5 0.279375
42.6 -0.7052
42.7 0.309827
42.8 -0.689723
42.9 0.515226
43 -2.12358
43.1 -0.494372
43.2 0.113839
43.3 0.893001
43.4 1.01094
43.5 0.299286
43.6 0.424737
43.7 -0.105663
43.8 -1.52501
43.9 1.30391
44 -1.03944
44.1 -0.791587
44.2 -0.38607
44.3 -1.14645
44.4 0.327849
44.5 1.51678
44.6 -0.431115
44.7 1.02555
44.8 0.491015
44.9 -1.72779
45 -0.114551
45.1 -1.46314
45.2 0.0432969
45.3 -1.67075
45.4 -2.02644
45.5 1.0828
45.6 -2.13066
45.7 -0.208522
45.8 -2.63562
45.9 -0.877679
46 0.586056
46.1 -2.17086
46.2 -0.993453
46.3 -0.970414
46.4 1.30593
46.5 -0.107501
46.6 0.311878
46.7 0.514833
46.8 0.467457
46.9 -0.796659
47 -0.383929
47.1 -0.0531829
47.2 -1.14294
47.3 -1.58144
47.4 0.0730568
47.5 -2.10149
47.6 -0.323555
47.7 -0.668306
47.8 -0.236469
47.9 -1.09674
48 0.967752
48.1 0.296995
48.2 3.84286
48.3 -0.417584
48.4 0.891781
48.5 1.58288
48.6 -1.51703
48.7 -0.227444
48.8 -1.30777
48.9 2.5362
49 1.23638
49.1 0.226497
49.2 0.890811
49.3 2.26329
49.4 -0.407979
49.5 -0.856958
49.6 0.170836
49.7 0.470007
49.8 -0.382771
49.9 0.180693
