0 2.69028
0.1 0.984632
0.2 1.53042
0.3 0.869101
0.4 -0.963079
0.5 0.34075
0.6 -1.50782
0.7 -2.15959
0.8 1.84801
0.9 -1.79355
1 -4.69669
1.1 2.76207
1.2 -1.12572
1.3 5.27755
1.4 0.543633
1.5 0.571438
1.6 -1.49967
1.7 1.99203
1.8 -0.166386
1.9 -0.181634
2 -2.58566
2.1 1.45741
2.2 0.682932
2.3 -1.12624
2.4 0.962902
2.5 2.52161
2.6 1.03951
2.7 -0.821949
2.8 4.18164
2.9 1.53045
3 -0.377962
3.1 -1.3808
3.2 -0.36553
3.3 -3.49198
3.4 0.890861
3.5 -2.4175
3.6 -0.528527
3.7 -2.42504
3.8 -1.76732
3.9 -2.25565
4 -1.45584
4.1 -3.68781
4.2 5.87574
4.3 0.353503
4.4 0.660721
4.5 -1.67087
4.6 -1.04679
4.7 -3.21921
4.8 3.72585
4.9 -0.0974512
5 0.44179
5.1 -3.28586
5.2 0.439756
5.3 0.910857
5.4 -2.95569
5.5 6.56047
5.6 1.39357
5.7 1.30151
5.8 -1.29947
5.9 1.41617
6 2.59057
6.1 1.36917
6.2 -2.07618
6.3 -0.199951
6.4 -0.283794
6.5 -5.23104
6.6 1.70538
6.7 2.12624
6.8 -0.715359
6.9 -0.379396
7 -2.68155
7.1 -6.90939
7.2 -4.98989
7.3 -2.56953
7.4 -2.97337
7.5 0.615803
7.6 -1.54542
7.7 0.985517
7.8 0.0331702
7.9 -0.582475
8 -1.54942
8.1 -2.26816
8.2 -0.65071
8.3 0.0421966
8.4 -5.44701
8.5 3.05009
8.6 4.44224
8.7 1.46046
8.8 0.182187
8.9 1.99263
9 0.633551
9.1 -2.1133
9.2 -2.32464
9.3 4.74723
9.4 2.96156
9.5 3.74281
9.6 1.92659
9.7 0.11041
9.8 -8.04375
9.9 8.97781
10 2.0689
10.1 0.268441
10.2 1.40944
10.3 -1.49458
10.4 -4.69702
10.5 2.68806
10.6 0.692666
10.7 1.59457
10.8 -1.13463
10.9 0.53319
11 -1.86689
11.1 -0.950007
11.2 -1.0252
11.3 -1.00547
11.4 -1.98662
11.5 -2.95036
11.6 -4.63503
11.7 5.0053
11.8 3.26479
11.9 -0.0696715
12 -1.60244
12.1 -4.95693
12.2 5.88042
12.3 -1.22994
12.4 -1.24437
12.5 1.04059
12.6 -0.656715
12.7 -4.91478
12.8 -3.65198
12.9 -4.30836
13 7.07149
13.1 1.01887
13.2 1.56294
13.3 -0.652493
13.4 -0.0576813
13.5 -4.526
13.6 2.59657
13.7 -0.921629
13.8 4.07964
13.9 0.628986
14 -1.52573
14.1 0.693505
14.2 -0.600888
14.3 -3.58524
14.4 -2.66453
14.5 -2.2356
14.6 -6.56703
14.7 7.37105
14.8 -0.14939
14.9 -1.65905
15 -5.43782
15.1 3.57862
15.2 1.83408
15.3 2.03277
15.4 0.306624
15.5 1.75327
15.6 -0.0773798
15.7 -1.28835
15.8 -0.468139
15.9 -4.40687
16 2.28881
16.1 1.48869
16.2 0.324964
16.3 -2.70265
16.4 -2.6462
16.5 -1.47919
16.6 6.69678
16.7 1.0682
16.8 0.595102
16.9 0.941129
17 -0.0322258
17.1 -9.46516
17.2 6.098
17.3 3.94712
17.4 2.94254
17.5 1.29226
17.6 1.13752
17.7 0.460479
17.8 0.683146
17.9 2.0844
18 -0.422443
18.1 -3.01686
18.2 2.46903
18.3 0.330301
18.4 2.36568
18.5 -0.815497
18.6 -2.39598
18.7 -5.58196
18.8 0.818262
18.9 -1.20186
19 -3.08726
19.1 5.25707
19.2 0.793907
19.3 1.83757
19.4 -0.400835
19.5 -2.26264
19.6 3.54923
19.7 0.894483
19.8 -0.544933
19.9 -0.450798
20 0.0295155
20.1 3.21469
20.2 -1.1055
20.3 -1.20388
20.4 0.127547
20.5 0.0582259
20.6 0.014371
20.7 1.88872
20.8 0.87324
20.9 2.92932
21 3.49282
21.1 3.08453
21.2 1.44077
21.3 -0.359808
21.4 -1.60804
21.5 -1.82103
21.6 2.15193
21.7 2.56358
21.8 1.01769
21.9 1.92194
22 2.30507
22.1 -1.35276
22.2 -1.23706
22.3 -0.877713
22.4 5.09674
22.5 1.36109
22.6 -3.63418
22.7 -1.73105
22.8 -0.528775
22.9 1.07417
23 -1.19977
23.1 -5.72881
23.2 2.20213
23.3 0.698591
23.4 -0.975487
23.5 -4.59483
23.6 2.68132
23.7 2.23934
23.8 0.617359
23.9 0.0866527
24 -4.14211
24.1 4.19598
24.2 -0.504286
24.3 0.987312
24.4 -0.198161
24.5 -0.534991
24.6 -0.235271
24.7 0.0254361
24.8 1.16398
24.9 2.63758
25 -0.742684
25.1 -1.82791
25.2 -2.04119
25.3 -0.0872419
25.4 -4.25833
25.5 3.24972
25.6 0.53448
25.7 0.141025
25.8 -1.94823
25.9 4.86869
26 2.98996
26.1 -0.616759
26.2 -0.598667
26.3 -1.21894
26.4 -2.92434
26.5 2.20645
26.6 -1.34262
26.7 -3.41121
26.8 4.67951
26.9 1.08563
27 -0.282816
27.1 -0.219783
27.2 -1.459
27.3 4.0559
27.4 0.868508
27.5 2.72715
27.6 1.22475
27.7 -0.259023
27.8 3.04863
27.9 -0.257304
28 -1.30336
28.1 -2.94488
28.2 -1.15509
28.3 0.100005
28.4 3.55053
28.5 -0.836747
28.6 1.3861
28.7 2.62435
28.8 -2.44705
28.9 -4.41273
29 2.50295
29.1 1.342
29.2 3.21847
29.3 3.52819
29.4 1.25409
29.5 0.798721
29.6 3.49844
29.7 -1.71335
29.8 -2.29542
29.9 -0.18921
30 -2.88179
30.1 -0.521894
30.2 1.44868
30.3 0.887293
30.4 -0.980794
30.5 -1.99031
30.6 -3.89981
30.7 1.51824
30.8 1.3055
30.9 -6.6608
31 5.87097
31.1 0.922242
31.2 2.88705
31.3 1.01974
31.4 0.23552
31.5 -4.24969
31.6 2.65302
31.7 1.62869
31.8 -0.203092
31.9 2.41184
32 -1.9765
32.1 -1.51546
32.2 3.57637
32.3 2.65304
32.4 4.94636
32.5 3.29313
32.6 -1.18211
32.7 -1.79776
32.8 -2.39654
32.9 -4.96978
33 -3.06346
33.1 -5.35034
33.2 -3.38225
33.3 -0.0920726
33.4 -4.8436
33.5 2.08429
33.6 0.412263
33.7 -0.672638
33.8 0.175651
33.9 -1.42197
34 -3.77277
34.1 3.00393
34.2 1.07825
34.3 1.06686
34.4 1.54663
34.5 -0.0549277
34.6 0.18851
34.7 2.98274
34.8 0.681946
34.9 -0.270676
35 -0.925484
35.1 -2.39829
35.2 3.45174
35.3 1.46643
35.4 -2.71585
35.5 -1.0138
35.6 -0.694575
35.7 -2.22011
35.8 -3.73082
35.9 1.68367
36 -1.52309
36.1 -5.82215
36.2 4.23537
36.3 1.08044
36.4 0.826193
36.5 -0.386489
36.6 -2.81745
36.7 5.80283
36.8 1.28107
36.9 -0.364798
37 0.334512
37.1 0.434896
37.2 -3.44271
37.3 2.89912
37.4 1.65118
37.5 -0.163033
37.6 0.7511
37.7 1.62154
37.8 0.0314904
37.9 0.443632
38 -1.72801
38.1 -0.908364
38.2 -4.69942
38.3 2.89846
38.4 1.28971
38.5 -1.107
38.6 -1.25859
38.7 -2.83092
38.8 -0.3179
38.9 -2.1047
39 -1.72236
39.1 2.40263
39.2 2.51273
39.3 -0.891443
39.4 -3.56194
39.5 -4.00776
39.6 -5.14912
39.7 -3.15934
39.8 -3.42671
39.9 2.1006
40 0.649569
40.1 -0.474821
40.2 0.323602
40.3 -2.05948
40.4 -3.19642
40.5 -3.49688
40.6 -7.6838
40.7 7.32673
40.8 1.39798
40.9 0.745204
41 1.68232
41.1 3.21057
41.2 -0.390397
41.3 -3.84813
41.4 5.55728
41.5 2.01019
41.6 2.22698
41.7 0.314908
41.8 0.069487
41.9 -1.27164
42 0.644575
42.1 -1.21383
42.2 -2.49554
42.3 -5.67311
42.4 4.32821
42.5 0.0430009
42.6 1.13795
42.7 -2.85918
42.8 1.82345
42.9 1.30957
43 -2.07809
43.1 -2.61795
43.2 4.87613
43.3 0.326089
43.4 -1.37907
43.5 -3.56091
43.6 4.89707
43.7 0.350565
43.8 -1.31108
43.9 4.67089
44 1.59046
44.1 1.64344
44.2 0.299553
44.3 -3.64378
44.4 6.71677
44.5 -0.554358
44.6 -1.44938
44.7 -0.501695
44.8 4.92022
44.9 0.945227
45 0.325837
45.1 0.411203
45.2 1.88925
45.3 1.95969
45.4 1.54934
45.5 0.657397
45.6 -2.19037
45.7 -3.34531
45.8 -10.339
45.9 3.01803
46 0.0881664
46.1 -2.76491
46.2 -4.09919
46.3 3.01995
46.4 -0.154463
46.5 -0.18921
46.6 -5.03549
46.7 5.18584
46.8 -1.952
46.9 -2.22975
47 -1.18947
47.1 -1.32259
47.2 -0.0209035
47.3 -3.18536
47.4 3.368
47.5 1.15154
47.6 -1.12522
47.7 0.0614799
47.8 1.28494
47.9 -0.511745
48 1.38731
48.1 2.35779
48.2 0.670762
48.3 1.14017
48.4 3.92211
48.5 -0.451118
48.6 -2.174
48.7 5.87546
48.8 3.01893
48.9 4.54662
49 0.462746
49.1 1.09305
49.2 -3.20211
49.3 -1.3561
49.4 -0.16122
49.5 -3.81177
49.6 -2.03358
49.7 -2.58085
49.8 7.29808
49.9 0.480934
