0 -1.0716
0.1 1.34685
0.2 -0.0174459
0.3 0.307125
0.4 2.23348
0.5 0.373253
0.6 -0.200904
0.7 1.59094
0.8 -0.437945
0.9 1.14906
1 0.056962
1.1 -1.13816
1.2 -2.83616
1.3 -2.30607
1.4 -1.27494
1.5 0.506482
1.6 -0.174317
1.7 -0.372837
1.8 -0.438917
1.9 -0.039614
2 -0.8651
2.1 0.89021
2.2 1.06841
2.3 -0.349671
2.4 -0.0850331
2.5 1.66914
2.6 -0.665077
2.7 0.905591
2.8 -0.165263
2.9 -1.81885
3 1.58054
3.1 -0.475696
3.2 1.70022
3.3 -1.03423
3.4 1.30038
3.5 0.72907
3.6 0.0278736
3.7 -0.389253
3.8 2.05903
3.9 -0.894779
4 0.543179
4.1 -0.459702
4.2 0.270889
4.3 0.802498
4.4 -0.287005
4.5 -0.0802843
4.6 0.911972
4.7 -0.572924
4.8 0.0806024
4.9 -3.285
5 0.454858
5.1 -0.160687
5.2 -0.00488651
5.3 1.01358
5.4 1.39991
5.5 0.262772
5.6 0.812061
5.7 -0.947761
5.8 -0.619768
5.9 -1.25956
6 0.230756
6.1 0.0634226
6.2 0.282432
6.3 1.29156
6.4 0.924341
6.5 -0.237157
6.6 1.90122
6.7 1.3793
6.8 0.0409932
6.9 -0.48285
7 2.53939
7.1 1.07771
7.2 1.4158
7.3 -0.263258
7.4 1.68671
7.5 -2.00835
7.6 0.238469
7.7 0.618876
7.8 1.16332
7.9 0.384057
8 1.62307
8.1 0.729901
8.2 -0.0789923
8.3 1.69248
8.4 -0.933509
8.5 1.058
8.6 -0.969191
8.7 -1.88372
8.8 1.05356
8.9 -0.33187
9 1.82865
9.1 -0.310882
9.2 2.91011
9.3 -0.176908
9.4 0.063432
9.5 -0.499707
9.6 2.05083
9.7 0.866609
9.8 0.529691
9.9 -0.35315
10 -1.9297
10.1 0.498012
10.2 -0.443372
10.3 -0.195815
10.4 -1.16173
10.5 0.540394
10.6 -1.63146
10.7 -1.45605
10.8 -2.08556
10.9 0.702116
11 0.505788
11.1 0.170351
11.2 -1.65169
11.3 0.056486
11.4 0.051612
11.5 0.379878
11.6 -0.576912
11.7 -0.260557
11.8 2.68875
11.9 0.841695
12 1.53627
12.1 2.12041
12.2 -0.974602
12.3 0.042447
12.4 0.87511
12.5 -1.19918
12.6 -0.536502
12.7 -2.6818
12.8 0.156133
12.9 -0.824368
13 0.606804
13.1 0.238294
13.2 -2.66161
13.3 1.16338
13.4 -1.15289
13.5 0.772296
13.6 1.12544
13.7 -0.716385
13.8 0.54597
13.9 0.345188
14 -0.0926767
14.1 1.59194
14.2 -0.215724
14.3 0.828985
14.4 -0.700206
14.5 -0.00210439
14.6 0.821307
14.7 -0.400766
14.8 -0.824898
14.9 -1.45612
15 -0.228402
15.1 1.91761
15.2 0.673492
15.3 -0.42506
15.4 1.18513
15.5 1.80859
15.6 0.488292
15.7 0.218472
15.8 0.455682
15.9 0.600724
16 -0.878824
16.1 -0.313305
16.2 1.26535
16.3 -0.147489
16.4 0.828564
16.5 1.90475
16.6 -0.583379
16.7 0.0530512
16.8 -0.899517
16.9 -0.18133
17 0.8724
17.1 0.115808
17.2 0.503126
17.3 -0.0108335
17.4 -1.09039
17.5 -0.604906
17.6 0.71443
17.7 -0.573611
17.8 -1.16
17.9 3.11597
18 -0.161097
18.1 -0.920036
18.2 -1.73512
18.3 -0.220724
18.4 -0.0247072
18.5 -1.05021
18.6 -0.853894
18.7 -0.900559
18.8 -0.102717
18.9 0.301008
19 -1.05867
19.1 -1.31125
19.2 0.841058
19.3 -0.423428
19.4 -0.992709
19.5 0.340421
19.6 0.161098
19.7 -0.214807
19.8 -0.506299
19.9 0.737251
20 1.50322
20.1 -0.67938
20.2 -0.181779
20.3 0.73926
20.4 0.980746
20.5 0.466383
20.6 -0.364242
20.7 0.192267
20.8 2.5296
20.9 0.835033
21 -0.4637
21.1 0.879792
21.2 -0.729509
21.3 -1.54961
21.4 0.0657564
21.5 -0.347237
21.6 -0.38463
21.7 -0.316271
21.8 -3.09596
21.9 -1.10553
22 -0.153443
22.1 -1.59645
22.2 -0.131174
22.3 -1.14434
22.4 0.267277
22.5 0.221284
22.6 0.0320764
22.7 -0.66899
22.8 -0.248737
22.9 -0.140379
23 0.606543
23.1 0.50111
23.2 0.443324
23.3 -0.444169
23.4 -1.77194
23.5 -1.58745
23.6 1.4058
23.7 -1.27678
23.8 0.0738414
23.9 -1.34421
24 1.25302
24.1 0.615479
24.2 -0.857869
24.3 -0.821716
24.4 -0.781503
24.5 8.08622e-05
24.6 -0.451085
24.7 0.178539
24.8 -0.210305
24.9 -1.35987
25 -1.37906
25.1 0.0399482
25.2 0.750965
25.3 -0.430475
25.4 0.0316011
25.5 0.0996989
25.6 0.0565042
25.7 -0.530144
25.8 -2.74102
25.9 -0.996731
26 -1.73087
26.1 -1.62563
26.2 -1.07419
26.3 0.336481
26.4 -1.06353
26.5 -0.224461
26.6 1.73526
26.7 1.3424
26.8 -1.52848
26.9 0.763321
27 -0.957056
27.1 -1.30811
27.2 -0.99695
27.3 -1.03279
27.4 -1.11371
27.5 1.11621
27.6 -1.41286
27.7 -0.793087
27.8 1.2771
27.9 -0.0388672
28 0.86647
28.1 -1.38747
28.2 -0.740463
28.3 -0.158154
28.4 -1.26961
28.5 0.329389
28.6 0.363147
28.7 0.721832
28.8 0.0410339
28.9 -0.432555
29 -1.6768
29.1 -0.96203
29.2 -0.105142
29.3 1.48625
29.4 -1.33038
29.5 -2.38526
29.6 -0.0757977
29.7 0.671722
29.8 -0.986767
29.9 0.141773
30 -0.0449824
30.1 0.862321
30.2 0.523187
30.3 0.197714
30.4 0.154508
30.5 -0.0937922
30.6 -2.07631
30.7 -1.06489
30.8 -0.246446
30.9 0.0416184
31 -0.636529
31.1 -1.11707
31.2 0.951625
31.3 -2.56271
31.4 -0.967712
31.5 1.78919
31.6 0.586235
31.7 1.00616
31.8 1.96132
31.9 0.39828
32 -1.87717
32.1 -1.01181
32.2 -1.56234
32.3 -0.303489
32.4 2.77244
32.5 -2.54719
32.6 -1.16608
32.7 -1.47087
32.8 1.19971
32.9 -0.0420362
33 -1.28998
33.1 -2.45786
33.2 -0.156755
33.3 -1.1214
33.4 1.97004
33.5 1.60372
33.6 -2.06155
33.7 -0.0134726
33.8 2.28157
33.9 -1.12745
34 -0.0895417
34.1 -0.2786
34.2 1.20225
34.3 1.18247
34.4 1.66911
34.5 0.63188
34.6 -1.47459
34.7 -0.753612
34.8 -0.805029
34.9 1.10974
35 -0.533906
35.1 0.477738
35.2 -0.48791
35.3 -0.00238973
35.4 2.01016
35.5 0.554956
35.6 -1.63965
35.7 0.665653
35.8 2.38622
35.9 0.384653
36 -0.577753
36.1 -0.180648
36.2 0.263119
36.3 2.11953
36.4 -0.158124
36.5 0.245553
36.6 0.0188599
36.7 -0.030267
36.8 -0.383417
36.9 -0.30874
37 0.80456
37.1 2.39103
37.2 2.90662
37.3 1.17124
37.4 0.662959
37.5 1.60318
37.6 -0.800904
37.7 -0.164559
37.8 1.07089
37.9 -0.949805
38 0.0800611
38.1 0.00171661
38.2 0.37517
38.3 1.50477
38.4 0.695643
38.5 0.380466
38.6 0.356694
38.7 -0.350196
38.8 -1.01392
38.9 -0.609629
39 1.411
39.1 1.56345
39.2 -1.35991
39.3 -0.257423
39.4 -0.768403
39.5 1.03919
39.6 -0.367866
39.7 1.02304
39.8 0.860913
39.9 2.15588
40 2.99546
40.1 -0.98432
40.2 -1.24199
40.3 -0.136966
40.4 -0.868784
40.5 -0.784408
40.6 -0.219043
40.7 -0.270057
40.8 1.36208
40.9 -2.58509
41 0.0106505
41.1 0.0867168
41.2 0.400874
41.3 -0.256561
41.4 1.77094
41.5 -1.79432
41.6 -0.159051
41.7 -1.27746
41.8 0.454792
41.9 0.125869
42 -0.487013
42.1 -0.295291
42.2 -1.01663
42.3 1.32538
42.4 -1.4483
42.5 1.30072
42.6 0.319719
42.7 1.79781
42.8 -0.478593
42.9 -0.732194
43 -0.678622
43.1 -0.0458209
43.2 -1.62996
43.3 -0.699821
43.4 1.3399
43.5 -0.65797
43.6 -2.82449
43.7 -1.7436
43.8 0.202422
43.9 -0.342006
44 0.811248
44.1 0.53115
44.2 1.94092
44.3 -0.000710148
44.4 -0.174269
44.5 -0.513102
44.6 3.25374
44.7 0.615504
44.8 -0.853611
44.9 -0.557017
45 -0.710426
45.1 0.531744
45.2 1.18721
45.3 2.502
45.4 -2.18851
45.5 -0.49975
45.6 0.665569
45.7 -0.203937
45.8 -1.98118
45.9 2.13975
46 -0.897509
46.1 -1.24452
46.2 -1.81842
46.3 0.373212
46.4 1.78615
46.5 1.57411
46.6 0.404622
46.7 2.31231
46.8 -0.95577
46.9 -0.764649
47 -0.379048
47.1 0.276116
47.2 0.00839263
47.3 1.25975
47.4 -0.655224
47.5 -0.981712
47.6 -2.9754
47.7 -1.15583
47.8 2.59133
47.9 0.502091
48 -1.98032
48.1 -0.298432
48.2 -1.65179
48.3 -0.111912
48.4 0.789229
48.5 -1.40211
48.6 0.171667
48.7 1.48519
48.8 3.36115
48.9 0.377323
49 1.25921
49.1 1.83279
49.2 0.308876
49.3 0.652675
49.4 -2.41188
49.5 0.752992
49.6 -0.50304
49.7 0.417102
49.8 0.960262
49.9 -0.112426
