0 4.06892
0.1 2.39707
0.2 4.77519
0.3 3.35163
0.4 3.58372
0.5 5.17155
0.6 5.09542
0.7 3.78918
0.8 2.90088
0.9 -0.765875
1 4.09816
1.1 5.37588
1.2 5.37012
1.3 2.02412
1.4 0.911949
1.5 0.00266974
1.6 0.995633
1.7 -1.30203
1.8 1.48069
1.9 2.93611
2 3.3626
2.1 1.44822
2.2 -0.66468
2.3 1.06085
2.4 -3.49671
2.5 0.93544
2.6 -1.2638
2.7 -1.80571
2.8 2.86346
2.9 1.20264
3 -0.618224
3.1 -2.13131
3.2 -2.87593
3.3 -0.0128058
3.4 -0.555758
3.5 2.44211
3.6 5.03022
3.7 2.69291
3.8 4.58791
3.9 4.81618
4 5.64162
4.1 7.87248
4.2 8.29638
4.3 7.14419
4.4 5.70651
4.5 5.61094
4.6 0.338132
4.7 -3.44677
4.8 -0.56507
4.9 -1.69128
5 -3.10028
5.1 -4.06542
5.2 -5.98845
5.3 -3.32014
5.4 -1.72059
5.5 0.701324
5.6 4.16715
5.7 3.76741
5.8 5.16804
5.9 0.234429
6 -0.148298
6.1 1.84421
6.2 -0.941086
6.3 1.41125
6.4 0.374733
6.5 -0.918171
6.6 -3.49055
6.7 -0.8487
6.8 0.953918
6.9 3.91878
7 2.61247
7.1 4.15733
7.2 2.19899
7.3 1.70903
7.4 3.83463
7.5 4.68342
7.6 3.98592
7.7 1.92616
7.8 0.328365
7.9 0.251148
8 2.7523
8.1 3.42908
8.2 5.97355
8.3 7.74878
8.4 5.29598
8.5 8.20998
8.6 6.82418
8.7 7.91211
8.8 6.49861
8.9 5.69976
9 6.0691
9.1 9.06844
9.2 9.35965
9.3 12.6896
9.4 14.9548
9.5 16.8529
9.6 17.522
9.7 12.3442
9.8 10.7674
9.9 12.2257
10 9.39989
10.1 7.60719
10.2 7.85955
10.3 6.00395
10.4 4.88364
10.5 9.11439
10.6 12.0601
10.7 13.1326
10.8 12.6195
10.9 12.178
11 12.0178
11.1 14.7621
11.2 12.0507
11.3 9.88154
11.4 13.3477
11.5 11.6157
11.6 11.2113
11.7 10.8182
11.8 9.16636
11.9 10.4904
12 11.7227
12.1 8.9588
12.2 7.9683
12.3 10.2351
12.4 11.9036
12.5 14.0913
12.6 14.0336
12.7 15.0631
12.8 13.5094
12.9 12.7296
13 10.8167
13.1 9.99163
13.2 9.20258
13.3 11.6136
13.4 13.38
13.5 15.0313
13.6 12.803
13.7 13.5858
13.8 16.8892
13.9 15.8377
14 15.4578
14.1 14.4891
14.2 13.5202
14.3 15.2192
14.4 15.1693
14.5 15.5411
14.6 18.0813
14.7 16.6471
14.8 17.6183
14.9 16.8235
15 15.4528
15.1 15.7573
15.2 14.6471
15.3 15.8862
15.4 17.8287
15.5 17.4728
15.6 13.6889
15.7 11.9137
15.8 13.0129
15.9 6.68057
16 4.85005
16.1 4.15858
16.2 5.25608
16.3 1.63603
16.4 0.749634
16.5 -0.106065
16.6 4.08187
16.7 4.53489
16.8 0.120982
16.9 -0.145753
17 -0.175328
17.1 0.0922089
17.2 1.61005
17.3 0.186724
17.4 -2.0506
17.5 -1.06778
17.6 -0.872031
17.7 -0.123761
17.8 3.60191
17.9 1.11933
18 4.69835
18.1 6.61713
18.2 8.63413
18.3 0.482333
18.4 2.15251
18.5 7.72346
18.6 2.79109
18.7 0.337932
18.8 0.157881
18.9 2.15125
19 0.29514
19.1 1.88837
19.2 -1.27009
19.3 -0.20029
19.4 -2.16958
19.5 -0.52649
19.6 0.29593
19.7 2.43638
19.8 5.80215
19.9 5.11438
20 5.61219
20.1 8.04536
20.2 4.43098
20.3 3.76379
20.4 2.13123
20.5 1.78149
20.6 0.434643
20.7 -1.40501
20.8 0.516539
20.9 2.24362
21 1.40869
21.1 2.44014
21.2 -2.07715
21.3 -1.65529
21.4 -5.58745
21.5 -7.83439
21.6 -11.0076
21.7 -15.17
21.8 -19.2312
21.9 -13.4329
22 -14.4715
22.1 -18.1514
22.2 -16.5807
22.3 -17.4561
22.4 -16.1572
22.5 -17.5892
22.6 -17.4765
22.7 -15.8471
22.8 -14.8072
22.9 -10.4899
23 -11.5751
23.1 -16.1355
23.2 -14.2034
23.3 -16.5881
23.4 -17.3764
23.5 -13.8744
23.6 -10.6065
23.7 -7.99886
23.8 -9.14467
23.9 -8.77634
24 -9.57714
24.1 -8.77696
24.2 -7.46929
24.3 -5.47508
24.4 -4.84301
24.5 -3.21547
24.6 -1.20377
24.7 -2.75218
24.8 -1.98288
24.9 -4.13302
25 -4.14992
25.1 -5.66657
25.2 -7.31834
25.3 -8.4766
25.4 -8.09454
25.5 -8.26825
25.6 -2.58026
25.7 -2.7887
25.8 -3.78548
25.9 -1.21951
26 -1.93339
26.1 -2.79089
26.2 -2.65088
26.3 -1.9304
26.4 -4.50856
26.5 -4.89269
26.6 -3.34918
26.7 -2.46489
26.8 -5.56564
26.9 -5.91566
27 -4.83686
27.1 -4.15165
27.2 -4.19769
27.3 -3.04739
27.4 -2.1615
27.5 -4.86915
27.6 -4.18641
27.7 -2.5185
27.8 -6.35979
27.9 -6.14405
28 -6.52312
28.1 -6.3188
28.2 -4.64957
28.3 -3.70486
28.4 -2.86012
28.5 0.632556
28.6 -1.00378
28.7 -4.9612
28.8 -8.16531
28.9 -11.3995
29 -8.13562
29.1 -8.14381
29.2 -8.59455
29.3 -9.16566
29.4 -11.8114
29.5 -7.44677
29.6 -4.86604
29.7 -0.841159
29.8 5.38938
29.9 0.476013
30 0.843341
30.1 1.53527
30.2 4.03225
30.3 8.23754
30.4 9.60034
30.5 8.59352
30.6 12.3167
30.7 11.2795
30.8 9.74488
30.9 7.98604
31 8.83663
31.1 8.05869
31.2 6.73402
31.3 3.77463
31.4 3.58008
31.5 6.41364
31.6 7.13631
31.7 7.87789
31.8 8.3967
31.9 11.4479
32 13.1829
32.1 12.1312
32.2 11.5827
32.3 12.0207
32.4 9.9183
32.5 12.9785
32.6 12.3515
32.7 9.04909
32.8 7.21614
32.9 5.93375
33 4.03168
33.1 4.22076
33.2 3.90855
33.3 2.78049
33.4 -1.14122
33.5 0.129198
33.6 -1.62692
33.7 -2.44306
33.8 -1.56859
33.9 -1.37158
34 -1.83065
34.1 -4.18045
34.2 -7.43799
34.3 -7.01335
34.4 -10.1539
34.5 -10.6512
34.6 -11.9531
34.7 -15.2637
34.8 -11.6298
34.9 -12.0285
35 -11.8337
35.1 -10.7581
35.2 -11.0105
35.3 -7.51983
35.4 -7.40356
35.5 -4.2597
35.6 -4.81091
35.7 -7.6589
35.8 -10.1662
35.9 -7.64945
36 -2.47768
36.1 -3.64653
36.2 -5.48674
36.3 -3.1256
36.4 -2.04887
36.5 -2.71391
36.6 -5.26073
36.7 -4.03096
36.8 -4.78218
36.9 -4.27955
37 -2.18471
37.1 -4.36761
37.2 -7.47745
37.3 -9.91622
37.4 -10.4605
37.5 -10.676
37.6 -10.3572
37.7 -8.12702
37.8 -8.74461
37.9 -8.89422
38 -6.2827
38.1 -6.46543
38.2 -8.42609
38.3 -8.65716
38.4 -10.4562
38.5 -12.1133
38.6 -9.8916
38.7 -8.06781
38.8 -11.471
38.9 -10.5271
39 -10.6767
39.1 -10.493
39.2 -13.6027
39.3 -17.6848
39.4 -17.2383
39.5 -16.6493
39.6 -13.0386
39.7 -12.9408
39.8 -12.2494
39.9 -15.2732
40 -14.7379
40.1 -16.7891
40.2 -13.8936
40.3 -14.7656
40.4 -12.0564
40.5 -10.1973
40.6 -7.74582
40.7 -8.52689
40.8 -8.84866
40.9 -7.99177
41 -8.79726
41.1 -7.02463
41.2 -3.29414
41.3 -2.31077
41.4 1.52893
41.5 0.463579
41.6 4.46907
41.7 4.83917
41.8 7.06705
41.9 1.16873
42 4.2156
42.1 4.51124
42.2 6.11919
42.3 5.82672
42.4 4.41468
42.5 2.50904
42.6 2.4047
42.7 0.959615
42.8 -0.865278
42.9 -1.42209
43 -6.08244
43.1 -3.67694
43.2 -3.23749
43.3 -2.16438
43.4 -3.858
43.5 -2.24445
43.6 0.0893036
43.7 -2.97072
43.8 -2.45068
43.9 -6.63507
44 -8.65057
44.1 -7.83822
44.2 -8.07246
44.3 -5.10951
44.4 -2.08232
44.5 -0.822995
44.6 2.77724
44.7 1.51736
44.8 -0.192513
44.9 1.05279
45 -0.561105
45.1 -1.10037
45.2 0.392157
45.3 -1.64646
45.4 0.911443
45.5 -0.247504
45.6 -2.72789
45.7 -0.207714
45.8 -2.22162
45.9 -0.792838
46 2.62837
46.1 1.72888
46.2 -3.01721
46.3 -5.24183
46.4 -5.44954
46.5 -7.53837
46.6 -5.96021
46.7 -3.3134
46.8 0.067522
46.9 -1.61621
47 1.15876
47.1 -1.1965
47.2 -3.41755
47.3 -4.80521
47.4 0.737727
47.5 -0.388579
47.6 -2.25781
47.7 -0.473463
47.8 -5.31211
47.9 -9.53068
48 -8.98649
48.1 -9.97635
48.2 -10.672
48.3 -9.98961
48.4 -9.88034
48.5 -6.61245
48.6 -5.01041
48.7 -3.29166
48.8 -4.65186
48.9 -4.81834
49 -2.20933
49.1 2.63197
49.2 -2.41202
49.3 -1.0983
49.4 -1.60768
49.5 0.149258
49.6 2.60215
49.7 3.84269
49.8 7.69842
49.9 4.6894
