0 -0.271332
0.1 -0.0727476
0.2 2.01304
0.3 0.213983
0.4 -1.03297
0.5 -0.814349
0.6 -1.13389
0.7 -0.0238263
0.8 -0.29687
0.9 -1.33023
1 0.72303
1.1 -0.117918
1.2 0.567077
1.3 1.58478
1.4 0.81955
1.5 -0.871211
1.6 0.323695
1.7 -1.39015
1.8 0.905608
1.9 1.61114
2 -3.20515
2.1 -0.765186
2.2 -0.566551
2.3 0.133582
2.4 -0.800825
2.5 1.2222
2.6 0.108957
2.7 -0.0275975
2.8 0.212347
2.9 -0.80455
3 -1.17851
3.1 -1.16402
3.2 -0.506852
3.3 2.07479
3.4 -2.02705
3.5 0.189399
3.6 0.100689
3.7 -0.333862
3.8 -0.162787
3.9 -0.924307
4 -0.829588
4.1 -1.26142
4.2 -1.83276
4.3 -1.11283
4.4 -2.91964
4.5 0.858523
4.6 -2.33012
4.7 4.37465
4.8 0.397433
4.9 -1.10219
5 1.85609
5.1 -1.90783
5.2 -1.11871
5.3 0.779116
5.4 -0.252515
5.5 -0.948603
5.6 0.533973
5.7 1.26708
5.8 0.686109
5.9 -0.0554804
6 0.0998807
6.1 -0.0893611
6.2 -0.625152
6.3 -1.69367
6.4 -0.369419
6.5 -0.498712
6.6 -2.04544
6.7 -1.65634
6.8 -1.4438
6.9 1.06377
7 -2.42377
7.1 0.0641177
7.2 -0.747192
7.3 -1.63252
7.4 0.942138
7.5 0.836815
7.6 0.989491
7.7 -0.251146
7.8 -0.472252
7.9 -2.3359
8 0.944762
8.1 -0.966234
8.2 -0.521265
8.3 -0.0624333
8.4 -0.759393
8.5 -0.298793
8.6 1.50583
8.7 -2.43915
8.8 1.40842
8.9 0.648712
9 0.244736
9.1 1.42211
9.2 0.421309
9.3 -1.62573
9.4 -1.2174
9.5 -1.02745
9.6 -1.49946
9.7 0.845429
9.8 0.739485
9.9 1.27886
10 -0.46419
10.1 0.350512
10.2 1.12771
10.3 1.80838
10.4 1.54292
10.5 0.168018
10.6 0.387851
10.7 -0.961674
10.8 -0.00330869
10.9 -0.884506
11 -1.12641
11.1 -0.883363
11.2 0.0205039
11.3 -1.31402
11.4 0.963098
11.5 0.387932
11.6 0.409644
11.7 -2.5899
11.8 -0.572513
11.9 0.77659
12 0.00553293
12.1 -0.599216
12.2 0.583665
12.3 1.31992
12.4 1.87763
12.5 -1.4889
12.6 0.167118
12.7 0.33341
12.8 -0.218728
12.9 -1.06082
13 0.754028
13.1 0.6474
13.2 -1.45375
13.3 -0.0678873
13.4 0.22165
13.5 1.15323
13.6 1.719
13.7 0.957856
13.8 -1.22292
13.9 0.540153
14 0.0574975
14.1 -1.16635
14.2 -0.970093
14.3 0.082014
14.4 0.124247
14.5 -0.748347
14.6 -1.21902
14.7 -0.280164
14.8 0.539759
14.9 2.11226
15 1.38499
15.1 0.394249
15.2 2.15402
15.3 -0.536577
15.4 0.84487
15.5 2.57945
15.6 0.282219
15.7 -3.17627
15.8 -0.560159
15.9 -1.51293
16 0.0452046
16.1 0.872745
16.2 -3.39966
16.3 -0.295558
16.4 -1.15754
16.5 -0.227415
16.6 0.400472
16.7 1.28762
16.8 1.11543
16.9 -0.848716
17 0.0136762
17.1 0.753912
17.2 -0.158771
17.3 0.227891
17.4 0.0406567
17.5 0.653972
17.6 -0.0231613
17.7 1.75432
17.8 -0.0250096
17.9 -0.169459
18 0.718185
18.1 1.1613
18.2 0.37817
18.3 0.138626
18.4 -0.0348737
18.5 -3.17986
18.6 -0.286416
18.7 0.361301
18.8 1.07055
18.9 -1.40518
19 -1.24831
19.1 0.525737
19.2 0.33995
19.3 -1.37461
19.4 1.19094
19.5 0.473316
19.6 3.06665
19.7 -0.71098
19.8 -0.130586
19.9 -0.702255
20 -0.103891
20.1 -1.73238
20.2 0.4215
20.3 0.349146
20.4 0.466844
20.5 1.29436
20.6 1.34757
20.7 -0.360484
20.8 1.22874
20.9 0.408856
21 1.19254
21.1 -1.47955
21.2 0.882978
21.3 1.67327
21.4 2.12095
21.5 -1.74941
21.6 -0.463784
21.7 -0.534363
21.8 0.632946
21.9 0.51756
22 -1.98566
22.1 -1.10342
22.2 0.187641
22.3 0.13339
22.4 -0.77972
22.5 -1.32937
22.6 0.899497
22.7 -0.827985
22.8 1.15382
22.9 -1.58973
23 3.88395
23.1 -1.00532
23.2 -2.20126
23.3 -0.937811
23.4 -1.38255
23.5 1.8853
23.6 1.53935
23.7 -0.168214
23.8 0.757801
23.9 -1.96667
24 4.23377
24.1 1.41909
24.2 -0.445732
24.3 0.767586
24.4 2.5444
24.5 -1.06206
24.6 -0.305546
24.7 -1.25359
24.8 -3.05068
24.9 1.04234
25 -2.23121
25.1 2.16429
25.2 -1.43613
25.3 2.10271
25.4 -0.110893
25.5 0.716476
25.6 1.17539
25.7 -0.508866
25.8 1.62092
25.9 -1.02212
26 0.218042
26.1 0.495542
26.2 -1.99767
26.3 -0.706878
26.4 -0.62287
26.5 -0.682371
26.6 1.27577
26.7 1.67846
26.8 -1.20748
26.9 2.92796
27 0.607092
27.1 -0.36474
27.2 0.886384
27.3 0.660171
27.4 0.973604
27.5 0.178596
27.6 -0.752982
27.7 1.48198
27.8 0.2408
27.9 0.527043
28 0.767172
28.1 0.116337
28.2 -1.25763
28.3 -0.21581
28.4 -0.736247
28.5 -0.0994969
28.6 1.28465
28.7 -0.730624
28.8 0.418574
28.9 0.413233
29 1.49578
29.1 0.348299
29.2 0.608305
29.3 0.0195475
29.4 -1.09842
29.5 0.677581
29.6 -0.127471
29.7 0.171471
29.8 0.779869
29.9 0.0263761
30 -0.592662
30.1 -0.253298
30.2 -0.531239
30.3 0.835563
30.4 1.3371
30.5 1.06038
30.6 1.2568
30.7 -1.226
30.8 1.32223
30.9 1.04026
31 0.236017
31.1 -0.322705
31.2 -2.61042
31.3 -0.0930331
31.4 -0.268439
31.5 -0.530795
31.6 0.797397
31.7 -0.191729
31.8 0.0114489
31.9 1.16148
32 0.296591
32.1 2.16935
32.2 1.43098
32.3 -1.47015
32.4 0.628323
32.5 1.41383
32.6 0.754433
32.7 -0.713151
32.8 0.0169748
32.9 -0.91442
33 1.09544
33.1 1.83149
33.2 -0.122508
33.3 -0.230253
33.4 0.0147582
33.5 -0.328647
33.6 -0.343183
33.7 -0.169163
33.8 0.621131
33.9 1.38266
34 0.472661
34.1 -1.61184
34.2 0.719726
34.3 0.84188
34.4 -0.562631
34.5 -0.179717
34.6 -1.92899
34.7 -0.10014
34.8 -1.13644
34.9 0.0293864
35 3.09564
35.1 -0.607201
35.2 0.217648
35.3 -0.601874
35.4 0.62808
35.5 0.106756
35.6 1.08587
35.7 0.633901
35.8 -0.44253
35.9 0.161464
36 0.724185
36.1 -1.24704
36.2 1.78438
36.3 -0.197464
36.4 1.3501
36.5 -0.815876
36.6 1.55554
36.7 -1.3336
36.8 1.38258
36.9 -0.715871
37 1.27075
37.1 -0.49366
37.2 -0.829228
37.3 0.343707
37.4 0.69575
37.5 0.0412611
37.6 -0.330547
37.7 -0.447355
37.8 -0.447771
37.9 -0.827502
38 -1.56501
38.1 -2.19991
38.2 0.991147
38.3 0.0807051
38.4 -0.855881
38.5 0.368683
38.6 -0.848554
38.7 -1.83546
38.8 0.447057
38.9 2.01225
39 -0.463401
39.1 -0.190899
39.2 -0.19043
39.3 -1.17739
39.4 -2.96451
39.5 0.96992
39.6 -1.08474
39.7 -0.90078
39.8 -0.281886
39.9 0.417657
40 -0.233094
40.1 0.671024
40.2 -0.416912
40.3 0.728858
40.4 2.05682
40.5 1.84254
40.6 1.73465
40.7 1.33679
40.8 0.997328
40.9 -0.866481
41 0.577957
41.1 0.548156
41.2 -0.408235
41.3 0.84584
41.4 0.708629
41.5 -4.16444
41.6 0.412334
41.7 -0.84246
41.8 -1.61527
41.9 1.80263
42 0.602631
42.1 0.455592
42.2 0.409411
42.3 -0.0833458
42.4 -1.32241
42.5 0.666844
42.6 1.20869
42.7 -0.41803
42.8 0.186681
42.9 -0.225432
43 0.544288
43.1 -1.51489
43.2 -1.57862
43.3 1.04942
43.4 0.650061
43.5 1.34098
43.6 -3.61018
43.7 -0.990525
43.8 -1.99043
43.9 -2.67224
44 -2.64823
44.1 -2.25462
44.2 -0.649185
44.3 1.36788
44.4 -2.4222
44.5 0.660361
44.6 0.95252
44.7 -1.39311
44.8 0.630957
44.9 0.727204
45 -0.428472
45.1 1.41137
45.2 -1.08112
45.3 -0.0237149
45.4 1.04639
45.5 1.05176
45.6 0.0546386
45.7 1.0929
45.8 2.53056
45.9 -0.613595
46 -1.25627
46.1 0.260145
46.2 -1.52602
46.3 -0.823814
46.4 1.5635
46.5 -0.494911
46.6 0.375774
46.7 -1.16128
46.8 1.2353
46.9 -0.789446
47 -0.682273
47.1 -0.815752
47.2 0.876665
47.3 0.642879
47.4 -1.56924
47.5 1.23781
47.6 1.04969
47.7 1.65309
47.8 -1.30171
47.9 1.45106
48 -0.665253
48.1 0.431928
48.2 -1.43625
48.3 1.17124
48.4 -0.878461
48.5 0.303522
48.6 -0.855246
48.7 1.52363
48.8 -1.81127
48.9 0.735879
49 0.00882667
49.1 1.84395
49.2 -0.304031
49.3 -0.67462
49.4 0.837501
49.5 0.225284
49.6 0.476459
49.7 0.94656
49.8 1.1814
49.9 -0.279461
