0 -0.255246
0.1 -0.870987
0.2 0.956923
0.3 0.994865
0.4 -2.93037
0.5 0.372418
0.6 -0.0075178
0.7 -3.17077
0.8 -0.462979
0.9 0.413864
1 -1.37326
1.1 -1.0915
1.2 -0.750335
1.3 0.353254
1.4 -0.146095
1.5 -0.351787
1.6 -0.400378
1.7 0.223869
1.8 -0.250097
1.9 -0.730228
2 -0.162221
2.1 -0.661218
2.2 -1.10579
2.3 -0.916692
2.4 -0.699552
2.5 0.365072
2.6 0.438372
2.7 0.145517
2.8 0.991479
2.9 0.403626
3 -1.51719
3.1 0.0583271
3.2 -2.22932
3.3 -2.00904
3.4 -0.243599
3.5 0.165472
3.6 -1.69198
3.7 0.826263
3.8 -0.812061
3.9 -0.106824
4 2.51662
4.1 0.781009
4.2 0.577617
4.3 1.64176
4.4 -0.584024
4.5 0.254903
4.6 -0.234242
4.7 -0.017431
4.8 0.774187
4.9 1.06603
5 -0.0735121
5.1 -1.43434
5.2 0.100816
5.3 0.897406
5.4 0.993947
5.5 1.71764
5.6 0.101643
5.7 -0.151849
5.8 -0.259409
5.9 2.47423
6 0.617103
6.1 -0.611813
6.2 0.0747846
6.3 1.35176
6.4 -1.70486
6.5 -1.3607
6.6 -0.126407
6.7 -2.45448
6.8 0.852242
6.9 0.314106
7 0.00782687
7.1 1.69917
7.2 1.42901
7.3 -0.970099
7.4 0.901671
7.5 -1.45935
7.6 0.706152
7.7 -0.768671
7.8 -1.3521
7.9 0.250297
8 1.6301
8.1 -0.593085
8.2 -0.0373205
8.3 2.01196
8.4 -1.10762
8.5 -0.751195
8.6 -0.9633
8.7 3.47214
8.8 0.969557
8.9 -1.24013
9 0.858832
9.1 -0.267192
9.2 -1.10878
9.3 -1.66865
9.4 -1.63749
9.5 -0.689314
9.6 0.974944
9.7 0.637795
9.8 2.09875
9.9 -0.188232
10 -1.16602
10.1 1.40981
10.2 0.399375
10.3 0.746459
10.4 0.935004
10.5 -0.0305218
10.6 0.161122
10.7 -0.184319
10.8 1.07165
10.9 -1.06019
11 -0.808472
11.1 1.06616
11.2 -0.564904
11.3 0.155113
11.4 -0.33557
11.5 -0.371692
11.6 2.5085
11.7 -0.200398
11.8 0.0436342
11.9 0.0709541
12 -0.577463
12.1 -0.356923
12.2 0.482075
12.3 -0.204854
12.4 0.808515
12.5 -0.231892
12.6 -1.87118
12.7 1.14773
12.8 -1.04355
12.9 0.404228
13 -1.16019
13.1 -0.155336
13.2 0.375843
13.3 -0.752599
13.4 -0.285855
13.5 -1.30233
13.6 0.488792
13.7 -0.433481
13.8 -0.734893
13.9 -0.265748
14 -0.95403
14.1 -0.455914
14.2 0.132512
14.3 -0.737265
14.4 0.0724922
14.5 -1.24466
14.6 0.859653
14.7 1.93977
14.8 -0.68127
14.9 -1.0833
15 2.92176
15.1 1.58237
15.2 -0.262361
15.3 -1.56273
15.4 2.54809
15.5 -1.81249
15.6 -0.31647
15.7 0.42356
15.8 0.0342577
15.9 0.863668
16 1.76399
16.1 0.774044
16.2 -0.411416
16.3 -0.653233
16.4 -2.33624
16.5 0.84294
16.6 0.316092
16.7 1.41218
16.8 0.231235
16.9 -0.71365
17 4.03971
17.1 -0.525267
17.2 -0.458022
17.3 -0.34837
17.4 0.411332
17.5 -0.485182
17.6 2.04051
17.7 -1.99168
17.8 -0.18447
17.9 0.286648
18 -0.0952714
18.1 0.61013
18.2 -0.523275
18.3 -0.852423
18.4 0.189179
18.5 -0.00800714
18.6 -1.44865
18.7 0.597989
18.8 1.55943
18.9 0.727007
19 -1.56533
19.1 0.307742
19.2 -1.57877
19.3 0.86787
19.4 -0.142543
19.5 -2.19545
19.6 -0.141825
19.7 0.296661
19.8 1.76546
19.9 -2.46166
20 -1.14129
20.1 -0.55109
20.2 0.128341
20.3 1.07634
20.4 -0.730406
20.5 -2.39493
20.6 0.892622
20.7 0.864428
20.8 2.26369
20.9 -1.48167
21 -1.19809
21.1 -0.569059
21.2 -1.41626
21.3 0.387931
21.4 -0.0964021
21.5 0.823294
21.6 0.876875
21.7 1.66159
21.8 -0.114263
21.9 -1.05893
22 0.00288385
22.1 -0.36624
22.2 1.21826
22.3 -0.297374
22.4 -0.121863
22.5 0.525606
22.6 0.626298
22.7 1.16008
22.8 0.204049
22.9 -0.0495582
23 -0.327017
23.1 1.40951
23.2 -1.64197
23.3 0.581644
23.4 -0.156106
23.5 1.85289
23.6 1.79658
23.7 -0.374521
23.8 0.245719
23.9 -1.14473
24 0.85359
24.1 -1.89323
24.2 -0.255604
24.3 -0.396555
24.4 -0.126757
24.5 0.386959
24.6 -1.69956
24.7 -2.23869
24.8 1.61817
24.9 -0.828108
25 -1.20225
25.1 -0.995869
25.2 0.284508
25.3 -0.359453
25.4 -0.00531793
25.5 -1.68015
25.6 -1.16705
25.7 -2.22721
25.8 2.52442
25.9 0.718498
26 -1.31144
26.1 -1.20459
26.2 1.73591
26.3 -0.0788719
26.4 0.532507
26.5 1.73282
26.6 0.0906464
26.7 2.19491
26.8 -0.0272346
26.9 -0.600094
27 4.05214
27.1 -0.181568
27.2 -1.60915
27.3 0.187128
27.4 1.41007
27.5 2.8823
27.6 1.13464
27.7 -0.994178
27.8 -1.19417
27.9 1.51563
28 0.00745695
28.1 -0.2619
28.2 -0.194186
28.3 -0.212385
28.4 1.38284
28.5 -0.168505
28.6 -0.0206963
28.7 -0.642867
28.8 0.864202
28.9 0.315007
29 0.179528
29.1 -0.146078
29.2 -0.733356
29.3 -1.33547
29.4 -2.37944
29.5 0.900429
29.6 -0.670649
29.7 -0.677941
29.8 -2.77352
29.9 -2.1305
30 0.0803927
30.1 0.888347
30.2 0.549041
30.3 -0.578083
30.4 -0.806487
30.5 0.561889
30.6 1.58661
30.7 1.07995
30.8 0.0274458
30.9 -0.0415446
31 0.192763
31.1 1.21429
31.2 1.97911
31.3 0.824166
31.4 -0.0806987
31.5 1.49208
31.6 -0.380296
31.7 0.175961
31.8 -0.116091
31.9 0.109383
32 -0.891988
32.1 -0.959285
32.2 0.513553
32.3 -1.57556
32.4 3.0892
32.5 -0.0602401
32.6 -0.352864
32.7 1.7756
32.8 1.21491
32.9 -1.57836
33 0.722047
33.1 0.334741
33.2 0.501712
33.3 1.02567
33.4 1.04087
33.5 -1.2646
33.6 -1.52264
33.7 -0.153538
33.8 -0.94489
33.9 -0.0764154
34 0.00622822
34.1 -0.626558
34.2 0.555226
34.3 0.415277
34.4 0.419906
34.5 -1.51086
34.6 -0.611775
34.7 -2.1772
34.8 0.32451
34.9 -1.56707
35 1.65786
35.1 -0.32973
35.2 1.25916
35.3 0.361558
35.4 -1.47842
35.5 -2.04598
35.6 1.80125
35.7 -0.689306
35.8 -1.13799
35.9 -0.355796
36 1.05857
36.1 0.516936
36.2 1.65536
36.3 1.94554
36.4 0.656945
36.5 3.21232
36.6 -1.70807
36.7 -0.496338
36.8 3.39284
36.9 -1.30075
37 -0.652044
37.1 -0.107263
37.2 0.215311
37.3 -2.17313
37.4 0.981499
37.5 0.816558
37.6 -0.0341956
37.7 2.43306
37.8 -0.21039
37.9 -0.353854
38 -2.35779
38.1 0.316993
38.2 1.26657
38.3 0.229625
38.4 -1.07463
38.5 -1.30687
38.6 -0.0943197
38.7 -0.406589
38.8 -0.184182
38.9 -0.558653
39 -1.19045
39.1 -0.399027
39.2 -2.76861
39.3 1.24427
39.4 1.79093
39.5 -1.00651
39.6 -1.09391
39.7 -3.10949
39.8 0.868519
39.9 0.868248
40 3.10512
40.1 -1.80289
40.2 -0.738976
40.3 0.400955
40.4 0.667138
40.5 1.61501
40.6 1.36956
40.7 -0.725686
40.8 1.91179
40.9 -1.0437
41 -1.85411
41.1 -1.08484
41.2 -1.22108
41.3 1.13987
41.4 0.0432716
41.5 -0.853829
41.6 1.64392
41.7 -2.0768
41.8 -3.23596
41.9 -0.198475
42 0.434491
42.1 -2.075
42.2 -1.5495
42.3 0.551127
42.4 2.49618
42.5 1.15571
42.6 1.77945
42.7 1.26917
42.8 -0.681304
42.9 -0.740289
43 -0.0693393
43.1 -0.132023
43.2 0.240069
43.3 -0.679615
43.4 -0.810716
43.5 -1.05304
43.6 2.07848
43.7 0.383922
43.8 0.439683
43.9 0.406769
44 -1.73442
44.1 -1.24881
44.2 1.04148
44.3 0.625065
44.4 0.0465274
44.5 -0.183484
44.6 0.75988
44.7 -1.06025
44.8 -0.753905
44.9 0.575562
45 -1.41806
45.1 0.252856
45.2 0.949788
45.3 1.46465
45.4 1.02295
45.5 -0.941667
45.6 -1.5859
45.7 -1.86484
45.8 -1.6191
45.9 -0.395992
46 -0.256317
46.1 0.875527
46.2 0.952023
46.3 -1.87165
46.4 0.235419
46.5 -0.512971
46.6 0.393695
46.7 -0.582509
46.8 -0.510385
46.9 -0.427805
47 -0.372272
47.1 -0.272994
47.2 0.190228
47.3 0.892816
47.4 1.44749
47.5 0.601657
47.6 -0.436177
47.7 -2.82205
47.8 -1.85184
47.9 -0.411457
48 1.10146
48.1 -0.216372
48.2 0.142537
48.3 2.48032
48.4 2.43147
48.5 2.10121
48.6 -2.14475
48.7 1.58799
48.8 -0.0965253
48.9 -1.19898
49 2.42855
49.1 1.73658
49.2 2.36969
49.3 0.514645
49.4 -0.894009
49.5 0.312019
49.6 0.905796
49.7 0.10667
49.8 -1.28599
49.9 3.85806
