0 0.233932
0.1 -0.881488
0.2 2.46971
0.3 1.63521
0.4 1.56061
0.5 1.11259
0.6 0.386443
0.7 -0.506231
0.8 0.645651
0.9 -0.248269
1 -1.91624
1.1 -0.302651
1.2 0.0624517
1.3 0.40639
1.4 -0.401337
1.5 0.4594
1.6 -0.373163
1.7 0.552223
1.8 -2.3419
1.9 -0.19663
2 -1.46319
2.1 0.0749244
2.2 0.534071
2.3 -2.62284
2.4 0.654354
2.5 -0.754671
2.6 -0.664653
2.7 0.0797954
2.8 -1.43073
2.9 -2.09246
3 0.065543
3.1 0.845794
3.2 -1.70908
3.3 -0.205312
3.4 -1.31266
3.5 0.982415
3.6 0.0417847
3.7 -0.180202
3.8 -0.352469
3.9 -1.88268
4 1.27054
4.1 0.75537
4.2 -0.00434242
4.3 0.641893
4.4 -0.711933
4.5 0.325486
4.6 -0.83911
4.7 -1.45704
4.8 0.304642
4.9 1.82532
5 1.00587
5.1 1.31216
5.2 0.283803
5.3 -0.984964
5.4 -1.34629
5.5 0.405035
5.6 0.941162
5.7 -1.02182
5.8 0.162978
5.9 -0.698725
6 1.48099
6.1 0.851562
6.2 1.2169
6.3 -1.3447
6.4 1.67731
6.5 -2.4003
6.6 1.183
6.7 -3.07731
6.8 -0.0689833
6.9 -2.40869
7 1.39749
7.1 -0.801761
7.2 -0.715199
7.3 -0.502812
7.4 0.179612
7.5 -0.35619
7.6 -2.07353
7.7 -0.290785
7.8 1.11152
7.9 -1.77274
8 -2.01696
8.1 0.530842
8.2 -0.045568
8.3 1.1424
8.4 0.749714
8.5 -1.07789
8.6 1.33388
8.7 1.4778
8.8 0.0501845
8.9 0.688775
9 -1.29065
9.1 0.950744
9.2 0.403128
9.3 0.129176
9.4 1.04867
9.5 -1.15462
9.6 0.782973
9.7 -0.76775
9.8 -1.12219
9.9 -1.60151
10 -0.821005
10.1 -1.8025
10.2 -1.29677
10.3 -0.0092903
10.4 0.231033
10.5 0.979999
10.6 0.904224
10.7 -1.17611
10.8 -0.573536
10.9 -1.42909
11 -0.423139
11.1 0.640818
11.2 -1.13285
11.3 0.126621
11.4 -0.316871
11.5 -2.87407
11.6 -1.22168
11.7 0.417055
11.8 0.00490762
11.9 1.05212
12 -0.894847
12.1 0.0830045
12.2 2.49365
12.3 -0.313494
12.4 0.268923
12.5 0.541944
12.6 -1.82102
12.7 0.528774
12.8 -0.635266
12.9 0.669743
13 -2.45062
13.1 -0.672124
13.2 0.0867228
13.3 0.564145
13.4 0.513056
13.5 0.0626738
13.6 -0.119323
13.7 0.298549
13.8 0.538714
13.9 -1.17583
14 1.04448
14.1 0.314676
14.2 -1.15773
14.3 -1.61776
14.4 0.916444
14.5 0.0345004
14.6 1.65946
14.7 0.158429
14.8 0.680694
14.9 -1.48999
15 0.300211
15.1 2.16606
15.2 2.63252
15.3 -1.1451
15.4 -0.258529
15.5 -2.31977
15.6 1.74269
15.7 0.736309
15.8 0.729695
15.9 -0.0187877
16 0.264267
16.1 0.366669
16.2 -0.92716
16.3 3.1737
16.4 2.38982
16.5 0.451431
16.6 1.46023
16.7 0.770591
16.8 0.646149
16.9 -2.07104
17 0.236447
17.1 0.934225
17.2 1.50376
17.3 -2.06739
17.4 0.780998
17.5 2.58033
17.6 2.54614
17.7 0.62837
17.8 2.02453
17.9 -1.12104
18 -1.00695
18.1 -1.20113
18.2 -0.780626
18.3 0.96727
18.4 1.16215
18.5 -1.58956
18.6 1.39546
18.7 -0.137838
18.8 0.270022
18.9 -0.093319
19 -1.21178
19.1 0.943129
19.2 -0.601186
19.3 0.22261
19.4 -1.14948
19.5 -0.0431711
19.6 0.572815
19.7 0.00765994
19.8 0.397883
19.9 1.0523
20 0.301659
20.1 1.83571
20.2 0.151402
20.3 -0.440295
20.4 -0.333718
20.5 -0.160702
20.6 1.39425
20.7 -0.769877
20.8 0.748819
20.9 0.915514
21 -0.515585
21.1 -0.133094
21.2 0.509209
21.3 1.40408
21.4 0.145189
21.5 0.517413
21.6 -0.479053
21.7 -2.86514
21.8 -0.411135
21.9 2.47881
22 -1.16553
22.1 0.0349869
22.2 0.504538
22.3 1.36982
22.4 -1.52099
22.5 0.967901
22.6 -0.889811
22.7 -0.503509
22.8 -1.03446
22.9 0.173463
23 0.700396
23.1 0.807748
23.2 -1.54462
23.3 -0.619432
23.4 0.185891
23.5 -0.0813918
23.6 1.16845
23.7 -0.498072
23.8 -0.467019
23.9 1.67952
24 -0.488919
24.1 -2.27118
24.2 -1.7914
24.3 1.1471
24.4 0.0564774
24.5 0.340626
24.6 -1.31841
24.7 -0.498539
24.8 -1.49844
24.9 -0.374009
25 -0.0658178
25.1 -4.0147
25.2 0.206041
25.3 0.512761
25.4 1.33961
25.5 -1.34328
25.6 1.00276
25.7 -0.587384
25.8 -0.0445279
25.9 -1.36398
26 -0.473558
26.1 0.0366223
26.2 0.187282
26.3 1.65785
26.4 -0.338105
26.5 -1.00592
26.6 -0.525485
26.7 -2.29392
26.8 -0.627005
26.9 1.07551
27 0.500069
27.1 0.607444
27.2 1.1117
27.3 0.572315
27.4 -0.921995
27.5 -1.21144
27.6 2.86562
27.7 2.58589
27.8 -1.49752
27.9 1.08861
28 -0.949816
28.1 2.23965
28.2 -1.20112
28.3 -0.248704
28.4 -0.247566
28.5 1.92627
28.6 1.05923
28.7 -1.81414
28.8 -1.76709
28.9 -1.60796
29 -0.184545
29.1 0.698433
29.2 -0.197453
29.3 1.78071
29.4 -0.0243587
29.5 -0.669239
29.6 -0.857152
29.7 0.0554879
29.8 0.506728
29.9 -0.477143
30 0.731648
30.1 1.23402
30.2 -0.900202
30.3 -1.86778
30.4 -2.10172
30.5 -1.17797
30.6 0.313675
30.7 -1.84545
30.8 -0.208551
30.9 1.70226
31 0.596447
31.1 -1.5749
31.2 1.23334
31.3 0.0819452
31.4 -0.637176
31.5 1.86042
31.6 -2.14123
31.7 0.26408
31.8 -1.277
31.9 0.701696
32 -0.134779
32.1 1.04602
32.2 -0.234101
32.3 -1.25971
32.4 0.753564
32.5 -0.22978
32.6 0.761197
32.7 0.514603
32.8 -0.458842
32.9 -0.902564
33 1.00559
33.1 0.376259
33.2 0.0661207
33.3 1.72746
33.4 -0.891407
33.5 -0.608941
33.6 -0.580154
33.7 -1.14864
33.8 0.221998
33.9 -1.00397
34 0.104952
34.1 -1.56286
34.2 2.42408
34.3 -1.89783
34.4 -0.970995
34.5 -0.769721
34.6 -0.693213
34.7 -1.75512
34.8 -1.61173
34.9 -0.607199
35 0.214218
35.1 0.880384
35.2 -0.150277
35.3 0.558117
35.4 -0.00670342
35.5 -0.646424
35.6 -1.24177
35.7 -1.26713
35.8 0.29717
35.9 0.736282
36 -0.477458
36.1 -0.0312398
36.2 0.669588
36.3 1.21336
36.4 0.351991
36.5 -1.97103
36.6 -0.552473
36.7 -0.322768
36.8 0.981968
36.9 2.26887
37 1.29555
37.1 1.48261
37.2 1.21226
37.3 0.40697
37.4 2.05129
37.5 0.382922
37.6 -2.3619
37.7 1.19941
37.8 0.89875
37.9 -1.09676
38 -0.424192
38.1 -1.09899
38.2 1.40454
38.3 1.08016
38.4 0.424556
38.5 0.962004
38.6 -1.0805
38.7 1.27011
38.8 -0.10173
38.9 0.64225
39 0.659467
39.1 -0.0963557
39.2 0.696738
39.3 1.62201
39.4 -1.29061
39.5 -0.943677
39.6 2.22474
39.7 -0.542678
39.8 0.435741
39.9 1.14146
40 -2.28271
40.1 -0.496068
40.2 1.35019
40.3 1.58452
40.4 -0.286831
40.5 1.70307
40.6 -1.28024
40.7 -0.543506
40.8 -1.02466
40.9 -0.109402
41 -0.69823
41.1 -0.14087
41.2 -1.13909
41.3 1.3333
41.4 -0.580866
41.5 0.243445
41.6 0.928131
41.7 0.50742
41.8 1.61369
41.9 -0.0640285
42 -0.26929
42.1 0.824969
42.2 2.10106
42.3 0.475007
42.4 -0.959513
42.5 0.952093
42.6 1.52284
42.7 -2.30836
42.8 1.68838
42.9 0.686677
43 1.02269
43.1 0.839147
43.2 0.0387857
43.3 0.51714
43.4 0.467778
43.5 -1.15259
43.6 -0.743475
43.7 2.06413
43.8 1.02678
43.9 -1.04579
44 -1.09995
44.1 -0.685278
44.2 -0.314337
44.3 2.36948
44.4 -0.351853
44.5 0.947311
44.6 -0.776121
44.7 1.4506
44.8 1.163
44.9 -0.940333
45 -1.10341
45.1 1.85417
45.2 2.79962
45.3 1.70533
45.4 -0.493093
45.5 0.581762
45.6 0.0249889
45.7 -1.43834
45.8 0.161941
45.9 -3.58673
46 0.281764
46.1 -0.361976
46.2 1.90183
46.3 1.21685
46.4 -1.60698
46.5 -1.18222
46.6 -1.12696
46.7 1.88644
46.8 -0.146875
46.9 1.18347
47 -0.0631325
47.1 -1.93464
47.2 -0.908686
47.3 0.843349
47.4 1.18431
47.5 1.25679
47.6 0.645506
47.7 -1.19315
47.8 0.355105
47.9 -0.762264
48 -0.170191
48.1 0.246968
48.2 0.241329
48.3 -0.341279
48.4 0.415174
48.5 1.70209
48.6 -0.540607
48.7 -2.01908
48.8 2.59135
48.9 -0.59824
49 -0.545148
49.1 -0.878518
49.2 -1.05164
49.3 0.180192
49.4 1.22912
49.5 -1.59298
49.6 0.60313
49.7 0.978303
49.8 -1.38216
49.9 -1.05376
