0 0.65896
0.1 -0.367315
0.2 0.598053
0.3 0.0187764
0.4 -0.71947
0.5 0.43553
0.6 -1.04845
0.7 -0.805362
0.8 -1.90264
0.9 -1.17967
1 -1.06658
1.1 -1.26434
1.2 -2.15017
1.3 0.0197002
1.4 -0.734887
1.5 -3.119
1.6 0.122419
1.7 -0.54385
1.8 -0.368079
1.9 -0.30663
2 0.580682
2.1 -0.366038
2.2 -1.5137
2.3 -1.05913
2.4 2.01355
2.5 -0.658766
2.6 0.394596
2.7 1.54583
2.8 -0.443872
2.9 -0.989537
3 0.463466
3.1 -0.711391
3.2 0.259771
3.3 1.57251
3.4 -1.88713
3.5 -3.4802
3.6 0.354475
3.7 -2.03956
3.8 -1.10709
3.9 0.787317
4 1.05337
4.1 -0.165438
4.2 -0.0258918
4.3 -0.566696
4.4 1.06161
4.5 -1.5282
4.6 0.0434635
4.7 0.145998
4.8 1.01497
4.9 2.43823
5 -0.877396
5.1 0.0810217
5.2 1.39197
5.3 -0.421694
5.4 -2.27474
5.5 1.40844
5.6 0.964066
5.7 -1.52269
5.8 0.925503
5.9 -0.421313
6 -0.435281
6.1 0.359251
6.2 -2.89249
6.3 -1.49592
6.4 -1.54443
6.5 -1.78355
6.6 -0.203396
6.7 -0.237026
6.8 0.0583169
6.9 0.814699
7 1.02943
7.1 0.464081
7.2 0.881206
7.3 -0.919968
7.4 0.573507
7.5 2.71239
7.6 -0.561235
7.7 0.234956
7.8 0.219191
7.9 1.37863
8 0.0715325
8.1 -0.0104294
8.2 1.33444
8.3 0.732447
8.4 0.753005
8.5 0.999917
8.6 -3.05742
8.7 0.772212
8.8 -0.182884
8.9 1.59564
9 -0.854908
9.1 1.60095
9.2 0.305945
9.3 -0.12456
9.4 -0.490876
9.5 -0.170271
9.6 -1.38526
9.7 -1.59873
9.8 0.671772
9.9 1.52838
10 1.35352
10.1 1.66752
10.2 -0.379252
10.3 1.07754
10.4 1.5092
10.5 1.59671
10.6 -0.387205
10.7 -0.802745
10.8 -0.820693
10.9 0.749137
11 0.956603
11.1 -0.158624
11.2 -1.23273
11.3 0.0651084
11.4 -0.0375194
11.5 1.35993
11.6 0.115974
11.7 3.42111
11.8 -0.237942
11.9 1.55397
12 -0.989632
12.1 -1.23817
12.2 0.202423
12.3 1.60062
12.4 1.29403
12.5 1.24277
12.6 -0.158007
12.7 -1.26684
12.8 -0.0473478
12.9 0.240072
13 -1.35941
13.1 1.19701
13.2 0.826187
13.3 1.15638
13.4 -0.0994565
13.5 -0.179355
13.6 -2.64953
13.7 -1.06583
13.8 -1.65851
13.9 1.38226
14 1.51739
14.1 0.132594
14.2 -1.42573
14.3 -3.42986
14.4 0.362958
14.5 1.23661
14.6 0.700678
14.7 -0.603287
14.8 0.0127309
14.9 1.56197
15 -0.543928
15.1 1.26074
15.2 0.380575
15.3 0.47236
15.4 2.27789
15.5 0.0812977
15.6 -1.3176
15.7 1.19238
15.8 1.88972
15.9 1.72299
16 0.384936
16.1 0.421329
16.2 -0.598711
16.3 1.97103
16.4 0.924882
16.5 -0.510343
16.6 -0.586776
16.7 1.2689
16.8 -1.00169
16.9 1.20415
17 1.47958
17.1 1.33537
17.2 0.30415
17.3 -1.13049
17.4 1.02097
17.5 0.484353
17.6 1.12848
17.7 -0.26944
17.8 0.405046
17.9 0.0168987
18 0.0238977
18.1 0.172684
18.2 1.70473
18.3 1.11953
18.4 1.90102
18.5 1.22846
18.6 0.590232
18.7 -0.290209
18.8 -2.54353
18.9 0.311099
19 -1.03631
19.1 -3.60637
19.2 0.447674
19.3 -1.72382
19.4 -0.824513
19.5 -0.275703
19.6 0.616263
19.7 0.804388
19.8 -0.210611
19.9 -1.00681
20 -2.52748
20.1 0.327042
20.2 -0.451636
20.3 -0.00191252
20.4 1.25189
20.5 1.38836
20.6 0.140033
20.7 0.0256826
20.8 2.93417
20.9 1.99627
21 1.41756
21.1 0.67262
21.2 2.50097
21.3 1.36676
21.4 0.894564
21.5 -0.57778
21.6 2.4001
21.7 1.11212
21.8 -1.29421
21.9 0.366669
22 1.20634
22.1 -0.208621
22.2 0.987133
22.3 0.222702
22.4 1.39568
22.5 0.291322
22.6 2.84287
22.7 1.96761
22.8 0.144468
22.9 0.545822
23 1.72767
23.1 1.19962
23.2 -0.15049
23.3 -0.0300855
23.4 -0.445925
23.5 -0.939863
23.6 0.200837
23.7 0.37453
23.8 -0.76305
23.9 0.67694
24 0.206974
24.1 3.25085
24.2 0.416005
24.3 0.262237
24.4 -1.56484
24.5 0.10034
24.6 -2.12752
24.7 -0.830117
24.8 1.75966
24.9 0.154364
25 -0.562156
25.1 0.100324
25.2 1.23275
25.3 0.838908
25.4 1.40237
25.5 -1.38309
25.6 0.566745
25.7 0.27693
25.8 -0.627756
25.9 0.852795
26 -0.176957
26.1 -0.855234
26.2 -1.1647
26.3 -2.14708
26.4 -1.30833
26.5 -0.552986
26.6 -0.15092
26.7 -2.2072
26.8 -1.14175
26.9 0.19315
27 -0.408856
27.1 -2.03717
27.2 -2.10344
27.3 1.07087
27.4 0.760351
27.5 0.649815
27.6 0.459755
27.7 0.331831
27.8 0.174685
27.9 -0.293362
28 -0.351809
28.1 -1.46619
28.2 0.37322
28.3 0.248236
28.4 0.941501
28.5 -0.145099
28.6 -1.5544
28.7 0.642506
28.8 -0.290223
28.9 -1.57844
29 -0.123962
29.1 -0.512237
29.2 1.18446
29.3 0.35005
29.4 0.291013
29.5 1.06824
29.6 -0.11423
29.7 -0.239847
29.8 -1.58976
29.9 -0.89117
30 0.38558
30.1 0.25142
30.2 -0.483614
30.3 -0.427081
30.4 -0.356558
30.5 0.0543718
30.6 0.292196
30.7 -3.9252
30.8 0.979504
30.9 -0.430935
31 -0.381957
31.1 -0.938528
31.2 0.00348005
31.3 -0.395096
31.4 0.562145
31.5 0.300104
31.6 0.549329
31.7 3.26513
31.8 0.128162
31.9 -1.26479
32 0.0161606
32.1 -0.863218
32.2 0.243684
32.3 0.784305
32.4 -0.592544
32.5 1.18711
32.6 -0.703477
32.7 0.140574
32.8 1.06217
32.9 1.25584
33 -0.679572
33.1 -0.0573112
33.2 -1.63997
33.3 -0.814316
33.4 -0.207999
33.5 -0.288379
33.6 -1.19518
33.7 -0.289187
33.8 -0.553142
33.9 0.27581
34 1.72142
34.1 -0.825752
34.2 -1.1597
34.3 0.30903
34.4 1.3611
34.5 -2.21926
34.6 -0.567179
34.7 -0.871752
34.8 -1.69
34.9 0.301424
35 -0.658891
35.1 -0.39349
35.2 0.475844
35.3 -1.07532
35.4 0.389014
35.5 -1.12791
35.6 -1.28246
35.7 -0.27388
35.8 -0.472991
35.9 0.625925
36 1.31998
36.1 -0.301664
36.2 -1.69904
36.3 -1.21574
36.4 0.613898
36.5 1.74176
36.6 -0.55327
36.7 0.211509
36.8 0.529802
36.9 0.196534
37 -1.20706
37.1 -1.60819
37.2 0.796939
37.3 -1.60273
37.4 -0.391132
37.5 -0.886543
37.6 0.130385
37.7 -2.72929
37.8 0.854095
37.9 -0.164108
38 -0.378829
38.1 0.607304
38.2 -1.21138
38.3 -1.93886
38.4 0.68993
38.5 -0.277362
38.6 -0.00196054
38.7 -0.819481
38.8 -0.0134866
38.9 -1.16919
39 0.116368
39.1 1.93167
39.2 0.359413
39.3 0.54972
39.4 -0.498228
39.5 0.0079315
39.6 0.823514
39.7 -1.23594
39.8 0.171707
39.9 -0.0923545
40 0.914881
40.1 1.25152
40.2 0.989951
40.3 -1.02388
40.4 0.12906
40.5 -0.0589748
40.6 0.857944
40.7 -1.52724
40.8 -1.3023
40.9 0.243067
41 0.639665
41.1 0.0200795
41.2 0.904004
41.3 0.689963
41.4 0.592174
41.5 0.39912
41.6 -0.869297
41.7 -0.176481
41.8 -2.08729
41.9 -1.05558
42 0.797496
42.1 -0.414428
42.2 -0.395975
42.3 -1.28401
42.4 -0.947361
42.5 0.2893
42.6 1.71679
42.7 -1.03225
42.8 1.10751
42.9 1.10325
43 0.363231
43.1 1.37994
43.2 0.452285
43.3 -0.877958
43.4 -0.328746
43.5 -0.922608
43.6 1.21234
43.7 0.536507
43.8 -0.499943
43.9 -1.48027
44 -0.760614
44.1 -0.438191
44.2 0.469293
44.3 0.663996
44.4 0.0717537
44.5 -1.5907
44.6 -1.5566
44.7 0.208139
44.8 0.0233706
44.9 0.732102
45 -1.32463
45.1 -1.14953
45.2 -0.0859887
45.3 0.497473
45.4 0.261103
45.5 0.16023
45.6 -0.887864
45.7 -0.350098
45.8 0.152225
45.9 0.899142
46 1.21403
46.1 0.653816
46.2 -0.165531
46.3 0.53978
46.4 1.04166
46.5 0.597681
46.6 -1.18007
46.7 -0.519679
46.8 -1.20699
46.9 -1.54843
47 -0.700061
47.1 0.966743
47.2 -1.36012
47.3 -0.52513
47.4 -0.595922
47.5 -0.398561
47.6 -1.32326
47.7 0.0957713
47.8 0.135747
47.9 1.33384
48 1.26814
48.1 -0.234021
48.2 0.685296
48.3 0.181928
48.4 0.399417
48.5 -1.55285
48.6 0.852593
48.7 1.20282
48.8 1.76604
48.9 0.720339
49 0.445623
49.1 -0.523988
49.2 -0.064923
49.3 -0.311658
49.4 -2.64056
49.5 -0.386243
49.6 0.718452
49.7 2.10081
49.8 1.32007
49.9 -0.41805
