0 -12.7589
0.1 -13.0783
0.2 -16.2079
0.3 -15.6348
0.4 -17.8473
0.5 -14.0472
0.6 -12.0606
0.7 -10.6113
0.8 -9.02594
0.9 -9.36133
1 -9.83136
1.1 -10.6612
1.2 -10.2739
1.3 -7.11814
1.4 -12.0565
1.5 -13.7606
1.6 -13.7835
1.7 -15.1049
1.8 -14.4501
1.9 -15.8787
2 -15.3438
2.1 -14.5087
2.2 -10.9675
2.3 -10.1908
2.4 -13.8133
2.5 -14.7119
2.6 -15.374
2.7 -14.4081
2.8 -13.7162
2.9 -15.3552
3 -15.2161
3.1 -11.7843
3.2 -13.1047
3.3 -11.6316
3.4 -9.94702
3.5 -9.74325
3.6 -11.7189
3.7 -8.67
3.8 -9.47442
3.9 -8.61771
4 -10.0113
4.1 -11.1275
4.2 -9.54182
4.3 -9.60125
4.4 -4.91553
4.5 -4.22476
4.6 -2.99863
4.7 0.968014
4.8 3.40303
4.9 5.29918
5 6.23335
5.1 7.29768
5.2 8.95291
5.3 9.80345
5.4 5.32224
5.5 6.05226
5.6 6.31717
5.7 5.26578
5.8 3.27051
5.9 5.56799
6 7.93233
6.1 9.46772
6.2 9.04304
6.3 8.70875
6.4 3.99369
6.5 4.66566
6.6 1.64225
6.7 4.07871
6.8 4.37408
6.9 5.29187
7 4.67922
7.1 3.7249
7.2 6.28267
7.3 6.58309
7.4 2.07213
7.5 1.23985
7.6 1.93309
7.7 0.94192
7.8 2.21152
7.9 6.57401
8 4.01437
8.1 5.68945
8.2 4.45199
8.3 5.82846
8.4 3.98297
8.5 3.63676
8.6 6.08901
8.7 2.49585
8.8 1.50273
8.9 0.229162
9 2.72491
9.1 6.35211
9.2 7.59246
9.3 10.2625
9.4 9.98182
9.5 7.64515
9.6 8.97957
9.7 9.77662
9.8 7.17464
9.9 8.06725
10 8.17465
10.1 10.2259
10.2 11.8999
10.3 15.588
10.4 13.3906
10.5 13.1049
10.6 13.1933
10.7 9.95891
10.8 10.8941
10.9 7.70478
11 11.7582
11.1 13.0019
11.2 12.7627
11.3 11.0519
11.4 14.8534
11.5 17.8629
11.6 18.8655
11.7 19.0821
11.8 19.204
11.9 14.4976
12 11.0801
12.1 12.7177
12.2 11.9803
12.3 10.632
12.4 8.14962
12.5 8.47575
12.6 11.3634
12.7 9.46205
12.8 9.43555
12.9 10.3113
13 11.9905
13.1 15.4804
13.2 15.1217
13.3 16.3355
13.4 15.8289
13.5 13.8891
13.6 11.4706
13.7 11.357
13.8 14.0295
13.9 17.3618
14 16.556
14.1 12.732
14.2 13.0917
14.3 13.0703
14.4 10.9034
14.5 10.793
14.6 6.35373
14.7 5.21256
14.8 6.33192
14.9 2.65355
15 0.159319
15.1 -1.25895
15.2 0.651984
15.3 0.0435208
15.4 0.668052
15.5 1.17321
15.6 2.41376
15.7 1.21679
15.8 3.21076
15.9 -0.123843
16 2.25523
16.1 2.15945
16.2 6.99283
16.3 6.3591
16.4 4.75467
16.5 3.6228
16.6 7.03223
16.7 5.72538
16.8 1.90385
16.9 -0.304206
17 -3.53493
17.1 -0.936546
17.2 -1.38902
17.3 -0.3894
17.4 1.5039
17.5 -1.0224
17.6 -0.208065
17.7 3.30998
17.8 3.24086
17.9 0.173272
18 -0.842801
18.1 -3.47083
18.2 -5.0826
18.3 -3.61153
18.4 0.544378
18.5 -1.2633
18.6 -0.481819
18.7 -2.06489
18.8 -3.95606
18.9 -5.5137
19 -2.42563
19.1 -0.45238
19.2 1.50772
19.3 1.83544
19.4 -2.17598
19.5 -4.67074
19.6 -5.05025
19.7 -3.10659
19.8 0.0519919
19.9 -3.83631
20 -3.4087
20.1 -5.46141
20.2 -6.34075
20.3 -5.49693
20.4 -4.56477
20.5 -4.07589
20.6 2.07425
20.7 -2.83371
20.8 -3.34917
20.9 -4.5473
21 -8.13605
21.1 -6.09668
21.2 -5.35748
21.3 -4.85936
21.4 -4.99332
21.5 -3.43609
21.6 -5.1887
21.7 -5.10491
21.8 -6.82313
21.9 -4.7784
22 -5.19349
22.1 -4.21399
22.2 -7.66886
22.3 -6.52863
22.4 -8.68098
22.5 -6.43405
22.6 -4.97291
22.7 -2.25896
22.8 4.60459
22.9 4.23905
23 -1.10896
23.1 -1.36644
23.2 -0.183271
23.3 1.47409
23.4 0.380222
23.5 0.111549
23.6 -1.35617
23.7 -2.35134
23.8 -2.31859
23.9 -3.54758
24 -3.60699
24.1 -3.93124
24.2 -4.96755
24.3 -2.95163
24.4 -2.32171
24.5 -2.88316
24.6 -4.7544
24.7 -2.63683
24.8 1.58422
24.9 1.59593
25 3.27179
25.1 2.14299
25.2 2.12755
25.3 -0.337285
25.4 -3.18607
25.5 -3.31666
25.6 1.05861
25.7 0.489969
25.8 -1.25625
25.9 2.93792
26 0.717992
26.1 1.20871
26.2 3.84844
26.3 2.91253
26.4 2.85302
26.5 5.78082
26.6 6.91862
26.7 1.21853
26.8 2.40654
26.9 -1.36131
27 -3.46413
27.1 -2.32191
27.2 -1.89829
27.3 -2.44453
27.4 -1.35909
27.5 -2.16481
27.6 -6.17218
27.7 -7.44105
27.8 -7.6761
27.9 -4.49861
28 0.607601
28.1 0.981044
28.2 4.00016
28.3 7.1019
28.4 4.35049
28.5 8.23791
28.6 11.6935
28.7 12.6858
28.8 10.7672
28.9 11.2101
29 11.9652
29.1 16.9525
29.2 13.9648
29.3 10.7748
29.4 10.4344
29.5 8.57504
29.6 5.44383
29.7 4.25752
29.8 8.32101
29.9 6.28208
30 7.27659
30.1 5.63957
30.2 5.72788
30.3 4.66734
30.4 9.07192
30.5 7.53776
30.6 8.19511
30.7 4.97526
30.8 0.919145
30.9 0.884981
31 0.858936
31.1 3.38462
31.2 0.254209
31.3 -0.76253
31.4 2.37769
31.5 2.0889
31.6 1.07415
31.7 0.602229
31.8 -0.464912
31.9 -2.15448
32 -2.17786
32.1 2.63115
32.2 1.73099
32.3 0.85352
32.4 -1.32922
32.5 -4.35905
32.6 -1.61246
32.7 1.20795
32.8 0.996676
32.9 3.26103
33 2.32137
33.1 -2.17093
33.2 -1.86024
33.3 -0.646693
33.4 -0.725259
33.5 0.3422
33.6 1.66136
33.7 0.0718603
33.8 -1.99352
33.9 2.24263
34 3.75913
34.1 1.31596
34.2 -1.44249
34.3 0.239128
34.4 -2.00389
34.5 2.31038
34.6 3.82834
34.7 1.90168
34.8 4.44511
34.9 5.22265
35 4.89941
35.1 5.27474
35.2 5.72064
35.3 4.62177
35.4 3.04721
35.5 2.7475
35.6 6.24585
35.7 5.51525
35.8 3.42811
35.9 1.84273
36 -1.55509
36.1 -0.0506355
36.2 2.03261
36.3 4.14218
36.4 3.8865
36.5 2.3667
36.6 -0.404197
36.7 -2.63326
36.8 0.474726
36.9 0.0680526
37 2.23299
37.1 3.0766
37.2 4.25678
37.3 2.36496
37.4 3.04939
37.5 -0.455214
37.6 1.87824
37.7 1.43321
37.8 2.81382
37.9 -0.157334
38 -2.26499
38.1 -1.21019
38.2 -1.818
38.3 -0.491843
38.4 0.689457
38.5 0.0357147
38.6 -3.27452
38.7 -4.60592
38.8 -2.83638
38.9 -1.14732
39 -0.684935
39.1 -1.55295
39.2 -0.323689
39.3 -3.03632
39.4 -0.671334
39.5 1.63078
39.6 2.62106
39.7 0.0990976
39.8 -0.265208
39.9 -1.06644
40 0.375603
40.1 -2.05279
40.2 -2.8419
40.3 -3.69761
40.4 0.252731
40.5 -1.06271
40.6 -2.62465
40.7 -3.07502
40.8 -2.87656
40.9 -2.15652
41 -4.63173
41.1 -6.03612
41.2 -2.78101
41.3 -2.12177
41.4 0.283362
41.5 -3.59106
41.6 -2.80919
41.7 -2.31122
41.8 -4.14353
41.9 -4.72205
42 -2.49048
42.1 -3.83476
42.2 -5.52163
42.3 -8.98224
42.4 -6.92807
42.5 -6.72539
42.6 -10.0512
42.7 -10.6831
42.8 -9.48152
42.9 -8.39827
43 -8.91328
43.1 -9.42028
43.2 -8.44013
43.3 -7.52792
43.4 -11.1089
43.5 -11.8616
43.6 -12.8829
43.7 -14.9519
43.8 -15.3225
43.9 -12.0108
44 -12.9249
44.1 -10.3581
44.2 -8.61681
44.3 -9.94784
44.4 -10.517
44.5 -10.5673
44.6 -11.3457
44.7 -12.2082
44.8 -15.5499
44.9 -13.1153
45 -13.6266
45.1 -9.56041
45.2 -12.2253
45.3 -10.0103
45.4 -9.09237
45.5 -10.9013
45.6 -8.72607
45.7 -8.37569
45.8 -7.79916
45.9 -8.21643
46 -7.83733
46.1 -6.08717
46.2 -4.13329
46.3 -2.563
46.4 1.75516
46.5 2.87909
46.6 5.06186
46.7 5.55903
46.8 4.94563
46.9 6.62437
47 6.74832
47.1 5.18097
47.2 2.32301
47.3 0.397303
47.4 0.128883
47.5 -1.00675
47.6 1.3085
47.7 -3.69232
47.8 -5.17605
47.9 -0.101066
48 -6.63197
48.1 -4.79693
48.2 -3.8569
48.3 0.483853
48.4 0.667045
48.5 2.51664
48.6 3.37758
48.7 3.00128
48.8 0.782961
48.9 3.30626
49 3.34266
49.1 0.565946
49.2 -2.02547
49.3 -2.23767
49.4 -2.53885
49.5 -3.75069
49.6 -3.2958
49.7 -4.15133
49.8 -9.74117
49.9 -12.2143
