0 -1.05018
0.1 -1.91934
0.2 -0.996757
0.3 -2.10317
0.4 0.598365
0.5 2.30558
0.6 -0.455638
0.7 0.639731
0.8 -0.676483
0.9 0.00387244
1 -1.15995
1.1 -0.597196
1.2 0.28597
1.3 -0.254384
1.4 -1.12986
1.5 0.532646
1.6 -0.999902
1.7 -0.540718
1.8 0.187896
1.9 -1.44509
2 -0.19052
2.1 0.587924
2.2 3.51104
2.3 -0.712667
2.4 1.74988
2.5 1.02336
2.6 2.29609
2.7 2.53991
2.8 0.848335
2.9 -1.08731
3 -1.43823
3.1 -3.21034
3.2 -2.49116
3.3 1.21183
3.4 0.481185
3.5 0.305121
3.6 0.245027
3.7 2.17586
3.8 0.0816133
3.9 -2.28407
4 -2.91201
4.1 -3.28612
4.2 0.544053
4.3 1.17407
4.4 1.89808
4.5 2.05594
4.6 -1.16953
4.7 0.865477
4.8 0.759056
4.9 -1.32074
5 0.655488
5.1 -0.132391
5.2 -0.155993
5.3 -1.13301
5.4 -2.29749
5.5 -0.412311
5.6 -0.442444
5.7 -1.08031
5.8 -2.78769
5.9 0.754402
6 1.25062
6.1 -0.316417
6.2 0.679925
6.3 -1.43221
6.4 -1.04608
6.5 0.856504
6.6 -0.0897736
6.7 -1.84332
6.8 1.59352
6.9 0.732993
7 -0.114612
7.1 1.39349
7.2 0.847267
7.3 0.366967
7.4 -0.360802
7.5 -0.825268
7.6 -1.34395
7.7 -2.1172
7.8 0.184844
7.9 3.14697
8 0.349089
8.1 0.483741
8.2 -2.40054
8.3 -2.0263
8.4 -1.83303
8.5 -1.06968
8.6 1.83085
8.7 -2.17939
8.8 -1.40975
8.9 -0.828552
9 -0.275806
9.1 -1.55392
9.2 -2.1172
9.3 -1.743
9.4 2.81892
9.5 1.60889
9.6 -0.478028
9.7 -1.37228
9.8 1.20684
9.9 0.710276
10 0.815476
10.1 -5.18134
10.2 0.530676
10.3 1.5969
10.4 1.6143
10.5 -0.749128
10.6 -1.50341
10.7 -0.964772
10.8 -2.74802
10.9 -1.31442
11 0.551678
11.1 1.22464
11.2 0.734051
11.3 1.74331
11.4 0.416346
11.5 -2.69086
11.6 1.27807
11.7 -0.859144
11.8 -2.57562
11.9 -0.432306
12 0.109372
12.1 -0.353876
12.2 -0.318338
12.3 0.444105
12.4 -1.93817
12.5 -1.50568
12.6 -0.20844
12.7 0.179865
12.8 -0.82099
12.9 0.443986
13 -0.828559
13.1 -0.441084
13.2 0.193475
13.3 3.30123
13.4 -0.582856
13.5 1.52267
13.6 -1.09782
13.7 1.45325
13.8 -0.743129
13.9 -1.07568
14 1.82136
14.1 0.72864
14.2 1.60532
14.3 0.893258
14.4 2.07646
14.5 2.7278
14.6 0.708642
14.7 -0.690838
14.8 -0.0442884
14.9 -0.329117
15 0.306509
15.1 1.47494
15.2 -2.06574
15.3 0.112402
15.4 0.402893
15.5 0.231242
15.6 0.853636
15.7 0.696513
15.8 2.44369
15.9 1.87753
16 -2.83669
16.1 -2.1607
16.2 -2.31986
16.3 0.879114
16.4 1.60309
16.5 -3.90682
16.6 -0.950238
16.7 0.553866
16.8 0.678089
16.9 -1.82824
17 0.888478
17.1 -0.139298
17.2 0.461658
17.3 1.18996
17.4 -0.9277
17.5 -0.645237
17.6 -0.730921
17.7 1.16034
17.8 -0.102077
17.9 -0.804021
18 -2.70193
18.1 4.73872
18.2 1.29286
18.3 -0.247533
18.4 1.08969
18.5 0.776239
18.6 -1.78927
18.7 -0.861739
18.8 -0.443312
18.9 -0.312468
19 0.28162
19.1 2.28254
19.2 1.29547
19.3 1.06693
19.4 0.115125
19.5 1.29492
19.6 -0.0472447
19.7 -1.12389
19.8 0.510059
19.9 1.68448
20 -0.146345
20.1 1.88442
20.2 0.612995
20.3 0.11086
20.4 0.661348
20.5 -0.567433
20.6 1.01075
20.7 -0.0545257
20.8 0.588361
20.9 1.65464
21 -1.2073
21.1 -2.32244
21.2 -1.15385
21.3 0.729862
21.4 -0.0236089
21.5 -0.295016
21.6 -0.325185
21.7 0.0861243
21.8 -0.269289
21.9 1.14924
22 0.831191
22.1 1.58627
22.2 -0.537754
22.3 0.642732
22.4 -1.05322
22.5 0.2344
22.6 -0.376478
22.7 1.13539
22.8 -0.773205
22.9 0.111376
23 -0.657621
23.1 -2.08113
23.2 -1.44032
23.3 -2.75084
23.4 -0.171983
23.5 -3.62954
23.6 -0.629075
23.7 -0.51324
23.8 1.55329
23.9 -0.375495
24 3.13928
24.1 -0.611804
24.2 -2.11705
24.3 -0.185418
24.4 -1.54414
24.5 -1.95145
24.6 0.407557
24.7 0.119805
24.8 1.62297
24.9 -0.418048
25 0.35238
25.1 0.73029
25.2 1.5664
25.3 0.65832
25.4 -0.461422
25.5 0.930199
25.6 0.452725
25.7 0.683211
25.8 0.35645
25.9 1.20659
26 -1.3079
26.1 -0.769036
26.2 -1.04861
26.3 -0.567673
26.4 2.46303
26.5 0.16535
26.6 1.17485
26.7 -0.524049
26.8 -1.56548
26.9 0.718778
27 -1.32597
27.1 0.560972
27.2 -1.59468
27.3 -0.424241
27.4 2.11787
27.5 0.369132
27.6 0.694777
27.7 0.353066
27.8 -0.378838
27.9 1.7218
28 -0.357429
28.1 -0.795707
28.2 -1.85593
28.3 3.81837
28.4 -1.17388
28.5 -0.713635
28.6 -0.375072
28.7 -0.664561
28.8 -1.0575
28.9 -2.2132
29 1.22899
29.1 0.725182
29.2 1.18572
29.3 1.38726
29.4 1.11695
29.5 0.84522
29.6 4.30015
29.7 1.99597
29.8 -0.52367
29.9 -1.46917
30 -2.60467
30.1 0.161143
30.2 -1.50245
30.3 -0.569383
30.4 0.601556
30.5 0.498035
30.6 0.804147
30.7 -0.163478
30.8 -0.0670641
30.9 -0.724568
31 0.030341
31.1 1.34859
31.2 -0.827221
31.3 -2.04019
31.4 1.85783
31.5 -2.04851
31.6 -0.375605
31.7 0.0453045
31.8 -1.36844
31.9 -0.88218
32 1.99663
32.1 3.4256
32.2 0.0416475
32.3 -0.114856
32.4 -1.00272
32.5 -1.20145
32.6 -0.792382
32.7 -0.7565
32.8 -1.24034
32.9 -0.0444399
33 2.54039
33.1 0.587798
33.2 1.09119
33.3 -1.11496
33.4 -0.0681844
33.5 1.62325
33.6 2.47929
33.7 1.1629
33.8 0.182289
33.9 -1.03787
34 -0.644446
34.1 0.855604
34.2 2.52709
34.3 3.93446
34.4 2.008
34.5 0.648067
34.6 2.6634
34.7 -0.502156
34.8 0.0728772
34.9 1.33822
35 0.376671
35.1 -1.74549
35.2 0.906792
35.3 -1.0167
35.4 1.03397
35.5 -0.0893934
35.6 2.65008
35.7 0.657927
35.8 -0.0349109
35.9 -2.1411
36 1.82738
36.1 1.18891
36.2 0.372396
36.3 1.97666
36.4 -1.2825
36.5 -0.395328
36.6 1.76614
36.7 1.24397
36.8 0.0247915
36.9 1.0907
37 0.417809
37.1 -1.32331
37.2 -0.0896523
37.3 -1.32413
37.4 -0.257712
37.5 0.45606
37.6 -2.87064
37.7 0.880474
37.8 2.63688
37.9 0.575761
38 0.299658
38.1 -0.00611238
38.2 0.932443
38.3 -0.783009
38.4 2.90772
38.5 -0.0525126
38.6 -1.47687
38.7 -0.169684
38.8 -1.37111
38.9 -1.09962
39 -0.0415555
39.1 1.05784
39.2 -0.630512
39.3 1.02477
39.4 2.1129
39.5 -1.21485
39.6 1.21285
39.7 0.97469
39.8 -2.35876
39.9 -1.49901
40 0.0545667
40.1 -1.74328
40.2 0.613005
40.3 -0.341719
40.4 -0.182325
40.5 -1.642
40.6 -0.725872
40.7 -1.57591
40.8 -0.969211
40.9 -0.664812
41 0.884385
41.1 -1.83309
41.2 1.5031
41.3 -0.130884
41.4 -0.295281
41.5 -0.532525
41.6 -0.569105
41.7 -2.00088
41.8 0.911346
41.9 1.34054
42 0.912232
42.1 0.654742
42.2 1.35711
42.3 1.53708
42.4 3.13598
42.5 2.88767
42.6 -1.39827
42.7 0.563064
42.8 -0.490046
42.9 1.14671
43 -0.736467
43.1 -2.11126
43.2 -0.199121
43.3 -0.214429
43.4 -0.405351
43.5 -1.29765
43.6 -1.94709
43.7 -1.37285
43.8 0.785711
43.9 -0.512951
44 -0.117824
44.1 1.19675
44.2 0.758612
44.3 -0.362786
44.4 -1.48877
44.5 -0.20661
44.6 -2.29626
44.7 -0.704084
44.8 0.0326336
44.9 0.4667
45 0.487808
45.1 2.18196
45.2 -0.778062
45.3 1.3036
45.4 1.45471
45.5 0.992604
45.6 0.816578
45.7 0.367747
45.8 -2.21722
45.9 -1.03772
46 1.70491
46.1 -0.463896
46.2 -0.4846
46.3 -1.34298
46.4 -0.703854
46.5 2.15201
46.6 -0.233464
46.7 0.0803315
46.8 0.990546
46.9 0.0172475
47 -0.385541
47.1 -1.02197
47.2 1.0326
47.3 -0.55967
47.4 -0.539731
47.5 -1.53602
47.6 -0.873357
47.7 0.333314
47.8 0.841292
47.9 1.44299
48 -1.34843
48.1 -0.212502
48.2 -3.08146
48.3 -3.6394
48.4 -0.412342
48.5 -0.815809
48.6 0.37035
48.7 -0.94351
48.8 -0.194184
48.9 1.42942
49 1.69085
49.1 -0.97849
49.2 0.90156
49.3 0.300379
49.4 0.302254
49.5 -0.984416
49.6 0.513249
49.7 -0.261023
49.8 2.08832
49.9 1.27005
