0 -1.84026
0.1 0.48552
0.2 -1.12353
0.3 -2.10107
0.4 -0.519515
0.5 -1.09038
0.6 0.181175
0.7 -2.52682
0.8 -0.0508041
0.9 -1.16875
1 -1.61069
1.1 0.0863831
1.2 -0.303684
1.3 0.565508
1.4 -1.44225
1.5 -1.0624
1.6 0.132399
1.7 2.02203
1.8 2.91845
1.9 -0.00735546
2 1.00964
2.1 3.14251
2.2 5.66728
2.3 1.46521
2.4 -0.486162
2.5 1.50016
2.6 -0.43088
2.7 -1.80795
2.8 -3.5236
2.9 -1.14523
3 -0.447081
3.1 0.223551
3.2 -2.58685
3.3 -0.489899
3.4 0.755681
3.5 -1.05516
3.6 0.0831124
3.7 1.35982
3.8 3.24111
3.9 1.70065
4 1.91655
4.1 3.8341
4.2 0.919923
4.3 -1.05046
4.4 -4.10626
4.5 -3.0062
4.6 0.0735904
4.7 -2.8054
4.8 -1.92231
4.9 -0.102517
5 -1.74655
5.1 1.05962
5.2 0.646538
5.3 -1.30839
5.4 0.862498
5.5 0.81583
5.6 1.45117
5.7 -0.643543
5.8 -3.04753
5.9 -0.108881
6 0.713725
6.1 -0.921355
6.2 -1.0459
6.3 -0.0220161
6.4 -0.28082
6.5 1.8764
6.6 3.21707
6.7 5.65768
6.8 2.44824
6.9 1.72519
7 -4.57766
7.1 -1.51762
7.2 -2.21548
7.3 0.536877
7.4 -0.35029
7.5 0.296441
7.6 -1.74698
7.7 -0.517754
7.8 0.497419
7.9 -0.617828
8 -0.608642
8.1 -1.76787
8.2 -3.11303
8.3 -4.59302
8.4 -1.77317
8.5 -3.4741
8.6 -2.80071
8.7 -0.293998
8.8 -1.31743
8.9 -1.27141
9 1.77884
9.1 2.25081
9.2 2.02417
9.3 0.534301
9.4 1.6433
9.5 -0.898435
9.6 0.231157
9.7 1.28822
9.8 0.46588
9.9 -0.74102
10 0.927878
10.1 0.754028
10.2 -0.683387
10.3 -1.88706
10.4 -3.80213
10.5 -2.54849
10.6 -4.60734
10.7 -3.15103
10.8 -0.864416
10.9 1.89212
11 0.559497
11.1 -0.531945
11.2 -1.43643
11.3 1.79605
11.4 1.02765
11.5 1.78835
11.6 1.55211
11.7 0.533033
11.8 1.86914
11.9 1.25664
12 0.198191
12.1 -0.292361
12.2 1.59771
12.3 -1.07828
12.4 -2.31922
12.5 -2.21526
12.6 -1.45235
12.7 -0.712052
12.8 1.85093
12.9 -0.452715
13 0.754835
13.1 1.32597
13.2 0.878845
13.3 2.31945
13.4 -0.179631
13.5 0.685469
13.6 -0.73361
13.7 1.68124
13.8 0.203541
13.9 1.56717
14 1.11689
14.1 1.45485
14.2 0.453659
14.3 0.721019
14.4 2.57432
14.5 1.24329
14.6 -0.283781
14.7 1.87491
14.8 1.49109
14.9 1.74422
15 2.16465
15.1 0.0022772
15.2 -2.5598
15.3 -1.86199
15.4 0.541671
15.5 0.170234
15.6 -3.66418
15.7 -1.49762
15.8 -3.6661
15.9 -4.28595
16 0.059732
16.1 0.464944
16.2 -2.89096
16.3 -3.03847
16.4 2.25477
16.5 2.02976
16.6 0.0454141
16.7 -0.966916
16.8 0.377528
16.9 1.24789
17 -0.523168
17.1 -0.00489975
17.2 -0.163121
17.3 1.1665
17.4 4.1463
17.5 4.68723
17.6 3.19114
17.7 2.33552
17.8 0.881151
17.9 -0.78021
18 -0.579558
18.1 -0.780296
18.2 0.122312
18.3 -0.588483
18.4 0.171975
18.5 1.72698
18.6 0.326882
18.7 -0.634866
18.8 2.63584
18.9 0.981218
19 -1.34847
19.1 0.801075
19.2 -3.97348
19.3 -1.34726
19.4 -2.02246
19.5 -0.614234
19.6 0.813037
19.7 -1.43403
19.8 -1.71131
19.9 0.0206723
20 0.701681
20.1 -0.915749
20.2 -0.352667
20.3 -0.167857
20.4 -2.16233
20.5 -1.87158
20.6 0.30468
20.7 -0.300353
20.8 -1.10299
20.9 1.17443
21 -0.73945
21.1 -1.49731
21.2 0.444452
21.3 -2.01776
21.4 -2.51842
21.5 -2.82233
21.6 0.460395
21.7 0.429922
21.8 -0.55118
21.9 -0.595738
22 -2.69315
22.1 -0.274234
22.2 0.334599
22.3 1.49776
22.4 -0.616862
22.5 1.11654
22.6 -1.61474
22.7 2.65226
22.8 1.53576
22.9 0.599194
23 -0.257607
23.1 2.24993
23.2 2.54084
23.3 1.09805
23.4 2.81815
23.5 4.65446
23.6 3.11115
23.7 0.467212
23.8 0.0049714
23.9 -0.404568
24 -0.314415
24.1 2.83055
24.2 1.23295
24.3 -0.401378
24.4 -1.58071
24.5 -2.16997
24.6 -2.83199
24.7 -0.527004
24.8 -3.45748
24.9 -3.66348
25 1.37263
25.1 -1.69439
25.2 -2.03841
25.3 -2.59425
25.4 0.213935
25.5 0.824195
25.6 1.30382
25.7 -0.581273
25.8 0.349133
25.9 -0.427134
26 -1.05143
26.1 -0.00935839
26.2 0.0455907
26.3 2.38839
26.4 -2.19654
26.5 -2.43311
26.6 0.387733
26.7 -1.14283
26.8 3.36987
26.9 2.56187
27 1.10076
27.1 2.59038
27.2 0.350105
27.3 -1.31469
27.4 -3.173
27.5 -0.762718
27.6 -2.24634
27.7 -0.635887
27.8 -1.73395
27.9 -2.23739
28 0.920527
28.1 -0.779739
28.2 -0.368498
28.3 -0.122615
28.4 1.41981
28.5 2.05783
28.6 0.51998
28.7 -1.49765
28.8 0.251178
28.9 0.242581
29 3.27287
29.1 1.01842
29.2 -2.82143
29.3 0.239536
29.4 -1.53062
29.5 1.80796
29.6 1.84673
29.7 -1.19762
29.8 -1.60702
29.9 -1.27023
30 -0.221027
30.1 0.193981
30.2 2.9333
30.3 2.78099
30.4 1.83761
30.5 2.13381
30.6 1.66313
30.7 -0.0701781
30.8 -1.63519
30.9 -1.13629
31 1.21212
31.1 0.0397696
31.2 -0.85678
31.3 -2.14517
31.4 -1.36325
31.5 -1.5886
31.6 -1.38826
31.7 -0.850701
31.8 -2.95281
31.9 -9.37753
32 -6.47411
32.1 -4.9855
32.2 -3.19534
32.3 0.909713
32.4 -0.131987
32.5 1.03552
32.6 5.05023
32.7 1.59107
32.8 -1.78995
32.9 0.384838
33 2.31759
33.1 0.741507
33.2 -1.19775
33.3 2.78406
33.4 1.85438
33.5 0.043879
33.6 -1.79262
33.7 -1.93565
33.8 -1.57989
33.9 -1.10447
34 0.398469
34.1 -3.88044
34.2 -0.495903
34.3 0.752727
34.4 1.66194
34.5 0.171202
34.6 0.508969
34.7 2.94844
34.8 2.81595
34.9 2.35701
35 0.657089
35.1 0.747987
35.2 3.70037
35.3 0.86834
35.4 2.9
35.5 2.63769
35.6 -0.0910482
35.7 1.37204
35.8 0.317561
35.9 1.66612
36 0.372281
36.1 0.210585
36.2 -0.33029
36.3 -0.784958
36.4 -0.294542
36.5 0.0723845
36.6 -0.177831
36.7 0.0420666
36.8 0.232562
36.9 -1.19099
37 2.1287
37.1 1.11513
37.2 2.7823
37.3 0.632612
37.4 3.01294
37.5 1.72067
37.6 0.774982
37.7 -0.368469
37.8 -0.251779
37.9 -1.71328
38 -1.26174
38.1 2.29386
38.2 4.72935
38.3 1.71984
38.4 -0.346437
38.5 -0.500385
38.6 -3.00731
38.7 -0.808274
38.8 -1.71574
38.9 0.376181
39 -2.30429
39.1 -1.95915
39.2 0.411153
39.3 0.107149
39.4 -0.0822095
39.5 -1.10069
39.6 -3.74331
39.7 -3.80342
39.8 0.0308182
39.9 -0.449144
40 -2.00608
40.1 0.329358
40.2 0.394366
40.3 -0.05352
40.4 1.3745
40.5 2.13012
40.6 4.89988
40.7 2.75764
40.8 -0.8658
40.9 -1.04698
41 -1.69084
41.1 -0.544206
41.2 0.0108793
41.3 -0.914824
41.4 0.159857
41.5 1.24554
41.6 2.792
41.7 2.14884
41.8 3.29013
41.9 2.04256
42 2.54789
42.1 0.402149
42.2 0.815535
42.3 -1.92192
42.4 1.67471
42.5 -1.05635
42.6 -2.35828
42.7 -3.84064
42.8 -3.52219
42.9 -4.22568
43 -2.44476
43.1 -1.62924
43.2 -2.64882
43.3 -0.137905
43.4 -0.326121
43.5 1.02398
43.6 -0.113851
43.7 1.58422
43.8 -0.968321
43.9 3.44134
44 2.5277
44.1 1.46201
44.2 0.503715
44.3 -1.70788
44.4 -0.48388
44.5 -2.64743
44.6 2.18398
44.7 2.30414
44.8 2.05935
44.9 3.46243
45 0.829144
45.1 -0.243609
45.2 2.44192
45.3 -2.33482
45.4 -3.21794
45.5 -2.03183
45.6 -0.920272
45.7 -2.51208
45.8 -1.01037
45.9 -0.326251
46 -0.18741
46.1 -0.0578938
46.2 -3.26741
46.3 1.18293
46.4 2.20057
46.5 1.98644
46.6 -0.790636
46.7 -1.03961
46.8 -2.68066
46.9 0.13008
47 -0.200315
47.1 2.03154
47.2 1.25605
47.3 1.52708
47.4 -0.1498
47.5 -0.935719
47.6 2.00929
47.7 -0.674672
47.8 -0.274925
47.9 -1.29299
48 -0.396973
48.1 0.945802
48.2 1.17967
48.3 6.19818
48.4 2.50006
48.5 0.394943
48.6 0.556937
48.7 2.97866
48.8 0.236086
48.9 -1.97178
49 0.660849
49.1 5.07659
49.2 0.109729
49.3 1.30082
49.4 2.44668
49.5 0.921142
49.6 -0.282197
49.7 1.11023
49.8 0.681621
49.9 -0.713099
