0 1.06055
0.1 -0.421119
0.2 2.24526
0.3 0.83706
0.4 1.04151
0.5 0.702711
0.6 -0.471249
0.7 0.452374
0.8 1.14798
0.9 -0.338427
1 0.272105
1.1 1.02968
1.2 1.9317
1.3 -1.68943
1.4 -0.745662
1.5 -2.56873
1.6 -0.478009
1.7 -0.502487
1.8 -2.1044
1.9 1.11572
2 2.11388
2.1 -2.49822
2.2 -0.426122
2.3 1.51342
2.4 0.352668
2.5 0.556268
2.6 0.849911
2.7 2.58103
2.8 0.0168196
2.9 -0.536455
3 0.826659
3.1 -1.28898
3.2 -2.32327
3.3 1.88037
3.4 -1.07605
3.5 -0.686637
3.6 -1.17503
3.7 1.40549
3.8 -0.511065
3.9 0.962076
4 0.637166
4.1 -0.02344
4.2 -0.194708
4.3 0.750318
4.4 -0.291721
4.5 -0.984182
4.6 2.31979
4.7 -2.6877
4.8 1.67117
4.9 1.3601
5 0.190191
5.1 -1.31473
5.2 0.16481
5.3 1.85028
5.4 0.214773
5.5 -1.31228
5.6 3.00506
5.7 -1.01597
5.8 -1.43373
5.9 -0.816303
6 -0.837469
6.1 -0.139313
6.2 0.0226018
6.3 0.252533
6.4 -1.26817
6.5 -1.22588
6.6 0.637798
6.7 -1.35381
6.8 -1.68866
6.9 -0.60922
7 -0.579875
7.1 -0.394163
7.2 0.12969
7.3 0.200156
7.4 0.874457
7.5 0.300976
7.6 0.430468
7.7 0.264969
7.8 -0.190528
7.9 0.0799653
8 3.83201
8.1 -0.346135
8.2 0.35789
8.3 -1.84125
8.4 -1.75321
8.5 -0.182287
8.6 -0.0144821
8.7 -0.515196
8.8 2.08717
8.9 1.63729
9 -0.666933
9.1 -1.40244
9.2 1.23538
9.3 -0.228357
9.4 0.25299
9.5 -0.188204
9.6 0.682381
9.7 -0.557989
9.8 -0.273465
9.9 0.0466807
10 -0.596719
10.1 -0.58687
10.2 0.499232
10.3 1.1961
10.4 -0.343048
10.5 -1.64313
10.6 -1.16935
10.7 -0.503674
10.8 -0.526113
10.9 -0.938998
11 -1.27782
11.1 0.191561
11.2 -2.20399
11.3 1.18645
11.4 0.158516
11.5 -0.715248
11.6 0.157253
11.7 1.88131
11.8 -0.413052
11.9 2.65916
12 0.109859
12.1 2.92294
12.2 -0.79823
12.3 2.41953
12.4 -0.128747
12.5 0.933122
12.6 0.423344
12.7 -1.18883
12.8 -0.75536
12.9 -1.13073
13 -1.28893
13.1 -1.04679
13.2 -1.6729
13.3 -1.26213
13.4 0.252869
13.5 -2.11984
13.6 2.01212
13.7 0.740203
13.8 -0.120507
13.9 -0.166236
14 1.67687
14.1 -0.0685006
14.2 0.780948
14.3 1.90702
14.4 -1.33394
14.5 -1.36682
14.6 0.684434
14.7 1.11598
14.8 -1.79432
14.9 0.735143
15 -0.555096
15.1 -0.943798
15.2 -2.02689
15.3 -0.219059
15.4 -0.951513
15.5 0.329681
15.6 -0.658718
15.7 1.20529
15.8 0.842441
15.9 1.19525
16 0.146254
16.1 -1.09884
16.2 0.277794
16.3 0.831264
16.4 0.0873766
16.5 -1.3006
16.6 1.2819
16.7 0.166018
16.8 -0.195613
16.9 -0.923934
17 1.21932
17.1 0.322497
17.2 0.374404
17.3 -0.649172
17.4 0.139312
17.5 -0.183392
17.6 -0.302033
17.7 0.488414
17.8 -1.50844
17.9 0.148858
18 -1.07885
18.1 0.542966
18.2 -0.451416
18.3 -0.312957
18.4 0.809002
18.5 -1.47922
18.6 1.56801
18.7 -0.0927038
18.8 1.92938
18.9 0.337432
19 0.471027
19.1 -0.882009
19.2 -0.067293
19.3 -1.00123
19.4 0.393794
19.5 0.397036
19.6 -0.722626
19.7 -1.30415
19.8 -0.909398
19.9 1.43775
20 0.395881
20.1 -1.10465
20.2 -0.331418
20.3 -0.910564
20.4 0.807578
20.5 -0.522292
20.6 -0.961626
20.7 0.977744
20.8 -0.687071
20.9 2.05814
21 0.39511
21.1 0.396103
21.2 0.804458
21.3 -0.265576
21.4 0.165606
21.5 0.0523804
21.6 -0.961401
21.7 0.732956
21.8 -0.818668
21.9 1.78043
22 1.74095
22.1 0.179729
22.2 -1.56566
22.3 0.863225
22.4 0.834913
22.5 -0.579014
22.6 0.475619
22.7 -0.409993
22.8 -1.08799
22.9 -0.34798
23 0.0865373
23.1 0.109478
23.2 0.279217
23.3 0.558892
23.4 0.689755
23.5 -1.6548
23.6 0.598434
23.7 -0.408012
23.8 -2.48951
23.9 -0.932184
24 0.0878469
24.1 0.704294
24.2 0.290699
24.3 -1.53788
24.4 -2.89605
24.5 -0.814144
24.6 0.171054
24.7 -1.64736
24.8 -0.293874
24.9 0.861143
25 -1.03247
25.1 -1.04805
25.2 -0.505555
25.3 1.60656
25.4 -0.403757
25.5 -1.60579
25.6 0.985684
25.7 0.864636
25.8 0.57748
25.9 -0.910276
26 0.0505956
26.1 1.23594
26.2 -0.383019
26.3 -0.307559
26.4 0.103016
26.5 -1.1113
26.6 0.503085
26.7 0.582698
26.8 2.17248
26.9 -0.576431
27 0.534851
27.1 0.750869
27.2 0.270412
27.3 0.302129
27.4 -0.447518
27.5 -1.53383
27.6 0.426847
27.7 1.61083
27.8 1.37853
27.9 0.905263
28 -0.842116
28.1 0.720484
28.2 -1.35366
28.3 1.57133
28.4 -1.38067
28.5 -0.127078
28.6 0.371062
28.7 0.32183
28.8 -0.00165751
28.9 0.00691836
29 0.0845437
29.1 -1.38003
29.2 -1.74668
29.3 -0.025668
29.4 0.519637
29.5 1.47059
29.6 -0.966376
29.7 0.262442
29.8 0.182668
29.9 0.308173
30 -0.276851
30.1 -0.304365
30.2 0.627817
30.3 -2.54938
30.4 -1.7279
30.5 -1.98592
30.6 -0.512485
30.7 -0.772797
30.8 -1.43274
30.9 1.68941
31 -1.20027
31.1 -1.01098
31.2 0.270099
31.3 -2.80795
31.4 0.452721
31.5 -1.36879
31.6 -0.148164
31.7 1.56255
31.8 1.54395
31.9 -1.09572
32 0.778
32.1 1.13979
32.2 0.976939
32.3 -0.371977
32.4 1.84454
32.5 1.01759
32.6 -0.539498
32.7 -0.283481
32.8 -0.220364
32.9 0.60545
33 2.33669
33.1 1.69552
33.2 0.482246
33.3 -0.148905
33.4 -0.0917793
33.5 -2.19941
33.6 -0.832148
33.7 -0.692845
33.8 1.13836
33.9 0.511292
34 0.256144
34.1 1.42193
34.2 0.407782
34.3 -1.60587
34.4 1.02685
34.5 0.994705
34.6 -0.198021
34.7 0.587292
34.8 -1.21302
34.9 -0.311507
35 -0.330158
35.1 -0.204101
35.2 -0.138939
35.3 -0.528644
35.4 -1.31469
35.5 0.317004
35.6 1.58488
35.7 0.558815
35.8 -0.0624108
35.9 -0.420168
36 0.0201981
36.1 -0.780129
36.2 0.353403
36.3 -0.947996
36.4 0.818198
36.5 -0.550008
36.6 -0.859743
36.7 0.428483
36.8 -1.07086
36.9 -0.666196
37 -1.94648
37.1 0.763821
37.2 1.29653
37.3 -1.20032
37.4 0.60338
37.5 -2.06042
37.6 2.30222
37.7 1.70692
37.8 -0.601149
37.9 -1.29587
38 -0.893955
38.1 -0.10625
38.2 -0.212439
38.3 -0.353737
38.4 -2.61836
38.5 0.755214
38.6 -1.89295
38.7 -0.403779
38.8 0.493574
38.9 0.544722
39 -1.49127
39.1 -1.10208
39.2 0.430662
39.3 1.92085
39.4 -2.10035
39.5 0.465498
39.6 2.13532
39.7 -0.0977643
39.8 0.725518
39.9 -1.14209
40 0.244125
40.1 1.75102
40.2 0.824052
40.3 0.655261
40.4 -1.19823
40.5 0.0203457
40.6 1.0766
40.7 -0.745975
40.8 -0.444238
40.9 -0.113148
41 1.34168
41.1 -0.563026
41.2 -3.35466
41.3 -2.05927
41.4 0.0770056
41.5 -1.32381
41.6 -0.110384
41.7 -0.900889
41.8 -0.626326
41.9 0.264649
42 -0.178272
42.1 -0.859718
42.2 -0.161508
42.3 2.43868
42.4 0.0368836
42.5 0.590575
42.6 0.267323
42.7 0.617264
42.8 0.292811
42.9 1.23961
43 -0.211652
43.1 -0.735469
43.2 2.4422
43.3 1.5284
43.4 0.29914
43.5 -0.0415314
43.6 1.45314
43.7 2.07147
43.8 -1.09687
43.9 0.853825
44 -0.349464
44.1 1.76715
44.2 1.17758
44.3 0.685848
44.4 0.81762
44.5 1.08465
44.6 0.935108
44.7 0.235846
44.8 0.79811
44.9 -0.0189335
45 1.05984
45.1 1.28472
45.2 -1.46163
45.3 0.78602
45.4 -0.23317
45.5 0.53378
45.6 -2.19992
45.7 0.916518
45.8 -2.10886
45.9 -1.25307
46 0.977054
46.1 1.26018
46.2 0.209947
46.3 0.308537
46.4 0.117265
46.5 -1.4783
46.6 -1.97864
46.7 0.755696
46.8 0.506044
46.9 -0.449665
47 -0.312317
47.1 0.575991
47.2 0.366744
47.3 -0.402741
47.4 1.41571
47.5 0.968891
47.6 1.32967
47.7 1.76154
47.8 -0.888995
47.9 -0.535185
48 -0.491362
48.1 -0.776887
48.2 0.743975
48.3 1.72737
48.4 -1.12551
48.5 0.719671
48.6 1.06347
48.7 -0.399124
48.8 -0.188369
48.9 -1.30299
49 -0.614436
49.1 0.212592
49.2 1.11899
49.3 0.0887145
49.4 0.434067
49.5 -1.68163
49.6 -0.797162
49.7 0.989324
49.8 1.05204
49.9 0.624199
