0 3.38615
0.1 1.43287
0.2 0.0351527
0.3 -0.791924
0.4 -1.35472
0.5 -1.35922
0.6 0.742058
0.7 1.24263
0.8 1.73157
0.9 3.78521
1 1.85103
1.1 3.21101
1.2 2.31864
1.3 -0.584721
1.4 -0.433405
1.5 -1.89597
1.6 -0.273417
1.7 0.789195
1.8 0.635641
1.9 2.30266
2 1.88569
2.1 -3.37149
2.2 -1.09393
2.3 -3.22756
2.4 -5.19045
2.5 -1.70388
2.6 -0.675915
2.7 -5.22061
2.8 -3.27212
2.9 -6.91391
3 -4.83921
3.1 -6.3214
3.2 -5.27304
3.3 -3.89775
3.4 -4.33903
3.5 -0.285693
3.6 -0.636595
3.7 0.222832
3.8 3.12645
3.9 3.158
4 1.66329
4.1 1.88204
4.2 3.05711
4.3 4.54277
4.4 6.55531
4.5 1.68357
4.6 -2.00879
4.7 0.461248
4.8 -0.0127617
4.9 -0.467648
5 -2.23532
5.1 -7.10208
5.2 -9.96946
5.3 -10.4818
5.4 -9.90473
5.5 -10.4359
5.6 -9.99374
5.7 -8.962
5.8 -13.9043
5.9 -13.0155
6 -11.2726
6.1 -6.42549
6.2 -11.8141
6.3 -11.4729
6.4 -13.323
6.5 -15.3377
6.6 -12.9516
6.7 -17.4478
6.8 -17.6901
6.9 -16.9881
7 -15.7318
7.1 -14.139
7.2 -13.3232
7.3 -16.9374
7.4 -18.3153
7.5 -18.0043
7.6 -16.0631
7.7 -20.9769
7.8 -18.6124
7.9 -19.7316
8 -19.5211
8.1 -20.9009
8.2 -16.2231
8.3 -17.2418
8.4 -18.4944
8.5 -15.2599
8.6 -16.2936
8.7 -18.838
8.8 -18.8751
8.9 -16.5501
9 -13.4478
9.1 -10.6397
9.2 -8.12475
9.3 -7.17058
9.4 0.341004
9.5 -2.76277
9.6 -0.393568
9.7 0.124606
9.8 1.56535
9.9 0.642663
10 -0.767845
10.1 -3.38638
10.2 -4.49999
10.3 -2.52804
10.4 -1.13269
10.5 -0.332237
10.6 1.46081
10.7 -0.0976985
10.8 3.21659
10.9 0.314551
11 0.00841698
11.1 -1.48193
11.2 -0.683835
11.3 3.58524
11.4 1.06882
11.5 -1.29264
11.6 -1.85982
11.7 2.05215
11.8 4.12214
11.9 -0.75192
12 -0.506513
12.1 -1.76221
12.2 -7.07263
12.3 -7.08502
12.4 -9.64563
12.5 -10.1681
12.6 -6.09856
12.7 -4.20198
12.8 -2.48407
12.9 -2.61901
13 -3.46201
13.1 -2.77062
13.2 -0.962849
13.3 2.78302
13.4 1.69536
13.5 4.20314
13.6 5.43166
13.7 7.00364
13.8 4.33953
13.9 2.08067
14 2.6434
14.1 4.10844
14.2 3.76342
14.3 8.18389
14.4 8.5327
14.5 12.6317
14.6 13.7694
14.7 12.1815
14.8 12.1703
14.9 10.3246
15 10.6313
15.1 10.2393
15.2 9.56248
15.3 10.8628
15.4 3.9994
15.5 1.85526
15.6 4.77114
15.7 3.26665
15.8 2.54194
15.9 1.15444
16 -0.177416
16.1 0.135872
16.2 0.17932
16.3 0.00470446
16.4 -3.69721
16.5 -3.64253
16.6 -4.43894
16.7 -5.67799
16.8 -7.37508
16.9 -7.54294
17 -4.39316
17.1 -4.35271
17.2 -3.44259
17.3 -2.76185
17.4 -2.65951
17.5 -1.65226
17.6 -0.931545
17.7 -2.06498
17.8 -3.75641
17.9 2.29822
18 -0.804058
18.1 -6.02472
18.2 -7.38145
18.3 -9.70867
18.4 -8.96598
18.5 -7.9963
18.6 -9.58627
18.7 -10.1005
18.8 -7.05507
18.9 -3.15469
19 -3.26052
19.1 -5.41618
19.2 -6.75675
19.3 -6.39197
19.4 -8.34479
19.5 -9.4594
19.6 -10.4149
19.7 -11.8455
19.8 -10.9639
19.9 -8.87126
20 -9.83448
20.1 -7.50431
20.2 -9.69799
20.3 -10.3731
20.4 -4.83852
20.5 -2.42954
20.6 -0.823017
20.7 -1.80693
20.8 4.17733
20.9 -0.768671
21 -0.919177
21.1 1.92839
21.2 -0.0224881
21.3 0.0563037
21.4 1.48145
21.5 1.96577
21.6 -1.62013
21.7 -0.464177
21.8 1.52484
21.9 0.232952
22 0.170645
22.1 0.880035
22.2 1.32033
22.3 2.44437
22.4 0.066154
22.5 1.24738
22.6 -2.15882
22.7 -2.60774
22.8 -0.659495
22.9 3.12922
23 4.66924
23.1 6.79353
23.2 7.93131
23.3 7.94797
23.4 7.51632
23.5 6.14099
23.6 7.25979
23.7 7.37215
23.8 3.81587
23.9 4.40342
24 4.68239
24.1 1.94947
24.2 0.946692
24.3 0.904764
24.4 0.222646
24.5 0.927297
24.6 -0.0705031
24.7 2.76383
24.8 1.53251
24.9 5.47431
25 2.08599
25.1 2.32075
25.2 2.41947
25.3 4.12247
25.4 1.65625
25.5 1.74794
25.6 0.768857
25.7 0.604694
25.8 -0.951947
25.9 -0.60848
26 -0.700524
26.1 -3.11098
26.2 -2.35932
26.3 0.0585591
26.4 -3.7345
26.5 -7.47304
26.6 -6.25274
26.7 -1.09678
26.8 -0.349816
26.9 -2.8265
27 0.227331
27.1 -0.612125
27.2 -1.23528
27.3 -1.23435
27.4 -3.76592
27.5 -2.77644
27.6 -2.24783
27.7 -1.3208
27.8 1.61892
27.9 1.77508
28 1.47486
28.1 0.0524728
28.2 -1.28207
28.3 -0.999542
28.4 0.0841038
28.5 0.874125
28.6 -2.58347
28.7 -5.48087
28.8 -6.15502
28.9 -2.2272
29 -0.483573
29.1 -4.03665
29.2 -4.93454
29.3 -2.48005
29.4 0.137414
29.5 0.518236
29.6 0.514846
29.7 -0.542706
29.8 -3.41065
29.9 -6.81866
30 -10.5672
30.1 -11.0323
30.2 -14.3858
30.3 -16.631
30.4 -15.3701
30.5 -12.7518
30.6 -17.3024
30.7 -18.9904
30.8 -17.795
30.9 -16.5156
31 -13.354
31.1 -8.18661
31.2 -3.91292
31.3 -1.6481
31.4 5.82223
31.5 8.44577
31.6 11.4388
31.7 12.0691
31.8 12.1962
31.9 15.5445
32 13.6095
32.1 16.2858
32.2 14.6373
32.3 13.7494
32.4 9.92668
32.5 9.18934
32.6 9.22973
32.7 9.75271
32.8 10.3345
32.9 10.146
33 13.9678
33.1 19.2543
33.2 17.4956
33.3 15.4433
33.4 10.5908
33.5 14.629
33.6 11.7605
33.7 11.7507
33.8 13.1278
33.9 11.5311
34 11.9328
34.1 12.0842
34.2 12.6983
34.3 16.7727
34.4 16.2713
34.5 23.9816
34.6 26.4638
34.7 25.0357
34.8 21.2259
34.9 20.1686
35 23.4507
35.1 21.725
35.2 17.9385
35.3 14.596
35.4 15.4152
35.5 16.494
35.6 16.0366
35.7 14.9399
35.8 14.7891
35.9 15.0848
36 15.6234
36.1 16.6881
36.2 13.8191
36.3 14.1036
36.4 9.58062
36.5 10.2359
36.6 5.64632
36.7 9.55629
36.8 14.1265
36.9 13.979
37 13.1275
37.1 9.06295
37.2 7.62751
37.3 5.43079
37.4 6.66142
37.5 4.4095
37.6 7.75995
37.7 7.96623
37.8 5.95686
37.9 0.956882
38 1.05452
38.1 -0.403549
38.2 1.4775
38.3 -1.49976
38.4 -3.59746
38.5 -4.50489
38.6 -3.81184
38.7 -5.44578
38.8 -2.39981
38.9 -6.12105
39 -0.155037
39.1 -0.510049
39.2 3.53961
39.3 0.0765216
39.4 -0.768745
39.5 0.0476752
39.6 0.129784
39.7 4.49436
39.8 2.17566
39.9 3.56066
40 4.30517
40.1 3.06715
40.2 5.54169
40.3 6.82498
40.4 3.45305
40.5 2.69919
40.6 4.38228
40.7 4.9199
40.8 4.78925
40.9 2.92336
41 1.7105
41.1 -1.54466
41.2 -0.706912
41.3 -4.25808
41.4 -5.60609
41.5 -7.29126
41.6 -7.89255
41.7 -9.98643
41.8 -8.93863
41.9 -7.89072
42 -5.51317
42.1 -5.464
42.2 -2.08636
42.3 -0.40827
42.4 -1.02627
42.5 -4.46454
42.6 -1.41522
42.7 -1.97223
42.8 -1.91119
42.9 -2.99895
43 -0.86436
43.1 2.86382
43.2 2.6585
43.3 1.96769
43.4 0.442825
43.5 -0.877498
43.6 -0.655643
43.7 1.69403
43.8 4.40903
43.9 5.45108
44 6.8369
44.1 7.71464
44.2 7.80077
44.3 2.33262
44.4 2.85742
44.5 2.90048
44.6 5.22892
44.7 7.4057
44.8 8.10617
44.9 4.24312
45 2.51762
45.1 1.28873
45.2 2.50623
45.3 3.17449
45.4 2.18444
45.5 3.58759
45.6 2.98241
45.7 1.8214
45.8 -3.48398
45.9 -0.441884
46 -0.350123
46.1 0.367187
46.2 0.511674
46.3 -0.764818
46.4 -5.48702
46.5 -2.2404
46.6 -1.29107
46.7 -4.28741
46.8 -5.46061
46.9 -2.28468
47 -2.38434
47.1 -4.39962
47.2 2.07608
47.3 1.97291
47.4 -0.29538
47.5 -1.94753
47.6 -1.1015
47.7 -2.14174
47.8 -6.48893
47.9 -2.49184
48 1.09071
48.1 -1.68177
48.2 -1.50148
48.3 -0.512553
48.4 -1.65741
48.5 -2.05167
48.6 0.182686
48.7 2.92484
48.8 5.64004
48.9 5.56436
49 5.51808
49.1 5.21333
49.2 6.46036
49.3 6.90929
49.4 7.27705
49.5 3.63169
49.6 -0.1159
49.7 1.73756
49.8 1.58319
49.9 3.8017
