0 -0.302438
0.1 0.00651815
0.2 0.429274
0.3 0.0310041
0.4 -1.49924
0.5 -2.06295
0.6 -0.27597
0.7 1.77063
0.8 -1.06161
0.9 -2.91969
1 5.22588
1.1 -0.347507
1.2 1.6824
1.3 0.926108
1.4 0.230236
1.5 1.53402
1.6 2.0064
1.7 0.428552
1.8 2.52288
1.9 -1.02875
2 -2.47309
2.1 1.29104
2.2 -1.98766
2.3 -0.896281
2.4 -1.23749
2.5 1.59596
2.6 1.77874
2.7 0.378661
2.8 -0.172922
2.9 3.4459
3 -0.402511
3.1 0.151685
3.2 0.797619
3.3 -1.07784
3.4 2.45942
3.5 -0.496452
3.6 -2.44972
3.7 3.34634
3.8 0.180945
3.9 0.530229
4 -0.411493
4.1 1.68806
4.2 -1.92879
4.3 -0.435256
4.4 -2.38861
4.5 -3.47706
4.6 -0.472625
4.7 -1.60349
4.8 2.20273
4.9 0.146288
5 -1.17112
5.1 -0.67521
5.2 0.412998
5.3 -0.212179
5.4 -0.61405
5.5 -1.37078
5.6 1.67205
5.7 0.127731
5.8 -0.390885
5.9 0.519007
6 -1.96592
6.1 -0.907569
6.2 3.0633
6.3 -0.0726904
6.4 1.66949
6.5 1.89452
6.6 1.07392
6.7 -0.769368
6.8 0.445015
6.9 0.548132
7 -0.983937
7.1 0.418414
7.2 -0.805717
7.3 -0.182787
7.4 -0.021564
7.5 -1.88477
7.6 -4.48562
7.7 5.42618
7.8 2.49696
7.9 -1.54165
8 1.20262
8.1 0.200591
8.2 0.872307
8.3 -0.135876
8.4 3.09161
8.5 2.25236
8.6 -0.201294
8.7 2.04168
8.8 1.05077
8.9 -0.2056
9 -1.19901
9.1 1.02411
9.2 1.0236
9.3 -1.91885
9.4 -1.77525
9.5 -0.135955
9.6 -1.37461
9.7 0.0206628
9.8 0.727642
9.9 -1.25967
10 2.91324
10.1 0.739008
10.2 0.211977
10.3 -1.70014
10.4 -1.863
10.5 -0.0486679
10.6 1.71536
10.7 0.30998
10.8 -0.413981
10.9 -0.425213
11 -1.36247
11.1 1.61423
11.2 -2.02449
11.3 1.53676
11.4 -0.375681
11.5 2.61999
11.6 -0.0662815
11.7 0.260336
11.8 -1.85422
11.9 -0.613974
12 -1.47171
12.1 -0.458264
12.2 -0.468224
12.3 0.599244
12.4 -0.50105
12.5 -0.129491
12.6 -1.0685
12.7 -1.58271
12.8 2.12882
12.9 2.61379
13 0.480096
13.1 -1.29897
13.2 0.752072
13.3 -0.952396
13.4 0.379276
13.5 0.385916
13.6 -0.663559
13.7 -0.632767
13.8 0.507173
13.9 0.897344
14 -2.05759
14.1 -0.853936
14.2 -0.314278
14.3 0.704218
14.4 -1.79969
14.5 -0.959264
14.6 -1.55638
14.7 0.364066
14.8 -0.223567
14.9 -1.75043
15 0.20204
15.1 0.201646
15.2 -1.11686
15.3 0.202882
15.4 0.248187
15.5 -2.68478
15.6 -1.79209
15.7 -0.803324
15.8 -0.296988
15.9 1.86302
16 -1.49126
16.1 -1.33715
16.2 -1.34633
16.3 1.27637
16.4 0.491618
16.5 -0.316718
16.6 -0.329439
16.7 4.2933
16.8 1.89942
16.9 -0.465192
17 1.10479
17.1 -0.540848
17.2 0.529105
17.3 -0.426613
17.4 -2.01538
17.5 1.41536
17.6 0.295264
17.7 1.24064
17.8 1.90757
17.9 2.40592
18 0.444438
18.1 -0.233491
18.2 0.923335
18.3 0.482004
18.4 0.176252
18.5 -0.398928
18.6 -2.06199
18.7 -1.51039
18.8 4.43705
18.9 -0.331128
19 -1.34592
19.1 -0.0188224
19.2 -1.75602
19.3 -0.324332
19.4 -1.03531
19.5 -1.26433
19.6 1.72784
19.7 1.14723
19.8 0.961773
19.9 1.25701
20 0.0518515
20.1 1.04088
20.2 0.767607
20.3 -0.652071
20.4 0.381054
20.5 -0.280854
20.6 0.00132807
20.7 0.161363
20.8 -1.64617
20.9 -1.35429
21 0.145971
21.1 -0.464015
21.2 0.872431
21.3 0.968543
21.4 -0.680392
21.5 1.18351
21.6 1.6911
21.7 0.771435
21.8 -0.0568271
21.9 1.72098
22 1.67521
22.1 -1.89871
22.2 -1.18264
22.3 -1.7952
22.4 -0.812433
22.5 0.540768
22.6 2.43904
22.7 -0.873457
22.8 -2.38738
22.9 -1.44888
23 -1.10856
23.1 -1.60176
23.2 1.24609
23.3 2.44926
23.4 -0.112861
23.5 1.01316
23.6 -1.46669
23.7 -0.430402
23.8 -3.48676
23.9 -0.306323
24 0.130462
24.1 0.459251
24.2 -2.91641
24.3 0.855519
24.4 0.601636
24.5 -0.0194967
24.6 -1.26755
24.7 1.04499
24.8 -0.198395
24.9 0.157408
25 -0.633601
25.1 -1.37968
25.2 -1.11895
25.3 -1.96545
25.4 -3.77091
25.5 0.697662
25.6 1.74922
25.7 -1.97857
25.8 0.127169
25.9 -1.61958
26 -0.801091
26.1 0.0310845
26.2 -0.00627563
26.3 -1.30089
26.4 -0.507247
26.5 -0.57134
26.6 -1.94489
26.7 0.0484155
26.8 -1.22724
26.9 -0.32797
27 0.308498
27.1 -0.251628
27.2 -0.248955
27.3 0.231117
27.4 -1.0692
27.5 1.33555
27.6 -0.66256
27.7 -0.830197
27.8 -4.83647
27.9 2.26965
28 0.0452341
28.1 -0.267245
28.2 -1.03923
28.3 0.325467
28.4 -1.07976
28.5 -2.70049
28.6 -0.52942
28.7 0.0423216
28.8 0.515141
28.9 3.37996
29 -1.04458
29.1 -1.47059
29.2 -0.272578
29.3 1.67565
29.4 0.0422395
29.5 -0.859256
29.6 -1.75736
29.7 0.0533374
29.8 0.50567
29.9 -0.0340541
30 1.43307
30.1 0.0768146
30.2 -1.00406
30.3 -0.464575
30.4 0.0259408
30.5 -1.72363
30.6 1.30184
30.7 0.350913
30.8 -0.385189
30.9 5.32222
31 -1.96863
31.1 1.24786
31.2 1.04198
31.3 -0.0965314
31.4 0.782123
31.5 -0.205276
31.6 0.638487
31.7 -0.829284
31.8 -0.267533
31.9 0.444059
32 0.158064
32.1 0.691502
32.2 -2.54565
32.3 -0.836896
32.4 -0.0924022
32.5 0.54775
32.6 0.724559
32.7 0.0214317
32.8 -2.18586
32.9 2.68006
33 0.828026
33.1 -1.23406
33.2 0.151718
33.3 -0.135545
33.4 1.03882
33.5 -2.90713
33.6 1.72659
33.7 0.358663
33.8 -0.0687192
33.9 -1.22868
34 0.656017
34.1 -1.29386
34.2 -1.00963
34.3 -0.996745
34.4 0.754864
34.5 2.53643
34.6 0.918125
34.7 -0.206857
34.8 -0.485314
34.9 -1.59506
35 2.7702
35.1 2.45796
35.2 1.80247
35.3 -0.467103
35.4 -1.69572
35.5 -3.75738
35.6 2.75108
35.7 0.592879
35.8 1.18797
35.9 -0.753548
36 1.96964
36.1 -1.15683
36.2 1.88877
36.3 -1.5393
36.4 1.04599
36.5 1.28044
36.6 1.15718
36.7 1.28071
36.8 -1.39215
36.9 -1.23551
37 1.07574
37.1 0.609166
37.2 -0.592805
37.3 -0.0766171
37.4 0.61309
37.5 -0.47122
37.6 -0.456623
37.7 1.07207
37.8 0.105232
37.9 -1.14651
38 -5.04016
38.1 0.0488576
38.2 0.331768
38.3 -4.42018
38.4 2.61556
38.5 0.000419686
38.6 1.47913
38.7 -1.99195
38.8 0.931958
38.9 0.137663
39 -3.02066
39.1 3.37125
39.2 1.83306
39.3 2.47974
39.4 0.780499
39.5 0.0418607
39.6 -0.322529
39.7 -0.512531
39.8 0.310291
39.9 1.04659
40 1.06848
40.1 1.50992
40.2 -2.56065
40.3 2.18109
40.4 -0.0104092
40.5 0.454499
40.6 0.53711
40.7 0.189215
40.8 -0.631549
40.9 2.14968
41 0.440461
41.1 0.750888
41.2 0.129268
41.3 1.55672
41.4 0.695889
41.5 1.05878
41.6 -1.59359
41.7 2.56559
41.8 0.494095
41.9 -0.0284037
42 1.45891
42.1 -1.07406
42.2 -1.3703
42.3 0.748808
42.4 -1.28538
42.5 -0.307666
42.6 -0.218502
42.7 0.714411
42.8 -0.708614
42.9 1.08269
43 -0.599037
43.1 -0.0606552
43.2 0.240198
43.3 -0.258749
43.4 0.740294
43.5 2.63424
43.6 1.6568
43.7 1.12306
43.8 -0.701032
43.9 -2.36925
44 -2.77851
44.1 1.1749
44.2 2.49882
44.3 0.306877
44.4 -0.67621
44.5 -0.89179
44.6 0.202517
44.7 1.31388
44.8 -1.61513
44.9 -1.41671
45 -0.838771
45.1 -0.926007
45.2 -2.07199
45.3 0.398515
45.4 2.42044
45.5 -0.229802
45.6 -1.85718
45.7 -0.854662
45.8 -0.517281
45.9 0.371196
46 0.370984
46.1 1.59751
46.2 -1.0401
46.3 -1.21926
46.4 0.0013425
46.5 0.295921
46.6 0.0597739
46.7 0.174571
46.8 -3.27796
46.9 -0.370364
47 -0.789491
47.1 0.112473
47.2 -0.145185
47.3 -0.360273
47.4 0.332318
47.5 -0.893842
47.6 -0.259241
47.7 -2.08663
47.8 3.92904
47.9 0.0720844
48 2.47498
48.1 2.01435
48.2 2.51603
48.3 -0.753447
48.4 -1.34767
48.5 -0.965602
48.6 0.760499
48.7 1.03612
48.8 1.71567
48.9 -1.76095
49 -2.6275
49.1 2.53611
49.2 -1.46484
49.3 -0.115171
49.4 -0.716063
49.5 0.141228
49.6 0.356897
49.7 1.34761
49.8 0.211816
49.9 0.286542
