0 2.56013
0.1 -0.751284
0.2 -0.0674561
0.3 0.421727
0.4 -0.804811
0.5 0.242155
0.6 0.349924
0.7 0.321392
0.8 -0.793818
0.9 -0.58606
1 -0.218265
1.1 2.63756
1.2 2.32019
1.3 0.776226
1.4 3.29937
1.5 0.508487
1.6 1.37312
1.7 0.499888
1.8 0.615228
1.9 1.19104
2 -0.0656791
2.1 -1.48595
2.2 -0.946685
2.3 -1.6703
2.4 1.84594
2.5 -0.410445
2.6 -0.666157
2.7 -0.444323
2.8 -1.73208
2.9 -1.83718
3 -2.20171
3.1 0.693859
3.2 -0.965823
3.3 1.33385
3.4 -1.70152
3.5 -0.653248
3.6 -1.49181
3.7 0.896366
3.8 0.0363529
3.9 -0.832923
4 -0.121038
4.1 0.200463
4.2 0.248908
4.3 0.24564
4.4 -0.565679
4.5 1.29068
4.6 1.07886
4.7 0.878715
4.8 -1.0698
4.9 0.108984
5 -0.391026
5.1 -0.630008
5.2 -1.32678
5.3 1.89806
5.4 -1.13023
5.5 -0.656002
5.6 -0.201193
5.7 -0.638646
5.8 -0.670212
5.9 -0.72883
6 0.625317
6.1 -1.36319
6.2 1.10878
6.3 -0.487663
6.4 -1.98688
6.5 0.0825788
6.6 0.291855
6.7 1.95637
6.8 0.470212
6.9 1.44152
7 -0.427468
7.1 0.661111
7.2 0.678816
7.3 -0.852297
7.4 -0.344446
7.5 1.84697
7.6 0.626564
7.7 1.28822
7.8 0.81868
7.9 2.08387
8 1.47691
8.1 -0.972342
8.2 0.31483
8.3 -1.40928
8.4 -1.10075
8.5 0.1986
8.6 -1.54448
8.7 0.0502279
8.8 0.0761821
8.9 -3.53614
9 -1.80741
9.1 -2.2889
9.2 -1.14595
9.3 1.43871
9.4 -0.215069
9.5 1.18767
9.6 -1.60605
9.7 -0.33794
9.8 0.312372
9.9 1.05818
10 -1.91004
10.1 -0.112351
10.2 -0.753535
10.3 0.42093
10.4 0.338543
10.5 1.81481
10.6 -1.88211
10.7 -0.244093
10.8 2.40097
10.9 -1.04725
11 -0.550928
11.1 0.505025
11.2 -0.909415
11.3 -1.43838
11.4 1.54529
11.5 0.911876
11.6 -0.168689
11.7 0.147416
11.8 1.7316
11.9 -0.922403
12 -0.831518
12.1 -0.223498
12.2 1.01861
12.3 -0.374875
12.4 -0.667089
12.5 -0.463253
12.6 -0.274118
12.7 2.56593
12.8 1.85929
12.9 1.0859
13 -0.626891
13.1 0.514062
13.2 -0.3815
13.3 -0.217985
13.4 0.864174
13.5 -0.500618
13.6 1.04988
13.7 2.00769
13.8 -1.15961
13.9 0.945442
14 1.64784
14.1 -0.0467131
14.2 -0.104104
14.3 -0.20163
14.4 -0.618551
14.5 -1.29647
14.6 -1.98394
14.7 0.146218
14.8 0.949767
14.9 1.47035
15 0.976605
15.1 -0.0445096
15.2 0.025177
15.3 -1.0618
15.4 1.15264
15.5 1.00593
15.6 2.76058
15.7 1.13405
15.8 -1.1416
15.9 0.0792867
16 0.739554
16.1 0.875349
16.2 -0.982469
16.3 -0.684335
16.4 2.12883
16.5 0.0796222
16.6 -0.885795
16.7 1.40926
16.8 -0.872581
16.9 0.34468
17 -0.723788
17.1 -2.27264
17.2 0.282209
17.3 0.544048
17.4 1.51295
17.5 0.943634
17.6 -0.707512
17.7 0.17183
17.8 0.698287
17.9 -1.99787
18 0.338557
18.1 0.235523
18.2 -0.52875
18.3 -3.76731
18.4 -0.491656
18.5 -0.0457437
18.6 -1.34847
18.7 -3.01688
18.8 -0.440891
18.9 2.38394
19 -0.862652
19.1 -0.16804
19.2 1.05132
19.3 -0.251892
19.4 -1.28217
19.5 -1.08354
19.6 1.15617
19.7 1.60818
19.8 -0.112572
19.9 -0.56694
20 0.487973
20.1 -0.0385875
20.2 1.03037
20.3 0.042777
20.4 0.480226
20.5 -0.537145
20.6 -0.876523
20.7 1.30416
20.8 -1.28221
20.9 -0.0290118
21 -0.0263793
21.1 2.40828
21.2 -0.175172
21.3 0.715183
21.4 -0.0151535
21.5 -1.42292
21.6 -2.26816
21.7 1.438
21.8 0.470611
21.9 1.01932
22 0.764503
22.1 1.4525
22.2 1.28617
22.3 0.450113
22.4 -0.522401
22.5 -0.855234
22.6 0.597763
22.7 1.97727
22.8 -0.934027
22.9 -0.933093
23 -1.177
23.1 -0.703906
23.2 -1.17769
23.3 0.487567
23.4 -0.164382
23.5 1.29539
23.6 1.27393
23.7 0.109966
23.8 -0.750929
23.9 0.507956
24 1.10528
24.1 0.744629
24.2 0.739046
24.3 1.47508
24.4 -1.13243
24.5 -1.54141
24.6 -0.940797
24.7 0.257127
24.8 -0.0383672
24.9 -1.6288
25 -0.383322
25.1 0.902925
25.2 -1.11092
25.3 0.600292
25.4 -0.314934
25.5 -0.592919
25.6 0.74208
25.7 -1.1216
25.8 -0.986512
25.9 -0.43846
26 1.98686
26.1 -1.96141
26.2 -0.421662
26.3 0.757876
26.4 2.91977
26.5 0.414154
26.6 1.03929
26.7 -0.51862
26.8 0.984464
26.9 -0.0549596
27 -0.524225
27.1 -0.622319
27.2 0.98966
27.3 -1.80684
27.4 -1.65149
27.5 0.76416
27.6 -0.794383
27.7 -0.281422
27.8 0.90222
27.9 -0.759409
28 -1.7903
28.1 -0.222608
28.2 1.70299
28.3 0.945468
28.4 -0.863013
28.5 -0.151144
28.6 0.726339
28.7 0.286216
28.8 -0.277477
28.9 0.495669
29 0.298864
29.1 0.117161
29.2 -1.01381
29.3 0.76214
29.4 1.06099
29.5 0.259995
29.6 1.16415
29.7 -1.12119
29.8 -0.442988
29.9 -0.879136
30 -0.36473
30.1 1.50489
30.2 0.508515
30.3 -0.664551
30.4 1.35385
30.5 1.46469
30.6 0.78904
30.7 -0.724049
30.8 -0.560324
30.9 -1.58124
31 -1.04545
31.1 1.40413
31.2 -0.160871
31.3 -0.911037
31.4 0.0800488
31.5 0.152078
31.6 -0.73342
31.7 0.729332
31.8 0.616013
31.9 -0.488182
32 1.57305
32.1 -0.130221
32.2 -0.377352
32.3 0.193208
32.4 0.707276
32.5 1.79171
32.6 1.87759
32.7 0.864778
32.8 0.989688
32.9 0.951785
33 0.330119
33.1 0.506283
33.2 1.12609
33.3 1.02121
33.4 -0.436617
33.5 0.445233
33.6 0.662095
33.7 -0.637906
33.8 0.929894
33.9 -0.488818
34 0.0287608
34.1 -0.295568
34.2 -1.49659
34.3 2.29929
34.4 -0.983396
34.5 2.44071
34.6 -1.47194
34.7 1.71691
34.8 -0.924922
34.9 -0.19095
35 -0.518282
35.1 -1.59075
35.2 1.75603
35.3 0.661032
35.4 -0.169728
35.5 -2.35144
35.6 -1.02795
35.7 -2.62287
35.8 -0.130836
35.9 -1.98794
36 0.95575
36.1 -1.20707
36.2 0.57803
36.3 0.0633621
36.4 1.81373
36.5 -0.00580605
36.6 0.349933
36.7 -0.373178
36.8 0.722282
36.9 1.55381
37 -0.198021
37.1 1.31015
37.2 -0.559799
37.3 0.719871
37.4 -0.164698
37.5 -1.91822
37.6 -1.0949
37.7 0.591265
37.8 -3.32809
37.9 -0.076912
38 -0.883446
38.1 0.125061
38.2 0.604437
38.3 -0.142804
38.4 -0.236983
38.5 0.664462
38.6 -0.668671
38.7 -1.37577
38.8 -0.405996
38.9 0.374891
39 -1.12459
39.1 -0.20958
39.2 -2.61591
39.3 -0.24999
39.4 -1.19472
39.5 2.88563
39.6 0.0453393
39.7 0.572225
39.8 -1.83813
39.9 0.570865
40 0.964295
40.1 1.91011
40.2 -0.0232451
40.3 -1.36562
40.4 -0.227836
40.5 -0.664063
40.6 -0.383806
40.7 1.0025
40.8 -0.240004
40.9 0.239018
41 -1.14335
41.1 0.9276
41.2 1.97528
41.3 0.649707
41.4 -0.807912
41.5 -0.738307
41.6 -2.55277
41.7 0.584633
41.8 -1.43447
41.9 0.192805
42 -1.54509
42.1 0.132652
42.2 -0.191068
42.3 -0.943364
42.4 -1.36172
42.5 -1.54623
42.6 -0.731897
42.7 -0.0105748
42.8 0.301674
42.9 0.929564
43 0.569706
43.1 -0.876874
43.2 -0.391712
43.3 -2.62651
43.4 -1.09643
43.5 1.78068
43.6 -0.865866
43.7 -0.0889164
43.8 1.21275
43.9 0.567285
44 1.24546
44.1 1.65394
44.2 -0.610324
44.3 -0.0752379
44.4 -0.0271354
44.5 1.17614
44.6 -0.292254
44.7 -0.726181
44.8 -0.751953
44.9 -2.17406
45 2.34097
45.1 0.616875
45.2 0.584275
45.3 1.04871
45.4 0.489982
45.5 -0.320561
45.6 -0.334666
45.7 -0.280701
45.8 1.84751
45.9 1.30858
46 -0.95005
46.1 -0.393967
46.2 2.51968
46.3 0.31411
46.4 -1.17286
46.5 0.335547
46.6 -1.18796
46.7 -0.583237
46.8 -0.756708
46.9 0.203041
47 0.114827
47.1 0.0106282
47.2 -0.591283
47.3 1.18459
47.4 0.949762
47.5 0.193303
47.6 -0.559752
47.7 0.449079
47.8 -1.15078
47.9 -1.14263
48 -0.319476
48.1 0.73087
48.2 -1.57194
48.3 -0.100937
48.4 -1.57718
48.5 -0.793119
48.6 0.199293
48.7 -0.271309
48.8 0.890745
48.9 -1.62023
49 -0.658514
49.1 -1.28757
49.2 -1.3361
49.3 1.54032
49.4 -0.418421
49.5 0.135389
49.6 0.0948462
49.7 -0.913272
49.8 2.08304
49.9 0.694597
