0 -2.07031
0.1 -0.164102
0.2 0.284546
0.3 1.40862
0.4 -1.13854
0.5 -0.815715
0.6 -0.458292
0.7 2.91884
0.8 1.97244
0.9 -1.53206
1 -0.595596
1.1 -1.15797
1.2 -1.50599
1.3 -0.298144
1.4 0.686858
1.5 -1.2863
1.6 -0.701142
1.7 -0.160004
1.8 -0.0696502
1.9 0.0246383
2 0.648469
2.1 1.0639
2.2 -0.586002
2.3 0.867842
2.4 1.65365
2.5 0.232219
2.6 0.328199
2.7 0.236162
2.8 -0.565801
2.9 1.29142
3 0.0996236
3.1 0.0596726
3.2 0.882392
3.3 -0.381486
3.4 -0.265076
3.5 0.277223
3.6 0.933836
3.7 2.37063
3.8 -0.333496
3.9 -0.167066
4 -1.57228
4.1 0.65687
4.2 -0.999886
4.3 -0.881819
4.4 -0.23867
4.5 -0.731184
4.6 -1.40211
4.7 0.317749
4.8 -1.92663
4.9 0.314516
5 2.03705
5.1 0.716277
5.2 -1.47688
5.3 -0.0175408
5.4 0.564265
5.5 1.20676
5.6 -1.40148
5.7 -1.35262
5.8 0.624074
5.9 -1.04828
6 1.05834
6.1 0.378681
6.2 0.775228
6.3 -0.144272
6.4 -0.047469
6.5 0.259633
6.6 -1.83245
6.7 -1.5966
6.8 1.648
6.9 0.799906
7 1.05464
7.1 0.97189
7.2 -1.23375
7.3 -1.93518
7.4 -1.12946
7.5 0.154029
7.6 0.82615
7.7 -0.742487
7.8 0.103627
7.9 1.03958
8 -0.955936
8.1 -0.907821
8.2 1.0353
8.3 0.581452
8.4 0.810574
8.5 1.12922
8.6 -0.147692
8.7 0.0873261
8.8 -0.459556
8.9 -1.66688
9 -1.81799
9.1 -1.83532
9.2 -0.491913
9.3 1.93816
9.4 0.689587
9.5 -0.221317
9.6 0.388859
9.7 -1.12508
9.8 1.65987
9.9 2.34538
10 -1.8096
10.1 0.504177
10.2 -0.224566
10.3 -1.68669
10.4 1.25044
10.5 -1.58847
10.6 0.550071
10.7 -0.372766
10.8 0.411729
10.9 0.340933
11 0.350863
11.1 -2.00046
11.2 -0.378117
11.3 0.98973
11.4 0.182099
11.5 0.253704
11.6 -0.45586
11.7 1.0585
11.8 0.245214
11.9 0.100896
12 -0.485105
12.1 2.34827
12.2 0.0852116
12.3 -0.799195
12.4 1.96382
12.5 0.207881
12.6 0.0520999
12.7 1.98608
12.8 -0.259321
12.9 0.0887033
13 1.18491
13.1 0.14896
13.2 -0.727804
13.3 -0.832317
13.4 -2.62719
13.5 -2.45168
13.6 -1.56124
13.7 0.147072
13.8 -1.17997
13.9 -0.26557
14 -0.128471
14.1 -0.813514
14.2 -0.155262
14.3 0.201999
14.4 -0.0381233
14.5 0.497675
14.6 -0.789574
14.7 0.215968
14.8 0.571422
14.9 -0.381967
15 -0.338232
15.1 -0.282835
15.2 0.516128
15.3 0.894283
15.4 1.46237
15.5 0.618404
15.6 -1.30634
15.7 -1.71916
15.8 -0.47318
15.9 0.441922
16 2.96947
16.1 -0.909507
16.2 2.51079
16.3 1.66905
16.4 -0.876752
16.5 0.19854
16.6 -1.18514
16.7 -0.571575
16.8 0.0558496
16.9 0.585458
17 0.444342
17.1 0.87017
17.2 -0.863356
17.3 -0.022279
17.4 0.773231
17.5 -0.336504
17.6 0.902112
17.7 -0.520566
17.8 3.16621
17.9 2.1287
18 0.872212
18.1 0.56127
18.2 -0.19757
18.3 -1.40351
18.4 0.0737128
18.5 -0.426513
18.6 0.784361
18.7 -0.927508
18.8 0.0813787
18.9 -0.608077
19 -0.13843
19.1 -1.21757
19.2 -0.234294
19.3 -0.331001
19.4 -0.96393
19.5 -0.471169
19.6 0.670369
19.7 1.82605
19.8 0.525728
19.9 0.567463
20 -0.814699
20.1 -2.81717
20.2 0.643486
20.3 -0.894813
20.4 -2.65734
20.5 1.14765
20.6 -0.582359
20.7 -0.772085
20.8 0.745581
20.9 -0.313622
21 -0.22249
21.1 0.455911
21.2 -0.456265
21.3 0.846157
21.4 -0.653716
21.5 -0.419103
21.6 0.812662
21.7 -1.38211
21.8 0.665969
21.9 -0.885692
22 1.70315
22.1 -0.793102
22.2 -0.592876
22.3 -1.26456
22.4 -0.560353
22.5 -1.07853
22.6 0.0838937
22.7 -0.3415
22.8 1.93371
22.9 -0.827071
23 -0.0919236
23.1 -0.707285
23.2 -0.796335
23.3 -0.258707
23.4 2.36636
23.5 -0.470777
23.6 0.562669
23.7 1.0189
23.8 -0.517643
23.9 0.549682
24 -1.61424
24.1 -0.568834
24.2 0.574077
24.3 -0.161962
24.4 -1.19361
24.5 -1.52363
24.6 1.16111
24.7 0.357904
24.8 -0.459629
24.9 0.0547943
25 -2.17236
25.1 0.44257
25.2 1.13046
25.3 -0.477367
25.4 0.204227
25.5 0.993652
25.6 -0.950242
25.7 1.04542
25.8 -0.100851
25.9 0.779125
26 0.392477
26.1 0.326993
26.2 0.669044
26.3 1.16394
26.4 0.195049
26.5 -2.75775
26.6 1.04658
26.7 0.768165
26.8 0.213983
26.9 -2.39777
27 0.615469
27.1 0.768226
27.2 -2.06374
27.3 -0.915006
27.4 2.30994
27.5 -0.578371
27.6 0.17184
27.7 1.22284
27.8 -1.4248
27.9 -1.12797
28 0.335202
28.1 -0.463795
28.2 0.961301
28.3 0.368154
28.4 0.844868
28.5 0.755385
28.6 -2.16536
28.7 2.49862
28.8 -0.893837
28.9 -0.348467
29 -0.437738
29.1 -1.14992
29.2 1.84537
29.3 0.57938
29.4 -1.66577
29.5 1.88989
29.6 -0.833399
29.7 0.789976
29.8 -0.231773
29.9 1.16876
30 -4.00993
30.1 0.544854
30.2 0.758089
30.3 0.294381
30.4 0.34348
30.5 -0.0800578
30.6 1.30153
30.7 1.23434
30.8 -0.769055
30.9 0.132197
31 1.01139
31.1 -2.11581
31.2 -1.41592
31.3 0.686989
31.4 0.502483
31.5 1.78749
31.6 -0.526454
31.7 0.693898
31.8 1.49556
31.9 0.395122
32 0.591788
32.1 -1.69471
32.2 1.73961
32.3 0.601154
32.4 -1.33193
32.5 -1.25544
32.6 0.0995642
32.7 -1.21855
32.8 0.472502
32.9 0.557293
33 0.180834
33.1 0.585494
33.2 0.171967
33.3 1.59021
33.4 -0.543381
33.5 -0.243357
33.6 1.84504
33.7 -0.392102
33.8 -0.825778
33.9 -0.759704
34 -0.885254
34.1 -3.06815
34.2 -0.510481
34.3 1.1332
34.4 0.416732
34.5 -1.33926
34.6 -0.052331
34.7 -0.98503
34.8 0.210344
34.9 -1.00518
35 0.134254
35.1 -0.0495645
35.2 2.49962
35.3 1.98113
35.4 0.0451601
35.5 -0.483165
35.6 1.61375
35.7 0.623395
35.8 -0.0463411
35.9 -0.604985
36 0.968192
36.1 0.115345
36.2 -0.955324
36.3 -0.532332
36.4 -0.464793
36.5 -0.111416
36.6 -0.387297
36.7 -2.05397
36.8 -0.528556
36.9 -0.61749
37 0.206178
37.1 -1.5161
37.2 0.522519
37.3 -0.0306356
37.4 0.538444
37.5 0.913216
37.6 0.293995
37.7 1.48371
37.8 -1.02358
37.9 0.909499
38 0.985625
38.1 0.497934
38.2 2.36234
38.3 1.05029
38.4 0.595242
38.5 1.49594
38.6 -0.531558
38.7 -0.656746
38.8 1.00827
38.9 0.298717
39 -1.53227
39.1 1.77571
39.2 -2.22331
39.3 -0.860625
39.4 1.18228
39.5 -1.57254
39.6 0.102317
39.7 -0.218749
39.8 0.256972
39.9 -0.326557
40 1.68461
40.1 0.686747
40.2 0.153305
40.3 1.01525
40.4 -3.17321
40.5 0.973943
40.6 1.54116
40.7 1.53846
40.8 -2.25615
40.9 0.637547
41 -1.37187
41.1 -2.1399
41.2 -1.19361
41.3 1.18002
41.4 -0.977065
41.5 0.736587
41.6 -1.46358
41.7 1.00634
41.8 0.431837
41.9 0.822488
42 -0.596877
42.1 1.88356
42.2 0.316138
42.3 -1.58907
42.4 -1.29306
42.5 0.148473
42.6 -0.162952
42.7 0.0128844
42.8 0.0151144
42.9 1.7405
43 -0.214062
43.1 -0.0301105
43.2 2.89344
43.3 0.216269
43.4 0.222656
43.5 -0.628611
43.6 -0.269474
43.7 -0.945137
43.8 -0.0743579
43.9 0.770013
44 0.336702
44.1 -0.154727
44.2 -1.27495
44.3 -1.26624
44.4 -1.12572
44.5 -0.998007
44.6 -0.0549255
44.7 0.707186
44.8 1.02927
44.9 -0.176124
45 0.382234
45.1 -1.7934
45.2 -0.000542083
45.3 -1.47859
45.4 1.17777
45.5 -1.73655
45.6 -0.431216
45.7 -0.585217
45.8 -0.606346
45.9 2.25329
46 -0.355326
46.1 0.229449
46.2 -0.304462
46.3 0.170865
46.4 0.166993
46.5 1.20508
46.6 -0.195991
46.7 -0.163496
46.8 2.12283
46.9 -0.444558
47 -0.546061
47.1 1.24579
47.2 1.32532
47.3 0.352552
47.4 0.0614084
47.5 0.854066
47.6 -0.261929
47.7 0.643967
47.8 1.00009
47.9 -2.25675
48 -1.2471
48.1 0.599772
48.2 -1.66837
48.3 1.35792
48.4 1.12255
48.5 0.681284
48.6 -0.0430117
48.7 -0.675749
48.8 1.93465
48.9 -0.624316
49 0.682912
49.1 -0.562114
49.2 1.34732
49.3 -0.0490162
49.4 0.0664179
49.5 1.87725
49.6 0.300553
49.7 -0.0376614
49.8 -1.07583
49.9 -3.6926
