0 4.01264
0.1 6.25126
0.2 7.70422
0.3 5.79307
0.4 3.04895
0.5 3.79259
0.6 6.69531
0.7 5.56866
0.8 3.445
0.9 4.03151
1 6.46845
1.1 3.16869
1.2 5.14736
1.3 7.53616
1.4 5.03208
1.5 6.8648
1.6 8.93316
1.7 10.393
1.8 11.6612
1.9 13.5051
2 14.5519
2.1 14.4137
2.2 12.8838
2.3 11.8821
2.4 10.3105
2.5 9.0966
2.6 8.99884
2.7 8.96875
2.8 15.3327
2.9 15.5867
3 19.4843
3.1 15.6871
3.2 20.0157
3.3 17.9116
3.4 18.5324
3.5 14.1419
3.6 15.2679
3.7 16.0651
3.8 15.577
3.9 16.9038
4 15.5497
4.1 17.2141
4.2 16.6919
4.3 17.3031
4.4 15.3389
4.5 13.6929
4.6 15.8172
4.7 18.5542
4.8 19.7689
4.9 15.0072
5 15.7534
5.1 12.5159
5.2 9.75423
5.3 13.0087
5.4 14.148
5.5 15.2235
5.6 16.3492
5.7 16.9568
5.8 19.3177
5.9 19.5704
6 17.2561
6.1 22.0032
6.2 21.6302
6.3 22.8147
6.4 23.0269
6.5 20.1061
6.6 18.879
6.7 19.324
6.8 20.167
6.9 19.4844
7 18.0859
7.1 16.4142
7.2 17.9179
7.3 15.437
7.4 17.3903
7.5 16.4009
7.6 17.3095
7.7 20.9853
7.8 24.318
7.9 19.8081
8 21.0182
8.1 19.4298
8.2 17.5149
8.3 18.6956
8.4 19.7113
8.5 21.6177
8.6 21.5503
8.7 21.4962
8.8 19.0722
8.9 19.9389
9 16.6412
9.1 16.7382
9.2 18.4807
9.3 22.9953
9.4 27.1322
9.5 27.8797
9.6 27.176
9.7 26.4721
9.8 25.989
9.9 26.3349
10 28.3572
10.1 26.2145
10.2 28.5104
10.3 27.6876
10.4 31.6309
10.5 32.8136
10.6 30.8681
10.7 33.9317
10.8 38.23
10.9 39.031
11 42.0069
11.1 39.5216
11.2 38.9542
11.3 39.4834
11.4 36.2899
11.5 39.4045
11.6 42.1424
11.7 40.6739
11.8 44.8906
11.9 45.8236
12 49.4132
12.1 50.0209
12.2 49.9466
12.3 51.0861
12.4 53.0676
12.5 55.0586
12.6 55.791
12.7 52.0014
12.8 50.2908
12.9 51.3957
13 51.8403
13.1 50.1587
13.2 50.1013
13.3 48.7766
13.4 50.1253
13.5 45.9152
13.6 45.6913
13.7 42.0465
13.8 37.4928
13.9 34.4916
14 32.2039
14.1 28.5833
14.2 31.7622
14.3 33.3326
14.4 34.1837
14.5 34.2863
14.6 34.6196
14.7 35.3629
14.8 35.0978
14.9 36.088
15 35.2826
15.1 32.4329
15.2 31.9584
15.3 29.9174
15.4 31.1617
15.5 33.378
15.6 29.1508
15.7 26.2163
15.8 23.8492
15.9 22.6734
16 22.6011
16.1 23.8757
16.2 22.1107
16.3 21.6259
16.4 20.4246
16.5 20.8243
16.6 22.6731
16.7 19.5965
16.8 24.1233
16.9 23.185
17 24.2179
17.1 21.8443
17.2 16.8807
17.3 19.9828
17.4 15.6705
17.5 14.8378
17.6 15.0767
17.7 10.8528
17.8 10.4826
17.9 9.72297
18 8.81092
18.1 8.20547
18.2 5.49166
18.3 1.49155
18.4 0.20661
18.5 -0.738084
18.6 -4.99573
18.7 -0.0818784
18.8 -1.22957
18.9 0.921229
19 0.661181
19.1 3.06266
19.2 2.20251
19.3 2.46154
19.4 4.68007
19.5 5.73587
19.6 1.29641
19.7 1.34665
19.8 -1.94346
19.9 -3.38712
20 -3.20865
20.1 -1.72995
20.2 0.0169566
20.3 4.12056
20.4 7.18044
20.5 7.26193
20.6 5.02133
20.7 3.02237
20.8 3.05071
20.9 4.18329
21 1.66707
21.1 2.89623
21.2 -1.48343
21.3 -5.71684
21.4 -6.16939
21.5 -7.36146
21.6 -10.6798
21.7 -11.6232
21.8 -10.0338
21.9 -10.3066
22 -14.7837
22.1 -15.0381
22.2 -16.9435
22.3 -12.6766
22.4 -9.54241
22.5 -8.56688
22.6 -8.7151
22.7 -7.98743
22.8 -9.40295
22.9 -10.4549
23 -11.8921
23.1 -9.58502
23.2 -10.97
23.3 -9.23261
23.4 -13.1287
23.5 -12.71
23.6 -13.259
23.7 -16.4813
23.8 -12.3635
23.9 -13.5472
24 -12.9153
24.1 -8.81176
24.2 -9.61381
24.3 -11.8118
24.4 -13.5013
24.5 -11.3512
24.6 -10.7099
24.7 -7.49374
24.8 -6.74168
24.9 -8.90197
25 -8.36726
25.1 -9.90361
25.2 -8.96184
25.3 -9.31311
25.4 -8.21984
25.5 -5.51908
25.6 -3.47809
25.7 -5.21624
25.8 0.396118
25.9 -5.71452
26 -4.55063
26.1 -3.53143
26.2 -4.25911
26.3 -2.14411
26.4 -5.05675
26.5 -2.36501
26.6 -2.59359
26.7 -4.812
26.8 -3.25683
26.9 -4.85851
27 -5.43559
27.1 -7.5463
27.2 -8.34123
27.3 -7.33414
27.4 -6.56514
27.5 -8.36231
27.6 -10.1401
27.7 -11.8546
27.8 -11.0433
27.9 -9.76081
28 -10.8718
28.1 -13.5784
28.2 -12.2635
28.3 -12.5734
28.4 -10.5993
28.5 -11.5611
28.6 -12.0893
28.7 -8.13499
28.8 -9.73991
28.9 -8.12036
29 -8.40396
29.1 -7.14304
29.2 -5.78732
29.3 -7.98812
29.4 -10.7586
29.5 -12.4177
29.6 -10.6814
29.7 -5.65875
29.8 -6.71114
29.9 -8.30425
30 -8.12176
30.1 -11.0837
30.2 -11.9084
30.3 -10.9763
30.4 -13.2315
30.5 -12.9524
30.6 -13.6049
30.7 -15.8579
30.8 -18.0135
30.9 -20.0656
31 -18.3182
31.1 -18.2068
31.2 -14.1038
31.3 -10.4353
31.4 -11.4773
31.5 -11.4344
31.6 -7.62396
31.7 -9.63428
31.8 -5.86427
31.9 -7.53988
32 -7.28422
32.1 -4.88351
32.2 -2.77477
32.3 -1.68585
32.4 -4.26151
32.5 -2.53692
32.6 -1.38278
32.7 -3.70965
32.8 -6.59923
32.9 -5.48013
33 -5.29016
33.1 -4.3066
33.2 -6.43159
33.3 -7.36426
33.4 -3.45062
33.5 -5.80223
33.6 -5.69095
33.7 -3.78058
33.8 -4.348
33.9 -3.66359
34 -5.53761
34.1 -4.48836
34.2 -6.2973
34.3 -11.046
34.4 -12.0519
34.5 -12.6031
34.6 -12.7222
34.7 -14.6834
34.8 -16.9214
34.9 -19.426
35 -21.6212
35.1 -22.5085
35.2 -25.8656
35.3 -24.9149
35.4 -25.7934
35.5 -26.4792
35.6 -28.5482
35.7 -27.0849
35.8 -27.2538
35.9 -28.7147
36 -28.8424
36.1 -28.6346
36.2 -29.2857
36.3 -27.3527
36.4 -27.8258
36.5 -26.9868
36.6 -25.9249
36.7 -26.4068
36.8 -23.9667
36.9 -19.7707
37 -20.0263
37.1 -17.585
37.2 -14.8343
37.3 -16.8493
37.4 -15.2216
37.5 -15.4098
37.6 -16.2897
37.7 -18.469
37.8 -16.8451
37.9 -15.9519
38 -13.9891
38.1 -14.1219
38.2 -16.8992
38.3 -19.1804
38.4 -21.1483
38.5 -23.5045
38.6 -21.9713
38.7 -24.7371
38.8 -24.1034
38.9 -24.7009
39 -27.129
39.1 -26.5506
39.2 -24.9686
39.3 -24.2164
39.4 -27.7051
39.5 -27.3669
39.6 -23.9297
39.7 -20.2626
39.8 -21.2278
39.9 -16.9892
40 -17.3006
40.1 -18.4984
40.2 -16.6101
40.3 -15.6038
40.4 -16.2066
40.5 -17.8334
40.6 -16.9184
40.7 -18.9425
40.8 -21.3984
40.9 -22.2424
41 -19.7723
41.1 -21.0218
41.2 -26.5917
41.3 -27.0343
41.4 -30.4678
41.5 -34.511
41.6 -32.5171
41.7 -32.3001
41.8 -31.144
41.9 -30.2607
42 -31.9914
42.1 -29.6078
42.2 -26.6169
42.3 -29.1514
42.4 -30.5439
42.5 -31.3778
42.6 -27.9423
42.7 -29.4095
42.8 -31.716
42.9 -32.3752
43 -35.5894
43.1 -32.4279
43.2 -32.7781
43.3 -34.4056
43.4 -34.3761
43.5 -34.4056
43.6 -35.0823
43.7 -35.1963
43.8 -33.7207
43.9 -32.3584
44 -29.3028
44.1 -31.625
44.2 -30.0076
44.3 -30.158
44.4 -28.5137
44.5 -31.1429
44.6 -32.8296
44.7 -33.1878
44.8 -34.4054
44.9 -29.5335
45 -28.978
45.1 -28.6785
45.2 -26.5297
45.3 -25.1408
45.4 -24.353
45.5 -21.9121
45.6 -21.0751
45.7 -17.0315
45.8 -14.4531
45.9 -16.4466
46 -14.0323
46.1 -16.1785
46.2 -9.10774
46.3 -11.9974
46.4 -10.5064
46.5 -8.75576
46.6 -11.9899
46.7 -10.2866
46.8 -10.0137
46.9 -11.9689
47 -11.7664
47.1 -13.2112
47.2 -14.9046
47.3 -12.2141
47.4 -11.6711
47.5 -13.0545
47.6 -14.2598
47.7 -13.783
47.8 -11.047
47.9 -11.7198
48 -10.91
48.1 -8.63342
48.2 -5.0665
48.3 -4.66652
48.4 -6.8359
48.5 -5.27911
48.6 -1.75267
48.7 -2.59369
48.8 -0.724528
48.9 -5.24828
49 -5.73119
49.1 -6.55477
49.2 -6.53152
49.3 -3.73203
49.4 -2.67136
49.5 -0.272037
49.6 -4.33939
49.7 -0.406433
49.8 0.657556
49.9 0.387872
