0 -1.13073
0.1 2.73911
0.2 1.34979
0.3 4.41421
0.4 5.40084
0.5 4.06771
0.6 5.91997
0.7 5.03588
0.8 2.91288
0.9 3.69104
1 2.56995
1.1 3.76609
1.2 0.500515
1.3 1.27948
1.4 -2.70725
1.5 -1.12523
1.6 1.32404
1.7 0.789015
1.8 -3.77682
1.9 -7.30006
2 -4.24897
2.1 -6.55398
2.2 4.68292
2.3 3.48387
2.4 3.51867
2.5 0.521844
2.6 -0.381998
2.7 1.77556
2.8 -0.918543
2.9 -1.30514
3 0.0616373
3.1 -0.20502
3.2 -1.49461
3.3 -1.48241
3.4 -1.13942
3.5 -2.33731
3.6 -5.41695
3.7 6.59502
3.8 -1.39703
3.9 2.17249
4 4.34839
4.1 3.33757
4.2 1.0408
4.3 2.03241
4.4 -0.14167
4.5 1.71496
4.6 -0.42391
4.7 -3.19392
4.8 4.12407
4.9 0.716805
5 0.164804
5.1 -4.01641
5.2 0.374231
5.3 -1.61104
5.4 -2.12055
5.5 -2.19935
5.6 -0.65378
5.7 -1.39109
5.8 -0.686902
5.9 -0.893104
6 -8.8271
6.1 1.78433
6.2 0.78983
6.3 1.86218
6.4 -0.571291
6.5 2.85886
6.6 2.01114
6.7 1.0297
6.8 -0.215958
6.9 -5.03374
7 -4.4174
7.1 -3.34122
7.2 -3.71285
7.3 -5.41915
7.4 -1.43236
7.5 -2.14703
7.6 -4.29861
7.7 0.888576
7.8 1.08772
7.9 1.39297
8 2.61208
8.1 0.380344
8.2 1.14882
8.3 0.870048
8.4 1.43751
8.5 2.88543
8.6 2.04617
8.7 0.720164
8.8 0.729702
8.9 1.21985
9 -1.79926
9.1 2.71636
9.2 0.426268
9.3 -1.33309
9.4 1.49344
9.5 2.24405
9.6 5.11545
9.7 4.97329
9.8 7.15224
9.9 3.26859
10 0.494903
10.1 0.143031
10.2 -2.18917
10.3 -0.774732
10.4 -2.12153
10.5 2.36468
10.6 0.286368
10.7 0.819616
10.8 1.40227
10.9 -1.16733
11 2.04572
11.1 0.258219
11.2 -1.2796
11.3 2.45298
11.4 1.47284
11.5 1.16024
11.6 3.8795
11.7 0.0994898
11.8 1.00975
11.9 -0.730605
12 -4.23073
12.1 4.59136
12.2 -0.481316
12.3 0.857031
12.4 0.663709
12.5 -0.834578
12.6 -2.8615
12.7 -4.821
12.8 -2.24397
12.9 -1.32531
13 3.01814
13.1 3.79354
13.2 0.262199
13.3 -0.0990175
13.4 -1.43192
13.5 -0.336584
13.6 3.43646
13.7 1.85714
13.8 0.0476761
13.9 5.2306
14 2.25182
14.1 -0.144646
14.2 -1.81081
14.3 -0.0458835
14.4 -2.57567
14.5 -2.00004
14.6 -1.49439
14.7 -3.96664
14.8 -0.572074
14.9 1.35146
15 -2.44216
15.1 1.48528
15.2 -0.851392
15.3 1.96324
15.4 4.13788
15.5 3.44545
15.6 -0.215292
15.7 -0.0692391
15.8 0.694438
15.9 -2.46572
16 -3.33533
16.1 0.343613
16.2 -0.268642
16.3 -1.68743
16.4 -2.47354
16.5 1.55277
16.6 1.54321
16.7 -1.97577
16.8 -1.59403
16.9 -2.40043
17 -3.41615
17.1 -3.15948
17.2 -4.91015
17.3 0.0777992
17.4 -2.4298
17.5 -1.82928
17.6 4.04071
17.7 1.30342
17.8 1.21822
17.9 0.550841
18 -0.91678
18.1 0.106117
18.2 0.855541
18.3 4.1021
18.4 1.43694
18.5 0.17285
18.6 1.77308
18.7 0.609918
18.8 -0.650309
18.9 6.48363
19 3.87
19.1 1.59776
19.2 0.218377
19.3 0.525008
19.4 1.66588
19.5 0.449173
19.6 0.414469
19.7 2.62552
19.8 0.321316
19.9 -3.03762
20 1.09335
20.1 1.87161
20.2 0.794166
20.3 -0.835431
20.4 0.343726
20.5 -5.33989
20.6 6.02127
20.7 4.10546
20.8 2.21042
20.9 0.544291
21 -0.0421248
21.1 -0.359732
21.2 1.39082
21.3 -0.372643
21.4 -2.87757
21.5 1.5499
21.6 0.115438
21.7 -0.0691725
21.8 -0.936532
21.9 -0.67367
22 4.88051
22.1 -1.19661
22.2 -0.065708
22.3 -0.882119
22.4 -0.305238
22.5 -4.68959
22.6 0.985238
22.7 1.95201
22.8 -0.504739
22.9 3.46202
23 1.88062
23.1 0.683718
23.2 -2.80343
23.3 -6.64283
23.4 -0.663446
23.5 -2.71162
23.6 -1.49923
23.7 2.654
23.8 0.230183
23.9 3.67252
24 1.0386
24.1 -0.684279
24.2 1.24598
24.3 -0.842284
24.4 -2.84895
24.5 -2.73339
24.6 -0.806466
24.7 1.40132
24.8 -2.14947
24.9 1.11746
25 1.12335
25.1 -2.00854
25.2 -1.13022
25.3 -2.74098
25.4 2.14326
25.5 2.01137
25.6 -0.731402
25.7 0.533192
25.8 0.305085
25.9 -1.65548
26 0.352872
26.1 1.81261
26.2 -3.00263
26.3 2.30949
26.4 1.50708
26.5 -1.49832
26.6 -1.34858
26.7 -1.84626
26.8 -4.81403
26.9 1.10227
27 0.482256
27.1 -1.52221
27.2 2.50338
27.3 0.920503
27.4 -1.55658
27.5 -0.346667
27.6 0.516208
27.7 0.123697
27.8 -0.193997
27.9 -1.78756
28 -4.89895
28.1 1.4789
28.2 2.36768
28.3 -0.395374
28.4 -4.16631
28.5 -4.10572
28.6 3.64577
28.7 0.157938
28.8 -1.71523
28.9 -1.64855
29 -1.37959
29.1 -0.800768
29.2 0.222902
29.3 -0.517371
29.4 0.17015
29.5 0.933322
29.6 1.78945
29.7 2.63944
29.8 -3.10067
29.9 5.04899
30 4.50985
30.1 2.21511
30.2 2.14251
30.3 5.45214
30.4 5.54373
30.5 4.61331
30.6 5.91373
30.7 2.41826
30.8 5.99206
30.9 1.44876
31 0.442757
31.1 -1.51896
31.2 0.822051
31.3 2.68987
31.4 5.33654
31.5 3.46425
31.6 4.91741
31.7 0.117904
31.8 0.473612
31.9 -1.77979
32 0.310707
32.1 1.53633
32.2 -0.650503
32.3 2.42925
32.4 0.945783
32.5 -0.911477
32.6 0.432916
32.7 -1.24829
32.8 0.102149
32.9 -1.65235
33 -4.11314
33.1 2.70102
33.2 2.1734
33.3 0.0833159
33.4 0.074328
33.5 -0.585971
33.6 4.03191
33.7 -0.187035
33.8 -2.27408
33.9 -1.65246
34 -1.48973
34.1 -1.33331
34.2 -4.69899
34.3 -3.66192
34.4 -2.54961
34.5 1.44091
34.6 0.480466
34.7 -1.63271
34.8 -1.3839
34.9 -5.81943
35 -0.884008
35.1 1.46446
35.2 -1.70477
35.3 3.5879
35.4 0.606316
35.5 2.36454
35.6 2.18525
35.7 0.52567
35.8 1.1041
35.9 -1.7475
36 2.57621
36.1 -0.443223
36.2 1.43102
36.3 0.85991
36.4 1.50691
36.5 2.72424
36.6 0.391674
36.7 1.01562
36.8 -3.3985
36.9 -3.49327
37 -3.4018
37.1 -2.10962
37.2 -5.19342
37.3 -5.05886
37.4 -4.78312
37.5 -5.03024
37.6 -5.48544
37.7 -4.92196
37.8 -5.3778
37.9 -2.31713
38 -6.44154
38.1 1.9006
38.2 -0.0507661
38.3 -2.38396
38.4 -4.44688
38.5 -1.75524
38.6 -0.402197
38.7 0.793659
38.8 -1.41542
38.9 -1.38836
39 1.65976
39.1 1.39986
39.2 -0.30347
39.3 0.806815
39.4 -1.20396
39.5 -2.96897
39.6 -2.03885
39.7 -3.31184
39.8 -3.71101
39.9 -0.691006
40 1.9076
40.1 -0.487496
40.2 -1.17277
40.3 2.11004
40.4 -0.420305
40.5 -0.466826
40.6 -1.09435
40.7 0.345555
40.8 -0.338141
40.9 0.368346
41 1.10911
41.1 -0.502036
41.2 -3.96837
41.3 9.32913
41.4 5.29098
41.5 2.80338
41.6 2.87231
41.7 0.0347937
41.8 3.16002
41.9 1.75634
42 2.31956
42.1 0.946058
42.2 1.7294
42.3 1.26568
42.4 -1.40428
42.5 0.567647
42.6 1.39535
42.7 -0.70639
42.8 -1.40631
42.9 3.26606
43 1.35218
43.1 -2.98051
43.2 -0.331043
43.3 -0.160182
43.4 1.61739
43.5 1.03924
43.6 0.0435711
43.7 -1.81005
43.8 -2.46858
43.9 -2.25252
44 3.40501
44.1 -0.766857
44.2 1.68099
44.3 1.1265
44.4 1.9362
44.5 0.952585
44.6 0.915366
44.7 -0.283018
44.8 1.73257
44.9 1.72286
45 0.13655
45.1 -0.0455128
45.2 -0.147247
45.3 0.0311812
45.4 0.607475
45.5 -3.87093
45.6 4.42528
45.7 -0.561884
45.8 1.77547
45.9 -3.28279
46 2.81132
46.1 -0.262863
46.2 0.864544
46.3 0.555036
46.4 0.48689
46.5 -1.4187
46.6 -7.09935
46.7 -6.68042
46.8 -6.75109
46.9 -3.32709
47 -1.88701
47.1 -3.50188
47.2 -2.04831
47.3 -4.26322
47.4 -0.316092
47.5 -0.955039
47.6 -3.03659
47.7 -1.99854
47.8 -0.396622
47.9 -3.93105
48 -2.95037
48.1 -2.48052
48.2 0.927352
48.3 -2.76274
48.4 -0.500331
48.5 -1.20395
48.6 -3.58074
48.7 0.905244
48.8 -1.25863
48.9 -0.452667
49 2.97648
49.1 1.35219
49.2 -0.842615
49.3 -0.458778
49.4 1.78216
49.5 -0.0870892
49.6 0.024243
49.7 -1.32109
49.8 -3.00846
49.9 -0.140911
