0 -0.0754492
0.1 -1.25478
0.2 -1.12911
0.3 0.0912854
0.4 0.0427051
0.5 -0.207989
0.6 -1.42829
0.7 -0.853383
0.8 -4.41545
0.9 -2.50837
1 -1.63697
1.1 0.573695
1.2 -1.40758
1.3 0.558512
1.4 -1.17361
1.5 2.33914
1.6 -0.438272
1.7 1.77752
1.8 -1.46195
1.9 -1.50108
2 -2.03713
2.1 -1.39078
2.2 -0.0787979
2.3 0.614447
2.4 0.494386
2.5 -0.823381
2.6 -0.0147953
2.7 -1.97657
2.8 -1.66371
2.9 0.42806
3 2.12342
3.1 3.76452
3.2 0.671069
3.3 0.344918
3.4 1.8211
3.5 1.41391
3.6 0.119783
3.7 -1.66106
3.8 -2.0325
3.9 -0.4044
4 -2.46929
4.1 1.39288
4.2 -2.51651
4.3 -0.634868
4.4 -1.81142
4.5 1.08498
4.6 0.979705
4.7 1.24783
4.8 0.749274
4.9 -0.746959
5 -2.01635
5.1 -2.49492
5.2 -3.0833
5.3 -2.64649
5.4 -0.162044
5.5 -0.738991
5.6 -1.51102
5.7 1.30603
5.8 0.185544
5.9 2.82982
6 0.531282
6.1 0.0170159
6.2 -1.71403
6.3 0.73513
6.4 0.347065
6.5 0.381494
6.6 -1.61725
6.7 1.57341
6.8 0.78654
6.9 0.849734
7 -0.927833
7.1 -0.382861
7.2 -0.151086
7.3 -1.29593
7.4 -0.702324
7.5 0.133451
7.6 1.04525
7.7 -0.568959
7.8 -0.76784
7.9 0.117343
8 5.22322
8.1 1.65652
8.2 3.93596
8.3 -0.963061
8.4 0.0541023
8.5 0.24603
8.6 1.92397
8.7 0.861257
8.8 1.15404
8.9 -0.976237
9 0.239014
9.1 1.73029
9.2 -1.14414
9.3 -1.0795
9.4 0.977995
9.5 1.49839
9.6 2.86625
9.7 -0.458458
9.8 1.68174
9.9 -0.388881
10 -0.644176
10.1 -2.79358
10.2 -0.95754
10.3 0.863045
10.4 0.519985
10.5 -0.800826
10.6 0.387284
10.7 -2.40077
10.8 -2.9507
10.9 -1.5492
11 0.0156616
11.1 -0.893639
11.2 -1.27911
11.3 -0.875218
11.4 -0.315311
11.5 -1.50555
11.6 1.19109
11.7 2.49982
11.8 2.64366
11.9 1.40911
12 -0.0647956
12.1 0.835944
12.2 1.81598
12.3 0.13689
12.4 -1.73716
12.5 1.09464
12.6 -0.0733091
12.7 0.562884
12.8 -1.87631
12.9 -0.0221544
13 -1.1973
13.1 -0.389676
13.2 -0.135075
13.3 -2.31459
13.4 0.608699
13.5 -0.784292
13.6 0.57079
13.7 -2.57215
13.8 -0.824949
13.9 -2.18621
14 -1.05432
14.1 -0.132133
14.2 0.242144
14.3 0.946828
14.4 -0.0846465
14.5 0.579009
14.6 0.0309899
14.7 -1.01856
14.8 0.29777
14.9 -0.746604
15 -0.748647
15.1 -0.148299
15.2 -0.166455
15.3 1.87373
15.4 -0.00729286
15.5 2.41832
15.6 0.930326
15.7 1.19654
15.8 0.971452
15.9 0.236468
16 0.0292183
16.1 -3.23118
16.2 -0.657595
16.3 -1.66354
16.4 -0.246514
16.5 0.198518
16.6 0.733111
16.7 -1.14391
16.8 -1.10036
16.9 -1.67942
17 1.13848
17.1 0.591068
17.2 1.47355
17.3 1.91376
17.4 0.178836
17.5 2.44202
17.6 1.78701
17.7 -0.853275
17.8 -2.3406
17.9 -1.15958
18 0.225628
18.1 -0.670347
18.2 0.1986
18.3 -0.579197
18.4 0.901691
18.5 1.03223
18.6 0.821861
18.7 0.399784
18.8 0.935718
18.9 -2.80628
19 -3.03014
19.1 -1.68366
19.2 0.222072
19.3 -1.76369
19.4 -1.26246
19.5 1.88008
19.6 -1.19364
19.7 -0.676828
19.8 0.663535
19.9 -1.09724
20 -0.724976
20.1 -1.68962
20.2 0.00442862
20.3 0.498465
20.4 1.78112
20.5 2.76189
20.6 -2.60205
20.7 -4.90768
20.8 1.11596
20.9 1.83333
21 -0.675315
21.1 1.96419
21.2 1.92102
21.3 -0.523015
21.4 0.354075
21.5 -0.709361
21.6 -0.631281
21.7 -1.48185
21.8 -0.805182
21.9 -1.72656
22 -0.525767
22.1 -1.31412
22.2 -2.26239
22.3 0.541104
22.4 -1.45904
22.5 -1.10678
22.6 0.0457705
22.7 2.24617
22.8 1.18347
22.9 0.852746
23 -0.352178
23.1 -1.45563
23.2 1.93527
23.3 -1.09768
23.4 1.05981
23.5 0.130035
23.6 -2.80766
23.7 -4.08743
23.8 -3.59925
23.9 -1.50775
24 -3.48
24.1 -2.25445
24.2 -1.16776
24.3 -1.73483
24.4 -0.174408
24.5 -1.08661
24.6 -0.889406
24.7 -0.380306
24.8 -1.89697
24.9 1.66799
25 2.03104
25.1 2.0571
25.2 1.39357
25.3 1.43167
25.4 -0.188848
25.5 0.740996
25.6 -2.43175
25.7 -1.57643
25.8 0.21587
25.9 -0.0892595
26 -0.641083
26.1 -0.254945
26.2 -0.187074
26.3 -0.271356
26.4 -1.46199
26.5 -0.548607
26.6 -0.3828
26.7 -1.5743
26.8 0.0813538
26.9 1.20718
27 4.25637
27.1 3.82817
27.2 0.480698
27.3 0.572005
27.4 1.66288
27.5 2.41833
27.6 -0.922513
27.7 1.78161
27.8 -0.998144
27.9 0.285873
28 -0.702047
28.1 1.18967
28.2 -0.295453
28.3 1.38729
28.4 -0.451061
28.5 0.306045
28.6 0.914381
28.7 -0.182537
28.8 0.162257
28.9 0.480399
29 -1.66928
29.1 0.0773695
29.2 0.821836
29.3 1.55044
29.4 2.26366
29.5 2.34085
29.6 0.448977
29.7 0.787651
29.8 1.29581
29.9 -0.527239
30 -0.907024
30.1 -1.26493
30.2 1.58025
30.3 0.0580878
30.4 -1.26376
30.5 1.49003
30.6 -0.20337
30.7 1.1668
30.8 1.48508
30.9 2.897
31 -0.675768
31.1 3.35656
31.2 1.83583
31.3 0.141801
31.4 0.243637
31.5 -0.426107
31.6 0.983747
31.7 0.674911
31.8 0.655038
31.9 2.15712
32 0.76164
32.1 2.46924
32.2 -0.738309
32.3 -1.60623
32.4 -0.932986
32.5 -0.291831
32.6 -0.860861
32.7 -2.10157
32.8 -2.01833
32.9 -1.45581
33 -2.15631
33.1 -0.779266
33.2 0.164704
33.3 0.674948
33.4 0.599924
33.5 2.26868
33.6 0.532053
33.7 0.741607
33.8 -0.4562
33.9 1.90122
34 0.22361
34.1 1.11421
34.2 -1.00967
34.3 -1.14621
34.4 1.95874
34.5 -1.40844
34.6 -0.0975018
34.7 1.1298
34.8 0.791749
34.9 2.48609
35 0.433702
35.1 -0.915304
35.2 -2.83599
35.3 0.899005
35.4 0.9568
35.5 2.78476
35.6 -0.775673
35.7 -0.940264
35.8 -2.23996
35.9 -0.39155
36 0.0598486
36.1 -0.368828
36.2 -0.38951
36.3 -0.122609
36.4 -0.465317
36.5 -1.57596
36.6 1.24414
36.7 0.287076
36.8 -0.844146
36.9 1.18627
37 2.85718
37.1 1.06345
37.2 0.820836
37.3 1.61276
37.4 -0.994118
37.5 1.70486
37.6 -0.241648
37.7 2.03072
37.8 -0.119112
37.9 -0.707004
38 -0.294099
38.1 0.679768
38.2 -0.428762
38.3 0.437849
38.4 -0.736522
38.5 -0.81124
38.6 1.32343
38.7 -1.45714
38.8 -0.125392
38.9 1.52612
39 -1.13571
39.1 -0.017491
39.2 -0.114288
39.3 0.829196
39.4 1.4859
39.5 -0.750664
39.6 1.50779
39.7 1.43862
39.8 0.941006
39.9 1.61227
40 -0.270573
40.1 -0.736029
40.2 0.051308
40.3 1.88118
40.4 -1.79965
40.5 -3.34119
40.6 -1.7057
40.7 -1.08162
40.8 -0.69775
40.9 -2.33109
41 -1.0261
41.1 0.301393
41.2 -1.99955
41.3 0.578453
41.4 -0.528557
41.5 -0.110268
41.6 0.0183941
41.7 0.421432
41.8 0.950841
41.9 -2.90196
42 0.408982
42.1 0.515454
42.2 -0.707889
42.3 0.204804
42.4 1.36209
42.5 -0.30722
42.6 1.71261
42.7 -0.541416
42.8 0.281957
42.9 0.116491
43 1.28653
43.1 0.398604
43.2 3.09366
43.3 0.962835
43.4 -0.560741
43.5 -0.700244
43.6 -0.89403
43.7 -0.33664
43.8 -1.07996
43.9 -0.0689765
44 -1.28779
44.1 -0.0775643
44.2 1.52935
44.3 0.738339
44.4 -0.136907
44.5 2.21587
44.6 1.69092
44.7 -0.112719
44.8 0.695453
44.9 0.0638936
45 -0.105066
45.1 -1.54113
45.2 0.933524
45.3 -2.35916
45.4 -1.09222
45.5 -2.03004
45.6 2.97706
45.7 1.0172
45.8 0.589705
45.9 0.765624
46 1.62319
46.1 -1.46914
46.2 0.91101
46.3 1.74542
46.4 0.00288541
46.5 -0.274712
46.6 1.37155
46.7 -0.951937
46.8 1.91341
46.9 0.215631
47 1.9131
47.1 1.86947
47.2 -0.0339332
47.3 -0.978843
47.4 1.14185
47.5 1.48954
47.6 -0.252753
47.7 -0.448553
47.8 -0.45795
47.9 0.713957
48 -1.90598
48.1 -0.0805543
48.2 0.738008
48.3 0.336755
48.4 2.21314
48.5 1.07263
48.6 0.427825
48.7 2.80662
48.8 1.58623
48.9 0.295602
49 -0.650446
49.1 -0.616758
49.2 -0.891928
49.3 -0.601621
49.4 -0.185368
49.5 1.21935
49.6 -0.252344
49.7 -1.25229
49.8 1.36861
49.9 -0.0585846
