0 -0.0782303
0.1 -2.13576
0.2 -0.429006
0.3 1.55705
0.4 3.0051
0.5 0.728878
0.6 1.03299
0.7 1.13361
0.8 0.734187
0.9 -1.4081
1 -4.09291
1.1 -3.78732
1.2 -4.72737
1.3 -4.32197
1.4 -3.58542
1.5 -6.29658
1.6 -2.74908
1.7 0.100913
1.8 -1.20248
1.9 0.142062
2 0.491584
2.1 0.80349
2.2 -0.179352
2.3 -0.381255
2.4 -1.41535
2.5 -0.599714
2.6 -1.64572
2.7 1.7903
2.8 0.132917
2.9 -1.24205
3 0.33475
3.1 1.28816
3.2 -0.114209
3.3 1.62829
3.4 3.3274
3.5 -1.34394
3.6 -1.78635
3.7 0.823073
3.8 -0.155391
3.9 0.731634
4 0.183538
4.1 -0.910581
4.2 0.192061
4.3 0.229543
4.4 0.472855
4.5 2.74493
4.6 2.70354
4.7 -2.4337
4.8 -0.0515822
4.9 1.25884
5 0.454161
5.1 -1.4518
5.2 1.03515
5.3 0.795995
5.4 -1.08416
5.5 -2.64554
5.6 -0.836877
5.7 -0.126831
5.8 -1.41959
5.9 0.87738
6 1.85851
6.1 -0.539709
6.2 -0.312823
6.3 0.126256
6.4 -1.11106
6.5 -3.16654
6.6 -3.71697
6.7 -2.77815
6.8 -0.722037
6.9 -2.26885
7 -1.35323
7.1 1.2691
7.2 0.687918
7.3 1.52342
7.4 -0.278455
7.5 2.26553
7.6 3.41261
7.7 2.63256
7.8 2.63911
7.9 1.31194
8 3.15888
8.1 1.04908
8.2 -2.15658
8.3 -3.44075
8.4 -3.90508
8.5 -2.64264
8.6 -2.59646
8.7 -2.14199
8.8 0.306396
8.9 -0.0175664
9 -1.97998
9.1 -1.42445
9.2 -2.78735
9.3 -1.61574
9.4 -2.21378
9.5 -3.88652
9.6 -1.90034
9.7 1.11313
9.8 2.18285
9.9 -0.351049
10 -0.820832
10.1 0.520534
10.2 -3.8625
10.3 -1.44914
10.4 0.0172149
10.5 -2.87629
10.6 0.598599
10.7 -1.5083
10.8 0.41024
10.9 1.39991
11 3.85094
11.1 4.82496
11.2 1.95551
11.3 2.24994
11.4 1.65069
11.5 0.0262905
11.6 0.239458
11.7 1.81776
11.8 1.21631
11.9 0.406628
12 -0.0928394
12.1 2.51841
12.2 -1.67729
12.3 0.27797
12.4 -1.26558
12.5 -1.43281
12.6 -1.05394
12.7 -0.0579286
12.8 -2.86121
12.9 -0.411307
13 1.13401
13.1 3.77691
13.2 2.53109
13.3 3.56734
13.4 2.08203
13.5 -0.0874608
13.6 -0.978621
13.7 0.827206
13.8 -0.562387
13.9 -2.60914
14 0.501845
14.1 -1.74308
14.2 -2.02679
14.3 1.21879
14.4 0.637464
14.5 2.06725
14.6 2.50541
14.7 1.42447
14.8 -1.23877
14.9 -1.60576
15 -3.02542
15.1 -2.82299
15.2 -3.67271
15.3 -3.44157
15.4 -2.79604
15.5 -3.44706
15.6 0.796161
15.7 -1.05743
15.8 -1.80914
15.9 -2.47383
16 -3.622
16.1 -2.89308
16.2 -1.63803
16.3 -0.0691202
16.4 1.77099
16.5 -0.504396
16.6 1.53429
16.7 3.24692
16.8 2.48471
16.9 0.275632
17 -2.24243
17.1 0.422681
17.2 -1.30826
17.3 -1.78977
17.4 -2.26398
17.5 2.6018
17.6 1.8183
17.7 -1.20828
17.8 1.26133
17.9 -1.60484
18 2.00586
18.1 0.543837
18.2 -3.68206
18.3 0.670951
18.4 0.332995
18.5 -1.44166
18.6 -2.51873
18.7 -3.68218
18.8 -1.52044
18.9 0.113147
19 0.0409247
19.1 -2.01886
19.2 -1.03674
19.3 -5.34737
19.4 -0.988625
19.5 -1.91298
19.6 -0.37708
19.7 2.36714
19.8 2.9525
19.9 2.02108
20 -2.41886
20.1 0.937984
20.2 1.03044
20.3 3.40145
20.4 2.28318
20.5 0.696691
20.6 1.79458
20.7 -0.6746
20.8 0.185716
20.9 -1.42997
21 -1.40445
21.1 1.35903
21.2 2.31771
21.3 2.30316
21.4 2.23491
21.5 1.67987
21.6 2.71239
21.7 1.01207
21.8 -0.264975
21.9 1.39958
22 2.18887
22.1 3.79222
22.2 -0.913979
22.3 -2.59505
22.4 0.306684
22.5 -0.00217514
22.6 4.05331
22.7 1.29648
22.8 1.34956
22.9 -0.34854
23 -0.567212
23.1 -1.72427
23.2 -4.83402
23.3 -0.194645
23.4 -2.02862
23.5 -2.02281
23.6 0.716598
23.7 4.37297
23.8 3.35871
23.9 2.13986
24 0.348226
24.1 2.6838
24.2 2.52723
24.3 -0.111196
24.4 -1.26148
24.5 1.27026
24.6 0.0911391
24.7 0.473972
24.8 -1.70459
24.9 -3.50021
25 -3.31745
25.1 -0.587295
25.2 0.374666
25.3 1.498
25.4 2.76549
25.5 1.44412
25.6 0.906401
25.7 1.13968
25.8 -1.08334
25.9 -1.91588
26 -0.680804
26.1 2.15573
26.2 0.222947
26.3 1.6409
26.4 -0.146966
26.5 0.873949
26.6 2.15313
26.7 1.26699
26.8 0.964451
26.9 -1.41423
27 -0.0724532
27.1 0.886561
27.2 -1.10514
27.3 -1.70428
27.4 -2.07624
27.5 -2.86331
27.6 0.8815
27.7 1.82374
27.8 1.21673
27.9 -0.403077
28 -1.37726
28.1 -0.20579
28.2 1.021
28.3 -0.944362
28.4 1.9867
28.5 -0.68851
28.6 -0.0106199
28.7 -0.706568
28.8 0.399412
28.9 -0.887688
29 1.08414
29.1 1.41116
29.2 1.33264
29.3 0.0872937
29.4 1.23652
29.5 0.511586
29.6 -2.47051
29.7 -0.453966
29.8 -2.83233
29.9 -0.761924
30 -1.7707
30.1 1.50305
30.2 3.75599
30.3 3.34699
30.4 1.51625
30.5 1.57134
30.6 -3.9972
30.7 -1.91084
30.8 -0.169093
30.9 0.678575
31 3.5303
31.1 0.770905
31.2 0.377245
31.3 2.0698
31.4 -0.390269
31.5 0.887839
31.6 -2.71863
31.7 1.11074
31.8 2.36305
31.9 2.80974
32 2.959
32.1 -1.4385
32.2 -0.397559
32.3 -1.9148
32.4 -0.776905
32.5 -1.8309
32.6 -1.19473
32.7 -2.28151
32.8 -1.78273
32.9 -0.828262
33 -0.682013
33.1 0.238839
33.2 -1.40329
33.3 -0.186385
33.4 0.00195234
33.5 2.42051
33.6 2.29136
33.7 1.47282
33.8 0.383542
33.9 -0.619154
34 -1.93396
34.1 -1.75942
34.2 -1.39767
34.3 -0.563029
34.4 -2.66541
34.5 -0.872484
34.6 -0.0215118
34.7 0.387831
34.8 0.50628
34.9 0.867131
35 1.71386
35.1 0.468777
35.2 -0.232186
35.3 -0.725419
35.4 3.53152
35.5 1.38854
35.6 -2.37341
35.7 0.76429
35.8 -0.532109
35.9 -0.168205
36 -2.06821
36.1 -1.05452
36.2 -2.93211
36.3 2.71012
36.4 4.13563
36.5 -1.12135
36.6 -1.88183
36.7 -1.69706
36.8 -1.90705
36.9 -1.09587
37 0.395118
37.1 -0.364105
37.2 0.375221
37.3 0.506703
37.4 3.40794
37.5 3.74541
37.6 2.43502
37.7 0.0808345
37.8 -0.993848
37.9 -1.44601
38 0.855627
38.1 1.09074
38.2 -1.09535
38.3 -2.19379
38.4 -0.332701
38.5 -2.44956
38.6 -1.73089
38.7 2.29668
38.8 2.1887
38.9 0.681393
39 -0.493879
39.1 0.800631
39.2 -0.361058
39.3 -0.53531
39.4 -1.21318
39.5 1.86725
39.6 2.48544
39.7 0.330679
39.8 2.46734
39.9 1.78832
40 1.11196
40.1 -0.60794
40.2 -0.266317
40.3 0.465147
40.4 -0.274932
40.5 3.33707
40.6 -0.461905
40.7 0.640782
40.8 1.28581
40.9 -4.04607
41 -0.218012
41.1 -1.8515
41.2 0.444913
41.3 -1.38493
41.4 -3.7197
41.5 0.0816957
41.6 0.895078
41.7 -0.289992
41.8 -0.110841
41.9 3.54363
42 2.81865
42.1 2.99995
42.2 -0.215837
42.3 1.21471
42.4 -0.172138
42.5 -2.46836
42.6 2.13095
42.7 -1.47701
42.8 -2.3565
42.9 0.00471992
43 1.91071
43.1 -0.391599
43.2 -2.01078
43.3 -1.1296
43.4 2.64009
43.5 -0.798554
43.6 -1.07366
43.7 -2.16458
43.8 -0.412768
43.9 0.5761
44 -1.53235
44.1 -1.63768
44.2 -1.82561
44.3 -2.02511
44.4 1.7901
44.5 -0.845833
44.6 0.150305
44.7 -0.392869
44.8 1.20315
44.9 2.20573
45 1.1198
45.1 -0.332129
45.2 1.37186
45.3 1.3825
45.4 4.4701
45.5 3.1821
45.6 1.40282
45.7 -1.27171
45.8 -2.56929
45.9 0.283439
46 -2.44155
46.1 -0.918032
46.2 -0.189458
46.3 0.27264
46.4 3.06097
46.5 1.38276
46.6 2.38911
46.7 0.657722
46.8 2.01663
46.9 -2.30703
47 1.05424
47.1 3.59703
47.2 1.86653
47.3 0.935641
47.4 3.79771
47.5 2.4338
47.6 2.28301
47.7 -0.161388
47.8 -1.42049
47.9 -0.88682
48 0.824458
48.1 1.59548
48.2 0.172279
48.3 2.4055
48.4 3.40892
48.5 1.82742
48.6 -1.3695
48.7 -0.211023
48.8 -1.41409
48.9 -0.898206
49 -0.670634
49.1 -0.778975
49.2 1.4204
49.3 1.78493
49.4 -0.0628924
49.5 1.62089
49.6 -0.818901
49.7 0.220318
49.8 -0.674019
49.9 -2.25526
