0 1.65279
0.1 1.99826
0.2 0.536639
0.3 -0.28173
0.4 -2.09935
0.5 -0.828225
0.6 -0.939067
0.7 -1.26184
0.8 -3.36312
0.9 3.10798
1 -0.077285
1.1 1.94075
1.2 1.07318
1.3 1.20295
1.4 0.780724
1.5 -0.712578
1.6 0.147925
1.7 -4.22345
1.8 3.30511
1.9 0.698467
2 -0.475198
2.1 -0.385199
2.2 -1.19322
2.3 -2.73792
2.4 1.74905
2.5 1.58052
2.6 0.178162
2.7 -0.113341
2.8 -0.377336
2.9 0.927519
3 2.41994
3.1 2.60778
3.2 0.084189
3.3 0.180276
3.4 -1.32713
3.5 1.90835
3.6 1.4694
3.7 0.755319
3.8 -0.279098
3.9 -0.425182
4 0.191607
4.1 0.404983
4.2 -0.508655
4.3 -0.390099
4.4 2.51094
4.5 0.496364
4.6 -2.4687
4.7 5.65155
4.8 -0.0251635
4.9 0.314988
5 0.928908
5.1 -0.339205
5.2 -1.44297
5.3 -1.06418
5.4 -1.6046
5.5 -1.28157
5.6 -1.10939
5.7 -2.21098
5.8 -1.90641
5.9 0.349341
6 0.510304
6.1 -0.73408
6.2 -2.7907
6.3 -0.856296
6.4 0.604326
6.5 1.39483
6.6 0.117266
6.7 1.58855
6.8 -0.947505
6.9 -0.678287
7 0.531395
7.1 0.921793
7.2 0.57251
7.3 0.531849
7.4 1.4153
7.5 0.152253
7.6 -0.697984
7.7 2.77348
7.8 -1.25889
7.9 -1.12582
8 -0.118019
8.1 1.27354
8.2 -1.25035
8.3 -1.18182
8.4 -0.367799
8.5 0.452168
8.6 -0.092769
8.7 -0.623571
8.8 -0.20495
8.9 -1.22046
9 0.0628354
9.1 0.130639
9.2 -2.56975
9.3 -1.56283
9.4 0.713232
9.5 0.22144
9.6 0.258987
9.7 1.28604
9.8 -0.680409
9.9 -2.0523
10 0.417264
10.1 1.94417
10.2 -1.56501
10.3 -0.188033
10.4 -1.7435
10.5 2.16055
10.6 0.648893
10.7 -0.153142
10.8 1.01811
10.9 -0.138786
11 -0.899017
11.1 -1.17318
11.2 -3.57952
11.3 -2.02977
11.4 1.0633
11.5 -1.36956
11.6 0.797479
11.7 1.31986
11.8 -0.668923
11.9 -2.75133
12 -1.52166
12.1 -0.593755
12.2 -0.892538
12.3 -1.20305
12.4 -0.0458144
12.5 0.560733
12.6 1.02194
12.7 -2.48983
12.8 -3.74955
12.9 -1.6032
13 -1.29785
13.1 1.25527
13.2 -3.0601
13.3 0.554391
13.4 -1.33636
13.5 -1.37846
13.6 -0.379123
13.7 -0.260249
13.8 0.387115
13.9 -1.27681
14 1.31101
14.1 -0.626846
14.2 0.386198
14.3 -0.702404
14.4 -1.16979
14.5 -1.78947
14.6 -0.73321
14.7 -0.649037
14.8 0.798889
14.9 0.30888
15 0.943594
15.1 1.04746
15.2 -0.0786235
15.3 0.0142549
15.4 -0.4392
15.5 -0.0898536
15.6 -1.63669
15.7 2.51015
15.8 -0.996266
15.9 -1.39183
16 -0.167545
16.1 -2.08708
16.2 -2.15551
16.3 -0.998087
16.4 0.492358
16.5 1.91975
16.6 2.18301
16.7 -3.12953
16.8 2.76111
16.9 0.988202
17 0.970815
17.1 -0.524915
17.2 -1.19868
17.3 -1.06622
17.4 -3.53644
17.5 -0.437274
17.6 -1.17368
17.7 0.978797
17.8 0.231057
17.9 -0.547317
18 -1.42986
18.1 3.90821
18.2 -1.17132
18.3 -0.222295
18.4 1.09729
18.5 -1.25833
18.6 0.0699501
18.7 -0.267104
18.8 -0.174905
18.9 -1.13239
19 0.565622
19.1 0.985401
19.2 -0.054387
19.3 -1.08417
19.4 0.0644722
19.5 -0.417809
19.6 -0.899045
19.7 -1.40402
19.8 -0.294474
19.9 0.213719
20 -0.511051
20.1 0.658542
20.2 2.17346
20.3 -0.706522
20.4 0.0978083
20.5 -0.0689536
20.6 1.96583
20.7 1.21051
20.8 1.35291
20.9 -1.27095
21 2.18653
21.1 -0.0648603
21.2 0.756667
21.3 0.630912
21.4 1.81524
21.5 1.00228
21.6 -0.950728
21.7 1.98672
21.8 1.78018
21.9 0.394342
22 0.16935
22.1 0.195037
22.2 -0.515091
22.3 -0.365511
22.4 -1.55638
22.5 4.94183
22.6 -0.376785
22.7 -0.959033
22.8 -0.44313
22.9 -2.13337
23 0.0847648
23.1 0.598857
23.2 -0.775027
23.3 -1.55395
23.4 -1.82063
23.5 0.0972343
23.6 1.23564
23.7 -0.690924
23.8 -1.53844
23.9 0.655011
24 -1.23568
24.1 -1.54028
24.2 0.148578
24.3 0.714702
24.4 0.912648
24.5 -2.85898
24.6 2.3735
24.7 2.64364
24.8 0.815901
24.9 1.37211
25 0.963487
25.1 -3.74748
25.2 2.32778
25.3 -0.816353
25.4 -1.93807
25.5 -2.72594
25.6 2.8244
25.7 1.46912
25.8 0.642848
25.9 -1.01793
26 0.555782
26.1 2.28248
26.2 -0.670741
26.3 -0.0294951
26.4 -0.707344
26.5 2.38492
26.6 0.502141
26.7 1.70785
26.8 0.927667
26.9 0.77141
27 2.95041
27.1 -1.77791
27.2 3.91051
27.3 1.75382
27.4 1.02682
27.5 -0.2068
27.6 -1.16377
27.7 -0.607458
27.8 1.15584
27.9 -1.0473
28 -3.84954
28.1 -1.41002
28.2 5.38358
28.3 1.71537
28.4 2.3519
28.5 -1.15327
28.6 0.0523577
28.7 1.70116
28.8 2.68188
28.9 1.56638
29 -0.475717
29.1 1.99873
29.2 -1.46529
29.3 -0.74665
29.4 1.31286
29.5 -0.0674062
29.6 -0.143666
29.7 2.56503
29.8 -0.719633
29.9 0.113559
30 -1.06506
30.1 -4.96638
30.2 3.71773
30.3 -0.139058
30.4 0.468818
30.5 2.50424
30.6 0.548507
30.7 0.105575
30.8 -1.19062
30.9 -1.32353
31 -3.26769
31.1 -3.64178
31.2 -4.4599
31.3 -1.11863
31.4 -2.83994
31.5 -0.105285
31.6 -2.01094
31.7 1.50117
31.8 1.28379
31.9 -1.08209
32 -7.7294
32.1 11.0284
32.2 1.87631
32.3 1.63271
32.4 0.431074
32.5 1.83915
32.6 -0.175196
32.7 -0.20702
32.8 -0.301869
32.9 -0.122433
33 1.15077
33.1 2.72059
33.2 0.871582
33.3 1.18506
33.4 -0.91631
33.5 -0.196547
33.6 0.744364
33.7 0.201759
33.8 -0.428631
33.9 -1.21094
34 -2.55751
34.1 0.830171
34.2 0.825776
34.3 1.91122
34.4 -2.38621
34.5 -1.56008
34.6 1.67269
34.7 -3.31064
34.8 -1.60343
34.9 0.217998
35 2.14236
35.1 1.13565
35.2 0.0961963
35.3 -0.336823
35.4 1.19489
35.5 0.248794
35.6 1.04005
35.7 -0.516938
35.8 -0.589871
35.9 1.17169
36 -3.04475
36.1 2.13086
36.2 -1.30035
36.3 -0.359158
36.4 0.209651
36.5 1.12317
36.6 -0.180488
36.7 -1.83375
36.8 -0.502457
36.9 -3.06243
37 0.160038
37.1 0.668312
37.2 -1.37215
37.3 -3.58012
37.4 0.111347
37.5 -2.08117
37.6 0.33946
37.7 -0.284603
37.8 -0.979165
37.9 -1.8669
38 -0.947717
38.1 -1.83922
38.2 0.453857
38.3 2.62525
38.4 -0.34168
38.5 0.850696
38.6 -1.61319
38.7 -1.60966
38.8 -0.651545
38.9 -0.28277
39 0.321328
39.1 -0.974969
39.2 0.815497
39.3 0.513049
39.4 -0.0980356
39.5 1.07763
39.6 1.25216
39.7 0.529094
39.8 0.0469125
39.9 -1.15216
40 -0.54834
40.1 0.0946861
40.2 -1.8267
40.3 3.61826
40.4 3.42108
40.5 -0.166501
40.6 2.09573
40.7 -0.893218
40.8 -0.297202
40.9 -0.473766
41 -2.53851
41.1 -0.535073
41.2 -1.90086
41.3 2.30488
41.4 1.39931
41.5 -0.0786733
41.6 -2.99453
41.7 0.502244
41.8 -1.01602
41.9 0.508173
42 0.335259
42.1 1.14771
42.2 -1.29116
42.3 2.17037
42.4 -1.48216
42.5 -0.542045
42.6 0.714608
42.7 -0.64088
42.8 0.179329
42.9 2.15384
43 1.39793
43.1 0.163973
43.2 0.920023
43.3 1.76648
43.4 1.19652
43.5 -0.106149
43.6 -0.705246
43.7 -0.867618
43.8 -2.45901
43.9 -0.321079
44 0.0427052
44.1 -1.47331
44.2 0.533888
44.3 2.10114
44.4 0.797591
44.5 -1.48627
44.6 -2.1277
44.7 1.34676
44.8 1.73147
44.9 -0.504703
45 2.93512
45.1 2.3138
45.2 0.596519
45.3 -0.654427
45.4 0.825661
45.5 0.122903
45.6 -0.497533
45.7 -0.213663
45.8 1.91328
45.9 -0.197785
46 0.0248262
46.1 -2.36157
46.2 2.28986
46.3 2.50209
46.4 1.23981
46.5 2.36594
46.6 -1.02279
46.7 -0.230184
46.8 1.02985
46.9 0.303942
47 -0.649036
47.1 -0.655222
47.2 -0.504925
47.3 0.127324
47.4 -2.14605
47.5 -0.826118
47.6 -0.480136
47.7 -3.32309
47.8 4.64528
47.9 0.1045
48 1.16588
48.1 1.10295
48.2 -1.8997
48.3 0.732237
48.4 -1.08396
48.5 1.6872
48.6 0.979005
48.7 -1.01994
48.8 0.469427
48.9 -0.369369
49 0.599388
49.1 -0.637381
49.2 -0.812926
49.3 -0.18503
49.4 0.482932
49.5 1.71161
49.6 -0.141711
49.7 3.61574
49.8 1.55516
49.9 -0.867402
