0 0.285221
0.1 -0.201636
0.2 3.39378
0.3 3.44874
0.4 3.25175
0.5 0.611202
0.6 -0.806559
0.7 -0.645372
0.8 -2.42327
0.9 -3.29926
1 -0.79476
1.1 -3.01608
1.2 -1.7628
1.3 -0.624386
1.4 -0.0200431
1.5 -2.78618
1.6 0.114672
1.7 0.282328
1.8 0.940177
1.9 2.36668
2 1.65891
2.1 3.56845
2.2 0.199683
2.3 -1.2964
2.4 -1.60752
2.5 -1.95348
2.6 -2.86899
2.7 0.358764
2.8 0.320299
2.9 1.58176
3 1.11251
3.1 0.460267
3.2 -1.83321
3.3 -0.697361
3.4 -0.810492
3.5 -0.124554
3.6 -0.0740009
3.7 0.114857
3.8 -0.0810885
3.9 -1.4001
4 -1.93058
4.1 0.641941
4.2 1.87771
4.3 2.50507
4.4 1.0648
4.5 2.71065
4.6 2.51976
4.7 -0.406516
4.8 0.0326694
4.9 -1.14979
5 2.13983
5.1 2.47233
5.2 -0.341127
5.3 0.222333
5.4 0.289461
5.5 0.594176
5.6 3.23205
5.7 3.97001
5.8 0.622292
5.9 1.92414
6 -1.28763
6.1 -0.93916
6.2 -1.11009
6.3 0.0615783
6.4 -1.94277
6.5 -0.459732
6.6 1.09647
6.7 -0.380562
6.8 -2.39383
6.9 1.3649
7 3.76373
7.1 2.41095
7.2 0.397536
7.3 2.0564
7.4 0.664589
7.5 -1.77022
7.6 -3.25692
7.7 -1.49641
7.8 1.4643
7.9 1.75222
8 0.269506
8.1 -1.79122
8.2 -0.345888
8.3 -1.92487
8.4 1.03138
8.5 0.538018
8.6 -2.5528
8.7 0.788868
8.8 -0.298313
8.9 0.530643
9 0.963309
9.1 -0.474516
9.2 -0.998714
9.3 0.946411
9.4 1.10938
9.5 0.784604
9.6 -0.177175
9.7 1.7857
9.8 -0.192996
9.9 1.64573
10 -0.637219
10.1 -3.21216
10.2 -1.0682
10.3 -0.0461486
10.4 -0.99819
10.5 -0.446139
10.6 -1.89445
10.7 1.10855
10.8 -0.0400496
10.9 1.27156
11 1.93859
11.1 -0.0174339
11.2 -2.02268
11.3 -1.92872
11.4 0.0690721
11.5 0.563743
11.6 -1.80697
11.7 -2.66489
11.8 -0.0463517
11.9 2.11182
12 -0.861444
12.1 -0.773211
12.2 0.711255
12.3 2.88567
12.4 2.68492
12.5 2.34578
12.6 5.46803
12.7 -0.37602
12.8 0.127327
12.9 -1.39865
13 -2.39675
13.1 0.292515
13.2 -0.965991
13.3 0.946113
13.4 2.53765
13.5 1.35038
13.6 -0.994791
13.7 -0.22834
13.8 -1.12007
13.9 -0.808738
14 1.74543
14.1 0.432793
14.2 2.19851
14.3 0.695404
14.4 1.0757
14.5 -0.216583
14.6 2.50915
14.7 0.539736
14.8 2.22218
14.9 -0.51327
15 1.03856
15.1 0.581535
15.2 -0.366072
15.3 -0.578612
15.4 -2.29595
15.5 2.76319
15.6 2.46681
15.7 2.86151
15.8 -0.272921
15.9 -0.0954274
16 0.218426
16.1 -0.0101098
16.2 1.00159
16.3 -1.30436
16.4 0.0114039
16.5 -0.371812
16.6 -1.95702
16.7 0.137368
16.8 2.52464
16.9 0.101323
17 0.0352406
17.1 0.166245
17.2 -0.81977
17.3 -4.27331
17.4 -0.399599
17.5 -1.63825
17.6 0.700871
17.7 0.817414
17.8 -0.186999
17.9 0.322539
18 1.55916
18.1 -0.707478
18.2 -1.8549
18.3 1.09511
18.4 1.26385
18.5 1.34373
18.6 -1.17584
18.7 -2.4713
18.8 0.137048
18.9 1.64386
19 -0.498769
19.1 1.19119
19.2 1.07175
19.3 1.97396
19.4 1.50158
19.5 0.689861
19.6 -1.08291
19.7 2.09396
19.8 2.87059
19.9 4.57017
20 1.26621
20.1 0.554167
20.2 1.11061
20.3 -0.640332
20.4 -1.69826
20.5 -1.81958
20.6 2.29258
20.7 1.94685
20.8 2.13976
20.9 1.41154
21 1.603
21.1 1.54963
21.2 1.59562
21.3 1.09912
21.4 3.37199
21.5 0.795821
21.6 0.16217
21.7 -1.2054
21.8 -1.67434
21.9 0.675509
22 -1.17785
22.1 -2.70114
22.2 -4.88059
22.3 -0.978498
22.4 0.759502
22.5 0.159472
22.6 0.165793
22.7 -1.68875
22.8 -1.87745
22.9 -4.95737
23 0.588073
23.1 0.09162
23.2 -2.33583
23.3 -1.26201
23.4 0.144588
23.5 2.08363
23.6 1.09847
23.7 2.48267
23.8 -0.651398
23.9 -1.43072
24 -1.16571
24.1 -1.45403
24.2 -1.30028
24.3 -0.947197
24.4 -0.278564
24.5 -0.206019
24.6 -2.34042
24.7 1.56703
24.8 1.73245
24.9 0.215166
25 -2.8621
25.1 -1.05838
25.2 -3.07741
25.3 -2.8389
25.4 1.04956
25.5 0.4488
25.6 0.900573
25.7 -0.783314
25.8 2.83949
25.9 0.630994
26 -0.367423
26.1 1.47416
26.2 -0.440262
26.3 -1.81124
26.4 1.91617
26.5 -2.36296
26.6 -3.92547
26.7 -1.87923
26.8 -0.960678
26.9 -3.2873
27 -2.6277
27.1 0.84732
27.2 0.606644
27.3 -2.06057
27.4 -2.37115
27.5 -5.27802
27.6 -1.63317
27.7 -1.35129
27.8 1.96213
27.9 -1.36074
28 -0.860626
28.1 -0.721574
28.2 -1.11914
28.3 0.357251
28.4 -0.214101
28.5 1.13712
28.6 1.16379
28.7 -1.00246
28.8 -0.592662
28.9 2.99342
29 3.06329
29.1 2.30386
29.2 0.738259
29.3 1.58307
29.4 2.07916
29.5 3.54306
29.6 0.848215
29.7 0.39426
29.8 1.58384
29.9 0.840064
30 2.0136
30.1 1.75958
30.2 1.02434
30.3 3.16031
30.4 2.22435
30.5 1.08803
30.6 3.46818
30.7 2.6548
30.8 2.46082
30.9 2.31458
31 0.904604
31.1 2.51112
31.2 -1.80109
31.3 -0.236959
31.4 -1.60806
31.5 -2.51879
31.6 -1.02715
31.7 0.450129
31.8 -2.05484
31.9 0.201081
32 2.71477
32.1 2.94735
32.2 4.88273
32.3 0.230715
32.4 0.965855
32.5 -1.76018
32.6 -0.964622
32.7 -2.34571
32.8 0.0706684
32.9 -0.400374
33 1.59134
33.1 5.10717
33.2 0.100543
33.3 0.182928
33.4 0.0316211
33.5 1.73053
33.6 0.0231619
33.7 -0.390634
33.8 -2.33475
33.9 -2.81079
34 -2.11175
34.1 -1.20243
34.2 -3.08611
34.3 -4.42801
34.4 -2.87702
34.5 -2.10742
34.6 2.35518
34.7 1.6711
34.8 2.87179
34.9 1.6196
35 -0.259111
35.1 2.83443
35.2 0.624859
35.3 -1.79551
35.4 0.0232026
35.5 0.10291
35.6 -1.46982
35.7 0.939846
35.8 -0.53125
35.9 -1.61472
36 0.887876
36.1 -0.48211
36.2 2.26372
36.3 2.61194
36.4 0.675619
36.5 1.99776
36.6 -1.09835
36.7 -1.97067
36.8 -0.451097
36.9 -1.88547
37 -2.57351
37.1 -0.559606
37.2 1.05396
37.3 2.21033
37.4 1.47016
37.5 -0.4005
37.6 1.09234
37.7 0.986036
37.8 0.551451
37.9 -0.981662
38 -0.579942
38.1 2.20223
38.2 0.386757
38.3 0.355406
38.4 -0.0509138
38.5 -3.28132
38.6 0.492281
38.7 0.918095
38.8 1.14854
38.9 -0.864447
39 2.13106
39.1 -0.144725
39.2 0.424163
39.3 -3.01232
39.4 -0.00667948
39.5 -1.57965
39.6 -1.21866
39.7 -2.65728
39.8 -0.644539
39.9 0.263444
40 -0.824426
40.1 -1.36177
40.2 -1.09245
40.3 -0.333754
40.4 1.56232
40.5 2.19019
40.6 2.21019
40.7 1.05341
40.8 0.999385
40.9 -0.953283
41 -0.700004
41.1 2.67523
41.2 -0.895382
41.3 0.29644
41.4 0.452493
41.5 -0.654367
41.6 -0.0963718
41.7 0.362421
41.8 -1.52514
41.9 -2.92
42 -2.555
42.1 -1.32779
42.2 2.04914
42.3 -0.901918
42.4 -1.20601
42.5 -2.17505
42.6 -2.14029
42.7 -3.39889
42.8 -2.89765
42.9 -1.46902
43 0.606928
43.1 0.170371
43.2 0.842356
43.3 -1.24641
43.4 1.81687
43.5 -0.445422
43.6 0.415243
43.7 0.242762
43.8 0.145873
43.9 0.446035
44 1.83927
44.1 1.53438
44.2 -0.153
44.3 1.34438
44.4 0.650316
44.5 -0.628548
44.6 0.413214
44.7 -2.40469
44.8 0.926855
44.9 0.593646
45 -1.35164
45.1 0.753199
45.2 2.14044
45.3 0.572172
45.4 0.863977
45.5 -0.854978
45.6 -0.255048
45.7 0.277709
45.8 -1.9241
45.9 -3.91395
46 -2.54644
46.1 1.52585
46.2 0.995137
46.3 1.73593
46.4 1.40644
46.5 0.00501053
46.6 0.796138
46.7 -1.56822
46.8 -0.517021
46.9 -1.71354
47 0.415914
47.1 -1.34921
47.2 -0.13358
47.3 0.785764
47.4 -1.47213
47.5 -2.05523
47.6 -3.36877
47.7 -3.09096
47.8 -1.03353
47.9 -2.54135
48 -0.973323
48.1 -0.185049
48.2 -1.43406
48.3 -2.25008
48.4 -2.53972
48.5 2.42655
48.6 1.65676
48.7 2.12632
48.8 -0.397704
48.9 0.821003
49 -0.949057
49.1 -1.71923
49.2 -1.67595
49.3 -2.34282
49.4 -0.422745
49.5 -2.81028
49.6 -4.47296
49.7 -1.56987
49.8 -1.99499
49.9 -1.96577
