0 -0.647467
0.1 -1.55768
0.2 1.11175
0.3 0.120789
0.4 -0.449157
0.5 -1.16517
0.6 -3.17531
0.7 -0.0570774
0.8 -1.86719
0.9 -0.639974
1 -1.53669
1.1 -2.8556
1.2 -0.31957
1.3 0.319393
1.4 -0.173611
1.5 -0.101954
1.6 0.772212
1.7 0.923715
1.8 0.744325
1.9 -0.562975
2 1.17308
2.1 -0.399455
2.2 1.10252
2.3 0.153404
2.4 0.276872
2.5 -2.14316
2.6 0.214948
2.7 1.18621
2.8 0.196932
2.9 -1.01642
3 -2.70642
3.1 1.04486
3.2 0.47076
3.3 1.21027
3.4 0.760713
3.5 0.196671
3.6 -0.383501
3.7 -1.83362
3.8 -2.96165
3.9 0.0257597
4 -2.35307
4.1 -2.46907
4.2 -1.31403
4.3 -0.711755
4.4 0.266879
4.5 2.22039
4.6 1.49567
4.7 -2.1807
4.8 -1.09796
4.9 1.34948
5 -1.33587
5.1 -0.545614
5.2 -0.112554
5.3 -0.42747
5.4 -1.1704
5.5 -1.87568
5.6 0.594003
5.7 0.037335
5.8 0.27441
5.9 0.412327
6 -1.51815
6.1 0.375766
6.2 -0.704375
6.3 -2.0344
6.4 -1.47833
6.5 -2.41148
6.6 0.03646
6.7 -1.14192
6.8 -2.78611
6.9 -1.71938
7 0.113777
7.1 -0.34992
7.2 -0.888027
7.3 -0.861389
7.4 0.35229
7.5 0.704678
7.6 2.10452
7.7 2.05248
7.8 0.0430474
7.9 0.768093
8 -1.44679
8.1 -0.198969
8.2 -2.0969
8.3 -2.42794
8.4 0.670956
8.5 -0.791763
8.6 -1.15834
8.7 -1.05567
8.8 -1.61649
8.9 -1.43443
9 0.35899
9.1 -0.458927
9.2 0.917297
9.3 0.58284
9.4 0.654351
9.5 -0.212736
9.6 -0.772141
9.7 -1.58634
9.8 0.266861
9.9 -1.24032
10 0.987226
10.1 -1.05292
10.2 1.61625
10.3 -0.381629
10.4 -0.566067
10.5 -1.50551
10.6 1.77172
10.7 0.959271
10.8 0.0878598
10.9 1.08182
11 -0.101018
11.1 1.28459
11.2 -0.107969
11.3 -0.130587
11.4 0.0582573
11.5 -1.88694
11.6 -0.778354
11.7 -0.789539
11.8 -0.090544
11.9 0.0196556
12 -0.276929
12.1 -0.0196361
12.2 1.84312
12.3 2.19323
12.4 2.19117
12.5 1.36916
12.6 1.25098
12.7 0.498534
12.8 1.13251
12.9 0.32104
13 -0.69354
13.1 -1.1874
13.2 -2.18034
13.3 -2.06257
13.4 -0.950905
13.5 0.287468
13.6 2.1698
13.7 1.23004
13.8 3.33941
13.9 1.05531
14 -0.364236
14.1 1.38967
14.2 1.03267
14.3 -1.48067
14.4 0.941674
14.5 2.69073
14.6 1.32752
14.7 -0.808998
14.8 0.568265
14.9 0.354832
15 0.473773
15.1 -1.22134
15.2 1.5289
15.3 0.406461
15.4 -1.28714
15.5 0.583907
15.6 1.56461
15.7 1.00699
15.8 2.02244
15.9 -0.745302
16 0.107429
16.1 1.46987
16.2 -0.522422
16.3 0.433582
16.4 -0.52327
16.5 0.0880847
16.6 0.099409
16.7 -0.615668
16.8 -1.40698
16.9 -3.42049
17 1.21156
17.1 0.232741
17.2 0.400281
17.3 0.0407487
17.4 -0.207808
17.5 1.12008
17.6 1.08318
17.7 -0.126858
17.8 -0.645729
17.9 -0.787462
18 0.23558
18.1 -0.916801
18.2 -0.563291
18.3 -1.94775
18.4 -0.75212
18.5 -1.41408
18.6 -0.721098
18.7 -0.213061
18.8 0.17637
18.9 -1.45215
19 0.594185
19.1 2.32601
19.2 -0.7843
19.3 -0.910128
19.4 -0.250612
19.5 -1.12613
19.6 -1.87723
19.7 0.746604
19.8 -1.20556
19.9 1.37799
20 1.40812
20.1 0.487793
20.2 0.591218
20.3 -0.444672
20.4 -1.81839
20.5 -0.531343
20.6 0.0583188
20.7 -0.963586
20.8 -0.346629
20.9 -0.0886127
21 0.296723
21.1 2.87593
21.2 1.75041
21.3 -0.759128
21.4 0.524056
21.5 4.1674
21.6 4.51691
21.7 0.696703
21.8 2.35301
21.9 0.233642
22 0.292072
22.1 1.99015
22.2 -2.71019
22.3 0.597787
22.4 0.722986
22.5 -0.831602
22.6 0.470114
22.7 3.23211
22.8 0.658429
22.9 1.18539
23 -0.154684
23.1 0.200526
23.2 -1.07207
23.3 -0.877094
23.4 -0.637401
23.5 0.926976
23.6 0.658975
23.7 -1.31469
23.8 -1.89232
23.9 -2.38423
24 0.283632
24.1 1.13619
24.2 -0.262838
24.3 -2.46749
24.4 0.967264
24.5 2.01593
24.6 0.548221
24.7 0.75132
24.8 -2.01969
24.9 -0.317974
25 0.662387
25.1 0.352908
25.2 0.963371
25.3 -0.325848
25.4 -0.807049
25.5 -3.31413
25.6 0.0401048
25.7 1.31007
25.8 -1.03486
25.9 -1.4464
26 -0.601869
26.1 -0.481783
26.2 -0.318861
26.3 -0.452863
26.4 1.37435
26.5 -0.218643
26.6 -1.41518
26.7 -0.003729
26.8 -0.507462
26.9 1.14383
27 0.765137
27.1 -0.773809
27.2 2.47145
27.3 2.7552
27.4 0.227907
27.5 0.230347
27.6 0.805541
27.7 -0.451794
27.8 1.2361
27.9 2.96018
28 0.557218
28.1 0.103893
28.2 -0.282228
28.3 -0.734263
28.4 -2.36866
28.5 2.05265
28.6 -1.34442
28.7 1.02964
28.8 -0.559048
28.9 0.391525
29 -0.646225
29.1 -0.100383
29.2 -0.242219
29.3 0.563437
29.4 -0.0427535
29.5 1.50067
29.6 -0.403306
29.7 1.31148
29.8 0.894702
29.9 0.27027
30 -0.775775
30.1 0.578349
30.2 -0.825714
30.3 -1.32597
30.4 -2.61228
30.5 1.01197
30.6 -0.978199
30.7 -1.91856
30.8 -2.10836
30.9 -1.66217
31 -1.33312
31.1 0.596901
31.2 0.550015
31.3 1.17654
31.4 0.468368
31.5 0.326308
31.6 -1.44027
31.7 -0.360094
31.8 -1.29312
31.9 0.284033
32 0.465751
32.1 1.46391
32.2 -0.193184
32.3 -2.39766
32.4 1.30923
32.5 0.827018
32.6 0.256152
32.7 0.00809781
32.8 -0.517562
32.9 2.24743
33 2.06735
33.1 1.48349
33.2 -0.354858
33.3 -1.4006
33.4 1.08234
33.5 -0.71094
33.6 -2.9556
33.7 -1.05788
33.8 -0.957951
33.9 -1.63528
34 -3.98476
34.1 -0.660773
34.2 -1.13037
34.3 -0.73738
34.4 -1.48232
34.5 1.52394
34.6 -1.6131
34.7 0.619877
34.8 -0.13532
34.9 1.69948
35 0.335833
35.1 -1.40478
35.2 -3.30678
35.3 1.3076
35.4 0.679548
35.5 -1.25574
35.6 -0.102519
35.7 -0.132013
35.8 1.73948
35.9 2.08973
36 0.249934
36.1 -0.549445
36.2 1.12675
36.3 -0.804601
36.4 1.25888
36.5 -0.28264
36.6 0.708335
36.7 -0.449448
36.8 -0.076515
36.9 2.4403
37 0.483929
37.1 0.534344
37.2 1.33369
37.3 0.182856
37.4 -1.01714
37.5 0.603983
37.6 -0.352172
37.7 -0.167448
37.8 0.158118
37.9 -0.61289
38 1.80937
38.1 1.509
38.2 0.0978863
38.3 -0.874497
38.4 0.807948
38.5 1.69604
38.6 0.826622
38.7 -0.179467
38.8 0.838371
38.9 0.420636
39 -0.533973
39.1 0.168497
39.2 -0.34525
39.3 -2.3731
39.4 -1.07998
39.5 1.19394
39.6 1.20971
39.7 -0.534175
39.8 0.993593
39.9 2.2566
40 2.36844
40.1 -0.79195
40.2 -0.0872965
40.3 2.62136
40.4 -1.41106
40.5 -1.31292
40.6 -1.9065
40.7 0.0333622
40.8 0.736914
40.9 0.751764
41 0.185441
41.1 -1.75923
41.2 1.1691
41.3 3.76124
41.4 2.70868
41.5 -0.683194
41.6 0.652272
41.7 -0.112174
41.8 2.39925
41.9 -0.378825
42 -0.619017
42.1 -1.58136
42.2 -0.812211
42.3 0.525872
42.4 -0.841581
42.5 -2.39461
42.6 0.562292
42.7 -0.732629
42.8 0.639762
42.9 -0.342285
43 1.77143
43.1 3.46778
43.2 2.31448
43.3 1.18511
43.4 -1.14807
43.5 0.389645
43.6 1.21096
43.7 2.54303
43.8 0.506045
43.9 -0.873482
44 -0.197489
44.1 -0.199655
44.2 0.776805
44.3 -1.50634
44.4 0.441561
44.5 1.12689
44.6 -0.166785
44.7 1.16315
44.8 -0.331661
44.9 -1.2572
45 0.709444
45.1 -1.22345
45.2 1.04331
45.3 0.242628
45.4 -1.20252
45.5 -1.16357
45.6 0.786827
45.7 -1.1916
45.8 -1.81963
45.9 0.0393521
46 -1.35018
46.1 2.20323
46.2 -0.147139
46.3 -1.08888
46.4 1.23729
46.5 -0.349816
46.6 1.41978
46.7 1.77949
46.8 0.15442
46.9 0.766972
47 2.36021
47.1 0.199278
47.2 0.653985
47.3 0.849291
47.4 0.196419
47.5 -1.60213
47.6 -0.225185
47.7 -2.49606
47.8 2.67979
47.9 -0.118487
48 -1.84736
48.1 -0.392494
48.2 -0.392079
48.3 1.27276
48.4 -0.656716
48.5 -0.626281
48.6 2.0896
48.7 0.73186
48.8 -0.31371
48.9 0.399471
49 -1.60502
49.1 0.808345
49.2 0.359727
49.3 1.73455
49.4 -2.07671
49.5 0.313257
49.6 0.787234
49.7 0.487067
49.8 0.39748
49.9 -0.736295
