0 -1.24381
0.1 0.344951
0.2 -1.81462
0.3 0.104738
0.4 -1.13375
0.5 -0.189356
0.6 0.15327
0.7 -0.0557241
0.8 -0.675228
0.9 0.00169534
1 -0.60133
1.1 0.627155
1.2 0.738501
1.3 1.81226
1.4 -0.462866
1.5 -0.237277
1.6 2.33032
1.7 0.126496
1.8 0.223402
1.9 0.272078
2 -0.195007
2.1 -0.672051
2.2 -0.0192098
2.3 0.914972
2.4 -0.900572
2.5 -0.328591
2.6 -0.651702
2.7 -0.701357
2.8 -1.18633
2.9 0.863569
3 1.07676
3.1 0.631831
3.2 1.86389
3.3 0.0112487
3.4 0.245476
3.5 0.0158348
3.6 0.470356
3.7 0.33941
3.8 -1.56157
3.9 0.385768
4 -2.82674
4.1 -0.787772
4.2 -0.284311
4.3 1.099
4.4 -2.08622
4.5 -1.36761
4.6 0.0610912
4.7 0.216579
4.8 0.542158
4.9 0.402749
5 1.43302
5.1 0.0873456
5.2 2.13686
5.3 0.799319
5.4 -1.38841
5.5 -0.677436
5.6 0.27872
5.7 -0.315501
5.8 0.505878
5.9 1.001
6 -0.597349
6.1 -1.79933
6.2 0.751555
6.3 1.9663
6.4 0.683034
6.5 0.899746
6.6 0.0491879
6.7 0.550119
6.8 0.49321
6.9 1.33123
7 -0.0138495
7.1 0.715437
7.2 0.421739
7.3 -0.132083
7.4 0.527062
7.5 0.139654
7.6 1.32895
7.7 -1.49815
7.8 -0.837198
7.9 -0.097274
8 -0.173856
8.1 -0.0799096
8.2 0.233375
8.3 0.574829
8.4 0.322509
8.5 -0.115278
8.6 1.07167
8.7 0.102591
8.8 0.218693
8.9 0.742099
9 1.59672
9.1 1.22752
9.2 0.444549
9.3 0.0436277
9.4 0.363983
9.5 0.170693
9.6 -1.19818
9.7 2.88367
9.8 -0.0520934
9.9 0.546096
10 1.04701
10.1 -0.0729574
10.2 -2.77522
10.3 -0.476743
10.4 -1.03681
10.5 2.6182
10.6 0.335353
10.7 1.78963
10.8 0.31349
10.9 0.567778
11 2.73146
11.1 1.41958
11.2 0.241241
11.3 -2.25665
11.4 -0.53898
11.5 -1.97155
11.6 -0.405899
11.7 0.10396
11.8 -2.0601
11.9 0.771376
12 0.681198
12.1 -0.298987
12.2 1.04287
12.3 -0.0758713
12.4 1.61874
12.5 1.91578
12.6 1.87874
12.7 0.0672267
12.8 1.05379
12.9 1.26963
13 -1.40217
13.1 -0.680477
13.2 0.6573
13.3 1.40016
13.4 -1.06757
13.5 -0.714654
13.6 -0.8738
13.7 0.496997
13.8 -1.41084
13.9 -2.57359
14 2.1394
14.1 0.789119
14.2 0.785826
14.3 0.45799
14.4 -0.735614
14.5 0.312643
14.6 -0.534339
14.7 0.22265
14.8 0.155938
14.9 -0.448921
15 0.907496
15.1 0.854676
15.2 -0.710906
15.3 0.719552
15.4 -3.05467
15.5 0.0803622
15.6 -1.57085
15.7 -0.890958
15.8 -0.759588
15.9 -0.0847056
16 0.527312
16.1 -0.103687
16.2 0.0543828
16.3 1.18661
16.4 -0.0131452
16.5 -0.790176
16.6 -1.01493
16.7 -0.75136
16.8 0.360183
16.9 -0.142904
17 -0.456805
17.1 -1.26786
17.2 -1.72017
17.3 1.11822
17.4 0.555282
17.5 1.5919
17.6 -0.251892
17.7 2.76736
17.8 1.62666
17.9 2.13356
18 0.731052
18.1 -0.380183
18.2 -0.0272758
18.3 0.858707
18.4 0.305251
18.5 -0.183077
18.6 0.685701
18.7 -0.484169
18.8 -0.873445
18.9 0.534956
19 0.680136
19.1 0.397193
19.2 1.65059
19.3 0.353781
19.4 -0.84573
19.5 -1.1603
19.6 0.0786359
19.7 1.61608
19.8 -0.631904
19.9 -1.11203
20 -3.24945
20.1 -3.57168
20.2 -1.29029
20.3 -0.998505
20.4 -0.504969
20.5 1.53321
20.6 0.629263
20.7 -2.06642
20.8 0.161495
20.9 0.586886
21 0.193471
21.1 2.28748
21.2 1.925
21.3 1.57722
21.4 -0.404076
21.5 0.314041
21.6 -0.800931
21.7 -0.47769
21.8 0.803282
21.9 1.21994
22 -0.0261123
22.1 -0.368629
22.2 -0.646656
22.3 -0.428906
22.4 0.116599
22.5 -0.00644238
22.6 -1.53319
22.7 0.361965
22.8 1.73714
22.9 -1.35539
23 -0.0825378
23.1 -0.550306
23.2 -2.08145
23.3 -2.80276
23.4 0.373963
23.5 -1.3603
23.6 0.238684
23.7 0.155107
23.8 0.301399
23.9 -1.09274
24 1.25405
24.1 0.476464
24.2 -0.636884
24.3 -0.102894
24.4 -1.03169
24.5 -1.30778
24.6 -0.13518
24.7 0.379902
24.8 -0.941069
24.9 -0.113399
25 -0.404042
25.1 1.0183
25.2 0.177548
25.3 -4.17068
25.4 0.287588
25.5 -1.12772
25.6 1.14857
25.7 1.07415
25.8 -0.624578
25.9 0.388546
26 0.613573
26.1 0.0774039
26.2 1.29493
26.3 -0.175653
26.4 0.993143
26.5 -1.98332
26.6 0.912831
26.7 0.713258
26.8 1.63515
26.9 -0.339104
27 -1.331
27.1 0.210909
27.2 -1.14465
27.3 -0.753374
27.4 1.25398
27.5 0.532517
27.6 0.579956
27.7 -0.681636
27.8 0.329445
27.9 0.778949
28 0.591302
28.1 -0.343792
28.2 0.829121
28.3 0.752835
28.4 0.0145147
28.5 0.981258
28.6 0.632174
28.7 -0.496967
28.8 -0.389611
28.9 -2.50339
29 1.30153
29.1 1.04531
29.2 0.21039
29.3 -0.374302
29.4 -1.57216
29.5 0.695338
29.6 -0.573978
29.7 0.333408
29.8 1.42809
29.9 -0.0602216
30 -0.555131
30.1 2.91706
30.2 0.99059
30.3 0.0950277
30.4 0.371496
30.5 2.42906
30.6 -0.0804818
30.7 0.28483
30.8 1.34618
30.9 1.95091
31 0.112462
31.1 -1.15332
31.2 -1.06946
31.3 -1.43144
31.4 -1.14787
31.5 0.561959
31.6 -0.625693
31.7 -1.27229
31.8 -0.596868
31.9 -0.203592
32 1.06137
32.1 1.26831
32.2 0.71557
32.3 -1.37844
32.4 0.190072
32.5 0.00389068
32.6 -0.0722188
32.7 -0.216809
32.8 -1.36736
32.9 -0.25389
33 0.261057
33.1 0.815813
33.2 -0.21185
33.3 0.711166
33.4 0.0402016
33.5 0.941829
33.6 0.00351311
33.7 -2.38604
33.8 0.491787
33.9 0.179693
34 1.51163
34.1 -0.15128
34.2 0.701273
34.3 -0.546982
34.4 0.178464
34.5 -1.82658
34.6 -0.609189
34.7 0.625101
34.8 1.76302
34.9 0.228739
35 0.755497
35.1 0.196041
35.2 1.39786
35.3 -0.191371
35.4 -0.240604
35.5 0.49438
35.6 0.338795
35.7 -1.58174
35.8 -2.17938
35.9 -0.515719
36 1.17434
36.1 0.620126
36.2 -0.102662
36.3 0.517488
36.4 0.292973
36.5 -0.130005
36.6 1.15959
36.7 -1.32075
36.8 -3.13736
36.9 -0.192318
37 0.358775
37.1 -0.179962
37.2 0.942428
37.3 2.14291
37.4 0.836522
37.5 -0.696817
37.6 2.80152
37.7 0.92501
37.8 -1.50788
37.9 -0.561126
38 -0.491728
38.1 -0.103297
38.2 1.31979
38.3 3.62856
38.4 0.308486
38.5 0.595043
38.6 0.347247
38.7 1.35962
38.8 0.984567
38.9 -0.572468
39 -3.02226
39.1 0.241155
39.2 -1.15868
39.3 -1.91547
39.4 -1.55188
39.5 -0.917774
39.6 -0.867535
39.7 0.160596
39.8 2.00811
39.9 -0.768621
40 -1.0557
40.1 0.0915297
40.2 2.53071
40.3 0.381612
40.4 1.42801
40.5 1.6641
40.6 -0.940564
40.7 -0.227062
40.8 0.29358
40.9 0.0585378
41 1.87605
41.1 0.192653
41.2 0.0820584
41.3 -0.645784
41.4 -2.09548
41.5 -2.25516
41.6 0.214357
41.7 -1.19265
41.8 1.60275
41.9 0.124295
42 1.53159
42.1 -0.423868
42.2 0.287519
42.3 -0.758232
42.4 -0.806444
42.5 -0.313726
42.6 -2.10184
42.7 0.42654
42.8 0.66331
42.9 0.0281836
43 1.7749
43.1 0.087603
43.2 -1.10207
43.3 1.02577
43.4 1.62812
43.5 0.0257878
43.6 0.283326
43.7 1.71661
43.8 1.01984
43.9 -0.528975
44 -1.77027
44.1 -2.25362
44.2 -1.18451
44.3 1.08361
44.4 -2.21145
44.5 1.49753
44.6 -1.66167
44.7 -0.276504
44.8 -1.3483
44.9 -0.320641
45 -1.25223
45.1 1.04016
45.2 1.17325
45.3 -1.84828
45.4 -0.0780432
45.5 -1.29464
45.6 1.15329
45.7 0.542577
45.8 -1.28321
45.9 1.24077
46 1.27661
46.1 0.935404
46.2 -1.23225
46.3 -0.0606753
46.4 -1.92518
46.5 0.483589
46.6 -2.76956
46.7 -1.42506
46.8 0.607634
46.9 -1.41887
47 -1.14898
47.1 1.14959
47.2 -0.16259
47.3 1.20365
47.4 0.0230727
47.5 -0.592905
47.6 -1.18744
47.7 -0.0738418
47.8 -0.516555
47.9 -1.92316
48 -1.95438
48.1 0.0925569
48.2 -0.668919
48.3 0.823431
48.4 -2.16959
48.5 -0.875399
48.6 -0.448829
48.7 0.828359
48.8 -1.24086
48.9 0.0314969
49 -1.38121
49.1 -0.00392543
49.2 -0.663896
49.3 0.529587
49.4 -1.14386
49.5 -2.84848
49.6 0.609769
49.7 1.54568
49.8 -0.656196
49.9 -0.35174
