0 -0.364819
0.1 0.783765
0.2 0.643607
0.3 1.69718
0.4 -0.84828
0.5 0.963797
0.6 0.203003
0.7 -0.57032
0.8 0.957787
0.9 -0.361258
1 -1.12489
1.1 -0.621952
1.2 -1.35136
1.3 1.507
1.4 -1.29043
1.5 -0.947717
1.6 0.156317
1.7 -1.5529
1.8 -1.49429
1.9 -0.171304
2 -0.597076
2.1 -0.313723
2.2 1.02331
2.3 -2.10583
2.4 -2.05665
2.5 1.1617
2.6 -0.0492844
2.7 0.472626
2.8 0.444788
2.9 1.09183
3 -0.116029
3.1 -1.05979
3.2 0.240355
3.3 -0.903851
3.4 -0.795713
3.5 -0.154174
3.6 -0.552863
3.7 0.0767734
3.8 0.465205
3.9 1.05216
4 -2.64731
4.1 0.251188
4.2 -0.0854119
4.3 0.828043
4.4 -0.23685
4.5 -0.467109
4.6 2.39296
4.7 0.412916
4.8 -0.149675
4.9 -0.297601
5 -1.49301
5.1 0.437369
5.2 0.109928
5.3 -1.19909
5.4 -1.79445
5.5 -0.000923699
5.6 -0.425616
5.7 0.36388
5.8 -2.85053
5.9 -0.675182
6 0.175382
6.1 0.263518
6.2 0.808728
6.3 0.142652
6.4 -0.569009
6.5 -2.08755
6.6 0.319817
6.7 1.19676
6.8 0.213753
6.9 -0.587837
7 -0.851484
7.1 -2.47514
7.2 -1.50565
7.3 -0.726886
7.4 0.753814
7.5 -1.59322
7.6 0.315709
7.7 1.50084
7.8 0.238002
7.9 -0.146586
8 0.185964
8.1 1.67355
8.2 -0.389219
8.3 0.649619
8.4 1.11388
8.5 -1.25756
8.6 -1.12295
8.7 -0.378096
8.8 0.524325
8.9 0.994103
9 0.920841
9.1 -2.84932
9.2 0.198761
9.3 0.68678
9.4 0.184914
9.5 0.387875
9.6 -0.21065
9.7 -0.0366894
9.8 1.43969
9.9 0.366916
10 -0.346349
10.1 -0.374118
10.2 -0.381042
10.3 -0.603896
10.4 0.770712
10.5 -0.583573
10.6 0.363719
10.7 -2.57119
10.8 0.679535
10.9 1.03169
11 -0.043376
11.1 -0.822235
11.2 0.65779
11.3 1.30819
11.4 2.51123
11.5 1.92901
11.6 0.144303
11.7 0.342948
11.8 1.64051
11.9 -0.571962
12 0.374138
12.1 -0.912452
12.2 0.470514
12.3 -1.26365e-05
12.4 -1.53853
12.5 -0.196336
12.6 -0.142851
12.7 -1.40638
12.8 -1.81299
12.9 0.293939
13 0.910091
13.1 -2.127
13.2 -0.324815
13.3 -0.422709
13.4 -1.0542
13.5 0.399967
13.6 1.90297
13.7 -2.59253
13.8 -2.31353
13.9 -2.87848
14 1.36462
14.1 1.13297
14.2 0.318772
14.3 -0.842717
14.4 1.30634
14.5 0.318669
14.6 -0.322508
14.7 -0.137215
14.8 -0.697267
14.9 -1.2396
15 0.03472
15.1 -0.189426
15.2 0.51227
15.3 -0.56328
15.4 -2.59754
15.5 -0.81091
15.6 1.12356
15.7 -0.154769
15.8 -0.247732
15.9 2.64016
16 0.0695391
16.1 0.994916
16.2 2.77314
16.3 2.61662
16.4 -0.442515
16.5 -0.453414
16.6 -1.54683
16.7 -0.514018
16.8 -0.88413
16.9 -1.68051
17 0.695128
17.1 0.137322
17.2 0.785143
17.3 -0.628064
17.4 1.10126
17.5 -1.46836
17.6 0.820311
17.7 -1.21733
17.8 -1.95303
17.9 0.532667
18 1.18919
18.1 0.696029
18.2 -0.707743
18.3 -1.85847
18.4 1.96453
18.5 1.04916
18.6 -1.55915
18.7 -0.507023
18.8 0.659339
18.9 -0.10458
19 -0.78954
19.1 -0.248324
19.2 0.38878
19.3 -2.08973
19.4 -0.731538
19.5 0.811268
19.6 0.666236
19.7 0.698479
19.8 -0.685516
19.9 0.402196
20 1.47407
20.1 0.282148
20.2 0.0764507
20.3 -0.855867
20.4 0.549408
20.5 -0.252928
20.6 0.0776975
20.7 0.468048
20.8 1.26473
20.9 0.026826
21 0.493817
21.1 0.190787
21.2 -0.966421
21.3 -0.938972
21.4 -1.27169
21.5 1.56657
21.6 1.64117
21.7 0.753072
21.8 -0.789539
21.9 -2.3612
22 -3.50431
22.1 -1.54731
22.2 0.411643
22.3 0.548134
22.4 -0.0541008
22.5 0.411939
22.6 -0.0451706
22.7 1.73052
22.8 0.739867
22.9 -2.91935
23 1.05411
23.1 1.3199
23.2 2.08929
23.3 3.17056
23.4 -0.0903493
23.5 0.184162
23.6 1.16991
23.7 -0.434891
23.8 0.228041
23.9 -0.60211
24 -0.690347
24.1 -2.25679
24.2 -0.390247
24.3 -0.427555
24.4 -0.430168
24.5 -2.14764
24.6 0.480376
24.7 0.665403
24.8 -1.59083
24.9 0.974206
25 2.44512
25.1 -0.0459708
25.2 -0.957517
25.3 0.288656
25.4 0.38251
25.5 1.31542
25.6 1.00471
25.7 -0.548916
25.8 1.07752
25.9 0.505465
26 -0.400254
26.1 -0.361527
26.2 -0.832659
26.3 -0.0163624
26.4 0.489245
26.5 1.70366
26.6 0.983276
26.7 0.735796
26.8 0.140064
26.9 2.19764
27 -0.692535
27.1 1.85643
27.2 1.40791
27.3 -0.875427
27.4 1.21892
27.5 0.534524
27.6 0.358982
27.7 -2.82078
27.8 -1.26714
27.9 -1.2515
28 -0.297941
28.1 0.912707
28.2 -0.673102
28.3 0.84888
28.4 -1.46553
28.5 -2.21684
28.6 1.00526
28.7 0.887794
28.8 0.690459
28.9 -0.121923
29 -1.85379
29.1 -0.405534
29.2 -2.39335
29.3 -0.487696
29.4 0.779195
29.5 1.20522
29.6 0.0978377
29.7 1.4637
29.8 -1.98953
29.9 -0.861229
30 -0.795344
30.1 0.177583
30.2 1.00967
30.3 1.33873
30.4 0.594174
30.5 -1.03738
30.6 2.34076
30.7 1.36072
30.8 0.703638
30.9 0.999939
31 -0.293094
31.1 -1.01889
31.2 -0.203076
31.3 -0.0333095
31.4 -0.144919
31.5 -2.05704
31.6 1.23886
31.7 -1.22882
31.8 -0.310522
31.9 0.206536
32 -0.0545841
32.1 -1.1541
32.2 0.899538
32.3 0.698799
32.4 1.20874
32.5 0.516324
32.6 -2.87727
32.7 -0.387887
32.8 2.54811
32.9 -0.43873
33 -0.10664
33.1 -0.0774063
33.2 1.46017
33.3 1.11945
33.4 -1.29356
33.5 -0.687364
33.6 -1.92939
33.7 2.12608
33.8 -1.87347
33.9 -0.557121
34 -0.39652
34.1 -0.134129
34.2 2.74549
34.3 -1.09974
34.4 2.73908
34.5 1.32204
34.6 0.788144
34.7 1.0509
34.8 -3.57775
34.9 0.0437198
35 -0.123309
35.1 -0.558378
35.2 -0.990591
35.3 -0.0407951
35.4 0.0338593
35.5 1.03085
35.6 0.520549
35.7 -1.3022
35.8 -0.172561
35.9 -0.385261
36 -0.369617
36.1 -0.0752257
36.2 1.38003
36.3 2.68242
36.4 0.948763
36.5 0.224227
36.6 0.492766
36.7 -0.127401
36.8 0.174019
36.9 -0.606404
37 -2.40565
37.1 -0.247974
37.2 1.33326
37.3 1.40187
37.4 -0.631971
37.5 -0.91447
37.6 -2.04525
37.7 -0.169732
37.8 -0.898193
37.9 1.26082
38 1.20035
38.1 -2.27892
38.2 0.0470251
38.3 0.843233
38.4 1.85111
38.5 1.42163
38.6 0.164879
38.7 0.509429
38.8 -1.43334
38.9 -0.433223
39 -0.928871
39.1 0.587041
39.2 -0.69045
39.3 -1.20722
39.4 1.27246
39.5 0.832161
39.6 0.051856
39.7 -1.06095
39.8 0.105497
39.9 -0.741207
40 -0.0459717
40.1 0.780512
40.2 0.995789
40.3 -0.0547037
40.4 -0.903001
40.5 -1.01588
40.6 0.0047304
40.7 -0.397813
40.8 -0.688417
40.9 0.122705
41 1.43008
41.1 0.625208
41.2 0.314123
41.3 0.195081
41.4 -1.88464
41.5 0.317483
41.6 -0.923072
41.7 -1.14019
41.8 -1.74041
41.9 -1.66572
42 -0.923152
42.1 0.0996547
42.2 -0.54544
42.3 0.310607
42.4 -0.552954
42.5 0.400682
42.6 0.541737
42.7 0.544901
42.8 1.11026
42.9 0.267906
43 1.54025
43.1 -0.115216
43.2 -1.82289
43.3 -0.6589
43.4 -1.93423
43.5 1.22102
43.6 -0.121609
43.7 -2.5404
43.8 -0.912439
43.9 -0.878886
44 -0.136229
44.1 2.36575
44.2 -0.14681
44.3 -0.321106
44.4 0.771551
44.5 -1.48949
44.6 0.314175
44.7 2.72663
44.8 -0.459708
44.9 0.161707
45 1.60582
45.1 -1.24376
45.2 -0.499221
45.3 1.83577
45.4 1.73795
45.5 1.77873
45.6 -0.47821
45.7 -1.39128
45.8 0.369625
45.9 0.323081
46 0.0156382
46.1 0.449275
46.2 0.603126
46.3 0.655283
46.4 -1.04537
46.5 0.642662
46.6 -0.46428
46.7 1.51392
46.8 2.18365
46.9 -0.91551
47 0.923789
47.1 -0.972118
47.2 -2.91165
47.3 -0.293609
47.4 -1.02274
47.5 1.05925
47.6 0.292035
47.7 0.715233
47.8 0.654112
47.9 -0.795604
48 -1.67314
48.1 1.00506
48.2 1.01061
48.3 0.62696
48.4 -0.909672
48.5 -1.13474
48.6 0.922148
48.7 0.00227273
48.8 -1.40933
48.9 0.614656
49 1.83145
49.1 1.69076
49.2 2.217
49.3 0.660328
49.4 3.2053
49.5 1.35773
49.6 2.07441
49.7 1.68124
49.8 3.91472
49.9 -0.451414
