0 -0.096551
0.1 -1.29447
0.2 -0.785123
0.3 0.0881135
0.4 0.0649255
0.5 -0.195374
0.6 -1.3764
0.7 -0.736349
0.8 -4.36533
0.9 -2.47445
1 -1.59657
1.1 0.638083
1.2 -1.3448
1.3 0.586779
1.4 -1.32506
1.5 2.34793
1.6 -0.386924
1.7 1.8181
1.8 -1.48278
1.9 -1.54764
2 -2.10854
2.1 -1.44725
2.2 -0.0857727
2.3 0.62512
2.4 0.498886
2.5 -0.850644
2.6 -0.00897575
2.7 -2.00471
2.8 -1.68518
2.9 0.439539
3 2.1338
3.1 3.73217
3.2 0.637873
3.3 0.381907
3.4 1.86382
3.5 1.40282
3.6 0.222032
3.7 -1.62096
3.8 -2.04273
3.9 -0.36719
4 -2.43791
4.1 1.4457
4.2 -2.43568
4.3 -0.612565
4.4 -1.84566
4.5 1.11575
4.6 1.01361
4.7 1.26858
4.8 0.795978
4.9 -0.705291
5 -1.99125
5.1 -2.46648
5.2 -3.05185
5.3 -2.63686
5.4 0.0886559
5.5 -0.731713
5.6 -1.55427
5.7 1.26026
5.8 0.147049
5.9 2.80427
6 0.485405
6.1 0.224257
6.2 -1.75426
6.3 0.77064
6.4 0.301126
6.5 0.333846
6.6 -1.72093
6.7 1.5293
6.8 0.785816
6.9 0.850307
7 -0.894804
7.1 -0.308
7.2 -0.133959
7.3 -1.28529
7.4 -0.707692
7.5 0.136657
7.6 0.993009
7.7 -0.589404
7.8 -0.816636
7.9 0.138142
8 5.25421
8.1 1.56099
8.2 3.8445
8.3 -0.975468
8.4 -0.0672368
8.5 0.415231
8.6 2.04112
8.7 0.794394
8.8 1.19997
8.9 -0.973458
9 0.203978
9.1 1.64914
9.2 -1.21857
9.3 -1.17082
9.4 0.977627
9.5 1.49068
9.6 2.87066
9.7 -0.420404
9.8 1.71734
9.9 -0.368147
10 -0.648876
10.1 -2.86561
10.2 -1.02767
10.3 0.805656
10.4 0.486152
10.5 -0.812561
10.6 0.375112
10.7 -2.05665
10.8 -2.87591
10.9 -1.61608
11 0.0405859
11.1 -0.915865
11.2 -1.30495
11.3 -0.895351
11.4 -0.257095
11.5 -1.2566
11.6 1.24513
11.7 2.51315
11.8 2.84652
11.9 1.33932
12 -0.12002
12.1 0.824152
12.2 1.79249
12.3 0.245694
12.4 -1.67995
12.5 1.19077
12.6 0.0315752
12.7 0.627702
12.8 -1.81804
12.9 -0.0114633
13 -1.22381
13.1 -0.411141
13.2 -0.176269
13.3 -2.42265
13.4 0.92551
13.5 -0.833757
13.6 0.589137
13.7 -2.52171
13.8 -0.771021
13.9 -2.21718
14 -1.14428
14.1 -0.213983
14.2 0.225363
14.3 0.896309
14.4 -0.0598859
14.5 0.569483
14.6 -0.0527258
14.7 -1.15013
14.8 0.279944
14.9 -0.43097
15 -0.705785
15.1 -0.117731
15.2 -0.355053
15.3 1.82472
15.4 0.0118072
15.5 2.46644
15.6 0.947828
15.7 1.19922
15.8 0.961714
15.9 0.204387
16 0.0751678
16.1 -3.291
16.2 -0.699878
16.3 -1.51879
16.4 -0.248447
16.5 0.137429
16.6 0.62015
16.7 -1.25084
16.8 -1.19998
16.9 -1.7696
17 1.11789
17.1 0.584024
17.2 1.45396
17.3 1.85457
17.4 0.147587
17.5 2.43381
17.6 1.7634
17.7 -0.872511
17.8 -2.3022
17.9 -1.0947
18 0.270346
18.1 -0.459748
18.2 0.22587
18.3 -0.571763
18.4 0.937233
18.5 1.00952
18.6 0.812808
18.7 0.156959
18.8 0.965769
18.9 -2.73559
19 -3.00662
19.1 -1.68349
19.2 0.22065
19.3 -1.74539
19.4 -1.25976
19.5 1.89168
19.6 -1.21636
19.7 -0.725846
19.8 0.607621
19.9 -1.03788
20 -0.519323
20.1 -1.47985
20.2 -0.255396
20.3 0.5683
20.4 1.77678
20.5 2.7334
20.6 -2.53123
20.7 -4.92067
20.8 1.0794
20.9 1.88152
21 -0.664821
21.1 2.01412
21.2 1.94817
21.3 -0.457989
21.4 0.407457
21.5 -0.645628
21.6 -0.585819
21.7 -1.49961
21.8 -0.81658
21.9 -1.72007
22 -0.531504
22.1 -1.30682
22.2 -2.28669
22.3 0.528419
22.4 -1.43604
22.5 -1.08831
22.6 0.0327217
22.7 2.24797
22.8 1.10622
22.9 0.694865
23 -0.454547
23.1 -1.58818
23.2 1.90047
23.3 -1.14157
23.4 1.04658
23.5 0.163273
23.6 -2.74757
23.7 -4.05938
23.8 -3.64928
23.9 -1.56067
24 -3.56241
24.1 -2.45603
24.2 -1.26916
24.3 -1.80442
24.4 -0.262379
24.5 -1.12244
24.6 -0.873679
24.7 -0.399834
24.8 -1.90586
24.9 1.69682
25 2.12481
25.1 2.14259
25.2 1.42861
25.3 1.45287
25.4 -0.14284
25.5 0.764096
25.6 -2.34383
25.7 -1.56919
25.8 0.197486
25.9 -0.139375
26 -0.869647
26.1 -0.256218
26.2 -0.117546
26.3 -0.219871
26.4 -1.42804
26.5 -0.531783
26.6 -0.451474
26.7 -1.67766
26.8 0.260545
26.9 1.24242
27 4.32985
27.1 3.86082
27.2 0.472209
27.3 0.544383
27.4 1.58157
27.5 2.32492
27.6 -0.991153
27.7 1.78855
27.8 -0.922304
27.9 0.398295
28 -0.690281
28.1 1.14152
28.2 -0.22841
28.3 1.40192
28.4 -0.459618
28.5 0.269075
28.6 0.88
28.7 -0.209579
28.8 0.169798
28.9 0.4528
29 -1.64909
29.1 -0.104782
29.2 0.852846
29.3 1.60375
29.4 2.29471
29.5 2.4001
29.6 0.696584
29.7 0.794005
29.8 1.26789
29.9 -0.553133
30 -0.915002
30.1 -1.27689
30.2 1.57777
30.3 0.105771
30.4 -1.23666
30.5 1.6326
30.6 0.00410989
30.7 1.34158
30.8 1.62356
30.9 3.00622
31 -0.586657
31.1 3.39521
31.2 1.73983
31.3 0.00514214
31.4 0.104665
31.5 -0.545843
31.6 0.907757
31.7 0.618152
31.8 0.582512
31.9 2.11959
32 0.743215
32.1 2.47771
32.2 -0.806525
32.3 -1.66272
32.4 -0.96068
32.5 -0.195437
32.6 -0.58774
32.7 -1.95695
32.8 -2.04524
32.9 -1.53225
33 -2.20126
33.1 -0.743717
33.2 0.212406
33.3 0.692447
33.4 0.610646
33.5 2.30343
33.6 0.523419
33.7 0.664931
33.8 -0.553846
33.9 1.8939
34 0.265195
34.1 1.10203
34.2 -1.00699
34.3 -1.13455
34.4 1.95982
34.5 -1.47239
34.6 -0.147882
34.7 1.10519
34.8 0.802872
34.9 2.48261
35 0.390566
35.1 -0.946849
35.2 -2.86436
35.3 0.924771
35.4 0.916926
35.5 2.72919
35.6 -0.816052
35.7 -0.993964
35.8 -2.29064
35.9 -0.590705
36 0.0336918
36.1 -0.337279
36.2 -0.392726
36.3 -0.159007
36.4 -0.506466
36.5 -1.63529
36.6 1.2523
36.7 0.499686
36.8 -0.880065
36.9 1.17098
37 2.89346
37.1 1.14079
37.2 0.871635
37.3 1.64433
37.4 -0.974941
37.5 1.71401
37.6 -0.263988
37.7 2.07532
37.8 -0.0684592
37.9 -0.639106
38 -0.243977
38.1 0.679249
38.2 -0.507117
38.3 0.283334
38.4 -0.875979
38.5 -0.924339
38.6 1.2777
38.7 -1.4648
38.8 -0.16335
38.9 1.50093
39 -1.1583
39.1 0.021056
39.2 -0.0858185
39.3 0.870536
39.4 1.50962
39.5 -0.722229
39.6 1.5497
39.7 1.49442
39.8 0.987229
39.9 1.61563
40 -0.210567
40.1 -0.774859
40.2 -0.0420826
40.3 1.83008
40.4 -1.76118
40.5 -3.37797
40.6 -1.76668
40.7 -1.12725
40.8 -0.785683
40.9 -2.52537
41 -1.17447
41.1 0.333632
41.2 -1.98603
41.3 0.555559
41.4 -0.580805
41.5 -0.145074
41.6 -0.138846
41.7 0.406841
41.8 0.918635
41.9 -2.94322
42 0.346429
42.1 0.471404
42.2 -0.728512
42.3 0.185008
42.4 1.3697
42.5 -0.29007
42.6 1.67379
42.7 -0.226906
42.8 0.281291
42.9 0.183169
43 1.36873
43.1 0.445733
43.2 3.02818
43.3 0.829418
43.4 -0.643857
43.5 -0.739516
43.6 -0.874922
43.7 -0.330579
43.8 -1.36706
43.9 -0.0452156
44 -1.275
44.1 -0.0800751
44.2 1.56483
44.3 0.749372
44.4 -0.167341
44.5 2.15822
44.6 1.62464
44.7 -0.180388
44.8 0.617892
44.9 0.0520061
45 -0.0335748
45.1 -1.27174
45.2 1.07292
45.3 -2.25738
45.4 -1.07016
45.5 -2.04621
45.6 3.02851
45.7 0.961044
45.8 0.530624
45.9 0.748401
46 1.5844
46.1 -1.43387
46.2 0.931767
46.3 1.7904
46.4 -0.0288707
46.5 -0.391273
46.6 1.32616
46.7 -0.990977
46.8 1.80859
46.9 0.112268
47 1.8547
47.1 1.8364
47.2 -0.0526096
47.3 -0.99214
47.4 1.16494
47.5 1.56564
47.6 -0.141585
47.7 -0.371078
47.8 -0.430062
47.9 0.764547
48 -1.79683
48.1 0.0206634
48.2 0.775757
48.3 0.320116
48.4 2.18454
48.5 1.00103
48.6 0.400309
48.7 2.7641
48.8 1.47042
48.9 0.302977
49 -0.672507
49.1 -0.683047
49.2 -0.961369
49.3 -0.640267
49.4 -0.209519
49.5 1.2192
49.6 -0.20512
49.7 -1.25388
49.8 1.37371
49.9 -0.0440959
