0 -0.328106
0.1 0.734979
0.2 -2.50317
0.3 -1.54061
0.4 -0.116064
0.5 -0.299869
0.6 -4.20385
0.7 -6.08094
0.8 -5.57661
0.9 -4.11123
1 -3.99236
1.1 -5.03961
1.2 -4.36849
1.3 -7.26366
1.4 -4.82911
1.5 0.745142
1.6 -0.130461
1.7 2.42627
1.8 4.37462
1.9 3.73175
2 4.23025
2.1 1.70159
2.2 4.62511
2.3 1.50202
2.4 0.431343
2.5 -3.71673
2.6 -2.42785
2.7 -1.72766
2.8 0.330252
2.9 0.0292858
3 1.97141
3.1 0.827156
3.2 3.53985
3.3 3.36631
3.4 -0.93662
3.5 1.6523
3.6 3.51623
3.7 -1.21539
3.8 -4.80582
3.9 -2.54836
4 -5.16049
4.1 -4.82231
4.2 -3.03517
4.3 0.0423584
4.4 -0.607836
4.5 -3.14379
4.6 1.02248
4.7 1.90076
4.8 6.73492
4.9 8.85521
5 2.54596
5.1 1.57861
5.2 2.48986
5.3 2.71743
5.4 2.22753
5.5 2.85513
5.6 4.01648
5.7 1.56116
5.8 -2.03739
5.9 -1.40224
6 -0.706987
6.1 -4.05778
6.2 -3.20087
6.3 -0.255951
6.4 2.6439
6.5 2.18193
6.6 2.16906
6.7 -1.00168
6.8 -0.631137
6.9 2.01978
7 2.5513
7.1 1.77229
7.2 1.21296
7.3 -1.39939
7.4 -4.20566
7.5 -4.17849
7.6 -0.925228
7.7 -1.3402
7.8 -2.23195
7.9 1.10749
8 2.89633
8.1 2.34877
8.2 0.970218
8.3 -1.4032
8.4 -4.63904
8.5 -6.90686
8.6 -5.67362
8.7 -8.80502
8.8 -12.1561
8.9 -8.81338
9 -7.52779
9.1 -8.85176
9.2 -9.09876
9.3 -11.3002
9.4 -9.70399
9.5 -10.7937
9.6 -12.0972
9.7 -17.7949
9.8 -18.7584
9.9 -18.2689
10 -19.0625
10.1 -18.3821
10.2 -21.5497
10.3 -18.7614
10.4 -19.467
10.5 -26.2945
10.6 -28.149
10.7 -27.5229
10.8 -29.6124
10.9 -24.6073
11 -23.5733
11.1 -25.3001
11.2 -24.4081
11.3 -23.4446
11.4 -24.719
11.5 -20.22
11.6 -22.9118
11.7 -24.935
11.8 -25.2691
11.9 -25.9715
12 -23.2077
12.1 -24.7288
12.2 -26.0961
12.3 -23.7502
12.4 -19.5305
12.5 -17.4496
12.6 -16.3883
12.7 -14.5313
12.8 -14.479
12.9 -12.0511
13 -12.3575
13.1 -10.16
13.2 -12.7268
13.3 -12.6008
13.4 -12.2963
13.5 -10.559
13.6 -9.90382
13.7 -4.26084
13.8 -5.34013
13.9 1.92607
14 3.46607
14.1 4.722
14.2 4.54284
14.3 0.55672
14.4 0.401683
14.5 2.60661
14.6 1.41073
14.7 4.55496
14.8 1.95102
14.9 2.74058
15 0.7947
15.1 -2.02797
15.2 -0.331428
15.3 -5.21257
15.4 -8.65611
15.5 -7.17334
15.6 -8.02993
15.7 -8.5332
15.8 -6.71777
15.9 -8.59644
16 -10.6007
16.1 -10.5325
16.2 -7.37615
16.3 -9.42063
16.4 -5.53774
16.5 -6.8025
16.6 -6.09423
16.7 -9.84382
16.8 -10.4104
16.9 -9.68771
17 -9.34017
17.1 -7.07699
17.2 -7.42575
17.3 1.45022
17.4 1.20584
17.5 2.11708
17.6 2.0283
17.7 -4.1679
17.8 -4.01579
17.9 -2.68247
18 -4.07341
18.1 -2.48492
18.2 -2.12832
18.3 3.411
18.4 2.21405
18.5 6.03719
18.6 3.79446
18.7 4.37928
18.8 6.89693
18.9 5.72283
19 5.8464
19.1 6.37833
19.2 9.17985
19.3 9.43824
19.4 10.8117
19.5 13.2778
19.6 12.0368
19.7 14.1451
19.8 13.7007
19.9 14.9173
20 13.3577
20.1 14.0696
20.2 11.6892
20.3 12.1743
20.4 10.7163
20.5 11.3231
20.6 8.7538
20.7 6.24145
20.8 8.39793
20.9 8.68908
21 11.2171
21.1 12.2193
21.2 13.7728
21.3 14.3027
21.4 12.7329
21.5 13.88
21.6 8.96535
21.7 5.61102
21.8 9.27952
21.9 6.62421
22 9.3308
22.1 5.81528
22.2 6.45612
22.3 7.73304
22.4 8.77951
22.5 11.2442
22.6 7.5074
22.7 5.18061
22.8 5.5709
22.9 7.63438
23 10.3434
23.1 11.0794
23.2 10.7541
23.3 17.4167
23.4 20.5975
23.5 20.778
23.6 18.5279
23.7 19.8119
23.8 20.8163
23.9 22.8175
24 23.1425
24.1 22.8708
24.2 23.0549
24.3 22.1676
24.4 23.6123
24.5 23.1905
24.6 23.7348
24.7 20.2761
24.8 16.3214
24.9 13.3845
25 13.0269
25.1 13.1583
25.2 10.2738
25.3 9.00603
25.4 8.03653
25.5 4.35649
25.6 4.98884
25.7 5.22276
25.8 6.70376
25.9 7.1012
26 7.12375
26.1 8.53745
26.2 8.56866
26.3 10.9757
26.4 11.2804
26.5 12.5164
26.6 12.7801
26.7 11.1069
26.8 10.7928
26.9 13.6532
27 10.752
27.1 10.0321
27.2 12.1808
27.3 6.60462
27.4 9.38108
27.5 3.06387
27.6 4.21067
27.7 5.65245
27.8 7.37219
27.9 6.74552
28 5.75293
28.1 4.65916
28.2 5.11707
28.3 6.01727
28.4 6.40968
28.5 7.69822
28.6 8.05242
28.7 8.94181
28.8 3.01516
28.9 2.58799
29 3.04048
29.1 -1.32439
29.2 -0.510264
29.3 -2.59055
29.4 -4.60663
29.5 -3.68815
29.6 -4.68193
29.7 -5.47205
29.8 -4.80024
29.9 -0.237004
30 -1.23413
30.1 -2.41238
30.2 -4.33505
30.3 -8.23353
30.4 -6.83979
30.5 -9.67951
30.6 -13.0365
30.7 -14.7242
30.8 -16.1842
30.9 -17.6348
31 -20.8806
31.1 -16.7149
31.2 -17.6963
31.3 -16.7143
31.4 -13.3663
31.5 -14.9234
31.6 -10.7066
31.7 -8.63932
31.8 -5.82379
31.9 -3.19099
32 -1.88675
32.1 -0.77702
32.2 2.65781
32.3 3.99718
32.4 3.71875
32.5 5.35859
32.6 6.82132
32.7 7.33097
32.8 11.0894
32.9 6.58153
33 4.38356
33.1 2.57245
33.2 2.79828
33.3 5.34614
33.4 1.16489
33.5 1.81587
33.6 1.63006
33.7 -2.09588
33.8 -4.3346
33.9 -2.67258
34 -4.22377
34.1 -1.4075
34.2 -2.60207
34.3 0.480398
34.4 2.41692
34.5 2.37325
34.6 -1.08792
34.7 -4.91819
34.8 -6.29231
34.9 -5.3651
35 -7.01761
35.1 -4.74597
35.2 -5.15044
35.3 -7.10018
35.4 -2.98843
35.5 -6.35392
35.6 -6.28079
35.7 -3.68425
35.8 -3.72825
35.9 -8.73125
36 -6.53756
36.1 -5.14959
36.2 -4.18831
36.3 -4.68432
36.4 -2.2762
36.5 -3.27167
36.6 -2.07726
36.7 -3.29062
36.8 -6.5763
36.9 -3.83458
37 -5.32991
37.1 -6.5028
37.2 -6.52021
37.3 -8.90995
37.4 -8.66535
37.5 -9.52477
37.6 -11.8352
37.7 -9.75559
37.8 -9.66437
37.9 -5.897
38 -4.28153
38.1 -7.77876
38.2 -5.81464
38.3 -2.30418
38.4 -3.72034
38.5 -4.42942
38.6 -1.56647
38.7 0.86113
38.8 -0.753968
38.9 -6.89351
39 -4.13027
39.1 -1.13828
39.2 3.19216
39.3 5.41273
39.4 5.54765
39.5 4.87419
39.6 1.79543
39.7 1.89281
39.8 7.38289
39.9 5.07712
40 7.60356
40.1 7.16856
40.2 10.3454
40.3 9.98436
40.4 11.0976
40.5 11.0223
40.6 12.0639
40.7 13.3245
40.8 15.3486
40.9 11.4438
41 6.75325
41.1 7.33503
41.2 4.60326
41.3 5.83439
41.4 5.04293
41.5 3.30974
41.6 5.09348
41.7 9.82325
41.8 7.30409
41.9 5.46546
42 3.85144
42.1 4.46371
42.2 0.850042
42.3 0.911748
42.4 -0.604592
42.5 -5.0513
42.6 -6.30933
42.7 -6.97343
42.8 -2.36245
42.9 -2.39733
43 -3.07371
43.1 -3.59702
43.2 -2.20176
43.3 -1.25245
43.4 3.74014
43.5 3.7431
43.6 3.25193
43.7 3.05651
43.8 3.76216
43.9 7.67338
44 5.50739
44.1 3.20048
44.2 0.461385
44.3 -0.857839
44.4 -0.964582
44.5 -1.61588
44.6 -0.740582
44.7 -1.3984
44.8 -1.60965
44.9 -0.963799
45 -2.46382
45.1 -4.04473
45.2 -4.1407
45.3 -1.1499
45.4 0.348231
45.5 1.67904
45.6 1.38186
45.7 4.34771
45.8 5.69867
45.9 2.75782
46 6.11977
46.1 4.10776
46.2 4.64085
46.3 4.58971
46.4 4.63697
46.5 4.62998
46.6 6.88583
46.7 8.45739
46.8 4.40579
46.9 2.95993
47 0.140665
47.1 -2.80475
47.2 -2.74732
47.3 -2.4909
47.4 -2.00696
47.5 -1.64736
47.6 1.63091
47.7 -0.613409
47.8 1.88777
47.9 4.15575
48 5.1399
48.1 5.66226
48.2 7.53311
48.3 7.60205
48.4 8.66016
48.5 5.63195
48.6 7.76268
48.7 8.46738
48.8 9.26652
48.9 7.44588
49 11.0384
49.1 7.57705
49.2 7.58508
49.3 7.86625
49.4 2.20053
49.5 3.46577
49.6 2.25419
49.7 2.38079
49.8 4.41232
49.9 4.25811
