0 1.57839
0.1 -0.582515
0.2 -0.643528
0.3 -0.815525
0.4 -1.55988
0.5 -1.21133
0.6 -0.550892
0.7 0.101016
0.8 1.67128
0.9 0.93279
1 0.866726
1.1 0.974251
1.2 0.41192
1.3 -0.506859
1.4 -0.207599
1.5 -1.45909
1.6 -0.452377
1.7 0.414511
1.8 -0.0682975
1.9 -1.60896
2 2.76109
2.1 2.06412
2.2 1.07286
2.3 0.363795
2.4 -0.76388
2.5 1.10123
2.6 -2.32251
2.7 -0.919595
2.8 -3.57177
2.9 -0.350542
3 2.18528
3.1 0.792494
3.2 0.784311
3.3 -0.0816348
3.4 0.502287
3.5 -1.58569
3.6 1.95208
3.7 0.00570737
3.8 1.51603
3.9 -2.21615
4 0.493413
4.1 1.61156
4.2 2.60412
4.3 -0.316196
4.4 0.606484
4.5 0.696725
4.6 0.169117
4.7 1.05264
4.8 -0.306598
4.9 1.16103
5 0.883763
5.1 -0.172745
5.2 -0.765309
5.3 0.0272642
5.4 0.118056
5.5 0.0134355
5.6 0.228496
5.7 -0.823902
5.8 1.39995
5.9 1.39381
6 -0.941308
6.1 -1.03324
6.2 1.11826
6.3 -0.0753597
6.4 -0.379246
6.5 -0.0536723
6.6 0.963375
6.7 -1.26645
6.8 -0.258274
6.9 -1.74931
7 0.720223
7.1 -0.0943184
7.2 0.859722
7.3 1.29359
7.4 1.90346
7.5 -0.111873
7.6 3.01649
7.7 1.78944
7.8 -0.0575297
7.9 -0.24794
8 -0.0946369
8.1 0.822746
8.2 -0.0700577
8.3 -0.667091
8.4 -0.226487
8.5 0.06857
8.6 -0.577806
8.7 2.09762
8.8 -1.06607
8.9 0.346783
9 -0.171813
9.1 -2.97264
9.2 -1.76991
9.3 -1.75575
9.4 2.51643
9.5 0.401799
9.6 -0.50683
9.7 0.353388
9.8 -0.34601
9.9 -0.629003
10 -1.24642
10.1 1.85381
10.2 -0.598944
10.3 0.423561
10.4 0.838615
10.5 -1.56286
10.6 -0.436508
10.7 -0.955885
10.8 0.0241895
10.9 -0.908817
11 -0.0543081
11.1 1.62535
11.2 3.03209
11.3 -0.547175
11.4 -0.625816
11.5 -0.432397
11.6 0.404296
11.7 0.690305
11.8 0.919626
11.9 -1.50375
12 2.19972
12.1 0.176133
12.2 -0.273433
12.3 1.36319
12.4 -0.209773
12.5 0.239583
12.6 -0.273234
12.7 -0.533086
12.8 0.335173
12.9 1.09713
13 0.576177
13.1 -1.90501
13.2 0.448826
13.3 0.0861493
13.4 -0.668998
13.5 -0.643868
13.6 0.880708
13.7 1.85338
13.8 -1.94037
13.9 0.130733
14 1.71007
14.1 2.356
14.2 -0.197449
14.3 -0.338369
14.4 1.21586
14.5 1.28109
14.6 1.99228
14.7 -0.266889
14.8 0.359031
14.9 2.73561
15 2.57875
15.1 -0.680073
15.2 -1.27197
15.3 0.615559
15.4 0.190274
15.5 2.71914
15.6 -0.180446
15.7 -0.0103117
15.8 -0.0581204
15.9 2.06927
16 -1.78632
16.1 0.850571
16.2 -1.76684
16.3 0.139861
16.4 -0.751233
16.5 0.526561
16.6 -0.39629
16.7 0.448304
16.8 0.209522
16.9 0.572637
17 -1.1372
17.1 -2.62987
17.2 -0.321719
17.3 -1.09954
17.4 -0.918824
17.5 0.548109
17.6 -0.630665
17.7 -0.945206
17.8 0.203227
17.9 0.00244366
18 -0.176853
18.1 -1.3854
18.2 -2.12655
18.3 1.05974
18.4 0.481328
18.5 -3.31393
18.6 -0.547638
18.7 -1.48205
18.8 -1.65297
18.9 1.03204
19 -0.578691
19.1 1.14068
19.2 -0.98458
19.3 2.03454
19.4 -1.82287
19.5 0.430352
19.6 0.453866
19.7 0.426377
19.8 -0.491286
19.9 -0.608861
20 0.654228
20.1 0.361368
20.2 0.486517
20.3 0.169149
20.4 0.349839
20.5 1.54552
20.6 1.09745
20.7 -1.06641
20.8 -0.384079
20.9 0.764317
21 -0.325665
21.1 0.606505
21.2 0.94712
21.3 -0.269207
21.4 -1.78551
21.5 -0.580512
21.6 -0.0657543
21.7 1.03827
21.8 0.023723
21.9 1.25947
22 1.16682
22.1 -0.1254
22.2 -2.05901
22.3 1.77696
22.4 1.95442
22.5 0.0448554
22.6 0.685292
22.7 -2.04157
22.8 -1.20493
22.9 0.84223
23 2.84459
23.1 -0.273626
23.2 1.02576
23.3 -0.777187
23.4 -0.851315
23.5 -1.29987
23.6 0.349668
23.7 -2.24648
23.8 -0.363926
23.9 -0.917404
24 -1.10309
24.1 0.0507176
24.2 0.650796
24.3 0.886519
24.4 -0.447826
24.5 -0.662899
24.6 -0.228309
24.7 0.722328
24.8 -1.10456
24.9 -1.80133
25 -2.28241
25.1 0.613212
25.2 0.0201699
25.3 -0.318781
25.4 0.017072
25.5 0.443683
25.6 -0.462802
25.7 -0.0157541
25.8 -0.999444
25.9 -0.440147
26 -1.14393
26.1 -1.38915
26.2 0.302898
26.3 -0.0566054
26.4 -1.27769
26.5 1.90476
26.6 0.76747
26.7 -0.00431215
26.8 0.725032
26.9 0.908464
27 -0.724624
27.1 -0.357694
27.2 0.420972
27.3 1.08141
27.4 -1.2654
27.5 2.10921
27.6 2.20908
27.7 -1.02854
27.8 0.856251
27.9 1.38472
28 -0.536374
28.1 0.245348
28.2 -2.82565
28.3 -1.77173
28.4 -0.900069
28.5 0.0260707
28.6 1.77354
28.7 -1.28939
28.8 0.208669
28.9 -0.196396
29 0.338968
29.1 1.85289
29.2 0.0258816
29.3 -2.40962
29.4 -1.54143
29.5 0.416648
29.6 -0.375456
29.7 -1.95145
29.8 0.197355
29.9 -0.500717
30 0.707274
30.1 0.0539454
30.2 2.63364
30.3 -0.0331241
30.4 0.277499
30.5 0.288738
30.6 0.000751601
30.7 -0.191293
30.8 0.720432
30.9 -1.13251
31 -1.8525
31.1 -0.779155
31.2 0.0271651
31.3 0.0360808
31.4 0.933097
31.5 2.34207
31.6 -0.736221
31.7 -0.545059
31.8 -0.766489
31.9 -0.733347
32 -0.93382
32.1 0.658728
32.2 -2.20094
32.3 0.0350155
32.4 -0.262307
32.5 -1.09647
32.6 0.545742
32.7 0.218362
32.8 2.28676
32.9 0.387198
33 0.267246
33.1 0.175529
33.2 1.57523
33.3 -0.0835566
33.4 -0.675017
33.5 -1.5297
33.6 -1.01361
33.7 0.259207
33.8 0.0532084
33.9 -0.0490985
34 -0.451278
34.1 -2.81394
34.2 0.4252
34.3 -0.0614522
34.4 1.51179
34.5 -0.307198
34.6 -2.13698
34.7 0.553808
34.8 0.720616
34.9 -0.635747
35 0.445625
35.1 0.60424
35.2 2.06505
35.3 0.745601
35.4 1.41132
35.5 -1.19832
35.6 -1.79188
35.7 1.4622
35.8 -3.15069
35.9 0.234926
36 0.252045
36.1 0.59565
36.2 -2.45102
36.3 0.162372
36.4 -0.811977
36.5 -0.598517
36.6 -0.238264
36.7 -1.01481
36.8 0.841432
36.9 -0.757737
37 0.623775
37.1 0.19811
37.2 0.0669727
37.3 0.369709
37.4 -0.311544
37.5 -0.0521373
37.6 -0.125525
37.7 -0.453491
37.8 0.845033
37.9 0.0917764
38 -0.227761
38.1 -2.09752
38.2 -0.986509
38.3 1.38361
38.4 -1.276
38.5 -1.9794
38.6 0.0914179
38.7 0.0380791
38.8 -2.36906
38.9 -1.1307
39 0.17982
39.1 0.295776
39.2 -0.0643195
39.3 -2.19096
39.4 -2.05293
39.5 -1.27739
39.6 0.611664
39.7 0.362385
39.8 -1.09652
39.9 1.63508
40 0.1742
40.1 -1.27326
40.2 0.780282
40.3 0.428396
40.4 0.106823
40.5 0.613844
40.6 -0.970073
40.7 2.02678
40.8 -1.96222
40.9 0.261848
41 0.642884
41.1 -2.32996
41.2 1.60207
41.3 0.672945
41.4 1.9548
41.5 0.861463
41.6 0.778398
41.7 2.29658
41.8 1.65034
41.9 -0.00683056
42 0.32439
42.1 0.441374
42.2 -0.0324018
42.3 -1.04673
42.4 -0.412772
42.5 -1.92542
42.6 0.617768
42.7 1.51865
42.8 -0.342164
42.9 -1.21098
43 -0.484651
43.1 0.600636
43.2 0.454174
43.3 -1.29353
43.4 -1.11905
43.5 0.437045
43.6 0.0845276
43.7 1.21757
43.8 -0.825509
43.9 1.77387
44 1.99075
44.1 1.37033
44.2 -0.570335
44.3 1.40847
44.4 -1.21756
44.5 1.45124
44.6 0.337706
44.7 0.600872
44.8 -0.111305
44.9 1.52822
45 -1.46399
45.1 -0.578093
45.2 -0.66402
45.3 -0.15707
45.4 1.5561
45.5 -1.20523
45.6 1.48252
45.7 0.40557
45.8 -0.69561
45.9 0.199945
46 -0.976441
46.1 0.311787
46.2 -0.674658
46.3 1.43225
46.4 1.52873
46.5 -0.428585
46.6 0.206595
46.7 0.0917115
46.8 -1.41317
46.9 0.740879
47 0.411382
47.1 -0.953936
47.2 0.128137
47.3 -0.009753
47.4 -1.74456
47.5 0.800642
47.6 -0.763989
47.7 -1.8968
47.8 -0.0965829
47.9 -1.27169
48 0.198972
48.1 -0.116293
48.2 1.08666
48.3 1.58604
48.4 0.593275
48.5 -0.526106
48.6 0.211467
48.7 0.737885
48.8 -1.03906
48.9 -0.235222
49 0.800542
49.1 -1.09655
49.2 0.725442
49.3 1.01959
49.4 0.161846
49.5 -0.38895
49.6 -1.08133
49.7 -1.6918
49.8 0.630514
49.9 -0.938567
