0 -0.878649
0.1 1.73399
0.2 0.382461
0.3 0.127901
0.4 -1.53664
0.5 0.501646
0.6 2.51862
0.7 -0.0961491
0.8 1.4274
0.9 -0.48698
1 1.86719
1.1 -1.14832
1.2 -1.37137
1.3 -0.861812
1.4 -1.66818
1.5 -1.50079
1.6 -0.79239
1.7 -1.21989
1.8 -0.51224
1.9 -0.938345
2 -0.0940485
2.1 -1.39696
2.2 -0.607429
2.3 0.785338
2.4 0.545697
2.5 -0.349797
2.6 -1.44133
2.7 0.275857
2.8 -0.948779
2.9 -0.378306
3 -0.832217
3.1 -1.02094
3.2 0.290869
3.3 1.41707
3.4 -0.632014
3.5 0.65308
3.6 1.12716
3.7 -1.10037
3.8 -0.0577829
3.9 -1.38191
4 0.677039
4.1 -0.193359
4.2 -0.4729
4.3 -0.483845
4.4 0.748571
4.5 -0.217584
4.6 0.134362
4.7 -0.684184
4.8 -0.0377178
4.9 1.7994
5 -0.193335
5.1 -1.47869
5.2 -1.4642
5.3 -2.06866
5.4 -0.0694438
5.5 1.11812
5.6 -0.0307967
5.7 1.66017
5.8 -0.218372
5.9 -2.42711
6 0.0992905
6.1 -0.397093
6.2 1.08634
6.3 -1.09923
6.4 -0.757539
6.5 -0.0429376
6.6 -0.0787994
6.7 0.0318669
6.8 -0.034401
6.9 -0.328283
7 -2.0368
7.1 1.90418
7.2 0.866038
7.3 0.134852
7.4 0.559363
7.5 -1.05449
7.6 -0.980102
7.7 -0.392967
7.8 -0.837711
7.9 -0.840328
8 -1.38975
8.1 0.350414
8.2 0.682687
8.3 -1.96184
8.4 -0.796961
8.5 -1.12981
8.6 -1.46959
8.7 0.627092
8.8 0.594827
8.9 -1.43866
9 0.29857
9.1 -0.704089
9.2 0.0821869
9.3 -0.638126
9.4 -2.16401
9.5 0.721279
9.6 -2.56729
9.7 -0.675242
9.8 1.11291
9.9 1.50316
10 0.782806
10.1 1.13718
10.2 0.169746
10.3 -1.62027
10.4 -0.663253
10.5 -0.156156
10.6 1.07581
10.7 0.7206
10.8 -0.288761
10.9 -0.458012
11 0.425396
11.1 -0.331052
11.2 -1.1426
11.3 0.0340756
11.4 0.907449
11.5 1.36478
11.6 0.41783
11.7 -0.532708
11.8 -0.435849
11.9 -1.97696
12 -0.596589
12.1 0.461402
12.2 0.231033
12.3 -0.755052
12.4 -0.677815
12.5 0.593294
12.6 -0.225333
12.7 0.653022
12.8 -0.44535
12.9 0.911224
13 2.98366
13.1 1.73112
13.2 2.48716
13.3 2.97145
13.4 1.71445
13.5 -0.800013
13.6 -0.0893173
13.7 -0.593848
13.8 -1.56833
13.9 -1.69227
14 -0.937964
14.1 0.649867
14.2 -1.08231
14.3 0.220129
14.4 2.44584
14.5 -0.500899
14.6 0.464203
14.7 -0.651695
14.8 -2.26006
14.9 -0.878154
15 0.2586
15.1 2.65036
15.2 3.3606
15.3 0.54304
15.4 -1.17326
15.5 0.111258
15.6 -1.34827
15.7 -0.344816
15.8 -0.689289
15.9 0.0999542
16 2.24714
16.1 0.685964
16.2 -0.451038
16.3 -2.84074
16.4 1.06851
16.5 -1.46571
16.6 0.443602
16.7 -0.994322
16.8 2.11061
16.9 1.28778
17 0.202021
17.1 -1.63737
17.2 -0.658007
17.3 1.8201
17.4 0.184868
17.5 -0.374614
17.6 -1.19256
17.7 0.369279
17.8 2.34255
17.9 1.56632
18 1.28377
18.1 -0.707259
18.2 -1.30223
18.3 -2.0027
18.4 -1.22088
18.5 -0.0162633
18.6 0.0407689
18.7 -0.999538
18.8 -0.171311
18.9 -0.73368
19 -0.534098
19.1 0.316269
19.2 0.788411
19.3 0.315642
19.4 0.258275
19.5 -1.05894
19.6 -1.99726
19.7 -0.570857
19.8 0.118168
19.9 0.00861468
20 -1.04632
20.1 -0.913822
20.2 0.0037438
20.3 1.18446
20.4 -1.52508
20.5 -0.519427
20.6 -0.587933
20.7 1.40359
20.8 -0.0920613
20.9 -0.935813
21 -1.93216
21.1 1.82267
21.2 -0.0649804
21.3 -0.871918
21.4 2.05148
21.5 1.97542
21.6 1.67084
21.7 2.05982
21.8 -0.386298
21.9 -2.71792
22 -0.213251
22.1 0.827461
22.2 0.448629
22.3 0.560954
22.4 -0.683422
22.5 0.969773
22.6 0.446958
22.7 0.784874
22.8 0.534919
22.9 -0.945206
23 -0.602042
23.1 -0.917434
23.2 1.87492
23.3 -2.28484
23.4 1.22416
23.5 0.402583
23.6 -1.45483
23.7 -1.43079
23.8 -0.84478
23.9 0.767892
24 -0.106291
24.1 -0.582195
24.2 -0.111799
24.3 0.392809
24.4 -2.03172
24.5 -0.108287
24.6 0.088503
24.7 -2.03774
24.8 0.185636
24.9 1.01202
25 -0.950771
25.1 -0.175104
25.2 1.30044
25.3 -1.34981
25.4 -0.0618996
25.5 0.918623
25.6 -0.215078
25.7 -0.00509359
25.8 -0.192867
25.9 -1.23607
26 -1.20595
26.1 -0.41884
26.2 -0.304649
26.3 -1.28871
26.4 -2.29905
26.5 -0.750587
26.6 -1.42793
26.7 0.801223
26.8 1.45966
26.9 -0.593994
27 -1.77329
27.1 0.166539
27.2 -2.02462
27.3 0.810694
27.4 -0.0981515
27.5 0.438756
27.6 -1.52556
27.7 1.26096
27.8 0.384399
27.9 -0.176153
28 -1.43777
28.1 -0.890792
28.2 0.695504
28.3 0.471599
28.4 1.36052
28.5 -2.6988
28.6 0.428222
28.7 0.415286
28.8 -2.8767
28.9 -0.628469
29 0.538285
29.1 1.8155
29.2 0.218426
29.3 0.182562
29.4 -0.798347
29.5 -1.48353
29.6 1.0214
29.7 -1.15942
29.8 2.5386
29.9 1.0629
30 -0.0898011
30.1 1.03324
30.2 1.3549
30.3 0.413707
30.4 1.4475
30.5 1.44563
30.6 1.68372
30.7 0.171342
30.8 0.687832
30.9 0.421875
31 0.0643223
31.1 -0.983349
31.2 0.13413
31.3 -0.49467
31.4 -0.423039
31.5 0.0347666
31.6 0.42921
31.7 0.917936
31.8 4.84341
31.9 -0.58483
32 -0.801007
32.1 0.589433
32.2 1.64893
32.3 -0.0336166
32.4 -0.234977
32.5 -1.54054
32.6 0.377853
32.7 0.552673
32.8 -1.31886
32.9 -1.43039
33 -0.961169
33.1 0.724471
33.2 0.245169
33.3 -0.790058
33.4 0.29441
33.5 -0.0488625
33.6 -0.591738
33.7 0.955254
33.8 0.351558
33.9 0.337943
34 -0.00636417
34.1 -1.68898
34.2 1.17851
34.3 -0.624322
34.4 0.216631
34.5 1.64254
34.6 0.162157
34.7 0.130698
34.8 -1.79763
34.9 0.230188
35 0.28747
35.1 0.849197
35.2 0.353261
35.3 0.693143
35.4 1.63552
35.5 0.346166
35.6 0.0718849
35.7 3.08793
35.8 -2.46011
35.9 -0.620093
36 -1.58765
36.1 1.64882
36.2 -1.38695
36.3 0.111361
36.4 -0.716971
36.5 -0.593465
36.6 0.578143
36.7 0.407329
36.8 1.84651
36.9 -2.12859
37 0.761837
37.1 0.736989
37.2 -0.427162
37.3 -1.10856
37.4 -0.621557
37.5 -0.402624
37.6 0.298535
37.7 0.24538
37.8 -1.92806
37.9 -1.47661
38 -1.6283
38.1 -1.26645
38.2 -1.2862
38.3 -0.685883
38.4 1.0827
38.5 -0.40541
38.6 -1.31589
38.7 0.262597
38.8 -3.03784
38.9 -0.31545
39 1.07159
39.1 1.12969
39.2 -0.0884072
39.3 -0.76933
39.4 0.740552
39.5 -0.535522
39.6 0.707877
39.7 -3.22242
39.8 0.724855
39.9 1.152
40 0.0017818
40.1 -0.545824
40.2 0.653079
40.3 2.18964
40.4 4.90876
40.5 0.516312
40.6 -0.195027
40.7 0.00810326
40.8 2.60261
40.9 1.48443
41 0.82468
41.1 -1.43112
41.2 -0.145377
41.3 0.0910823
41.4 -0.570838
41.5 0.242552
41.6 0.152143
41.7 -0.410703
41.8 0.835388
41.9 3.62628
42 2.47645
42.1 0.118326
42.2 1.32434
42.3 -1.76427
42.4 -1.27868
42.5 -1.45102
42.6 -0.391186
42.7 0.555627
42.8 -0.340172
42.9 -0.757842
43 -0.226246
43.1 0.496069
43.2 0.00130627
43.3 -1.36562
43.4 0.310186
43.5 -0.767246
43.6 -1.58973
43.7 0.873125
43.8 3.07569
43.9 -0.0985498
44 -0.677018
44.1 0.727249
44.2 -0.411839
44.3 0.923021
44.4 0.482927
44.5 0.0593158
44.6 -0.971326
44.7 1.92497
44.8 -0.828161
44.9 -0.239865
45 1.98125
45.1 -0.587196
45.2 1.48036
45.3 0.83809
45.4 -0.876578
45.5 -0.450732
45.6 1.44018
45.7 0.66347
45.8 -0.657186
45.9 0.50896
46 0.467519
46.1 0.682543
46.2 0.271358
46.3 1.05405
46.4 -1.3451
46.5 1.01668
46.6 0.416834
46.7 1.25527
46.8 0.198476
46.9 1.63731
47 1.31244
47.1 1.67958
47.2 2.21079
47.3 0.88833
47.4 -0.888127
47.5 -1.7948
47.6 -1.0627
47.7 -0.336331
47.8 -1.37966
47.9 -0.223717
48 0.0768274
48.1 1.09139
48.2 -0.193375
48.3 -0.453039
48.4 0.554218
48.5 0.187645
48.6 -0.967841
48.7 -0.610633
48.8 2.71703
48.9 1.5464
49 -0.769714
49.1 0.815145
49.2 -0.808871
49.3 -1.21392
49.4 0.195163
49.5 1.10762
49.6 1.99985
49.7 1.58627
49.8 2.35607
49.9 1.74576
