0 1.72909
0.1 0.809766
0.2 -0.726
0.3 -1.31413
0.4 -1.49596
0.5 1.68461
0.6 0.0608
0.7 2.1086
0.8 2.56337
0.9 -0.576189
1 0.920386
1.1 -1.76577
1.2 1.09853
1.3 2.95727
1.4 2.23533
1.5 -1.45465
1.6 -2.58207
1.7 -1.79768
1.8 0.367514
1.9 -1.29005
2 -2.93547
2.1 0.285002
2.2 -1.72504
2.3 -0.250264
2.4 -1.17479
2.5 1.33484
2.6 1.37521
2.7 3.48814
2.8 3.04645
2.9 2.5702
3 0.215361
3.1 2.64308
3.2 7.89745
3.3 7.7192
3.4 9.42834
3.5 8.56225
3.6 6.7768
3.7 6.55103
3.8 3.25457
3.9 6.50751
4 4.7135
4.1 1.61003
4.2 1.55862
4.3 -1.96432
4.4 -0.166138
4.5 -2.81841
4.6 -2.41343
4.7 0.623646
4.8 0.75748
4.9 -0.225912
5 -2.14053
5.1 0.502741
5.2 3.37245
5.3 4.14149
5.4 1.25097
5.5 -1.17467
5.6 1.25532
5.7 -1.17814
5.8 1.68839
5.9 0.816868
6 1.74866
6.1 1.80451
6.2 3.75843
6.3 -0.27299
6.4 0.296737
6.5 -0.250671
6.6 -2.23821
6.7 -0.313107
6.8 -4.28027
6.9 -4.72324
7 -2.94119
7.1 -3.54236
7.2 -2.0586
7.3 -2.69325
7.4 -1.13829
7.5 -3.51789
7.6 -0.138653
7.7 -0.526041
7.8 0.425874
7.9 1.06682
8 0.138698
8.1 1.25346
8.2 2.82633
8.3 3.77193
8.4 4.0275
8.5 1.33566
8.6 1.43904
8.7 3.52124
8.8 2.96634
8.9 3.3716
9 3.14455
9.1 1.50007
9.2 3.08158
9.3 3.84118
9.4 4.39924
9.5 5.62995
9.6 5.4442
9.7 3.25249
9.8 4.54461
9.9 3.69634
10 -1.26005
10.1 0.38663
10.2 0.474459
10.3 -1.7059
10.4 0.82257
10.5 3.11951
10.6 4.84212
10.7 7.14206
10.8 9.60115
10.9 13.5018
11 11.5849
11.1 13.1704
11.2 10.5074
11.3 10.1986
11.4 7.23274
11.5 8.3764
11.6 6.16118
11.7 3.9154
11.8 4.72708
11.9 4.53542
12 3.04302
12.1 3.15209
12.2 0.0539652
12.3 2.91901
12.4 -0.194284
12.5 -0.623438
12.6 -1.59815
12.7 -1.65334
12.8 -1.59937
12.9 1.05202
13 0.875786
13.1 -3.60295
13.2 -4.8426
13.3 -4.36423
13.4 -2.92107
13.5 -3.1762
13.6 -1.32344
13.7 -1.16023
13.8 3.15706
13.9 4.46179
14 4.42857
14.1 6.59548
14.2 6.29749
14.3 9.52799
14.4 8.9459
14.5 8.34378
14.6 7.74184
14.7 9.63487
14.8 7.62851
14.9 4.38541
15 3.46195
15.1 3.67429
15.2 -0.935706
15.3 -1.28306
15.4 -0.226503
15.5 -1.55081
15.6 -3.01102
15.7 -5.3307
15.8 -1.01106
15.9 -3.76455
16 -4.74425
16.1 -4.37178
16.2 -2.84152
16.3 0.333833
16.4 -1.27255
16.5 0.739496
16.6 -0.491824
16.7 -0.806546
16.8 1.96358
16.9 1.21679
17 2.05075
17.1 0.882894
17.2 1.33263
17.3 -3.31698
17.4 0.971064
17.5 -1.41089
17.6 -1.93154
17.7 -2.64148
17.8 -3.24943
17.9 -2.30418
18 -4.69993
18.1 -3.85549
18.2 -3.45128
18.3 -4.22084
18.4 -6.98938
18.5 -6.02127
18.6 -6.66134
18.7 -6.89242
18.8 -4.53895
18.9 -1.62851
19 -1.14689
19.1 -0.23165
19.2 -5.10135
19.3 -7.45343
19.4 -7.74855
19.5 -8.1383
19.6 -5.53402
19.7 -5.44889
19.8 -9.64897
19.9 -7.74277
20 -10.0679
20.1 -7.04112
20.2 -7.59424
20.3 -6.1714
20.4 -5.25616
20.5 -3.19699
20.6 -4.43959
20.7 -4.32837
20.8 -3.43386
20.9 -5.55408
21 -5.67783
21.1 -4.90151
21.2 -1.54907
21.3 1.18316
21.4 -2.19786
21.5 1.62122
21.6 1.07987
21.7 -0.393217
21.8 1.89614
21.9 -3.26908
22 -3.55258
22.1 -3.61729
22.2 -6.30079
22.3 -5.74458
22.4 -4.12861
22.5 -7.52443
22.6 -6.04021
22.7 -6.98652
22.8 -4.89811
22.9 -6.37376
23 -8.69678
23.1 -7.79219
23.2 -7.64381
23.3 -9.39217
23.4 -10.5414
23.5 -9.18639
23.6 -8.20768
23.7 -7.29027
23.8 -2.54417
23.9 -2.84106
24 -1.35576
24.1 1.95909
24.2 0.323191
24.3 0.407356
24.4 -1.12932
24.5 -5.42072
24.6 -4.42776
24.7 -7.27482
24.8 -10.9793
24.9 -10.41
25 -8.56776
25.1 -7.86057
25.2 -6.31972
25.3 -5.27765
25.4 -4.58549
25.5 -7.71192
25.6 -6.85625
25.7 -5.71764
25.8 -0.557495
25.9 -0.246365
26 -0.532204
26.1 2.05009
26.2 4.18438
26.3 6.45705
26.4 6.25648
26.5 3.20981
26.6 1.23234
26.7 0.228501
26.8 3.89541
26.9 2.36247
27 -0.473265
27.1 -4.13329
27.2 -1.10864
27.3 1.69667
27.4 -0.727369
27.5 -0.889433
27.6 -2.28234
27.7 -5.86323
27.8 -5.84356
27.9 -3.55502
28 -2.85348
28.1 -0.337495
28.2 1.35846
28.3 4.94219
28.4 8.52524
28.5 8.10277
28.6 10.5759
28.7 8.47975
28.8 9.38598
28.9 11.7388
29 10.2733
29.1 9.29165
29.2 7.11534
29.3 10.399
29.4 7.33308
29.5 9.65907
29.6 11.1209
29.7 9.12643
29.8 4.57132
29.9 7.27852
30 4.66126
30.1 6.13469
30.2 3.68215
30.3 6.62622
30.4 7.81442
30.5 11.6129
30.6 7.60958
30.7 6.73503
30.8 4.6161
30.9 4.51553
31 3.87319
31.1 1.0953
31.2 2.46704
31.3 -1.10373
31.4 -2.96841
31.5 1.25637
31.6 1.81497
31.7 3.49713
31.8 2.29115
31.9 1.46927
32 -0.880501
32.1 -0.902391
32.2 1.50941
32.3 -0.07144
32.4 -0.0219498
32.5 -0.389013
32.6 -3.23099
32.7 -3.49115
32.8 -1.50475
32.9 -0.00536094
33 -3.97871
33.1 -6.89253
33.2 -7.2539
33.3 -6.85239
33.4 -11.7098
33.5 -11.3985
33.6 -9.3419
33.7 -10.6731
33.8 -7.18358
33.9 -4.04519
34 -3.56751
34.1 -3.98684
34.2 -3.02841
34.3 -4.53303
34.4 -3.47279
34.5 -4.79828
34.6 -7.68025
34.7 0.936981
34.8 -0.884411
34.9 3.48331
35 1.63086
35.1 3.82813
35.2 3.56468
35.3 3.30421
35.4 2.86789
35.5 4.16104
35.6 5.87731
35.7 0.770847
35.8 -0.150946
35.9 -3.27358
36 -2.65313
36.1 0.275793
36.2 2.31208
36.3 3.56067
36.4 5.64993
36.5 4.03512
36.6 0.435651
36.7 -0.442137
36.8 0.580977
36.9 1.60044
37 0.983427
37.1 -0.162411
37.2 -0.259512
37.3 -0.500889
37.4 -1.09882
37.5 -2.05398
37.6 -3.53516
37.7 -3.95125
37.8 -5.30007
37.9 -0.549624
38 -1.42724
38.1 -0.637389
38.2 -0.24939
38.3 0.43826
38.4 0.392198
38.5 -1.41271
38.6 -0.93799
38.7 -2.36192
38.8 -3.92569
38.9 -1.04957
39 -2.7961
39.1 0.0967376
39.2 0.990456
39.3 -1.82346
39.4 -3.26253
39.5 -0.00446446
39.6 5.92492
39.7 4.87491
39.8 4.66708
39.9 2.36391
40 1.84287
40.1 4.06676
40.2 2.06435
40.3 2.05837
40.4 -2.298
40.5 1.2724
40.6 -1.472
40.7 -0.716902
40.8 2.33988
40.9 -1.62062
41 -2.62407
41.1 -1.15434
41.2 -2.73728
41.3 -4.16546
41.4 -1.81703
41.5 -0.123075
41.6 -0.554561
41.7 -1.8349
41.8 0.264651
41.9 1.35409
42 0.170466
42.1 1.06672
42.2 -0.818437
42.3 -5.02346
42.4 -6.67684
42.5 -9.12225
42.6 -6.27513
42.7 -5.58648
42.8 -3.81801
42.9 -2.08562
43 -2.60764
43.1 2.5702
43.2 -2.83034
43.3 -5.5345
43.4 -5.98549
43.5 -11.3703
43.6 -5.83631
43.7 -6.8294
43.8 -11.1764
43.9 -12.9904
44 -16.1887
44.1 -13.9551
44.2 -10.0434
44.3 -8.91595
44.4 -8.55352
44.5 -9.56201
44.6 -10.3123
44.7 -13.308
44.8 -8.31453
44.9 -5.17128
45 -7.19484
45.1 -5.05795
45.2 -5.13203
45.3 -2.9724
45.4 -2.24386
45.5 0.58251
45.6 1.00547
45.7 0.222306
45.8 -0.842282
45.9 -1.41922
46 0.509106
46.1 0.902261
46.2 -1.38066
46.3 -2.30813
46.4 -4.25323
46.5 -2.5507
46.6 -0.349885
46.7 0.326453
46.8 -0.952622
46.9 2.57938
47 4.88696
47.1 9.21051
47.2 9.26604
47.3 10.7088
47.4 11.8565
47.5 16.1065
47.6 8.41144
47.7 6.74922
47.8 8.94272
47.9 11.7547
48 10.6957
48.1 11.5202
48.2 13.087
48.3 14.8422
48.4 13.4388
48.5 12.0435
48.6 11.5697
48.7 10.7753
48.8 7.08538
48.9 7.10308
49 4.62327
49.1 2.72901
49.2 1.86902
49.3 2.74401
49.4 3.72987
49.5 2.11052
49.6 0.544888
49.7 -2.47448
49.8 1.40549
49.9 0.806079
