0 -2.34026
0.1 -1.84757
0.2 0.560691
0.3 0.689029
0.4 -2.28001
0.5 0.414854
0.6 1.05687
0.7 -0.415002
0.8 -1.00586
0.9 -0.134306
1 0.836349
1.1 -1.92456
1.2 0.169997
1.3 -1.67688
1.4 -1.63865
1.5 -1.04067
1.6 0.130527
1.7 2.4298
1.8 0.346698
1.9 -0.416042
2 -1.2975
2.1 -2.10439
2.2 0.223011
2.3 1.58903
2.4 0.506885
2.5 0.359954
2.6 -0.753458
2.7 -1.54256
2.8 0.22576
2.9 0.00350053
3 -0.106658
3.1 1.15523
3.2 -0.0486203
3.3 -0.695632
3.4 0.203343
3.5 0.770122
3.6 -0.049785
3.7 0.0536155
3.8 -1.60622
3.9 -0.798268
4 -0.942426
4.1 0.0793967
4.2 0.0103558
4.3 0.767034
4.4 0.0711927
4.5 0.811539
4.6 -0.754095
4.7 -0.955665
4.8 0.0783565
4.9 1.02646
5 1.56693
5.1 1.06446
5.2 0.286595
5.3 -0.788468
5.4 -1.00673
5.5 1.92121
5.6 -0.394928
5.7 -1.52193
5.8 0.791591
5.9 0.00210258
6 2.09763
6.1 -1.7881
6.2 -2.2206
6.3 -0.127207
6.4 -0.97782
6.5 -0.147907
6.6 -1.57362
6.7 1.48102
6.8 -1.65079
6.9 0.00957645
7 -0.0883527
7.1 1.67878
7.2 1.61828
7.3 0.195121
7.4 -1.25864
7.5 -0.314755
7.6 -2.04021
7.7 -0.594079
7.8 0.705362
7.9 0.365518
8 -0.16549
8.1 1.63782
8.2 -0.523731
8.3 -0.311342
8.4 0.857673
8.5 0.939894
8.6 -0.366614
8.7 0.862384
8.8 -0.0800862
8.9 1.57747
9 -1.46655
9.1 -2.05545
9.2 1.94034
9.3 0.929353
9.4 -1.08579
9.5 2.13604
9.6 -0.0303804
9.7 1.64044
9.8 -0.0321396
9.9 -1.08794
10 -0.824229
10.1 0.29686
10.2 -0.946586
10.3 2.54621
10.4 0.221617
10.5 -0.760942
10.6 1.78349
10.7 0.290805
10.8 1.90372
10.9 -0.845077
11 1.27704
11.1 -1.22778
11.2 -0.666506
11.3 0.104348
11.4 0.327883
11.5 0.224415
11.6 0.666504
11.7 0.255601
11.8 -0.13973
11.9 -2.1066
12 1.7728
12.1 -0.0815514
12.2 -1.10432
12.3 0.00931658
12.4 -0.521999
12.5 0.110286
12.6 -0.194245
12.7 -0.674541
12.8 -0.246626
12.9 3.35184
13 0.999719
13.1 1.41902
13.2 -0.526218
13.3 -0.741868
13.4 -1.09187
13.5 -0.392426
13.6 -0.477439
13.7 0.407404
13.8 -1.18622
13.9 1.33793
14 -0.797236
14.1 1.47638
14.2 -0.232555
14.3 -0.757602
14.4 -1.49562
14.5 -0.454848
14.6 1.07374
14.7 0.241324
14.8 -0.295382
14.9 1.65042
15 0.126456
15.1 1.48048
15.2 -0.32894
15.3 1.0034
15.4 -2.70767
15.5 0.559656
15.6 -0.889433
15.7 -1.64235
15.8 -2.08098
15.9 -0.142036
16 0.307222
16.1 1.16654
16.2 -0.0444637
16.3 0.529703
16.4 1.0651
16.5 -0.619484
16.6 -0.151856
16.7 -0.63846
16.8 -0.234991
16.9 0.993493
17 0.20648
17.1 0.0448972
17.2 -1.04496
17.3 -1.87368
17.4 0.79134
17.5 0.220906
17.6 -0.87666
17.7 -0.131312
17.8 -1.00707
17.9 1.1706
18 -1.30434
18.1 0.580161
18.2 -2.00388
18.3 -0.221399
18.4 -1.43318
18.5 -1.67627
18.6 -1.43785
18.7 -1.06007
18.8 0.06209
18.9 0.663806
19 0.546328
19.1 -1.064
19.2 0.336051
19.3 0.0250632
19.4 0.288965
19.5 0.292736
19.6 -0.978311
19.7 0.910927
19.8 -0.679225
19.9 0.750947
20 -1.95216
20.1 1.72916
20.2 2.15762
20.3 -0.947911
20.4 1.16343
20.5 0.340594
20.6 0.657105
20.7 0.47996
20.8 1.43028
20.9 -0.887626
21 0.55359
21.1 0.95375
21.2 0.780118
21.3 -0.728286
21.4 1.06404
21.5 -0.148512
21.6 -0.299819
21.7 0.700408
21.8 -0.1333
21.9 0.577191
22 -0.311145
22.1 -0.550414
22.2 0.405457
22.3 -0.000272679
22.4 0.141149
22.5 1.5197
22.6 -0.363148
22.7 0.84154
22.8 1.8008
22.9 -0.279598
23 1.19207
23.1 0.0935413
23.2 -0.720611
23.3 -0.9632
23.4 0.512299
23.5 -0.645868
23.6 0.260415
23.7 1.70294
23.8 -0.60958
23.9 -1.68541
24 0.246851
24.1 -0.910012
24.2 -0.0578258
24.3 -1.15443
24.4 -0.918975
24.5 0.60128
24.6 -0.322504
24.7 -4.14741
24.8 0.503138
24.9 1.58575
25 0.810648
25.1 -2.09491
25.2 -1.63985
25.3 0.559086
25.4 -0.50152
25.5 -0.637705
25.6 -0.321222
25.7 0.441926
25.8 1.00907
25.9 0.928351
26 -0.294199
26.1 0.131296
26.2 0.529049
26.3 0.0142952
26.4 0.644178
26.5 0.154096
26.6 0.179854
26.7 0.148282
26.8 0.424248
26.9 -1.65112
27 -2.06041
27.1 0.765603
27.2 0.177564
27.3 -1.67358
27.4 0.337781
27.5 1.49348
27.6 -1.45086
27.7 1.05325
27.8 0.734642
27.9 -1.80837
28 2.17226
28.1 -0.625113
28.2 -0.119294
28.3 1.50832
28.4 1.37499
28.5 -0.692865
28.6 0.673556
28.7 1.05081
28.8 1.83628
28.9 0.4191
29 -0.526246
29.1 -1.22429
29.2 1.32832
29.3 0.328756
29.4 -0.275982
29.5 -0.186729
29.6 -1.46865
29.7 1.95958
29.8 0.655991
29.9 -1.24723
30 0.364091
30.1 1.30698
30.2 -0.816434
30.3 2.57808
30.4 1.27196
30.5 0.330043
30.6 0.167029
30.7 -0.455099
30.8 0.806149
30.9 1.10263
31 -0.963817
31.1 -0.402638
31.2 -1.29903
31.3 -1.7537
31.4 0.238949
31.5 -2.36016
31.6 -0.511116
31.7 -0.169454
31.8 0.11708
31.9 0.36028
32 -2.15306
32.1 -0.409172
32.2 0.735756
32.3 -0.00495686
32.4 1.08482
32.5 -0.0191888
32.6 -1.15779
32.7 -0.70531
32.8 -0.860629
32.9 -0.751495
33 -0.260259
33.1 -0.165157
33.2 -0.502683
33.3 0.120879
33.4 -3.18437
33.5 0.180847
33.6 -0.252743
33.7 -1.38995
33.8 0.929392
33.9 1.02817
34 -0.214239
34.1 -1.83208
34.2 -0.462234
34.3 1.19368
34.4 0.457376
34.5 1.54854
34.6 2.5271
34.7 0.236258
34.8 -1.12298
34.9 -0.203066
35 1.56955
35.1 2.94223
35.2 1.87064
35.3 -1.11125
35.4 -0.559171
35.5 0.730348
35.6 -0.328313
35.7 -0.220219
35.8 0.535238
35.9 0.281866
36 -0.730672
36.1 0.0261556
36.2 2.92197
36.3 0.258096
36.4 1.3067
36.5 -2.13658
36.6 0.594628
36.7 0.678248
36.8 -0.487681
36.9 -0.386775
37 -0.907265
37.1 0.417894
37.2 1.14259
37.3 -1.16302
37.4 0.527659
37.5 -1.34425
37.6 -1.17129
37.7 -1.13045
37.8 -1.76521
37.9 -1.67024
38 1.50065
38.1 -0.67864
38.2 0.856009
38.3 0.110653
38.4 3.02723
38.5 -2.35186
38.6 -0.554687
38.7 0.350616
38.8 0.310127
38.9 -1.33329
39 1.58611
39.1 1.41651
39.2 0.0559992
39.3 2.55508
39.4 2.37555
39.5 0.731057
39.6 -0.215748
39.7 0.721611
39.8 0.719661
39.9 -1.22373
40 0.312083
40.1 -0.121657
40.2 1.19654
40.3 -0.455221
40.4 1.44955
40.5 -0.0356988
40.6 -1.87958
40.7 -1.39133
40.8 -0.773054
40.9 1.50522
41 1.00077
41.1 -0.605751
41.2 1.47516
41.3 1.39942
41.4 0.658456
41.5 -1.48029
41.6 0.00851431
41.7 -1.81324
41.8 1.55498
41.9 -0.19811
42 1.43968
42.1 0.778945
42.2 0.470623
42.3 -1.08419
42.4 -1.665
42.5 -0.375134
42.6 -0.0907148
42.7 1.18846
42.8 -0.876589
42.9 -2.21976
43 0.347092
43.1 0.31232
43.2 1.33454
43.3 0.333382
43.4 -0.0477809
43.5 -1.46928
43.6 -0.197406
43.7 -0.417595
43.8 -0.145235
43.9 -0.0757206
44 1.41987
44.1 -0.410244
44.2 -1.8394
44.3 -0.189364
44.4 -0.453104
44.5 -0.641655
44.6 0.60244
44.7 -0.479145
44.8 0.37445
44.9 0.90351
45 1.29653
45.1 -0.557224
45.2 -0.235554
45.3 -0.192995
45.4 0.179648
45.5 0.294596
45.6 1.20637
45.7 -2.17999
45.8 1.06445
45.9 -0.368178
46 -1.06062
46.1 -0.433772
46.2 -1.8235
46.3 -0.554626
46.4 -0.293914
46.5 -1.15263
46.6 -0.982852
46.7 0.285263
46.8 -1.88604
46.9 0.212587
47 0.800535
47.1 -0.66067
47.2 1.11061
47.3 0.381805
47.4 -0.500014
47.5 0.383994
47.6 0.710243
47.7 2.82916
47.8 -0.453024
47.9 0.0212602
48 1.21119
48.1 -0.575473
48.2 0.527624
48.3 -1.06906
48.4 0.672018
48.5 -1.48272
48.6 -1.3484
48.7 1.51714
48.8 1.86478
48.9 1.12045
49 1.34189
49.1 0.584868
49.2 1.04825
49.3 0.213316
49.4 -0.251105
49.5 -0.431421
49.6 1.13463
49.7 -2.67881
49.8 2.22548
49.9 1.13528
