0 -1.53999
0.1 -0.048178
0.2 0.967912
0.3 -1.26186
0.4 0.544937
0.5 2.00025
0.6 1.23366
0.7 -1.00891
0.8 -0.83113
0.9 -2.21054
1 1.05478
1.1 -1.31299
1.2 0.398294
1.3 0.397322
1.4 -0.251416
1.5 -0.517056
1.6 1.33872
1.7 -1.67745
1.8 0.119559
1.9 1.21033
2 2.29431
2.1 0.484534
2.2 0.160892
2.3 0.339447
2.4 2.76001
2.5 -0.647484
2.6 0.245222
2.7 -0.344995
2.8 -0.394888
2.9 0.401415
3 -1.93762
3.1 -2.38718
3.2 1.32435
3.3 -0.148795
3.4 0.956212
3.5 -0.397835
3.6 -3.14412
3.7 -1.11478
3.8 -0.369071
3.9 0.861322
4 -0.791136
4.1 -0.607298
4.2 0.475776
4.3 -1.00917
4.4 -0.086898
4.5 -1.93513
4.6 0.0437898
4.7 -0.492431
4.8 2.48629
4.9 -3.15703
5 0.400033
5.1 -2.11165
5.2 -2.11446
5.3 -0.181777
5.4 -0.22125
5.5 -0.0752964
5.6 0.300199
5.7 -1.31391
5.8 3.43021
5.9 0.400924
6 -0.552005
6.1 -0.368052
6.2 1.0289
6.3 2.16639
6.4 1.54704
6.5 -0.0222473
6.6 -0.172615
6.7 -0.893756
6.8 -0.426054
6.9 0.4071
7 -2.58282
7.1 -0.242619
7.2 -0.0256032
7.3 -2.28296
7.4 -2.94133
7.5 -1.73035
7.6 0.853408
7.7 -0.596738
7.8 -2.5161
7.9 -2.83975
8 0.369008
8.1 0.210987
8.2 -0.531136
8.3 0.207823
8.4 0.474444
8.5 -2.05889
8.6 -0.885072
8.7 -1.19062
8.8 2.70497
8.9 1.31546
9 -2.02851
9.1 -0.843983
9.2 -1.25748
9.3 0.934351
9.4 -0.764522
9.5 -0.503739
9.6 1.38634
9.7 1.80333
9.8 0.791772
9.9 -1.19853
10 3.5479
10.1 -3.44025
10.2 -0.924754
10.3 -3.99652
10.4 -0.0299939
10.5 0.262962
10.6 -0.625113
10.7 0.789315
10.8 -2.24484
10.9 0.888325
11 0.121926
11.1 0.58925
11.2 -0.797793
11.3 -0.537384
11.4 0.846732
11.5 -0.0986086
11.6 1.60402
11.7 -0.215653
11.8 -0.289676
11.9 0.232889
12 -1.04972
12.1 -0.577871
12.2 0.374727
12.3 -1.3041
12.4 0.633385
12.5 2.14855
12.6 0.513087
12.7 -1.87238
12.8 -0.862629
12.9 -0.459101
13 -1.55879
13.1 0.283382
13.2 0.436816
13.3 0.0804133
13.4 0.869608
13.5 -0.0334839
13.6 -1.55919
13.7 -0.788602
13.8 0.963437
13.9 0.982082
14 0.918561
14.1 1.08958
14.2 -1.69714
14.3 0.576345
14.4 0.946378
14.5 0.46218
14.6 1.90972
14.7 -0.136779
14.8 2.91904
14.9 1.19008
15 -0.785505
15.1 0.138613
15.2 0.645225
15.3 1.32826
15.4 0.455327
15.5 0.559759
15.6 -0.136545
15.7 -1.64911
15.8 -1.95222
15.9 -1.1669
16 -2.06374
16.1 -2.5465
16.2 0.626662
16.3 0.465546
16.4 -0.0185609
16.5 1.33909
16.6 1.52094
16.7 0.846902
16.8 1.52568
16.9 -1.42596
17 0.224842
17.1 0.677667
17.2 0.307592
17.3 1.87953
17.4 0.455723
17.5 0.991046
17.6 -1.42728
17.7 -2.27866
17.8 -1.70927
17.9 -0.267157
18 1.32562
18.1 0.309898
18.2 0.655772
18.3 1.32738
18.4 -0.946048
18.5 0.500492
18.6 -0.524205
18.7 -0.0546691
18.8 -0.293249
18.9 0.296291
19 0.890998
19.1 0.341857
19.2 0.112754
19.3 -0.360045
19.4 -1.29725
19.5 -0.633035
19.6 -0.642516
19.7 1.29961
19.8 -0.884855
19.9 -1.05852
20 -0.668595
20.1 -1.66365
20.2 -0.96201
20.3 -2.92054
20.4 0.670503
20.5 -0.0961472
20.6 -0.46405
20.7 0.354984
20.8 1.12836
20.9 2.15011
21 2.71808
21.1 0.968051
21.2 0.651189
21.3 -0.168359
21.4 -1.48062
21.5 -0.113626
21.6 -1.78258
21.7 2.22261
21.8 2.7242
21.9 -0.803843
22 -0.00281945
22.1 -1.72338
22.2 -1.04131
22.3 -0.775644
22.4 1.06704
22.5 1.70515
22.6 -0.886374
22.7 1.10889
22.8 -0.559796
22.9 -0.751665
23 -0.0469405
23.1 -0.90653
23.2 -0.975904
23.3 -0.761682
23.4 -1.02262
23.5 1.28939
23.6 1.79429
23.7 0.6197
23.8 1.63267
23.9 0.850011
24 1.66136
24.1 1.09647
24.2 -0.478321
24.3 3.54256
24.4 -1.04531
24.5 1.32259
24.6 1.32849
24.7 -2.85951
24.8 0.925006
24.9 0.0762115
25 -0.141648
25.1 -3.24344
25.2 -1.00708
25.3 -1.09816
25.4 0.0525145
25.5 0.386293
25.6 1.35982
25.7 -0.296949
25.8 -0.30242
25.9 0.124039
26 -1.5468
26.1 1.00608
26.2 -0.141591
26.3 -0.535079
26.4 -0.806657
26.5 0.904085
26.6 -1.47087
26.7 -0.0117174
26.8 -1.07951
26.9 -0.664048
27 2.29528
27.1 2.1863
27.2 2.00863
27.3 -0.952189
27.4 1.63581
27.5 2.52692
27.6 -0.20168
27.7 -2.22596
27.8 -1.62695
27.9 -1.225
28 0.892932
28.1 -0.42292
28.2 0.210893
28.3 -3.38396
28.4 -1.5394
28.5 -0.479723
28.6 -1.01745
28.7 -2.27441
28.8 -0.664487
28.9 -1.61807
29 0.054435
29.1 -0.814868
29.2 -1.12275
29.3 -0.845663
29.4 -1.7344
29.5 -3.47718
29.6 -1.22243
29.7 -0.125941
29.8 -0.924421
29.9 0.964999
30 -1.17957
30.1 1.9109
30.2 1.85474
30.3 0.0794543
30.4 0.18158
30.5 0.222205
30.6 0.341575
30.7 -0.456944
30.8 1.25358
30.9 -0.261344
31 0.722619
31.1 1.06153
31.2 -0.126191
31.3 1.48035
31.4 2.93948
31.5 1.28661
31.6 -0.404901
31.7 0.370726
31.8 -1.44599
31.9 0.90281
32 -0.00821355
32.1 -0.755552
32.2 -3.42134
32.3 1.2227
32.4 0.224819
32.5 0.755229
32.6 -2.87617
32.7 -0.264904
32.8 -1.77292
32.9 0.485958
33 2.01179
33.1 -0.308659
33.2 0.510415
33.3 -0.468722
33.4 1.08701
33.5 -1.06147
33.6 0.0974827
33.7 0.691847
33.8 0.70602
33.9 1.75825
34 1.56169
34.1 1.50929
34.2 1.27735
34.3 0.536394
34.4 1.25494
34.5 0.10076
34.6 -0.430352
34.7 -0.512764
34.8 1.36037
34.9 -0.257777
35 -0.183303
35.1 0.0351258
35.2 -0.350588
35.3 1.36909
35.4 -0.805683
35.5 -0.424953
35.6 -0.490495
35.7 -0.70352
35.8 -1.33738
35.9 -0.774844
36 1.93313
36.1 -0.00729587
36.2 -0.417724
36.3 0.875463
36.4 -1.52681
36.5 -2.00574
36.6 -0.608324
36.7 -0.552144
36.8 -0.918225
36.9 -2.45607
37 -0.27703
37.1 1.49291
37.2 1.44666
37.3 1.20272
37.4 1.53085
37.5 2.17029
37.6 -0.992668
37.7 0.993879
37.8 -0.840118
37.9 -0.356813
38 -0.352045
38.1 1.22829
38.2 0.00763911
38.3 -2.22737
38.4 -2.46339
38.5 -1.07732
38.6 -0.604935
38.7 0.537118
38.8 -2.0546
38.9 -1.3392
39 0.117985
39.1 -0.0823142
39.2 -0.338951
39.3 0.479932
39.4 -1.06594
39.5 0.907546
39.6 -0.860626
39.7 0.111908
39.8 0.287036
39.9 1.84926
40 2.16892
40.1 1.28723
40.2 2.05766
40.3 -0.806395
40.4 1.96397
40.5 1.26159
40.6 1.49643
40.7 -0.0373673
40.8 -1.34968
40.9 0.367448
41 -1.9629
41.1 -0.45522
41.2 -1.24847
41.3 -1.01981
41.4 -0.865261
41.5 -0.207922
41.6 -0.870187
41.7 -0.719239
41.8 -2.71999
41.9 0.996804
42 0.883388
42.1 0.384722
42.2 1.46326
42.3 3.62623
42.4 1.02208
42.5 0.312927
42.6 1.04358
42.7 -0.660015
42.8 0.362462
42.9 -0.75842
43 0.356538
43.1 1.13874
43.2 -1.78356
43.3 1.29064
43.4 1.46398
43.5 2.71481
43.6 0.253311
43.7 2.06779
43.8 -1.44361
43.9 -0.0433036
44 0.572864
44.1 -0.284742
44.2 3.97514
44.3 2.59288
44.4 1.31272
44.5 2.09135
44.6 3.8146
44.7 0.172655
44.8 -0.0570498
44.9 0.121186
45 1.8229
45.1 -1.7277
45.2 -1.75236
45.3 -1.05673
45.4 -0.256914
45.5 -2.19837
45.6 -0.998168
45.7 0.140335
45.8 -0.873317
45.9 -0.723082
46 1.15205
46.1 0.922537
46.2 -0.237162
46.3 -2.01132
46.4 0.106785
46.5 0.125174
46.6 0.855316
46.7 1.65811
46.8 1.00342
46.9 3.85003
47 1.60521
47.1 0.134665
47.2 -1.3312
47.3 1.16448
47.4 -0.124039
47.5 0.183674
47.6 2.93849
47.7 -0.978108
47.8 0.50131
47.9 2.50023
48 0.525318
48.1 0.286631
48.2 -2.34344
48.3 -1.21743
48.4 -3.85549
48.5 -1.31186
48.6 -1.49696
48.7 -1.71136
48.8 -0.117165
48.9 -0.590767
49 1.47244
49.1 1.20511
49.2 2.31093
49.3 0.381025
49.4 0.470716
49.5 1.41588
49.6 4.00324
49.7 0.582729
49.8 -0.170332
49.9 -0.157056
