0 -0.162525
0.1 0.0394086
0.2 -0.00991112
0.3 -0.262893
0.4 0.171331
0.5 0.30542
0.6 0.0978543
0.7 0.0592388
0.8 0.482714
0.9 0.0878831
1 0.290054
1.1 -0.0781543
1.2 0.0487086
1.3 0.300187
1.4 0.466441
1.5 0.307714
1.6 0.219149
1.7 0.0373434
1.8 0.0783553
1.9 0.42442
2 0.197705
2.1 0.199991
2.2 -0.0365761
2.3 -0.0499443
2.4 0.315841
2.5 0.281233
2.6 0.101642
2.7 -0.128059
2.8 0.0380147
2.9 0.10611
3 0.0834037
3.1 0.193567
3.2 0.026087
3.3 0.188081
3.4 0.284425
3.5 0.0139641
3.6 0.0929011
3.7 0.302931
3.8 0.267894
3.9 0.151656
4 0.433237
4.1 0.462505
4.2 0.268886
4.3 -0.00208227
4.4 0.287228
4.5 0.220549
4.6 -0.0369258
4.7 0.0499687
4.8 -0.111663
4.9 0.409405
5 0.211705
5.1 0.0669852
5.2 0.106484
5.3 0.275317
5.4 0.128053
5.5 0.153066
5.6 0.0908731
5.7 0.347007
5.8 0.111572
5.9 -0.0402339
6 0.0128704
6.1 -0.0102561
6.2 -0.249005
6.3 -0.0802123
6.4 0.284197
6.5 0.403229
6.6 0.233339
6.7 0.225509
6.8 -0.0645446
6.9 -0.169769
7 0.269699
7.1 0.197399
7.2 -0.0484838
7.3 0.0704291
7.4 0.0781491
7.5 -0.148112
7.6 0.417028
7.7 0.24774
7.8 -0.0784595
7.9 -0.147788
8 0.0583217
8.1 -0.0485232
8.2 -0.28615
8.3 0.170857
8.4 0.0110039
8.5 0.181797
8.6 -0.00534342
8.7 0.157131
8.8 0.205822
8.9 0.0484546
9 0.00231915
9.1 0.0719291
9.2 -0.057209
9.3 0.366517
9.4 0.291237
9.5 0.264111
9.6 0.273515
9.7 -0.00268852
9.8 0.0745248
9.9 0.280346
10 -0.0454881
10.1 0.116711
10.2 0.463103
10.3 0.0773473
10.4 -0.244541
10.5 0.280445
10.6 0.169839
10.7 -0.0637811
10.8 -0.264816
10.9 -0.049457
11 0.299733
11.1 0.159799
11.2 -0.178196
11.3 -0.125757
11.4 -0.197987
11.5 -0.131381
11.6 0.425713
11.7 0.265819
11.8 0.0440496
11.9 0.283924
12 0.221405
12.1 0.293722
12.2 0.0124148
12.3 -0.0966068
12.4 -0.097854
12.5 0.0715943
12.6 0.339235
12.7 0.421135
12.8 -0.0168879
12.9 0.289853
13 0.0289931
13.1 0.0927255
13.2 0.339426
13.3 0.027505
13.4 0.0217419
13.5 -0.0801811
13.6 0.189377
13.7 0.22366
13.8 0.0296269
13.9 0.050398
14 0.28846
14.1 0.196786
14.2 0.184035
14.3 0.420688
14.4 -0.0265092
14.5 0.267829
14.6 0.00123993
14.7 -0.00579877
14.8 0.0365535
14.9 -0.110056
15 0.277707
15.1 0.186956
15.2 0.115275
15.3 0.141224
15.4 0.103003
15.5 0.466104
15.6 0.00397321
15.7 -0.0695816
15.8 0.161876
15.9 0.166133
16 0.0301025
16.1 -0.0957244
16.2 0.164871
16.3 -0.0187318
16.4 -0.130517
16.5 0.0989389
16.6 0.20495
16.7 0.0667918
16.8 0.210453
16.9 0.29084
17 0.0441938
17.1 0.151893
17.2 0.380089
17.3 0.453492
17.4 0.268792
17.5 0.114501
17.6 0.129182
17.7 -0.20049
17.8 0.0265352
17.9 0.426447
18 0.147979
18.1 0.00500575
18.2 0.139278
18.3 0.470448
18.4 0.216205
18.5 -0.172313
18.6 0.00421082
18.7 0.380586
18.8 0.0435367
18.9 -0.272146
19 0.127804
19.1 0.205713
19.2 0.0613883
19.3 -0.0982527
19.4 0.0649103
19.5 -0.00932676
19.6 -0.280703
19.7 -0.0851506
19.8 -0.0667786
19.9 -0.153062
20 0.201615
20.1 0.220588
20.2 -0.254126
20.3 -0.0591947
20.4 0.0236416
20.5 0.214403
20.6 0.302655
20.7 -0.0867869
20.8 -0.152583
20.9 0.220857
21 0.0869953
21.1 0.127339
21.2 0.190357
21.3 -0.017708
21.4 -0.0375063
21.5 0.103314
21.6 0.201644
21.7 0.0449036
21.8 0.104698
21.9 0.346948
22 0.163735
22.1 0.0479183
22.2 0.203103
22.3 0.161408
22.4 0.023659
22.5 -0.078539
22.6 0.118163
22.7 -0.181373
22.8 0.0129247
22.9 0.00361578
23 -0.261796
23.1 -0.000176512
23.2 0.108312
23.3 -0.00469953
23.4 -0.279476
23.5 -0.127754
23.6 0.250778
23.7 0.226774
23.8 -0.230986
23.9 -0.0521225
24 0.277098
24.1 -0.016831
24.2 0.136293
24.3 -0.0657615
24.4 -0.0325765
24.5 0.377218
24.6 0.0301412
24.7 -0.176322
24.8 0.15502
24.9 0.39002
25 0.195948
25.1 0.132687
25.2 -0.0597197
25.3 -0.00694331
25.4 0.293579
25.5 0.447765
25.6 0.474504
25.7 0.417472
25.8 0.240779
25.9 0.211036
26 0.102741
26.1 0.102886
26.2 0.0807998
26.3 -0.0290653
26.4 -0.0295664
26.5 -0.0130105
26.6 0.0870423
26.7 0.490657
26.8 -0.0127437
26.9 -0.28104
27 0.0597117
27.1 0.320442
27.2 -0.0239583
27.3 -0.124058
27.4 0.0489239
27.5 0.288124
27.6 -0.0114016
27.7 0.345532
27.8 0.0264552
27.9 0.0690685
28 -0.0425562
28.1 0.410865
28.2 0.113119
28.3 -0.188332
28.4 -0.280735
28.5 0.126301
28.6 0.376429
28.7 -0.0815514
28.8 0.0728935
28.9 0.105262
29 0.0291911
29.1 0.0568834
29.2 -0.057503
29.3 0.282293
29.4 0.0192529
29.5 0.105407
29.6 -0.0368035
29.7 0.0739746
29.8 0.368726
29.9 0.397883
30 0.221446
30.1 -0.253018
30.2 -0.0366405
30.3 0.30521
30.4 0.360235
30.5 0.493095
30.6 0.00720848
30.7 -0.220895
30.8 -0.00720971
30.9 -0.0173363
31 0.0701101
31.1 0.23911
31.2 0.113109
31.3 0.172121
31.4 -0.0873252
31.5 0.25235
31.6 -0.0648723
31.7 -0.140135
31.8 -0.11178
31.9 0.247336
32 0.273219
32.1 0.378741
32.2 0.115679
32.3 -0.101427
32.4 -0.0465511
32.5 0.00594916
32.6 0.309619
32.7 0.150032
32.8 0.0463206
32.9 0.29817
33 0.416336
33.1 0.16295
33.2 0.0923323
33.3 0.439413
33.4 0.202166
33.5 -0.278946
33.6 -0.00576459
33.7 0.154558
33.8 0.0279751
33.9 0.288123
34 0.0216655
34.1 -0.2197
34.2 -0.0862823
34.3 0.269798
34.4 0.104977
34.5 -0.179501
34.6 0.294588
34.7 0.120977
34.8 0.141955
34.9 -0.0294596
35 0.263747
35.1 0.265586
35.2 -0.0793379
35.3 -0.131292
35.4 0.26706
35.5 0.0754367
35.6 -0.26786
35.7 -0.0586607
35.8 0.451322
35.9 0.0920984
36 0.0924545
36.1 0.174407
36.2 0.232722
36.3 0.124606
36.4 0.178458
36.5 0.109685
36.6 0.159148
36.7 -0.0705372
36.8 0.211951
36.9 0.0309019
37 0.275676
37.1 0.00841457
37.2 -0.0118641
37.3 0.191036
37.4 0.0119879
37.5 -0.0575085
37.6 -0.0540759
37.7 0.265936
37.8 0.0278136
37.9 -0.109464
38 0.186663
38.1 0.22686
38.2 -0.183069
38.3 0.124738
38.4 0.254303
38.5 0.123038
38.6 0.155793
38.7 0.130215
38.8 0.21675
38.9 0.0692994
39 -0.267334
39.1 0.0471843
39.2 0.195052
39.3 0.215281
39.4 0.0224185
39.5 0.148426
39.6 0.37884
39.7 -0.0987835
39.8 0.100712
39.9 0.00797048
40 -0.207234
40.1 -0.0371072
40.2 0.316449
40.3 0.405835
40.4 -0.00248464
40.5 -0.253335
40.6 0.0683767
40.7 0.0612014
40.8 -0.083751
40.9 0.0444197
41 0.306524
41.1 0.171221
41.2 0.394589
41.3 0.483655
41.4 0.187221
41.5 -0.257741
41.6 -0.219814
41.7 -0.0891313
41.8 0.26378
41.9 -0.0311653
42 0.0669487
42.1 -0.0271323
42.2 -0.140262
42.3 0.0433855
42.4 0.139318
42.5 -0.0586839
42.6 0.206952
42.7 0.255692
42.8 0.16978
42.9 0.0199441
43 -0.0740713
43.1 -0.0651223
43.2 0.000265203
43.3 0.120841
43.4 0.212757
43.5 0.117366
43.6 0.48268
43.7 -0.0785975
43.8 -0.0880514
43.9 0.187983
44 0.153047
44.1 0.169902
44.2 0.00251697
44.3 -0.160066
44.4 0.262706
44.5 0.166166
44.6 -0.20722
44.7 0.156099
44.8 0.119029
44.9 0.0304832
45 -0.0430411
45.1 0.189237
45.2 -0.0353384
45.3 -0.0406805
45.4 -0.0964912
45.5 0.275429
45.6 0.169866
45.7 -0.163713
45.8 -0.0344978
45.9 0.365872
46 0.280035
46.1 0.115046
46.2 -0.0740419
46.3 0.314232
46.4 -0.0149072
46.5 -0.00481527
46.6 0.108426
46.7 0.078133
46.8 0.251909
46.9 -0.0248728
47 0.0551954
47.1 0.114836
47.2 -0.137167
47.3 0.416292
47.4 0.287017
47.5 0.0621286
47.6 -0.260869
47.7 -0.0981651
47.8 0.451655
47.9 0.222075
48 0.269934
48.1 -0.000945845
48.2 0.253397
48.3 -0.0906058
48.4 0.289319
48.5 -0.0356469
48.6 0.0111896
48.7 0.13891
48.8 0.209254
48.9 0.095938
49 -0.112381
49.1 0.157878
49.2 0.241095
49.3 0.208309
49.4 -0.0387703
49.5 0.142533
49.6 0.211714
49.7 -0.128294
49.8 0.0588657
49.9 0.178782
