0 0.157303
0.1 0.200367
0.2 -0.25801
0.3 0.0374059
0.4 -0.017204
0.5 -0.321357
0.6 -0.139394
0.7 0.0065576
0.8 0.0047156
0.9 0.0965566
1 -0.0302831
1.1 -0.0927942
1.2 0.242436
1.3 0.0251678
1.4 0.153068
1.5 0.199276
1.6 0.0802444
1.7 -0.00208733
1.8 -0.0860168
1.9 -0.060611
2 -0.0882128
2.1 0.223721
2.2 -0.191161
2.3 0.00255445
2.4 0.328557
2.5 0.0929954
2.6 0.108084
2.7 0.257627
2.8 0.0563867
2.9 0.371706
3 0.252007
3.1 0.0222472
3.2 0.153782
3.3 0.375168
3.4 0.409582
3.5 0.218671
3.6 -0.162571
3.7 0.241522
3.8 -0.108475
3.9 0.132545
4 0.0706404
4.1 -0.263351
4.2 -0.113746
4.3 0.00552408
4.4 -0.0496558
4.5 0.0846191
4.6 -0.266613
4.7 -0.0446415
4.8 0.0889889
4.9 0.212755
5 0.05763
5.1 -0.0721942
5.2 0.0523014
5.3 0.25686
5.4 0.0169545
5.5 0.168219
5.6 0.218305
5.7 0.163771
5.8 0.229352
5.9 -0.00347411
6 0.0895199
6.1 0.111697
6.2 -0.00449288
6.3 -0.153445
6.4 -0.227267
6.5 -0.0941309
6.6 0.316419
6.7 0.17032
6.8 -0.248912
6.9 0.11755
7 0.307168
7.1 0.208624
7.2 -0.221922
7.3 -0.25904
7.4 -0.0974143
7.5 -0.0261415
7.6 -0.0839492
7.7 0.361551
7.8 0.390352
7.9 0.236406
8 0.0576277
8.1 0.205626
8.2 0.130246
8.3 0.00251183
8.4 -0.0904689
8.5 -0.0587048
8.6 0.30108
8.7 -0.0759242
8.8 0.0324101
8.9 -0.246629
9 -0.109046
9.1 0.404813
9.2 0.219455
9.3 0.0825733
9.4 -0.0709139
9.5 0.272906
9.6 0.0622426
9.7 0.122796
9.8 0.213539
9.9 -0.0463057
10 0.348473
10.1 0.226225
10.2 -0.294916
10.3 0.0470732
10.4 -0.0181638
10.5 0.121549
10.6 -0.0387785
10.7 -0.0440772
10.8 0.412001
10.9 0.11294
11 0.245633
11.1 0.195824
11.2 0.457979
11.3 0.152314
11.4 0.364922
11.5 0.461308
11.6 0.271818
11.7 0.144227
11.8 0.0263481
11.9 0.170526
12 0.0884246
12.1 0.0924784
12.2 0.0019482
12.3 -0.0613249
12.4 -0.0746114
12.5 0.0194922
12.6 0.0115708
12.7 0.271987
12.8 0.438495
12.9 0.242246
13 0.206952
13.1 0.168836
13.2 0.181901
13.3 -0.26948
13.4 -0.0246116
13.5 0.168003
13.6 0.47131
13.7 0.099555
13.8 0.0766848
13.9 0.00679887
14 0.0681989
14.1 0.0349476
14.2 -0.259258
14.3 0.217739
14.4 0.0607404
14.5 -0.260623
14.6 -0.122117
14.7 0.239699
14.8 0.132157
14.9 0.0691471
15 0.0559178
15.1 0.257371
15.2 0.217285
15.3 0.270489
15.4 -0.32238
15.5 -0.10231
15.6 0.217199
15.7 0.199446
15.8 0.102608
15.9 0.387048
16 0.433294
16.1 0.154025
16.2 0.168287
16.3 0.458856
16.4 -0.0147648
16.5 0.0871555
16.6 0.108514
16.7 0.0934081
16.8 0.274189
16.9 0.142143
17 0.224539
17.1 0.137007
17.2 0.392057
17.3 0.288941
17.4 0.211397
17.5 0.174179
17.6 0.441844
17.7 0.273121
17.8 -0.0715
17.9 0.265491
18 0.0826336
18.1 -0.293878
18.2 0.148083
18.3 0.35324
18.4 0.0717668
18.5 -0.0620452
18.6 -0.106741
18.7 -0.0483864
18.8 0.0539879
18.9 -0.0488062
19 0.0757789
19.1 0.194141
19.2 0.183772
19.3 -0.105106
19.4 -0.0555044
19.5 0.0797964
19.6 0.348179
19.7 0.115046
19.8 0.0240638
19.9 0.215198
20 0.098549
20.1 0.0717068
20.2 0.152142
20.3 0.365603
20.4 0.100741
20.5 0.174581
20.6 -0.135848
20.7 -0.259816
20.8 -0.2505
20.9 -0.0156599
21 0.126317
21.1 0.0978319
21.2 0.0607549
21.3 -0.124044
21.4 0.389496
21.5 0.0945667
21.6 -0.0402744
21.7 0.0578329
21.8 0.215409
21.9 -0.0385512
22 0.224145
22.1 0.135371
22.2 0.236519
22.3 0.179636
22.4 0.117837
22.5 0.00215571
22.6 0.264721
22.7 0.213499
22.8 -0.270344
22.9 0.0804684
23 0.368396
23.1 0.182841
23.2 0.0765569
23.3 0.111431
23.4 -0.241999
23.5 -0.00652136
23.6 0.235955
23.7 0.394222
23.8 0.113648
23.9 -0.228319
24 -0.257672
24.1 -0.0695654
24.2 0.111562
24.3 -0.040548
24.4 0.189772
24.5 0.116123
24.6 -0.217604
24.7 0.143643
24.8 -0.0619981
24.9 0.175141
25 0.411236
25.1 0.116726
25.2 -0.274966
25.3 0.0244568
25.4 0.275306
25.5 0.118554
25.6 0.0368161
25.7 -0.116328
25.8 0.393786
25.9 0.211864
26 -0.301499
26.1 -0.262019
26.2 -0.0498679
26.3 0.427058
26.4 0.441315
26.5 0.187023
26.6 0.193332
26.7 0.460503
26.8 0.181802
26.9 -0.211015
27 0.00112498
27.1 -0.00765238
27.2 -0.1024
27.3 -0.118427
27.4 0.360002
27.5 0.0819347
27.6 -0.0663039
27.7 0.00616058
27.8 0.417977
27.9 0.428366
28 -0.0110735
28.1 -0.124591
28.2 -0.106258
28.3 0.435211
28.4 -0.0577297
28.5 0.21909
28.6 0.214627
28.7 0.021468
28.8 0.106184
28.9 0.196306
29 -0.0443656
29.1 0.379272
29.2 -0.0803408
29.3 0.144386
29.4 0.182421
29.5 0.222774
29.6 -0.128641
29.7 0.261619
29.8 0.167213
29.9 0.00289966
30 0.048469
30.1 0.0607305
30.2 0.196167
30.3 0.108546
30.4 -0.0865652
30.5 0.175859
30.6 0.0716934
30.7 -0.00992908
30.8 0.142695
30.9 0.428231
31 -0.0639931
31.1 0.0115883
31.2 0.20397
31.3 0.186196
31.4 0.103617
31.5 -0.20671
31.6 -0.109199
31.7 0.280527
31.8 -0.0439215
31.9 -0.0373112
32 0.136035
32.1 0.0893037
32.2 -0.0310568
32.3 0.128987
32.4 0.443852
32.5 0.0728181
32.6 -0.069041
32.7 0.0799344
32.8 0.443316
32.9 0.370107
33 0.281309
33.1 0.0851843
33.2 0.0889941
33.3 0.172593
33.4 0.026428
33.5 0.228964
33.6 0.171321
33.7 -0.201686
33.8 0.197155
33.9 0.236455
34 0.0267226
34.1 0.409908
34.2 -0.0747938
34.3 0.0639562
34.4 0.220767
34.5 0.0843704
34.6 -0.130263
34.7 0.168002
34.8 0.243697
34.9 -0.0221857
35 0.259015
35.1 -0.0321918
35.2 -0.2501
35.3 -0.076191
35.4 0.0574497
35.5 -0.233537
35.6 0.240487
35.7 0.191012
35.8 0.287945
35.9 -0.319029
36 0.149535
36.1 0.221093
36.2 -0.0885268
36.3 0.230949
36.4 0.112602
36.5 0.19123
36.6 0.160253
36.7 0.420773
36.8 -0.0875437
36.9 0.0775164
37 0.0890708
37.1 0.231534
37.2 -0.257577
37.3 0.0124778
37.4 0.102372
37.5 0.0502506
37.6 -0.112092
37.7 0.368688
37.8 -0.0717654
37.9 -0.0985736
38 0.00898695
38.1 0.15003
38.2 0.198504
38.3 0.130621
38.4 0.297913
38.5 0.294641
38.6 0.271478
38.7 -0.259722
38.8 -0.129118
38.9 -0.0737098
39 0.0909894
39.1 0.103518
39.2 0.0243304
39.3 -0.260396
39.4 -0.344511
39.5 0.0442405
39.6 -0.0404577
39.7 0.185707
39.8 0.00165052
39.9 -0.00990062
40 -0.288525
40.1 -0.102569
40.2 0.440934
40.3 0.0449822
40.4 -0.306942
40.5 0.272918
40.6 0.148953
40.7 0.201761
40.8 -0.0653645
40.9 -0.109111
41 0.192958
41.1 -0.0368832
41.2 0.337075
41.3 0.457002
41.4 0.293377
41.5 -0.306389
41.6 -0.0922974
41.7 0.0908028
41.8 0.0860867
41.9 -0.20166
42 0.174325
42.1 0.117868
42.2 0.200477
42.3 -0.247768
42.4 -0.252102
42.5 0.0352742
42.6 -0.0552003
42.7 -0.270536
42.8 0.154852
42.9 -0.0297422
43 -0.30906
43.1 0.253088
43.2 -0.0458601
43.3 -0.275456
43.4 -0.135421
43.5 0.259033
43.6 -0.0374321
43.7 0.372354
43.8 0.126425
43.9 -0.170996
44 -0.0398315
44.1 0.130646
44.2 0.19344
44.3 -0.186325
44.4 -0.0789299
44.5 0.189766
44.6 -0.162367
44.7 0.0283023
44.8 -0.007982
44.9 -0.0309134
45 -0.0389773
45.1 0.301845
45.2 0.111389
45.3 0.17907
45.4 -0.205016
45.5 -0.00960672
45.6 -0.045349
45.7 -0.0510301
45.8 -0.0606893
45.9 -0.00483951
46 0.0507195
46.1 -0.0767122
46.2 -0.116386
46.3 -0.121736
46.4 -0.0493499
46.5 0.109215
46.6 0.15759
46.7 -0.118777
46.8 0.102055
46.9 -0.231755
47 -0.0630482
47.1 -0.0387111
47.2 0.24993
47.3 0.101064
47.4 -0.281891
47.5 -0.113527
47.6 -0.0694318
47.7 0.240246
47.8 0.0215698
47.9 -0.02382
48 0.267897
48.1 -0.0669314
48.2 0.11538
48.3 0.0674006
48.4 0.00541453
48.5 -0.0108296
48.6 0.0275133
48.7 0.175111
48.8 0.163552
48.9 0.130738
49 0.0461174
49.1 0.102811
49.2 -0.0766435
49.3 -0.0900364
49.4 -0.0563164
49.5 0.182534
49.6 -0.020708
49.7 -0.0941441
49.8 -0.042305
49.9 -0.014214
