0 -0.0223841
0.1 -0.0422079
0.2 0.0768717
0.3 0.114758
0.4 0.0850546
0.5 0.327648
0.6 0.219891
0.7 -0.0798993
0.8 0.112203
0.9 0.221537
1 -0.0191212
1.1 -0.0563313
1.2 0.146686
1.3 -0.0706153
1.4 0.0390244
1.5 0.086226
1.6 0.366854
1.7 0.194236
1.8 0.176702
1.9 0.15501
2 -0.0834231
2.1 -0.114855
2.2 0.377225
2.3 0.120731
2.4 0.145625
2.5 0.364128
2.6 0.488806
2.7 0.190232
2.8 0.000409832
2.9 -0.0409963
3 -0.0308029
3.1 -0.0898439
3.2 0.0867519
3.3 0.257666
3.4 0.0511989
3.5 0.0212264
3.6 -0.0493104
3.7 0.0628461
3.8 0.0216446
3.9 0.176378
4 0.201512
4.1 -0.0240548
4.2 0.309441
4.3 0.329785
4.4 0.0174895
4.5 -0.214674
4.6 0.0748331
4.7 0.365679
4.8 0.191599
4.9 0.0636027
5 0.382548
5.1 0.220182
5.2 -0.2162
5.3 0.0625849
5.4 0.0524888
5.5 -0.0804669
5.6 0.235002
5.7 0.379816
5.8 -0.0153347
5.9 -0.228415
6 -0.251502
6.1 0.0695319
6.2 0.0769628
6.3 0.498604
6.4 0.500523
6.5 -0.00330256
6.6 -0.273873
6.7 0.0161708
6.8 -0.198298
6.9 -0.0738613
7 0.303946
7.1 0.114796
7.2 -0.163999
7.3 -0.0108903
7.4 0.0151332
7.5 0.108844
7.6 0.017903
7.7 -0.0331183
7.8 0.391928
7.9 -0.0231703
8 0.0621023
8.1 -0.172757
8.2 -0.0678948
8.3 0.366794
8.4 0.249353
8.5 0.110179
8.6 -0.244963
8.7 -0.151233
8.8 0.03793
8.9 0.213792
9 0.271512
9.1 -0.0424118
9.2 -0.0513699
9.3 0.14869
9.4 0.174289
9.5 0.208896
9.6 0.0157432
9.7 0.195722
9.8 -0.0624171
9.9 -0.285802
10 -0.0180366
10.1 0.0600687
10.2 0.225373
10.3 0.0918714
10.4 -0.0286087
10.5 -0.0828691
10.6 0.26539
10.7 0.147667
10.8 -0.203054
10.9 0.00891616
11 -0.000798784
11.1 0.263985
11.2 -0.047221
11.3 -0.0791871
11.4 0.270782
11.5 0.210018
11.6 -0.194813
11.7 -0.0635573
11.8 0.286385
11.9 0.0400826
12 0.0193233
12.1 0.453653
12.2 0.478379
12.3 -0.0906428
12.4 0.266565
12.5 0.124344
12.6 0.0281034
12.7 0.0267682
12.8 0.0156603
12.9 0.170805
13 0.146332
13.1 0.192104
13.2 0.0360877
13.3 -0.0432484
13.4 0.163881
13.5 0.129415
13.6 -0.0554054
13.7 0.0418879
13.8 -0.0919283
13.9 -0.118327
14 0.0526301
14.1 0.212226
14.2 0.063868
14.3 -0.0242666
14.4 -0.0210267
14.5 0.0705281
14.6 0.29742
14.7 0.448054
14.8 -0.00247858
14.9 -0.0744933
15 0.195032
15.1 0.38869
15.2 0.204834
15.3 0.109266
15.4 0.122106
15.5 0.362389
15.6 0.111761
15.7 -0.157219
15.8 0.209507
15.9 0.494605
16 0.496629
16.1 0.0897979
16.2 -0.177773
16.3 0.00230891
16.4 0.142646
16.5 0.228809
16.6 0.0597352
16.7 0.160961
16.8 0.0340668
16.9 0.0499531
17 0.27153
17.1 0.186943
17.2 0.0356875
17.3 0.127675
17.4 -0.226884
17.5 0.0681704
17.6 0.324282
17.7 0.351866
17.8 0.459712
17.9 0.0110107
18 -0.188426
18.1 0.00508783
18.2 0.0875627
18.3 0.225688
18.4 0.207012
18.5 0.00174293
18.6 0.035362
18.7 0.503434
18.8 0.133735
18.9 0.253228
19 0.054315
19.1 0.0793783
19.2 0.362447
19.3 0.238065
19.4 -0.180555
19.5 -0.159332
19.6 -0.102543
19.7 -0.00516233
19.8 -0.057516
19.9 0.0528979
20 0.290122
20.1 -0.082417
20.2 -0.142501
20.3 0.241804
20.4 -0.02731
20.5 0.00641238
20.6 0.09973
20.7 0.349591
20.8 0.365924
20.9 0.158507
21 0.175899
21.1 -0.171115
21.2 -0.234566
21.3 0.0274196
21.4 0.194283
21.5 0.223258
21.6 0.0258304
21.7 -0.0452387
21.8 -0.0242509
21.9 -0.0790335
22 0.208209
22.1 -0.201291
22.2 -0.00161701
22.3 0.14391
22.4 0.220987
22.5 0.189788
22.6 -0.211273
22.7 0.0373154
22.8 0.362542
22.9 0.0401896
23 0.184013
23.1 0.49443
23.2 -0.0594008
23.3 0.155053
23.4 -0.0264024
23.5 0.0086022
23.6 -0.313625
23.7 -0.147946
23.8 0.41154
23.9 -0.0648116
24 -0.0723273
24.1 -0.143487
24.2 0.123092
24.3 0.117261
24.4 0.0105882
24.5 -0.052758
24.6 0.0250668
24.7 0.0433949
24.8 0.11056
24.9 0.508201
25 0.188981
25.1 0.0436596
25.2 0.0724612
25.3 -0.0159206
25.4 0.271426
25.5 0.287857
25.6 0.169592
25.7 0.105716
25.8 0.246544
25.9 -0.27233
26 0.0286273
26.1 0.276313
26.2 0.0391748
26.3 0.149788
26.4 0.504441
26.5 0.0174967
26.6 -0.287826
26.7 -0.159182
26.8 -0.305911
26.9 -0.140423
27 0.286241
27.1 0.2354
27.2 -0.0492553
27.3 -0.0793297
27.4 -0.108609
27.5 -0.107719
27.6 0.186343
27.7 0.0196327
27.8 0.0216815
27.9 -0.0603928
28 0.318651
28.1 0.260544
28.2 0.0642049
28.3 0.216766
28.4 -0.00881809
28.5 0.364212
28.6 -0.00351343
28.7 -0.222336
28.8 0.298982
28.9 -0.0428549
29 -0.00465284
29.1 0.278802
29.2 0.259897
29.3 0.0360581
29.4 0.0271809
29.5 0.15439
29.6 -0.0910008
29.7 0.235534
29.8 0.124223
29.9 0.0344784
30 0.0219902
30.1 -0.0965641
30.2 -0.105851
30.3 -0.141102
30.4 0.131064
30.5 0.0589424
30.6 0.456139
30.7 0.223556
30.8 0.0555133
30.9 0.0225713
31 0.115111
31.1 0.500297
31.2 0.498595
31.3 -0.0486683
31.4 0.235333
31.5 0.141035
31.6 0.134115
31.7 0.128089
31.8 -0.000957633
31.9 0.241478
32 0.476754
32.1 0.130293
32.2 0.00310894
32.3 -0.221049
32.4 0.00666818
32.5 -0.108044
32.6 0.0530376
32.7 0.15312
32.8 0.356861
32.9 0.309026
33 -0.0331288
33.1 0.134218
33.2 0.434475
33.3 0.465856
33.4 0.0683346
33.5 0.00129537
33.6 -0.119406
33.7 0.0699736
33.8 0.208886
33.9 0.164529
34 -0.0489112
34.1 0.0671926
34.2 0.0532601
34.3 0.322337
34.4 0.110336
34.5 -0.246014
34.6 0.26488
34.7 0.127608
34.8 0.0226844
34.9 0.00860372
35 0.467504
35.1 0.298219
35.2 -0.0959161
35.3 -0.140847
35.4 0.342482
35.5 0.189279
35.6 0.293188
35.7 0.499309
35.8 -0.0800384
35.9 0.211728
36 0.265878
36.1 0.250265
36.2 0.132646
36.3 0.0316908
36.4 0.126398
36.5 0.364809
36.6 0.157297
36.7 0.151446
36.8 0.0224692
36.9 0.0820641
37 0.386325
37.1 0.424014
37.2 0.0357014
37.3 -0.0623981
37.4 0.181712
37.5 -0.181482
37.6 0.0585261
37.7 0.158236
37.8 0.0133645
37.9 0.272314
38 -0.0770329
38.1 0.169464
38.2 0.262998
38.3 0.252869
38.4 0.263124
38.5 0.141689
38.6 0.0256601
38.7 0.0478391
38.8 -0.106788
38.9 0.0718859
39 0.231845
39.1 -0.158196
39.2 -0.0493945
39.3 -0.0121465
39.4 0.413361
39.5 0.0107787
39.6 -0.0472939
39.7 0.236503
39.8 0.242452
39.9 0.241105
40 -0.0716351
40.1 -0.104583
40.2 -0.0958693
40.3 -0.132185
40.4 0.327827
40.5 0.313879
40.6 0.070688
40.7 -0.062123
40.8 0.074097
40.9 0.269203
41 0.111254
41.1 0.128096
41.2 0.121476
41.3 0.228575
41.4 0.191012
41.5 0.184315
41.6 0.180117
41.7 0.132911
41.8 0.125093
41.9 -0.0758436
42 -0.279821
42.1 0.113841
42.2 0.255183
42.3 0.454531
42.4 0.112152
42.5 -0.235431
42.6 0.0873662
42.7 0.0920589
42.8 0.316971
42.9 0.275088
43 0.147649
43.1 -0.166105
43.2 0.0622161
43.3 0.0171238
43.4 0.123638
43.5 0.196498
43.6 -0.0240129
43.7 0.168032
43.8 0.474455
43.9 0.150491
44 -0.281635
44.1 -0.139672
44.2 0.316724
44.3 0.251517
44.4 -0.143968
44.5 0.00634286
44.6 -0.0421858
44.7 -0.0333542
44.8 0.209088
44.9 -0.026185
45 0.0364113
45.1 0.2595
45.2 0.359137
45.3 0.185306
45.4 0.172314
45.5 -0.00659183
45.6 -0.0268287
45.7 0.273835
45.8 0.195978
45.9 -0.010003
46 0.041105
46.1 -0.0222504
46.2 0.0690367
46.3 0.364639
46.4 0.404978
46.5 0.490096
46.6 -0.0258488
46.7 -0.068422
46.8 -0.0860996
46.9 0.174231
47 0.148352
47.1 0.0709017
47.2 0.196063
47.3 0.000262134
47.4 0.280663
47.5 0.493995
47.6 -0.0155015
47.7 -0.0321426
47.8 0.325167
47.9 0.397383
48 0.499314
48.1 -0.0688123
48.2 0.00581811
48.3 0.480677
48.4 0.17668
48.5 0.243257
48.6 -0.0679621
48.7 0.0557793
48.8 0.508383
48.9 0.164153
49 0.00963166
49.1 0.0256538
49.2 0.318009
49.3 -0.00781789
49.4 -0.0298295
49.5 -0.0245632
49.6 0.30995
49.7 0.0936112
49.8 0.00165109
49.9 0.20271
