0 -0.0292143
0.1 -0.106851
0.2 -0.0251334
0.3 0.0838592
0.4 0.412459
0.5 0.231084
0.6 0.0607266
0.7 0.24196
0.8 0.0422511
0.9 0.121216
1 0.0821772
1.1 0.153376
1.2 0.0245164
1.3 -0.0878661
1.4 -0.0646156
1.5 0.0507932
1.6 0.43324
1.7 0.0859049
1.8 0.131705
1.9 0.211338
2 -0.0292547
2.1 0.0964965
2.2 0.0275227
2.3 0.246231
2.4 -0.0999001
2.5 -0.0391806
2.6 0.0741941
2.7 0.279474
2.8 0.0414873
2.9 0.0257478
3 0.0698577
3.1 0.397227
3.2 -0.0160177
3.3 0.116759
3.4 0.449879
3.5 0.247813
3.6 -0.237985
3.7 0.0210524
3.8 0.0776668
3.9 0.000312385
4 0.27589
4.1 0.478684
4.2 -0.0413712
4.3 0.160044
4.4 -0.0033816
4.5 -0.0714305
4.6 0.00909823
4.7 -0.0979352
4.8 0.400744
4.9 0.461158
5 -0.0389269
5.1 -0.0610451
5.2 0.251236
5.3 0.119505
5.4 0.402757
5.5 0.089357
5.6 0.0753613
5.7 -0.0236741
5.8 0.338562
5.9 0.187668
6 -0.0932122
6.1 -0.0359462
6.2 -0.0531877
6.3 0.153149
6.4 -0.021031
6.5 -0.0510575
6.6 0.0814743
6.7 0.115144
6.8 0.164351
6.9 -0.207531
7 -0.243309
7.1 0.0669817
7.2 0.167793
7.3 0.224175
7.4 -0.0905774
7.5 0.0183243
7.6 -0.0742162
7.7 0.124932
7.8 0.281583
7.9 -0.0100288
8 0.102891
8.1 0.192273
8.2 0.129943
8.3 0.0560128
8.4 0.200959
8.5 0.245079
8.6 0.0784456
8.7 0.239606
8.8 0.106875
8.9 -0.222577
9 -0.304856
9.1 0.0814386
9.2 0.260662
9.3 -0.0340701
9.4 -0.297253
9.5 0.059334
9.6 -0.0999066
9.7 0.196615
9.8 0.0995871
9.9 0.0392302
10 0.227095
10.1 0.0417776
10.2 -0.213286
10.3 0.201699
10.4 0.210016
10.5 0.215077
10.6 0.169834
10.7 -0.00700838
10.8 0.00267592
10.9 0.169879
11 0.44488
11.1 0.266609
11.2 0.0751373
11.3 -0.218997
11.4 -0.277672
11.5 -0.0913289
11.6 0.347436
11.7 -0.0514201
11.8 -0.00845292
11.9 0.143612
12 -0.0662355
12.1 -0.0501022
12.2 0.393058
12.3 0.166874
12.4 -0.196934
12.5 0.0606809
12.6 0.307744
12.7 0.147311
12.8 -0.12178
12.9 0.110434
13 0.0808951
13.1 0.235614
13.2 0.0139336
13.3 0.113159
13.4 0.184081
13.5 -0.0550804
13.6 -0.061972
13.7 -0.0558459
13.8 0.15797
13.9 0.207469
14 0.148755
14.1 0.0663468
14.2 0.137765
14.3 0.206072
14.4 0.0874876
14.5 -0.0605188
14.6 0.271714
14.7 -0.127775
14.8 0.0507501
14.9 0.151574
15 -0.129536
15.1 0.141061
15.2 0.0174503
15.3 0.162977
15.4 0.0952411
15.5 -0.02694
15.6 -0.121349
15.7 0.0680732
15.8 0.390863
15.9 0.440022
16 0.0527051
16.1 -0.179098
16.2 -0.0142467
16.3 0.00247617
16.4 -0.0227034
16.5 -0.0348422
16.6 0.143066
16.7 0.207366
16.8 -0.202829
16.9 -0.00678087
17 0.095759
17.1 0.370134
17.2 0.131817
17.3 -0.0522223
17.4 -0.168235
17.5 -0.152182
17.6 0.279477
17.7 0.203604
17.8 -0.0666426
17.9 -0.0821775
18 0.127432
18.1 0.123518
18.2 0.407597
18.3 0.458101
18.4 0.285216
18.5 0.206511
18.6 -0.276834
18.7 0.0311682
18.8 0.270825
18.9 0.202943
19 0.271079
19.1 -0.13031
19.2 0.14002
19.3 0.280206
19.4 -0.217046
19.5 -0.0108602
19.6 -0.0299155
19.7 -0.0712755
19.8 0.0839847
19.9 0.180236
20 0.103282
20.1 -0.0973798
20.2 -0.0583391
20.3 -0.128308
20.4 0.27643
20.5 0.21737
20.6 -0.253412
20.7 0.132553
20.8 -0.0452771
20.9 -0.237094
21 -0.271069
21.1 -0.284364
21.2 -0.108982
21.3 -0.147908
21.4 -0.219652
21.5 -0.0577436
21.6 -0.0178544
21.7 0.082421
21.8 0.0953532
21.9 0.0261011
22 -0.00861312
22.1 -0.0137803
22.2 0.0912318
22.3 -0.0376537
22.4 0.126738
22.5 0.470319
22.6 -0.119674
22.7 0.207111
22.8 -0.108042
22.9 0.0976358
23 0.387671
23.1 0.462277
23.2 0.341262
23.3 0.229368
23.4 -0.193525
23.5 0.0195249
23.6 0.0130154
23.7 0.264296
23.8 0.359595
23.9 0.190379
24 -0.215989
24.1 0.00398125
24.2 0.196727
24.3 0.106175
24.4 0.197337
24.5 -0.300633
24.6 0.240553
24.7 0.207278
24.8 0.0454459
24.9 0.152181
25 -0.102891
25.1 0.210252
25.2 0.157782
25.3 0.0712268
25.4 -0.266181
25.5 -0.00137675
25.6 0.266854
25.7 0.0943468
25.8 0.0636912
25.9 -0.0261972
26 0.15271
26.1 0.23757
26.2 0.24891
26.3 0.0730396
26.4 -0.0547359
26.5 -0.054885
26.6 -0.118598
26.7 -0.0711169
26.8 -0.0743821
26.9 -0.0945561
27 0.1538
27.1 -0.0265872
27.2 0.147381
27.3 -0.0327308
27.4 0.209308
27.5 0.205805
27.6 0.0166197
27.7 0.253566
27.8 0.00734094
27.9 -0.0191446
28 0.162527
28.1 0.100414
28.2 -0.0256789
28.3 0.110102
28.4 -0.0451419
28.5 -0.142929
28.6 -0.000388749
28.7 0.331193
28.8 0.168601
28.9 0.0569342
29 0.0448634
29.1 0.36564
29.2 -0.0702497
29.3 0.0402746
29.4 0.0465126
29.5 0.261062
29.6 0.0727038
29.7 0.0857053
29.8 0.171166
29.9 0.0961894
30 -0.112477
30.1 0.199405
30.2 0.00141268
30.3 0.0831565
30.4 0.152708
30.5 0.126159
30.6 0.260889
30.7 -0.127371
30.8 0.141229
30.9 -0.193143
31 0.226417
31.1 0.111372
31.2 -0.00777586
31.3 0.000306484
31.4 0.00628961
31.5 -0.109066
31.6 0.412651
31.7 0.274033
31.8 0.0346895
31.9 0.0271564
32 -0.0316078
32.1 -0.248744
32.2 -0.309413
32.3 -0.0453794
32.4 0.068673
32.5 0.29241
32.6 0.273597
32.7 0.109742
32.8 0.45182
32.9 0.021979
33 0.0964825
33.1 0.115998
33.2 -0.301581
33.3 -0.113945
33.4 0.472632
33.5 0.278952
33.6 0.00238233
33.7 0.0966752
33.8 0.05919
33.9 -0.14909
34 0.219165
34.1 0.233736
34.2 -0.00925566
34.3 0.0877926
34.4 0.446986
34.5 -0.110677
34.6 0.131322
34.7 0.0127693
34.8 0.0786013
34.9 -0.033958
35 0.12851
35.1 0.172241
35.2 -0.015664
35.3 -0.0291256
35.4 0.211504
35.5 0.00195444
35.6 -0.257817
35.7 0.0436985
35.8 -0.0275463
35.9 0.318818
36 0.231028
36.1 -0.0631192
36.2 0.148823
36.3 0.193499
36.4 0.0171744
36.5 0.0750314
36.6 -0.302533
36.7 0.141337
36.8 0.159603
36.9 0.335715
37 0.172153
37.1 -0.311914
37.2 0.0220025
37.3 0.115222
37.4 0.368624
37.5 0.275199
37.6 0.167825
37.7 0.46385
37.8 0.255593
37.9 0.0360275
38 0.0348421
38.1 0.00290604
38.2 -0.114788
38.3 0.0514063
38.4 0.114466
38.5 -0.323589
38.6 -0.0561732
38.7 -0.09885
38.8 0.0998031
38.9 0.175297
39 -0.0852835
39.1 0.183809
39.2 -0.133591
39.3 -0.216309
39.4 0.11477
39.5 0.0241553
39.6 0.0579417
39.7 0.390549
39.8 -0.115695
39.9 0.203205
40 0.256322
40.1 -0.00722153
40.2 -0.0659274
40.3 0.0745987
40.4 -0.0593976
40.5 0.0783817
40.6 0.187162
40.7 0.0148409
40.8 -0.035323
40.9 0.116743
41 0.14669
41.1 0.24945
41.2 0.167214
41.3 0.0257296
41.4 -0.238533
41.5 -0.109071
41.6 -0.113276
41.7 0.0786667
41.8 0.2898
41.9 0.477354
42 -0.00592675
42.1 0.199137
42.2 0.396789
42.3 0.205735
42.4 -0.00803639
42.5 0.159674
42.6 0.157031
42.7 -0.197317
42.8 -0.00123745
42.9 0.386372
43 -0.0101243
43.1 -0.265001
43.2 -0.290119
43.3 0.251004
43.4 0.112995
43.5 0.182691
43.6 -0.199378
43.7 -0.264177
43.8 0.0759356
43.9 0.10449
44 -0.010539
44.1 0.139028
44.2 0.237298
44.3 0.227332
44.4 0.112352
44.5 0.0245631
44.6 -0.196789
44.7 -0.305036
44.8 0.195941
44.9 0.183877
45 0.0350425
45.1 -0.00924266
45.2 0.150135
45.3 -0.0878085
45.4 0.210074
45.5 0.460314
45.6 -0.0123803
45.7 0.0116404
45.8 0.0443022
45.9 -0.119976
46 0.11839
46.1 -0.136715
46.2 0.148719
46.3 0.136873
46.4 0.351714
46.5 0.179759
46.6 0.0150177
46.7 0.0995767
46.8 0.0957247
46.9 0.0439543
47 0.186062
47.1 0.0324047
47.2 -0.257729
47.3 -0.0478614
47.4 0.230195
47.5 0.142954
47.6 -0.289629
47.7 0.159354
47.8 0.274676
47.9 0.232768
48 0.144155
48.1 0.194757
48.2 -0.178684
48.3 0.0760474
48.4 0.251542
48.5 0.115716
48.6 0.0640448
48.7 0.0716748
48.8 0.435936
48.9 -0.0899611
49 0.0749552
49.1 0.127452
49.2 0.163147
49.3 -0.269564
49.4 0.181008
49.5 0.20475
49.6 0.251206
49.7 -0.238441
49.8 0.0274788
49.9 0.308594
