0 0.0191794
0.1 0.368307
0.2 0.085586
0.3 -0.335772
0.4 -0.00939851
0.5 0.120066
0.6 0.0245689
0.7 -0.173252
0.8 -0.210536
0.9 0.123779
1 -0.0212979
1.1 -0.0891187
1.2 0.094093
1.3 0.0599157
1.4 -0.314262
1.5 -0.109956
1.6 0.165742
1.7 0.107298
1.8 0.171568
1.9 -0.279631
2 0.199601
2.1 -0.115274
2.2 -0.199386
2.3 0.250691
2.4 0.0931254
2.5 -0.312574
2.6 -0.364808
2.7 0.00534428
2.8 -0.0392921
2.9 -0.244906
3 -0.0770491
3.1 0.28951
3.2 -0.127508
3.3 0.184518
3.4 0.405612
3.5 0.227115
3.6 -0.201063
3.7 0.166357
3.8 0.220529
3.9 0.133595
4 -0.150208
4.1 -0.105537
4.2 0.00181237
4.3 0.017
4.4 0.0861223
4.5 -0.349413
4.6 0.0286339
4.7 0.352256
4.8 0.19332
4.9 -0.178651
5 0.100667
5.1 0.0411278
5.2 0.179406
5.3 -0.01299
5.4 -0.0223176
5.5 0.108706
5.6 -0.17533
5.7 0.173614
5.8 0.161024
5.9 0.22632
6 -0.145013
6.1 -0.278025
6.2 0.170312
6.3 0.0638352
6.4 -0.0374396
6.5 -0.145757
6.6 -0.1023
6.7 -0.0283141
6.8 -0.0261128
6.9 0.114015
7 0.190056
7.1 0.073904
7.2 -0.217115
7.3 0.129405
7.4 0.224378
7.5 0.0889193
7.6 0.000487722
7.7 -0.0693987
7.8 0.041149
7.9 0.192369
8 0.0793487
8.1 -0.0348672
8.2 -0.2982
8.3 -0.337304
8.4 0.137211
8.5 -0.0935875
8.6 -0.347565
8.7 -0.123298
8.8 0.293254
8.9 0.129878
9 -0.08184
9.1 0.130341
9.2 0.0533009
9.3 -0.106576
9.4 0.103587
9.5 0.326616
9.6 0.0849408
9.7 0.134374
9.8 -0.135487
9.9 0.187569
10 0.0110818
10.1 -0.0419366
10.2 -0.0443938
10.3 0.0262151
10.4 0.390302
10.5 -0.108172
10.6 0.192637
10.7 0.0352733
10.8 -0.133038
10.9 0.0607143
11 0.0166177
11.1 0.162402
11.2 0.0372081
11.3 0.214946
11.4 -0.157639
11.5 -0.018599
11.6 0.00881289
11.7 0.127858
11.8 -0.351122
11.9 0.0154371
12 0.00397299
12.1 0.0874863
12.2 0.242982
12.3 0.0356824
12.4 -0.0516772
12.5 0.121047
12.6 -0.0206167
12.7 -0.144939
12.8 0.0454852
12.9 0.326312
13 -0.138545
13.1 0.136177
13.2 0.128297
13.3 0.258685
13.4 -0.231768
13.5 -0.139432
13.6 0.0123885
13.7 0.413292
13.8 0.073869
13.9 0.232235
14 0.145378
14.1 0.13617
14.2 0.0436276
14.3 -0.0393812
14.4 0.00238548
14.5 0.121025
14.6 0.0320177
14.7 0.155587
14.8 0.127393
14.9 0.0183727
15 -0.38716
15.1 -0.060685
15.2 0.119907
15.3 0.404771
15.4 0.220457
15.5 0.164588
15.6 -0.356669
15.7 -0.382478
15.8 0.154949
15.9 0.397396
16 -0.0461096
16.1 -0.137941
16.2 -0.0209412
16.3 0.114047
16.4 0.423328
16.5 0.267824
16.6 0.101227
16.7 0.368897
16.8 0.174116
16.9 -0.0885859
17 -0.115546
17.1 0.0969872
17.2 0.0877372
17.3 0.104522
17.4 0.0230703
17.5 -0.294544
17.6 0.0901344
17.7 0.107592
17.8 -0.0245174
17.9 -0.0448508
18 0.0150274
18.1 0.146525
18.2 0.0832848
18.3 -0.239453
18.4 -0.0147212
18.5 0.204436
18.6 0.0295741
18.7 0.0592536
18.8 -0.335875
18.9 -0.0521878
19 0.250469
19.1 0.12908
19.2 -0.296901
19.3 -0.0100911
19.4 0.0482267
19.5 0.316468
19.6 0.390593
19.7 0.0907528
19.8 0.120591
19.9 0.147325
20 0.108971
20.1 0.0998423
20.2 0.0740171
20.3 0.0198104
20.4 -0.0989496
20.5 0.0172471
20.6 -0.0152511
20.7 0.183421
20.8 0.138525
20.9 -0.117337
21 -0.18853
21.1 0.196698
21.2 0.169524
21.3 0.178766
21.4 -0.126288
21.5 0.192632
21.6 0.0446817
21.7 0.154605
21.8 0.232232
21.9 0.255881
22 -0.123867
22.1 0.06618
22.2 -0.110211
22.3 -0.131571
22.4 0.130054
22.5 0.0309572
22.6 0.160769
22.7 0.183352
22.8 0.00493537
22.9 0.291433
23 0.130236
23.1 0.215114
23.2 -0.273697
23.3 -0.333825
23.4 0.0102318
23.5 0.360038
23.6 0.0535328
23.7 -0.279268
23.8 -0.118965
23.9 0.00157498
24 0.260658
24.1 0.315182
24.2 0.17241
24.3 -0.210149
24.4 -0.0818242
24.5 0.152947
24.6 -0.126453
24.7 0.166744
24.8 -0.23277
24.9 -0.0419029
25 -0.171406
25.1 0.151244
25.2 0.0500056
25.3 -0.237501
25.4 0.133932
25.5 -0.115758
25.6 -0.33355
25.7 -0.337361
25.8 0.120024
25.9 -0.0330816
26 0.00818167
26.1 -0.00994683
26.2 -0.0452728
26.3 0.295496
26.4 0.32494
26.5 0.0349396
26.6 -0.0742824
26.7 -0.13177
26.8 -0.0845416
26.9 -0.040776
27 0.138929
27.1 0.367889
27.2 -0.0942561
27.3 0.131091
27.4 0.0373875
27.5 -0.0558548
27.6 -0.22422
27.7 -0.0534885
27.8 0.184244
27.9 0.152591
28 0.127638
28.1 0.0483638
28.2 0.0144242
28.3 -0.143532
28.4 0.322873
28.5 0.167405
28.6 -0.18245
28.7 -0.0385573
28.8 0.187592
28.9 -0.2134
29 0.0138643
29.1 0.270725
29.2 -0.00382016
29.3 -0.351215
29.4 0.18451
29.5 0.183692
29.6 0.113442
29.7 -0.35315
29.8 0.00082857
29.9 -0.0186448
30 0.285056
30.1 0.221127
30.2 0.00960281
30.3 0.122894
30.4 0.130702
30.5 -0.375007
30.6 -0.0676448
30.7 -0.166859
30.8 -0.059683
30.9 0.100058
31 0.351997
31.1 0.011464
31.2 0.309716
31.3 -0.0287015
31.4 -0.0641019
31.5 0.126554
31.6 0.0897268
31.7 -0.010488
31.8 -0.284685
31.9 -0.0761353
32 -0.128206
32.1 0.145496
32.2 0.124823
32.3 0.242913
32.4 -0.273134
32.5 -0.345746
32.6 0.0809512
32.7 0.0889078
32.8 0.206586
32.9 -0.266981
33 -0.345388
33.1 -0.158638
33.2 0.272032
33.3 -0.110842
33.4 -0.266378
33.5 -0.321552
33.6 -0.015728
33.7 0.138472
33.8 -0.026617
33.9 -0.186557
34 -0.0071835
34.1 0.280172
34.2 0.200251
34.3 0.0793226
34.4 -0.0076478
34.5 -0.251333
34.6 0.19848
34.7 0.233999
34.8 0.0662949
34.9 0.152589
35 0.164349
35.1 0.157653
35.2 0.0932536
35.3 -0.128957
35.4 0.132116
35.5 -0.0391387
35.6 0.00214974
35.7 0.0923581
35.8 0.137272
35.9 -0.262922
36 0.0495873
36.1 0.140108
36.2 0.113731
36.3 0.142107
36.4 0.0644572
36.5 0.18342
36.6 0.0731958
36.7 0.034275
36.8 0.100517
36.9 -0.282979
37 0.0312808
37.1 0.38965
37.2 -0.109364
37.3 -0.0110721
37.4 -0.0406353
37.5 -0.0698825
37.6 -0.00465423
37.7 0.319177
37.8 0.232761
37.9 -0.119477
38 0.159733
38.1 0.375806
38.2 -0.13707
38.3 -0.0391815
38.4 0.155307
38.5 0.127116
38.6 -0.336993
38.7 -0.0391706
38.8 0.0536646
38.9 0.325973
39 -0.0406461
39.1 -0.0741153
39.2 -0.102742
39.3 0.228059
39.4 -0.0728476
39.5 -0.109765
39.6 0.0403509
39.7 0.171063
39.8 0.128069
39.9 0.0412006
40 0.0548409
40.1 -0.0883923
40.2 0.0475298
40.3 0.0155474
40.4 0.204331
40.5 -0.00233078
40.6 0.0869153
40.7 0.173952
40.8 0.111532
40.9 0.0130454
41 -0.0542119
41.1 0.0134678
41.2 -0.116118
41.3 0.264449
41.4 0.38831
41.5 0.181661
41.6 0.110289
41.7 -0.00569936
41.8 -0.235275
41.9 -0.0790565
42 0.0426287
42.1 0.211838
42.2 0.198451
42.3 0.261764
42.4 -0.334577
42.5 0.0687573
42.6 0.380621
42.7 -0.0273501
42.8 -0.0986076
42.9 0.3224
43 0.209142
43.1 -0.325173
43.2 0.00155114
43.3 -0.079756
43.4 0.256157
43.5 0.0470183
43.6 -0.302618
43.7 -0.0722898
43.8 0.0798476
43.9 0.331233
44 0.167055
44.1 0.117865
44.2 0.206939
44.3 0.122125
44.4 0.135506
44.5 0.104863
44.6 0.204853
44.7 0.294613
44.8 0.213313
44.9 -0.277749
45 -0.0511839
45.1 0.0204735
45.2 0.348789
45.3 0.186916
45.4 -0.224445
45.5 0.0369916
45.6 0.180685
45.7 0.119754
45.8 0.390283
45.9 -0.000145295
46 0.162681
46.1 -0.0989459
46.2 -0.110989
46.3 -0.0840649
46.4 0.301214
46.5 0.228921
46.6 0.1116
46.7 0.185685
46.8 0.158864
46.9 0.171337
47 -0.140922
47.1 -0.0854298
47.2 -0.0703895
47.3 -0.0837341
47.4 0.0755559
47.5 0.0809197
47.6 0.0845877
47.7 0.0180344
47.8 0.0590911
47.9 -0.0721216
48 -0.0118532
48.1 -0.103372
48.2 0.102277
48.3 0.0256161
48.4 0.361927
48.5 0.394269
48.6 0.128692
48.7 -0.054849
48.8 -0.255842
48.9 0.202338
49 0.210502
49.1 0.0286234
49.2 0.0216849
49.3 0.292951
49.4 0.262527
49.5 -0.121611
49.6 -0.0253829
49.7 0.400142
49.8 0.0977215
49.9 -0.160161
