0 -0.181906
0.1 -0.100124
0.2 0.091496
0.3 0.367325
0.4 0.223699
0.5 -0.124103
0.6 0.133965
0.7 0.0321183
0.8 0.0625852
0.9 -0.374914
1 0.103644
1.1 -0.00513791
1.2 -0.0315912
1.3 0.171448
1.4 -0.110743
1.5 0.00477448
1.6 -0.072562
1.7 -0.336194
1.8 -0.042964
1.9 0.123342
2 -0.126846
2.1 -0.0316802
2.2 -0.0703814
2.3 0.0855247
2.4 0.029246
2.5 0.0390346
2.6 -0.33928
2.7 -0.019887
2.8 -0.159453
2.9 -0.141315
3 -0.112177
3.1 0.174513
3.2 -0.0530398
3.3 -0.263384
3.4 -0.324016
3.5 -0.0461527
3.6 0.0874757
3.7 0.388047
3.8 0.384453
3.9 0.162782
4 -0.0472438
4.1 -0.0519248
4.2 -0.0326725
4.3 0.167315
4.4 0.135068
4.5 0.00431614
4.6 0.130183
4.7 -0.232688
4.8 -0.026543
4.9 0.140498
5 0.0613494
5.1 0.228211
5.2 0.0762683
5.3 0.0879997
5.4 0.0984789
5.5 -0.173377
5.6 0.00271876
5.7 -0.0790504
5.8 0.14996
5.9 -0.133707
6 -0.146756
6.1 0.0343778
6.2 -0.0500202
6.3 -0.0839543
6.4 0.280011
6.5 0.239682
6.6 0.154486
6.7 -0.184496
6.8 -0.198006
6.9 -0.107432
7 -0.271367
7.1 -0.1196
7.2 0.0488036
7.3 0.058974
7.4 0.14856
7.5 -0.310002
7.6 -0.109106
7.7 -0.0389081
7.8 -0.0730353
7.9 -0.0622547
8 -0.0615085
8.1 0.110512
8.2 0.0891665
8.3 -0.0475818
8.4 -0.295713
8.5 -0.275553
8.6 0.109687
8.7 -0.0858051
8.8 -0.295058
8.9 -0.176125
9 0.0455126
9.1 0.197499
9.2 0.22806
9.3 -0.258816
9.4 -0.0660977
9.5 0.151433
9.6 -0.228556
9.7 0.174545
9.8 0.0147471
9.9 -0.28648
10 -0.341919
10.1 -0.17236
10.2 0.0143492
10.3 -0.168389
10.4 0.162651
10.5 -0.118484
10.6 -0.00261437
10.7 0.353008
10.8 0.0300758
10.9 -0.242122
11 -0.14752
11.1 -0.0131485
11.2 0.0872774
11.3 0.400509
11.4 -0.00975381
11.5 0.18592
11.6 0.0360569
11.7 0.00698931
11.8 0.22913
11.9 0.0943654
12 -0.0322311
12.1 -0.371492
12.2 -0.106995
12.3 0.0475979
12.4 -0.0288519
12.5 -0.414518
12.6 0.0694684
12.7 0.318159
12.8 0.209656
12.9 -0.363095
13 -0.0246014
13.1 -0.0498909
13.2 0.202901
13.3 0.161463
13.4 0.190618
13.5 0.114189
13.6 0.378766
13.7 0.126526
13.8 -0.052966
13.9 0.0616247
14 0.180602
14.1 -0.345462
14.2 -0.110063
14.3 -0.0188912
14.4 0.195035
14.5 0.327768
14.6 0.269603
14.7 0.135106
14.8 -0.00144528
14.9 0.0697652
15 -0.306132
15.1 0.198018
15.2 0.267574
15.3 0.114349
15.4 0.133224
15.5 0.0610009
15.6 0.0772598
15.7 0.197571
15.8 -0.0841188
15.9 -0.271997
16 -0.254176
16.1 -0.271492
16.2 -0.179875
16.3 0.175056
16.4 -0.0361252
16.5 -0.0534284
16.6 0.351388
16.7 0.44802
16.8 0.255385
16.9 0.0464701
17 0.176126
17.1 0.0474031
17.2 0.089139
17.3 -0.0582058
17.4 -0.350367
17.5 0.116305
17.6 0.36248
17.7 -0.0493742
17.8 -0.33406
17.9 -0.185781
18 0.0439561
18.1 0.113963
18.2 -0.217976
18.3 -0.0970821
18.4 0.259733
18.5 -0.0533682
18.6 0.113745
18.7 0.130353
18.8 -0.21496
18.9 -0.0246409
19 0.0612029
19.1 0.0564341
19.2 0.199189
19.3 0.177857
19.4 0.169185
19.5 0.00284911
19.6 0.157998
19.7 -0.272022
19.8 -0.343981
19.9 0.0752693
20 0.0592621
20.1 -0.162335
20.2 0.00137964
20.3 0.178436
20.4 0.133292
20.5 0.0425086
20.6 0.0618582
20.7 0.324376
20.8 0.190054
20.9 -0.190139
21 0.169681
21.1 0.191725
21.2 0.02535
21.3 -0.191597
21.4 -0.0927757
21.5 -0.00250949
21.6 -0.0293357
21.7 -0.309293
21.8 -0.0190628
21.9 0.24587
22 0.356592
22.1 -0.0405813
22.2 -0.301097
22.3 0.173218
22.4 0.214257
22.5 0.0606001
22.6 -0.176279
22.7 0.0672304
22.8 -0.300032
22.9 -0.275419
23 0.147933
23.1 -0.139815
23.2 -0.0222016
23.3 0.143885
23.4 0.0743608
23.5 0.116428
23.6 0.360154
23.7 0.125539
23.8 -0.248317
23.9 -0.02805
24 0.172389
24.1 0.117554
24.2 0.258133
24.3 -0.17263
24.4 -0.121435
24.5 -0.118539
24.6 0.256792
24.7 0.0762035
24.8 -0.0950595
24.9 -0.103763
25 -0.379231
25.1 0.136311
25.2 0.22943
25.3 -0.29818
25.4 -0.129948
25.5 -0.140215
25.6 0.148378
25.7 0.298869
25.8 0.221565
25.9 0.174661
26 -0.15596
26.1 -0.156139
26.2 -0.0029054
26.3 0.133434
26.4 0.0713462
26.5 0.00418619
26.6 0.00445795
26.7 -0.103416
26.8 0.150152
26.9 0.0298254
27 -0.0201999
27.1 0.303181
27.2 0.174604
27.3 0.0537805
27.4 -0.214851
27.5 -0.162135
27.6 0.386294
27.7 0.274048
27.8 0.064342
27.9 0.294513
28 0.0323454
28.1 0.242659
28.2 0.053014
28.3 -0.188693
28.4 0.190981
28.5 -0.313925
28.6 0.13949
28.7 0.0874422
28.8 -0.0490638
28.9 -0.382438
29 -0.422074
29.1 0.116411
29.2 -0.0036169
29.3 0.163019
29.4 0.123202
29.5 0.35172
29.6 -0.0474657
29.7 0.174476
29.8 0.218658
29.9 0.215141
30 0.281979
30.1 -0.0457496
30.2 -0.0532034
30.3 0.0841342
30.4 -0.0148
30.5 -0.309759
30.6 -0.129695
30.7 -0.115183
30.8 0.00743532
30.9 -0.00658296
31 -0.0653828
31.1 0.116583
31.2 -0.144466
31.3 0.160947
31.4 0.00625808
31.5 -0.322936
31.6 -0.0949529
31.7 0.0341834
31.8 0.291048
31.9 0.0392381
32 -0.292013
32.1 -0.0327556
32.2 0.195029
32.3 0.170765
32.4 -0.0858416
32.5 -0.02224
32.6 0.261883
32.7 -0.0404723
32.8 -0.287215
32.9 -0.365392
33 -0.0295937
33.1 0.0534863
33.2 0.194775
33.3 -0.0978944
33.4 -0.0611819
33.5 0.188493
33.6 0.115666
33.7 0.0524134
33.8 -0.389699
33.9 0.082678
34 0.0775664
34.1 0.337705
34.2 0.227688
34.3 -0.254517
34.4 -0.112641
34.5 0.326277
34.6 0.362112
34.7 -0.0993021
34.8 -0.0414923
34.9 -0.118696
35 -0.00167274
35.1 0.0639461
35.2 -0.131133
35.3 0.0570933
35.4 0.114843
35.5 -0.0870436
35.6 0.023909
35.7 0.287055
35.8 0.0149164
35.9 -0.021086
36 0.0348574
36.1 0.00177819
36.2 0.188815
36.3 0.0426793
36.4 -0.371541
36.5 -0.0287333
36.6 0.264762
36.7 -0.279818
36.8 0.134278
36.9 0.147172
37 0.113676
37.1 0.200774
37.2 0.247023
37.3 0.101963
37.4 0.318839
37.5 0.344978
37.6 -0.0759367
37.7 0.178099
37.8 -0.0252917
37.9 -0.0348654
38 0.0684926
38.1 0.0721048
38.2 -0.333654
38.3 -0.399877
38.4 0.170526
38.5 0.163379
38.6 0.108548
38.7 -0.261343
38.8 -0.094479
38.9 -0.12471
39 -0.0906642
39.1 0.326859
39.2 0.0803315
39.3 -0.0751642
39.4 0.218353
39.5 -0.273853
39.6 -0.139147
39.7 0.367488
39.8 0.248343
39.9 -0.110966
40 0.0677712
40.1 0.0642697
40.2 -0.126713
40.3 -0.0350032
40.4 0.102159
40.5 -0.343613
40.6 -0.193474
40.7 -0.00276779
40.8 0.0575656
40.9 0.367151
41 -0.0681344
41.1 -0.0774981
41.2 0.190476
41.3 0.00620983
41.4 -0.191112
41.5 0.180803
41.6 0.201588
41.7 0.00153717
41.8 0.171493
41.9 0.205453
42 0.229358
42.1 -0.0712462
42.2 -0.0967149
42.3 0.250466
42.4 0.0503878
42.5 0.174831
42.6 0.231811
42.7 0.0565535
42.8 -0.330163
42.9 0.00459449
43 -0.0402844
43.1 0.123047
43.2 -0.179866
43.3 -0.0955374
43.4 0.211715
43.5 0.0635231
43.6 -0.266832
43.7 -0.0519483
43.8 0.304454
43.9 0.140998
44 -0.15292
44.1 0.0569579
44.2 -0.00610753
44.3 0.0259912
44.4 0.0613025
44.5 0.0721192
44.6 -0.0366138
44.7 0.120069
44.8 0.366439
44.9 0.184936
45 0.19294
45.1 -0.165919
45.2 -0.093341
45.3 0.0412934
45.4 -0.0689049
45.5 -0.130203
45.6 -0.131495
45.7 0.245257
45.8 0.0704666
45.9 -0.243644
46 -0.287394
46.1 0.161977
46.2 0.372967
46.3 0.0991294
46.4 -0.0613001
46.5 -0.0568476
46.6 0.349159
46.7 0.0101254
46.8 0.0598087
46.9 0.0830433
47 0.16376
47.1 0.194865
47.2 -0.163399
47.3 -0.0532553
47.4 0.140245
47.5 0.0601224
47.6 0.0409352
47.7 0.00479904
47.8 0.177561
47.9 -0.103336
48 0.107183
48.1 -0.0205178
48.2 -0.143332
48.3 -0.0439113
48.4 0.153442
48.5 0.38292
48.6 -0.208332
48.7 0.156265
48.8 0.0688941
48.9 -0.218917
49 -0.0478033
49.1 0.32908
49.2 0.199472
49.3 0.252169
49.4 0.0806067
49.5 -0.167268
49.6 -0.225533
49.7 -0.0797865
49.8 0.040945
49.9 -0.178187
