0 -3
1 2
2 2
3 3
4 2
5 1
6 1
7 -2
8 -4
9 -6
10 -4
11 2
12 2
13 -1
14 -1
15 1
16 3
17 3
18 4
19 -1
20 0
21 0
22 0
23 0
24 1
25 -2
26 -1
27 -3
28 -4
29 -5
30 -7
31 -4
32 2
33 -2
34 0
35 -5
36 -2
37 -3
38 0
39 1
40 2
41 2
42 2
43 0
44 1
45 1
46 0
47 1
48 -3
49 1
50 3
51 2
52 2
53 3
54 2
55 5
56 1
57 0
58 5
59 1
60 1
61 0
62 0
63 0
64 5
65 8
66 7
67 0
68 4
69 4
70 3
71 3
72 2
73 6
74 4
75 7
76 3
77 3
78 0
79 1
80 2
81 0
82 -2
83 9
84 5
85 4
86 6
87 0
88 -2
89 -2
90 -1
91 -4
92 -2
93 2
94 -3
95 -4
96 3
97 9
98 3
99 7
100 10
101 6
102 8
103 10
104 16
105 12
106 12
107 9
108 7
109 2
110 2
111 -2
112 1
113 0
114 -1
115 1
116 -2
117 -2
118 0
119 0
120 0
121 0
122 3
123 9
124 9
125 7
126 5
127 4
128 2
129 5
130 5
131 8
132 5
133 4
134 8
135 10
136 9
137 19
138 11
139 2
140 3
141 1
142 0
143 3
144 -1
145 1
146 0
147 -1
148 3
149 3
150 -1
151 -1
152 -2
153 7
154 3
155 1
156 12
157 9
158 6
159 2
160 2
161 -2
162 0
163 1
164 1
165 1
166 1
167 1
168 -4
169 15
170 8
171 20
172 20
173 18
174 7
175 6
176 0
177 3
178 6
179 5
180 3
181 2
182 2
183 3
184 1
185 1
186 1
187 0
188 6
189 6
190 4
191 4
192 6
193 4
194 4
195 2
196 3
197 3
198 0
199 0
200 1
201 1
202 4
203 4
204 5
205 5
206 4
207 6
208 0
209 0
210 0
211 0
212 3
213 1
214 0
215 -1
216 0
217 1
218 7
219 9
220 12
221 9
222 9
223 6
224 6
225 7
226 7
227 3
228 3
229 4
230 4
231 0
232 -1
233 -6
234 -3
235 -2
236 1
237 1
238 1
239 2
240 2
241 5
242 6
243 7
244 -3
245 -1
246 1
247 5
248 8
249 4
250 2
251 3
252 3
253 2
254 -1
255 -1
