1	3.69481		1.52613e+06		3.56358 100
1	3.69481		1.52567e+06		3.55536 100
1	3.69481		1.52589e+06		3.56054 100
1	3.69481		1.52726e+06		3.57648 100
1	3.69481		1.52697e+06		3.56828 100
1	3.69481		1.52644e+06		3.5687 100
1	3.69481		1.52651e+06		3.5712 100
1	3.69481		1.52729e+06		3.5825 100
1	3.69481		1.52551e+06		3.56028 100
1	3.69481		1.52665e+06		3.56099 100
1	3.69481		1.52645e+06		3.56349 100
1	3.69481		1.52703e+06		3.57238 100
1	3.69481		1.52594e+06		3.5591 100
1	3.69481		1.52542e+06		3.56062 100
1	3.69481		1.52605e+06		3.56032 100
1	3.69481		1.52576e+06		3.55939 100
1	3.69481		1.52607e+06		3.56241 100
1	3.69481		1.52565e+06		3.55463 100
1	3.69481		1.5257e+06		3.56943 100
1	3.69481		1.52667e+06		3.56964 100
1	3.69481		1.5263e+06		3.57198 100
1	3.69481		1.52575e+06		3.55889 100
1	3.69481		1.52543e+06		3.55837 100
1	3.69481		1.52715e+06		3.56952 100
1	3.69481		1.52585e+06		3.55697 100
1	3.69481		1.52678e+06		3.56529 100
1	3.69481		1.52614e+06		3.5643 100
1	3.69481		1.5265e+06		3.56925 100
1	3.69481		1.52567e+06		3.56064 100
1	3.69481		1.52546e+06		3.55833 100
1	3.69481		1.52595e+06		3.56242 100
1	3.69481		1.52602e+06		3.55846 100
1	3.69481		1.52613e+06		3.56532 100
1	3.69481		1.52669e+06		3.56636 100
1	3.69481		1.52571e+06		3.55546 100
1	3.69481		1.52703e+06		3.57198 100
1	3.69481		1.52573e+06		3.55814 100
1	3.69481		1.52633e+06		3.56072 100
1	3.69481		1.52717e+06		3.56982 100
1	3.69481		1.52619e+06		3.56037 100
1	3.69481		1.52573e+06		3.55863 100
1	3.69481		1.52596e+06		3.56024 100
1	3.69481		1.52615e+06		3.56227 100
1	3.69481		1.52604e+06		3.56505 100
1	3.69481		1.52659e+06		3.56574 100
1	3.69481		1.52628e+06		3.56167 100
1	3.69481		1.52605e+06		3.56228 100
1	3.69481		1.52576e+06		3.55863 100
1	3.69481		1.52585e+06		3.55728 100
1	3.69481		1.52621e+06		3.56057 100
1	3.69481		1.52572e+06		3.56043 100
1	3.69481		1.52591e+06		3.56122 100
1	3.69481		1.52581e+06		3.55506 100
1	3.69481		1.52525e+06		3.55769 100
1	3.69481		1.5268e+06		3.56569 100
1	3.69481		1.52588e+06		3.55597 100
1	3.69481		1.52551e+06		3.55582 100
1	3.69481		1.52589e+06		3.56306 100
1	3.69481		1.52572e+06		3.55465 100
1	3.69481		1.52594e+06		3.56129 100
1	3.69481		1.52551e+06		3.55728 100
1	3.69481		1.52615e+06		3.56285 100
1	3.69481		1.52605e+06		3.5604 100
1	3.69481		1.52662e+06		3.56426 100
1	3.69481		1.52674e+06		3.57744 100
1	3.69481		1.52585e+06		3.55941 100
1	3.69481		1.52574e+06		3.55713 100
1	3.69481		1.52541e+06		3.55236 100
1	3.69481		1.52613e+06		3.56226 100
1	3.69481		1.52564e+06		3.5575 100
1	3.69481		1.527e+06		3.56691 100
1	3.69481		1.52597e+06		3.56135 100
1	3.69481		1.52598e+06		3.5611 100
1	3.69481		1.52603e+06		3.5586 100
1	3.69481		1.5266e+06		3.5684 100
1	3.69481		1.52654e+06		3.57194 100
1	3.69481		1.52642e+06		3.57132 100
1	3.69481		1.52608e+06		3.56239 100
1	3.69481		1.52657e+06		3.56485 100
1	3.69481		1.5264e+06		3.56377 100
1	3.69481		1.52573e+06		3.55799 100
1	3.69481		1.52672e+06		3.57469 100
1	3.69481		1.52643e+06		3.56474 100
1	3.69481		1.52639e+06		3.56522 100
1	3.69481		1.52654e+06		3.56454 100
1	3.69481		1.52646e+06		3.57301 100
1	3.69481		1.52628e+06		3.56214 100
1	3.69481		1.52669e+06		3.56455 100
1	3.69481		1.5266e+06		3.56729 100
1	3.69481		1.52554e+06		3.55377 100
1	3.69481		1.52652e+06		3.56717 100
1	3.69481		1.52572e+06		3.561 100
1	3.69481		1.52576e+06		3.55497 100
1	3.69481		1.52671e+06		3.56764 100
1	3.69481		1.52586e+06		3.55787 100
1	3.69481		1.52551e+06		3.55692 100
1	3.69481		1.5269e+06		3.5717 100
1	3.69481		1.52697e+06		3.57533 100
1	3.69481		1.52666e+06		3.56846 100
1	3.69481		1.5259e+06		3.56291 100
