0.8 0 0 0
0.8 0 1000 90.93
0.8 0 2000 196.25
0.8 0 0 0
0.8 0 1000 13.28
0.8 0 2000 32.15
0.8 0 3000 52.61
0.8 0 4000 74.5
0.8 0 5000 96.53
0.8 0 6000 119.51
0.8 0 0 0
0.8 0 0 0
0.81 0 0 0
0.8 0 1000 24.49
0.81 0 1000 25.33
0.8 0 2000 36.91
0.81 0 2000 38.06
0.8 0 3000 49.34
0.81 0 3000 50.63
0.8 0 4000 61.31
0.81 0 4000 63.32
0.8 0 5000 72.56
0.81 0 5000 76.02
0.8 0 6000 85.26
0.81 0 6000 88.16
0.8 0 7000 97.3
0.81 0 7000 100.47
0.81 0 0 0
0.81 0 1000 13.91
0.81 0 2000 33.11
0.81 0 0 0
0.81 0 0 0
0.81 0 1000 25.17
0.81 0 2000 37.93
0.81 0 3000 50.38
0.81 0 4000 63.08
0.81 0 5000 75.39
0.81 0 0 0
0.81 0 1000 10.69
0.81 0 2000 23.26
0.81 0 3000 35.54
0.81 0 4000 47.78
0.81 0 5000 59.72
0.81 0 6000 71.75
0.81 0 0 0
0.81 0 1000 13.16
0.81 0 2000 32.95
0.81 0 3000 55.39
0.81 0 4000 79.19
0.81 0 5000 103.21
0.81 0 6000 127.26
0.81 0 7000 151.1
0.81 0 8000 175.3
0.81 0 9000 200.16
0.81 0 10000 225.1
0.81 0 11000 249.9
0.81 0 12000 275.43
0.81 0 13000 301.39
0.81 0 14000 327.52
0.81 0 15000 353.2
0.81 0 16000 378.87
0.81 0 17000 404.03
0.81 0 18000 429.65
0.81 0 19000 455.62
0.81 0 20000 482.11
0.81 0 21000 509.29
0.81 0 22000 536.4
0.81 0 23000 563.61
0.81 0 24000 590.64
0.81 0 25000 617.86
0.81 0 26000 645.41
0.81 0 27000 672.75
0.81 0 28000 700.11
0.81 0 29000 727.65
0.81 0 30000 755.09
0.81 0 31000 783.08
0.81 0 32000 811.04
0.81 0 33000 839.42
0.81 0 34000 867.61
0.81 0 35000 895.36
0.81 0 36000 923.71
0.81 0 37000 951.55
0.81 0 38000 978.84
0.81 0 39000 1006.12
0.81 0 40000 1034.25
0.81 0 41000 1061.58
0.81 0 42000 1089.51
0.81 0 43000 1117.91
0.81 0 44000 1146.46
0.81 0 45000 1174.94
0.81 0 46000 1202.99
0.81 0 47000 1230.53
0.81 0 48000 1257.95
0.81 0 49000 1286.15
0.81 0 50000 1313.26
0.81 0 51000 1341.24
0.81 0 52000 1368.87
0.81 0 53000 1396.42
0.81 0 54000 1423.55
0.81 0 55000 1451.34
0.81 0 56000 1479.02
0.81 0 57000 1507.53
0.81 0 58000 1536.04
0.81 0 59000 1564.35
0.81 0 60000 1593.04
0.81 0 61000 1622.21
0.81 0 62000 1651.14
0.81 0 63000 1679.73
0.81 0 64000 1709.12
0.81 0 65000 1738.35
0.81 0 66000 1767.11
0.81 0 67000 1797.02
