0	13.2891	5.38268	-0.511268	2.08469
0.0606061	13.2891	5.12644	-0.59183	2.06742
0.121212	13.2891	5.85308	-0.397642	2.07694
0.181818	13.2891	5.98964	-0.37106	2.09113
0.242424	13.2891	5.63957	-0.444536	2.08088
0.30303	13.2891	6.0803	-0.354707	2.08366
0.363636	13.2891	5.65992	-0.439758	2.11361
0.424242	13.2891	5.88159	-0.391888	2.11467
0.484848	13.2891	6.08111	-0.354566	2.14584
0.545455	13.2891	6.91259	-0.241392	2.15706
0.606061	13.2891	6.53538	-0.285649	2.17027
0.666667	13.2891	6.19562	-0.335267	2.20775
0.727273	13.2891	6.70192	-0.26488	2.22955
0.787879	13.2891	6.54299	-0.284654	2.24463
0.848485	13.2891	7.57849	-0.183188	2.28606
0.909091	13.2891	8.51002	-0.129376	2.33318
0.969697	13.2891	8.20054	-0.144584	2.36056
1.0303	13.2891	7.90562	-0.161376	2.37874
1.09091	13.2891	10.1131	-0.0770879	2.42228
1.15152	13.2891	9.13551	-0.10458	2.47707
1.21212	13.2891	10.1689	-0.0758259	2.56263
1.27273	13.2891	9.88671	-0.0825069	2.60575
1.33333	13.2891	12.1546	-0.0444037	2.69433
1.39394	13.2891	12.292	-0.0429318	2.75751
1.45455	13.2891	12.8394	-0.037671	2.79222
1.51515	13.2891	13.35	-0.033512	2.88296
1.57576	13.2891	12.1378	-0.044589	2.97092
1.63636	13.2891	13.3586	-0.0334477	3.01125
1.69697	13.2891	13.8263	-0.0301665	3.12842
1.75758	13.2891	14.6495	-0.0253617	3.20499
1.81818	13.2891	13.7211	-0.0308657	3.28643
1.87879	13.2891	15.4489	-0.0216249	3.35894
1.93939	13.2891	16.9671	-0.016324	3.45039
2	13.2891	16.4661	-0.0178596	3.56526
2.06061	13.2891	15.7414	-0.0204415	3.60185
2.12121	13.2891	17.0169	-0.0161809	3.63398
2.18182	13.2891	15.0101	-0.0235774	3.68411
2.24242	13.2891	16.0568	-0.0192606	3.72933
2.30303	13.2891	16.2661	-0.0185265	3.73035
2.36364	13.2891	15.5799	-0.0210841	3.79701
2.42424	13.2891	15.9206	-0.0197592	3.83322
2.48485	13.2891	16.1043	-0.0190906	3.87295
2.54545	13.2891	16.274	-0.0184995	3.90159
2.60606	13.2891	16.4169	-0.0180207	3.93084
2.66667	13.2891	15.1564	-0.0229013	3.98779
2.72727	13.2891	15.8738	-0.0199344	4.01488
2.78788	13.2891	16.0024	-0.0194578	4.08466
2.84848	13.2891	17.0549	-0.0160729	4.06434
2.90909	13.2891	15.2501	-0.0224817	4.1421
2.9697	13.2891	15.8949	-0.0198549	4.18008
3.0303	13.2891	16.2522	-0.0185741	4.20484
3.09091	13.2891	14.3016	-0.027258	4.23791
3.15152	13.2891	15.0607	-0.0233407	4.30224
3.21212	13.2891	15.3503	-0.0220441	4.32325
3.27273	13.2891	15.5901	-0.0210425	4.35741
3.33333	13.2891	13.8684	-0.0298926	4.42262
3.39394	13.2891	15.0459	-0.0234094	4.43355
3.45455	13.2891	15.2002	-0.0227037	4.51409
3.51515	13.2891	13.408	-0.0330788	4.55628
3.57576	13.2891	15.5238	-0.0213131	4.55132
3.63636	13.2891	15.4353	-0.021682	4.62246
3.69697	13.2891	13.295	-0.0339301	4.69029
3.75758	13.2891	14.2097	-0.0277902	4.68417
3.81818	13.2891	12.0987	-0.045022	4.81757
3.87879	13.2891	12.3622	-0.0422045	4.85049
3.93939	13.2891	12.6798	-0.0391116	4.92169
4	13.2891	11.8654	-0.0477311	5.03142
4.06061	13.2891	11.5209	-0.0521413	5.12522
4.12121	13.2891	10.7531	-0.0641281	5.19558
4.18182	13.2891	10.6775	-0.0654991	5.26097
4.24242	13.2891	10.9687	-0.0604206	5.33187
4.30303	13.2891	11.5869	-0.0512562	5.38121
4.36364	13.2891	11.7232	-0.0494886	5.37654
4.42424	13.2891	10.4157	-0.0705644	5.5322
4.48485	13.2891	12.0144	-0.0459769	5.554
4.54545	13.2891	11.3378	-0.0547092	5.65321
4.60606	13.2891	10.7718	-0.0637948	5.74518
4.66667	13.2891	10.5606	-0.0676988	5.80443
4.72727	13.2891	11.0778	-0.0586526	5.85641
4.78788	13.2891	11.2927	-0.0553671	5.91134
4.84848	13.2891	11.0147	-0.0596657	6.01138
4.90909	13.2891	10.3644	-0.0716168	6.12056
4.9697	13.2891	10.073	-0.0780143	6.18188
5.0303	13.2891	10.5699	-0.0675195	6.25663
5.09091	13.2891	10.8669	-0.0621332	6.31172
5.15152	13.2891	10.2843	-0.0733022	6.45669
5.21212	13.2891	10.9835	-0.0601763	6.47173
5.27273	13.2891	10.9733	-0.0603448	6.52053
5.33333	13.2891	11.2579	-0.0558817	6.58382
5.39394	13.2891	10.5322	-0.0682482	6.70951
5.45455	13.2891	11.0212	-0.0595604	6.77052
5.51515	13.2891	10.6518	-0.0659745	6.8848
5.57576	13.2891	10.5506	-0.0678911	6.97383
5.63636	13.2891	10.6055	-0.066843	7.03151
5.69697	13.2891	10.8761	-0.0619757	7.12885
5.75758	13.2891	10.8903	-0.0617344	7.17065
5.81818	13.2891	10.8486	-0.0624494	7.22354
5.87879	13.2891	10.6464	-0.0660743	7.35887
5.93939	13.2891	10.8996	-0.0615756	7.41074
6	13.2891	10.8152	-0.0630285	7.51814
