0 1.87954
0.1 -3.69028
0.2 40.0897
0.3 -18.3113
0.4 29.8875
0.5 0.451722
0.6 -26.5364
0.7 -18.6422
0.8 -30.3338
0.9 16.6447
1 17.7434
1.1 2.2578
1.2 -5.20646
1.3 0.18004
1.4 12.1809
1.5 15.013
1.6 0.441606
1.7 -21.3811
1.8 13.1579
1.9 -5.47572
2 -6.29929
2.1 0.924239
2.2 -20.9355
2.3 1.00605
2.4 -9.64712
2.5 -48.3461
2.6 -46.9506
2.7 -52.7661
2.8 9.75231
2.9 -22.832
3 -11.6604
3.1 8.97852
3.2 13.6671
3.3 5.54661
3.4 -7.55318
3.5 -15.5495
3.6 5.13195
3.7 7.6973
3.8 10.5894
3.9 26.4527
4 2.01249
4.1 3.2956
4.2 7.65096
4.3 20.5113
4.4 -6.59632
4.5 -8.35406
4.6 2.62272
4.7 -7.36797
4.8 -5.28995
4.9 3.18144
5 -36.4755
5.1 -36.2681
5.2 0.547249
5.3 6.90729
5.4 -53.9352
5.5 0.478962
5.6 -39.2926
5.7 4.89883
5.8 -29.999
5.9 11.582
6 22.7781
6.1 26.5585
6.2 5.84125
6.3 -4.21377
6.4 -27.3984
6.5 -5.70786
6.6 -7.31429
6.7 8.56307
6.8 12.3965
6.9 -39.5972
7 -21.3539
7.1 3.53981
7.2 11.4126
7.3 -10.0107
7.4 52.9015
7.5 -2.13527
7.6 -6.79093
7.7 15.3804
7.8 -8.79273
7.9 7.61152
8 -0.417116
8.1 -5.5171
8.2 -13.8969
8.3 0.760786
8.4 -24.1013
8.5 -12.0362
8.6 17.1636
8.7 6.74983
8.8 -4.84476
8.9 -6.71279
9 -7.37017
9.1 -3.24501
9.2 -6.84312
9.3 -25.6256
9.4 -28.0905
9.5 17.4217
9.6 -4.9231
9.7 9.94482
9.8 -0.530976
9.9 -10.5594
10 -4.854
10.1 1.77519
10.2 -0.163163
10.3 -15.8388
10.4 -38.6321
10.5 5.48781
10.6 12.9854
10.7 -6.28236
10.8 24.7709
10.9 2.13963
11 -5.83287
11.1 18.7342
11.2 1.37145
11.3 -1.13092
11.4 18.8106
11.5 -9.3039
11.6 7.78263
11.7 -28.0382
11.8 -38.9357
11.9 10.1479
12 11.3463
12.1 12.8486
12.2 -12.6445
12.3 17.1515
12.4 21.0104
12.5 -49.6447
12.6 10.3036
12.7 -7.84389
12.8 9.66771
12.9 26.5883
13 18.2181
13.1 9.88892
13.2 12.6395
13.3 -10.2107
13.4 -49.0431
13.5 -10.3519
13.6 -1.13268
13.7 4.7308
13.8 -8.16917
13.9 2.38622
14 -12.2894
14.1 -7.82541
14.2 -6.44825
14.3 5.34818
14.4 -18.8267
14.5 23.5971
14.6 -15.8911
14.7 8.75175
14.8 3.41449
14.9 49.4787
15 41.4889
15.1 38.5139
15.2 -7.10111
15.3 -19.7191
15.4 15.4397
15.5 3.66829
15.6 -12.016
15.7 13.0025
15.8 -19.6542
15.9 6.60977
16 0.719607
16.1 3.15351
16.2 -29.6204
16.3 -34.3885
16.4 0.543287
16.5 16.0951
16.6 -16.4498
16.7 -27.7155
16.8 5.92532
16.9 -1.72859
17 19.1678
17.1 -4.96417
17.2 23.7582
17.3 -0.855949
17.4 -11.9885
17.5 3.8619
17.6 5.20065
17.7 9.61052
17.8 -2.92488
17.9 0.0550815
18 -18.4768
18.1 2.46935
18.2 12.484
18.3 -1.90664
18.4 -14.6729
18.5 14.3275
18.6 15.3522
18.7 -2.20458
18.8 -20.756
18.9 30.8025
19 28.6236
19.1 -21.9852
19.2 -21.9807
19.3 7.98786
19.4 -36.3257
19.5 -54.8546
19.6 -11.0024
19.7 1.15225
19.8 15.7558
19.9 -3.6026
20 8.02944
20.1 6.0909
20.2 -14.652
20.3 11.1559
20.4 1.30391
20.5 -4.41518
20.6 -8.98399
20.7 13.7375
20.8 -6.73062
20.9 -10.0586
21 -14.0558
21.1 14.6743
21.2 1.88503
21.3 8.41247
21.4 20.5013
21.5 30.2893
21.6 -3.32794
21.7 1.99746
21.8 5.53631
21.9 25.2723
22 -11.2541
22.1 24.9239
22.2 -10.0635
22.3 -6.3148
22.4 -0.0897279
22.5 10.4018
22.6 33.3963
22.7 2.33103
22.8 -10.8337
22.9 5.38008
23 4.95974
23.1 -18.1197
23.2 3.37036
23.3 -13.0053
23.4 -11.0884
23.5 1.50455
23.6 -9.42241
23.7 -4.5675
23.8 -18.0946
23.9 -14.0195
24 4.70101
24.1 0.0296191
24.2 -3.12665
24.3 -6.38848
24.4 -13.9527
24.5 11.0754
24.6 -2.24109
24.7 -6.75741
24.8 -6.70932
24.9 -0.0233277
25 -16.7435
25.1 13.0833
25.2 6.85426
25.3 -10.0893
25.4 -3.01759
25.5 15.1291
25.6 -5.78334
25.7 1.82287
25.8 -11.6782
25.9 17.9881
26 0.456826
26.1 -4.65917
26.2 -9.96126
26.3 10.4301
26.4 -10.0776
26.5 -0.82969
26.6 0.75864
26.7 44.1098
26.8 1.12244
26.9 -5.49861
27 14.1366
27.1 -0.263497
27.2 39.8994
27.3 -5.63107
27.4 15.2855
27.5 31.6103
27.6 5.11449
27.7 18.3098
27.8 5.37597
27.9 -46.9908
28 12.7531
28.1 -14.3518
28.2 -17.2452
28.3 6.4171
28.4 3.80336
28.5 40.0311
28.6 6.57858
28.7 27.8416
28.8 -5.06697
28.9 -4.53692
29 -13.1501
29.1 -0.488965
29.2 -7.42665
29.3 -20.7657
29.4 -17.2096
29.5 13.9945
29.6 -1.99035
29.7 -7.03841
29.8 9.68714
29.9 10.0563
30 -2.28873
30.1 4.1199
30.2 10.8553
30.3 6.81541
30.4 29.949
30.5 -1.82832
30.6 -13.9724
30.7 1.88526
30.8 -4.82019
30.9 -21.4601
31 -29.1256
31.1 -2.91455
31.2 15.3767
31.3 27.8093
31.4 -1.61242
31.5 9.54247
31.6 -5.8545
31.7 -9.62988
31.8 4.01061
31.9 14.8039
32 -4.80726
32.1 10.1877
32.2 -13.742
32.3 -16.3562
32.4 2.85477
32.5 -6.73701
32.6 -20.1538
32.7 -36.0318
32.8 10.9445
32.9 -5.66262
33 11.5982
33.1 20.2012
33.2 -21.2803
33.3 26.482
33.4 37.8813
33.5 -20.2637
33.6 11.8148
33.7 -25.3984
33.8 8.1324
33.9 38.3121
34 -1.57827
34.1 -8.12912
34.2 -7.78882
34.3 25.352
34.4 9.5045
34.5 -13.3037
34.6 11.653
34.7 9.33059
34.8 22.9235
34.9 -4.14649
35 -2.34675
35.1 -6.5142
35.2 -12.342
35.3 -27.1863
35.4 13.1707
35.5 37.5822
35.6 4.85427
35.7 -0.389499
35.8 -3.88189
35.9 -35.0509
36 -59.4371
36.1 -81.7598
36.2 -8.12515
36.3 -63.4427
36.4 3.04412
36.5 -31.4881
36.6 -19.6951
36.7 -10.1768
36.8 -13.5832
36.9 10.3191
37 10.1357
37.1 20.3214
37.2 17.2631
37.3 -23.1121
37.4 6.83013
37.5 -15.607
37.6 -4.5304
37.7 4.27872
37.8 6.62673
37.9 -1.16166
38 14.3639
38.1 -3.35884
38.2 17.7621
38.3 24.8385
38.4 6.97837
38.5 22.0326
38.6 37.8938
38.7 4.16223
38.8 40.6438
38.9 -7.26888
39 19.1899
39.1 -3.10271
39.2 -7.38585
39.3 -20.3172
39.4 -20.7665
39.5 -24.1312
39.6 -14.1602
39.7 12.5594
39.8 18.62
39.9 14.3032
40 14.0762
40.1 -3.47562
40.2 -7.94427
40.3 -31.5342
40.4 -15.8151
40.5 -48.2599
40.6 8.76968
40.7 4.14589
40.8 4.57765
40.9 -8.00216
41 2.24462
41.1 15.7305
41.2 1.85321
41.3 -7.27857
41.4 25.0469
41.5 10.9526
41.6 -6.07179
41.7 9.76251
41.8 12.4631
41.9 -1.39012
42 17.7827
42.1 -0.0169536
42.2 1.5329
42.3 -21.3521
42.4 -45.543
42.5 3.9381
42.6 20.0407
42.7 0.862537
42.8 -15.6514
42.9 24.9967
43 -1.73215
43.1 -5.56737
43.2 -8.36143
43.3 -11.3132
43.4 5.535
43.5 -2.51814
43.6 14.7584
43.7 -2.16656
43.8 11.1902
43.9 -30.7621
44 -4.97823
44.1 8.34913
44.2 19.2537
44.3 1.60307
44.4 16.3329
44.5 20.3267
44.6 2.92288
44.7 8.73383
44.8 0.455486
44.9 -4.56142
45 3.75678
45.1 6.8169
45.2 15.4956
45.3 -1.29025
45.4 -12.3106
45.5 -9.55402
45.6 -9.9411
45.7 -13.0929
45.8 5.13632
45.9 -0.755994
46 10.3481
46.1 11.0487
46.2 7.06413
46.3 22.3625
46.4 -6.83987
46.5 -3.48599
46.6 -2.74722
46.7 -0.638162
46.8 6.39449
46.9 26.8102
47 -0.0448244
47.1 7.92388
47.2 -0.000252716
47.3 3.25712
47.4 17.4059
47.5 -10.9801
47.6 -45.419
47.7 8.96682
47.8 21.6531
47.9 18.0971
48 7.72085
48.1 9.30323
48.2 9.83425
48.3 1.22714
48.4 27.5712
48.5 -14.1968
48.6 9.98103
48.7 -4.41929
48.8 -0.766068
48.9 5.91593
49 3.18346
49.1 6.30681
49.2 4.62724
49.3 -22.3753
49.4 -4.2765
49.5 1.1072
49.6 -15.0471
49.7 -10.2122
49.8 -10.5863
49.9 -8.1003
