0 0.427579
0.1 -1.48877
0.2 -0.840862
0.3 3.10003
0.4 -1.0213
0.5 0.08697
0.6 1.55418
0.7 3.10912
0.8 2.64857
0.9 -1.44767
1 1.3928
1.1 -1.74234
1.2 5.75783
1.3 -3.36067
1.4 1.68557
1.5 1.33034
1.6 -0.491705
1.7 0.465278
1.8 0.162639
1.9 -0.760394
2 0.776113
2.1 2.87492
2.2 -2.42873
2.3 -0.291417
2.4 0.0310764
2.5 1.62029
2.6 -1.06356
2.7 -0.108517
2.8 -1.72769
2.9 -0.0484283
3 0.0632949
3.1 0.456444
3.2 2.59405
3.3 -3.38374
3.4 0.503702
3.5 0.794341
3.6 0.723171
3.7 0.2755
3.8 1.03796
3.9 -2.69612
4 -0.340206
4.1 -0.796141
4.2 -1.00227
4.3 -2.9779
4.4 -0.0482711
4.5 1.3662
4.6 0.200154
4.7 0.334413
4.8 0.272201
4.9 -1.59617
5 -2.7664
5.1 6.27936
5.2 -0.0462911
5.3 -0.887019
5.4 0.645025
5.5 -0.0171987
5.6 -0.885506
5.7 1.13757
5.8 1.61509
5.9 -1.74476
6 -0.87912
6.1 0.272635
6.2 -1.60801
6.3 -0.785768
6.4 -1.18337
6.5 -0.357841
6.6 0.464035
6.7 -0.240221
6.8 0.924033
6.9 -1.35553
7 -1.11129
7.1 1.692
7.2 0.952939
7.3 -0.174549
7.4 -1.39296
7.5 2.66166
7.6 -0.837984
7.7 1.44258
7.8 1.87867
7.9 3.69349
8 2.89815
8.1 -1.13821
8.2 -2.02387
8.3 0.185255
8.4 -0.24998
8.5 -2.36332
8.6 -1.66003
8.7 1.34414
8.8 1.44498
8.9 -1.1219
9 2.77722
9.1 -1.45844
9.2 1.0404
9.3 1.88466
9.4 1.28259
9.5 -1.49564
9.6 0.108169
9.7 -0.0520629
9.8 -1.28442
9.9 0.847224
10 -2.34068
10.1 0.474344
10.2 -0.190474
10.3 3.29837
10.4 0.218584
10.5 0.0507691
10.6 0.124226
10.7 -0.165839
10.8 -1.31379
10.9 0.288909
11 2.64007
11.1 2.03996
11.2 -1.92387
11.3 -2.0275
11.4 1.72882
11.5 -0.500125
11.6 -0.231051
11.7 -0.42765
11.8 -1.85841
11.9 -0.630538
12 -1.93545
12.1 -3.34407
12.2 -2.15452
12.3 -1.09686
12.4 -0.728664
12.5 1.23114
12.6 0.378892
12.7 -1.50286
12.8 2.10096
12.9 1.23064
13 2.14274
13.1 -0.41568
13.2 -0.748687
13.3 -0.969346
13.4 -0.564047
13.5 -2.64935
13.6 1.80539
13.7 -1.83801
13.8 1.28313
13.9 0.124363
14 1.85403
14.1 0.357995
14.2 0.728351
14.3 2.31246
14.4 0.0564965
14.5 -3.39752
14.6 2.14322
14.7 -0.791851
14.8 0.198863
14.9 2.20946
15 0.534831
15.1 2.14211
15.2 0.873237
15.3 0.593898
15.4 -1.07327
15.5 2.20183
15.6 -1.60852
15.7 -2.15353
15.8 0.208954
15.9 -1.59702
16 1.02915
16.1 0.294067
16.2 -0.358231
16.3 -0.46005
16.4 -0.643796
16.5 -0.564442
16.6 2.21194
16.7 0.221415
16.8 -1.01203
16.9 1.77618
17 -0.262017
17.1 0.633412
17.2 -0.609224
17.3 -1.61713
17.4 -0.578952
17.5 0.575948
17.6 2.57455
17.7 1.81158
17.8 0.930596
17.9 -1.80116
18 0.245377
18.1 -0.564807
18.2 -2.17332
18.3 1.09235
18.4 0.0254322
18.5 0.649162
18.6 -0.0166923
18.7 1.68501
18.8 2.43973
18.9 -1.72575
19 -1.69082
19.1 1.10158
19.2 -2.95642
19.3 -0.240928
19.4 1.52161
19.5 0.563719
19.6 1.85386
19.7 -0.857468
19.8 1.91525
19.9 -4.36698
20 -1.29031
20.1 0.289225
20.2 2.46089
20.3 -3.21284
20.4 -0.59416
20.5 -0.0742667
20.6 2.06181
20.7 0.643409
20.8 -2.30719
20.9 1.07044
21 -0.117404
21.1 -2.4618
21.2 0.212266
21.3 -2.2596
21.4 -2.1109
21.5 0.0316625
21.6 0.262961
21.7 -2.8847
21.8 -5.06509
21.9 -0.334942
22 0.0379166
22.1 4.5512
22.2 -1.69385
22.3 -2.73104
22.4 2.13382
22.5 1.64744
22.6 -2.89897
22.7 -1.20212
22.8 -4.0616
22.9 2.31271
23 1.53849
23.1 -4.03277
23.2 2.28002
23.3 -0.0640564
23.4 0.0391616
23.5 -1.0359
23.6 -0.456068
23.7 0.738249
23.8 0.390129
23.9 -0.514424
24 -0.352978
24.1 0.200347
24.2 2.18787
24.3 1.26681
24.4 -0.459221
24.5 -2.3457
24.6 -0.140109
24.7 0.0390725
24.8 0.731513
24.9 -0.415808
25 2.29323
25.1 -0.631475
25.2 0.121548
25.3 2.4673
25.4 -0.383175
25.5 1.93188
25.6 -1.26975
25.7 -0.789886
25.8 0.556843
25.9 -1.23708
26 1.60301
26.1 -0.392069
26.2 -2.64345
26.3 -2.1099
26.4 0.175584
26.5 -0.641571
26.6 -2.00295
26.7 0.368687
26.8 0.397015
26.9 -1.40884
27 1.12684
27.1 -0.880593
27.2 0.608359
27.3 -0.640529
27.4 -0.0952513
27.5 0.70685
27.6 0.930471
27.7 -0.0185152
27.8 0.337839
27.9 1.50533
28 1.73141
28.1 -0.920652
28.2 1.34884
28.3 0.044102
28.4 -2.59432
28.5 -1.25092
28.6 2.64148
28.7 0.770101
28.8 3.54665
28.9 0.595955
29 0.439896
29.1 -1.00407
29.2 -0.200491
29.3 -1.45615
29.4 -0.109761
29.5 1.21372
29.6 0.547853
29.7 3.53587
29.8 0.58632
29.9 0.247578
30 -1.63029
30.1 0.715794
30.2 1.02892
30.3 -2.6697
30.4 1.6215
30.5 2.02092
30.6 0.118791
30.7 1.45301
30.8 2.74248
30.9 -3.14616
31 -3.28621
31.1 1.75655
31.2 0.19187
31.3 -1.58262
31.4 -0.669385
31.5 -1.91704
31.6 1.15765
31.7 -0.0310496
31.8 0.349477
31.9 0.412855
32 -0.341986
32.1 -1.76023
32.2 -1.46413
32.3 -0.0527647
32.4 0.057786
32.5 0.232226
32.6 -0.0137472
32.7 -1.55177
32.8 0.113341
32.9 5.4126
33 0.440205
33.1 -1.06409
33.2 0.732588
33.3 0.791059
33.4 1.14016
33.5 0.697063
33.6 1.24402
33.7 0.125725
33.8 1.51087
33.9 3.29573
34 0.364278
34.1 -4.20868
34.2 0.994247
34.3 2.32041
34.4 -0.335496
34.5 -0.131496
34.6 -2.45837
34.7 1.05495
34.8 -0.297229
34.9 -0.177633
35 0.670185
35.1 0.48334
35.2 0.335451
35.3 0.453328
35.4 0.452953
35.5 -0.510851
35.6 -1.05451
35.7 -1.69733
35.8 3.42075
35.9 2.212
36 -2.43851
36.1 -5.14363
36.2 1.44078
36.3 3.19136
36.4 0.0581431
36.5 -0.268802
36.6 0.740453
36.7 -0.391295
36.8 -0.71681
36.9 -1.09203
37 -0.981769
37.1 -2.98909
37.2 -1.05522
37.3 -4.39503
37.4 0.628435
37.5 -1.10371
37.6 -0.151791
37.7 0.524356
37.8 -0.448942
37.9 -0.21492
38 1.25799
38.1 -0.762613
38.2 0.597934
38.3 -0.404458
38.4 -2.00942
38.5 -0.605978
38.6 1.09333
38.7 2.16883
38.8 -1.10707
38.9 -0.934436
39 -0.646122
39.1 -0.641623
39.2 -2.17919
39.3 -0.978823
39.4 -2.12961
39.5 0.323626
39.6 -1.8805
39.7 0.700309
39.8 1.42531
39.9 -0.51655
40 -1.35803
40.1 -0.906423
40.2 0.6156
40.3 0.316566
40.4 2.35581
40.5 -0.438491
40.6 0.195138
40.7 -2.6844
40.8 0.423302
40.9 -2.70175
41 1.12724
41.1 -0.660583
41.2 -2.55183
41.3 0.352312
41.4 -3.1616
41.5 1.36175
41.6 -0.949297
41.7 4.75542
41.8 -2.22983
41.9 0.856787
42 -1.43143
42.1 -4.51399
42.2 -3.07177
42.3 0.513965
42.4 -1.91022
42.5 -0.611932
42.6 -1.51285
42.7 3.03847
42.8 2.05386
42.9 -1.68721
43 -1.23618
43.1 -0.0775337
43.2 0.321455
43.3 -0.199394
43.4 0.427459
43.5 0.778279
43.6 -2.22256
43.7 -0.207492
43.8 1.09544
43.9 2.11115
44 -0.778982
44.1 -4.16256
44.2 -0.966893
44.3 -0.179706
44.4 1.44288
44.5 -1.30149
44.6 -5.46969
44.7 -8.96181
44.8 0.159133
44.9 1.19463
45 1.57432
45.1 2.9635
45.2 -0.410001
45.3 0.81915
45.4 -2.63307
45.5 -1.95637
45.6 2.45101
45.7 -0.615865
45.8 1.86589
45.9 2.53323
46 -0.637727
46.1 -1.83063
46.2 -0.361482
46.3 0.526438
46.4 1.03026
46.5 -0.809417
46.6 0.0454999
46.7 -0.159317
46.8 0.556698
46.9 -0.0377659
47 -2.96179
47.1 -1.41387
47.2 -0.811418
47.3 0.400086
47.4 2.57363
47.5 5.81166
47.6 0.443435
47.7 -3.96859
47.8 -6.94074
47.9 -0.10831
48 0.235995
48.1 -0.269655
48.2 5.23873
48.3 -0.0299923
48.4 -1.01242
48.5 0.511985
48.6 3.72524
48.7 -1.00757
48.8 2.35536
48.9 -0.98886
49 -0.625418
49.1 0.0202324
49.2 5.69599
49.3 0.288746
49.4 2.04452
49.5 0.446615
49.6 0.200671
49.7 -0.459696
49.8 -0.453803
49.9 -0.559011
