0 -7
0.999 -7
1 -9
1.999 -9
2 0
2.999 0
3 -2
3.999 -2
4 0
4.999 0
5 -4
5.999 -4
6 -5
6.999 -5
7 -5
7.999 -5
8 -7
8.999 -7
9 -14
9.999 -14
10 -9
10.999 -9
11 3
11.999 3
12 -3
12.999 -3
13 -13
13.999 -13
14 -14
14.999 -14
15 -4
15.999 -4
16 -2
16.999 -2
17 7
17.999 7
18 8
18.999 8
19 4
19.999 4
20 -3
20.999 -3
21 -1
21.999 -1
22 7
22.999 7
23 4
23.999 4
24 -2
24.999 -2
25 -11
25.999 -11
26 -13
26.999 -13
27 -17
27.999 -17
28 -14
28.999 -14
29 -12
29.999 -12
30 -15
30.999 -15
31 -25
31.999 -25
32 -27
32.999 -27
33 -35
33.999 -35
34 -34
34.999 -34
35 -10
35.999 -10
36 -3
36.999 -3
37 12
37.999 12
38 12
38.999 12
39 2
39.999 2
40 4
40.999 4
41 4
41.999 4
42 4
42.999 4
43 12
43.999 12
44 6
44.999 6
45 -3
45.999 -3
46 0
46.999 0
47 -1
47.999 -1
48 -5
48.999 -5
49 11
49.999 11
50 7
50.999 7
51 -1
51.999 -1
52 0
52.999 0
53 -2
53.999 -2
54 -2
54.999 -2
55 0
55.999 0
56 -8
56.999 -8
57 -3
57.999 -3
58 -12
58.999 -12
59 4
59.999 4
60 12
60.999 12
61 14
61.999 14
62 14
62.999 14
63 9
63.999 9
64 12
64.999 12
65 6
65.999 6
66 8
66.999 8
67 3
67.999 3
68 11
68.999 11
69 -10
69.999 -10
70 -12
70.999 -12
71 5
71.999 5
72 6
72.999 6
73 7
73.999 7
74 12
74.999 12
75 24
75.999 24
76 15
76.999 15
77 14
77.999 14
78 7
78.999 7
79 10
79.999 10
80 21
80.999 21
81 19
81.999 19
82 13
82.999 13
83 -1
83.999 -1
84 -4
84.999 -4
85 -1
85.999 -1
86 -5
86.999 -5
87 -13
87.999 -13
88 13
88.999 13
89 11
89.999 11
90 2
90.999 2
91 -3
91.999 -3
92 -6
92.999 -6
93 0
93.999 0
94 5
94.999 5
95 1
95.999 1
96 15
96.999 15
97 10
97.999 10
98 2
98.999 2
99 0
99.999 0
