0 -19
0.999 -19
1 -5
1.999 -5
2 -16
2.999 -16
3 -16
3.999 -16
4 53
4.999 53
5 10
5.999 10
6 -10
6.999 -10
7 20
7.999 20
8 40
8.999 40
9 40
9.999 40
10 36
10.999 36
11 34
11.999 34
12 -34
12.999 -34
13 37
13.999 37
14 45
14.999 45
15 40
15.999 40
16 39
16.999 39
17 0
17.999 0
18 -6
18.999 -6
19 -17
19.999 -17
20 -21
20.999 -21
21 -11
21.999 -11
22 -19
22.999 -19
23 -56
23.999 -56
24 -8
24.999 -8
25 7
25.999 7
26 -15
26.999 -15
27 -23
27.999 -23
28 -12
28.999 -12
29 -29
29.999 -29
30 -65
30.999 -65
31 -22
31.999 -22
32 -26
32.999 -26
33 7
33.999 7
34 25
34.999 25
35 27
35.999 27
36 14
36.999 14
37 4
37.999 4
38 -22
38.999 -22
39 37
39.999 37
40 50
40.999 50
41 -1
41.999 -1
42 12
42.999 12
43 4
43.999 4
44 15
44.999 15
45 22
45.999 22
46 3
46.999 3
47 -16
47.999 -16
48 -4
48.999 -4
49 -57
49.999 -57
50 -5
50.999 -5
51 -54
51.999 -54
52 -55
52.999 -55
53 -7
53.999 -7
54 -20
54.999 -20
55 -22
55.999 -22
56 -18
56.999 -18
57 8
57.999 8
58 45
58.999 45
59 59
59.999 59
60 22
60.999 22
61 16
61.999 16
62 39
62.999 39
63 14
63.999 14
64 -19
64.999 -19
65 -18
65.999 -18
66 -16
66.999 -16
67 19
67.999 19
68 -14
68.999 -14
69 -17
69.999 -17
70 -24
70.999 -24
71 -20
71.999 -20
72 -10
72.999 -10
73 -6
73.999 -6
74 -3
74.999 -3
75 -10
75.999 -10
76 -1
76.999 -1
77 8
77.999 8
78 -37
78.999 -37
79 -43
79.999 -43
80 -47
80.999 -47
81 -12
81.999 -12
82 -10
82.999 -10
83 2
83.999 2
84 19
84.999 19
85 24
85.999 24
86 13
86.999 13
87 -17
87.999 -17
88 -18
88.999 -18
89 -4
89.999 -4
90 -3
90.999 -3
91 13
91.999 13
92 3
92.999 3
93 12
93.999 12
94 30
94.999 30
95 29
95.999 29
96 37
96.999 37
97 6
97.999 6
98 14
98.999 14
99 7
99.999 7
