0 1
1 -3
2 -1
3 2
4 9
5 7
6 0
7 2
8 0
9 2
10 0
11 0
12 0
13 0
14 1
15 1
16 0
17 -2
18 -1
19 1
20 2
21 -1
22 -2
23 -1
24 1
25 1
26 1
27 1
28 4
29 4
30 -2
31 -5
32 -1
33 1
34 1
35 -2
36 -2
37 -2
38 1
39 3
40 1
41 2
42 4
43 3
44 4
45 5
46 4
47 4
48 3
49 -2
50 -3
51 -4
52 -1
53 0
54 6
55 6
56 6
57 7
58 2
59 2
60 2
61 2
62 5
63 0
64 -2
65 0
66 -1
67 0
68 -2
69 1
70 0
71 -3
72 1
73 -1
74 0
75 0
76 -1
77 0
78 1
79 3
80 7
81 3
82 4
83 5
84 0
85 0
86 1
87 0
88 1
89 0
90 0
91 4
92 4
93 3
94 2
95 0
96 5
97 4
98 4
99 6
100 4
101 4
102 3
103 1
104 6
105 7
106 10
107 7
108 4
109 5
110 6
111 3
112 4
113 2
114 -4
115 -4
116 -1
117 0
118 0
119 -1
120 0
121 1
122 1
123 0
124 3
125 2
126 1
127 1
128 0
129 -1
130 -1
131 -1
132 -1
133 0
134 5
135 7
136 6
137 5
138 4
139 4
140 4
141 8
142 7
143 7
144 7
145 7
146 5
147 5
148 3
149 1
150 2
151 0
152 -3
153 -3
154 -2
155 -2
156 -2
157 0
158 3
159 2
160 8
161 7
162 2
163 -2
164 -4
165 -3
166 0
167 2
168 2
169 2
170 2
171 -2
172 4
173 3
174 3
175 2
176 2
177 3
178 2
179 2
180 0
181 1
182 1
183 -4
184 -1
185 1
186 2
187 0
188 0
189 0
190 0
191 -1
192 3
193 3
194 3
195 2
196 3
197 4
198 0
199 5
200 2
201 1
202 -4
203 -4
204 -3
205 -1
206 -1
207 1
208 2
209 6
210 8
211 1
212 1
213 2
214 2
215 3
216 10
217 6
218 2
219 -1
220 -1
221 -1
222 -1
223 -4
224 -1
225 1
226 4
227 0
228 -1
229 -1
230 -1
231 -1
232 0
233 -1
234 -1
235 -1
236 0
237 2
238 1
239 0
240 3
241 0
242 0
243 0
244 0
245 2
246 5
247 6
248 6
249 5
250 7
251 5
252 1
253 3
254 2
255 1
