1	0		0		0 0
1	0		0		0 0
1	0		0		0 0
1	0		0		0 0
1	0		0		0 0
1	0		0		0 0
1	0		0		0 0
1	0		0		0 0
1	0		0		0 0
1	0		0		0 0
1	0		0		0 0
1	0		0		0 0
1	0		0		0 0
1	0		0		0 0
1	0		0		0 0
1	0		0		0 0
1	0		0		0 0
1	0		0		0 0
1	0		0		0 0
1	0		0		0 0
1	0		0		0 0
1	0		0		0 0
1	0		0		0 0
1	0		0		0 0
1	0		0		0 0
1	0		0		0 0
1	0		0		0 0
1	0		0		0 0
1	0		0		0 0
1	0		0		0 0
1	0		0		0 0
1	0		0		0 0
1	0		0		0 0
1	0		0		0 0
1	0		0		0 0
1	0		0		0 0
1	0		0		0 0
1	0		0		0 0
1	0		0		0 0
1	0		0		0 0
1	0		0		0 0
1	0		0		0 0
1	0		0		0 0
1	0		0		0 0
1	0		0		0 0
1	0		0		0 0
1	0		0		0 0
1	0		0		0 0
1	0		0		0 0
1	0		0		0 0
1	0		0		0 0
1	0		0		0 0
1	0		0		0 0
1	0		0		0 0
1	0		0		0 0
1	0		0		0 0
1	0		0		0 0
1	0		0		0 0
1	0		0		0 0
1	0		0		0 0
1	0		0		0 0
1	0		0		0 0
1	0		0		0 0
1	0		0		0 0
1	0		0		0 0
1	0		0		0 0
1	0		0		0 0
1	0		0		0 0
1	0		0		0 0
1	0		0		0 0
1	0		0		0 0
1	0		0		0 0
1	0		0		0 0
1	0		0		0 0
1	0		0		0 0
1	0		0		0 0
1	0		0		0 0
1	0		2.7518e-319		0 0
1	0		0		0 0
1	0		0		0 0
1	0		0		0 0
1	0		0		0 0
1	0		0		0 0
1	0		0		0 0
1	0		0		0 0
1	0		0		0 0
1	0		0		0 0
1	0		0		0 0
1	0		0		0 0
1	0		0		0 0
1	0		0		0 0
1	0		2.33121e-310		0 0
1	0		2.122e-314		0 0
1	0		0		0 0
1	0		0		0 0
1	0		1.45958e-316		0 0
1	0		-nan		0 0
1	0		0		0 0
1	0		1.45958e-316		0 0
1	0		0		0 0
