1	2.62901		1.38284e+06		2.64554 100
1	2.62901		1.38353e+06		2.64392 100
1	2.62901		1.38256e+06		2.64027 100
1	2.62901		1.38266e+06		2.63724 100
1	2.62901		1.38241e+06		2.63779 100
1	2.62901		1.38309e+06		2.64083 100
1	2.62901		1.38227e+06		2.6369 100
1	2.62901		1.38185e+06		2.63364 100
1	2.62901		1.38254e+06		2.63766 100
1	2.62901		1.38345e+06		2.64654 100
1	2.62901		1.38253e+06		2.63801 100
1	2.62901		1.3832e+06		2.64252 100
1	2.62901		1.38289e+06		2.64243 100
1	2.62901		1.3837e+06		2.6464 100
1	2.62901		1.38348e+06		2.64283 100
1	2.62901		1.38179e+06		2.63094 100
1	2.62901		1.38318e+06		2.64201 100
1	2.62901		1.38302e+06		2.64294 100
1	2.62901		1.38369e+06		2.64601 100
1	2.62901		1.38352e+06		2.64432 100
1	2.62901		1.38289e+06		2.64051 100
1	2.62901		1.38286e+06		2.64268 100
1	2.62901		1.38385e+06		2.6444 100
1	2.62901		1.38253e+06		2.63882 100
1	2.62901		1.38223e+06		2.63899 100
1	2.62901		1.38287e+06		2.63816 100
1	2.62901		1.38238e+06		2.63827 100
1	2.62901		1.38268e+06		2.63852 100
1	2.62901		1.38389e+06		2.64509 100
1	2.62901		1.3831e+06		2.64172 100
1	2.62901		1.38301e+06		2.64078 100
1	2.62901		1.38429e+06		2.64947 100
1	2.62901		1.38276e+06		2.63787 100
1	2.62901		1.38306e+06		2.6429 100
1	2.62901		1.38238e+06		2.63699 100
1	2.62901		1.38227e+06		2.63799 100
1	2.62901		1.3826e+06		2.63572 100
1	2.62901		1.38338e+06		2.64549 100
1	2.62901		1.38282e+06		2.64216 100
1	2.62901		1.38314e+06		2.64278 100
1	2.62901		1.38295e+06		2.63984 100
1	2.62901		1.38234e+06		2.63579 100
1	2.62901		1.38269e+06		2.63657 100
1	2.62901		1.38219e+06		2.63491 100
1	2.62901		1.38318e+06		2.64391 100
1	2.62901		1.38254e+06		2.6396 100
1	2.62901		1.38269e+06		2.64071 100
1	2.62901		1.38322e+06		2.6454 100
1	2.62901		1.38304e+06		2.64675 100
1	2.62901		1.38301e+06		2.64208 100
1	2.62901		1.38263e+06		2.64256 100
1	2.62901		1.38294e+06		2.64336 100
1	2.62901		1.38279e+06		2.64129 100
1	2.62901		1.38323e+06		2.64083 100
1	2.62901		1.38259e+06		2.63812 100
1	2.62901		1.38299e+06		2.6434 100
1	2.62901		1.38336e+06		2.64596 100
1	2.62901		1.38341e+06		2.64431 100
1	2.62901		1.38245e+06		2.64149 100
1	2.62901		1.38346e+06		2.64204 100
1	2.62901		1.38347e+06		2.64674 100
1	2.62901		1.38278e+06		2.63986 100
1	2.62901		1.38299e+06		2.6407 100
1	2.62901		1.38361e+06		2.64566 100
1	2.62901		1.38224e+06		2.63562 100
1	2.62901		1.38264e+06		2.64495 100
1	2.62901		1.38309e+06		2.64318 100
1	2.62901		1.38257e+06		2.6363 100
1	2.62901		1.38237e+06		2.63559 100
1	2.62901		1.3838e+06		2.64558 100
1	2.62901		1.38343e+06		2.64484 100
1	2.62901		1.38295e+06		2.64492 100
1	2.62901		1.38259e+06		2.6425 100
1	2.62901		1.38312e+06		2.64216 100
1	2.62901		1.38308e+06		2.64396 100
1	2.62901		1.38417e+06		2.64647 100
1	2.62901		1.3836e+06		2.64348 100
1	2.62901		1.38265e+06		2.63786 100
1	2.62901		1.38238e+06		2.63875 100
1	2.62901		1.38288e+06		2.64388 100
1	2.62901		1.38348e+06		2.64712 100
1	2.62901		1.38311e+06		2.64309 100
1	2.62901		1.38287e+06		2.64239 100
1	2.62901		1.3824e+06		2.63744 100
1	2.62901		1.38348e+06		2.6447 100
1	2.62901		1.38247e+06		2.63852 100
1	2.62901		1.3824e+06		2.6403 100
1	2.62901		1.3824e+06		2.63918 100
1	2.62901		1.38338e+06		2.64211 100
1	2.62901		1.3831e+06		2.64199 100
1	2.62901		1.38389e+06		2.6463 100
1	2.62901		1.38286e+06		2.64065 100
1	2.62901		1.38245e+06		2.63789 100
1	2.62901		1.38269e+06		2.64028 100
1	2.62901		1.38328e+06		2.64168 100
1	2.62901		1.38316e+06		2.64262 100
1	2.62901		1.3829e+06		2.64447 100
1	2.62901		1.38374e+06		2.64835 100
1	2.62901		1.38311e+06		2.64201 100
1	2.62901		1.38297e+06		2.64156 100
