1	0.458043		535067		0.725333 100
1	0.458043		534540		0.724198 100
1	0.458043		534165		0.723128 100
1	0.458043		533546		0.722811 100
1	0.458043		532505		0.721678 100
1	0.458043		533639		0.722802 100
1	0.458043		533773		0.723631 100
1	0.458043		534359		0.722092 100
1	0.458043		532511		0.72028 100
1	0.458043		533412		0.722559 100
1	0.458043		533543		0.72224 100
1	0.458043		533208		0.720678 100
1	0.458043		533029		0.721856 100
1	0.458043		533635		0.722632 100
1	0.458043		533256		0.722778 100
1	0.458043		533736		0.721836 100
1	0.458043		534030		0.72316 100
1	0.458043		535749		0.724644 100
1	0.458043		533275		0.721385 100
1	0.458043		533210		0.721803 100
1	0.458043		533573		0.722648 100
1	0.458043		534876		0.723979 100
1	0.458043		533185		0.722662 100
1	0.458043		533239		0.722756 100
1	0.458043		533157		0.722606 100
1	0.458043		533198		0.722372 100
1	0.458043		532943		0.721455 100
1	0.458043		534175		0.72363 100
1	0.458043		533134		0.722621 100
1	0.458043		532565		0.720981 100
1	0.458043		532904		0.722703 100
1	0.458043		532946		0.721501 100
1	0.458043		532168		0.720122 100
1	0.458043		532405		0.721071 100
1	0.458043		531806		0.720302 100
1	0.458043		534620		0.723388 100
1	0.458043		532186		0.720422 100
1	0.458043		533296		0.721881 100
1	0.458043		531224		0.719427 100
1	0.458043		531720		0.719598 100
1	0.458043		534019		0.722802 100
1	0.458043		533739		0.723304 100
1	0.458043		534134		0.72316 100
1	0.458043		533028		0.722521 100
1	0.458043		534061		0.722425 100
1	0.458043		532406		0.720566 100
1	0.458043		533318		0.721499 100
1	0.458043		532514		0.720033 100
1	0.458043		533483		0.722172 100
1	0.458043		533527		0.722341 100
1	0.458043		533317		0.721566 100
1	0.458043		533856		0.723778 100
1	0.458043		532990		0.721551 100
1	0.458043		533738		0.722272 100
1	0.458043		532331		0.721619 100
1	0.458043		532811		0.720968 100
1	0.458043		533924		0.722373 100
1	0.458043		534277		0.723223 100
1	0.458043		533223		0.721746 100
1	0.458043		532838		0.72073 100
1	0.458043		532723		0.721823 100
1	0.458043		535593		0.724875 100
1	0.458043		532159		0.720547 100
1	0.458043		533941		0.723742 100
1	0.458043		533939		0.72284 100
1	0.458043		532855		0.721321 100
1	0.458043		532895		0.722493 100
1	0.458043		532841		0.72106 100
1	0.458043		532973		0.721431 100
1	0.458043		532260		0.72028 100
1	0.458043		533227		0.722154 100
1	0.458043		533573		0.721937 100
1	0.458043		533169		0.722481 100
1	0.458043		533891		0.722851 100
1	0.458043		534097		0.722829 100
1	0.458043		533900		0.722359 100
1	0.458043		534666		0.722282 100
1	0.458043		534105		0.723251 100
1	0.458043		533726		0.723116 100
1	0.458043		532771		0.721643 100
1	0.458043		534277		0.722672 100
1	0.458043		534522		0.723648 100
1	0.458043		533469		0.721989 100
1	0.458043		532884		0.72174 100
1	0.458043		533582		0.721692 100
1	0.458043		532169		0.721025 100
1	0.458043		534284		0.723064 100
1	0.458043		532554		0.721038 100
1	0.458043		532476		0.720682 100
1	0.458043		532758		0.721381 100
1	0.458043		532977		0.72212 100
1	0.458043		532829		0.721852 100
1	0.458043		534013		0.722843 100
1	0.458043		532513		0.72038 100
1	0.458043		534635		0.723432 100
1	0.458043		532040		0.722492 100
1	0.458043		533537		0.721684 100
1	0.458043		532908		0.721194 100
1	0.458043		534489		0.722737 100
1	0.458043		532530		0.721665 100
