0 0.000335463
1 0.000409223
2 0.000497955
3 0.000604415
4 0.000731802
5 0.000883826
6 0.00106477
7 0.00127955
8 0.00153381
9 0.00183401
10 0.00218749
11 0.00260259
12 0.00308872
13 0.0036565
14 0.00431784
15 0.00508607
16 0.00597602
17 0.00700417
18 0.0081887
19 0.00954966
20 0.011109
21 0.0128907
22 0.0149208
23 0.0172275
24 0.0198411
25 0.0227942
26 0.0261214
27 0.0298596
28 0.0340475
29 0.0387258
30 0.0439369
31 0.0497249
32 0.0561348
33 0.0632127
34 0.0710054
35 0.0795595
36 0.0889216
37 0.0991373
38 0.110251
39 0.122303
40 0.135335
41 0.149382
42 0.164474
43 0.18064
44 0.197899
45 0.216265
46 0.235746
47 0.25634
48 0.278037
49 0.300818
50 0.324652
51 0.349501
52 0.375311
53 0.402021
54 0.429557
55 0.457833
56 0.486752
57 0.516206
58 0.546074
59 0.576229
60 0.606531
61 0.636832
62 0.666977
63 0.696805
64 0.726149
65 0.75484
66 0.782705
67 0.809572
68 0.83527
69 0.859633
70 0.882497
71 0.903707
72 0.923116
73 0.940588
74 0.955997
75 0.969233
76 0.980199
77 0.988813
78 0.995012
79 0.998751
80 1
81 0.998751
82 0.995012
83 0.988813
84 0.980199
85 0.969233
86 0.955997
87 0.940588
88 0.923116
89 0.903707
90 0.882497
91 0.859633
92 0.83527
93 0.809572
94 0.782705
95 0.75484
96 0.726149
97 0.696805
98 0.666977
99 0.636832
100 0.606531
101 0.576229
102 0.546074
103 0.516206
104 0.486752
105 0.457833
106 0.429557
107 0.402021
108 0.375311
109 0.349501
110 0.324652
111 0.300818
112 0.278037
113 0.25634
114 0.235746
115 0.216265
116 0.197899
117 0.18064
118 0.164474
119 0.149382
120 0.135335
121 0.122303
122 0.110251
123 0.0991373
124 0.0889216
125 0.0795595
126 0.0710054
127 0.0632127
128 0.0561348
129 0.0497249
130 0.0439369
131 0.0387258
132 0.0340475
133 0.0298596
134 0.0261214
135 0.0227942
136 0.0198411
137 0.0172275
138 0.0149208
139 0.0128907
140 0.011109
141 0.00954966
142 0.0081887
143 0.00700417
144 0.00597602
145 0.00508607
146 0.00431784
147 0.0036565
148 0.00308872
149 0.00260259
150 0.00218749
151 0.00183401
152 0.00153381
153 0.00127955
154 0.00106477
155 0.000883826
156 0.000731802
157 0.000604415
158 0.000497955
159 0.000409223
160 0.000335463
161 0.00027431
162 0.000223746
163 0.000182046
164 0.000147748
165 0.000119613
166 9.65934e-05
167 7.78093e-05
168 6.25215e-05
169 5.0112e-05
170 4.00653e-05
171 3.19528e-05
172 2.54193e-05
173 2.01713e-05
174 1.59668e-05
175 1.26071e-05
176 9.9295e-06
177 7.80107e-06
178 6.11357e-06
179 4.77914e-06
180 3.72665e-06
181 2.89869e-06
182 2.24906e-06
183 1.74065e-06
184 1.34381e-06
185 1.03485e-06
186 7.94939e-07
187 6.0912e-07
188 4.65572e-07
189 3.54964e-07
190 2.69958e-07
191 2.04796e-07
192 1.54975e-07
193 1.16982e-07
194 8.80818e-08
195 6.6156e-08
196 4.95641e-08
197 3.70406e-08
198 2.76124e-08
199 2.05326e-08
200 1.523e-08
201 1.12686e-08
202 8.3167e-09
203 6.12278e-09
204 4.49635e-09
205 3.29371e-09
206 2.40672e-09
207 1.75421e-09
208 1.27541e-09
209 9.24979e-10
210 6.69159e-10
211 4.82881e-10
212 3.47589e-10
213 2.49578e-10
214 1.78756e-10
215 1.27711e-10
216 9.10147e-11
217 6.47006e-11
218 4.58796e-11
219 3.24523e-11
220 2.28973e-11
221 1.61153e-11
222 1.13138e-11
223 7.92301e-12
224 5.53461e-12
225 3.85654e-12
226 2.68055e-12
227 1.8585e-12
228 1.28534e-12
229 8.86717e-13
230 6.10194e-13
231 4.18856e-13
232 2.86798e-13
233 1.95885e-13
234 1.33457e-13
235 9.06972e-14
236 6.1484e-14
237 4.15761e-14
238 2.8044e-14
239 1.88691e-14
240 1.26642e-14
241 8.47844e-15
242 5.662e-15
243 3.7717e-15
244 2.50622e-15
245 1.66118e-15
246 1.09831e-15
247 7.24355e-16
248 4.7653e-16
249 3.12712e-16
250 2.04697e-16
251 1.33658e-16
252 8.70543e-17
253 5.65588e-17
254 3.66543e-17
255 2.36954e-17
