0 3
1 0
2 0
3 0
4 2
5 0
6 0
7 1
8 0
9 0
10 1
11 0
12 0
13 0
14 1
15 2
16 0
17 2
18 0
19 2
20 2
21 2
22 0
23 1
24 1
25 0
26 0
27 0
28 0
29 1
30 1
31 0
32 0
33 0
34 0
35 0
36 0
37 0
38 0
39 0
40 1
41 0
42 0
43 0
44 1
45 0
46 0
47 0
48 0
49 0
50 1
51 1
52 1
53 2
54 0
55 0
56 0
57 0
58 1
59 1
60 0
61 0
62 0
63 0
64 0
65 0
66 1
67 1
68 0
69 0
70 0
71 0
72 0
73 0
74 0
75 0
76 0
77 0
78 1
79 0
80 0
81 0
82 0
83 0
84 0
85 0
86 0
87 0
88 1
89 0
90 1
91 0
92 1
93 0
94 0
95 2
96 1
97 1
98 1
99 1
100 0
101 0
102 0
103 1
104 1
105 1
106 0
107 0
108 0
109 1
110 0
111 0
112 2
113 0
114 0
115 0
116 0
117 0
118 1
119 0
120 0
121 0
122 1
123 1
124 0
125 0
126 0
127 1
128 1
129 0
130 0
131 0
132 0
133 0
134 1
135 0
136 0
137 0
138 0
139 0
140 0
141 0
142 0
143 0
144 0
145 0
146 1
147 0
148 0
149 0
150 1
151 1
152 0
153 0
154 1
155 1
156 1
157 0
158 0
159 0
160 0
161 1
162 1
163 0
164 1
165 0
166 1
167 0
168 0
169 0
170 0
171 0
172 0
173 0
174 0
175 0
176 0
177 0
178 2
179 1
180 0
181 0
182 0
183 0
184 0
185 0
186 1
187 0
188 0
189 0
190 0
191 0
192 0
193 0
194 0
195 0
196 1
197 3
198 0
199 0
200 0
201 0
202 0
203 0
204 0
205 0
206 0
207 0
208 1
209 1
210 1
211 0
212 0
213 0
214 0
215 0
216 0
217 0
218 1
219 1
220 0
221 0
222 0
223 0
224 0
225 0
226 0
227 0
228 0
229 0
230 0
231 0
232 0
233 1
234 0
235 0
236 0
237 0
238 1
239 0
240 0
241 0
242 0
243 0
244 1
245 0
246 1
247 0
248 0
249 1
250 0
251 2
252 1
253 1
254 1
255 0
