0 1
1 1
2 1
3 1
4 1
5 0
6 1
7 1
8 1
9 0
10 0
11 0
12 0
13 0
14 0
15 1
16 1
17 0
18 0
19 1
20 2
21 1
22 1
23 0
24 0
25 6
26 3
27 4
28 3
29 1
30 1
31 0
32 0
33 0
34 0
35 0
36 0
37 0
38 0
39 0
40 1
41 1
42 2
43 0
44 1
45 0
46 2
47 2
48 2
49 0
50 1
51 2
52 1
53 2
54 2
55 0
56 1
57 1
58 0
59 0
60 1
61 1
62 1
63 0
64 0
65 0
66 0
67 1
68 0
69 0
70 0
71 1
72 1
73 1
74 1
75 2
76 3
77 1
78 1
79 0
80 0
81 0
82 1
83 0
84 0
85 1
86 1
87 0
88 0
89 0
90 1
91 1
92 2
93 2
94 1
95 1
96 1
97 1
98 1
99 0
100 0
101 0
102 0
103 2
104 1
105 1
106 0
107 1
108 1
109 1
110 2
111 1
112 1
113 3
114 0
115 2
116 4
117 0
118 1
119 0
120 1
121 0
122 2
123 1
124 1
125 1
126 0
127 1
128 1
129 0
130 0
131 1
132 1
133 0
134 0
135 0
136 0
137 0
138 1
139 0
140 2
141 4
142 0
143 4
144 3
145 3
146 2
147 0
148 1
149 0
150 2
151 3
152 3
153 3
154 3
155 0
156 0
157 1
158 0
159 0
160 0
161 1
162 0
163 0
164 0
165 2
166 1
167 0
168 0
169 1
170 0
171 1
172 1
173 1
174 1
175 1
176 0
177 1
178 2
179 1
180 0
181 0
182 0
183 2
184 2
185 0
186 2
187 2
188 2
189 1
190 1
191 0
192 0
193 0
194 0
195 0
196 0
197 0
198 0
199 0
200 0
201 0
202 0
203 0
204 1
205 3
206 1
207 1
208 0
209 0
210 0
211 0
212 0
213 0
214 0
215 1
216 0
217 2
218 0
219 0
220 0
221 0
222 0
223 0
224 1
225 1
226 2
227 1
228 0
229 1
230 1
231 0
232 1
233 0
234 2
235 0
236 0
237 3
238 0
239 1
240 1
241 1
242 0
243 0
244 1
245 1
246 3
247 4
248 1
249 0
250 2
251 0
252 0
253 1
254 1
255 1
