0 0 
1 0 
2 0 
3 0 
4 0 
5 0 
6 0 
7 0 
8 0 
9 0 
10 0 
11 0 
12 0 
13 0 
14 0 
15 0 
16 0 
17 0 
18 0 
19 0 
20 0 
21 0 
22 0 
23 0 
24 0 
25 0 
26 0 
27 0 
28 0 
29 0 
30 0 
31 0 
32 0 
33 0 
34 0 
35 0 
36 0 
37 0 
38 0 
39 0 
40 0 
41 0 
42 0 
43 0 
44 0 
45 0 
46 0 
47 0 
48 0 
49 0 
50 0 
51 0 
52 0 
53 0 
54 0 
55 0 
56 0 
57 0 
58 0 
59 0 
60 0 
61 0 
62 0 
63 0 
64 0 
65 0 
66 0 
67 0 
68 0 
69 0 
70 0 
71 0 
72 0 
73 0 
74 0 
75 0 
76 0 
77 0 
78 0 
79 0 
80 0 
81 0 
82 0 
83 0 
84 0 
85 0 
86 0 
87 0 
88 0 
89 0 
90 0 
91 0 
92 0 
93 0 
94 0 
95 0 
96 0 
97 0 
98 0 
99 0 
100 0 
101 0 
102 0 
103 0 
104 0 
105 0 
106 0 
107 0 
108 0 
109 0 
110 0 
111 0 
112 0 
113 0 
114 0 
115 0 
116 0 
117 0 
118 0 
119 0 
120 0 
121 0 
122 0 
123 0 
124 0 
125 0 
126 0 
127 0 
128 0 
129 0 
130 0 
131 0 
132 0 
133 0 
134 0 
135 0 
136 0 
137 0 
138 0 
139 0 
140 0 
141 9 
142 59 
143 324 
144 1118 
145 2836 
146 5831 
147 11323 
148 20215 
149 37066 
150 60573 
151 88519 
152 118858 
153 150011 
154 179900 
155 221622 
156 270569 
157 323522 
158 380962 
159 443405 
160 510559 
161 581650 
162 651516 
163 720690 
164 795087 
165 876196 
166 950427 
167 1.02271e+06 
168 1.08491e+06 
169 1.13513e+06 
170 1.15901e+06 
171 1.16103e+06 
172 1.14379e+06 
173 1.11445e+06 
174 1.06415e+06 
175 993927 
176 908807 
177 832128 
178 771732 
179 742267 
180 749199 
181 790948 
182 869574 
183 957828 
184 1.05075e+06 
185 1.15333e+06 
186 1.27189e+06 
187 1.40027e+06 
188 1.5424e+06 
189 1.71483e+06 
190 1.91824e+06 
191 2.15971e+06 
192 2.42407e+06 
193 2.6993e+06 
194 2.98104e+06 
195 3.24601e+06 
196 3.48972e+06 
197 3.71339e+06 
198 3.93064e+06 
199 4.14092e+06 
200 4.36892e+06 
201 4.66777e+06 
202 4.99691e+06 
203 5.37276e+06 
204 5.76346e+06 
205 6.16281e+06 
206 6.59883e+06 
207 7.06029e+06 
208 7.53128e+06 
209 7.99596e+06 
210 8.44903e+06 
211 8.78833e+06 
212 9.01004e+06 
213 9.04066e+06 
214 8.91782e+06 
215 8.68151e+06 
216 8.42142e+06 
217 8.0952e+06 
218 7.75028e+06 
219 7.38494e+06 
220 7.01556e+06 
221 6.67831e+06 
222 6.41817e+06 
223 6.27139e+06 
224 6.24258e+06 
225 6.36277e+06 
226 6.61184e+06 
227 6.9936e+06 
228 7.48195e+06 
229 8.09091e+06 
230 8.79668e+06 
231 9.566e+06 
232 1.03437e+07 
233 1.10974e+07 
234 1.18717e+07 
235 1.26378e+07 
236 1.34209e+07 
237 1.41948e+07 
238 1.50283e+07 
239 1.59528e+07 
240 1.6887e+07 
241 1.78328e+07 
242 1.88086e+07 
243 1.98054e+07 
244 2.08137e+07 
245 2.17927e+07 
246 2.2834e+07 
247 2.39326e+07 
248 2.50687e+07 
249 2.62109e+07 
250 2.72848e+07 
251 2.82137e+07 
252 2.90427e+07 
253 2.98077e+07 
254 3.04684e+07 
255 3.10114e+07 
256 3.14818e+07 
257 3.18665e+07 
258 3.21678e+07 
259 3.24518e+07 
260 3.27777e+07 
261 3.31567e+07 
262 3.35148e+07 
263 3.38263e+07 
264 3.40537e+07 
265 3.42552e+07 
266 3.45224e+07 
267 3.47576e+07 
268 3.49324e+07 
269 3.49905e+07 
270 3.49355e+07 
271 3.47752e+07 
272 3.45047e+07 
273 3.42786e+07 
274 3.41212e+07 
275 3.40178e+07 
276 3.39519e+07 
277 3.39096e+07 
278 3.3852e+07 
279 3.37708e+07 
280 3.37563e+07 
281 3.3655e+07 
282 3.34341e+07 
283 3.30392e+07 
284 3.25361e+07 
285 3.19832e+07 
286 3.14829e+07 
287 3.09995e+07 
288 3.05682e+07 
289 3.02185e+07 
290 3.00374e+07 
291 3.0087e+07 
292 3.04125e+07 
293 3.10134e+07 
294 3.19098e+07 
295 3.29976e+07 
296 3.42747e+07 
297 3.5748e+07 
298 3.74296e+07 
299 3.91203e+07 
300 4.0842e+07 
301 4.26013e+07 
302 4.45258e+07 
303 4.66125e+07 
304 4.88264e+07 
305 5.10588e+07 
306 5.32869e+07 
307 5.54464e+07 
308 5.72603e+07 
309 5.87237e+07 
310 5.99398e+07 
311 6.10935e+07 
312 6.22995e+07 
313 6.35885e+07 
314 6.49008e+07 
315 6.63e+07 
316 6.7768e+07 
317 6.93243e+07 
318 7.10031e+07 
319 7.27383e+07 
320 7.44605e+07 
321 7.60876e+07 
322 7.75479e+07 
323 7.88705e+07 
324 8.01937e+07 
325 8.14667e+07 
326 8.27492e+07 
327 8.37556e+07 
328 8.44029e+07 
329 8.47174e+07 
330 8.47939e+07 
331 8.46819e+07 
332 8.43605e+07 
333 8.39518e+07 
334 8.35371e+07 
335 8.31545e+07 
336 8.2963e+07 
337 8.27603e+07 
338 8.25959e+07 
339 8.23958e+07 
340 8.22099e+07 
341 8.22631e+07 
342 8.25028e+07 
343 8.2928e+07 
344 8.35484e+07 
345 8.43185e+07 
346 8.50854e+07 
347 8.59281e+07 
348 8.66039e+07 
349 8.72153e+07 
350 8.75652e+07 
351 8.7669e+07 
352 8.75075e+07 
353 8.70288e+07 
354 8.63215e+07 
355 8.55635e+07 
356 8.47514e+07 
357 8.40244e+07 
358 8.32696e+07 
359 8.25329e+07 
360 8.17523e+07 
361 8.10656e+07 
362 8.06074e+07 
363 8.04054e+07 
364 8.05067e+07 
365 8.08049e+07 
366 8.13729e+07 
367 8.22159e+07 
368 8.32954e+07 
369 8.45444e+07 
370 8.58911e+07 
371 8.72801e+07 
372 8.85984e+07 
373 9.00263e+07 
374 9.14356e+07 
375 9.27895e+07 
376 9.41287e+07 
377 9.5486e+07 
378 9.69396e+07 
379 9.83471e+07 
380 9.97234e+07 
381 1.01008e+08 
382 1.02196e+08 
383 1.03331e+08 
384 1.04301e+08 
385 1.05195e+08 
386 1.06198e+08 
387 1.07197e+08 
388 1.08152e+08 
389 1.09133e+08 
390 1.10023e+08 
391 1.10674e+08 
392 1.10929e+08 
393 1.10765e+08 
394 1.10247e+08 
395 1.09485e+08 
396 1.08416e+08 
397 1.07017e+08 
398 1.05314e+08 
399 1.03317e+08 
400 1.01111e+08 
401 9.87292e+07 
402 9.6197e+07 
403 9.35998e+07 
404 9.10586e+07 
405 8.88232e+07 
406 8.69739e+07 
407 8.55623e+07 
408 8.45543e+07 
409 8.39289e+07 
410 8.37289e+07 
411 8.38896e+07 
412 8.44214e+07 
413 8.52565e+07 
414 8.64095e+07 
415 8.77706e+07 
416 8.92096e+07 
417 9.06134e+07 
418 9.1902e+07 
419 9.29052e+07 
420 9.3641e+07 
421 9.41187e+07 
422 9.45067e+07 
423 9.47444e+07 
424 9.4859e+07 
425 9.49747e+07 
426 9.50453e+07 
427 9.50496e+07 
428 9.50516e+07 
429 9.50076e+07 
430 9.47438e+07 
431 9.41984e+07 
432 9.34785e+07 
433 9.26247e+07 
434 9.16251e+07 
435 9.04697e+07 
436 8.92454e+07 
437 8.79575e+07 
438 8.66821e+07 
439 8.54903e+07 
440 8.44001e+07 
441 8.35749e+07 
442 8.30321e+07 
443 8.27016e+07 
444 8.22736e+07 
445 8.17504e+07 
446 8.11934e+07 
447 8.06453e+07 
448 8.0001e+07 
449 7.92496e+07 
450 7.82207e+07 
451 7.69306e+07 
452 7.52733e+07 
453 7.33393e+07 
454 7.12589e+07 
455 6.93046e+07 
456 6.76382e+07 
457 6.62081e+07 
458 6.49783e+07 
459 6.38364e+07 
460 6.27846e+07 
461 6.17242e+07 
462 6.05744e+07 
463 5.93198e+07 
464 5.78763e+07 
465 5.63274e+07 
466 5.46195e+07 
467 5.27885e+07 
468 5.08254e+07 
469 4.87737e+07 
470 4.66202e+07 
471 4.4533e+07 
472 4.2642e+07 
473 4.10552e+07 
474 3.98541e+07 
475 3.90222e+07 
476 3.84975e+07 
477 3.8198e+07 
478 3.80269e+07 
479 3.79244e+07 
480 3.79304e+07 
481 3.79397e+07 
482 3.80266e+07 
483 3.81547e+07 
484 3.82002e+07 
485 3.80309e+07 
486 3.76418e+07 
487 3.71264e+07 
488 3.64751e+07 
489 3.5713e+07 
490 3.49009e+07 
491 3.41529e+07 
492 3.35061e+07 
493 3.31425e+07 
494 3.31013e+07 
495 3.32912e+07 
496 3.35744e+07 
497 3.39954e+07 
498 3.46074e+07 
499 3.53422e+07 
500 3.62238e+07 
501 3.73179e+07 
502 3.86135e+07 
503 4.00093e+07 
504 4.15381e+07 
505 4.31889e+07 
506 4.50416e+07 
507 4.696e+07 
508 4.89403e+07 
509 5.09853e+07 
510 5.31153e+07 
511 5.52757e+07 
512 5.73008e+07 
513 5.90869e+07 
514 6.0595e+07 
515 6.18036e+07 
516 6.27522e+07 
517 6.36295e+07 
518 6.4432e+07 
519 6.52669e+07 
520 6.61463e+07 
521 6.70952e+07 
522 6.79867e+07 
523 6.88804e+07 
524 6.97423e+07 
525 7.05239e+07 
526 7.11092e+07 
527 7.1392e+07 
528 7.14289e+07 
529 7.11922e+07 
530 7.06814e+07 
531 6.99358e+07 
532 6.89121e+07 
533 6.76919e+07 
534 6.63323e+07 
535 6.48902e+07 
536 6.33248e+07 
537 6.16543e+07 
538 5.99603e+07 
539 5.82796e+07 
540 5.67567e+07 
541 5.53088e+07 
542 5.39464e+07 
543 5.27262e+07 
544 5.17109e+07 
545 5.09091e+07 
546 5.03288e+07 
547 4.98208e+07 
548 4.93627e+07 
549 4.89732e+07 
550 4.85333e+07 
551 4.80545e+07 
552 4.74143e+07 
553 4.66972e+07 
554 4.5886e+07 
555 4.50312e+07 
556 4.41257e+07 
557 4.32199e+07 
558 4.24123e+07 
559 4.17945e+07 
560 4.13042e+07 
561 4.09161e+07 
562 4.06515e+07 
563 4.04629e+07 
564 4.0286e+07 
565 4.01401e+07 
566 3.99893e+07 
567 3.98495e+07 
568 3.97653e+07 
569 3.9806e+07 
570 3.98737e+07 
571 4.00718e+07 
572 4.03442e+07 
573 4.07291e+07 
574 4.11382e+07 
575 4.15157e+07 
576 4.19098e+07 
577 4.23099e+07 
578 4.26389e+07 
579 4.29286e+07 
580 4.31949e+07 
581 4.34277e+07 
582 4.35534e+07 
583 4.36062e+07 
584 4.36388e+07 
585 4.36401e+07 
586 4.35888e+07 
587 4.35496e+07 
588 4.34662e+07 
589 4.34429e+07 
590 4.34778e+07 
591 4.35486e+07 
592 4.37559e+07 
593 4.40595e+07 
594 4.45278e+07 
595 4.50834e+07 
596 4.57624e+07 
597 4.64925e+07 
598 4.72867e+07 
599 4.8118e+07 
600 4.89565e+07 
601 4.97361e+07 
602 5.05771e+07 
603 5.14159e+07 
604 5.22421e+07 
605 5.29336e+07 
606 5.34424e+07 
607 5.37539e+07 
608 5.39269e+07 
609 5.39558e+07 
610 5.38134e+07 
611 5.35203e+07 
612 5.31501e+07 
613 5.27381e+07 
614 5.23729e+07 
615 5.19464e+07 
616 5.13928e+07 
617 5.07247e+07 
618 4.99645e+07 
619 4.90015e+07 
620 4.77783e+07 
621 4.63924e+07 
622 4.49049e+07 
623 4.34001e+07 
624 4.19687e+07 
625 4.06343e+07 
626 3.93871e+07 
627 3.82298e+07 
628 3.71209e+07 
629 3.61125e+07 
630 3.52191e+07 
631 3.44112e+07 
632 3.37256e+07 
633 3.31726e+07 
634 3.27713e+07 
635 3.25174e+07 
636 3.24443e+07 
637 3.24542e+07 
638 3.25244e+07 
639 3.26874e+07 
640 3.28162e+07 
641 3.28933e+07 
642 3.29599e+07 
643 3.31054e+07 
644 3.32928e+07 
645 3.35076e+07 
646 3.36146e+07 
647 3.35991e+07 
648 3.34058e+07 
649 3.30887e+07 
650 3.26018e+07 
651 3.19742e+07 
652 3.11575e+07 
653 3.01438e+07 
654 2.90081e+07 
655 2.78197e+07 
656 2.65823e+07 
657 2.53458e+07 
658 2.40978e+07 
659 2.28833e+07 
660 2.17067e+07 
661 2.06238e+07 
662 1.97174e+07 
663 1.89566e+07 
664 1.83388e+07 
665 1.77642e+07 
666 1.71591e+07 
667 1.66085e+07 
668 1.61153e+07 
669 1.5669e+07 
670 1.52309e+07 
671 1.48186e+07 
672 1.4477e+07 
673 1.41611e+07 
674 1.38574e+07 
675 1.35269e+07 
676 1.31529e+07 
677 1.27472e+07 
678 1.23464e+07 
679 1.19548e+07 
680 1.15707e+07 
681 1.11989e+07 
682 1.08246e+07 
683 1.04821e+07 
684 1.0162e+07 
685 9.8638e+06 
686 9.59432e+06 
687 9.3433e+06 
688 9.11258e+06 
689 8.91762e+06 
690 8.73232e+06 
691 8.60228e+06 
692 8.52271e+06 
693 8.4647e+06 
694 8.4609e+06 
695 8.50619e+06 
696 8.57698e+06 
697 8.65121e+06 
698 8.70125e+06 
699 8.68736e+06 
700 8.65488e+06 
701 8.60854e+06 
702 8.54252e+06 
703 8.39182e+06 
704 8.18825e+06 
705 7.94411e+06 
706 7.64466e+06 
707 7.28072e+06 
708 6.86106e+06 
709 6.38601e+06 
710 5.88409e+06 
711 5.37963e+06 
712 4.84453e+06 
713 4.33721e+06 
714 3.87069e+06 
715 3.4501e+06 
716 3.07441e+06 
717 2.74691e+06 
718 2.50676e+06 
719 2.33722e+06 
720 2.22509e+06 
721 2.16815e+06 
722 2.1628e+06 
723 2.22561e+06 
724 2.322e+06 
725 2.43249e+06 
726 2.5464e+06 
727 2.64464e+06 
728 2.71318e+06 
729 2.72518e+06 
730 2.6761e+06 
731 2.56714e+06 
732 2.40038e+06 
733 2.21097e+06 
734 2.01968e+06 
735 1.82216e+06 
736 1.6167e+06 
737 1.40148e+06 
738 1.19402e+06 
739 1.00157e+06 
740 824232 
741 655490 
742 501899 
743 364325 
744 251617 
745 169354 
746 110932 
747 69786 
748 41021 
749 24051 
750 14106 
751 8717 
752 4981 
753 2768 
754 1364 
755 525 
756 194 
757 59 
758 16 
759 1 
760 0 
761 0 
762 0 
763 0 
764 0 
765 0 
766 0 
767 0 
768 0 
769 0 
770 0 
771 0 
772 0 
773 0 
774 0 
775 0 
776 0 
777 0 
778 0 
779 0 
780 0 
781 0 
782 0 
783 0 
784 0 
785 0 
786 0 
787 0 
788 0 
789 0 
790 0 
791 0 
792 0 
793 0 
794 0 
795 0 
796 0 
797 0 
798 0 
799 0 
