0 0 
1 0 
2 0 
3 0 
4 0 
5 0 
6 0 
7 0 
8 0 
9 0 
10 0 
11 0 
12 0 
13 0 
14 0 
15 0 
16 0 
17 0 
18 0 
19 0 
20 0 
21 0 
22 0 
23 0 
24 0 
25 0 
26 0 
27 0 
28 0 
29 0 
30 0 
31 0 
32 0 
33 0 
34 0 
35 0 
36 0 
37 0 
38 0 
39 0 
40 0 
41 0 
42 0 
43 0 
44 0 
45 0 
46 0 
47 0 
48 0 
49 0 
50 0 
51 0 
52 0 
53 0 
54 0 
55 0 
56 0 
57 0 
58 0 
59 0 
60 0 
61 0 
62 0 
63 0 
64 0 
65 0 
66 0 
67 0 
68 0 
69 0 
70 0 
71 0 
72 0 
73 0 
74 0 
75 0 
76 0 
77 0 
78 0 
79 0 
80 0 
81 0 
82 0 
83 0 
84 0 
85 0 
86 0 
87 0 
88 0 
89 0 
90 0 
91 0 
92 0 
93 0 
94 0 
95 0 
96 0 
97 0 
98 0 
99 0 
100 0 
101 0 
102 0 
103 0 
104 0 
105 0 
106 0 
107 0 
108 0 
109 0 
110 0 
111 0 
112 0 
113 0 
114 0 
115 0 
116 0 
117 0 
118 0 
119 0 
120 0 
121 0 
122 0 
123 0 
124 0 
125 0 
126 0 
127 0 
128 0 
129 0 
130 0 
131 0 
132 0 
133 0 
134 0 
135 0 
136 0 
137 0 
138 0 
139 0 
140 0 
141 0 
142 0 
143 0 
144 0 
145 0 
146 0 
147 0 
148 0 
149 0 
150 0 
151 0 
152 0 
153 0 
154 0 
155 0 
156 0 
157 0 
158 0 
159 0 
160 0 
161 0 
162 0 
163 0 
164 0 
165 0 
166 0 
167 0 
168 0 
169 0 
170 0 
171 0 
172 0 
173 0 
174 0 
175 0 
176 0 
177 0 
178 0 
179 0 
180 0 
181 0 
182 0 
183 0 
184 0 
185 0 
186 0 
187 0 
188 0 
189 0 
190 0 
191 0 
192 0 
193 0 
194 0 
195 0 
196 0 
197 0 
198 0 
199 0 
200 0 
201 0 
202 0 
203 0 
204 0 
205 0 
206 0 
207 0 
208 0 
209 0 
210 0 
211 0 
212 0 
213 0 
214 0 
215 0 
216 0 
217 0 
218 0 
219 0 
220 0 
221 0 
222 0 
223 10 
224 143 
225 781 
226 1976 
227 3957 
228 7158 
229 12146 
230 19333 
231 28149 
232 38337 
233 50802 
234 66127 
235 82918 
236 105145 
237 138168 
238 181794 
239 239884 
240 310828 
241 390517 
242 468513 
243 545811 
244 628642 
245 720191 
246 824765 
247 939800 
248 1.06744e+06 
249 1.20946e+06 
250 1.35118e+06 
251 1.49895e+06 
252 1.66093e+06 
253 1.85282e+06 
254 2.06688e+06 
255 2.2998e+06 
256 2.52908e+06 
257 2.75293e+06 
258 2.96488e+06 
259 3.18651e+06 
260 3.41432e+06 
261 3.63938e+06 
262 3.86405e+06 
263 4.09233e+06 
264 4.32992e+06 
265 4.59542e+06 
266 4.92213e+06 
267 5.32414e+06 
268 5.7632e+06 
269 6.25589e+06 
270 6.86389e+06 
271 7.57295e+06 
272 8.4362e+06 
273 9.46404e+06 
274 1.06471e+07 
275 1.19615e+07 
276 1.34098e+07 
277 1.50513e+07 
278 1.68707e+07 
279 1.88463e+07 
280 2.09764e+07 
281 2.32017e+07 
282 2.54826e+07 
283 2.77578e+07 
284 2.99578e+07 
285 3.19276e+07 
286 3.37178e+07 
287 3.53396e+07 
288 3.67744e+07 
289 3.8022e+07 
290 3.91353e+07 
291 4.00573e+07 
292 4.07566e+07 
293 4.12251e+07 
294 4.15733e+07 
295 4.18359e+07 
296 4.19662e+07 
297 4.19447e+07 
298 4.18778e+07 
299 4.17678e+07 
300 4.16854e+07 
301 4.1813e+07 
302 4.21374e+07 
303 4.27084e+07 
304 4.34636e+07 
305 4.42973e+07 
306 4.52531e+07 
307 4.62941e+07 
308 4.72903e+07 
309 4.83535e+07 
310 4.94955e+07 
311 5.06132e+07 
312 5.158e+07 
313 5.24383e+07 
314 5.32119e+07 
315 5.38878e+07 
316 5.4501e+07 
317 5.51352e+07 
318 5.59323e+07 
319 5.6873e+07 
320 5.79341e+07 
321 5.90804e+07 
322 6.02908e+07 
323 6.15181e+07 
324 6.26101e+07 
325 6.34721e+07 
326 6.40827e+07 
327 6.44877e+07 
328 6.4575e+07 
329 6.44472e+07 
330 6.41897e+07 
331 6.38605e+07 
332 6.34661e+07 
333 6.29291e+07 
334 6.23745e+07 
335 6.18694e+07 
336 6.12725e+07 
337 6.0603e+07 
338 5.99687e+07 
339 5.94649e+07 
340 5.91162e+07 
341 5.90458e+07 
342 5.93146e+07 
343 5.99343e+07 
344 6.08544e+07 
345 6.21279e+07 
346 6.37482e+07 
347 6.56019e+07 
348 6.76672e+07 
349 6.99608e+07 
350 7.25836e+07 
351 7.54694e+07 
352 7.85089e+07 
353 8.15774e+07 
354 8.46448e+07 
355 8.76921e+07 
356 9.06935e+07 
357 9.34564e+07 
358 9.58525e+07 
359 9.79245e+07 
360 9.97389e+07 
361 1.01523e+08 
362 1.03334e+08 
363 1.05188e+08 
364 1.06985e+08 
365 1.08618e+08 
366 1.10208e+08 
367 1.11821e+08 
368 1.13516e+08 
369 1.15335e+08 
370 1.1724e+08 
371 1.19143e+08 
372 1.21105e+08 
373 1.23193e+08 
374 1.25445e+08 
375 1.27866e+08 
376 1.30359e+08 
377 1.32976e+08 
378 1.35813e+08 
379 1.38697e+08 
380 1.41932e+08 
381 1.45687e+08 
382 1.49694e+08 
383 1.53724e+08 
384 1.57656e+08 
385 1.61469e+08 
386 1.65093e+08 
387 1.68604e+08 
388 1.71906e+08 
389 1.75059e+08 
390 1.78043e+08 
391 1.80795e+08 
392 1.83266e+08 
393 1.85391e+08 
394 1.87401e+08 
395 1.89432e+08 
396 1.91535e+08 
397 1.93626e+08 
398 1.95553e+08 
399 1.97158e+08 
400 1.98463e+08 
401 1.99336e+08 
402 1.99934e+08 
403 2.0026e+08 
404 2.00227e+08 
405 1.99849e+08 
406 1.99199e+08 
407 1.98345e+08 
408 1.97355e+08 
409 1.96242e+08 
410 1.95041e+08 
411 1.9366e+08 
412 1.91794e+08 
413 1.89329e+08 
414 1.85987e+08 
415 1.81822e+08 
416 1.76858e+08 
417 1.71392e+08 
418 1.6564e+08 
419 1.59783e+08 
420 1.54003e+08 
421 1.48676e+08 
422 1.43819e+08 
423 1.39312e+08 
424 1.35108e+08 
425 1.3114e+08 
426 1.27465e+08 
427 1.24232e+08 
428 1.21292e+08 
429 1.18639e+08 
430 1.16252e+08 
431 1.14027e+08 
432 1.11996e+08 
433 1.10144e+08 
434 1.08526e+08 
435 1.07085e+08 
436 1.05692e+08 
437 1.0437e+08 
438 1.03133e+08 
439 1.01901e+08 
440 1.00746e+08 
441 9.96906e+07 
442 9.86789e+07 
443 9.76448e+07 
444 9.64979e+07 
445 9.51974e+07 
446 9.37023e+07 
447 9.20784e+07 
448 9.0324e+07 
449 8.85584e+07 
450 8.67746e+07 
451 8.49831e+07 
452 8.31499e+07 
453 8.1343e+07 
454 7.94664e+07 
455 7.75081e+07 
456 7.54717e+07 
457 7.33979e+07 
458 7.13626e+07 
459 6.94908e+07 
460 6.77239e+07 
461 6.61499e+07 
462 6.48908e+07 
463 6.39167e+07 
464 6.31929e+07 
465 6.26985e+07 
466 6.22307e+07 
467 6.16571e+07 
468 6.10877e+07 
469 6.05665e+07 
470 6.01105e+07 
471 5.97329e+07 
472 5.93978e+07 
473 5.8973e+07 
474 5.84886e+07 
475 5.80273e+07 
476 5.75192e+07 
477 5.70493e+07 
478 5.66365e+07 
479 5.61769e+07 
480 5.5683e+07 
481 5.50781e+07 
482 5.44512e+07 
483 5.37807e+07 
484 5.29906e+07 
485 5.21669e+07 
486 5.12685e+07 
487 5.02949e+07 
488 4.92739e+07 
489 4.82605e+07 
490 4.72566e+07 
491 4.63333e+07 
492 4.54451e+07 
493 4.45923e+07 
494 4.38024e+07 
495 4.30957e+07 
496 4.24631e+07 
497 4.18583e+07 
498 4.13617e+07 
499 4.09783e+07 
500 4.06738e+07 
501 4.03883e+07 
502 4.00044e+07 
503 3.94596e+07 
504 3.87287e+07 
505 3.78866e+07 
506 3.69557e+07 
507 3.59002e+07 
508 3.48755e+07 
509 3.39135e+07 
510 3.30988e+07 
511 3.24037e+07 
512 3.1782e+07 
513 3.12315e+07 
514 3.0739e+07 
515 3.02402e+07 
516 2.97177e+07 
517 2.92513e+07 
518 2.88673e+07 
519 2.85874e+07 
520 2.84012e+07 
521 2.82249e+07 
522 2.80525e+07 
523 2.79363e+07 
524 2.79576e+07 
525 2.80125e+07 
526 2.8074e+07 
527 2.81956e+07 
528 2.84357e+07 
529 2.88799e+07 
530 2.95302e+07 
531 3.04059e+07 
532 3.15401e+07 
533 3.29801e+07 
534 3.45932e+07 
535 3.63234e+07 
536 3.81619e+07 
537 4.00804e+07 
538 4.20423e+07 
539 4.39671e+07 
540 4.57873e+07 
541 4.75814e+07 
542 4.93367e+07 
543 5.10141e+07 
544 5.24992e+07 
545 5.36554e+07 
546 5.45049e+07 
547 5.51112e+07 
548 5.56245e+07 
549 5.61564e+07 
550 5.67297e+07 
551 5.73264e+07 
552 5.79176e+07 
553 5.84129e+07 
554 5.89094e+07 
555 5.92739e+07 
556 5.95911e+07 
557 5.98603e+07 
558 6.0002e+07 
559 5.99406e+07 
560 5.96422e+07 
561 5.91776e+07 
562 5.8662e+07 
563 5.81402e+07 
564 5.75837e+07 
565 5.7008e+07 
566 5.65224e+07 
567 5.61017e+07 
568 5.57626e+07 
569 5.54321e+07 
570 5.5237e+07 
571 5.51405e+07 
572 5.52391e+07 
573 5.54402e+07 
574 5.57271e+07 
575 5.607e+07 
576 5.63579e+07 
577 5.64648e+07 
578 5.63706e+07 
579 5.59744e+07 
580 5.52269e+07 
581 5.41653e+07 
582 5.28515e+07 
583 5.13956e+07 
584 4.98562e+07 
585 4.81999e+07 
586 4.64462e+07 
587 4.46686e+07 
588 4.28991e+07 
589 4.11745e+07 
590 3.95016e+07 
591 3.78691e+07 
592 3.62985e+07 
593 3.48318e+07 
594 3.35627e+07 
595 3.2479e+07 
596 3.16036e+07 
597 3.09138e+07 
598 3.0465e+07 
599 3.0232e+07 
600 3.01229e+07 
601 3.008e+07 
602 3.00163e+07 
603 2.99396e+07 
604 2.98667e+07 
605 2.97942e+07 
606 2.96735e+07 
607 2.93771e+07 
608 2.88417e+07 
609 2.80937e+07 
610 2.71326e+07 
611 2.59979e+07 
612 2.46791e+07 
613 2.32382e+07 
614 2.16728e+07 
615 2.00335e+07 
616 1.84261e+07 
617 1.68751e+07 
618 1.53786e+07 
619 1.39567e+07 
620 1.26237e+07 
621 1.14114e+07 
622 1.03155e+07 
623 9.33833e+06 
624 8.45283e+06 
625 7.66682e+06 
626 6.96003e+06 
627 6.3306e+06 
628 5.74003e+06 
629 5.23241e+06 
630 4.78583e+06 
631 4.3502e+06 
632 3.93828e+06 
633 3.54712e+06 
634 3.19192e+06 
635 2.87369e+06 
636 2.58546e+06 
637 2.3245e+06 
638 2.10416e+06 
639 1.89215e+06 
640 1.69605e+06 
641 1.52453e+06 
642 1.38455e+06 
643 1.24885e+06 
644 1.10491e+06 
645 956834 
646 810883 
647 672817 
648 543156 
649 425645 
650 326493 
651 239687 
652 170005 
653 117170 
654 77563 
655 48413 
656 30038 
657 18847 
658 11275 
659 7049 
660 3835 
661 2155 
662 1068 
663 473 
664 83 
665 28 
666 11 
667 0 
668 0 
669 0 
670 0 
671 0 
672 0 
673 0 
674 0 
675 0 
676 0 
677 0 
678 0 
679 0 
680 0 
681 0 
682 0 
683 0 
684 0 
685 0 
686 0 
687 0 
688 0 
689 0 
690 0 
691 0 
692 0 
693 0 
694 0 
695 0 
696 0 
697 0 
698 0 
699 0 
700 0 
701 0 
702 0 
703 0 
704 0 
705 0 
706 0 
707 0 
708 0 
709 0 
710 0 
711 0 
712 0 
713 0 
714 0 
715 0 
716 0 
717 0 
718 0 
719 0 
720 0 
721 0 
722 0 
723 0 
724 0 
725 0 
726 0 
727 0 
728 0 
729 0 
730 0 
731 0 
732 0 
733 0 
734 0 
735 0 
736 0 
737 0 
738 0 
739 0 
740 0 
741 0 
742 0 
743 0 
744 0 
745 0 
746 0 
747 0 
748 0 
749 0 
750 0 
751 0 
752 0 
753 0 
754 0 
755 0 
756 0 
757 0 
758 0 
759 0 
760 0 
761 0 
762 0 
763 0 
764 0 
765 0 
766 0 
767 0 
768 0 
769 0 
770 0 
771 0 
772 0 
773 0 
774 0 
775 0 
776 0 
777 0 
778 0 
779 0 
780 0 
781 0 
782 0 
783 0 
784 0 
785 0 
786 0 
787 0 
788 0 
789 0 
790 0 
791 0 
792 0 
793 0 
794 0 
795 0 
796 0 
797 0 
798 0 
799 0 
