0 0 
1 0 
2 0 
3 0 
4 0 
5 0 
6 0 
7 0 
8 0 
9 0 
10 0 
11 0 
12 0 
13 0 
14 0 
15 0 
16 0 
17 0 
18 0 
19 0 
20 0 
21 0 
22 0 
23 0 
24 0 
25 0 
26 0 
27 0 
28 0 
29 0 
30 0 
31 0 
32 0 
33 0 
34 0 
35 0 
36 0 
37 0 
38 0 
39 0 
40 0 
41 0 
42 0 
43 0 
44 0 
45 0 
46 0 
47 0 
48 0 
49 0 
50 0 
51 0 
52 0 
53 0 
54 0 
55 0 
56 0 
57 0 
58 0 
59 0 
60 0 
61 0 
62 0 
63 0 
64 0 
65 0 
66 0 
67 0 
68 0 
69 0 
70 0 
71 0 
72 0 
73 0 
74 0 
75 0 
76 0 
77 0 
78 0 
79 0 
80 0 
81 0 
82 0 
83 0 
84 0 
85 0 
86 0 
87 0 
88 0 
89 0 
90 0 
91 0 
92 0 
93 0 
94 0 
95 0 
96 0 
97 0 
98 0 
99 0 
100 0 
101 0 
102 0 
103 0 
104 0 
105 0 
106 0 
107 0 
108 0 
109 0 
110 0 
111 0 
112 0 
113 0 
114 0 
115 0 
116 0 
117 0 
118 0 
119 0 
120 0 
121 0 
122 0 
123 0 
124 0 
125 0 
126 0 
127 0 
128 0 
129 0 
130 0 
131 0 
132 0 
133 0 
134 0 
135 0 
136 0 
137 0 
138 0 
139 0 
140 0 
141 0 
142 0 
143 0 
144 0 
145 0 
146 0 
147 0 
148 0 
149 0 
150 0 
151 0 
152 0 
153 0 
154 0 
155 0 
156 0 
157 0 
158 0 
159 0 
160 0 
161 0 
162 0 
163 0 
164 0 
165 0 
166 0 
167 0 
168 0 
169 0 
170 0 
171 0 
172 0 
173 0 
174 0 
175 0 
176 0 
177 0 
178 0 
179 0 
180 0 
181 0 
182 5 
183 33 
184 108 
185 210 
186 329 
187 473 
188 915 
189 1644 
190 3039 
191 5247 
192 8881 
193 13543 
194 20303 
195 27980 
196 39242 
197 55454 
198 76230 
199 100335 
200 130904 
201 169906 
202 221970 
203 290708 
204 372282 
205 469268 
206 580120 
207 701171 
208 822749 
209 945457 
210 1.08018e+06 
211 1.22507e+06 
212 1.40889e+06 
213 1.63108e+06 
214 1.88644e+06 
215 2.16692e+06 
216 2.46265e+06 
217 2.75432e+06 
218 3.03571e+06 
219 3.29551e+06 
220 3.54464e+06 
221 3.79495e+06 
222 4.05224e+06 
223 4.31181e+06 
224 4.5537e+06 
225 4.76762e+06 
226 4.92385e+06 
227 5.02669e+06 
228 5.08933e+06 
229 5.14269e+06 
230 5.18512e+06 
231 5.21871e+06 
232 5.24346e+06 
233 5.26429e+06 
234 5.29146e+06 
235 5.29434e+06 
236 5.29268e+06 
237 5.26698e+06 
238 5.232e+06 
239 5.20881e+06 
240 5.16935e+06 
241 5.12282e+06 
242 5.05656e+06 
243 4.9854e+06 
244 4.90954e+06 
245 4.828e+06 
246 4.73671e+06 
247 4.68468e+06 
248 4.6286e+06 
249 4.58839e+06 
250 4.56217e+06 
251 4.49497e+06 
252 4.3805e+06 
253 4.28349e+06 
254 4.19711e+06 
255 4.14659e+06 
256 4.11688e+06 
257 4.11413e+06 
258 4.1219e+06 
259 4.13718e+06 
260 4.17187e+06 
261 4.23171e+06 
262 4.28554e+06 
263 4.35593e+06 
264 4.44421e+06 
265 4.53776e+06 
266 4.65149e+06 
267 4.77691e+06 
268 4.91413e+06 
269 5.08648e+06 
270 5.28668e+06 
271 5.47333e+06 
272 5.66964e+06 
273 5.87118e+06 
274 6.0498e+06 
275 6.21989e+06 
276 6.37386e+06 
277 6.52035e+06 
278 6.67321e+06 
279 6.80112e+06 
280 6.911e+06 
281 7.01679e+06 
282 7.15966e+06 
283 7.34743e+06 
284 7.57881e+06 
285 7.8363e+06 
286 8.11394e+06 
287 8.4107e+06 
288 8.72334e+06 
289 9.02966e+06 
290 9.34284e+06 
291 9.653e+06 
292 9.98638e+06 
293 1.03162e+07 
294 1.06594e+07 
295 1.10146e+07 
296 1.13819e+07 
297 1.17432e+07 
298 1.21043e+07 
299 1.2485e+07 
300 1.29022e+07 
301 1.33899e+07 
302 1.39539e+07 
303 1.46059e+07 
304 1.53006e+07 
305 1.60303e+07 
306 1.68123e+07 
307 1.76265e+07 
308 1.84842e+07 
309 1.93953e+07 
310 2.03335e+07 
311 2.13237e+07 
312 2.22791e+07 
313 2.32368e+07 
314 2.41898e+07 
315 2.51644e+07 
316 2.60906e+07 
317 2.6978e+07 
318 2.77467e+07 
319 2.83883e+07 
320 2.89404e+07 
321 2.94007e+07 
322 2.97899e+07 
323 3.01569e+07 
324 3.04945e+07 
325 3.08293e+07 
326 3.1165e+07 
327 3.15085e+07 
328 3.18344e+07 
329 3.21973e+07 
330 3.25831e+07 
331 3.30054e+07 
332 3.34682e+07 
333 3.3941e+07 
334 3.44224e+07 
335 3.48677e+07 
336 3.53233e+07 
337 3.58283e+07 
338 3.63654e+07 
339 3.69823e+07 
340 3.76458e+07 
341 3.83286e+07 
342 3.91196e+07 
343 3.99914e+07 
344 4.09409e+07 
345 4.19248e+07 
346 4.29181e+07 
347 4.40088e+07 
348 4.51835e+07 
349 4.64491e+07 
350 4.78592e+07 
351 4.93992e+07 
352 5.10369e+07 
353 5.27826e+07 
354 5.4604e+07 
355 5.64811e+07 
356 5.8484e+07 
357 6.04613e+07 
358 6.24929e+07 
359 6.45306e+07 
360 6.64558e+07 
361 6.83207e+07 
362 7.00066e+07 
363 7.16098e+07 
364 7.30979e+07 
365 7.45032e+07 
366 7.58125e+07 
367 7.69852e+07 
368 7.80108e+07 
369 7.88406e+07 
370 7.96144e+07 
371 8.03098e+07 
372 8.08745e+07 
373 8.13813e+07 
374 8.18482e+07 
375 8.23074e+07 
376 8.28254e+07 
377 8.3272e+07 
378 8.37589e+07 
379 8.42834e+07 
380 8.47446e+07 
381 8.52089e+07 
382 8.55183e+07 
383 8.56193e+07 
384 8.54942e+07 
385 8.52085e+07 
386 8.47668e+07 
387 8.41916e+07 
388 8.34743e+07 
389 8.25043e+07 
390 8.14867e+07 
391 8.02855e+07 
392 7.90327e+07 
393 7.77863e+07 
394 7.66036e+07 
395 7.53177e+07 
396 7.40791e+07 
397 7.29569e+07 
398 7.19706e+07 
399 7.12515e+07 
400 7.07261e+07 
401 7.03636e+07 
402 7.01344e+07 
403 7.00026e+07 
404 6.99907e+07 
405 7.00312e+07 
406 7.00919e+07 
407 7.01582e+07 
408 7.03224e+07 
409 7.05257e+07 
410 7.07528e+07 
411 7.1053e+07 
412 7.14865e+07 
413 7.21571e+07 
414 7.31352e+07 
415 7.43079e+07 
416 7.56424e+07 
417 7.69941e+07 
418 7.82781e+07 
419 7.95085e+07 
420 8.07396e+07 
421 8.20692e+07 
422 8.34283e+07 
423 8.48204e+07 
424 8.62339e+07 
425 8.7662e+07 
426 8.90085e+07 
427 9.03081e+07 
428 9.15336e+07 
429 9.2821e+07 
430 9.41294e+07 
431 9.54376e+07 
432 9.66237e+07 
433 9.77669e+07 
434 9.87582e+07 
435 9.96383e+07 
436 1.00238e+08 
437 1.00628e+08 
438 1.01001e+08 
439 1.01433e+08 
440 1.0189e+08 
441 1.02391e+08 
442 1.02879e+08 
443 1.03509e+08 
444 1.04171e+08 
445 1.04786e+08 
446 1.05313e+08 
447 1.05836e+08 
448 1.06265e+08 
449 1.06494e+08 
450 1.06727e+08 
451 1.06888e+08 
452 1.06997e+08 
453 1.07115e+08 
454 1.07352e+08 
455 1.07819e+08 
456 1.0836e+08 
457 1.09091e+08 
458 1.09859e+08 
459 1.10552e+08 
460 1.11176e+08 
461 1.1184e+08 
462 1.12464e+08 
463 1.1281e+08 
464 1.1302e+08 
465 1.13086e+08 
466 1.12931e+08 
467 1.12447e+08 
468 1.11639e+08 
469 1.10668e+08 
470 1.09501e+08 
471 1.08139e+08 
472 1.06692e+08 
473 1.0507e+08 
474 1.03349e+08 
475 1.01537e+08 
476 9.96805e+07 
477 9.7738e+07 
478 9.58805e+07 
479 9.40329e+07 
480 9.21536e+07 
481 9.03066e+07 
482 8.8384e+07 
483 8.64905e+07 
484 8.46132e+07 
485 8.28841e+07 
486 8.12366e+07 
487 7.97223e+07 
488 7.83912e+07 
489 7.71806e+07 
490 7.60319e+07 
491 7.49119e+07 
492 7.38354e+07 
493 7.27736e+07 
494 7.18315e+07 
495 7.09549e+07 
496 7.01844e+07 
497 6.94893e+07 
498 6.88347e+07 
499 6.82434e+07 
500 6.76875e+07 
501 6.70868e+07 
502 6.63454e+07 
503 6.55897e+07 
504 6.49143e+07 
505 6.43191e+07 
506 6.38018e+07 
507 6.33463e+07 
508 6.29681e+07 
509 6.27347e+07 
510 6.26518e+07 
511 6.27417e+07 
512 6.30374e+07 
513 6.34457e+07 
514 6.39838e+07 
515 6.46382e+07 
516 6.53893e+07 
517 6.6181e+07 
518 6.69641e+07 
519 6.77334e+07 
520 6.83839e+07 
521 6.88876e+07 
522 6.92685e+07 
523 6.93542e+07 
524 6.90936e+07 
525 6.84611e+07 
526 6.75772e+07 
527 6.65245e+07 
528 6.53383e+07 
529 6.40086e+07 
530 6.26335e+07 
531 6.11392e+07 
532 5.97016e+07 
533 5.83076e+07 
534 5.70066e+07 
535 5.58116e+07 
536 5.47799e+07 
537 5.39009e+07 
538 5.31862e+07 
539 5.26276e+07 
540 5.20888e+07 
541 5.15862e+07 
542 5.11293e+07 
543 5.06346e+07 
544 5.01472e+07 
545 4.97132e+07 
546 4.93252e+07 
547 4.90861e+07 
548 4.9059e+07 
549 4.92163e+07 
550 4.95803e+07 
551 4.99986e+07 
552 5.05502e+07 
553 5.10996e+07 
554 5.16261e+07 
555 5.19371e+07 
556 5.21268e+07 
557 5.22127e+07 
558 5.22596e+07 
559 5.22894e+07 
560 5.22801e+07 
561 5.21613e+07 
562 5.19187e+07 
563 5.1539e+07 
564 5.10748e+07 
565 5.0508e+07 
566 4.9922e+07 
567 4.93934e+07 
568 4.89243e+07 
569 4.85557e+07 
570 4.82891e+07 
571 4.81641e+07 
572 4.80678e+07 
573 4.80159e+07 
574 4.803e+07 
575 4.81234e+07 
576 4.81918e+07 
577 4.82828e+07 
578 4.83085e+07 
579 4.83213e+07 
580 4.83041e+07 
581 4.81519e+07 
582 4.79085e+07 
583 4.75482e+07 
584 4.70366e+07 
585 4.64398e+07 
586 4.57993e+07 
587 4.51515e+07 
588 4.45791e+07 
589 4.4035e+07 
590 4.3546e+07 
591 4.3102e+07 
592 4.27638e+07 
593 4.25807e+07 
594 4.26404e+07 
595 4.29374e+07 
596 4.35951e+07 
597 4.45642e+07 
598 4.5825e+07 
599 4.73048e+07 
600 4.89112e+07 
601 5.05067e+07 
602 5.21331e+07 
603 5.38211e+07 
604 5.55681e+07 
605 5.73727e+07 
606 5.91779e+07 
607 6.09656e+07 
608 6.27695e+07 
609 6.44661e+07 
610 6.59515e+07 
611 6.72402e+07 
612 6.82765e+07 
613 6.90212e+07 
614 6.94708e+07 
615 6.958e+07 
616 6.93657e+07 
617 6.88949e+07 
618 6.81414e+07 
619 6.70912e+07 
620 6.57464e+07 
621 6.41253e+07 
622 6.22697e+07 
623 6.0222e+07 
624 5.80069e+07 
625 5.55971e+07 
626 5.30904e+07 
627 5.04866e+07 
628 4.79006e+07 
629 4.53488e+07 
630 4.28933e+07 
631 4.05683e+07 
632 3.8436e+07 
633 3.65183e+07 
634 3.48162e+07 
635 3.32948e+07 
636 3.18947e+07 
637 3.06527e+07 
638 2.94908e+07 
639 2.83639e+07 
640 2.72127e+07 
641 2.6032e+07 
642 2.49238e+07 
643 2.39198e+07 
644 2.30711e+07 
645 2.23844e+07 
646 2.18955e+07 
647 2.15775e+07 
648 2.14209e+07 
649 2.14611e+07 
650 2.16828e+07 
651 2.2035e+07 
652 2.24633e+07 
653 2.28835e+07 
654 2.32506e+07 
655 2.36013e+07 
656 2.38974e+07 
657 2.41438e+07 
658 2.43716e+07 
659 2.45239e+07 
660 2.4571e+07 
661 2.45469e+07 
662 2.4465e+07 
663 2.43415e+07 
664 2.42078e+07 
665 2.40177e+07 
666 2.38062e+07 
667 2.35905e+07 
668 2.33818e+07 
669 2.31916e+07 
670 2.29698e+07 
671 2.27072e+07 
672 2.23387e+07 
673 2.18834e+07 
674 2.14251e+07 
675 2.08803e+07 
676 2.03417e+07 
677 1.98041e+07 
678 1.92825e+07 
679 1.88389e+07 
680 1.85018e+07 
681 1.8265e+07 
682 1.80856e+07 
683 1.79921e+07 
684 1.79775e+07 
685 1.80653e+07 
686 1.82239e+07 
687 1.84077e+07 
688 1.86099e+07 
689 1.88422e+07 
690 1.91343e+07 
691 1.94842e+07 
692 1.9884e+07 
693 2.02739e+07 
694 2.06283e+07 
695 2.09386e+07 
696 2.11822e+07 
697 2.13806e+07 
698 2.15533e+07 
699 2.16895e+07 
700 2.17926e+07 
701 2.18567e+07 
702 2.18673e+07 
703 2.1888e+07 
704 2.18885e+07 
705 2.18897e+07 
706 2.19099e+07 
707 2.19757e+07 
708 2.21131e+07 
709 2.22862e+07 
710 2.2553e+07 
711 2.29255e+07 
712 2.33675e+07 
713 2.38615e+07 
714 2.43509e+07 
715 2.48148e+07 
716 2.52377e+07 
717 2.56062e+07 
718 2.59014e+07 
719 2.61293e+07 
720 2.63697e+07 
721 2.66121e+07 
722 2.69029e+07 
723 2.72405e+07 
724 2.75572e+07 
725 2.78574e+07 
726 2.80913e+07 
727 2.82097e+07 
728 2.8194e+07 
729 2.80641e+07 
730 2.78328e+07 
731 2.74811e+07 
732 2.70793e+07 
733 2.66745e+07 
734 2.62524e+07 
735 2.58859e+07 
736 2.5585e+07 
737 2.53538e+07 
738 2.52186e+07 
739 2.50909e+07 
740 2.49695e+07 
741 2.48692e+07 
742 2.48056e+07 
743 2.47131e+07 
744 2.45935e+07 
745 2.44857e+07 
746 2.43689e+07 
747 2.42871e+07 
748 2.42755e+07 
749 2.42879e+07 
750 2.43306e+07 
751 2.43346e+07 
752 2.43571e+07 
753 2.42632e+07 
754 2.40835e+07 
755 2.38222e+07 
756 2.35188e+07 
757 2.3165e+07 
758 2.27137e+07 
759 2.22153e+07 
760 2.17101e+07 
761 2.12191e+07 
762 2.07251e+07 
763 2.01859e+07 
764 1.96192e+07 
765 1.90345e+07 
766 1.83607e+07 
767 1.76945e+07 
768 1.7088e+07 
769 1.65027e+07 
770 1.59553e+07 
771 1.5412e+07 
772 1.48322e+07 
773 1.41804e+07 
774 1.34834e+07 
775 1.27118e+07 
776 1.18748e+07 
777 1.10056e+07 
778 1.01076e+07 
779 9.18212e+06 
780 8.24761e+06 
781 7.30775e+06 
782 6.40627e+06 
783 5.57381e+06 
784 4.81781e+06 
785 4.10451e+06 
786 3.462e+06 
787 2.88255e+06 
788 2.36268e+06 
789 1.89946e+06 
790 1.49547e+06 
791 1.16517e+06 
792 899877 
793 684448 
794 510688 
795 367340 
796 247845 
797 151579 
798 78786 
799 30636 
