0 0 
1 0 
2 0 
3 0 
4 0 
5 0 
6 0 
7 0 
8 0 
9 0 
10 0 
11 0 
12 0 
13 0 
14 0 
15 0 
16 0 
17 0 
18 0 
19 0 
20 0 
21 0 
22 0 
23 0 
24 0 
25 0 
26 0 
27 0 
28 0 
29 0 
30 0 
31 0 
32 0 
33 0 
34 0 
35 0 
36 0 
37 0 
38 0 
39 0 
40 0 
41 0 
42 0 
43 0 
44 0 
45 0 
46 0 
47 0 
48 0 
49 0 
50 0 
51 0 
52 0 
53 0 
54 0 
55 0 
56 0 
57 0 
58 0 
59 0 
60 0 
61 0 
62 0 
63 0 
64 0 
65 0 
66 0 
67 0 
68 0 
69 0 
70 0 
71 0 
72 0 
73 0 
74 0 
75 0 
76 0 
77 0 
78 0 
79 0 
80 0 
81 0 
82 0 
83 0 
84 0 
85 0 
86 0 
87 0 
88 0 
89 0 
90 0 
91 0 
92 0 
93 0 
94 0 
95 0 
96 0 
97 0 
98 0 
99 0 
100 0 
101 0 
102 0 
103 0 
104 0 
105 0 
106 0 
107 0 
108 0 
109 0 
110 0 
111 0 
112 0 
113 0 
114 0 
115 0 
116 0 
117 0 
118 0 
119 0 
120 0 
121 0 
122 0 
123 0 
124 0 
125 0 
126 0 
127 0 
128 0 
129 0 
130 0 
131 0 
132 0 
133 0 
134 0 
135 0 
136 0 
137 0 
138 0 
139 0 
140 0 
141 0 
142 0 
143 0 
144 0 
145 0 
146 0 
147 0 
148 0 
149 0 
150 0 
151 0 
152 0 
153 0 
154 0 
155 0 
156 0 
157 0 
158 0 
159 0 
160 0 
161 0 
162 0 
163 0 
164 0 
165 0 
166 0 
167 0 
168 0 
169 0 
170 0 
171 0 
172 0 
173 0 
174 0 
175 0 
176 0 
177 0 
178 0 
179 0 
180 0 
181 0 
182 0 
183 0 
184 0 
185 0 
186 0 
187 0 
188 0 
189 0 
190 0 
191 0 
192 0 
193 0 
194 0 
195 0 
196 0 
197 0 
198 0 
199 0 
200 0 
201 0 
202 0 
203 0 
204 0 
205 0 
206 0 
207 0 
208 0 
209 0 
210 0 
211 0 
212 0 
213 0 
214 0 
215 0 
216 0 
217 0 
218 0 
219 0 
220 0 
221 0 
222 0 
223 0 
224 0 
225 0 
226 0 
227 0 
228 0 
229 0 
230 0 
231 0 
232 0 
233 0 
234 0 
235 0 
236 0 
237 0 
238 0 
239 0 
240 0 
241 0 
242 0 
243 0 
244 0 
245 0 
246 0 
247 0 
248 0 
249 0 
250 0 
251 0 
252 0 
253 0 
254 0 
255 0 
256 0 
257 0 
258 0 
259 0 
260 0 
261 0 
262 0 
263 0 
264 0 
265 0 
266 0 
267 0 
268 0 
269 0 
270 0 
271 0 
272 0 
273 0 
274 0 
275 0 
276 0 
277 0 
278 0 
279 0 
280 0 
281 0 
282 0 
283 0 
284 0 
285 0 
286 0 
287 0 
288 0 
289 0 
290 0 
291 0 
292 0 
293 0 
294 0 
295 0 
296 0 
297 0 
298 0 
299 0 
300 0 
301 0 
302 0 
303 0 
304 0 
305 0 
306 0 
307 0 
308 0 
309 0 
310 0 
311 1 
312 46 
313 463 
314 2218 
315 6442 
316 16283 
317 35175 
318 66114 
319 114877 
320 181358 
321 264276 
322 372363 
323 510303 
324 671597 
325 862916 
326 1.11948e+06 
327 1.46404e+06 
328 1.87714e+06 
329 2.35705e+06 
330 2.91702e+06 
331 3.53587e+06 
332 4.20629e+06 
333 4.89956e+06 
334 5.54924e+06 
335 6.16079e+06 
336 6.74656e+06 
337 7.31444e+06 
338 7.93031e+06 
339 8.58126e+06 
340 9.29208e+06 
341 9.98046e+06 
342 1.06819e+07 
343 1.14e+07 
344 1.21262e+07 
345 1.28862e+07 
346 1.36968e+07 
347 1.45232e+07 
348 1.54241e+07 
349 1.63899e+07 
350 1.74639e+07 
351 1.8681e+07 
352 2.00828e+07 
353 2.17277e+07 
354 2.36576e+07 
355 2.5867e+07 
356 2.83576e+07 
357 3.10386e+07 
358 3.39724e+07 
359 3.7263e+07 
360 4.09314e+07 
361 4.49934e+07 
362 4.94617e+07 
363 5.4529e+07 
364 6.00531e+07 
365 6.59382e+07 
366 7.21094e+07 
367 7.87079e+07 
368 8.58432e+07 
369 9.34492e+07 
370 1.0157e+08 
371 1.10074e+08 
372 1.18873e+08 
373 1.2795e+08 
374 1.37508e+08 
375 1.47745e+08 
376 1.58864e+08 
377 1.70832e+08 
378 1.83956e+08 
379 1.9847e+08 
380 2.14625e+08 
381 2.32504e+08 
382 2.52409e+08 
383 2.74639e+08 
384 2.98948e+08 
385 3.25266e+08 
386 3.5349e+08 
387 3.83726e+08 
388 4.15654e+08 
389 4.48742e+08 
390 4.83133e+08 
391 5.18811e+08 
392 5.55292e+08 
393 5.91937e+08 
394 6.27738e+08 
395 6.61779e+08 
396 6.92109e+08 
397 7.17582e+08 
398 7.37328e+08 
399 7.50398e+08 
400 7.5638e+08 
401 7.53163e+08 
402 7.41728e+08 
403 7.22901e+08 
404 6.97573e+08 
405 6.66944e+08 
406 6.32797e+08 
407 5.96283e+08 
408 5.58725e+08 
409 5.20704e+08 
410 4.83583e+08 
411 4.48322e+08 
412 4.15233e+08 
413 3.84408e+08 
414 3.55886e+08 
415 3.29161e+08 
416 3.03919e+08 
417 2.80138e+08 
418 2.578e+08 
419 2.36888e+08 
420 2.17189e+08 
421 1.98803e+08 
422 1.8168e+08 
423 1.66054e+08 
424 1.52061e+08 
425 1.39497e+08 
426 1.28177e+08 
427 1.18281e+08 
428 1.09714e+08 
429 1.02286e+08 
430 9.56164e+07 
431 8.92685e+07 
432 8.31545e+07 
433 7.72868e+07 
434 7.15448e+07 
435 6.59435e+07 
436 6.05221e+07 
437 5.53393e+07 
438 5.03651e+07 
439 4.54635e+07 
440 4.07464e+07 
441 3.61768e+07 
442 3.18007e+07 
443 2.77741e+07 
444 2.41765e+07 
445 2.1136e+07 
446 1.86747e+07 
447 1.67033e+07 
448 1.5231e+07 
449 1.4257e+07 
450 1.37907e+07 
451 1.37484e+07 
452 1.40313e+07 
453 1.45851e+07 
454 1.53591e+07 
455 1.62991e+07 
456 1.72881e+07 
457 1.82673e+07 
458 1.91223e+07 
459 1.98962e+07 
460 2.05961e+07 
461 2.13469e+07 
462 2.21002e+07 
463 2.27772e+07 
464 2.33614e+07 
465 2.3765e+07 
466 2.40145e+07 
467 2.41213e+07 
468 2.41737e+07 
469 2.42712e+07 
470 2.43875e+07 
471 2.44518e+07 
472 2.44826e+07 
473 2.44369e+07 
474 2.43096e+07 
475 2.40356e+07 
476 2.36326e+07 
477 2.31032e+07 
478 2.23465e+07 
479 2.13857e+07 
480 2.02662e+07 
481 1.9033e+07 
482 1.77944e+07 
483 1.66018e+07 
484 1.54855e+07 
485 1.44896e+07 
486 1.36788e+07 
487 1.29956e+07 
488 1.2413e+07 
489 1.18736e+07 
490 1.13868e+07 
491 1.09005e+07 
492 1.04188e+07 
493 9.90831e+06 
494 9.355e+06 
495 8.72993e+06 
496 8.11332e+06 
497 7.53336e+06 
498 6.94022e+06 
499 6.35827e+06 
500 5.77452e+06 
501 5.17523e+06 
502 4.57959e+06 
503 4.01669e+06 
504 3.49936e+06 
505 3.04415e+06 
506 2.64127e+06 
507 2.26037e+06 
508 1.90769e+06 
509 1.5653e+06 
510 1.23622e+06 
511 931134 
512 666425 
513 460716 
514 306361 
515 194280 
516 115130 
517 65620 
518 37815 
519 22997 
520 14023 
521 8578 
522 4880 
523 2503 
524 1082 
525 459 
526 136 
527 20 
528 0 
529 0 
530 0 
531 0 
532 0 
533 0 
534 0 
535 0 
536 0 
537 0 
538 0 
539 0 
540 0 
541 0 
542 0 
543 0 
544 0 
545 0 
546 0 
547 0 
548 0 
549 0 
550 0 
551 0 
552 0 
553 0 
554 0 
555 0 
556 0 
557 0 
558 0 
559 0 
560 0 
561 0 
562 0 
563 0 
564 0 
565 0 
566 0 
567 0 
568 0 
569 0 
570 0 
571 0 
572 0 
573 0 
574 0 
575 0 
576 0 
577 0 
578 0 
579 0 
580 0 
581 0 
582 0 
583 0 
584 0 
585 0 
586 0 
587 0 
588 0 
589 0 
590 0 
591 0 
592 0 
593 0 
594 0 
595 0 
596 0 
597 0 
598 0 
599 0 
600 0 
601 0 
602 0 
603 0 
604 0 
605 0 
606 0 
607 0 
608 0 
609 0 
610 0 
611 0 
612 0 
613 0 
614 0 
615 0 
616 0 
617 0 
618 0 
619 0 
620 0 
621 0 
622 0 
623 0 
624 0 
625 0 
626 0 
627 0 
628 0 
629 0 
630 0 
631 0 
632 0 
633 0 
634 0 
635 0 
636 0 
637 0 
638 0 
639 0 
640 0 
641 0 
642 0 
643 0 
644 0 
645 0 
646 0 
647 0 
648 0 
649 0 
650 0 
651 0 
652 0 
653 0 
654 0 
655 0 
656 0 
657 0 
658 0 
659 0 
660 0 
661 0 
662 0 
663 0 
664 0 
665 0 
666 0 
667 0 
668 0 
669 0 
670 0 
671 0 
672 0 
673 0 
674 0 
675 0 
676 0 
677 0 
678 0 
679 0 
680 0 
681 0 
682 0 
683 0 
684 0 
685 0 
686 0 
687 0 
688 0 
689 0 
690 0 
691 0 
692 0 
693 0 
694 0 
695 0 
696 0 
697 0 
698 0 
699 0 
700 0 
701 0 
702 0 
703 0 
704 0 
705 0 
706 0 
707 0 
708 0 
709 0 
710 0 
711 0 
712 0 
713 0 
714 0 
715 0 
716 0 
717 0 
718 0 
719 0 
720 0 
721 0 
722 0 
723 0 
724 0 
725 0 
726 0 
727 0 
728 0 
729 0 
730 0 
731 0 
732 0 
733 0 
734 0 
735 0 
736 0 
737 0 
738 0 
739 0 
740 0 
741 0 
742 0 
743 0 
744 0 
745 0 
746 0 
747 0 
748 0 
749 0 
750 0 
751 0 
752 0 
753 0 
754 0 
755 0 
756 0 
757 0 
758 0 
759 0 
760 0 
761 0 
762 0 
763 0 
764 0 
765 0 
766 0 
767 0 
768 0 
769 0 
770 0 
771 0 
772 0 
773 0 
774 0 
775 0 
776 0 
777 0 
778 0 
779 0 
780 0 
781 0 
782 0 
783 0 
784 0 
785 0 
786 0 
787 0 
788 0 
789 0 
790 0 
791 0 
792 0 
793 0 
794 0 
795 0 
796 0 
797 0 
798 0 
799 0 
