0 0 
1 0 
2 0 
3 0 
4 0 
5 0 
6 0 
7 0 
8 0 
9 0 
10 0 
11 0 
12 0 
13 0 
14 0 
15 0 
16 0 
17 0 
18 0 
19 0 
20 0 
21 0 
22 0 
23 0 
24 0 
25 0 
26 0 
27 0 
28 0 
29 0 
30 0 
31 0 
32 0 
33 0 
34 0 
35 0 
36 0 
37 0 
38 0 
39 0 
40 0 
41 0 
42 0 
43 0 
44 0 
45 0 
46 0 
47 0 
48 0 
49 0 
50 0 
51 0 
52 0 
53 0 
54 0 
55 0 
56 0 
57 0 
58 0 
59 0 
60 0 
61 0 
62 0 
63 0 
64 0 
65 0 
66 0 
67 0 
68 0 
69 0 
70 0 
71 0 
72 0 
73 0 
74 0 
75 0 
76 0 
77 0 
78 0 
79 0 
80 0 
81 0 
82 0 
83 0 
84 0 
85 0 
86 0 
87 0 
88 0 
89 0 
90 0 
91 0 
92 0 
93 0 
94 0 
95 0 
96 0 
97 0 
98 0 
99 0 
100 0 
101 0 
102 0 
103 0 
104 0 
105 0 
106 0 
107 0 
108 0 
109 0 
110 0 
111 0 
112 0 
113 0 
114 0 
115 0 
116 0 
117 0 
118 0 
119 0 
120 0 
121 0 
122 0 
123 0 
124 0 
125 0 
126 0 
127 0 
128 0 
129 0 
130 0 
131 0 
132 0 
133 0 
134 0 
135 0 
136 0 
137 0 
138 0 
139 0 
140 0 
141 0 
142 0 
143 0 
144 0 
145 0 
146 0 
147 0 
148 0 
149 0 
150 0 
151 0 
152 0 
153 0 
154 0 
155 0 
156 0 
157 0 
158 0 
159 0 
160 0 
161 0 
162 0 
163 0 
164 0 
165 0 
166 0 
167 0 
168 0 
169 0 
170 0 
171 0 
172 0 
173 0 
174 0 
175 0 
176 0 
177 0 
178 0 
179 0 
180 0 
181 0 
182 0 
183 0 
184 0 
185 0 
186 0 
187 0 
188 0 
189 0 
190 0 
191 0 
192 0 
193 0 
194 0 
195 0 
196 0 
197 0 
198 1 
199 125 
200 832 
201 3113 
202 12642 
203 37000 
204 87691 
205 163958 
206 249957 
207 340018 
208 482036 
209 691158 
210 987364 
211 1.36794e+06 
212 1.82621e+06 
213 2.32241e+06 
214 2.83994e+06 
215 3.3342e+06 
216 3.73236e+06 
217 3.91127e+06 
218 3.83872e+06 
219 3.69736e+06 
220 3.57377e+06 
221 3.49703e+06 
222 3.52046e+06 
223 3.73807e+06 
224 4.14259e+06 
225 4.72472e+06 
226 5.51336e+06 
227 6.56165e+06 
228 7.88947e+06 
229 9.41792e+06 
230 1.10229e+07 
231 1.25767e+07 
232 1.41506e+07 
233 1.56057e+07 
234 1.66545e+07 
235 1.70779e+07 
236 1.69993e+07 
237 1.6648e+07 
238 1.61148e+07 
239 1.53763e+07 
240 1.4449e+07 
241 1.35698e+07 
242 1.28849e+07 
243 1.2414e+07 
244 1.22479e+07 
245 1.23282e+07 
246 1.25967e+07 
247 1.29052e+07 
248 1.32415e+07 
249 1.35778e+07 
250 1.38013e+07 
251 1.38637e+07 
252 1.35715e+07 
253 1.27878e+07 
254 1.16318e+07 
255 1.03718e+07 
256 9.25621e+06 
257 8.30811e+06 
258 7.44609e+06 
259 6.70227e+06 
260 6.18005e+06 
261 5.88225e+06 
262 5.76876e+06 
263 5.89524e+06 
264 6.24181e+06 
265 6.78639e+06 
266 7.43346e+06 
267 8.17616e+06 
268 8.99342e+06 
269 9.77632e+06 
270 1.05432e+07 
271 1.13638e+07 
272 1.21397e+07 
273 1.28839e+07 
274 1.33806e+07 
275 1.37579e+07 
276 1.41479e+07 
277 1.46543e+07 
278 1.51715e+07 
279 1.55114e+07 
280 1.5642e+07 
281 1.56934e+07 
282 1.58052e+07 
283 1.61525e+07 
284 1.65855e+07 
285 1.72498e+07 
286 1.82682e+07 
287 1.9498e+07 
288 2.07415e+07 
289 2.19033e+07 
290 2.3028e+07 
291 2.41439e+07 
292 2.52532e+07 
293 2.61971e+07 
294 2.71303e+07 
295 2.79475e+07 
296 2.87194e+07 
297 2.97196e+07 
298 3.09428e+07 
299 3.22898e+07 
300 3.37188e+07 
301 3.51577e+07 
302 3.69492e+07 
303 3.89753e+07 
304 4.10897e+07 
305 4.33098e+07 
306 4.51477e+07 
307 4.67927e+07 
308 4.85689e+07 
309 5.06549e+07 
310 5.294e+07 
311 5.52515e+07 
312 5.77834e+07 
313 6.08261e+07 
314 6.41932e+07 
315 6.73556e+07 
316 7.02645e+07 
317 7.33816e+07 
318 7.67631e+07 
319 8.02432e+07 
320 8.36348e+07 
321 8.68996e+07 
322 8.9795e+07 
323 9.26349e+07 
324 9.51719e+07 
325 9.70662e+07 
326 9.81535e+07 
327 9.84203e+07 
328 9.82826e+07 
329 9.77093e+07 
330 9.64865e+07 
331 9.47631e+07 
332 9.2916e+07 
333 9.09729e+07 
334 8.87893e+07 
335 8.62519e+07 
336 8.33515e+07 
337 8.00547e+07 
338 7.64367e+07 
339 7.27049e+07 
340 6.9506e+07 
341 6.72461e+07 
342 6.59899e+07 
343 6.5342e+07 
344 6.49688e+07 
345 6.47742e+07 
346 6.46038e+07 
347 6.44494e+07 
348 6.45177e+07 
349 6.47381e+07 
350 6.51127e+07 
351 6.58668e+07 
352 6.72938e+07 
353 6.92838e+07 
354 7.14982e+07 
355 7.34104e+07 
356 7.48503e+07 
357 7.6175e+07 
358 7.74308e+07 
359 7.86684e+07 
360 8.01012e+07 
361 8.1545e+07 
362 8.33693e+07 
363 8.55045e+07 
364 8.76092e+07 
365 8.96712e+07 
366 9.20289e+07 
367 9.46543e+07 
368 9.74941e+07 
369 1.0034e+08 
370 1.03257e+08 
371 1.06159e+08 
372 1.08701e+08 
373 1.11004e+08 
374 1.13332e+08 
375 1.15784e+08 
376 1.18731e+08 
377 1.22433e+08 
378 1.26984e+08 
379 1.32144e+08 
380 1.37559e+08 
381 1.42953e+08 
382 1.48046e+08 
383 1.52692e+08 
384 1.56898e+08 
385 1.60721e+08 
386 1.64403e+08 
387 1.68204e+08 
388 1.72095e+08 
389 1.76033e+08 
390 1.79917e+08 
391 1.83725e+08 
392 1.87368e+08 
393 1.90822e+08 
394 1.93954e+08 
395 1.96955e+08 
396 2.00126e+08 
397 2.03671e+08 
398 2.07257e+08 
399 2.10752e+08 
400 2.14121e+08 
401 2.16526e+08 
402 2.17543e+08 
403 2.17108e+08 
404 2.15114e+08 
405 2.11949e+08 
406 2.07095e+08 
407 2.00783e+08 
408 1.94055e+08 
409 1.87332e+08 
410 1.80256e+08 
411 1.72851e+08 
412 1.65797e+08 
413 1.60319e+08 
414 1.56534e+08 
415 1.54591e+08 
416 1.53659e+08 
417 1.53126e+08 
418 1.52845e+08 
419 1.53354e+08 
420 1.54295e+08 
421 1.55611e+08 
422 1.57054e+08 
423 1.58424e+08 
424 1.59656e+08 
425 1.60724e+08 
426 1.61427e+08 
427 1.61267e+08 
428 1.59997e+08 
429 1.57335e+08 
430 1.53769e+08 
431 1.4986e+08 
432 1.46124e+08 
433 1.43218e+08 
434 1.41125e+08 
435 1.39407e+08 
436 1.38125e+08 
437 1.36855e+08 
438 1.35024e+08 
439 1.32928e+08 
440 1.30482e+08 
441 1.27503e+08 
442 1.24187e+08 
443 1.20725e+08 
444 1.17433e+08 
445 1.1486e+08 
446 1.1291e+08 
447 1.11217e+08 
448 1.09954e+08 
449 1.08252e+08 
450 1.05597e+08 
451 1.02271e+08 
452 9.88021e+07 
453 9.5147e+07 
454 9.18141e+07 
455 8.88321e+07 
456 8.5932e+07 
457 8.31091e+07 
458 8.05694e+07 
459 7.85919e+07 
460 7.69607e+07 
461 7.55414e+07 
462 7.41504e+07 
463 7.29636e+07 
464 7.24683e+07 
465 7.31857e+07 
466 7.45061e+07 
467 7.60218e+07 
468 7.73687e+07 
469 7.86279e+07 
470 7.98426e+07 
471 8.08874e+07 
472 8.1607e+07 
473 8.19123e+07 
474 8.17326e+07 
475 8.10441e+07 
476 7.96743e+07 
477 7.77853e+07 
478 7.55031e+07 
479 7.30387e+07 
480 7.06234e+07 
481 6.84842e+07 
482 6.68775e+07 
483 6.56609e+07 
484 6.50496e+07 
485 6.48163e+07 
486 6.46839e+07 
487 6.46181e+07 
488 6.48331e+07 
489 6.51875e+07 
490 6.55597e+07 
491 6.62072e+07 
492 6.73146e+07 
493 6.85475e+07 
494 6.98959e+07 
495 7.14884e+07 
496 7.30496e+07 
497 7.39311e+07 
498 7.3808e+07 
499 7.27159e+07 
500 7.08595e+07 
501 6.87074e+07 
502 6.65631e+07 
503 6.42582e+07 
504 6.15268e+07 
505 5.84143e+07 
506 5.5315e+07 
507 5.23521e+07 
508 4.96495e+07 
509 4.73718e+07 
510 4.53864e+07 
511 4.41134e+07 
512 4.35895e+07 
513 4.34817e+07 
514 4.39832e+07 
515 4.5127e+07 
516 4.64817e+07 
517 4.77392e+07 
518 4.88379e+07 
519 4.96598e+07 
520 4.98853e+07 
521 4.94724e+07 
522 4.80945e+07 
523 4.57885e+07 
524 4.28379e+07 
525 3.98509e+07 
526 3.73355e+07 
527 3.51423e+07 
528 3.32005e+07 
529 3.14879e+07 
530 2.99589e+07 
531 2.85235e+07 
532 2.71101e+07 
533 2.57018e+07 
534 2.43919e+07 
535 2.32762e+07 
536 2.24723e+07 
537 2.21329e+07 
538 2.22661e+07 
539 2.25095e+07 
540 2.26713e+07 
541 2.25085e+07 
542 2.2168e+07 
543 2.15925e+07 
544 2.08566e+07 
545 1.99823e+07 
546 1.91466e+07 
547 1.85252e+07 
548 1.81049e+07 
549 1.7892e+07 
550 1.78833e+07 
551 1.78838e+07 
552 1.76311e+07 
553 1.71689e+07 
554 1.647e+07 
555 1.55548e+07 
556 1.46108e+07 
557 1.37773e+07 
558 1.31461e+07 
559 1.26874e+07 
560 1.24075e+07 
561 1.22095e+07 
562 1.20531e+07 
563 1.19208e+07 
564 1.17406e+07 
565 1.14725e+07 
566 1.1205e+07 
567 1.08794e+07 
568 1.04379e+07 
569 9.96813e+06 
570 9.48167e+06 
571 8.95313e+06 
572 8.48956e+06 
573 8.1386e+06 
574 8.03279e+06 
575 8.28368e+06 
576 8.88336e+06 
577 9.72364e+06 
578 1.07382e+07 
579 1.17637e+07 
580 1.25963e+07 
581 1.32088e+07 
582 1.34966e+07 
583 1.34132e+07 
584 1.30925e+07 
585 1.26905e+07 
586 1.23046e+07 
587 1.18754e+07 
588 1.14085e+07 
589 1.09669e+07 
590 1.06051e+07 
591 1.04795e+07 
592 1.04547e+07 
593 1.05606e+07 
594 1.07722e+07 
595 1.11458e+07 
596 1.18827e+07 
597 1.29365e+07 
598 1.41001e+07 
599 1.5315e+07 
600 1.64195e+07 
601 1.72955e+07 
602 1.80134e+07 
603 1.85711e+07 
604 1.89347e+07 
605 1.91859e+07 
606 1.92294e+07 
607 1.91039e+07 
608 1.87035e+07 
609 1.82646e+07 
610 1.79197e+07 
611 1.76243e+07 
612 1.74087e+07 
613 1.73288e+07 
614 1.7467e+07 
615 1.77603e+07 
616 1.79425e+07 
617 1.77315e+07 
618 1.69182e+07 
619 1.54423e+07 
620 1.35603e+07 
621 1.14912e+07 
622 9.4162e+06 
623 7.51701e+06 
624 5.92404e+06 
625 4.54981e+06 
626 3.35727e+06 
627 2.39339e+06 
628 1.66322e+06 
629 1.15899e+06 
630 789073 
631 521857 
632 338783 
633 207950 
634 119877 
635 61774 
636 25867 
637 9514 
638 2481 
639 337 
640 18 
641 0 
642 0 
643 0 
644 0 
645 0 
646 0 
647 0 
648 0 
649 0 
650 0 
651 0 
652 0 
653 0 
654 0 
655 0 
656 0 
657 0 
658 0 
659 0 
660 0 
661 0 
662 0 
663 0 
664 0 
665 0 
666 0 
667 0 
668 0 
669 0 
670 0 
671 0 
672 0 
673 0 
674 0 
675 0 
676 0 
677 0 
678 0 
679 0 
680 0 
681 0 
682 0 
683 0 
684 0 
685 0 
686 0 
687 0 
688 0 
689 0 
690 0 
691 0 
692 0 
693 0 
694 0 
695 0 
696 0 
697 0 
698 0 
699 0 
700 0 
701 0 
702 0 
703 0 
704 0 
705 0 
706 0 
707 0 
708 0 
709 0 
710 0 
711 0 
712 0 
713 0 
714 0 
715 0 
716 0 
717 0 
718 0 
719 0 
720 0 
721 0 
722 0 
723 0 
724 0 
725 0 
726 0 
727 0 
728 0 
729 0 
730 0 
731 0 
732 0 
733 0 
734 0 
735 0 
736 0 
737 0 
738 0 
739 0 
740 0 
741 0 
742 0 
743 0 
744 0 
745 0 
746 0 
747 0 
748 0 
749 0 
750 0 
751 0 
752 0 
753 0 
754 0 
755 0 
756 0 
757 0 
758 0 
759 0 
760 0 
761 0 
762 0 
763 0 
764 0 
765 0 
766 0 
767 0 
768 0 
769 0 
770 0 
771 0 
772 0 
773 0 
774 0 
775 0 
776 0 
777 0 
778 0 
779 0 
780 0 
781 0 
782 0 
783 0 
784 0 
785 0 
786 0 
787 0 
788 0 
789 0 
790 0 
791 0 
792 0 
793 0 
794 0 
795 0 
796 0 
797 0 
798 0 
799 0 
