0 0 
1 0 
2 0 
3 0 
4 0 
5 0 
6 0 
7 0 
8 0 
9 0 
10 0 
11 0 
12 0 
13 0 
14 0 
15 0 
16 0 
17 0 
18 0 
19 0 
20 0 
21 0 
22 0 
23 0 
24 0 
25 0 
26 0 
27 0 
28 0 
29 0 
30 0 
31 0 
32 0 
33 0 
34 0 
35 0 
36 0 
37 0 
38 0 
39 0 
40 0 
41 0 
42 0 
43 0 
44 0 
45 0 
46 0 
47 0 
48 0 
49 0 
50 0 
51 0 
52 0 
53 0 
54 0 
55 0 
56 0 
57 0 
58 0 
59 0 
60 0 
61 0 
62 0 
63 0 
64 0 
65 0 
66 0 
67 0 
68 0 
69 0 
70 0 
71 0 
72 0 
73 0 
74 0 
75 0 
76 0 
77 0 
78 0 
79 0 
80 0 
81 0 
82 0 
83 0 
84 0 
85 0 
86 0 
87 0 
88 0 
89 0 
90 0 
91 0 
92 0 
93 0 
94 0 
95 0 
96 0 
97 0 
98 0 
99 0 
100 0 
101 0 
102 0 
103 0 
104 0 
105 0 
106 0 
107 0 
108 0 
109 0 
110 0 
111 0 
112 0 
113 0 
114 0 
115 0 
116 0 
117 0 
118 0 
119 0 
120 0 
121 0 
122 0 
123 0 
124 0 
125 0 
126 0 
127 0 
128 0 
129 0 
130 0 
131 0 
132 0 
133 0 
134 0 
135 0 
136 0 
137 0 
138 0 
139 0 
140 0 
141 0 
142 0 
143 0 
144 0 
145 0 
146 0 
147 0 
148 0 
149 0 
150 0 
151 0 
152 0 
153 0 
154 0 
155 0 
156 0 
157 0 
158 0 
159 0 
160 0 
161 0 
162 0 
163 0 
164 0 
165 0 
166 0 
167 0 
168 0 
169 0 
170 0 
171 0 
172 0 
173 0 
174 0 
175 0 
176 0 
177 0 
178 0 
179 0 
180 0 
181 0 
182 0 
183 0 
184 0 
185 0 
186 0 
187 0 
188 0 
189 0 
190 0 
191 0 
192 0 
193 0 
194 0 
195 0 
196 0 
197 0 
198 0 
199 0 
200 0 
201 0 
202 0 
203 0 
204 0 
205 0 
206 0 
207 0 
208 0 
209 0 
210 0 
211 0 
212 0 
213 0 
214 0 
215 0 
216 0 
217 0 
218 0 
219 0 
220 0 
221 5 
222 10 
223 67 
224 379 
225 1173 
226 3222 
227 7268 
228 14252 
229 25971 
230 45740 
231 77173 
232 123800 
233 185853 
234 262809 
235 360845 
236 484111 
237 636506 
238 822290 
239 1.03737e+06 
240 1.26416e+06 
241 1.50808e+06 
242 1.74755e+06 
243 1.9786e+06 
244 2.18758e+06 
245 2.38553e+06 
246 2.57476e+06 
247 2.77737e+06 
248 2.99789e+06 
249 3.24051e+06 
250 3.50369e+06 
251 3.79445e+06 
252 4.12832e+06 
253 4.48229e+06 
254 4.86369e+06 
255 5.24048e+06 
256 5.57194e+06 
257 5.86247e+06 
258 6.13431e+06 
259 6.42855e+06 
260 6.74157e+06 
261 7.11457e+06 
262 7.56702e+06 
263 8.09422e+06 
264 8.69105e+06 
265 9.37367e+06 
266 1.01183e+07 
267 1.09182e+07 
268 1.17687e+07 
269 1.26214e+07 
270 1.34694e+07 
271 1.43968e+07 
272 1.54145e+07 
273 1.65391e+07 
274 1.77392e+07 
275 1.90039e+07 
276 2.03555e+07 
277 2.1711e+07 
278 2.30591e+07 
279 2.44002e+07 
280 2.57231e+07 
281 2.69949e+07 
282 2.81611e+07 
283 2.9254e+07 
284 3.03932e+07 
285 3.16162e+07 
286 3.29839e+07 
287 3.45021e+07 
288 3.6127e+07 
289 3.77712e+07 
290 3.93735e+07 
291 4.10214e+07 
292 4.27149e+07 
293 4.43382e+07 
294 4.58671e+07 
295 4.7389e+07 
296 4.88976e+07 
297 5.03635e+07 
298 5.17388e+07 
299 5.29972e+07 
300 5.41961e+07 
301 5.53905e+07 
302 5.65259e+07 
303 5.7643e+07 
304 5.87519e+07 
305 5.98589e+07 
306 6.10819e+07 
307 6.2529e+07 
308 6.41224e+07 
309 6.57874e+07 
310 6.76654e+07 
311 6.96636e+07 
312 7.186e+07 
313 7.42596e+07 
314 7.68148e+07 
315 7.95493e+07 
316 8.24947e+07 
317 8.57457e+07 
318 8.91014e+07 
319 9.2425e+07 
320 9.56424e+07 
321 9.86911e+07 
322 1.01708e+08 
323 1.04623e+08 
324 1.07399e+08 
325 1.10008e+08 
326 1.12473e+08 
327 1.1485e+08 
328 1.17198e+08 
329 1.19653e+08 
330 1.22215e+08 
331 1.249e+08 
332 1.27475e+08 
333 1.29973e+08 
334 1.32172e+08 
335 1.34045e+08 
336 1.3549e+08 
337 1.3644e+08 
338 1.36892e+08 
339 1.36868e+08 
340 1.36478e+08 
341 1.35801e+08 
342 1.34904e+08 
343 1.33821e+08 
344 1.32588e+08 
345 1.31158e+08 
346 1.29561e+08 
347 1.28003e+08 
348 1.26653e+08 
349 1.25573e+08 
350 1.24964e+08 
351 1.24825e+08 
352 1.25158e+08 
353 1.25941e+08 
354 1.27073e+08 
355 1.28532e+08 
356 1.30199e+08 
357 1.32062e+08 
358 1.34236e+08 
359 1.36826e+08 
360 1.39825e+08 
361 1.43297e+08 
362 1.46871e+08 
363 1.50529e+08 
364 1.5429e+08 
365 1.58164e+08 
366 1.62208e+08 
367 1.66395e+08 
368 1.70832e+08 
369 1.75629e+08 
370 1.80463e+08 
371 1.85191e+08 
372 1.8972e+08 
373 1.93949e+08 
374 1.97728e+08 
375 2.00949e+08 
376 2.03367e+08 
377 2.04811e+08 
378 2.05586e+08 
379 2.05854e+08 
380 2.05877e+08 
381 2.05776e+08 
382 2.05615e+08 
383 2.05332e+08 
384 2.04992e+08 
385 2.04616e+08 
386 2.04182e+08 
387 2.03685e+08 
388 2.03123e+08 
389 2.02338e+08 
390 2.01292e+08 
391 2.00126e+08 
392 1.99221e+08 
393 1.98552e+08 
394 1.98087e+08 
395 1.97582e+08 
396 1.97007e+08 
397 1.96562e+08 
398 1.96331e+08 
399 1.95994e+08 
400 1.95534e+08 
401 1.94787e+08 
402 1.93762e+08 
403 1.92351e+08 
404 1.90669e+08 
405 1.88606e+08 
406 1.86191e+08 
407 1.8335e+08 
408 1.80118e+08 
409 1.76493e+08 
410 1.72276e+08 
411 1.67501e+08 
412 1.62237e+08 
413 1.56797e+08 
414 1.51255e+08 
415 1.45694e+08 
416 1.40227e+08 
417 1.34819e+08 
418 1.29408e+08 
419 1.24057e+08 
420 1.18821e+08 
421 1.13868e+08 
422 1.09213e+08 
423 1.04952e+08 
424 1.01013e+08 
425 9.74087e+07 
426 9.40962e+07 
427 9.09778e+07 
428 8.79674e+07 
429 8.52054e+07 
430 8.24951e+07 
431 7.98564e+07 
432 7.72984e+07 
433 7.49315e+07 
434 7.26175e+07 
435 7.0279e+07 
436 6.78846e+07 
437 6.55384e+07 
438 6.33216e+07 
439 6.11607e+07 
440 5.91132e+07 
441 5.71974e+07 
442 5.54875e+07 
443 5.38728e+07 
444 5.23414e+07 
445 5.0953e+07 
446 4.9765e+07 
447 4.87552e+07 
448 4.78473e+07 
449 4.70804e+07 
450 4.6435e+07 
451 4.58224e+07 
452 4.52843e+07 
453 4.47884e+07 
454 4.43121e+07 
455 4.38673e+07 
456 4.34806e+07 
457 4.31734e+07 
458 4.30366e+07 
459 4.31193e+07 
460 4.34075e+07 
461 4.37657e+07 
462 4.41816e+07 
463 4.45649e+07 
464 4.49193e+07 
465 4.51629e+07 
466 4.53982e+07 
467 4.5632e+07 
468 4.58687e+07 
469 4.60519e+07 
470 4.61224e+07 
471 4.60379e+07 
472 4.5768e+07 
473 4.52984e+07 
474 4.46136e+07 
475 4.37586e+07 
476 4.27218e+07 
477 4.15237e+07 
478 4.02415e+07 
479 3.88575e+07 
480 3.74972e+07 
481 3.61011e+07 
482 3.47366e+07 
483 3.33911e+07 
484 3.2064e+07 
485 3.07856e+07 
486 2.9552e+07 
487 2.83755e+07 
488 2.72143e+07 
489 2.60949e+07 
490 2.50683e+07 
491 2.41742e+07 
492 2.33466e+07 
493 2.26657e+07 
494 2.20885e+07 
495 2.15873e+07 
496 2.10788e+07 
497 2.05992e+07 
498 2.01034e+07 
499 1.95926e+07 
500 1.91173e+07 
501 1.86452e+07 
502 1.81572e+07 
503 1.77101e+07 
504 1.72958e+07 
505 1.68782e+07 
506 1.64235e+07 
507 1.59187e+07 
508 1.53742e+07 
509 1.47778e+07 
510 1.41082e+07 
511 1.33945e+07 
512 1.26557e+07 
513 1.18635e+07 
514 1.10305e+07 
515 1.02401e+07 
516 9.535e+06 
517 8.89198e+06 
518 8.32762e+06 
519 7.8206e+06 
520 7.36254e+06 
521 6.95624e+06 
522 6.60481e+06 
523 6.32079e+06 
524 6.09348e+06 
525 5.90431e+06 
526 5.79859e+06 
527 5.78088e+06 
528 5.8079e+06 
529 5.8408e+06 
530 5.89913e+06 
531 6.03636e+06 
532 6.27118e+06 
533 6.58203e+06 
534 6.93813e+06 
535 7.36819e+06 
536 7.83087e+06 
537 8.3111e+06 
538 8.77749e+06 
539 9.2031e+06 
540 9.5616e+06 
541 9.85579e+06 
542 1.01302e+07 
543 1.04313e+07 
544 1.07438e+07 
545 1.1068e+07 
546 1.13868e+07 
547 1.17534e+07 
548 1.21087e+07 
549 1.24565e+07 
550 1.28493e+07 
551 1.32582e+07 
552 1.36409e+07 
553 1.39689e+07 
554 1.42508e+07 
555 1.45166e+07 
556 1.47405e+07 
557 1.49185e+07 
558 1.50818e+07 
559 1.52411e+07 
560 1.53066e+07 
561 1.5221e+07 
562 1.49588e+07 
563 1.45801e+07 
564 1.41149e+07 
565 1.35741e+07 
566 1.30137e+07 
567 1.24132e+07 
568 1.1864e+07 
569 1.1399e+07 
570 1.10446e+07 
571 1.07663e+07 
572 1.05557e+07 
573 1.04179e+07 
574 1.0343e+07 
575 1.0349e+07 
576 1.04352e+07 
577 1.06089e+07 
578 1.08604e+07 
579 1.11248e+07 
580 1.13461e+07 
581 1.15424e+07 
582 1.17169e+07 
583 1.18593e+07 
584 1.20177e+07 
585 1.22402e+07 
586 1.25775e+07 
587 1.30174e+07 
588 1.35422e+07 
589 1.41484e+07 
590 1.48137e+07 
591 1.55421e+07 
592 1.63183e+07 
593 1.71084e+07 
594 1.79261e+07 
595 1.87091e+07 
596 1.947e+07 
597 2.01497e+07 
598 2.07995e+07 
599 2.13205e+07 
600 2.17857e+07 
601 2.21404e+07 
602 2.24344e+07 
603 2.26781e+07 
604 2.28332e+07 
605 2.29533e+07 
606 2.3043e+07 
607 2.31545e+07 
608 2.32737e+07 
609 2.32957e+07 
610 2.32358e+07 
611 2.30388e+07 
612 2.27624e+07 
613 2.23881e+07 
614 2.1928e+07 
615 2.14915e+07 
616 2.11627e+07 
617 2.09153e+07 
618 2.0745e+07 
619 2.06159e+07 
620 2.04934e+07 
621 2.03811e+07 
622 2.02594e+07 
623 2.01377e+07 
624 2.001e+07 
625 1.99072e+07 
626 1.9832e+07 
627 1.98524e+07 
628 1.99825e+07 
629 2.02002e+07 
630 2.0473e+07 
631 2.07646e+07 
632 2.10985e+07 
633 2.14482e+07 
634 2.18602e+07 
635 2.23063e+07 
636 2.27942e+07 
637 2.33097e+07 
638 2.38797e+07 
639 2.44823e+07 
640 2.50639e+07 
641 2.55714e+07 
642 2.59747e+07 
643 2.62829e+07 
644 2.65229e+07 
645 2.67342e+07 
646 2.68995e+07 
647 2.69942e+07 
648 2.7009e+07 
649 2.69443e+07 
650 2.68715e+07 
651 2.67574e+07 
652 2.65316e+07 
653 2.61668e+07 
654 2.56195e+07 
655 2.48518e+07 
656 2.38695e+07 
657 2.27613e+07 
658 2.15747e+07 
659 2.03134e+07 
660 1.9078e+07 
661 1.78912e+07 
662 1.67892e+07 
663 1.57905e+07 
664 1.49239e+07 
665 1.42173e+07 
666 1.37113e+07 
667 1.33734e+07 
668 1.31949e+07 
669 1.31099e+07 
670 1.30666e+07 
671 1.30738e+07 
672 1.31914e+07 
673 1.33422e+07 
674 1.34618e+07 
675 1.35133e+07 
676 1.34319e+07 
677 1.32222e+07 
678 1.28581e+07 
679 1.23406e+07 
680 1.17061e+07 
681 1.10059e+07 
682 1.02826e+07 
683 9.58184e+06 
684 8.91938e+06 
685 8.31682e+06 
686 7.72016e+06 
687 7.16124e+06 
688 6.67573e+06 
689 6.27482e+06 
690 5.94017e+06 
691 5.64471e+06 
692 5.40301e+06 
693 5.21878e+06 
694 5.06676e+06 
695 4.92026e+06 
696 4.75609e+06 
697 4.57228e+06 
698 4.33412e+06 
699 4.05265e+06 
700 3.73028e+06 
701 3.39423e+06 
702 3.06218e+06 
703 2.75646e+06 
704 2.47803e+06 
705 2.22466e+06 
706 1.99858e+06 
707 1.78624e+06 
708 1.57995e+06 
709 1.37563e+06 
710 1.17387e+06 
711 987279 
712 823412 
713 672466 
714 536596 
715 414074 
716 307536 
717 219082 
718 152706 
719 100968 
720 61986 
721 37734 
722 20954 
723 10545 
724 4498 
725 1642 
726 595 
727 164 
728 26 
729 1 
730 0 
731 0 
732 0 
733 0 
734 0 
735 0 
736 0 
737 0 
738 0 
739 0 
740 0 
741 0 
742 0 
743 0 
744 0 
745 0 
746 0 
747 0 
748 0 
749 0 
750 0 
751 0 
752 0 
753 0 
754 0 
755 0 
756 0 
757 0 
758 0 
759 0 
760 0 
761 0 
762 0 
763 0 
764 0 
765 0 
766 0 
767 0 
768 0 
769 0 
770 0 
771 0 
772 0 
773 0 
774 0 
775 0 
776 0 
777 0 
778 0 
779 0 
780 0 
781 0 
782 0 
783 0 
784 0 
785 0 
786 0 
787 0 
788 0 
789 0 
790 0 
791 0 
792 0 
793 0 
794 0 
795 0 
796 0 
797 0 
798 0 
799 0 
