0 0 
1 0 
2 0 
3 0 
4 0 
5 0 
6 0 
7 0 
8 0 
9 0 
10 0 
11 0 
12 0 
13 0 
14 0 
15 0 
16 0 
17 0 
18 0 
19 0 
20 0 
21 0 
22 0 
23 0 
24 0 
25 0 
26 0 
27 0 
28 0 
29 0 
30 0 
31 0 
32 0 
33 0 
34 0 
35 0 
36 0 
37 0 
38 0 
39 0 
40 0 
41 0 
42 0 
43 0 
44 0 
45 0 
46 0 
47 0 
48 0 
49 0 
50 0 
51 0 
52 0 
53 0 
54 0 
55 0 
56 0 
57 0 
58 0 
59 0 
60 0 
61 0 
62 0 
63 0 
64 0 
65 0 
66 0 
67 0 
68 0 
69 0 
70 0 
71 0 
72 0 
73 0 
74 0 
75 0 
76 0 
77 0 
78 0 
79 0 
80 0 
81 0 
82 0 
83 0 
84 0 
85 0 
86 0 
87 0 
88 0 
89 0 
90 0 
91 0 
92 0 
93 0 
94 0 
95 0 
96 0 
97 0 
98 0 
99 0 
100 0 
101 0 
102 0 
103 0 
104 0 
105 0 
106 0 
107 0 
108 0 
109 0 
110 0 
111 0 
112 0 
113 0 
114 0 
115 0 
116 0 
117 0 
118 0 
119 0 
120 0 
121 0 
122 0 
123 0 
124 0 
125 0 
126 0 
127 0 
128 0 
129 0 
130 0 
131 0 
132 0 
133 0 
134 0 
135 0 
136 0 
137 0 
138 0 
139 0 
140 0 
141 0 
142 0 
143 0 
144 0 
145 0 
146 0 
147 0 
148 0 
149 0 
150 0 
151 0 
152 0 
153 0 
154 0 
155 0 
156 0 
157 0 
158 0 
159 0 
160 0 
161 0 
162 0 
163 0 
164 0 
165 0 
166 0 
167 0 
168 0 
169 0 
170 0 
171 0 
172 0 
173 0 
174 0 
175 0 
176 0 
177 0 
178 0 
179 0 
180 0 
181 0 
182 0 
183 0 
184 0 
185 0 
186 0 
187 0 
188 0 
189 0 
190 0 
191 0 
192 0 
193 0 
194 0 
195 0 
196 0 
197 0 
198 0 
199 0 
200 0 
201 0 
202 0 
203 0 
204 0 
205 0 
206 0 
207 0 
208 0 
209 0 
210 0 
211 0 
212 0 
213 0 
214 0 
215 0 
216 0 
217 0 
218 0 
219 0 
220 0 
221 0 
222 0 
223 0 
224 0 
225 0 
226 0 
227 0 
228 0 
229 0 
230 0 
231 0 
232 0 
233 0 
234 3 
235 41 
236 210 
237 623 
238 1327 
239 2161 
240 3844 
241 7384 
242 12318 
243 21151 
244 31327 
245 39958 
246 53134 
247 77859 
248 114021 
249 163788 
250 231887 
251 328172 
252 466870 
253 635002 
254 815070 
255 997482 
256 1.17552e+06 
257 1.37658e+06 
258 1.61245e+06 
259 1.87561e+06 
260 2.1452e+06 
261 2.45376e+06 
262 2.76654e+06 
263 3.05601e+06 
264 3.34133e+06 
265 3.63166e+06 
266 3.94794e+06 
267 4.3002e+06 
268 4.68899e+06 
269 5.10514e+06 
270 5.56648e+06 
271 6.09561e+06 
272 6.7679e+06 
273 7.54718e+06 
274 8.42289e+06 
275 9.45031e+06 
276 1.0643e+07 
277 1.19224e+07 
278 1.32543e+07 
279 1.46025e+07 
280 1.60678e+07 
281 1.75828e+07 
282 1.91006e+07 
283 2.05143e+07 
284 2.17453e+07 
285 2.28428e+07 
286 2.38705e+07 
287 2.47631e+07 
288 2.54444e+07 
289 2.59107e+07 
290 2.61385e+07 
291 2.62574e+07 
292 2.63899e+07 
293 2.65941e+07 
294 2.69143e+07 
295 2.74219e+07 
296 2.80096e+07 
297 2.87453e+07 
298 2.95574e+07 
299 3.03782e+07 
300 3.10759e+07 
301 3.17419e+07 
302 3.2368e+07 
303 3.29658e+07 
304 3.34548e+07 
305 3.37438e+07 
306 3.38373e+07 
307 3.39225e+07 
308 3.39032e+07 
309 3.38503e+07 
310 3.37704e+07 
311 3.35711e+07 
312 3.30777e+07 
313 3.21953e+07 
314 3.09277e+07 
315 2.9414e+07 
316 2.78036e+07 
317 2.62274e+07 
318 2.48196e+07 
319 2.35921e+07 
320 2.25405e+07 
321 2.1723e+07 
322 2.1066e+07 
323 2.05942e+07 
324 2.0329e+07 
325 2.02137e+07 
326 2.037e+07 
327 2.08571e+07 
328 2.16102e+07 
329 2.26193e+07 
330 2.38287e+07 
331 2.52481e+07 
332 2.68559e+07 
333 2.85244e+07 
334 3.02834e+07 
335 3.20995e+07 
336 3.39525e+07 
337 3.57473e+07 
338 3.74123e+07 
339 3.88674e+07 
340 4.01644e+07 
341 4.14548e+07 
342 4.2667e+07 
343 4.38443e+07 
344 4.51049e+07 
345 4.65566e+07 
346 4.81578e+07 
347 4.99634e+07 
348 5.18878e+07 
349 5.39923e+07 
350 5.6137e+07 
351 5.8256e+07 
352 6.02798e+07 
353 6.21604e+07 
354 6.39702e+07 
355 6.57387e+07 
356 6.75946e+07 
357 6.9687e+07 
358 7.18929e+07 
359 7.42064e+07 
360 7.65703e+07 
361 7.89307e+07 
362 8.11639e+07 
363 8.33331e+07 
364 8.54053e+07 
365 8.72825e+07 
366 8.88746e+07 
367 9.03262e+07 
368 9.17855e+07 
369 9.3328e+07 
370 9.50057e+07 
371 9.68936e+07 
372 9.87696e+07 
373 1.0057e+08 
374 1.02507e+08 
375 1.04898e+08 
376 1.07772e+08 
377 1.10961e+08 
378 1.13939e+08 
379 1.16596e+08 
380 1.18901e+08 
381 1.20788e+08 
382 1.22488e+08 
383 1.23905e+08 
384 1.24954e+08 
385 1.25679e+08 
386 1.26196e+08 
387 1.26428e+08 
388 1.2652e+08 
389 1.26412e+08 
390 1.26369e+08 
391 1.26354e+08 
392 1.2619e+08 
393 1.25824e+08 
394 1.24904e+08 
395 1.2327e+08 
396 1.20893e+08 
397 1.17914e+08 
398 1.14891e+08 
399 1.12079e+08 
400 1.09574e+08 
401 1.07181e+08 
402 1.0486e+08 
403 1.02372e+08 
404 9.97954e+07 
405 9.73626e+07 
406 9.52414e+07 
407 9.36564e+07 
408 9.26024e+07 
409 9.20037e+07 
410 9.17413e+07 
411 9.17421e+07 
412 9.19385e+07 
413 9.22399e+07 
414 9.25311e+07 
415 9.27844e+07 
416 9.29147e+07 
417 9.27672e+07 
418 9.23679e+07 
419 9.16773e+07 
420 9.06548e+07 
421 8.94007e+07 
422 8.80647e+07 
423 8.64931e+07 
424 8.47774e+07 
425 8.28655e+07 
426 8.09011e+07 
427 7.87841e+07 
428 7.65994e+07 
429 7.42032e+07 
430 7.14888e+07 
431 6.85362e+07 
432 6.55544e+07 
433 6.26458e+07 
434 5.986e+07 
435 5.73091e+07 
436 5.50759e+07 
437 5.31065e+07 
438 5.13356e+07 
439 4.98628e+07 
440 4.85821e+07 
441 4.7414e+07 
442 4.65121e+07 
443 4.59565e+07 
444 4.57315e+07 
445 4.57544e+07 
446 4.58009e+07 
447 4.58429e+07 
448 4.58341e+07 
449 4.58044e+07 
450 4.57319e+07 
451 4.56695e+07 
452 4.56712e+07 
453 4.58369e+07 
454 4.61962e+07 
455 4.67581e+07 
456 4.75867e+07 
457 4.8692e+07 
458 5.01357e+07 
459 5.19404e+07 
460 5.3964e+07 
461 5.62668e+07 
462 5.87946e+07 
463 6.16501e+07 
464 6.48129e+07 
465 6.80855e+07 
466 7.13475e+07 
467 7.43944e+07 
468 7.7147e+07 
469 7.94941e+07 
470 8.14597e+07 
471 8.31498e+07 
472 8.43576e+07 
473 8.51317e+07 
474 8.57458e+07 
475 8.61988e+07 
476 8.63495e+07 
477 8.6166e+07 
478 8.56129e+07 
479 8.47603e+07 
480 8.37483e+07 
481 8.24303e+07 
482 8.0758e+07 
483 7.88293e+07 
484 7.69037e+07 
485 7.50785e+07 
486 7.36392e+07 
487 7.26553e+07 
488 7.19057e+07 
489 7.13763e+07 
490 7.09449e+07 
491 7.05397e+07 
492 7.00333e+07 
493 6.94916e+07 
494 6.88762e+07 
495 6.79522e+07 
496 6.68586e+07 
497 6.58027e+07 
498 6.49752e+07 
499 6.4393e+07 
500 6.40876e+07 
501 6.40803e+07 
502 6.42676e+07 
503 6.45562e+07 
504 6.49268e+07 
505 6.5254e+07 
506 6.55601e+07 
507 6.5873e+07 
508 6.61989e+07 
509 6.66051e+07 
510 6.71459e+07 
511 6.79487e+07 
512 6.89155e+07 
513 7.01416e+07 
514 7.1585e+07 
515 7.30373e+07 
516 7.44101e+07 
517 7.55154e+07 
518 7.62078e+07 
519 7.65476e+07 
520 7.64558e+07 
521 7.58065e+07 
522 7.46701e+07 
523 7.30272e+07 
524 7.10659e+07 
525 6.89944e+07 
526 6.67582e+07 
527 6.42681e+07 
528 6.16555e+07 
529 5.89187e+07 
530 5.61539e+07 
531 5.34395e+07 
532 5.06796e+07 
533 4.80101e+07 
534 4.55119e+07 
535 4.31119e+07 
536 4.08026e+07 
537 3.87204e+07 
538 3.68984e+07 
539 3.52917e+07 
540 3.39258e+07 
541 3.27546e+07 
542 3.18262e+07 
543 3.11532e+07 
544 3.06862e+07 
545 3.03369e+07 
546 3.01415e+07 
547 3.00558e+07 
548 2.99589e+07 
549 2.99267e+07 
550 3.01222e+07 
551 3.05394e+07 
552 3.10545e+07 
553 3.17518e+07 
554 3.25369e+07 
555 3.34584e+07 
556 3.45285e+07 
557 3.57008e+07 
558 3.69016e+07 
559 3.80434e+07 
560 3.90929e+07 
561 4.01148e+07 
562 4.11314e+07 
563 4.21156e+07 
564 4.30567e+07 
565 4.38827e+07 
566 4.48012e+07 
567 4.58416e+07 
568 4.69584e+07 
569 4.80368e+07 
570 4.88914e+07 
571 4.95847e+07 
572 5.02327e+07 
573 5.08734e+07 
574 5.15598e+07 
575 5.21455e+07 
576 5.26285e+07 
577 5.31064e+07 
578 5.34902e+07 
579 5.39293e+07 
580 5.4549e+07 
581 5.53019e+07 
582 5.61792e+07 
583 5.71144e+07 
584 5.8191e+07 
585 5.94572e+07 
586 6.08617e+07 
587 6.20977e+07 
588 6.31272e+07 
589 6.38416e+07 
590 6.43452e+07 
591 6.46873e+07 
592 6.48422e+07 
593 6.48236e+07 
594 6.46458e+07 
595 6.43441e+07 
596 6.3874e+07 
597 6.33372e+07 
598 6.26283e+07 
599 6.19689e+07 
600 6.14755e+07 
601 6.104e+07 
602 6.06224e+07 
603 6.01237e+07 
604 5.95113e+07 
605 5.87682e+07 
606 5.79177e+07 
607 5.69848e+07 
608 5.59712e+07 
609 5.49137e+07 
610 5.36419e+07 
611 5.23249e+07 
612 5.1028e+07 
613 4.99037e+07 
614 4.90028e+07 
615 4.82661e+07 
616 4.77261e+07 
617 4.74616e+07 
618 4.73118e+07 
619 4.71554e+07 
620 4.70667e+07 
621 4.69588e+07 
622 4.69755e+07 
623 4.70885e+07 
624 4.7238e+07 
625 4.72752e+07 
626 4.70249e+07 
627 4.64641e+07 
628 4.55894e+07 
629 4.44301e+07 
630 4.29564e+07 
631 4.13826e+07 
632 3.97961e+07 
633 3.82455e+07 
634 3.66981e+07 
635 3.51035e+07 
636 3.34887e+07 
637 3.18828e+07 
638 3.03206e+07 
639 2.886e+07 
640 2.75148e+07 
641 2.63878e+07 
642 2.54819e+07 
643 2.47968e+07 
644 2.42456e+07 
645 2.37817e+07 
646 2.33906e+07 
647 2.30786e+07 
648 2.28899e+07 
649 2.28582e+07 
650 2.29992e+07 
651 2.32641e+07 
652 2.36834e+07 
653 2.43314e+07 
654 2.52497e+07 
655 2.63051e+07 
656 2.73405e+07 
657 2.82009e+07 
658 2.88869e+07 
659 2.94025e+07 
660 2.98107e+07 
661 3.00866e+07 
662 3.0183e+07 
663 3.02352e+07 
664 3.03212e+07 
665 3.05774e+07 
666 3.11104e+07 
667 3.1872e+07 
668 3.27746e+07 
669 3.37707e+07 
670 3.47872e+07 
671 3.58221e+07 
672 3.67927e+07 
673 3.77175e+07 
674 3.84784e+07 
675 3.89517e+07 
676 3.90872e+07 
677 3.90056e+07 
678 3.86323e+07 
679 3.80253e+07 
680 3.71834e+07 
681 3.62809e+07 
682 3.54688e+07 
683 3.47966e+07 
684 3.41365e+07 
685 3.35222e+07 
686 3.27698e+07 
687 3.1878e+07 
688 3.1018e+07 
689 3.02793e+07 
690 2.95947e+07 
691 2.89984e+07 
692 2.85551e+07 
693 2.82738e+07 
694 2.81633e+07 
695 2.81859e+07 
696 2.83807e+07 
697 2.87647e+07 
698 2.93581e+07 
699 3.00097e+07 
700 3.0735e+07 
701 3.12751e+07 
702 3.16746e+07 
703 3.19528e+07 
704 3.21271e+07 
705 3.21218e+07 
706 3.20304e+07 
707 3.19096e+07 
708 3.16954e+07 
709 3.15174e+07 
710 3.14133e+07 
711 3.12788e+07 
712 3.10094e+07 
713 3.07082e+07 
714 3.04142e+07 
715 3.00491e+07 
716 2.95558e+07 
717 2.89251e+07 
718 2.8261e+07 
719 2.76672e+07 
720 2.71295e+07 
721 2.67469e+07 
722 2.65545e+07 
723 2.64165e+07 
724 2.62991e+07 
725 2.61113e+07 
726 2.59127e+07 
727 2.5728e+07 
728 2.55574e+07 
729 2.54137e+07 
730 2.5241e+07 
731 2.49644e+07 
732 2.45783e+07 
733 2.41013e+07 
734 2.36153e+07 
735 2.30789e+07 
736 2.25584e+07 
737 2.20154e+07 
738 2.14147e+07 
739 2.07897e+07 
740 2.01145e+07 
741 1.95117e+07 
742 1.90284e+07 
743 1.86654e+07 
744 1.83594e+07 
745 1.81328e+07 
746 1.79215e+07 
747 1.76607e+07 
748 1.73543e+07 
749 1.71354e+07 
750 1.70941e+07 
751 1.72635e+07 
752 1.75824e+07 
753 1.80114e+07 
754 1.85556e+07 
755 1.92362e+07 
756 1.99543e+07 
757 2.06532e+07 
758 2.11886e+07 
759 2.15228e+07 
760 2.16698e+07 
761 2.1573e+07 
762 2.13141e+07 
763 2.09128e+07 
764 2.04455e+07 
765 1.98907e+07 
766 1.92453e+07 
767 1.85452e+07 
768 1.78328e+07 
769 1.71215e+07 
770 1.6482e+07 
771 1.59525e+07 
772 1.561e+07 
773 1.54605e+07 
774 1.54278e+07 
775 1.53613e+07 
776 1.52021e+07 
777 1.50462e+07 
778 1.49647e+07 
779 1.49661e+07 
780 1.49981e+07 
781 1.50244e+07 
782 1.50512e+07 
783 1.51171e+07 
784 1.51284e+07 
785 1.50198e+07 
786 1.46469e+07 
787 1.39757e+07 
788 1.30022e+07 
789 1.17742e+07 
790 1.03319e+07 
791 8.80393e+06 
792 7.29829e+06 
793 5.87606e+06 
794 4.58472e+06 
795 3.3894e+06 
796 2.29717e+06 
797 1.36446e+06 
798 651130 
799 203062 
