0 0 
1 0 
2 0 
3 0 
4 0 
5 0 
6 0 
7 0 
8 0 
9 0 
10 0 
11 0 
12 0 
13 0 
14 0 
15 0 
16 0 
17 0 
18 0 
19 0 
20 0 
21 0 
22 0 
23 0 
24 0 
25 0 
26 0 
27 0 
28 0 
29 0 
30 0 
31 0 
32 0 
33 0 
34 0 
35 0 
36 0 
37 0 
38 0 
39 0 
40 0 
41 0 
42 0 
43 0 
44 0 
45 0 
46 1 
47 30 
48 263 
49 1333 
50 4544 
51 10583 
52 21347 
53 42255 
54 80798 
55 142185 
56 226519 
57 335182 
58 480640 
59 673480 
60 913201 
61 1.20307e+06 
62 1.55632e+06 
63 1.98395e+06 
64 2.49934e+06 
65 3.14807e+06 
66 3.94624e+06 
67 4.87186e+06 
68 5.92234e+06 
69 7.08911e+06 
70 8.38174e+06 
71 9.80844e+06 
72 1.13451e+07 
73 1.29274e+07 
74 1.45408e+07 
75 1.61318e+07 
76 1.76267e+07 
77 1.89739e+07 
78 2.02178e+07 
79 2.13595e+07 
80 2.23779e+07 
81 2.32812e+07 
82 2.40515e+07 
83 2.4764e+07 
84 2.54323e+07 
85 2.61096e+07 
86 2.68319e+07 
87 2.77091e+07 
88 2.86795e+07 
89 2.97589e+07 
90 3.09833e+07 
91 3.2368e+07 
92 3.39238e+07 
93 3.56348e+07 
94 3.74171e+07 
95 3.9262e+07 
96 4.11951e+07 
97 4.31732e+07 
98 4.50545e+07 
99 4.65737e+07 
100 4.76261e+07 
101 4.81263e+07 
102 4.80953e+07 
103 4.76269e+07 
104 4.68202e+07 
105 4.57425e+07 
106 4.44062e+07 
107 4.30512e+07 
108 4.17718e+07 
109 4.06294e+07 
110 3.95103e+07 
111 3.83272e+07 
112 3.71083e+07 
113 3.58536e+07 
114 3.4755e+07 
115 3.39655e+07 
116 3.35613e+07 
117 3.35019e+07 
118 3.36712e+07 
119 3.39296e+07 
120 3.42401e+07 
121 3.47191e+07 
122 3.54029e+07 
123 3.63456e+07 
124 3.74649e+07 
125 3.88438e+07 
126 4.03192e+07 
127 4.18795e+07 
128 4.35219e+07 
129 4.51868e+07 
130 4.66765e+07 
131 4.79755e+07 
132 4.90543e+07 
133 4.99171e+07 
134 5.05033e+07 
135 5.09081e+07 
136 5.11949e+07 
137 5.13444e+07 
138 5.14382e+07 
139 5.13662e+07 
140 5.10973e+07 
141 5.05683e+07 
142 4.97713e+07 
143 4.88796e+07 
144 4.79592e+07 
145 4.70767e+07 
146 4.63178e+07 
147 4.55664e+07 
148 4.46203e+07 
149 4.33847e+07 
150 4.19075e+07 
151 4.02882e+07 
152 3.86141e+07 
153 3.69513e+07 
154 3.52471e+07 
155 3.35942e+07 
156 3.21136e+07 
157 3.09109e+07 
158 3.0012e+07 
159 2.93028e+07 
160 2.86546e+07 
161 2.79647e+07 
162 2.72466e+07 
163 2.65639e+07 
164 2.58526e+07 
165 2.51911e+07 
166 2.46722e+07 
167 2.42783e+07 
168 2.39582e+07 
169 2.36694e+07 
170 2.34702e+07 
171 2.33163e+07 
172 2.32613e+07 
173 2.32168e+07 
174 2.31635e+07 
175 2.31297e+07 
176 2.31553e+07 
177 2.31983e+07 
178 2.3183e+07 
179 2.30894e+07 
180 2.29086e+07 
181 2.26747e+07 
182 2.23904e+07 
183 2.19631e+07 
184 2.14228e+07 
185 2.08144e+07 
186 2.00628e+07 
187 1.91833e+07 
188 1.82049e+07 
189 1.71253e+07 
190 1.60036e+07 
191 1.4934e+07 
192 1.39997e+07 
193 1.32441e+07 
194 1.26431e+07 
195 1.21161e+07 
196 1.1561e+07 
197 1.09105e+07 
198 1.01468e+07 
199 9.31163e+06 
200 8.54671e+06 
201 7.94515e+06 
202 7.57359e+06 
203 7.42338e+06 
204 7.47794e+06 
205 7.65956e+06 
206 7.92375e+06 
207 8.29835e+06 
208 8.79514e+06 
209 9.36842e+06 
210 9.99082e+06 
211 1.06275e+07 
212 1.12635e+07 
213 1.18943e+07 
214 1.25725e+07 
215 1.32751e+07 
216 1.40183e+07 
217 1.48176e+07 
218 1.56154e+07 
219 1.64285e+07 
220 1.73535e+07 
221 1.83468e+07 
222 1.93785e+07 
223 2.03754e+07 
224 2.13348e+07 
225 2.22329e+07 
226 2.29879e+07 
227 2.35318e+07 
228 2.37747e+07 
229 2.37962e+07 
230 2.37036e+07 
231 2.35142e+07 
232 2.33229e+07 
233 2.30689e+07 
234 2.2704e+07 
235 2.22794e+07 
236 2.18248e+07 
237 2.13651e+07 
238 2.08695e+07 
239 2.03279e+07 
240 1.97109e+07 
241 1.89972e+07 
242 1.82156e+07 
243 1.73723e+07 
244 1.64572e+07 
245 1.54742e+07 
246 1.43497e+07 
247 1.31736e+07 
248 1.20508e+07 
249 1.10493e+07 
250 1.01517e+07 
251 9.32156e+06 
252 8.5718e+06 
253 7.99397e+06 
254 7.61531e+06 
255 7.49813e+06 
256 7.54289e+06 
257 7.67165e+06 
258 7.87871e+06 
259 8.13288e+06 
260 8.41533e+06 
261 8.72318e+06 
262 9.0773e+06 
263 9.50955e+06 
264 9.96505e+06 
265 1.03535e+07 
266 1.07237e+07 
267 1.10717e+07 
268 1.13863e+07 
269 1.17137e+07 
270 1.2036e+07 
271 1.22863e+07 
272 1.23988e+07 
273 1.23189e+07 
274 1.19887e+07 
275 1.15031e+07 
276 1.09592e+07 
277 1.04241e+07 
278 9.94471e+06 
279 9.61394e+06 
280 9.43318e+06 
281 9.34675e+06 
282 9.39405e+06 
283 9.691e+06 
284 1.02018e+07 
285 1.08811e+07 
286 1.17282e+07 
287 1.26603e+07 
288 1.35714e+07 
289 1.4411e+07 
290 1.51918e+07 
291 1.59123e+07 
292 1.65746e+07 
293 1.71061e+07 
294 1.74972e+07 
295 1.78142e+07 
296 1.80926e+07 
297 1.83967e+07 
298 1.87899e+07 
299 1.92491e+07 
300 1.96744e+07 
301 2.00129e+07 
302 2.02318e+07 
303 2.04005e+07 
304 2.06269e+07 
305 2.09788e+07 
306 2.15514e+07 
307 2.23781e+07 
308 2.34784e+07 
309 2.48858e+07 
310 2.65684e+07 
311 2.84793e+07 
312 3.0573e+07 
313 3.29137e+07 
314 3.54934e+07 
315 3.83126e+07 
316 4.13467e+07 
317 4.45123e+07 
318 4.76649e+07 
319 5.0582e+07 
320 5.31119e+07 
321 5.51698e+07 
322 5.6991e+07 
323 5.85702e+07 
324 6.00219e+07 
325 6.12328e+07 
326 6.21383e+07 
327 6.26714e+07 
328 6.28838e+07 
329 6.28039e+07 
330 6.2409e+07 
331 6.15823e+07 
332 6.03057e+07 
333 5.8676e+07 
334 5.66454e+07 
335 5.44935e+07 
336 5.24295e+07 
337 5.06482e+07 
338 4.91333e+07 
339 4.77981e+07 
340 4.67749e+07 
341 4.60493e+07 
342 4.56273e+07 
343 4.55181e+07 
344 4.58021e+07 
345 4.64624e+07 
346 4.71762e+07 
347 4.78298e+07 
348 4.85446e+07 
349 4.94296e+07 
350 5.06632e+07 
351 5.23304e+07 
352 5.4273e+07 
353 5.62206e+07 
354 5.81757e+07 
355 6.03302e+07 
356 6.28418e+07 
357 6.57187e+07 
358 6.90432e+07 
359 7.27646e+07 
360 7.66716e+07 
361 8.06349e+07 
362 8.464e+07 
363 8.8817e+07 
364 9.31451e+07 
365 9.74454e+07 
366 1.01587e+08 
367 1.0563e+08 
368 1.09565e+08 
369 1.13349e+08 
370 1.16966e+08 
371 1.20523e+08 
372 1.24068e+08 
373 1.2761e+08 
374 1.31312e+08 
375 1.35264e+08 
376 1.39524e+08 
377 1.44129e+08 
378 1.49078e+08 
379 1.54318e+08 
380 1.59828e+08 
381 1.65501e+08 
382 1.71411e+08 
383 1.77499e+08 
384 1.83496e+08 
385 1.89272e+08 
386 1.94741e+08 
387 1.99843e+08 
388 2.0463e+08 
389 2.08755e+08 
390 2.12448e+08 
391 2.15772e+08 
392 2.18361e+08 
393 2.20308e+08 
394 2.21901e+08 
395 2.23212e+08 
396 2.24348e+08 
397 2.24991e+08 
398 2.24808e+08 
399 2.23881e+08 
400 2.22238e+08 
401 2.19933e+08 
402 2.16766e+08 
403 2.12805e+08 
404 2.08148e+08 
405 2.02951e+08 
406 1.97536e+08 
407 1.92441e+08 
408 1.87758e+08 
409 1.83131e+08 
410 1.78447e+08 
411 1.73745e+08 
412 1.69029e+08 
413 1.64377e+08 
414 1.59498e+08 
415 1.54484e+08 
416 1.49321e+08 
417 1.44058e+08 
418 1.3897e+08 
419 1.34201e+08 
420 1.30053e+08 
421 1.26817e+08 
422 1.2433e+08 
423 1.22348e+08 
424 1.20432e+08 
425 1.18399e+08 
426 1.16407e+08 
427 1.14674e+08 
428 1.13201e+08 
429 1.12016e+08 
430 1.11054e+08 
431 1.10189e+08 
432 1.09442e+08 
433 1.08592e+08 
434 1.07618e+08 
435 1.06646e+08 
436 1.05729e+08 
437 1.04869e+08 
438 1.03868e+08 
439 1.02781e+08 
440 1.01814e+08 
441 1.01281e+08 
442 1.0126e+08 
443 1.01398e+08 
444 1.01488e+08 
445 1.01287e+08 
446 1.00757e+08 
447 9.99008e+07 
448 9.87479e+07 
449 9.75923e+07 
450 9.6408e+07 
451 9.51588e+07 
452 9.397e+07 
453 9.2567e+07 
454 9.09219e+07 
455 8.90589e+07 
456 8.71709e+07 
457 8.52551e+07 
458 8.3332e+07 
459 8.12838e+07 
460 7.90868e+07 
461 7.67521e+07 
462 7.45355e+07 
463 7.25117e+07 
464 7.06381e+07 
465 6.89301e+07 
466 6.74589e+07 
467 6.62603e+07 
468 6.52368e+07 
469 6.43156e+07 
470 6.36526e+07 
471 6.33327e+07 
472 6.34116e+07 
473 6.3674e+07 
474 6.40858e+07 
475 6.45057e+07 
476 6.48048e+07 
477 6.48912e+07 
478 6.48272e+07 
479 6.46119e+07 
480 6.4317e+07 
481 6.38065e+07 
482 6.29774e+07 
483 6.17943e+07 
484 6.03832e+07 
485 5.88175e+07 
486 5.71715e+07 
487 5.54813e+07 
488 5.39781e+07 
489 5.28088e+07 
490 5.18189e+07 
491 5.08412e+07 
492 4.98198e+07 
493 4.85727e+07 
494 4.73127e+07 
495 4.60309e+07 
496 4.47033e+07 
497 4.31892e+07 
498 4.151e+07 
499 3.94839e+07 
500 3.72144e+07 
501 3.47906e+07 
502 3.24166e+07 
503 3.00684e+07 
504 2.76962e+07 
505 2.53048e+07 
506 2.29882e+07 
507 2.0799e+07 
508 1.87764e+07 
509 1.69073e+07 
510 1.52133e+07 
511 1.36022e+07 
512 1.20692e+07 
513 1.07584e+07 
514 9.68042e+06 
515 8.87895e+06 
516 8.31581e+06 
517 7.94008e+06 
518 7.79989e+06 
519 7.91032e+06 
520 8.18909e+06 
521 8.65188e+06 
522 9.2402e+06 
523 9.88511e+06 
524 1.05121e+07 
525 1.1198e+07 
526 1.19485e+07 
527 1.26302e+07 
528 1.31485e+07 
529 1.34675e+07 
530 1.36184e+07 
531 1.36114e+07 
532 1.3483e+07 
533 1.33268e+07 
534 1.30877e+07 
535 1.27038e+07 
536 1.21941e+07 
537 1.16037e+07 
538 1.09214e+07 
539 1.01989e+07 
540 9.44048e+06 
541 8.72779e+06 
542 8.04119e+06 
543 7.36359e+06 
544 6.67447e+06 
545 5.96886e+06 
546 5.28732e+06 
547 4.67882e+06 
548 4.13487e+06 
549 3.66004e+06 
550 3.22098e+06 
551 2.80852e+06 
552 2.41354e+06 
553 2.04978e+06 
554 1.74204e+06 
555 1.4878e+06 
556 1.26092e+06 
557 1.05222e+06 
558 856305 
559 673215 
560 506152 
561 362379 
562 246962 
563 163828 
564 103254 
565 60952 
566 32684 
567 17078 
568 8344 
569 3987 
570 1714 
571 629 
572 192 
573 19 
574 7 
575 0 
576 0 
577 0 
578 0 
579 0 
580 0 
581 0 
582 0 
583 0 
584 0 
585 0 
586 0 
587 0 
588 0 
589 0 
590 0 
591 0 
592 0 
593 0 
594 0 
595 0 
596 0 
597 0 
598 0 
599 0 
600 0 
601 0 
602 0 
603 0 
604 0 
605 0 
606 0 
607 0 
608 0 
609 0 
610 0 
611 0 
612 0 
613 0 
614 0 
615 0 
616 0 
617 0 
618 0 
619 0 
620 0 
621 0 
622 0 
623 0 
624 0 
625 0 
626 0 
627 0 
628 0 
629 0 
630 0 
631 0 
632 0 
633 0 
634 0 
635 0 
636 0 
637 0 
638 0 
639 0 
640 0 
641 0 
642 0 
643 0 
644 0 
645 0 
646 0 
647 0 
648 0 
649 0 
650 0 
651 0 
652 0 
653 0 
654 0 
655 0 
656 0 
657 0 
658 0 
659 0 
660 0 
661 0 
662 0 
663 0 
664 0 
665 0 
666 0 
667 0 
668 0 
669 0 
670 0 
671 0 
672 0 
673 0 
674 0 
675 0 
676 0 
677 0 
678 0 
679 0 
680 0 
681 0 
682 0 
683 0 
684 0 
685 0 
686 0 
687 0 
688 0 
689 0 
690 0 
691 0 
692 0 
693 0 
694 0 
695 0 
696 0 
697 0 
698 0 
699 0 
700 0 
701 0 
702 0 
703 0 
704 0 
705 0 
706 0 
707 0 
708 0 
709 0 
710 0 
711 0 
712 0 
713 0 
714 0 
715 0 
716 0 
717 0 
718 0 
719 0 
720 0 
721 0 
722 0 
723 0 
724 0 
725 0 
726 0 
727 0 
728 0 
729 0 
730 0 
731 0 
732 0 
733 0 
734 0 
735 0 
736 0 
737 0 
738 0 
739 0 
740 0 
741 0 
742 0 
743 0 
744 0 
745 0 
746 0 
747 0 
748 0 
749 0 
750 0 
751 0 
752 0 
753 0 
754 0 
755 0 
756 0 
757 0 
758 0 
759 0 
760 0 
761 0 
762 0 
763 0 
764 0 
765 0 
766 0 
767 0 
768 0 
769 0 
770 0 
771 0 
772 0 
773 0 
774 0 
775 0 
776 0 
777 0 
778 0 
779 0 
780 0 
781 0 
782 0 
783 0 
784 0 
785 0 
786 0 
787 0 
788 0 
789 0 
790 0 
791 0 
792 0 
793 0 
794 0 
795 0 
796 0 
797 0 
798 0 
799 0 
