0 0 
1 0 
2 0 
3 0 
4 0 
5 0 
6 0 
7 0 
8 0 
9 0 
10 0 
11 0 
12 0 
13 0 
14 0 
15 0 
16 0 
17 0 
18 0 
19 0 
20 0 
21 0 
22 0 
23 0 
24 0 
25 0 
26 0 
27 0 
28 0 
29 0 
30 0 
31 0 
32 0 
33 0 
34 0 
35 0 
36 0 
37 0 
38 0 
39 0 
40 0 
41 0 
42 0 
43 0 
44 0 
45 0 
46 0 
47 0 
48 0 
49 0 
50 0 
51 0 
52 0 
53 0 
54 0 
55 0 
56 0 
57 0 
58 0 
59 0 
60 0 
61 0 
62 0 
63 0 
64 0 
65 0 
66 0 
67 0 
68 0 
69 0 
70 0 
71 0 
72 0 
73 0 
74 0 
75 0 
76 0 
77 0 
78 0 
79 0 
80 0 
81 0 
82 0 
83 0 
84 0 
85 0 
86 0 
87 0 
88 1 
89 54 
90 531 
91 2042 
92 5161 
93 10933 
94 22442 
95 37064 
96 58089 
97 93284 
98 149293 
99 240548 
100 373307 
101 557749 
102 792912 
103 1.09282e+06 
104 1.46506e+06 
105 1.9102e+06 
106 2.41219e+06 
107 2.94774e+06 
108 3.52922e+06 
109 4.08746e+06 
110 4.61421e+06 
111 5.04823e+06 
112 5.41808e+06 
113 5.74145e+06 
114 6.03731e+06 
115 6.32322e+06 
116 6.63022e+06 
117 6.99269e+06 
118 7.41262e+06 
119 7.93887e+06 
120 8.54771e+06 
121 9.26934e+06 
122 1.01005e+07 
123 1.11095e+07 
124 1.22784e+07 
125 1.35487e+07 
126 1.48751e+07 
127 1.61548e+07 
128 1.73269e+07 
129 1.83613e+07 
130 1.92142e+07 
131 1.98331e+07 
132 2.02177e+07 
133 2.0401e+07 
134 2.05051e+07 
135 2.06894e+07 
136 2.10763e+07 
137 2.16857e+07 
138 2.24834e+07 
139 2.34597e+07 
140 2.4679e+07 
141 2.60643e+07 
142 2.7548e+07 
143 2.9132e+07 
144 3.0713e+07 
145 3.22285e+07 
146 3.3612e+07 
147 3.47434e+07 
148 3.56868e+07 
149 3.65665e+07 
150 3.74788e+07 
151 3.84973e+07 
152 3.97103e+07 
153 4.11508e+07 
154 4.29281e+07 
155 4.4964e+07 
156 4.7066e+07 
157 4.91031e+07 
158 5.09517e+07 
159 5.24364e+07 
160 5.36124e+07 
161 5.44006e+07 
162 5.47759e+07 
163 5.46819e+07 
164 5.4165e+07 
165 5.3213e+07 
166 5.2002e+07 
167 5.06449e+07 
168 4.92586e+07 
169 4.80302e+07 
170 4.70258e+07 
171 4.61478e+07 
172 4.53457e+07 
173 4.46052e+07 
174 4.37992e+07 
175 4.28258e+07 
176 4.16914e+07 
177 4.048e+07 
178 3.92604e+07 
179 3.80925e+07 
180 3.69585e+07 
181 3.58344e+07 
182 3.48307e+07 
183 3.40303e+07 
184 3.35104e+07 
185 3.32682e+07 
186 3.33844e+07 
187 3.38515e+07 
188 3.46132e+07 
189 3.56018e+07 
190 3.68558e+07 
191 3.83152e+07 
192 3.99495e+07 
193 4.1636e+07 
194 4.33334e+07 
195 4.48982e+07 
196 4.63681e+07 
197 4.78316e+07 
198 4.92255e+07 
199 5.05418e+07 
200 5.17346e+07 
201 5.27584e+07 
202 5.35072e+07 
203 5.42973e+07 
204 5.52899e+07 
205 5.63604e+07 
206 5.75347e+07 
207 5.88816e+07 
208 6.03625e+07 
209 6.19173e+07 
210 6.34351e+07 
211 6.4894e+07 
212 6.6357e+07 
213 6.7766e+07 
214 6.89417e+07 
215 6.98397e+07 
216 7.04819e+07 
217 7.10866e+07 
218 7.15228e+07 
219 7.17936e+07 
220 7.19772e+07 
221 7.21182e+07 
222 7.21615e+07 
223 7.20762e+07 
224 7.18406e+07 
225 7.13133e+07 
226 7.04087e+07 
227 6.93147e+07 
228 6.83531e+07 
229 6.76167e+07 
230 6.7123e+07 
231 6.67957e+07 
232 6.67014e+07 
233 6.68118e+07 
234 6.72677e+07 
235 6.79648e+07 
236 6.89457e+07 
237 7.00033e+07 
238 7.12755e+07 
239 7.28306e+07 
240 7.44988e+07 
241 7.61226e+07 
242 7.77335e+07 
243 7.94002e+07 
244 8.09819e+07 
245 8.23564e+07 
246 8.35992e+07 
247 8.47812e+07 
248 8.60125e+07 
249 8.72978e+07 
250 8.88756e+07 
251 9.08592e+07 
252 9.30261e+07 
253 9.53645e+07 
254 9.77892e+07 
255 1.00326e+08 
256 1.03085e+08 
257 1.06075e+08 
258 1.09188e+08 
259 1.12464e+08 
260 1.15969e+08 
261 1.19524e+08 
262 1.23531e+08 
263 1.27894e+08 
264 1.32463e+08 
265 1.36946e+08 
266 1.40896e+08 
267 1.44188e+08 
268 1.46792e+08 
269 1.48553e+08 
270 1.49492e+08 
271 1.49782e+08 
272 1.49756e+08 
273 1.49452e+08 
274 1.48918e+08 
275 1.48135e+08 
276 1.47158e+08 
277 1.4567e+08 
278 1.43858e+08 
279 1.41598e+08 
280 1.38846e+08 
281 1.35615e+08 
282 1.32041e+08 
283 1.28379e+08 
284 1.24744e+08 
285 1.21139e+08 
286 1.17585e+08 
287 1.14293e+08 
288 1.11419e+08 
289 1.09015e+08 
290 1.06911e+08 
291 1.04966e+08 
292 1.02943e+08 
293 1.00919e+08 
294 9.89171e+07 
295 9.69256e+07 
296 9.51018e+07 
297 9.35476e+07 
298 9.21904e+07 
299 9.10224e+07 
300 8.99649e+07 
301 8.91462e+07 
302 8.85469e+07 
303 8.79777e+07 
304 8.76896e+07 
305 8.79269e+07 
306 8.871e+07 
307 9.00481e+07 
308 9.16044e+07 
309 9.32016e+07 
310 9.47697e+07 
311 9.63529e+07 
312 9.79493e+07 
313 9.93855e+07 
314 1.00529e+08 
315 1.01601e+08 
316 1.02637e+08 
317 1.0366e+08 
318 1.04725e+08 
319 1.05815e+08 
320 1.06864e+08 
321 1.07819e+08 
322 1.08606e+08 
323 1.09053e+08 
324 1.08983e+08 
325 1.08582e+08 
326 1.07941e+08 
327 1.07157e+08 
328 1.06469e+08 
329 1.05929e+08 
330 1.05807e+08 
331 1.06179e+08 
332 1.07017e+08 
333 1.08243e+08 
334 1.09832e+08 
335 1.11739e+08 
336 1.13895e+08 
337 1.16023e+08 
338 1.18001e+08 
339 1.19591e+08 
340 1.20662e+08 
341 1.21169e+08 
342 1.21327e+08 
343 1.21351e+08 
344 1.21432e+08 
345 1.21475e+08 
346 1.21281e+08 
347 1.20954e+08 
348 1.20224e+08 
349 1.19234e+08 
350 1.17994e+08 
351 1.16571e+08 
352 1.15302e+08 
353 1.1424e+08 
354 1.13471e+08 
355 1.12851e+08 
356 1.12338e+08 
357 1.1173e+08 
358 1.10724e+08 
359 1.09405e+08 
360 1.07725e+08 
361 1.05768e+08 
362 1.03746e+08 
363 1.01723e+08 
364 9.95805e+07 
365 9.75688e+07 
366 9.56209e+07 
367 9.37207e+07 
368 9.18847e+07 
369 9.00647e+07 
370 8.83267e+07 
371 8.67726e+07 
372 8.55543e+07 
373 8.45645e+07 
374 8.40076e+07 
375 8.40617e+07 
376 8.4743e+07 
377 8.61248e+07 
378 8.7985e+07 
379 9.02232e+07 
380 9.27228e+07 
381 9.53059e+07 
382 9.7699e+07 
383 9.96954e+07 
384 1.01098e+08 
385 1.01992e+08 
386 1.02451e+08 
387 1.02453e+08 
388 1.02e+08 
389 1.0122e+08 
390 1.00181e+08 
391 9.90268e+07 
392 9.79295e+07 
393 9.71375e+07 
394 9.65228e+07 
395 9.59158e+07 
396 9.51147e+07 
397 9.4222e+07 
398 9.3097e+07 
399 9.1831e+07 
400 9.02912e+07 
401 8.87475e+07 
402 8.70687e+07 
403 8.49873e+07 
404 8.23521e+07 
405 7.9431e+07 
406 7.64453e+07 
407 7.35331e+07 
408 7.0923e+07 
409 6.85307e+07 
410 6.63526e+07 
411 6.435e+07 
412 6.24778e+07 
413 6.09034e+07 
414 5.97907e+07 
415 5.90443e+07 
416 5.86724e+07 
417 5.86396e+07 
418 5.88677e+07 
419 5.92481e+07 
420 5.96099e+07 
421 5.99535e+07 
422 6.01196e+07 
423 6.00786e+07 
424 5.9823e+07 
425 5.92861e+07 
426 5.84856e+07 
427 5.74949e+07 
428 5.6261e+07 
429 5.47733e+07 
430 5.29312e+07 
431 5.08812e+07 
432 4.87742e+07 
433 4.65519e+07 
434 4.42213e+07 
435 4.1826e+07 
436 3.92333e+07 
437 3.65828e+07 
438 3.39302e+07 
439 3.14492e+07 
440 2.92086e+07 
441 2.72355e+07 
442 2.5395e+07 
443 2.38044e+07 
444 2.2354e+07 
445 2.09891e+07 
446 1.963e+07 
447 1.83448e+07 
448 1.71699e+07 
449 1.61092e+07 
450 1.51863e+07 
451 1.43811e+07 
452 1.36647e+07 
453 1.30214e+07 
454 1.24486e+07 
455 1.19001e+07 
456 1.14001e+07 
457 1.09405e+07 
458 1.05346e+07 
459 1.01591e+07 
460 9.80493e+06 
461 9.51694e+06 
462 9.26161e+06 
463 9.03204e+06 
464 8.86879e+06 
465 8.73214e+06 
466 8.56657e+06 
467 8.36959e+06 
468 8.08941e+06 
469 7.74318e+06 
470 7.33127e+06 
471 6.87819e+06 
472 6.44194e+06 
473 6.06416e+06 
474 5.73304e+06 
475 5.44586e+06 
476 5.18655e+06 
477 4.91285e+06 
478 4.66393e+06 
479 4.44094e+06 
480 4.21912e+06 
481 3.96829e+06 
482 3.69424e+06 
483 3.42684e+06 
484 3.2139e+06 
485 3.08424e+06 
486 2.98082e+06 
487 2.85766e+06 
488 2.71253e+06 
489 2.53384e+06 
490 2.31314e+06 
491 2.05506e+06 
492 1.77436e+06 
493 1.49815e+06 
494 1.24309e+06 
495 1.0099e+06 
496 784562 
497 582394 
498 412713 
499 288630 
500 195704 
501 126223 
502 78662 
503 51872 
504 34308 
505 22033 
506 13755 
507 7717 
508 3849 
509 2171 
510 1119 
511 386 
512 87 
513 11 
514 4 
515 0 
516 0 
517 0 
518 0 
519 0 
520 0 
521 0 
522 0 
523 0 
524 0 
525 0 
526 0 
527 0 
528 0 
529 0 
530 0 
531 0 
532 0 
533 0 
534 0 
535 0 
536 0 
537 0 
538 0 
539 0 
540 0 
541 0 
542 0 
543 0 
544 0 
545 0 
546 0 
547 0 
548 0 
549 0 
550 0 
551 0 
552 0 
553 0 
554 0 
555 0 
556 0 
557 0 
558 0 
559 0 
560 0 
561 0 
562 0 
563 0 
564 0 
565 0 
566 0 
567 0 
568 0 
569 0 
570 0 
571 0 
572 0 
573 0 
574 0 
575 0 
576 0 
577 0 
578 0 
579 0 
580 0 
581 0 
582 0 
583 0 
584 0 
585 0 
586 0 
587 0 
588 0 
589 0 
590 0 
591 0 
592 0 
593 0 
594 0 
595 0 
596 0 
597 0 
598 0 
599 0 
600 0 
601 0 
602 0 
603 0 
604 0 
605 0 
606 0 
607 0 
608 0 
609 0 
610 0 
611 0 
612 0 
613 0 
614 0 
615 0 
616 0 
617 0 
618 0 
619 0 
620 0 
621 0 
622 0 
623 0 
624 0 
625 0 
626 0 
627 0 
628 0 
629 0 
630 0 
631 0 
632 0 
633 0 
634 0 
635 0 
636 0 
637 0 
638 0 
639 0 
640 0 
641 0 
642 0 
643 0 
644 0 
645 0 
646 0 
647 0 
648 0 
649 0 
650 0 
651 0 
652 0 
653 0 
654 0 
655 0 
656 0 
657 0 
658 0 
659 0 
660 0 
661 0 
662 0 
663 0 
664 0 
665 0 
666 0 
667 0 
668 0 
669 0 
670 0 
671 0 
672 0 
673 0 
674 0 
675 0 
676 0 
677 0 
678 0 
679 0 
680 0 
681 0 
682 0 
683 0 
684 0 
685 0 
686 0 
687 0 
688 0 
689 0 
690 0 
691 0 
692 0 
693 0 
694 0 
695 0 
696 0 
697 0 
698 0 
699 0 
700 0 
701 0 
702 0 
703 0 
704 0 
705 0 
706 0 
707 0 
708 0 
709 0 
710 0 
711 0 
712 0 
713 0 
714 0 
715 0 
716 0 
717 0 
718 0 
719 0 
720 0 
721 0 
722 0 
723 0 
724 0 
725 0 
726 0 
727 0 
728 0 
729 0 
730 0 
731 0 
732 0 
733 0 
734 0 
735 0 
736 0 
737 0 
738 0 
739 0 
740 0 
741 0 
742 0 
743 0 
744 0 
745 0 
746 0 
747 0 
748 0 
749 0 
750 0 
751 0 
752 0 
753 0 
754 0 
755 0 
756 0 
757 0 
758 0 
759 0 
760 0 
761 0 
762 0 
763 0 
764 0 
765 0 
766 0 
767 0 
768 0 
769 0 
770 0 
771 0 
772 0 
773 0 
774 0 
775 0 
776 0 
777 0 
778 0 
779 0 
780 0 
781 0 
782 0 
783 0 
784 0 
785 0 
786 0 
787 0 
788 0 
789 0 
790 0 
791 0 
792 0 
793 0 
794 0 
795 0 
796 0 
797 0 
798 0 
799 0 
