0 0 
1 0 
2 0 
3 0 
4 0 
5 0 
6 0 
7 0 
8 0 
9 0 
10 0 
11 0 
12 0 
13 0 
14 0 
15 0 
16 0 
17 0 
18 0 
19 0 
20 0 
21 0 
22 0 
23 0 
24 0 
25 0 
26 0 
27 0 
28 0 
29 0 
30 0 
31 0 
32 0 
33 0 
34 0 
35 0 
36 0 
37 0 
38 0 
39 0 
40 0 
41 0 
42 0 
43 0 
44 0 
45 0 
46 0 
47 0 
48 0 
49 0 
50 0 
51 0 
52 0 
53 0 
54 0 
55 0 
56 0 
57 0 
58 0 
59 0 
60 0 
61 0 
62 0 
63 0 
64 0 
65 0 
66 0 
67 0 
68 0 
69 0 
70 0 
71 0 
72 0 
73 0 
74 0 
75 0 
76 0 
77 0 
78 0 
79 0 
80 0 
81 0 
82 0 
83 0 
84 0 
85 0 
86 0 
87 0 
88 0 
89 0 
90 0 
91 0 
92 0 
93 0 
94 0 
95 0 
96 0 
97 0 
98 0 
99 0 
100 0 
101 0 
102 0 
103 0 
104 0 
105 0 
106 0 
107 0 
108 0 
109 0 
110 0 
111 0 
112 0 
113 0 
114 0 
115 0 
116 0 
117 0 
118 0 
119 0 
120 0 
121 0 
122 0 
123 0 
124 0 
125 0 
126 0 
127 0 
128 0 
129 0 
130 0 
131 0 
132 0 
133 0 
134 0 
135 0 
136 0 
137 0 
138 0 
139 0 
140 0 
141 0 
142 0 
143 0 
144 0 
145 0 
146 0 
147 0 
148 0 
149 0 
150 0 
151 0 
152 0 
153 0 
154 0 
155 0 
156 0 
157 0 
158 0 
159 0 
160 0 
161 0 
162 0 
163 0 
164 0 
165 0 
166 0 
167 0 
168 0 
169 0 
170 0 
171 0 
172 0 
173 0 
174 0 
175 0 
176 0 
177 0 
178 0 
179 0 
180 0 
181 0 
182 0 
183 0 
184 0 
185 0 
186 0 
187 0 
188 0 
189 0 
190 0 
191 0 
192 0 
193 0 
194 0 
195 0 
196 0 
197 0 
198 0 
199 0 
200 0 
201 0 
202 0 
203 0 
204 0 
205 0 
206 0 
207 0 
208 0 
209 0 
210 0 
211 0 
212 0 
213 0 
214 0 
215 0 
216 0 
217 0 
218 0 
219 0 
220 0 
221 0 
222 0 
223 0 
224 0 
225 0 
226 0 
227 0 
228 0 
229 0 
230 0 
231 0 
232 0 
233 0 
234 0 
235 0 
236 0 
237 0 
238 0 
239 0 
240 0 
241 0 
242 0 
243 0 
244 0 
245 0 
246 0 
247 0 
248 0 
249 0 
250 0 
251 0 
252 0 
253 0 
254 0 
255 0 
256 0 
257 0 
258 0 
259 0 
260 0 
261 0 
262 0 
263 0 
264 0 
265 0 
266 0 
267 0 
268 0 
269 0 
270 0 
271 0 
272 0 
273 0 
274 0 
275 0 
276 0 
277 0 
278 0 
279 0 
280 0 
281 0 
282 0 
283 0 
284 0 
285 0 
286 0 
287 0 
288 0 
289 0 
290 0 
291 0 
292 0 
293 0 
294 0 
295 0 
296 0 
297 0 
298 0 
299 0 
300 0 
301 0 
302 0 
303 0 
304 0 
305 0 
306 0 
307 0 
308 0 
309 0 
310 0 
311 0 
312 0 
313 0 
314 0 
315 0 
316 0 
317 0 
318 0 
319 0 
320 11 
321 96 
322 323 
323 1046 
324 3037 
325 8524 
326 20998 
327 46552 
328 93817 
329 173130 
330 293931 
331 471881 
332 723057 
333 1.04809e+06 
334 1.44702e+06 
335 1.91435e+06 
336 2.42561e+06 
337 2.95723e+06 
338 3.48741e+06 
339 4.0355e+06 
340 4.56138e+06 
341 5.0616e+06 
342 5.55748e+06 
343 6.12741e+06 
344 6.83765e+06 
345 7.71679e+06 
346 8.74444e+06 
347 9.90672e+06 
348 1.12018e+07 
349 1.26149e+07 
350 1.41296e+07 
351 1.56602e+07 
352 1.7116e+07 
353 1.84829e+07 
354 1.97944e+07 
355 2.11382e+07 
356 2.26365e+07 
357 2.42395e+07 
358 2.59785e+07 
359 2.78525e+07 
360 2.99031e+07 
361 3.22172e+07 
362 3.4795e+07 
363 3.75565e+07 
364 4.05581e+07 
365 4.38343e+07 
366 4.75122e+07 
367 5.17496e+07 
368 5.65546e+07 
369 6.19171e+07 
370 6.77631e+07 
371 7.42765e+07 
372 8.17182e+07 
373 8.99523e+07 
374 9.90115e+07 
375 1.08945e+08 
376 1.19915e+08 
377 1.32164e+08 
378 1.45994e+08 
379 1.6163e+08 
380 1.79308e+08 
381 1.99289e+08 
382 2.21814e+08 
383 2.46909e+08 
384 2.74617e+08 
385 3.05156e+08 
386 3.38707e+08 
387 3.7534e+08 
388 4.14797e+08 
389 4.56708e+08 
390 5.00922e+08 
391 5.46802e+08 
392 5.93738e+08 
393 6.4107e+08 
394 6.87822e+08 
395 7.33071e+08 
396 7.74514e+08 
397 8.10096e+08 
398 8.38138e+08 
399 8.56461e+08 
400 8.63676e+08 
401 8.58842e+08 
402 8.4362e+08 
403 8.19707e+08 
404 7.88957e+08 
405 7.53174e+08 
406 7.13884e+08 
407 6.72884e+08 
408 6.30792e+08 
409 5.88423e+08 
410 5.4651e+08 
411 5.05621e+08 
412 4.66128e+08 
413 4.28534e+08 
414 3.92643e+08 
415 3.58747e+08 
416 3.26966e+08 
417 2.97367e+08 
418 2.70009e+08 
419 2.44831e+08 
420 2.2191e+08 
421 2.01258e+08 
422 1.82454e+08 
423 1.6542e+08 
424 1.50239e+08 
425 1.36674e+08 
426 1.24652e+08 
427 1.13918e+08 
428 1.04303e+08 
429 9.54872e+07 
430 8.75347e+07 
431 8.02404e+07 
432 7.35043e+07 
433 6.71713e+07 
434 6.13961e+07 
435 5.62799e+07 
436 5.17658e+07 
437 4.75959e+07 
438 4.37739e+07 
439 4.02481e+07 
440 3.7073e+07 
441 3.41722e+07 
442 3.15083e+07 
443 2.9084e+07 
444 2.67727e+07 
445 2.43599e+07 
446 2.18108e+07 
447 1.91393e+07 
448 1.63793e+07 
449 1.37042e+07 
450 1.12345e+07 
451 9.04529e+06 
452 7.18989e+06 
453 5.63781e+06 
454 4.3727e+06 
455 3.36061e+06 
456 2.56914e+06 
457 1.96389e+06 
458 1.51738e+06 
459 1.17444e+06 
460 907570 
461 681570 
462 485050 
463 331562 
464 225258 
465 147969 
466 95874 
467 62755 
468 40710 
469 25848 
470 14817 
471 7175 
472 3283 
473 1622 
474 567 
475 106 
476 3 
477 0 
478 0 
479 0 
480 0 
481 0 
482 0 
483 0 
484 0 
485 0 
486 0 
487 0 
488 0 
489 0 
490 0 
491 0 
492 0 
493 0 
494 0 
495 0 
496 0 
497 0 
498 0 
499 0 
500 0 
501 0 
502 0 
503 0 
504 0 
505 0 
506 0 
507 0 
508 0 
509 0 
510 0 
511 0 
512 0 
513 0 
514 0 
515 0 
516 0 
517 0 
518 0 
519 0 
520 0 
521 0 
522 0 
523 0 
524 0 
525 0 
526 0 
527 0 
528 0 
529 0 
530 0 
531 0 
532 0 
533 0 
534 0 
535 0 
536 0 
537 0 
538 0 
539 0 
540 0 
541 0 
542 0 
543 0 
544 0 
545 0 
546 0 
547 0 
548 0 
549 0 
550 0 
551 0 
552 0 
553 0 
554 0 
555 0 
556 0 
557 0 
558 0 
559 0 
560 0 
561 0 
562 0 
563 0 
564 0 
565 0 
566 0 
567 0 
568 0 
569 0 
570 0 
571 0 
572 0 
573 0 
574 0 
575 0 
576 0 
577 0 
578 0 
579 0 
580 0 
581 0 
582 0 
583 0 
584 0 
585 0 
586 0 
587 0 
588 0 
589 0 
590 0 
591 0 
592 0 
593 0 
594 0 
595 0 
596 0 
597 0 
598 0 
599 0 
600 0 
601 0 
602 0 
603 0 
604 0 
605 0 
606 0 
607 0 
608 0 
609 0 
610 0 
611 0 
612 0 
613 0 
614 0 
615 0 
616 0 
617 0 
618 0 
619 0 
620 0 
621 0 
622 0 
623 0 
624 0 
625 0 
626 0 
627 0 
628 0 
629 0 
630 0 
631 0 
632 0 
633 0 
634 0 
635 0 
636 0 
637 0 
638 0 
639 0 
640 0 
641 0 
642 0 
643 0 
644 0 
645 0 
646 0 
647 0 
648 0 
649 0 
650 0 
651 0 
652 0 
653 0 
654 0 
655 0 
656 0 
657 0 
658 0 
659 0 
660 0 
661 0 
662 0 
663 0 
664 0 
665 0 
666 0 
667 0 
668 0 
669 0 
670 0 
671 0 
672 0 
673 0 
674 0 
675 0 
676 0 
677 0 
678 0 
679 0 
680 0 
681 0 
682 0 
683 0 
684 0 
685 0 
686 0 
687 0 
688 0 
689 0 
690 0 
691 0 
692 0 
693 0 
694 0 
695 0 
696 0 
697 0 
698 0 
699 0 
700 0 
701 0 
702 0 
703 0 
704 0 
705 0 
706 0 
707 0 
708 0 
709 0 
710 0 
711 0 
712 0 
713 0 
714 0 
715 0 
716 0 
717 0 
718 0 
719 0 
720 0 
721 0 
722 0 
723 0 
724 0 
725 0 
726 0 
727 0 
728 0 
729 0 
730 0 
731 0 
732 0 
733 0 
734 0 
735 0 
736 0 
737 0 
738 0 
739 0 
740 0 
741 0 
742 0 
743 0 
744 0 
745 0 
746 0 
747 0 
748 0 
749 0 
750 0 
751 0 
752 0 
753 0 
754 0 
755 0 
756 0 
757 0 
758 0 
759 0 
760 0 
761 0 
762 0 
763 0 
764 0 
765 0 
766 0 
767 0 
768 0 
769 0 
770 0 
771 0 
772 0 
773 0 
774 0 
775 0 
776 0 
777 0 
778 0 
779 0 
780 0 
781 0 
782 0 
783 0 
784 0 
785 0 
786 0 
787 0 
788 0 
789 0 
790 0 
791 0 
792 0 
793 0 
794 0 
795 0 
796 0 
797 0 
798 0 
799 0 
