0 0 
1 0 
2 0 
3 0 
4 0 
5 0 
6 0 
7 0 
8 0 
9 0 
10 0 
11 0 
12 0 
13 0 
14 0 
15 0 
16 0 
17 0 
18 0 
19 0 
20 0 
21 0 
22 0 
23 0 
24 0 
25 0 
26 0 
27 0 
28 0 
29 0 
30 0 
31 0 
32 0 
33 0 
34 0 
35 0 
36 0 
37 0 
38 0 
39 0 
40 0 
41 0 
42 0 
43 0 
44 0 
45 0 
46 0 
47 0 
48 0 
49 0 
50 0 
51 0 
52 0 
53 0 
54 0 
55 0 
56 0 
57 0 
58 0 
59 0 
60 0 
61 0 
62 0 
63 0 
64 0 
65 0 
66 0 
67 0 
68 0 
69 0 
70 0 
71 0 
72 0 
73 0 
74 0 
75 0 
76 0 
77 0 
78 0 
79 0 
80 0 
81 0 
82 0 
83 0 
84 0 
85 0 
86 0 
87 0 
88 0 
89 0 
90 0 
91 0 
92 0 
93 0 
94 0 
95 0 
96 0 
97 0 
98 0 
99 0 
100 0 
101 0 
102 0 
103 0 
104 0 
105 0 
106 0 
107 0 
108 0 
109 0 
110 0 
111 0 
112 0 
113 0 
114 0 
115 0 
116 0 
117 0 
118 0 
119 0 
120 0 
121 0 
122 0 
123 0 
124 0 
125 0 
126 0 
127 0 
128 0 
129 0 
130 0 
131 0 
132 0 
133 0 
134 0 
135 0 
136 0 
137 0 
138 0 
139 0 
140 0 
141 0 
142 0 
143 0 
144 0 
145 0 
146 0 
147 0 
148 0 
149 0 
150 0 
151 0 
152 0 
153 0 
154 0 
155 0 
156 0 
157 0 
158 0 
159 0 
160 0 
161 0 
162 0 
163 0 
164 0 
165 0 
166 0 
167 0 
168 0 
169 0 
170 0 
171 0 
172 0 
173 0 
174 0 
175 0 
176 0 
177 0 
178 0 
179 0 
180 0 
181 0 
182 0 
183 0 
184 0 
185 0 
186 0 
187 0 
188 0 
189 0 
190 0 
191 0 
192 0 
193 0 
194 0 
195 0 
196 0 
197 0 
198 0 
199 0 
200 0 
201 0 
202 0 
203 0 
204 0 
205 0 
206 0 
207 0 
208 0 
209 0 
210 0 
211 0 
212 0 
213 0 
214 0 
215 0 
216 0 
217 0 
218 0 
219 0 
220 0 
221 0 
222 0 
223 0 
224 0 
225 0 
226 0 
227 0 
228 0 
229 0 
230 0 
231 0 
232 0 
233 0 
234 0 
235 0 
236 0 
237 0 
238 0 
239 0 
240 0 
241 0 
242 0 
243 0 
244 0 
245 0 
246 0 
247 0 
248 0 
249 0 
250 0 
251 0 
252 0 
253 0 
254 0 
255 0 
256 0 
257 0 
258 0 
259 0 
260 0 
261 0 
262 0 
263 0 
264 0 
265 0 
266 0 
267 0 
268 0 
269 0 
270 0 
271 0 
272 0 
273 0 
274 0 
275 0 
276 0 
277 0 
278 4 
279 78 
280 910 
281 2657 
282 4426 
283 8898 
284 14952 
285 19890 
286 26523 
287 42535 
288 76144 
289 138600 
290 245519 
291 393330 
292 576221 
293 774229 
294 999515 
295 1.23338e+06 
296 1.49351e+06 
297 1.75311e+06 
298 2.01577e+06 
299 2.27592e+06 
300 2.54528e+06 
301 2.82264e+06 
302 3.08423e+06 
303 3.33401e+06 
304 3.61915e+06 
305 3.95101e+06 
306 4.27612e+06 
307 4.56184e+06 
308 4.86009e+06 
309 5.1382e+06 
310 5.38304e+06 
311 5.63088e+06 
312 6.07327e+06 
313 6.76792e+06 
314 7.64596e+06 
315 8.6638e+06 
316 9.77714e+06 
317 1.07429e+07 
318 1.13526e+07 
319 1.16014e+07 
320 1.15673e+07 
321 1.13331e+07 
322 1.11509e+07 
323 1.11698e+07 
324 1.13209e+07 
325 1.15447e+07 
326 1.16799e+07 
327 1.16838e+07 
328 1.15622e+07 
329 1.14627e+07 
330 1.165e+07 
331 1.22181e+07 
332 1.29389e+07 
333 1.36718e+07 
334 1.43092e+07 
335 1.4928e+07 
336 1.55184e+07 
337 1.60731e+07 
338 1.6611e+07 
339 1.7109e+07 
340 1.77341e+07 
341 1.86263e+07 
342 1.99073e+07 
343 2.15954e+07 
344 2.34814e+07 
345 2.55395e+07 
346 2.78287e+07 
347 3.00964e+07 
348 3.21006e+07 
349 3.38862e+07 
350 3.56068e+07 
351 3.70041e+07 
352 3.80491e+07 
353 3.8953e+07 
354 3.95759e+07 
355 3.99299e+07 
356 4.02347e+07 
357 4.01621e+07 
358 4.00133e+07 
359 4.00541e+07 
360 4.0477e+07 
361 4.16826e+07 
362 4.39135e+07 
363 4.73217e+07 
364 5.184e+07 
365 5.74069e+07 
366 6.38503e+07 
367 7.12284e+07 
368 7.92991e+07 
369 8.80437e+07 
370 9.76771e+07 
371 1.08077e+08 
372 1.18625e+08 
373 1.28729e+08 
374 1.38476e+08 
375 1.48135e+08 
376 1.57827e+08 
377 1.68444e+08 
378 1.81132e+08 
379 1.96433e+08 
380 2.14773e+08 
381 2.3615e+08 
382 2.59999e+08 
383 2.85082e+08 
384 3.10254e+08 
385 3.3542e+08 
386 3.61487e+08 
387 3.88735e+08 
388 4.17036e+08 
389 4.46996e+08 
390 4.79519e+08 
391 5.14811e+08 
392 5.52604e+08 
393 5.91711e+08 
394 6.31301e+08 
395 6.70692e+08 
396 7.07903e+08 
397 7.40612e+08 
398 7.67145e+08 
399 7.85916e+08 
400 7.94318e+08 
401 7.90042e+08 
402 7.7589e+08 
403 7.5411e+08 
404 7.2428e+08 
405 6.86706e+08 
406 6.44003e+08 
407 5.99112e+08 
408 5.53911e+08 
409 5.10089e+08 
410 4.68537e+08 
411 4.29821e+08 
412 3.94256e+08 
413 3.6173e+08 
414 3.31713e+08 
415 3.03632e+08 
416 2.7735e+08 
417 2.5318e+08 
418 2.312e+08 
419 2.11558e+08 
420 1.93792e+08 
421 1.77793e+08 
422 1.63505e+08 
423 1.51097e+08 
424 1.40096e+08 
425 1.29806e+08 
426 1.20513e+08 
427 1.1175e+08 
428 1.03393e+08 
429 9.59703e+07 
430 8.92805e+07 
431 8.35268e+07 
432 7.85997e+07 
433 7.43833e+07 
434 7.08134e+07 
435 6.79043e+07 
436 6.52654e+07 
437 6.24872e+07 
438 5.95386e+07 
439 5.67186e+07 
440 5.42015e+07 
441 5.18271e+07 
442 4.93398e+07 
443 4.68961e+07 
444 4.47602e+07 
445 4.28373e+07 
446 4.11263e+07 
447 3.94097e+07 
448 3.76075e+07 
449 3.54551e+07 
450 3.28559e+07 
451 3.00157e+07 
452 2.70468e+07 
453 2.39233e+07 
454 2.0561e+07 
455 1.71862e+07 
456 1.39177e+07 
457 1.08619e+07 
458 8.27069e+06 
459 6.18895e+06 
460 4.55462e+06 
461 3.26132e+06 
462 2.24372e+06 
463 1.45425e+06 
464 904515 
465 525463 
466 285223 
467 144982 
468 64864 
469 21164 
470 5777 
471 1182 
472 160 
473 23 
474 2 
475 0 
476 0 
477 0 
478 0 
479 0 
480 0 
481 0 
482 0 
483 0 
484 0 
485 0 
486 0 
487 0 
488 0 
489 0 
490 0 
491 0 
492 0 
493 0 
494 0 
495 0 
496 0 
497 0 
498 0 
499 0 
500 0 
501 0 
502 0 
503 0 
504 0 
505 0 
506 0 
507 0 
508 0 
509 0 
510 0 
511 0 
512 0 
513 0 
514 0 
515 0 
516 0 
517 0 
518 0 
519 0 
520 0 
521 0 
522 0 
523 0 
524 0 
525 0 
526 0 
527 0 
528 0 
529 0 
530 0 
531 0 
532 0 
533 0 
534 0 
535 0 
536 0 
537 0 
538 0 
539 0 
540 0 
541 0 
542 0 
543 0 
544 0 
545 0 
546 0 
547 0 
548 0 
549 0 
550 0 
551 0 
552 0 
553 0 
554 0 
555 0 
556 0 
557 0 
558 0 
559 0 
560 0 
561 0 
562 0 
563 0 
564 0 
565 0 
566 0 
567 0 
568 0 
569 0 
570 0 
571 0 
572 0 
573 0 
574 0 
575 0 
576 0 
577 0 
578 0 
579 0 
580 0 
581 0 
582 0 
583 0 
584 0 
585 0 
586 0 
587 0 
588 0 
589 0 
590 0 
591 0 
592 0 
593 0 
594 0 
595 0 
596 0 
597 0 
598 0 
599 0 
600 0 
601 0 
602 0 
603 0 
604 0 
605 0 
606 0 
607 0 
608 0 
609 0 
610 0 
611 0 
612 0 
613 0 
614 0 
615 0 
616 0 
617 0 
618 0 
619 0 
620 0 
621 0 
622 0 
623 0 
624 0 
625 0 
626 0 
627 0 
628 0 
629 0 
630 0 
631 0 
632 0 
633 0 
634 0 
635 0 
636 0 
637 0 
638 0 
639 0 
640 0 
641 0 
642 0 
643 0 
644 0 
645 0 
646 0 
647 0 
648 0 
649 0 
650 0 
651 0 
652 0 
653 0 
654 0 
655 0 
656 0 
657 0 
658 0 
659 0 
660 0 
661 0 
662 0 
663 0 
664 0 
665 0 
666 0 
667 0 
668 0 
669 0 
670 0 
671 0 
672 0 
673 0 
674 0 
675 0 
676 0 
677 0 
678 0 
679 0 
680 0 
681 0 
682 0 
683 0 
684 0 
685 0 
686 0 
687 0 
688 0 
689 0 
690 0 
691 0 
692 0 
693 0 
694 0 
695 0 
696 0 
697 0 
698 0 
699 0 
700 0 
701 0 
702 0 
703 0 
704 0 
705 0 
706 0 
707 0 
708 0 
709 0 
710 0 
711 0 
712 0 
713 0 
714 0 
715 0 
716 0 
717 0 
718 0 
719 0 
720 0 
721 0 
722 0 
723 0 
724 0 
725 0 
726 0 
727 0 
728 0 
729 0 
730 0 
731 0 
732 0 
733 0 
734 0 
735 0 
736 0 
737 0 
738 0 
739 0 
740 0 
741 0 
742 0 
743 0 
744 0 
745 0 
746 0 
747 0 
748 0 
749 0 
750 0 
751 0 
752 0 
753 0 
754 0 
755 0 
756 0 
757 0 
758 0 
759 0 
760 0 
761 0 
762 0 
763 0 
764 0 
765 0 
766 0 
767 0 
768 0 
769 0 
770 0 
771 0 
772 0 
773 0 
774 0 
775 0 
776 0 
777 0 
778 0 
779 0 
780 0 
781 0 
782 0 
783 0 
784 0 
785 0 
786 0 
787 0 
788 0 
789 0 
790 0 
791 0 
792 0 
793 0 
794 0 
795 0 
796 0 
797 0 
798 0 
799 0 
