0 0 
1 0 
2 0 
3 0 
4 0 
5 0 
6 0 
7 0 
8 0 
9 0 
10 0 
11 0 
12 0 
13 0 
14 0 
15 0 
16 0 
17 0 
18 0 
19 0 
20 0 
21 0 
22 0 
23 0 
24 0 
25 0 
26 0 
27 0 
28 0 
29 0 
30 0 
31 0 
32 0 
33 0 
34 0 
35 0 
36 0 
37 0 
38 0 
39 0 
40 0 
41 0 
42 0 
43 0 
44 0 
45 0 
46 0 
47 0 
48 0 
49 0 
50 0 
51 0 
52 0 
53 0 
54 0 
55 0 
56 0 
57 0 
58 0 
59 0 
60 0 
61 0 
62 0 
63 0 
64 0 
65 0 
66 0 
67 0 
68 0 
69 0 
70 0 
71 0 
72 0 
73 0 
74 0 
75 0 
76 0 
77 0 
78 0 
79 0 
80 0 
81 0 
82 0 
83 0 
84 0 
85 0 
86 0 
87 0 
88 0 
89 0 
90 0 
91 0 
92 0 
93 0 
94 0 
95 0 
96 0 
97 0 
98 0 
99 0 
100 0 
101 0 
102 0 
103 0 
104 0 
105 0 
106 0 
107 0 
108 0 
109 0 
110 0 
111 0 
112 0 
113 0 
114 0 
115 0 
116 0 
117 0 
118 0 
119 0 
120 0 
121 0 
122 0 
123 0 
124 0 
125 0 
126 0 
127 0 
128 0 
129 0 
130 0 
131 0 
132 0 
133 0 
134 0 
135 0 
136 0 
137 0 
138 0 
139 0 
140 0 
141 0 
142 0 
143 0 
144 0 
145 0 
146 0 
147 0 
148 0 
149 0 
150 0 
151 0 
152 0 
153 0 
154 0 
155 0 
156 0 
157 0 
158 0 
159 0 
160 0 
161 0 
162 0 
163 0 
164 0 
165 0 
166 0 
167 0 
168 0 
169 0 
170 0 
171 0 
172 0 
173 0 
174 0 
175 0 
176 0 
177 0 
178 0 
179 0 
180 0 
181 0 
182 0 
183 0 
184 0 
185 0 
186 0 
187 0 
188 0 
189 0 
190 0 
191 0 
192 0 
193 0 
194 0 
195 0 
196 0 
197 0 
198 0 
199 0 
200 0 
201 0 
202 0 
203 0 
204 0 
205 0 
206 0 
207 0 
208 0 
209 0 
210 0 
211 0 
212 0 
213 0 
214 0 
215 0 
216 0 
217 0 
218 0 
219 0 
220 0 
221 0 
222 0 
223 0 
224 0 
225 0 
226 0 
227 0 
228 0 
229 0 
230 0 
231 0 
232 0 
233 0 
234 0 
235 0 
236 0 
237 0 
238 0 
239 0 
240 0 
241 0 
242 0 
243 0 
244 0 
245 0 
246 0 
247 0 
248 0 
249 0 
250 0 
251 0 
252 0 
253 16 
254 103 
255 611 
256 2252 
257 6043 
258 13240 
259 23936 
260 40013 
261 59547 
262 84017 
263 116243 
264 160323 
265 216516 
266 289425 
267 384633 
268 499483 
269 648445 
270 831883 
271 1.04836e+06 
272 1.29688e+06 
273 1.57663e+06 
274 1.88627e+06 
275 2.25688e+06 
276 2.69447e+06 
277 3.19776e+06 
278 3.7667e+06 
279 4.3993e+06 
280 5.09834e+06 
281 5.90619e+06 
282 6.77924e+06 
283 7.78658e+06 
284 8.92057e+06 
285 1.01967e+07 
286 1.15763e+07 
287 1.29991e+07 
288 1.44165e+07 
289 1.58448e+07 
290 1.72884e+07 
291 1.87397e+07 
292 2.01695e+07 
293 2.16314e+07 
294 2.31694e+07 
295 2.47466e+07 
296 2.63604e+07 
297 2.79148e+07 
298 2.93625e+07 
299 3.07142e+07 
300 3.1933e+07 
301 3.29736e+07 
302 3.38594e+07 
303 3.46226e+07 
304 3.5211e+07 
305 3.56763e+07 
306 3.60878e+07 
307 3.64594e+07 
308 3.68258e+07 
309 3.72499e+07 
310 3.77568e+07 
311 3.83821e+07 
312 3.89856e+07 
313 3.95686e+07 
314 4.00865e+07 
315 4.06866e+07 
316 4.13666e+07 
317 4.20764e+07 
318 4.28007e+07 
319 4.35656e+07 
320 4.42569e+07 
321 4.49168e+07 
322 4.55206e+07 
323 4.60697e+07 
324 4.66127e+07 
325 4.70826e+07 
326 4.74693e+07 
327 4.78046e+07 
328 4.80992e+07 
329 4.83144e+07 
330 4.84208e+07 
331 4.84615e+07 
332 4.84326e+07 
333 4.84538e+07 
334 4.84426e+07 
335 4.84393e+07 
336 4.85042e+07 
337 4.87278e+07 
338 4.92133e+07 
339 4.99058e+07 
340 5.07943e+07 
341 5.18848e+07 
342 5.31421e+07 
343 5.44483e+07 
344 5.59288e+07 
345 5.74949e+07 
346 5.92413e+07 
347 6.10958e+07 
348 6.31842e+07 
349 6.55054e+07 
350 6.80799e+07 
351 7.09619e+07 
352 7.41408e+07 
353 7.76275e+07 
354 8.12794e+07 
355 8.50786e+07 
356 8.90599e+07 
357 9.31064e+07 
358 9.71713e+07 
359 1.01266e+08 
360 1.05363e+08 
361 1.0966e+08 
362 1.14192e+08 
363 1.18983e+08 
364 1.24221e+08 
365 1.29902e+08 
366 1.35992e+08 
367 1.42484e+08 
368 1.49402e+08 
369 1.568e+08 
370 1.64618e+08 
371 1.72889e+08 
372 1.8169e+08 
373 1.90959e+08 
374 2.00753e+08 
375 2.10906e+08 
376 2.21282e+08 
377 2.31786e+08 
378 2.42425e+08 
379 2.53205e+08 
380 2.64263e+08 
381 2.75565e+08 
382 2.87263e+08 
383 2.99349e+08 
384 3.11737e+08 
385 3.24307e+08 
386 3.36987e+08 
387 3.49727e+08 
388 3.62214e+08 
389 3.74191e+08 
390 3.85746e+08 
391 3.96654e+08 
392 4.06836e+08 
393 4.1594e+08 
394 4.23868e+08 
395 4.30465e+08 
396 4.35615e+08 
397 4.39519e+08 
398 4.41841e+08 
399 4.42089e+08 
400 4.40272e+08 
401 4.36066e+08 
402 4.29868e+08 
403 4.21746e+08 
404 4.12029e+08 
405 4.01156e+08 
406 3.89222e+08 
407 3.76363e+08 
408 3.62907e+08 
409 3.49027e+08 
410 3.34962e+08 
411 3.20892e+08 
412 3.06814e+08 
413 2.92769e+08 
414 2.78774e+08 
415 2.64937e+08 
416 2.51165e+08 
417 2.37774e+08 
418 2.24851e+08 
419 2.12556e+08 
420 2.00915e+08 
421 1.89863e+08 
422 1.7957e+08 
423 1.69899e+08 
424 1.60962e+08 
425 1.52682e+08 
426 1.45094e+08 
427 1.38122e+08 
428 1.3157e+08 
429 1.25359e+08 
430 1.19338e+08 
431 1.13596e+08 
432 1.08169e+08 
433 1.03011e+08 
434 9.81387e+07 
435 9.36297e+07 
436 8.94973e+07 
437 8.57367e+07 
438 8.22705e+07 
439 7.90225e+07 
440 7.60546e+07 
441 7.33064e+07 
442 7.08185e+07 
443 6.8553e+07 
444 6.64719e+07 
445 6.45192e+07 
446 6.27156e+07 
447 6.09709e+07 
448 5.92314e+07 
449 5.74413e+07 
450 5.55804e+07 
451 5.36514e+07 
452 5.16523e+07 
453 4.96422e+07 
454 4.75678e+07 
455 4.54579e+07 
456 4.3317e+07 
457 4.12049e+07 
458 3.91082e+07 
459 3.70836e+07 
460 3.52096e+07 
461 3.34344e+07 
462 3.1732e+07 
463 3.01462e+07 
464 2.86445e+07 
465 2.72511e+07 
466 2.5979e+07 
467 2.4696e+07 
468 2.34379e+07 
469 2.21929e+07 
470 2.09414e+07 
471 1.97014e+07 
472 1.84825e+07 
473 1.72465e+07 
474 1.60816e+07 
475 1.49177e+07 
476 1.3803e+07 
477 1.27526e+07 
478 1.1802e+07 
479 1.10021e+07 
480 1.033e+07 
481 9.77447e+06 
482 9.38111e+06 
483 9.11197e+06 
484 8.9296e+06 
485 8.80753e+06 
486 8.74789e+06 
487 8.72933e+06 
488 8.7514e+06 
489 8.78812e+06 
490 8.82187e+06 
491 8.84899e+06 
492 8.85626e+06 
493 8.84366e+06 
494 8.81791e+06 
495 8.74111e+06 
496 8.62824e+06 
497 8.47885e+06 
498 8.2965e+06 
499 8.07473e+06 
500 7.86709e+06 
501 7.61772e+06 
502 7.37641e+06 
503 7.1471e+06 
504 6.9678e+06 
505 6.87533e+06 
506 6.83816e+06 
507 6.87177e+06 
508 6.98578e+06 
509 7.14249e+06 
510 7.34217e+06 
511 7.57315e+06 
512 7.78872e+06 
513 7.98358e+06 
514 8.16349e+06 
515 8.33627e+06 
516 8.49612e+06 
517 8.60646e+06 
518 8.66612e+06 
519 8.6517e+06 
520 8.58161e+06 
521 8.46017e+06 
522 8.33227e+06 
523 8.21667e+06 
524 8.10163e+06 
525 7.97802e+06 
526 7.81209e+06 
527 7.59138e+06 
528 7.3131e+06 
529 6.99292e+06 
530 6.63341e+06 
531 6.2522e+06 
532 5.85022e+06 
533 5.45504e+06 
534 5.09178e+06 
535 4.73149e+06 
536 4.37667e+06 
537 4.03331e+06 
538 3.69068e+06 
539 3.36484e+06 
540 3.04632e+06 
541 2.72944e+06 
542 2.40478e+06 
543 2.08139e+06 
544 1.76565e+06 
545 1.46779e+06 
546 1.20457e+06 
547 975466 
548 781373 
549 623580 
550 496530 
551 393276 
552 307053 
553 231522 
554 168002 
555 118195 
556 84088 
557 59108 
558 43469 
559 31089 
560 22008 
561 14420 
562 8309 
563 4168 
564 2005 
565 751 
566 229 
567 49 
568 11 
569 0 
570 0 
571 0 
572 0 
573 0 
574 0 
575 0 
576 0 
577 0 
578 0 
579 0 
580 0 
581 0 
582 0 
583 0 
584 0 
585 0 
586 0 
587 0 
588 0 
589 0 
590 0 
591 0 
592 0 
593 0 
594 0 
595 0 
596 0 
597 0 
598 0 
599 0 
600 0 
601 0 
602 0 
603 0 
604 0 
605 0 
606 0 
607 0 
608 0 
609 0 
610 0 
611 0 
612 0 
613 0 
614 0 
615 0 
616 0 
617 0 
618 0 
619 0 
620 0 
621 0 
622 0 
623 0 
624 0 
625 0 
626 0 
627 0 
628 0 
629 0 
630 0 
631 0 
632 0 
633 0 
634 0 
635 0 
636 0 
637 0 
638 0 
639 0 
640 0 
641 0 
642 0 
643 0 
644 0 
645 0 
646 0 
647 0 
648 0 
649 0 
650 0 
651 0 
652 0 
653 0 
654 0 
655 0 
656 0 
657 0 
658 0 
659 0 
660 0 
661 0 
662 0 
663 0 
664 0 
665 0 
666 0 
667 0 
668 0 
669 0 
670 0 
671 0 
672 0 
673 0 
674 0 
675 0 
676 0 
677 0 
678 0 
679 0 
680 0 
681 0 
682 0 
683 0 
684 0 
685 0 
686 0 
687 0 
688 0 
689 0 
690 0 
691 0 
692 0 
693 0 
694 0 
695 0 
696 0 
697 0 
698 0 
699 0 
700 0 
701 0 
702 0 
703 0 
704 0 
705 0 
706 0 
707 0 
708 0 
709 0 
710 0 
711 0 
712 0 
713 0 
714 0 
715 0 
716 0 
717 0 
718 0 
719 0 
720 0 
721 0 
722 0 
723 0 
724 0 
725 0 
726 0 
727 0 
728 0 
729 0 
730 0 
731 0 
732 0 
733 0 
734 0 
735 0 
736 0 
737 0 
738 0 
739 0 
740 0 
741 0 
742 0 
743 0 
744 0 
745 0 
746 0 
747 0 
748 0 
749 0 
750 0 
751 0 
752 0 
753 0 
754 0 
755 0 
756 0 
757 0 
758 0 
759 0 
760 0 
761 0 
762 0 
763 0 
764 0 
765 0 
766 0 
767 0 
768 0 
769 0 
770 0 
771 0 
772 0 
773 0 
774 0 
775 0 
776 0 
777 0 
778 0 
779 0 
780 0 
781 0 
782 0 
783 0 
784 0 
785 0 
786 0 
787 0 
788 0 
789 0 
790 0 
791 0 
792 0 
793 0 
794 0 
795 0 
796 0 
797 0 
798 0 
799 0 
