0 0 
1 0 
2 0 
3 0 
4 0 
5 0 
6 0 
7 0 
8 0 
9 0 
10 0 
11 0 
12 0 
13 0 
14 0 
15 0 
16 0 
17 0 
18 0 
19 0 
20 0 
21 0 
22 0 
23 0 
24 0 
25 0 
26 0 
27 0 
28 0 
29 0 
30 0 
31 0 
32 0 
33 0 
34 0 
35 0 
36 0 
37 0 
38 0 
39 0 
40 0 
41 0 
42 0 
43 0 
44 0 
45 0 
46 0 
47 0 
48 0 
49 0 
50 0 
51 0 
52 0 
53 0 
54 0 
55 0 
56 0 
57 0 
58 0 
59 0 
60 0 
61 0 
62 0 
63 0 
64 0 
65 0 
66 0 
67 0 
68 0 
69 0 
70 0 
71 0 
72 0 
73 0 
74 0 
75 0 
76 0 
77 0 
78 0 
79 0 
80 0 
81 0 
82 0 
83 0 
84 0 
85 0 
86 0 
87 0 
88 0 
89 0 
90 0 
91 0 
92 0 
93 0 
94 0 
95 0 
96 0 
97 0 
98 0 
99 0 
100 0 
101 0 
102 0 
103 0 
104 0 
105 0 
106 0 
107 0 
108 0 
109 0 
110 0 
111 0 
112 0 
113 0 
114 0 
115 0 
116 0 
117 0 
118 0 
119 0 
120 0 
121 0 
122 0 
123 0 
124 0 
125 0 
126 0 
127 0 
128 0 
129 0 
130 0 
131 0 
132 0 
133 0 
134 0 
135 0 
136 0 
137 0 
138 0 
139 0 
140 0 
141 0 
142 0 
143 0 
144 0 
145 0 
146 0 
147 0 
148 0 
149 0 
150 0 
151 0 
152 0 
153 0 
154 0 
155 0 
156 0 
157 0 
158 0 
159 0 
160 0 
161 0 
162 0 
163 0 
164 0 
165 0 
166 0 
167 0 
168 0 
169 0 
170 0 
171 0 
172 0 
173 0 
174 0 
175 0 
176 0 
177 0 
178 0 
179 0 
180 0 
181 0 
182 0 
183 0 
184 0 
185 0 
186 0 
187 0 
188 0 
189 0 
190 0 
191 0 
192 0 
193 0 
194 0 
195 0 
196 0 
197 0 
198 0 
199 0 
200 0 
201 0 
202 0 
203 0 
204 0 
205 0 
206 0 
207 0 
208 0 
209 0 
210 0 
211 0 
212 6 
213 48 
214 265 
215 878 
216 3032 
217 7648 
218 15772 
219 30685 
220 56651 
221 99089 
222 154411 
223 224087 
224 312549 
225 427111 
226 562790 
227 728322 
228 929948 
229 1.15893e+06 
230 1.406e+06 
231 1.65767e+06 
232 1.94081e+06 
233 2.23376e+06 
234 2.50073e+06 
235 2.74378e+06 
236 2.98412e+06 
237 3.24093e+06 
238 3.48657e+06 
239 3.71831e+06 
240 3.91652e+06 
241 4.07178e+06 
242 4.16465e+06 
243 4.19541e+06 
244 4.19848e+06 
245 4.14363e+06 
246 4.04278e+06 
247 3.93082e+06 
248 3.80842e+06 
249 3.67208e+06 
250 3.52531e+06 
251 3.43006e+06 
252 3.42326e+06 
253 3.50344e+06 
254 3.67163e+06 
255 3.90909e+06 
256 4.1846e+06 
257 4.47387e+06 
258 4.7638e+06 
259 5.0749e+06 
260 5.47345e+06 
261 5.9578e+06 
262 6.44015e+06 
263 6.91669e+06 
264 7.35662e+06 
265 7.78427e+06 
266 8.25708e+06 
267 8.82654e+06 
268 9.49459e+06 
269 1.02497e+07 
270 1.10837e+07 
271 1.19263e+07 
272 1.27114e+07 
273 1.33862e+07 
274 1.39155e+07 
275 1.43641e+07 
276 1.47189e+07 
277 1.50066e+07 
278 1.52566e+07 
279 1.54739e+07 
280 1.564e+07 
281 1.5831e+07 
282 1.60261e+07 
283 1.62676e+07 
284 1.65318e+07 
285 1.67638e+07 
286 1.69596e+07 
287 1.71905e+07 
288 1.75525e+07 
289 1.80853e+07 
290 1.8721e+07 
291 1.94978e+07 
292 2.04755e+07 
293 2.16305e+07 
294 2.28474e+07 
295 2.40518e+07 
296 2.51824e+07 
297 2.61974e+07 
298 2.70384e+07 
299 2.77808e+07 
300 2.85019e+07 
301 2.91981e+07 
302 2.98981e+07 
303 3.05934e+07 
304 3.13084e+07 
305 3.21492e+07 
306 3.30606e+07 
307 3.41384e+07 
308 3.53738e+07 
309 3.67216e+07 
310 3.81565e+07 
311 3.97494e+07 
312 4.14583e+07 
313 4.32727e+07 
314 4.51531e+07 
315 4.71232e+07 
316 4.92318e+07 
317 5.13647e+07 
318 5.33826e+07 
319 5.5179e+07 
320 5.67449e+07 
321 5.80829e+07 
322 5.92229e+07 
323 6.00256e+07 
324 6.06931e+07 
325 6.12059e+07 
326 6.14547e+07 
327 6.15539e+07 
328 6.16904e+07 
329 6.1854e+07 
330 6.20383e+07 
331 6.23608e+07 
332 6.29335e+07 
333 6.37549e+07 
334 6.47299e+07 
335 6.57587e+07 
336 6.69668e+07 
337 6.84526e+07 
338 7.02406e+07 
339 7.21728e+07 
340 7.42078e+07 
341 7.62998e+07 
342 7.84044e+07 
343 8.04811e+07 
344 8.24513e+07 
345 8.44866e+07 
346 8.67963e+07 
347 8.92101e+07 
348 9.1701e+07 
349 9.41237e+07 
350 9.64396e+07 
351 9.84467e+07 
352 1.0017e+08 
353 1.01506e+08 
354 1.02409e+08 
355 1.0306e+08 
356 1.03693e+08 
357 1.0444e+08 
358 1.055e+08 
359 1.06808e+08 
360 1.08214e+08 
361 1.09731e+08 
362 1.11389e+08 
363 1.13602e+08 
364 1.16249e+08 
365 1.1943e+08 
366 1.22983e+08 
367 1.26916e+08 
368 1.31139e+08 
369 1.35471e+08 
370 1.3998e+08 
371 1.44733e+08 
372 1.49815e+08 
373 1.55373e+08 
374 1.61293e+08 
375 1.67711e+08 
376 1.74579e+08 
377 1.81927e+08 
378 1.89678e+08 
379 1.97963e+08 
380 2.0689e+08 
381 2.16516e+08 
382 2.26923e+08 
383 2.37691e+08 
384 2.48266e+08 
385 2.58494e+08 
386 2.68381e+08 
387 2.77873e+08 
388 2.8716e+08 
389 2.96233e+08 
390 3.05087e+08 
391 3.13876e+08 
392 3.227e+08 
393 3.31361e+08 
394 3.39679e+08 
395 3.47256e+08 
396 3.54188e+08 
397 3.59755e+08 
398 3.63594e+08 
399 3.65273e+08 
400 3.64887e+08 
401 3.62478e+08 
402 3.58101e+08 
403 3.52324e+08 
404 3.45893e+08 
405 3.39275e+08 
406 3.32521e+08 
407 3.25393e+08 
408 3.18254e+08 
409 3.10971e+08 
410 3.03503e+08 
411 2.95783e+08 
412 2.88189e+08 
413 2.80885e+08 
414 2.73785e+08 
415 2.66746e+08 
416 2.59856e+08 
417 2.53282e+08 
418 2.46994e+08 
419 2.40956e+08 
420 2.35094e+08 
421 2.29892e+08 
422 2.25041e+08 
423 2.20686e+08 
424 2.16861e+08 
425 2.13053e+08 
426 2.09201e+08 
427 2.04982e+08 
428 2.00279e+08 
429 1.94729e+08 
430 1.8839e+08 
431 1.81633e+08 
432 1.74676e+08 
433 1.67749e+08 
434 1.60797e+08 
435 1.53792e+08 
436 1.46923e+08 
437 1.40214e+08 
438 1.33707e+08 
439 1.27535e+08 
440 1.21752e+08 
441 1.1647e+08 
442 1.1176e+08 
443 1.0737e+08 
444 1.0321e+08 
445 9.92191e+07 
446 9.50608e+07 
447 9.0686e+07 
448 8.62807e+07 
449 8.18934e+07 
450 7.76339e+07 
451 7.33683e+07 
452 6.90369e+07 
453 6.47196e+07 
454 6.05174e+07 
455 5.6434e+07 
456 5.25792e+07 
457 4.90257e+07 
458 4.58675e+07 
459 4.29314e+07 
460 4.00454e+07 
461 3.72212e+07 
462 3.4471e+07 
463 3.18944e+07 
464 2.95727e+07 
465 2.74762e+07 
466 2.56036e+07 
467 2.39636e+07 
468 2.25776e+07 
469 2.13907e+07 
470 2.03814e+07 
471 1.95852e+07 
472 1.88695e+07 
473 1.83345e+07 
474 1.79884e+07 
475 1.77032e+07 
476 1.74693e+07 
477 1.74015e+07 
478 1.74428e+07 
479 1.75575e+07 
480 1.76138e+07 
481 1.75542e+07 
482 1.74283e+07 
483 1.71463e+07 
484 1.6672e+07 
485 1.59483e+07 
486 1.49353e+07 
487 1.37331e+07 
488 1.24091e+07 
489 1.10252e+07 
490 9.64064e+06 
491 8.33925e+06 
492 7.21898e+06 
493 6.29718e+06 
494 5.55417e+06 
495 4.98197e+06 
496 4.4989e+06 
497 4.07644e+06 
498 3.68449e+06 
499 3.33954e+06 
500 3.05594e+06 
501 2.84127e+06 
502 2.68809e+06 
503 2.593e+06 
504 2.56101e+06 
505 2.53899e+06 
506 2.50723e+06 
507 2.45872e+06 
508 2.38238e+06 
509 2.30769e+06 
510 2.21689e+06 
511 2.08421e+06 
512 1.91182e+06 
513 1.72126e+06 
514 1.51969e+06 
515 1.30758e+06 
516 1.10743e+06 
517 919659 
518 738113 
519 575610 
520 428360 
521 306024 
522 204926 
523 127889 
524 76973 
525 43638 
526 23201 
527 11123 
528 5743 
529 2773 
530 1324 
531 745 
532 550 
533 337 
534 50 
535 6 
536 0 
537 0 
538 0 
539 0 
540 0 
541 0 
542 0 
543 0 
544 0 
545 0 
546 0 
547 0 
548 0 
549 0 
550 0 
551 0 
552 0 
553 0 
554 0 
555 0 
556 0 
557 0 
558 0 
559 0 
560 0 
561 0 
562 0 
563 0 
564 0 
565 0 
566 0 
567 0 
568 0 
569 0 
570 0 
571 0 
572 0 
573 0 
574 0 
575 0 
576 0 
577 0 
578 0 
579 0 
580 0 
581 0 
582 0 
583 0 
584 0 
585 0 
586 0 
587 0 
588 0 
589 0 
590 0 
591 0 
592 0 
593 0 
594 0 
595 0 
596 0 
597 0 
598 0 
599 0 
600 0 
601 0 
602 0 
603 0 
604 0 
605 0 
606 0 
607 0 
608 0 
609 0 
610 0 
611 0 
612 0 
613 0 
614 0 
615 0 
616 0 
617 0 
618 0 
619 0 
620 0 
621 0 
622 0 
623 0 
624 0 
625 0 
626 0 
627 0 
628 0 
629 0 
630 0 
631 0 
632 0 
633 0 
634 0 
635 0 
636 0 
637 0 
638 0 
639 0 
640 0 
641 0 
642 0 
643 0 
644 0 
645 0 
646 0 
647 0 
648 0 
649 0 
650 0 
651 0 
652 0 
653 0 
654 0 
655 0 
656 0 
657 0 
658 0 
659 0 
660 0 
661 0 
662 0 
663 0 
664 0 
665 0 
666 0 
667 0 
668 0 
669 0 
670 0 
671 0 
672 0 
673 0 
674 0 
675 0 
676 0 
677 0 
678 0 
679 0 
680 0 
681 0 
682 0 
683 0 
684 0 
685 0 
686 0 
687 0 
688 0 
689 0 
690 0 
691 0 
692 0 
693 0 
694 0 
695 0 
696 0 
697 0 
698 0 
699 0 
700 0 
701 0 
702 0 
703 0 
704 0 
705 0 
706 0 
707 0 
708 0 
709 0 
710 0 
711 0 
712 0 
713 0 
714 0 
715 0 
716 0 
717 0 
718 0 
719 0 
720 0 
721 0 
722 0 
723 0 
724 0 
725 0 
726 0 
727 0 
728 0 
729 0 
730 0 
731 0 
732 0 
733 0 
734 0 
735 0 
736 0 
737 0 
738 0 
739 0 
740 0 
741 0 
742 0 
743 0 
744 0 
745 0 
746 0 
747 0 
748 0 
749 0 
750 0 
751 0 
752 0 
753 0 
754 0 
755 0 
756 0 
757 0 
758 0 
759 0 
760 0 
761 0 
762 0 
763 0 
764 0 
765 0 
766 0 
767 0 
768 0 
769 0 
770 0 
771 0 
772 0 
773 0 
774 0 
775 0 
776 0 
777 0 
778 0 
779 0 
780 0 
781 0 
782 0 
783 0 
784 0 
785 0 
786 0 
787 0 
788 0 
789 0 
790 0 
791 0 
792 0 
793 0 
794 0 
795 0 
796 0 
797 0 
798 0 
799 0 
