0 0 
1 0 
2 0 
3 0 
4 0 
5 0 
6 0 
7 0 
8 0 
9 0 
10 0 
11 0 
12 0 
13 0 
14 0 
15 0 
16 0 
17 0 
18 0 
19 0 
20 0 
21 0 
22 0 
23 0 
24 0 
25 0 
26 0 
27 0 
28 0 
29 0 
30 0 
31 0 
32 0 
33 0 
34 0 
35 0 
36 0 
37 0 
38 0 
39 0 
40 0 
41 0 
42 0 
43 0 
44 0 
45 0 
46 0 
47 0 
48 0 
49 0 
50 0 
51 0 
52 0 
53 0 
54 0 
55 0 
56 0 
57 0 
58 0 
59 0 
60 0 
61 0 
62 0 
63 0 
64 0 
65 0 
66 0 
67 0 
68 0 
69 0 
70 0 
71 0 
72 0 
73 0 
74 0 
75 0 
76 0 
77 0 
78 0 
79 0 
80 0 
81 0 
82 0 
83 0 
84 0 
85 0 
86 0 
87 0 
88 0 
89 0 
90 0 
91 0 
92 0 
93 0 
94 0 
95 0 
96 0 
97 0 
98 0 
99 0 
100 0 
101 0 
102 0 
103 0 
104 0 
105 0 
106 0 
107 0 
108 0 
109 0 
110 0 
111 0 
112 0 
113 0 
114 0 
115 0 
116 0 
117 0 
118 0 
119 0 
120 0 
121 0 
122 0 
123 0 
124 0 
125 0 
126 0 
127 0 
128 0 
129 0 
130 0 
131 0 
132 0 
133 0 
134 0 
135 0 
136 0 
137 0 
138 0 
139 0 
140 0 
141 0 
142 0 
143 0 
144 0 
145 0 
146 0 
147 0 
148 0 
149 0 
150 0 
151 0 
152 0 
153 0 
154 0 
155 0 
156 0 
157 0 
158 0 
159 0 
160 0 
161 0 
162 0 
163 0 
164 0 
165 0 
166 0 
167 0 
168 0 
169 0 
170 0 
171 0 
172 0 
173 0 
174 0 
175 0 
176 0 
177 0 
178 0 
179 0 
180 0 
181 0 
182 0 
183 0 
184 0 
185 0 
186 0 
187 0 
188 0 
189 0 
190 0 
191 0 
192 0 
193 0 
194 0 
195 0 
196 0 
197 0 
198 0 
199 0 
200 0 
201 0 
202 0 
203 0 
204 0 
205 0 
206 0 
207 0 
208 0 
209 0 
210 0 
211 0 
212 0 
213 0 
214 0 
215 0 
216 0 
217 0 
218 0 
219 0 
220 0 
221 0 
222 0 
223 0 
224 0 
225 0 
226 0 
227 0 
228 0 
229 0 
230 1 
231 37 
232 216 
233 771 
234 1863 
235 4645 
236 11322 
237 22599 
238 37919 
239 55767 
240 76981 
241 104202 
242 141292 
243 194492 
244 270497 
245 383033 
246 538929 
247 752155 
248 1.03262e+06 
249 1.3881e+06 
250 1.80578e+06 
251 2.26769e+06 
252 2.77136e+06 
253 3.29231e+06 
254 3.83206e+06 
255 4.39089e+06 
256 4.98691e+06 
257 5.6029e+06 
258 6.2483e+06 
259 6.91439e+06 
260 7.60258e+06 
261 8.35138e+06 
262 9.13789e+06 
263 1.00328e+07 
264 1.10518e+07 
265 1.21933e+07 
266 1.34655e+07 
267 1.48065e+07 
268 1.62312e+07 
269 1.77236e+07 
270 1.92803e+07 
271 2.08543e+07 
272 2.24181e+07 
273 2.39448e+07 
274 2.54864e+07 
275 2.69396e+07 
276 2.83243e+07 
277 2.96163e+07 
278 3.08538e+07 
279 3.19395e+07 
280 3.28899e+07 
281 3.36206e+07 
282 3.40902e+07 
283 3.42906e+07 
284 3.43629e+07 
285 3.42946e+07 
286 3.40393e+07 
287 3.35912e+07 
288 3.29956e+07 
289 3.23342e+07 
290 3.16527e+07 
291 3.09871e+07 
292 3.04152e+07 
293 2.99514e+07 
294 2.95803e+07 
295 2.93374e+07 
296 2.92588e+07 
297 2.93427e+07 
298 2.96168e+07 
299 3.00973e+07 
300 3.07889e+07 
301 3.15828e+07 
302 3.24994e+07 
303 3.34337e+07 
304 3.43181e+07 
305 3.52951e+07 
306 3.64462e+07 
307 3.77794e+07 
308 3.93256e+07 
309 4.10517e+07 
310 4.292e+07 
311 4.49284e+07 
312 4.70265e+07 
313 4.92487e+07 
314 5.14956e+07 
315 5.37756e+07 
316 5.60819e+07 
317 5.83442e+07 
318 6.05164e+07 
319 6.24943e+07 
320 6.42166e+07 
321 6.56082e+07 
322 6.66974e+07 
323 6.7523e+07 
324 6.80619e+07 
325 6.84023e+07 
326 6.8699e+07 
327 6.91098e+07 
328 6.9575e+07 
329 7.01865e+07 
330 7.10227e+07 
331 7.22449e+07 
332 7.37843e+07 
333 7.55688e+07 
334 7.76444e+07 
335 7.99355e+07 
336 8.24852e+07 
337 8.52252e+07 
338 8.82484e+07 
339 9.14176e+07 
340 9.47703e+07 
341 9.82212e+07 
342 1.01621e+08 
343 1.04976e+08 
344 1.08241e+08 
345 1.11435e+08 
346 1.14449e+08 
347 1.17364e+08 
348 1.20127e+08 
349 1.22671e+08 
350 1.24947e+08 
351 1.27166e+08 
352 1.29338e+08 
353 1.31553e+08 
354 1.33889e+08 
355 1.36516e+08 
356 1.39474e+08 
357 1.42654e+08 
358 1.46028e+08 
359 1.49532e+08 
360 1.5314e+08 
361 1.56734e+08 
362 1.60244e+08 
363 1.63779e+08 
364 1.67345e+08 
365 1.70909e+08 
366 1.74418e+08 
367 1.77963e+08 
368 1.81541e+08 
369 1.85248e+08 
370 1.88905e+08 
371 1.92652e+08 
372 1.96534e+08 
373 2.00729e+08 
374 2.05163e+08 
375 2.1021e+08 
376 2.15907e+08 
377 2.22343e+08 
378 2.29548e+08 
379 2.3723e+08 
380 2.45298e+08 
381 2.53462e+08 
382 2.61749e+08 
383 2.70127e+08 
384 2.78727e+08 
385 2.87628e+08 
386 2.96513e+08 
387 3.05036e+08 
388 3.13155e+08 
389 3.21024e+08 
390 3.28623e+08 
391 3.35746e+08 
392 3.42377e+08 
393 3.48086e+08 
394 3.52605e+08 
395 3.55695e+08 
396 3.57105e+08 
397 3.56461e+08 
398 3.53989e+08 
399 3.49555e+08 
400 3.43422e+08 
401 3.35485e+08 
402 3.262e+08 
403 3.1602e+08 
404 3.05317e+08 
405 2.94195e+08 
406 2.8339e+08 
407 2.73203e+08 
408 2.63686e+08 
409 2.54595e+08 
410 2.46056e+08 
411 2.3793e+08 
412 2.30287e+08 
413 2.2299e+08 
414 2.15978e+08 
415 2.09241e+08 
416 2.02874e+08 
417 1.96784e+08 
418 1.90885e+08 
419 1.85074e+08 
420 1.79306e+08 
421 1.73419e+08 
422 1.67469e+08 
423 1.61595e+08 
424 1.55797e+08 
425 1.49965e+08 
426 1.43971e+08 
427 1.38015e+08 
428 1.32167e+08 
429 1.2652e+08 
430 1.21164e+08 
431 1.15906e+08 
432 1.10816e+08 
433 1.05839e+08 
434 1.01003e+08 
435 9.61621e+07 
436 9.14315e+07 
437 8.68712e+07 
438 8.27267e+07 
439 7.90186e+07 
440 7.5733e+07 
441 7.29268e+07 
442 7.06241e+07 
443 6.88161e+07 
444 6.73874e+07 
445 6.63116e+07 
446 6.55595e+07 
447 6.49724e+07 
448 6.43795e+07 
449 6.36973e+07 
450 6.28541e+07 
451 6.1814e+07 
452 6.05895e+07 
453 5.91481e+07 
454 5.7495e+07 
455 5.56388e+07 
456 5.37189e+07 
457 5.1691e+07 
458 4.96212e+07 
459 4.75287e+07 
460 4.54227e+07 
461 4.33398e+07 
462 4.11966e+07 
463 3.89337e+07 
464 3.66067e+07 
465 3.43197e+07 
466 3.21383e+07 
467 3.00241e+07 
468 2.7997e+07 
469 2.60653e+07 
470 2.4315e+07 
471 2.2802e+07 
472 2.15756e+07 
473 2.06024e+07 
474 1.98274e+07 
475 1.91918e+07 
476 1.86579e+07 
477 1.81362e+07 
478 1.7599e+07 
479 1.7033e+07 
480 1.64414e+07 
481 1.57795e+07 
482 1.50965e+07 
483 1.43339e+07 
484 1.35143e+07 
485 1.26526e+07 
486 1.17072e+07 
487 1.06991e+07 
488 9.63925e+06 
489 8.52555e+06 
490 7.42627e+06 
491 6.44356e+06 
492 5.55984e+06 
493 4.80414e+06 
494 4.11185e+06 
495 3.47789e+06 
496 2.90934e+06 
497 2.39113e+06 
498 1.93973e+06 
499 1.54335e+06 
500 1.20171e+06 
501 912802 
502 676978 
503 490827 
504 346339 
505 241761 
506 161579 
507 107603 
508 70296 
509 43631 
510 27837 
511 16813 
512 9023 
513 4677 
514 2490 
515 875 
516 168 
517 10 
518 0 
519 0 
520 0 
521 0 
522 0 
523 0 
524 0 
525 0 
526 0 
527 0 
528 0 
529 0 
530 0 
531 0 
532 0 
533 0 
534 0 
535 0 
536 0 
537 0 
538 0 
539 0 
540 0 
541 0 
542 0 
543 0 
544 0 
545 0 
546 0 
547 0 
548 0 
549 0 
550 0 
551 0 
552 0 
553 0 
554 0 
555 0 
556 0 
557 0 
558 0 
559 0 
560 0 
561 0 
562 0 
563 0 
564 0 
565 0 
566 0 
567 0 
568 0 
569 0 
570 0 
571 0 
572 0 
573 0 
574 0 
575 0 
576 0 
577 0 
578 0 
579 0 
580 0 
581 0 
582 0 
583 0 
584 0 
585 0 
586 0 
587 0 
588 0 
589 0 
590 0 
591 0 
592 0 
593 0 
594 0 
595 0 
596 0 
597 0 
598 0 
599 0 
600 0 
601 0 
602 0 
603 0 
604 0 
605 0 
606 0 
607 0 
608 0 
609 0 
610 0 
611 0 
612 0 
613 0 
614 0 
615 0 
616 0 
617 0 
618 0 
619 0 
620 0 
621 0 
622 0 
623 0 
624 0 
625 0 
626 0 
627 0 
628 0 
629 0 
630 0 
631 0 
632 0 
633 0 
634 0 
635 0 
636 0 
637 0 
638 0 
639 0 
640 0 
641 0 
642 0 
643 0 
644 0 
645 0 
646 0 
647 0 
648 0 
649 0 
650 0 
651 0 
652 0 
653 0 
654 0 
655 0 
656 0 
657 0 
658 0 
659 0 
660 0 
661 0 
662 0 
663 0 
664 0 
665 0 
666 0 
667 0 
668 0 
669 0 
670 0 
671 0 
672 0 
673 0 
674 0 
675 0 
676 0 
677 0 
678 0 
679 0 
680 0 
681 0 
682 0 
683 0 
684 0 
685 0 
686 0 
687 0 
688 0 
689 0 
690 0 
691 0 
692 0 
693 0 
694 0 
695 0 
696 0 
697 0 
698 0 
699 0 
700 0 
701 0 
702 0 
703 0 
704 0 
705 0 
706 0 
707 0 
708 0 
709 0 
710 0 
711 0 
712 0 
713 0 
714 0 
715 0 
716 0 
717 0 
718 0 
719 0 
720 0 
721 0 
722 0 
723 0 
724 0 
725 0 
726 0 
727 0 
728 0 
729 0 
730 0 
731 0 
732 0 
733 0 
734 0 
735 0 
736 0 
737 0 
738 0 
739 0 
740 0 
741 0 
742 0 
743 0 
744 0 
745 0 
746 0 
747 0 
748 0 
749 0 
750 0 
751 0 
752 0 
753 0 
754 0 
755 0 
756 0 
757 0 
758 0 
759 0 
760 0 
761 0 
762 0 
763 0 
764 0 
765 0 
766 0 
767 0 
768 0 
769 0 
770 0 
771 0 
772 0 
773 0 
774 0 
775 0 
776 0 
777 0 
778 0 
779 0 
780 0 
781 0 
782 0 
783 0 
784 0 
785 0 
786 0 
787 0 
788 0 
789 0 
790 0 
791 0 
792 0 
793 0 
794 0 
795 0 
796 0 
797 0 
798 0 
799 0 
