0 0 
1 0 
2 0 
3 0 
4 0 
5 0 
6 0 
7 0 
8 0 
9 0 
10 0 
11 0 
12 0 
13 0 
14 0 
15 0 
16 0 
17 0 
18 0 
19 0 
20 0 
21 0 
22 0 
23 0 
24 0 
25 0 
26 0 
27 0 
28 0 
29 0 
30 0 
31 0 
32 0 
33 0 
34 0 
35 0 
36 0 
37 0 
38 0 
39 0 
40 0 
41 0 
42 0 
43 0 
44 0 
45 0 
46 0 
47 0 
48 0 
49 0 
50 0 
51 0 
52 0 
53 0 
54 0 
55 0 
56 0 
57 0 
58 0 
59 0 
60 0 
61 0 
62 0 
63 0 
64 0 
65 0 
66 0 
67 0 
68 0 
69 0 
70 0 
71 0 
72 0 
73 0 
74 0 
75 0 
76 0 
77 0 
78 0 
79 0 
80 0 
81 0 
82 0 
83 0 
84 0 
85 0 
86 0 
87 0 
88 0 
89 0 
90 0 
91 0 
92 0 
93 0 
94 0 
95 0 
96 0 
97 0 
98 0 
99 0 
100 0 
101 0 
102 0 
103 0 
104 0 
105 0 
106 0 
107 0 
108 0 
109 0 
110 0 
111 0 
112 0 
113 0 
114 0 
115 0 
116 0 
117 0 
118 0 
119 0 
120 0 
121 0 
122 0 
123 0 
124 0 
125 0 
126 0 
127 0 
128 0 
129 0 
130 0 
131 0 
132 0 
133 0 
134 0 
135 0 
136 0 
137 0 
138 0 
139 0 
140 0 
141 0 
142 0 
143 0 
144 0 
145 0 
146 0 
147 0 
148 0 
149 0 
150 0 
151 0 
152 0 
153 0 
154 0 
155 0 
156 0 
157 0 
158 0 
159 0 
160 0 
161 0 
162 0 
163 0 
164 0 
165 0 
166 0 
167 0 
168 0 
169 0 
170 0 
171 0 
172 0 
173 0 
174 0 
175 0 
176 0 
177 0 
178 0 
179 0 
180 0 
181 0 
182 0 
183 0 
184 0 
185 0 
186 0 
187 0 
188 0 
189 0 
190 0 
191 0 
192 0 
193 0 
194 0 
195 0 
196 0 
197 0 
198 0 
199 0 
200 0 
201 0 
202 0 
203 0 
204 0 
205 0 
206 0 
207 0 
208 0 
209 0 
210 0 
211 0 
212 0 
213 0 
214 0 
215 0 
216 0 
217 0 
218 0 
219 0 
220 0 
221 0 
222 0 
223 0 
224 0 
225 0 
226 0 
227 0 
228 0 
229 0 
230 0 
231 0 
232 0 
233 0 
234 0 
235 0 
236 0 
237 0 
238 0 
239 0 
240 0 
241 0 
242 0 
243 0 
244 0 
245 0 
246 0 
247 0 
248 0 
249 0 
250 0 
251 0 
252 0 
253 0 
254 0 
255 0 
256 0 
257 0 
258 0 
259 0 
260 0 
261 0 
262 0 
263 0 
264 0 
265 0 
266 0 
267 0 
268 0 
269 0 
270 0 
271 0 
272 3 
273 4 
274 24 
275 164 
276 554 
277 1705 
278 3227 
279 5071 
280 7381 
281 10604 
282 15716 
283 25476 
284 43172 
285 75436 
286 128999 
287 208321 
288 324514 
289 486472 
290 698647 
291 968806 
292 1.31849e+06 
293 1.74879e+06 
294 2.24993e+06 
295 2.80112e+06 
296 3.41308e+06 
297 4.0832e+06 
298 4.83225e+06 
299 5.68878e+06 
300 6.67539e+06 
301 7.77983e+06 
302 8.96416e+06 
303 1.01786e+07 
304 1.13728e+07 
305 1.25262e+07 
306 1.3665e+07 
307 1.47531e+07 
308 1.57565e+07 
309 1.66909e+07 
310 1.7533e+07 
311 1.82901e+07 
312 1.89539e+07 
313 1.95806e+07 
314 2.01581e+07 
315 2.0762e+07 
316 2.1384e+07 
317 2.20524e+07 
318 2.27835e+07 
319 2.35359e+07 
320 2.43285e+07 
321 2.5181e+07 
322 2.61961e+07 
323 2.73749e+07 
324 2.86897e+07 
325 3.0045e+07 
326 3.1451e+07 
327 3.2813e+07 
328 3.4096e+07 
329 3.52107e+07 
330 3.61154e+07 
331 3.6766e+07 
332 3.72123e+07 
333 3.74873e+07 
334 3.7666e+07 
335 3.79149e+07 
336 3.82651e+07 
337 3.8805e+07 
338 3.96092e+07 
339 4.06626e+07 
340 4.19622e+07 
341 4.3495e+07 
342 4.52632e+07 
343 4.73127e+07 
344 4.96863e+07 
345 5.23017e+07 
346 5.50401e+07 
347 5.77547e+07 
348 6.03947e+07 
349 6.29283e+07 
350 6.52885e+07 
351 6.74882e+07 
352 6.94293e+07 
353 7.1093e+07 
354 7.24036e+07 
355 7.33417e+07 
356 7.38728e+07 
357 7.39761e+07 
358 7.36308e+07 
359 7.29165e+07 
360 7.184e+07 
361 7.04707e+07 
362 6.89656e+07 
363 6.74312e+07 
364 6.58788e+07 
365 6.4358e+07 
366 6.29445e+07 
367 6.16159e+07 
368 6.03684e+07 
369 5.92828e+07 
370 5.8366e+07 
371 5.76515e+07 
372 5.70915e+07 
373 5.66655e+07 
374 5.64343e+07 
375 5.6492e+07 
376 5.67417e+07 
377 5.72003e+07 
378 5.78265e+07 
379 5.85114e+07 
380 5.92981e+07 
381 6.0301e+07 
382 6.14191e+07 
383 6.25343e+07 
384 6.36158e+07 
385 6.46319e+07 
386 6.5527e+07 
387 6.63294e+07 
388 6.7005e+07 
389 6.76756e+07 
390 6.82471e+07 
391 6.85525e+07 
392 6.86213e+07 
393 6.83061e+07 
394 6.7689e+07 
395 6.69087e+07 
396 6.59265e+07 
397 6.4789e+07 
398 6.3608e+07 
399 6.24695e+07 
400 6.13021e+07 
401 6.01635e+07 
402 5.91032e+07 
403 5.80235e+07 
404 5.70037e+07 
405 5.6263e+07 
406 5.57825e+07 
407 5.55474e+07 
408 5.55401e+07 
409 5.5732e+07 
410 5.59879e+07 
411 5.62716e+07 
412 5.6558e+07 
413 5.69014e+07 
414 5.7371e+07 
415 5.79688e+07 
416 5.86097e+07 
417 5.93298e+07 
418 6.00944e+07 
419 6.09258e+07 
420 6.18784e+07 
421 6.28889e+07 
422 6.39426e+07 
423 6.49649e+07 
424 6.59367e+07 
425 6.67528e+07 
426 6.74423e+07 
427 6.80566e+07 
428 6.8406e+07 
429 6.85046e+07 
430 6.83943e+07 
431 6.80937e+07 
432 6.77695e+07 
433 6.75516e+07 
434 6.74683e+07 
435 6.75524e+07 
436 6.78138e+07 
437 6.81986e+07 
438 6.88164e+07 
439 6.96563e+07 
440 7.0704e+07 
441 7.19866e+07 
442 7.34645e+07 
443 7.49604e+07 
444 7.63722e+07 
445 7.75775e+07 
446 7.86376e+07 
447 7.95538e+07 
448 8.0268e+07 
449 8.08552e+07 
450 8.135e+07 
451 8.17054e+07 
452 8.2016e+07 
453 8.22975e+07 
454 8.24789e+07 
455 8.25303e+07 
456 8.24341e+07 
457 8.21934e+07 
458 8.18963e+07 
459 8.15765e+07 
460 8.13387e+07 
461 8.12525e+07 
462 8.12694e+07 
463 8.12904e+07 
464 8.13284e+07 
465 8.14843e+07 
466 8.17584e+07 
467 8.20629e+07 
468 8.23623e+07 
469 8.26702e+07 
470 8.30026e+07 
471 8.33408e+07 
472 8.37214e+07 
473 8.41114e+07 
474 8.46177e+07 
475 8.54081e+07 
476 8.6413e+07 
477 8.75982e+07 
478 8.90653e+07 
479 9.08349e+07 
480 9.28775e+07 
481 9.51813e+07 
482 9.76564e+07 
483 1.00095e+08 
484 1.02502e+08 
485 1.04807e+08 
486 1.06814e+08 
487 1.08426e+08 
488 1.09625e+08 
489 1.10241e+08 
490 1.10251e+08 
491 1.09681e+08 
492 1.08755e+08 
493 1.07595e+08 
494 1.06206e+08 
495 1.04664e+08 
496 1.03255e+08 
497 1.01923e+08 
498 1.00823e+08 
499 9.98943e+07 
500 9.92175e+07 
501 9.88996e+07 
502 9.8934e+07 
503 9.92386e+07 
504 9.97336e+07 
505 1.00108e+08 
506 1.00389e+08 
507 1.00429e+08 
508 1.00197e+08 
509 9.95485e+07 
510 9.84789e+07 
511 9.69982e+07 
512 9.51194e+07 
513 9.28011e+07 
514 9.0013e+07 
515 8.70015e+07 
516 8.40069e+07 
517 8.12957e+07 
518 7.90263e+07 
519 7.71386e+07 
520 7.56859e+07 
521 7.4808e+07 
522 7.43331e+07 
523 7.42568e+07 
524 7.44747e+07 
525 7.49222e+07 
526 7.54137e+07 
527 7.60521e+07 
528 7.67733e+07 
529 7.74537e+07 
530 7.80268e+07 
531 7.85281e+07 
532 7.88734e+07 
533 7.90058e+07 
534 7.88683e+07 
535 7.84445e+07 
536 7.78016e+07 
537 7.70591e+07 
538 7.6177e+07 
539 7.51764e+07 
540 7.40566e+07 
541 7.26976e+07 
542 7.12031e+07 
543 6.96741e+07 
544 6.8318e+07 
545 6.70513e+07 
546 6.59062e+07 
547 6.47512e+07 
548 6.35065e+07 
549 6.22128e+07 
550 6.08833e+07 
551 5.95003e+07 
552 5.81736e+07 
553 5.67762e+07 
554 5.52439e+07 
555 5.35296e+07 
556 5.16497e+07 
557 4.97462e+07 
558 4.7914e+07 
559 4.60354e+07 
560 4.41684e+07 
561 4.2428e+07 
562 4.07577e+07 
563 3.91718e+07 
564 3.77303e+07 
565 3.63267e+07 
566 3.51267e+07 
567 3.4126e+07 
568 3.33206e+07 
569 3.27615e+07 
570 3.23453e+07 
571 3.20763e+07 
572 3.18539e+07 
573 3.16688e+07 
574 3.14848e+07 
575 3.13225e+07 
576 3.12228e+07 
577 3.11988e+07 
578 3.126e+07 
579 3.13102e+07 
580 3.12741e+07 
581 3.11788e+07 
582 3.10339e+07 
583 3.07973e+07 
584 3.05104e+07 
585 3.02655e+07 
586 3.01921e+07 
587 3.03275e+07 
588 3.06426e+07 
589 3.11468e+07 
590 3.18029e+07 
591 3.26095e+07 
592 3.34472e+07 
593 3.43506e+07 
594 3.5329e+07 
595 3.62582e+07 
596 3.70438e+07 
597 3.77374e+07 
598 3.84053e+07 
599 3.89864e+07 
600 3.93842e+07 
601 3.95991e+07 
602 3.96568e+07 
603 3.96423e+07 
604 3.95984e+07 
605 3.95493e+07 
606 3.95462e+07 
607 3.95927e+07 
608 3.96075e+07 
609 3.96158e+07 
610 3.95662e+07 
611 3.94642e+07 
612 3.9235e+07 
613 3.88596e+07 
614 3.83982e+07 
615 3.77852e+07 
616 3.70315e+07 
617 3.6097e+07 
618 3.50407e+07 
619 3.39885e+07 
620 3.2973e+07 
621 3.19824e+07 
622 3.10172e+07 
623 2.9967e+07 
624 2.88818e+07 
625 2.77435e+07 
626 2.65572e+07 
627 2.53058e+07 
628 2.39857e+07 
629 2.25813e+07 
630 2.11319e+07 
631 1.96801e+07 
632 1.83553e+07 
633 1.71429e+07 
634 1.60425e+07 
635 1.50034e+07 
636 1.39954e+07 
637 1.30527e+07 
638 1.2173e+07 
639 1.12908e+07 
640 1.04006e+07 
641 9.49302e+06 
642 8.58652e+06 
643 7.68696e+06 
644 6.84789e+06 
645 6.10318e+06 
646 5.40577e+06 
647 4.76578e+06 
648 4.17994e+06 
649 3.67907e+06 
650 3.25852e+06 
651 2.92453e+06 
652 2.63625e+06 
653 2.37169e+06 
654 2.12268e+06 
655 1.88736e+06 
656 1.66223e+06 
657 1.46199e+06 
658 1.30436e+06 
659 1.17666e+06 
660 1.09519e+06 
661 1.0505e+06 
662 1.04792e+06 
663 1.10579e+06 
664 1.21739e+06 
665 1.37001e+06 
666 1.54788e+06 
667 1.74508e+06 
668 1.98215e+06 
669 2.26808e+06 
670 2.6106e+06 
671 3.0089e+06 
672 3.45622e+06 
673 3.97658e+06 
674 4.55775e+06 
675 5.2159e+06 
676 5.96832e+06 
677 6.8302e+06 
678 7.83059e+06 
679 9.00382e+06 
680 1.03513e+07 
681 1.18559e+07 
682 1.35231e+07 
683 1.52884e+07 
684 1.71146e+07 
685 1.89126e+07 
686 2.07283e+07 
687 2.25581e+07 
688 2.43366e+07 
689 2.60218e+07 
690 2.76053e+07 
691 2.90632e+07 
692 3.03859e+07 
693 3.15448e+07 
694 3.24644e+07 
695 3.32108e+07 
696 3.37984e+07 
697 3.4243e+07 
698 3.45842e+07 
699 3.48502e+07 
700 3.50501e+07 
701 3.52022e+07 
702 3.53972e+07 
703 3.55657e+07 
704 3.57064e+07 
705 3.5821e+07 
706 3.58742e+07 
707 3.59937e+07 
708 3.62531e+07 
709 3.66435e+07 
710 3.71708e+07 
711 3.78383e+07 
712 3.8565e+07 
713 3.93518e+07 
714 4.01696e+07 
715 4.08242e+07 
716 4.13998e+07 
717 4.1792e+07 
718 4.19719e+07 
719 4.20156e+07 
720 4.19059e+07 
721 4.1685e+07 
722 4.13961e+07 
723 4.09969e+07 
724 4.05135e+07 
725 3.99735e+07 
726 3.93597e+07 
727 3.87518e+07 
728 3.81364e+07 
729 3.74723e+07 
730 3.68345e+07 
731 3.6189e+07 
732 3.55635e+07 
733 3.49833e+07 
734 3.45201e+07 
735 3.4127e+07 
736 3.3839e+07 
737 3.37248e+07 
738 3.38282e+07 
739 3.41072e+07 
740 3.44982e+07 
741 3.49638e+07 
742 3.55006e+07 
743 3.60959e+07 
744 3.68323e+07 
745 3.76619e+07 
746 3.85957e+07 
747 3.96407e+07 
748 4.07438e+07 
749 4.17385e+07 
750 4.2631e+07 
751 4.34251e+07 
752 4.41873e+07 
753 4.50311e+07 
754 4.5947e+07 
755 4.69889e+07 
756 4.81129e+07 
757 4.93081e+07 
758 5.05709e+07 
759 5.19887e+07 
760 5.36254e+07 
761 5.55809e+07 
762 5.78576e+07 
763 6.03062e+07 
764 6.2845e+07 
765 6.54879e+07 
766 6.8323e+07 
767 7.14578e+07 
768 7.49095e+07 
769 7.85895e+07 
770 8.23824e+07 
771 8.63445e+07 
772 9.02259e+07 
773 9.3967e+07 
774 9.7428e+07 
775 1.00682e+08 
776 1.03508e+08 
777 1.05786e+08 
778 1.07463e+08 
779 1.08311e+08 
780 1.08224e+08 
781 1.07135e+08 
782 1.0514e+08 
783 1.02155e+08 
784 9.80913e+07 
785 9.28903e+07 
786 8.6553e+07 
787 7.93863e+07 
788 7.16203e+07 
789 6.33718e+07 
790 5.49015e+07 
791 4.64619e+07 
792 3.83492e+07 
793 3.06353e+07 
794 2.35387e+07 
795 1.71249e+07 
796 1.15588e+07 
797 6.95412e+06 
798 3.45854e+06 
799 1.22186e+06 
