0 0 
1 0 
2 0 
3 0 
4 0 
5 0 
6 0 
7 0 
8 0 
9 0 
10 0 
11 0 
12 0 
13 0 
14 0 
15 0 
16 0 
17 0 
18 0 
19 0 
20 0 
21 0 
22 0 
23 0 
24 0 
25 0 
26 0 
27 0 
28 0 
29 0 
30 0 
31 0 
32 0 
33 0 
34 0 
35 0 
36 0 
37 0 
38 0 
39 0 
40 0 
41 0 
42 0 
43 0 
44 0 
45 0 
46 0 
47 0 
48 0 
49 0 
50 0 
51 0 
52 0 
53 0 
54 0 
55 0 
56 0 
57 0 
58 0 
59 0 
60 0 
61 0 
62 0 
63 0 
64 0 
65 0 
66 0 
67 0 
68 0 
69 0 
70 0 
71 0 
72 0 
73 0 
74 0 
75 0 
76 0 
77 0 
78 0 
79 0 
80 0 
81 0 
82 0 
83 0 
84 0 
85 0 
86 0 
87 0 
88 0 
89 0 
90 0 
91 0 
92 0 
93 0 
94 0 
95 0 
96 0 
97 0 
98 0 
99 0 
100 0 
101 0 
102 0 
103 0 
104 0 
105 0 
106 0 
107 0 
108 0 
109 0 
110 0 
111 0 
112 0 
113 0 
114 0 
115 0 
116 0 
117 0 
118 0 
119 0 
120 0 
121 0 
122 0 
123 0 
124 0 
125 0 
126 0 
127 0 
128 0 
129 0 
130 0 
131 0 
132 0 
133 0 
134 0 
135 0 
136 0 
137 0 
138 0 
139 0 
140 0 
141 0 
142 0 
143 0 
144 0 
145 0 
146 0 
147 0 
148 0 
149 0 
150 0 
151 0 
152 0 
153 0 
154 0 
155 0 
156 0 
157 0 
158 0 
159 0 
160 0 
161 0 
162 0 
163 0 
164 0 
165 0 
166 0 
167 0 
168 0 
169 0 
170 0 
171 0 
172 0 
173 0 
174 0 
175 0 
176 0 
177 0 
178 0 
179 0 
180 0 
181 0 
182 0 
183 0 
184 0 
185 0 
186 0 
187 0 
188 0 
189 0 
190 0 
191 0 
192 0 
193 0 
194 0 
195 0 
196 0 
197 0 
198 0 
199 0 
200 0 
201 0 
202 0 
203 0 
204 0 
205 0 
206 0 
207 0 
208 0 
209 0 
210 0 
211 0 
212 0 
213 0 
214 0 
215 0 
216 0 
217 0 
218 0 
219 0 
220 0 
221 0 
222 0 
223 0 
224 0 
225 0 
226 0 
227 0 
228 0 
229 0 
230 0 
231 0 
232 0 
233 0 
234 0 
235 0 
236 0 
237 0 
238 0 
239 0 
240 0 
241 0 
242 0 
243 0 
244 0 
245 0 
246 0 
247 0 
248 0 
249 0 
250 0 
251 30 
252 306 
253 2033 
254 7048 
255 18781 
256 38045 
257 61045 
258 97919 
259 158778 
260 259531 
261 414328 
262 656136 
263 994664 
264 1.41328e+06 
265 1.84273e+06 
266 2.19224e+06 
267 2.45093e+06 
268 2.64298e+06 
269 2.81018e+06 
270 2.96348e+06 
271 3.12487e+06 
272 3.34052e+06 
273 3.64513e+06 
274 3.98655e+06 
275 4.28435e+06 
276 4.53261e+06 
277 4.68166e+06 
278 4.72173e+06 
279 4.67817e+06 
280 4.70059e+06 
281 4.93368e+06 
282 5.41842e+06 
283 6.1709e+06 
284 7.04491e+06 
285 7.96364e+06 
286 8.83985e+06 
287 9.67355e+06 
288 1.0481e+07 
289 1.12678e+07 
290 1.19267e+07 
291 1.23983e+07 
292 1.28441e+07 
293 1.33326e+07 
294 1.38322e+07 
295 1.43725e+07 
296 1.51505e+07 
297 1.61395e+07 
298 1.72331e+07 
299 1.85239e+07 
300 1.9902e+07 
301 2.12836e+07 
302 2.26181e+07 
303 2.38602e+07 
304 2.5024e+07 
305 2.61158e+07 
306 2.70084e+07 
307 2.74553e+07 
308 2.74843e+07 
309 2.70679e+07 
310 2.62647e+07 
311 2.51801e+07 
312 2.42049e+07 
313 2.36641e+07 
314 2.38305e+07 
315 2.45407e+07 
316 2.55996e+07 
317 2.6968e+07 
318 2.8875e+07 
319 3.12938e+07 
320 3.39212e+07 
321 3.65172e+07 
322 3.89684e+07 
323 4.09889e+07 
324 4.25116e+07 
325 4.34869e+07 
326 4.38042e+07 
327 4.3578e+07 
328 4.33783e+07 
329 4.36965e+07 
330 4.48522e+07 
331 4.70265e+07 
332 4.99289e+07 
333 5.35903e+07 
334 5.79145e+07 
335 6.22171e+07 
336 6.64686e+07 
337 7.08563e+07 
338 7.53468e+07 
339 7.95954e+07 
340 8.30605e+07 
341 8.57866e+07 
342 8.81821e+07 
343 8.98622e+07 
344 9.06228e+07 
345 9.05904e+07 
346 8.99638e+07 
347 8.90092e+07 
348 8.79817e+07 
349 8.69919e+07 
350 8.58944e+07 
351 8.46851e+07 
352 8.37956e+07 
353 8.36352e+07 
354 8.4119e+07 
355 8.51345e+07 
356 8.68907e+07 
357 8.94512e+07 
358 9.29057e+07 
359 9.66673e+07 
360 1.00791e+08 
361 1.05234e+08 
362 1.09733e+08 
363 1.13838e+08 
364 1.17528e+08 
365 1.20676e+08 
366 1.23225e+08 
367 1.25066e+08 
368 1.25852e+08 
369 1.25898e+08 
370 1.26143e+08 
371 1.26771e+08 
372 1.27365e+08 
373 1.2797e+08 
374 1.29046e+08 
375 1.31346e+08 
376 1.35114e+08 
377 1.40344e+08 
378 1.46972e+08 
379 1.54693e+08 
380 1.62643e+08 
381 1.70577e+08 
382 1.78796e+08 
383 1.87357e+08 
384 1.96105e+08 
385 2.05222e+08 
386 2.14865e+08 
387 2.25844e+08 
388 2.38287e+08 
389 2.51838e+08 
390 2.66234e+08 
391 2.81489e+08 
392 2.97878e+08 
393 3.14648e+08 
394 3.31958e+08 
395 3.49636e+08 
396 3.6681e+08 
397 3.82106e+08 
398 3.93823e+08 
399 4.01246e+08 
400 4.04118e+08 
401 4.03081e+08 
402 3.989e+08 
403 3.92043e+08 
404 3.83301e+08 
405 3.73267e+08 
406 3.62662e+08 
407 3.51901e+08 
408 3.40404e+08 
409 3.28679e+08 
410 3.17435e+08 
411 3.07075e+08 
412 2.97424e+08 
413 2.88292e+08 
414 2.79666e+08 
415 2.71417e+08 
416 2.63407e+08 
417 2.56226e+08 
418 2.49136e+08 
419 2.4164e+08 
420 2.34207e+08 
421 2.26775e+08 
422 2.19248e+08 
423 2.12493e+08 
424 2.07005e+08 
425 2.02946e+08 
426 2.00545e+08 
427 1.9939e+08 
428 1.99045e+08 
429 1.98997e+08 
430 1.98962e+08 
431 1.98183e+08 
432 1.96004e+08 
433 1.92091e+08 
434 1.86849e+08 
435 1.80718e+08 
436 1.73753e+08 
437 1.65297e+08 
438 1.5623e+08 
439 1.46961e+08 
440 1.38217e+08 
441 1.30479e+08 
442 1.22997e+08 
443 1.15805e+08 
444 1.09278e+08 
445 1.03555e+08 
446 9.85849e+07 
447 9.43368e+07 
448 9.03571e+07 
449 8.67602e+07 
450 8.30538e+07 
451 7.87525e+07 
452 7.43381e+07 
453 7.00444e+07 
454 6.64476e+07 
455 6.36413e+07 
456 6.14659e+07 
457 5.96538e+07 
458 5.82707e+07 
459 5.71905e+07 
460 5.62088e+07 
461 5.49425e+07 
462 5.30619e+07 
463 5.06315e+07 
464 4.76642e+07 
465 4.45635e+07 
466 4.13995e+07 
467 3.8115e+07 
468 3.51124e+07 
469 3.25967e+07 
470 3.05919e+07 
471 2.90998e+07 
472 2.80132e+07 
473 2.74195e+07 
474 2.71864e+07 
475 2.69643e+07 
476 2.66017e+07 
477 2.64572e+07 
478 2.65659e+07 
479 2.68126e+07 
480 2.72548e+07 
481 2.78193e+07 
482 2.84017e+07 
483 2.88206e+07 
484 2.86687e+07 
485 2.7818e+07 
486 2.6308e+07 
487 2.43031e+07 
488 2.20466e+07 
489 1.98013e+07 
490 1.78425e+07 
491 1.61972e+07 
492 1.48178e+07 
493 1.36085e+07 
494 1.27021e+07 
495 1.21011e+07 
496 1.16212e+07 
497 1.12074e+07 
498 1.08581e+07 
499 1.06283e+07 
500 1.05233e+07 
501 1.06459e+07 
502 1.09759e+07 
503 1.14544e+07 
504 1.20002e+07 
505 1.26411e+07 
506 1.3262e+07 
507 1.3736e+07 
508 1.40305e+07 
509 1.41669e+07 
510 1.42532e+07 
511 1.44013e+07 
512 1.47489e+07 
513 1.53177e+07 
514 1.60207e+07 
515 1.68645e+07 
516 1.79631e+07 
517 1.93641e+07 
518 2.10416e+07 
519 2.30729e+07 
520 2.54517e+07 
521 2.76349e+07 
522 2.94976e+07 
523 3.10042e+07 
524 3.18826e+07 
525 3.19022e+07 
526 3.10381e+07 
527 2.94254e+07 
528 2.7356e+07 
529 2.50042e+07 
530 2.25419e+07 
531 2.02138e+07 
532 1.80256e+07 
533 1.6275e+07 
534 1.49729e+07 
535 1.38183e+07 
536 1.27548e+07 
537 1.17259e+07 
538 1.0588e+07 
539 9.39126e+06 
540 8.25223e+06 
541 7.33346e+06 
542 6.65085e+06 
543 6.12117e+06 
544 5.72226e+06 
545 5.36167e+06 
546 4.99503e+06 
547 4.6411e+06 
548 4.34906e+06 
549 4.07026e+06 
550 3.75677e+06 
551 3.36877e+06 
552 2.94793e+06 
553 2.4837e+06 
554 2.06115e+06 
555 1.71871e+06 
556 1.40592e+06 
557 1.10486e+06 
558 847096 
559 677032 
560 555444 
561 428213 
562 315653 
563 226868 
564 154075 
565 100560 
566 65428 
567 45094 
568 29717 
569 18253 
570 8771 
571 2864 
572 615 
573 71 
574 5 
575 0 
576 0 
577 0 
578 0 
579 0 
580 0 
581 0 
582 0 
583 0 
584 0 
585 0 
586 0 
587 0 
588 0 
589 0 
590 0 
591 0 
592 0 
593 0 
594 0 
595 0 
596 0 
597 0 
598 0 
599 0 
600 0 
601 0 
602 0 
603 0 
604 0 
605 0 
606 0 
607 0 
608 0 
609 0 
610 0 
611 0 
612 0 
613 0 
614 0 
615 0 
616 0 
617 0 
618 0 
619 0 
620 0 
621 0 
622 0 
623 0 
624 0 
625 0 
626 0 
627 0 
628 0 
629 0 
630 0 
631 0 
632 0 
633 0 
634 0 
635 0 
636 0 
637 0 
638 0 
639 0 
640 0 
641 0 
642 0 
643 0 
644 0 
645 0 
646 0 
647 0 
648 0 
649 0 
650 0 
651 0 
652 0 
653 0 
654 0 
655 0 
656 0 
657 0 
658 0 
659 0 
660 0 
661 0 
662 0 
663 0 
664 0 
665 0 
666 0 
667 0 
668 0 
669 0 
670 0 
671 0 
672 0 
673 0 
674 0 
675 0 
676 0 
677 0 
678 0 
679 0 
680 0 
681 0 
682 0 
683 0 
684 0 
685 0 
686 0 
687 0 
688 0 
689 0 
690 0 
691 0 
692 0 
693 0 
694 0 
695 0 
696 0 
697 0 
698 0 
699 0 
700 0 
701 0 
702 0 
703 0 
704 0 
705 0 
706 0 
707 0 
708 0 
709 0 
710 0 
711 0 
712 0 
713 0 
714 0 
715 0 
716 0 
717 0 
718 0 
719 0 
720 0 
721 0 
722 0 
723 0 
724 0 
725 0 
726 0 
727 0 
728 0 
729 0 
730 0 
731 0 
732 0 
733 0 
734 0 
735 0 
736 0 
737 0 
738 0 
739 0 
740 0 
741 0 
742 0 
743 0 
744 0 
745 0 
746 0 
747 0 
748 0 
749 0 
750 0 
751 0 
752 0 
753 0 
754 0 
755 0 
756 0 
757 0 
758 0 
759 0 
760 0 
761 0 
762 0 
763 0 
764 0 
765 0 
766 0 
767 0 
768 0 
769 0 
770 0 
771 0 
772 0 
773 0 
774 0 
775 0 
776 0 
777 0 
778 0 
779 0 
780 0 
781 0 
782 0 
783 0 
784 0 
785 0 
786 0 
787 0 
788 0 
789 0 
790 0 
791 0 
792 0 
793 0 
794 0 
795 0 
796 0 
797 0 
798 0 
799 0 
