0 0 
1 0 
2 0 
3 0 
4 0 
5 0 
6 0 
7 0 
8 0 
9 0 
10 0 
11 0 
12 0 
13 0 
14 0 
15 0 
16 0 
17 0 
18 0 
19 0 
20 0 
21 0 
22 0 
23 0 
24 0 
25 0 
26 0 
27 0 
28 0 
29 0 
30 0 
31 0 
32 0 
33 0 
34 0 
35 0 
36 0 
37 0 
38 0 
39 0 
40 0 
41 0 
42 0 
43 0 
44 0 
45 0 
46 0 
47 0 
48 0 
49 0 
50 0 
51 0 
52 0 
53 0 
54 0 
55 0 
56 0 
57 0 
58 0 
59 0 
60 0 
61 0 
62 0 
63 0 
64 0 
65 0 
66 0 
67 0 
68 0 
69 0 
70 0 
71 0 
72 0 
73 0 
74 0 
75 0 
76 0 
77 0 
78 0 
79 0 
80 0 
81 0 
82 0 
83 0 
84 0 
85 0 
86 0 
87 0 
88 0 
89 0 
90 0 
91 0 
92 0 
93 0 
94 0 
95 0 
96 0 
97 0 
98 0 
99 0 
100 0 
101 0 
102 0 
103 0 
104 0 
105 0 
106 0 
107 0 
108 0 
109 0 
110 0 
111 0 
112 0 
113 0 
114 0 
115 0 
116 0 
117 0 
118 0 
119 0 
120 0 
121 0 
122 0 
123 0 
124 0 
125 0 
126 0 
127 0 
128 0 
129 0 
130 0 
131 0 
132 0 
133 0 
134 0 
135 0 
136 0 
137 0 
138 0 
139 0 
140 0 
141 0 
142 0 
143 0 
144 0 
145 0 
146 0 
147 0 
148 0 
149 0 
150 0 
151 0 
152 0 
153 0 
154 0 
155 0 
156 0 
157 0 
158 0 
159 0 
160 0 
161 0 
162 0 
163 0 
164 0 
165 0 
166 0 
167 0 
168 0 
169 0 
170 0 
171 0 
172 0 
173 0 
174 0 
175 0 
176 0 
177 0 
178 0 
179 0 
180 0 
181 0 
182 0 
183 0 
184 0 
185 0 
186 0 
187 0 
188 0 
189 0 
190 0 
191 0 
192 0 
193 0 
194 0 
195 0 
196 0 
197 0 
198 0 
199 0 
200 0 
201 0 
202 0 
203 0 
204 0 
205 0 
206 0 
207 0 
208 0 
209 0 
210 0 
211 0 
212 0 
213 0 
214 0 
215 18 
216 56 
217 237 
218 779 
219 2540 
220 5167 
221 10425 
222 19189 
223 32057 
224 50496 
225 76832 
226 112086 
227 160020 
228 216638 
229 280669 
230 351226 
231 436811 
232 541935 
233 673298 
234 834877 
235 1.0375e+06 
236 1.28798e+06 
237 1.59051e+06 
238 1.94118e+06 
239 2.33455e+06 
240 2.76895e+06 
241 3.25351e+06 
242 3.78606e+06 
243 4.36464e+06 
244 4.96691e+06 
245 5.56316e+06 
246 6.13476e+06 
247 6.68031e+06 
248 7.20436e+06 
249 7.70176e+06 
250 8.1687e+06 
251 8.63848e+06 
252 9.09282e+06 
253 9.52648e+06 
254 9.98405e+06 
255 1.04707e+07 
256 1.09553e+07 
257 1.14485e+07 
258 1.19331e+07 
259 1.23818e+07 
260 1.27972e+07 
261 1.31833e+07 
262 1.35684e+07 
263 1.3986e+07 
264 1.44312e+07 
265 1.49099e+07 
266 1.5385e+07 
267 1.59212e+07 
268 1.65318e+07 
269 1.71651e+07 
270 1.78586e+07 
271 1.86258e+07 
272 1.93965e+07 
273 2.01994e+07 
274 2.10803e+07 
275 2.20498e+07 
276 2.31153e+07 
277 2.42093e+07 
278 2.5288e+07 
279 2.63421e+07 
280 2.74029e+07 
281 2.84751e+07 
282 2.95631e+07 
283 3.06381e+07 
284 3.17396e+07 
285 3.28232e+07 
286 3.38704e+07 
287 3.48383e+07 
288 3.57538e+07 
289 3.66276e+07 
290 3.74274e+07 
291 3.8069e+07 
292 3.85528e+07 
293 3.87945e+07 
294 3.87887e+07 
295 3.85362e+07 
296 3.80837e+07 
297 3.74738e+07 
298 3.67132e+07 
299 3.58234e+07 
300 3.4825e+07 
301 3.3696e+07 
302 3.258e+07 
303 3.15133e+07 
304 3.05408e+07 
305 2.97621e+07 
306 2.91256e+07 
307 2.87558e+07 
308 2.86677e+07 
309 2.88982e+07 
310 2.93502e+07 
311 3.00276e+07 
312 3.09053e+07 
313 3.18869e+07 
314 3.30025e+07 
315 3.43437e+07 
316 3.58162e+07 
317 3.73644e+07 
318 3.89963e+07 
319 4.06338e+07 
320 4.22571e+07 
321 4.38008e+07 
322 4.52472e+07 
323 4.65164e+07 
324 4.76146e+07 
325 4.85518e+07 
326 4.94219e+07 
327 5.02002e+07 
328 5.08118e+07 
329 5.12872e+07 
330 5.16791e+07 
331 5.20298e+07 
332 5.23548e+07 
333 5.26164e+07 
334 5.28405e+07 
335 5.30394e+07 
336 5.32139e+07 
337 5.33727e+07 
338 5.3528e+07 
339 5.36286e+07 
340 5.36607e+07 
341 5.36554e+07 
342 5.3628e+07 
343 5.36049e+07 
344 5.36908e+07 
345 5.3891e+07 
346 5.41391e+07 
347 5.43674e+07 
348 5.45417e+07 
349 5.46065e+07 
350 5.46072e+07 
351 5.43725e+07 
352 5.40109e+07 
353 5.36581e+07 
354 5.32826e+07 
355 5.28907e+07 
356 5.25118e+07 
357 5.21072e+07 
358 5.16276e+07 
359 5.12107e+07 
360 5.0909e+07 
361 5.06889e+07 
362 5.05822e+07 
363 5.05922e+07 
364 5.07757e+07 
365 5.12029e+07 
366 5.1779e+07 
367 5.25021e+07 
368 5.33204e+07 
369 5.41752e+07 
370 5.51134e+07 
371 5.60397e+07 
372 5.69341e+07 
373 5.77042e+07 
374 5.84084e+07 
375 5.91054e+07 
376 5.98849e+07 
377 6.08912e+07 
378 6.21206e+07 
379 6.35643e+07 
380 6.51431e+07 
381 6.68267e+07 
382 6.86642e+07 
383 7.06586e+07 
384 7.26578e+07 
385 7.46519e+07 
386 7.67016e+07 
387 7.87375e+07 
388 8.09759e+07 
389 8.33248e+07 
390 8.57638e+07 
391 8.8183e+07 
392 9.05547e+07 
393 9.29122e+07 
394 9.52644e+07 
395 9.75101e+07 
396 9.96728e+07 
397 1.01788e+08 
398 1.03836e+08 
399 1.0575e+08 
400 1.07591e+08 
401 1.09304e+08 
402 1.10965e+08 
403 1.1256e+08 
404 1.13994e+08 
405 1.152e+08 
406 1.16267e+08 
407 1.17166e+08 
408 1.17868e+08 
409 1.18516e+08 
410 1.19177e+08 
411 1.19779e+08 
412 1.20311e+08 
413 1.20738e+08 
414 1.21098e+08 
415 1.21409e+08 
416 1.21596e+08 
417 1.21641e+08 
418 1.21397e+08 
419 1.20825e+08 
420 1.2003e+08 
421 1.19055e+08 
422 1.17813e+08 
423 1.16354e+08 
424 1.1468e+08 
425 1.12747e+08 
426 1.1058e+08 
427 1.0821e+08 
428 1.05747e+08 
429 1.03165e+08 
430 1.00423e+08 
431 9.75971e+07 
432 9.4736e+07 
433 9.18499e+07 
434 8.90289e+07 
435 8.63344e+07 
436 8.38028e+07 
437 8.1383e+07 
438 7.90596e+07 
439 7.68762e+07 
440 7.48868e+07 
441 7.30931e+07 
442 7.14623e+07 
443 7.01336e+07 
444 6.90283e+07 
445 6.81216e+07 
446 6.74492e+07 
447 6.70758e+07 
448 6.69272e+07 
449 6.6987e+07 
450 6.72387e+07 
451 6.773e+07 
452 6.8275e+07 
453 6.88821e+07 
454 6.94657e+07 
455 7.02082e+07 
456 7.10102e+07 
457 7.19365e+07 
458 7.29155e+07 
459 7.38922e+07 
460 7.48775e+07 
461 7.57975e+07 
462 7.66723e+07 
463 7.7406e+07 
464 7.80635e+07 
465 7.86068e+07 
466 7.91453e+07 
467 7.97725e+07 
468 8.05996e+07 
469 8.16141e+07 
470 8.28491e+07 
471 8.41497e+07 
472 8.53923e+07 
473 8.6527e+07 
474 8.74955e+07 
475 8.82581e+07 
476 8.88762e+07 
477 8.91747e+07 
478 8.92519e+07 
479 8.92099e+07 
480 8.89738e+07 
481 8.85821e+07 
482 8.80471e+07 
483 8.7509e+07 
484 8.7126e+07 
485 8.68518e+07 
486 8.65697e+07 
487 8.63364e+07 
488 8.61379e+07 
489 8.60484e+07 
490 8.60529e+07 
491 8.62324e+07 
492 8.64624e+07 
493 8.67943e+07 
494 8.70749e+07 
495 8.74517e+07 
496 8.78088e+07 
497 8.80846e+07 
498 8.82798e+07 
499 8.85005e+07 
500 8.86837e+07 
501 8.89197e+07 
502 8.92991e+07 
503 8.97934e+07 
504 9.03673e+07 
505 9.09644e+07 
506 9.16034e+07 
507 9.23665e+07 
508 9.32501e+07 
509 9.42383e+07 
510 9.53389e+07 
511 9.65447e+07 
512 9.78596e+07 
513 9.92604e+07 
514 1.00587e+08 
515 1.01859e+08 
516 1.03035e+08 
517 1.04078e+08 
518 1.04863e+08 
519 1.05485e+08 
520 1.05778e+08 
521 1.05723e+08 
522 1.05276e+08 
523 1.04551e+08 
524 1.03592e+08 
525 1.0241e+08 
526 1.01064e+08 
527 9.96298e+07 
528 9.8179e+07 
529 9.68073e+07 
530 9.55804e+07 
531 9.447e+07 
532 9.35313e+07 
533 9.27038e+07 
534 9.19431e+07 
535 9.1371e+07 
536 9.09803e+07 
537 9.0736e+07 
538 9.05723e+07 
539 9.05079e+07 
540 9.04789e+07 
541 9.05343e+07 
542 9.0538e+07 
543 9.04668e+07 
544 9.02128e+07 
545 8.97341e+07 
546 8.90341e+07 
547 8.81853e+07 
548 8.72076e+07 
549 8.6255e+07 
550 8.52514e+07 
551 8.40963e+07 
552 8.28752e+07 
553 8.16737e+07 
554 8.04843e+07 
555 7.93053e+07 
556 7.80473e+07 
557 7.67358e+07 
558 7.54346e+07 
559 7.42077e+07 
560 7.30321e+07 
561 7.18832e+07 
562 7.06545e+07 
563 6.93682e+07 
564 6.79266e+07 
565 6.63711e+07 
566 6.46805e+07 
567 6.2963e+07 
568 6.11879e+07 
569 5.9364e+07 
570 5.74746e+07 
571 5.56106e+07 
572 5.37578e+07 
573 5.20006e+07 
574 5.04056e+07 
575 4.89041e+07 
576 4.75609e+07 
577 4.63548e+07 
578 4.52719e+07 
579 4.4341e+07 
580 4.35669e+07 
581 4.28908e+07 
582 4.22733e+07 
583 4.16552e+07 
584 4.10208e+07 
585 4.03421e+07 
586 3.95696e+07 
587 3.88166e+07 
588 3.80708e+07 
589 3.74021e+07 
590 3.6826e+07 
591 3.6345e+07 
592 3.59417e+07 
593 3.56762e+07 
594 3.55245e+07 
595 3.55621e+07 
596 3.57678e+07 
597 3.61065e+07 
598 3.65937e+07 
599 3.71386e+07 
600 3.76771e+07 
601 3.82537e+07 
602 3.88866e+07 
603 3.95819e+07 
604 4.02494e+07 
605 4.08074e+07 
606 4.12729e+07 
607 4.1585e+07 
608 4.17634e+07 
609 4.16771e+07 
610 4.12859e+07 
611 4.06121e+07 
612 3.96975e+07 
613 3.86511e+07 
614 3.7511e+07 
615 3.62915e+07 
616 3.50431e+07 
617 3.37556e+07 
618 3.24476e+07 
619 3.11418e+07 
620 2.98902e+07 
621 2.86912e+07 
622 2.75927e+07 
623 2.66036e+07 
624 2.57739e+07 
625 2.50347e+07 
626 2.44047e+07 
627 2.38264e+07 
628 2.32989e+07 
629 2.28648e+07 
630 2.2472e+07 
631 2.21331e+07 
632 2.18686e+07 
633 2.16206e+07 
634 2.13947e+07 
635 2.1154e+07 
636 2.09135e+07 
637 2.07268e+07 
638 2.05882e+07 
639 2.04692e+07 
640 2.04288e+07 
641 2.04678e+07 
642 2.05452e+07 
643 2.06161e+07 
644 2.0688e+07 
645 2.07872e+07 
646 2.0935e+07 
647 2.11102e+07 
648 2.13076e+07 
649 2.14894e+07 
650 2.16179e+07 
651 2.17515e+07 
652 2.18285e+07 
653 2.18597e+07 
654 2.18537e+07 
655 2.17766e+07 
656 2.16659e+07 
657 2.14786e+07 
658 2.12439e+07 
659 2.09334e+07 
660 2.05738e+07 
661 2.01316e+07 
662 1.96397e+07 
663 1.90954e+07 
664 1.85302e+07 
665 1.79646e+07 
666 1.74411e+07 
667 1.69567e+07 
668 1.65206e+07 
669 1.61225e+07 
670 1.5776e+07 
671 1.54437e+07 
672 1.51075e+07 
673 1.48239e+07 
674 1.45312e+07 
675 1.42616e+07 
676 1.39742e+07 
677 1.37073e+07 
678 1.34161e+07 
679 1.31237e+07 
680 1.27815e+07 
681 1.23945e+07 
682 1.19226e+07 
683 1.13221e+07 
684 1.06467e+07 
685 9.91504e+06 
686 9.15857e+06 
687 8.40433e+06 
688 7.67934e+06 
689 7.00058e+06 
690 6.39675e+06 
691 5.88446e+06 
692 5.44555e+06 
693 5.08696e+06 
694 4.7692e+06 
695 4.50898e+06 
696 4.30644e+06 
697 4.12547e+06 
698 3.987e+06 
699 3.87587e+06 
700 3.78228e+06 
701 3.71516e+06 
702 3.63988e+06 
703 3.57994e+06 
704 3.51212e+06 
705 3.41814e+06 
706 3.3143e+06 
707 3.1717e+06 
708 2.96823e+06 
709 2.72287e+06 
710 2.45163e+06 
711 2.18088e+06 
712 1.92062e+06 
713 1.69563e+06 
714 1.49631e+06 
715 1.33023e+06 
716 1.17849e+06 
717 1.04661e+06 
718 931907 
719 838627 
720 752625 
721 666226 
722 570953 
723 471862 
724 371424 
725 280252 
726 206373 
727 147811 
728 102899 
729 69106 
730 43271 
731 25003 
732 13880 
733 6938 
734 2989 
735 1110 
736 460 
737 157 
738 23 
739 4 
740 0 
741 0 
742 0 
743 0 
744 0 
745 0 
746 0 
747 0 
748 0 
749 0 
750 0 
751 0 
752 0 
753 0 
754 0 
755 0 
756 0 
757 0 
758 0 
759 0 
760 0 
761 0 
762 0 
763 0 
764 0 
765 0 
766 0 
767 0 
768 0 
769 0 
770 0 
771 0 
772 0 
773 0 
774 0 
775 0 
776 0 
777 0 
778 0 
779 0 
780 0 
781 0 
782 0 
783 0 
784 0 
785 0 
786 0 
787 0 
788 0 
789 0 
790 0 
791 0 
792 0 
793 0 
794 0 
795 0 
796 0 
797 0 
798 0 
799 0 
