0 0 
1 0 
2 0 
3 0 
4 0 
5 0 
6 0 
7 0 
8 0 
9 0 
10 0 
11 0 
12 0 
13 0 
14 0 
15 0 
16 0 
17 0 
18 0 
19 0 
20 0 
21 0 
22 0 
23 0 
24 0 
25 0 
26 0 
27 0 
28 0 
29 0 
30 0 
31 0 
32 0 
33 0 
34 0 
35 0 
36 0 
37 0 
38 0 
39 0 
40 0 
41 0 
42 0 
43 0 
44 0 
45 0 
46 0 
47 0 
48 0 
49 0 
50 0 
51 0 
52 0 
53 0 
54 0 
55 0 
56 0 
57 0 
58 0 
59 0 
60 0 
61 0 
62 0 
63 0 
64 0 
65 0 
66 0 
67 0 
68 0 
69 0 
70 0 
71 0 
72 0 
73 0 
74 0 
75 0 
76 0 
77 0 
78 0 
79 0 
80 0 
81 0 
82 0 
83 0 
84 0 
85 0 
86 0 
87 0 
88 0 
89 0 
90 0 
91 0 
92 0 
93 0 
94 0 
95 0 
96 0 
97 0 
98 0 
99 0 
100 0 
101 0 
102 0 
103 0 
104 0 
105 0 
106 0 
107 0 
108 0 
109 0 
110 0 
111 0 
112 0 
113 0 
114 0 
115 0 
116 0 
117 0 
118 0 
119 0 
120 0 
121 0 
122 0 
123 0 
124 0 
125 0 
126 0 
127 0 
128 0 
129 0 
130 0 
131 0 
132 0 
133 0 
134 0 
135 0 
136 0 
137 0 
138 0 
139 0 
140 0 
141 0 
142 0 
143 0 
144 0 
145 0 
146 0 
147 0 
148 0 
149 0 
150 0 
151 0 
152 0 
153 0 
154 0 
155 0 
156 0 
157 0 
158 0 
159 0 
160 0 
161 0 
162 0 
163 0 
164 0 
165 0 
166 0 
167 0 
168 0 
169 0 
170 0 
171 0 
172 0 
173 0 
174 0 
175 0 
176 0 
177 0 
178 0 
179 0 
180 0 
181 0 
182 0 
183 0 
184 0 
185 0 
186 0 
187 0 
188 0 
189 0 
190 0 
191 0 
192 0 
193 0 
194 0 
195 0 
196 0 
197 0 
198 0 
199 0 
200 0 
201 0 
202 0 
203 0 
204 0 
205 0 
206 0 
207 0 
208 0 
209 0 
210 0 
211 0 
212 0 
213 0 
214 0 
215 0 
216 0 
217 0 
218 0 
219 0 
220 0 
221 0 
222 0 
223 0 
224 0 
225 0 
226 0 
227 0 
228 0 
229 0 
230 0 
231 0 
232 0 
233 0 
234 0 
235 0 
236 0 
237 0 
238 0 
239 0 
240 0 
241 0 
242 0 
243 0 
244 0 
245 0 
246 0 
247 0 
248 0 
249 0 
250 0 
251 0 
252 0 
253 0 
254 0 
255 0 
256 0 
257 0 
258 0 
259 0 
260 0 
261 0 
262 0 
263 0 
264 0 
265 7 
266 135 
267 539 
268 1512 
269 3352 
270 5930 
271 10277 
272 17204 
273 30351 
274 53118 
275 89981 
276 147320 
277 229144 
278 340656 
279 493095 
280 703514 
281 969422 
282 1.28744e+06 
283 1.63614e+06 
284 2.00932e+06 
285 2.38459e+06 
286 2.75189e+06 
287 3.14505e+06 
288 3.55966e+06 
289 3.93846e+06 
290 4.24948e+06 
291 4.51464e+06 
292 4.79958e+06 
293 5.18079e+06 
294 5.64392e+06 
295 6.14803e+06 
296 6.7229e+06 
297 7.29467e+06 
298 7.83515e+06 
299 8.40481e+06 
300 9.07991e+06 
301 9.88773e+06 
302 1.07168e+07 
303 1.1589e+07 
304 1.24559e+07 
305 1.33186e+07 
306 1.40919e+07 
307 1.47788e+07 
308 1.53336e+07 
309 1.57529e+07 
310 1.60264e+07 
311 1.62204e+07 
312 1.63883e+07 
313 1.65425e+07 
314 1.67007e+07 
315 1.68501e+07 
316 1.70597e+07 
317 1.73801e+07 
318 1.78061e+07 
319 1.83075e+07 
320 1.89214e+07 
321 1.95431e+07 
322 2.0132e+07 
323 2.06667e+07 
324 2.10871e+07 
325 2.13134e+07 
326 2.1492e+07 
327 2.16591e+07 
328 2.18175e+07 
329 2.19789e+07 
330 2.21657e+07 
331 2.25375e+07 
332 2.30789e+07 
333 2.37065e+07 
334 2.43204e+07 
335 2.49913e+07 
336 2.57733e+07 
337 2.67351e+07 
338 2.78944e+07 
339 2.92062e+07 
340 3.06258e+07 
341 3.21224e+07 
342 3.37084e+07 
343 3.54458e+07 
344 3.74646e+07 
345 3.97994e+07 
346 4.23342e+07 
347 4.49448e+07 
348 4.7701e+07 
349 5.04794e+07 
350 5.32821e+07 
351 5.60754e+07 
352 5.87924e+07 
353 6.16218e+07 
354 6.4677e+07 
355 6.79383e+07 
356 7.15751e+07 
357 7.56423e+07 
358 8.01621e+07 
359 8.50806e+07 
360 9.05563e+07 
361 9.64864e+07 
362 1.028e+08 
363 1.0934e+08 
364 1.15944e+08 
365 1.22757e+08 
366 1.29816e+08 
367 1.37136e+08 
368 1.44499e+08 
369 1.51877e+08 
370 1.59031e+08 
371 1.66051e+08 
372 1.72892e+08 
373 1.8002e+08 
374 1.8749e+08 
375 1.95436e+08 
376 2.03787e+08 
377 2.12747e+08 
378 2.22503e+08 
379 2.32926e+08 
380 2.43796e+08 
381 2.55015e+08 
382 2.66871e+08 
383 2.79231e+08 
384 2.92009e+08 
385 3.05191e+08 
386 3.18799e+08 
387 3.32996e+08 
388 3.47592e+08 
389 3.62428e+08 
390 3.77355e+08 
391 3.92042e+08 
392 4.06634e+08 
393 4.211e+08 
394 4.35338e+08 
395 4.48376e+08 
396 4.59664e+08 
397 4.68824e+08 
398 4.75579e+08 
399 4.79222e+08 
400 4.79423e+08 
401 4.76229e+08 
402 4.70355e+08 
403 4.62339e+08 
404 4.52798e+08 
405 4.42067e+08 
406 4.29955e+08 
407 4.16557e+08 
408 4.02768e+08 
409 3.88547e+08 
410 3.74248e+08 
411 3.59885e+08 
412 3.45806e+08 
413 3.32313e+08 
414 3.18905e+08 
415 3.05687e+08 
416 2.92765e+08 
417 2.80062e+08 
418 2.6762e+08 
419 2.55512e+08 
420 2.4359e+08 
421 2.31895e+08 
422 2.20338e+08 
423 2.09053e+08 
424 1.98043e+08 
425 1.87346e+08 
426 1.77084e+08 
427 1.67568e+08 
428 1.58713e+08 
429 1.50435e+08 
430 1.4272e+08 
431 1.35329e+08 
432 1.28463e+08 
433 1.22166e+08 
434 1.16255e+08 
435 1.10597e+08 
436 1.05193e+08 
437 1.00081e+08 
438 9.52745e+07 
439 9.0853e+07 
440 8.6712e+07 
441 8.28424e+07 
442 7.93224e+07 
443 7.5967e+07 
444 7.27975e+07 
445 6.98874e+07 
446 6.72256e+07 
447 6.46904e+07 
448 6.21701e+07 
449 5.97467e+07 
450 5.75705e+07 
451 5.5712e+07 
452 5.42458e+07 
453 5.30012e+07 
454 5.18541e+07 
455 5.07149e+07 
456 4.97261e+07 
457 4.8995e+07 
458 4.85455e+07 
459 4.8474e+07 
460 4.86757e+07 
461 4.89788e+07 
462 4.92676e+07 
463 4.92566e+07 
464 4.87907e+07 
465 4.80117e+07 
466 4.70364e+07 
467 4.60032e+07 
468 4.50018e+07 
469 4.40457e+07 
470 4.30792e+07 
471 4.2201e+07 
472 4.13087e+07 
473 4.05407e+07 
474 3.96956e+07 
475 3.89005e+07 
476 3.83052e+07 
477 3.77954e+07 
478 3.73658e+07 
479 3.68141e+07 
480 3.60175e+07 
481 3.50228e+07 
482 3.37931e+07 
483 3.2392e+07 
484 3.08163e+07 
485 2.91539e+07 
486 2.73707e+07 
487 2.54683e+07 
488 2.34958e+07 
489 2.1471e+07 
490 1.94227e+07 
491 1.73604e+07 
492 1.53348e+07 
493 1.33738e+07 
494 1.15474e+07 
495 9.90131e+06 
496 8.46443e+06 
497 7.2193e+06 
498 6.14099e+06 
499 5.22953e+06 
500 4.48204e+06 
501 3.83771e+06 
502 3.26288e+06 
503 2.75359e+06 
504 2.2791e+06 
505 1.82194e+06 
506 1.4102e+06 
507 1.04768e+06 
508 765101 
509 556685 
510 403041 
511 280604 
512 181402 
513 112827 
514 70358 
515 42131 
516 24587 
517 13015 
518 6289 
519 2573 
520 866 
521 235 
522 66 
523 5 
524 0 
525 0 
526 0 
527 0 
528 0 
529 0 
530 0 
531 0 
532 0 
533 0 
534 0 
535 0 
536 0 
537 0 
538 0 
539 0 
540 0 
541 0 
542 0 
543 0 
544 0 
545 0 
546 0 
547 0 
548 0 
549 0 
550 0 
551 0 
552 0 
553 0 
554 0 
555 0 
556 0 
557 0 
558 0 
559 0 
560 0 
561 0 
562 0 
563 0 
564 0 
565 0 
566 0 
567 0 
568 0 
569 0 
570 0 
571 0 
572 0 
573 0 
574 0 
575 0 
576 0 
577 0 
578 0 
579 0 
580 0 
581 0 
582 0 
583 0 
584 0 
585 0 
586 0 
587 0 
588 0 
589 0 
590 0 
591 0 
592 0 
593 0 
594 0 
595 0 
596 0 
597 0 
598 0 
599 0 
600 0 
601 0 
602 0 
603 0 
604 0 
605 0 
606 0 
607 0 
608 0 
609 0 
610 0 
611 0 
612 0 
613 0 
614 0 
615 0 
616 0 
617 0 
618 0 
619 0 
620 0 
621 0 
622 0 
623 0 
624 0 
625 0 
626 0 
627 0 
628 0 
629 0 
630 0 
631 0 
632 0 
633 0 
634 0 
635 0 
636 0 
637 0 
638 0 
639 0 
640 0 
641 0 
642 0 
643 0 
644 0 
645 0 
646 0 
647 0 
648 0 
649 0 
650 0 
651 0 
652 0 
653 0 
654 0 
655 0 
656 0 
657 0 
658 0 
659 0 
660 0 
661 0 
662 0 
663 0 
664 0 
665 0 
666 0 
667 0 
668 0 
669 0 
670 0 
671 0 
672 0 
673 0 
674 0 
675 0 
676 0 
677 0 
678 0 
679 0 
680 0 
681 0 
682 0 
683 0 
684 0 
685 0 
686 0 
687 0 
688 0 
689 0 
690 0 
691 0 
692 0 
693 0 
694 0 
695 0 
696 0 
697 0 
698 0 
699 0 
700 0 
701 0 
702 0 
703 0 
704 0 
705 0 
706 0 
707 0 
708 0 
709 0 
710 0 
711 0 
712 0 
713 0 
714 0 
715 0 
716 0 
717 0 
718 0 
719 0 
720 0 
721 0 
722 0 
723 0 
724 0 
725 0 
726 0 
727 0 
728 0 
729 0 
730 0 
731 0 
732 0 
733 0 
734 0 
735 0 
736 0 
737 0 
738 0 
739 0 
740 0 
741 0 
742 0 
743 0 
744 0 
745 0 
746 0 
747 0 
748 0 
749 0 
750 0 
751 0 
752 0 
753 0 
754 0 
755 0 
756 0 
757 0 
758 0 
759 0 
760 0 
761 0 
762 0 
763 0 
764 0 
765 0 
766 0 
767 0 
768 0 
769 0 
770 0 
771 0 
772 0 
773 0 
774 0 
775 0 
776 0 
777 0 
778 0 
779 0 
780 0 
781 0 
782 0 
783 0 
784 0 
785 0 
786 0 
787 0 
788 0 
789 0 
790 0 
791 0 
792 0 
793 0 
794 0 
795 0 
796 0 
797 0 
798 0 
799 0 
