0 0 
1 0 
2 0 
3 0 
4 0 
5 0 
6 0 
7 0 
8 0 
9 0 
10 0 
11 0 
12 0 
13 0 
14 0 
15 0 
16 0 
17 0 
18 0 
19 0 
20 0 
21 0 
22 0 
23 0 
24 0 
25 0 
26 0 
27 0 
28 0 
29 0 
30 0 
31 0 
32 0 
33 0 
34 0 
35 0 
36 0 
37 0 
38 0 
39 0 
40 0 
41 0 
42 0 
43 0 
44 0 
45 0 
46 0 
47 0 
48 0 
49 0 
50 0 
51 0 
52 0 
53 0 
54 0 
55 0 
56 0 
57 0 
58 0 
59 0 
60 0 
61 0 
62 0 
63 0 
64 0 
65 0 
66 0 
67 0 
68 0 
69 0 
70 0 
71 0 
72 0 
73 0 
74 0 
75 0 
76 0 
77 0 
78 0 
79 0 
80 0 
81 0 
82 0 
83 0 
84 0 
85 0 
86 0 
87 0 
88 0 
89 0 
90 0 
91 0 
92 0 
93 0 
94 0 
95 0 
96 0 
97 0 
98 0 
99 0 
100 0 
101 0 
102 0 
103 0 
104 0 
105 0 
106 0 
107 0 
108 0 
109 0 
110 0 
111 0 
112 0 
113 0 
114 0 
115 0 
116 0 
117 0 
118 0 
119 0 
120 0 
121 0 
122 0 
123 0 
124 0 
125 0 
126 0 
127 0 
128 0 
129 0 
130 0 
131 0 
132 0 
133 0 
134 0 
135 0 
136 0 
137 0 
138 0 
139 0 
140 0 
141 0 
142 0 
143 0 
144 0 
145 0 
146 0 
147 0 
148 0 
149 0 
150 0 
151 0 
152 0 
153 0 
154 0 
155 0 
156 0 
157 0 
158 0 
159 0 
160 0 
161 0 
162 0 
163 0 
164 0 
165 0 
166 0 
167 0 
168 0 
169 0 
170 0 
171 0 
172 0 
173 0 
174 0 
175 0 
176 0 
177 0 
178 0 
179 0 
180 0 
181 0 
182 0 
183 0 
184 0 
185 0 
186 0 
187 0 
188 0 
189 0 
190 0 
191 0 
192 0 
193 0 
194 0 
195 0 
196 0 
197 0 
198 0 
199 0 
200 0 
201 0 
202 0 
203 0 
204 0 
205 0 
206 0 
207 0 
208 0 
209 0 
210 0 
211 0 
212 0 
213 0 
214 0 
215 0 
216 0 
217 0 
218 0 
219 0 
220 0 
221 0 
222 0 
223 0 
224 0 
225 26 
226 123 
227 510 
228 1747 
229 4701 
230 9205 
231 16365 
232 27542 
233 46660 
234 75759 
235 113194 
236 164766 
237 232043 
238 322267 
239 442835 
240 608822 
241 832333 
242 1.11958e+06 
243 1.46218e+06 
244 1.85808e+06 
245 2.28465e+06 
246 2.70771e+06 
247 3.13764e+06 
248 3.5608e+06 
249 3.99436e+06 
250 4.43047e+06 
251 4.89669e+06 
252 5.35665e+06 
253 5.8004e+06 
254 6.23736e+06 
255 6.66969e+06 
256 7.12251e+06 
257 7.627e+06 
258 8.18669e+06 
259 8.77205e+06 
260 9.39063e+06 
261 1.00285e+07 
262 1.06405e+07 
263 1.11894e+07 
264 1.16688e+07 
265 1.20892e+07 
266 1.24706e+07 
267 1.28898e+07 
268 1.32936e+07 
269 1.37064e+07 
270 1.41178e+07 
271 1.45163e+07 
272 1.49642e+07 
273 1.55201e+07 
274 1.6174e+07 
275 1.69041e+07 
276 1.77288e+07 
277 1.86555e+07 
278 1.97005e+07 
279 2.08802e+07 
280 2.21458e+07 
281 2.35535e+07 
282 2.5124e+07 
283 2.6817e+07 
284 2.86916e+07 
285 3.07913e+07 
286 3.30942e+07 
287 3.55225e+07 
288 3.80079e+07 
289 4.06016e+07 
290 4.32821e+07 
291 4.60301e+07 
292 4.88603e+07 
293 5.17581e+07 
294 5.48668e+07 
295 5.81628e+07 
296 6.15557e+07 
297 6.49957e+07 
298 6.84121e+07 
299 7.17559e+07 
300 7.49967e+07 
301 7.80459e+07 
302 8.0871e+07 
303 8.35471e+07 
304 8.60669e+07 
305 8.8233e+07 
306 9.00976e+07 
307 9.17138e+07 
308 9.31296e+07 
309 9.44288e+07 
310 9.56615e+07 
311 9.67884e+07 
312 9.77602e+07 
313 9.86781e+07 
314 9.9611e+07 
315 1.00344e+08 
316 1.00748e+08 
317 1.00877e+08 
318 1.00679e+08 
319 1.00139e+08 
320 9.92118e+07 
321 9.804e+07 
322 9.66351e+07 
323 9.52111e+07 
324 9.38596e+07 
325 9.26949e+07 
326 9.17531e+07 
327 9.10149e+07 
328 9.04413e+07 
329 9.01535e+07 
330 9.0173e+07 
331 9.04449e+07 
332 9.09e+07 
333 9.13918e+07 
334 9.18502e+07 
335 9.22081e+07 
336 9.25406e+07 
337 9.30177e+07 
338 9.36942e+07 
339 9.45883e+07 
340 9.57678e+07 
341 9.70225e+07 
342 9.82528e+07 
343 9.95455e+07 
344 1.00996e+08 
345 1.02665e+08 
346 1.04502e+08 
347 1.06714e+08 
348 1.09168e+08 
349 1.11899e+08 
350 1.148e+08 
351 1.1772e+08 
352 1.2048e+08 
353 1.22885e+08 
354 1.25132e+08 
355 1.27292e+08 
356 1.29397e+08 
357 1.31436e+08 
358 1.33402e+08 
359 1.35184e+08 
360 1.36807e+08 
361 1.38323e+08 
362 1.39676e+08 
363 1.40749e+08 
364 1.41705e+08 
365 1.42715e+08 
366 1.43844e+08 
367 1.44987e+08 
368 1.46035e+08 
369 1.47049e+08 
370 1.47962e+08 
371 1.48789e+08 
372 1.49614e+08 
373 1.50462e+08 
374 1.51133e+08 
375 1.51848e+08 
376 1.52589e+08 
377 1.5323e+08 
378 1.53869e+08 
379 1.54503e+08 
380 1.55191e+08 
381 1.55823e+08 
382 1.56507e+08 
383 1.5722e+08 
384 1.58149e+08 
385 1.59521e+08 
386 1.61387e+08 
387 1.63566e+08 
388 1.6587e+08 
389 1.68275e+08 
390 1.70598e+08 
391 1.72916e+08 
392 1.75151e+08 
393 1.7706e+08 
394 1.78527e+08 
395 1.79456e+08 
396 1.79793e+08 
397 1.79566e+08 
398 1.78762e+08 
399 1.77266e+08 
400 1.75218e+08 
401 1.72748e+08 
402 1.70033e+08 
403 1.67125e+08 
404 1.64147e+08 
405 1.60991e+08 
406 1.57756e+08 
407 1.54352e+08 
408 1.50791e+08 
409 1.47169e+08 
410 1.43567e+08 
411 1.40156e+08 
412 1.36672e+08 
413 1.3316e+08 
414 1.29586e+08 
415 1.2608e+08 
416 1.22573e+08 
417 1.19091e+08 
418 1.15545e+08 
419 1.11832e+08 
420 1.08223e+08 
421 1.04807e+08 
422 1.01574e+08 
423 9.87328e+07 
424 9.62292e+07 
425 9.41937e+07 
426 9.24174e+07 
427 9.08618e+07 
428 8.94764e+07 
429 8.81906e+07 
430 8.69601e+07 
431 8.57536e+07 
432 8.45049e+07 
433 8.30623e+07 
434 8.1393e+07 
435 7.9353e+07 
436 7.70413e+07 
437 7.44634e+07 
438 7.16923e+07 
439 6.89071e+07 
440 6.6247e+07 
441 6.38267e+07 
442 6.17709e+07 
443 6.0084e+07 
444 5.88074e+07 
445 5.77856e+07 
446 5.69465e+07 
447 5.62878e+07 
448 5.57834e+07 
449 5.5322e+07 
450 5.48551e+07 
451 5.4348e+07 
452 5.38569e+07 
453 5.34196e+07 
454 5.30865e+07 
455 5.28561e+07 
456 5.27628e+07 
457 5.2774e+07 
458 5.27898e+07 
459 5.28893e+07 
460 5.30271e+07 
461 5.31834e+07 
462 5.32573e+07 
463 5.3322e+07 
464 5.33823e+07 
465 5.34412e+07 
466 5.35609e+07 
467 5.37465e+07 
468 5.39745e+07 
469 5.42509e+07 
470 5.45121e+07 
471 5.47747e+07 
472 5.49136e+07 
473 5.51385e+07 
474 5.54141e+07 
475 5.57694e+07 
476 5.62814e+07 
477 5.70201e+07 
478 5.79243e+07 
479 5.90152e+07 
480 6.04287e+07 
481 6.21819e+07 
482 6.43418e+07 
483 6.67457e+07 
484 6.92673e+07 
485 7.18095e+07 
486 7.42962e+07 
487 7.67242e+07 
488 7.88502e+07 
489 8.05832e+07 
490 8.19184e+07 
491 8.27894e+07 
492 8.33292e+07 
493 8.36551e+07 
494 8.37893e+07 
495 8.36107e+07 
496 8.31629e+07 
497 8.23546e+07 
498 8.12159e+07 
499 7.98645e+07 
500 7.82881e+07 
501 7.66221e+07 
502 7.49563e+07 
503 7.32624e+07 
504 7.1558e+07 
505 6.99529e+07 
506 6.8405e+07 
507 6.70042e+07 
508 6.58908e+07 
509 6.4927e+07 
510 6.41867e+07 
511 6.36638e+07 
512 6.32994e+07 
513 6.29782e+07 
514 6.2692e+07 
515 6.23687e+07 
516 6.19151e+07 
517 6.13104e+07 
518 6.05264e+07 
519 5.94582e+07 
520 5.8088e+07 
521 5.64134e+07 
522 5.45615e+07 
523 5.26287e+07 
524 5.06678e+07 
525 4.87846e+07 
526 4.70609e+07 
527 4.5619e+07 
528 4.4347e+07 
529 4.3201e+07 
530 4.21934e+07 
531 4.13955e+07 
532 4.07958e+07 
533 4.0398e+07 
534 4.00826e+07 
535 3.98132e+07 
536 3.96227e+07 
537 3.95703e+07 
538 3.95932e+07 
539 3.96494e+07 
540 3.98057e+07 
541 4.00558e+07 
542 4.03568e+07 
543 4.06202e+07 
544 4.08418e+07 
545 4.10243e+07 
546 4.11843e+07 
547 4.13521e+07 
548 4.14832e+07 
549 4.14828e+07 
550 4.1395e+07 
551 4.11799e+07 
552 4.08123e+07 
553 4.0293e+07 
554 3.96031e+07 
555 3.87261e+07 
556 3.7695e+07 
557 3.65836e+07 
558 3.55612e+07 
559 3.46117e+07 
560 3.37695e+07 
561 3.29884e+07 
562 3.23358e+07 
563 3.17831e+07 
564 3.12419e+07 
565 3.0615e+07 
566 2.98972e+07 
567 2.8975e+07 
568 2.78519e+07 
569 2.65886e+07 
570 2.5198e+07 
571 2.36885e+07 
572 2.21029e+07 
573 2.05619e+07 
574 1.91131e+07 
575 1.77564e+07 
576 1.64536e+07 
577 1.52365e+07 
578 1.40637e+07 
579 1.29282e+07 
580 1.18292e+07 
581 1.07753e+07 
582 9.75296e+06 
583 8.78763e+06 
584 7.88173e+06 
585 7.03977e+06 
586 6.26868e+06 
587 5.57689e+06 
588 4.96445e+06 
589 4.43755e+06 
590 4.00588e+06 
591 3.63897e+06 
592 3.31234e+06 
593 3.00481e+06 
594 2.70794e+06 
595 2.40386e+06 
596 2.11301e+06 
597 1.84224e+06 
598 1.60716e+06 
599 1.40457e+06 
600 1.23473e+06 
601 1.09324e+06 
602 981140 
603 882160 
604 803394 
605 735025 
606 663495 
607 589168 
608 510062 
609 438939 
610 378390 
611 318161 
612 262385 
613 207741 
614 160858 
615 121848 
616 89782 
617 64075 
618 44232 
619 29483 
620 18529 
621 10248 
622 5214 
623 2297 
624 790 
625 164 
626 60 
627 8 
628 0 
629 0 
630 0 
631 0 
632 0 
633 0 
634 0 
635 0 
636 0 
637 0 
638 0 
639 0 
640 0 
641 0 
642 0 
643 0 
644 0 
645 0 
646 0 
647 0 
648 0 
649 0 
650 0 
651 0 
652 0 
653 0 
654 0 
655 0 
656 0 
657 0 
658 0 
659 0 
660 0 
661 0 
662 0 
663 0 
664 0 
665 0 
666 0 
667 0 
668 0 
669 0 
670 0 
671 0 
672 0 
673 0 
674 0 
675 0 
676 0 
677 0 
678 0 
679 0 
680 0 
681 0 
682 0 
683 0 
684 0 
685 0 
686 0 
687 0 
688 0 
689 0 
690 0 
691 0 
692 0 
693 0 
694 0 
695 0 
696 0 
697 0 
698 0 
699 0 
700 0 
701 0 
702 0 
703 0 
704 0 
705 0 
706 0 
707 0 
708 0 
709 0 
710 0 
711 0 
712 0 
713 0 
714 0 
715 0 
716 0 
717 0 
718 0 
719 0 
720 0 
721 0 
722 0 
723 0 
724 0 
725 0 
726 0 
727 0 
728 0 
729 0 
730 0 
731 0 
732 0 
733 0 
734 0 
735 0 
736 0 
737 0 
738 0 
739 0 
740 0 
741 0 
742 0 
743 0 
744 0 
745 0 
746 0 
747 0 
748 0 
749 0 
750 0 
751 0 
752 0 
753 0 
754 0 
755 0 
756 0 
757 0 
758 0 
759 0 
760 0 
761 0 
762 0 
763 0 
764 0 
765 0 
766 0 
767 0 
768 0 
769 0 
770 0 
771 0 
772 0 
773 0 
774 0 
775 0 
776 0 
777 0 
778 0 
779 0 
780 0 
781 0 
782 0 
783 0 
784 0 
785 0 
786 0 
787 0 
788 0 
789 0 
790 0 
791 0 
792 0 
793 0 
794 0 
795 0 
796 0 
797 0 
798 0 
799 0 
