0 0 
1 0 
2 0 
3 0 
4 0 
5 0 
6 0 
7 0 
8 0 
9 0 
10 0 
11 0 
12 0 
13 0 
14 0 
15 0 
16 0 
17 0 
18 0 
19 0 
20 0 
21 0 
22 0 
23 0 
24 0 
25 0 
26 0 
27 0 
28 0 
29 0 
30 0 
31 0 
32 0 
33 0 
34 0 
35 0 
36 0 
37 0 
38 0 
39 0 
40 0 
41 0 
42 0 
43 0 
44 0 
45 0 
46 0 
47 0 
48 0 
49 0 
50 0 
51 0 
52 0 
53 0 
54 0 
55 0 
56 0 
57 0 
58 0 
59 0 
60 0 
61 0 
62 0 
63 0 
64 0 
65 0 
66 0 
67 0 
68 0 
69 0 
70 0 
71 0 
72 0 
73 0 
74 0 
75 0 
76 0 
77 0 
78 0 
79 0 
80 0 
81 0 
82 0 
83 0 
84 0 
85 0 
86 0 
87 0 
88 0 
89 0 
90 0 
91 0 
92 0 
93 0 
94 0 
95 0 
96 0 
97 0 
98 0 
99 0 
100 0 
101 0 
102 0 
103 0 
104 0 
105 0 
106 0 
107 0 
108 0 
109 0 
110 0 
111 0 
112 0 
113 0 
114 0 
115 0 
116 0 
117 0 
118 0 
119 0 
120 0 
121 0 
122 0 
123 0 
124 0 
125 0 
126 0 
127 0 
128 0 
129 0 
130 0 
131 0 
132 0 
133 0 
134 0 
135 0 
136 0 
137 0 
138 0 
139 0 
140 0 
141 0 
142 0 
143 0 
144 0 
145 0 
146 0 
147 0 
148 0 
149 0 
150 0 
151 0 
152 0 
153 0 
154 0 
155 0 
156 0 
157 0 
158 0 
159 0 
160 0 
161 0 
162 0 
163 0 
164 0 
165 0 
166 0 
167 0 
168 0 
169 0 
170 0 
171 0 
172 0 
173 0 
174 0 
175 0 
176 0 
177 0 
178 0 
179 0 
180 0 
181 0 
182 0 
183 0 
184 0 
185 0 
186 0 
187 0 
188 0 
189 0 
190 0 
191 0 
192 0 
193 0 
194 0 
195 0 
196 0 
197 0 
198 0 
199 0 
200 0 
201 0 
202 0 
203 0 
204 0 
205 0 
206 0 
207 0 
208 0 
209 2 
210 31 
211 126 
212 711 
213 2299 
214 5498 
215 11409 
216 22935 
217 40937 
218 67827 
219 107136 
220 165112 
221 242938 
222 346791 
223 468410 
224 613152 
225 781807 
226 975740 
227 1.20237e+06 
228 1.46047e+06 
229 1.75322e+06 
230 2.05605e+06 
231 2.3618e+06 
232 2.66099e+06 
233 2.96383e+06 
234 3.26483e+06 
235 3.57443e+06 
236 3.88973e+06 
237 4.19493e+06 
238 4.48266e+06 
239 4.75119e+06 
240 4.99011e+06 
241 5.17153e+06 
242 5.30199e+06 
243 5.37371e+06 
244 5.38671e+06 
245 5.37988e+06 
246 5.34951e+06 
247 5.31184e+06 
248 5.26328e+06 
249 5.2161e+06 
250 5.18284e+06 
251 5.1682e+06 
252 5.18167e+06 
253 5.23748e+06 
254 5.30564e+06 
255 5.3983e+06 
256 5.51946e+06 
257 5.63397e+06 
258 5.74174e+06 
259 5.84606e+06 
260 5.95019e+06 
261 6.05568e+06 
262 6.14395e+06 
263 6.23775e+06 
264 6.36052e+06 
265 6.51083e+06 
266 6.69646e+06 
267 6.88297e+06 
268 7.06386e+06 
269 7.26507e+06 
270 7.52103e+06 
271 7.8138e+06 
272 8.16093e+06 
273 8.5552e+06 
274 8.96261e+06 
275 9.37585e+06 
276 9.81253e+06 
277 1.02841e+07 
278 1.07562e+07 
279 1.12187e+07 
280 1.16405e+07 
281 1.20538e+07 
282 1.23904e+07 
283 1.26395e+07 
284 1.27911e+07 
285 1.28454e+07 
286 1.2839e+07 
287 1.2839e+07 
288 1.28457e+07 
289 1.29219e+07 
290 1.31057e+07 
291 1.34294e+07 
292 1.38758e+07 
293 1.44605e+07 
294 1.51175e+07 
295 1.58418e+07 
296 1.66198e+07 
297 1.74096e+07 
298 1.81917e+07 
299 1.89111e+07 
300 1.95916e+07 
301 2.02195e+07 
302 2.07497e+07 
303 2.11665e+07 
304 2.14099e+07 
305 2.1547e+07 
306 2.15688e+07 
307 2.14666e+07 
308 2.13192e+07 
309 2.11731e+07 
310 2.10803e+07 
311 2.1098e+07 
312 2.12077e+07 
313 2.14278e+07 
314 2.17759e+07 
315 2.22023e+07 
316 2.27432e+07 
317 2.34584e+07 
318 2.4292e+07 
319 2.53159e+07 
320 2.63954e+07 
321 2.75797e+07 
322 2.87617e+07 
323 2.9901e+07 
324 3.09817e+07 
325 3.19948e+07 
326 3.30415e+07 
327 3.40904e+07 
328 3.51739e+07 
329 3.62407e+07 
330 3.73511e+07 
331 3.85664e+07 
332 3.98348e+07 
333 4.11598e+07 
334 4.24791e+07 
335 4.37237e+07 
336 4.48402e+07 
337 4.5788e+07 
338 4.66378e+07 
339 4.73429e+07 
340 4.78709e+07 
341 4.82214e+07 
342 4.85015e+07 
343 4.88132e+07 
344 4.92365e+07 
345 4.97781e+07 
346 5.05374e+07 
347 5.14452e+07 
348 5.25064e+07 
349 5.36896e+07 
350 5.50354e+07 
351 5.66206e+07 
352 5.85741e+07 
353 6.10427e+07 
354 6.38898e+07 
355 6.70859e+07 
356 7.05993e+07 
357 7.44168e+07 
358 7.85152e+07 
359 8.28591e+07 
360 8.74774e+07 
361 9.25047e+07 
362 9.77848e+07 
363 1.03309e+08 
364 1.09006e+08 
365 1.1484e+08 
366 1.20879e+08 
367 1.27062e+08 
368 1.33377e+08 
369 1.39689e+08 
370 1.46052e+08 
371 1.52501e+08 
372 1.5905e+08 
373 1.6585e+08 
374 1.72903e+08 
375 1.80303e+08 
376 1.87876e+08 
377 1.95573e+08 
378 2.03242e+08 
379 2.10781e+08 
380 2.18265e+08 
381 2.25548e+08 
382 2.32883e+08 
383 2.40309e+08 
384 2.47791e+08 
385 2.55411e+08 
386 2.63028e+08 
387 2.70576e+08 
388 2.78022e+08 
389 2.85052e+08 
390 2.91587e+08 
391 2.97795e+08 
392 3.03699e+08 
393 3.09209e+08 
394 3.14306e+08 
395 3.18723e+08 
396 3.22569e+08 
397 3.25916e+08 
398 3.28628e+08 
399 3.306e+08 
400 3.31435e+08 
401 3.30841e+08 
402 3.29021e+08 
403 3.25936e+08 
404 3.21736e+08 
405 3.16623e+08 
406 3.10664e+08 
407 3.03964e+08 
408 2.96598e+08 
409 2.88721e+08 
410 2.80443e+08 
411 2.72207e+08 
412 2.64313e+08 
413 2.56894e+08 
414 2.50005e+08 
415 2.43532e+08 
416 2.37579e+08 
417 2.31978e+08 
418 2.26674e+08 
419 2.21615e+08 
420 2.16699e+08 
421 2.11979e+08 
422 2.0749e+08 
423 2.03261e+08 
424 1.99174e+08 
425 1.95241e+08 
426 1.91437e+08 
427 1.87657e+08 
428 1.83975e+08 
429 1.80438e+08 
430 1.76979e+08 
431 1.7364e+08 
432 1.70291e+08 
433 1.66862e+08 
434 1.63439e+08 
435 1.59879e+08 
436 1.56232e+08 
437 1.52555e+08 
438 1.48826e+08 
439 1.44923e+08 
440 1.40848e+08 
441 1.36639e+08 
442 1.32353e+08 
443 1.28153e+08 
444 1.23994e+08 
445 1.1982e+08 
446 1.15494e+08 
447 1.11015e+08 
448 1.06329e+08 
449 1.01637e+08 
450 9.70118e+07 
451 9.24432e+07 
452 8.79439e+07 
453 8.35971e+07 
454 7.96302e+07 
455 7.60541e+07 
456 7.28568e+07 
457 7.00107e+07 
458 6.75412e+07 
459 6.54554e+07 
460 6.36548e+07 
461 6.21466e+07 
462 6.08779e+07 
463 5.98399e+07 
464 5.89671e+07 
465 5.82036e+07 
466 5.74752e+07 
467 5.67668e+07 
468 5.60233e+07 
469 5.5278e+07 
470 5.44923e+07 
471 5.3753e+07 
472 5.30443e+07 
473 5.23658e+07 
474 5.16488e+07 
475 5.09155e+07 
476 5.00997e+07 
477 4.92004e+07 
478 4.82233e+07 
479 4.71964e+07 
480 4.60932e+07 
481 4.49284e+07 
482 4.37693e+07 
483 4.26133e+07 
484 4.14289e+07 
485 4.03026e+07 
486 3.91846e+07 
487 3.80236e+07 
488 3.68551e+07 
489 3.57175e+07 
490 3.46175e+07 
491 3.34474e+07 
492 3.22522e+07 
493 3.10264e+07 
494 2.9793e+07 
495 2.85375e+07 
496 2.72256e+07 
497 2.59317e+07 
498 2.47038e+07 
499 2.35916e+07 
500 2.25963e+07 
501 2.17112e+07 
502 2.08841e+07 
503 2.01481e+07 
504 1.95414e+07 
505 1.90382e+07 
506 1.86552e+07 
507 1.83563e+07 
508 1.80967e+07 
509 1.78086e+07 
510 1.75344e+07 
511 1.72448e+07 
512 1.69469e+07 
513 1.66698e+07 
514 1.63906e+07 
515 1.60988e+07 
516 1.58083e+07 
517 1.55364e+07 
518 1.52946e+07 
519 1.51157e+07 
520 1.49733e+07 
521 1.49248e+07 
522 1.49519e+07 
523 1.50868e+07 
524 1.53749e+07 
525 1.5761e+07 
526 1.6223e+07 
527 1.67401e+07 
528 1.72605e+07 
529 1.77856e+07 
530 1.83008e+07 
531 1.87967e+07 
532 1.92631e+07 
533 1.96617e+07 
534 2.00253e+07 
535 2.02915e+07 
536 2.04943e+07 
537 2.06504e+07 
538 2.06878e+07 
539 2.05847e+07 
540 2.03638e+07 
541 2.00293e+07 
542 1.95963e+07 
543 1.91053e+07 
544 1.85306e+07 
545 1.79086e+07 
546 1.72364e+07 
547 1.65171e+07 
548 1.56836e+07 
549 1.47557e+07 
550 1.37802e+07 
551 1.28173e+07 
552 1.18712e+07 
553 1.09355e+07 
554 1.0027e+07 
555 9.16667e+06 
556 8.33306e+06 
557 7.53347e+06 
558 6.77584e+06 
559 6.09687e+06 
560 5.49873e+06 
561 4.97992e+06 
562 4.53492e+06 
563 4.15711e+06 
564 3.79776e+06 
565 3.49892e+06 
566 3.23668e+06 
567 3.01705e+06 
568 2.82185e+06 
569 2.65865e+06 
570 2.51095e+06 
571 2.38646e+06 
572 2.2809e+06 
573 2.17931e+06 
574 2.08958e+06 
575 1.99903e+06 
576 1.90416e+06 
577 1.81306e+06 
578 1.70975e+06 
579 1.59104e+06 
580 1.45019e+06 
581 1.30329e+06 
582 1.16577e+06 
583 1.0349e+06 
584 910238 
585 794458 
586 674789 
587 559516 
588 457447 
589 375231 
590 309444 
591 256641 
592 212138 
593 175459 
594 145480 
595 122970 
596 104140 
597 89071 
598 75216 
599 60841 
600 47595 
601 35278 
602 23977 
603 14455 
604 7795 
605 4143 
606 2282 
607 1070 
608 440 
609 115 
610 12 
611 2 
612 0 
613 0 
614 0 
615 0 
616 0 
617 0 
618 0 
619 0 
620 0 
621 0 
622 0 
623 0 
624 0 
625 0 
626 0 
627 0 
628 0 
629 0 
630 0 
631 0 
632 0 
633 0 
634 0 
635 0 
636 0 
637 0 
638 0 
639 0 
640 0 
641 0 
642 0 
643 0 
644 0 
645 0 
646 0 
647 0 
648 0 
649 0 
650 0 
651 0 
652 0 
653 0 
654 0 
655 0 
656 0 
657 0 
658 0 
659 0 
660 0 
661 0 
662 0 
663 0 
664 0 
665 0 
666 0 
667 0 
668 0 
669 0 
670 0 
671 0 
672 0 
673 0 
674 0 
675 0 
676 0 
677 0 
678 0 
679 0 
680 0 
681 0 
682 0 
683 0 
684 0 
685 0 
686 0 
687 0 
688 0 
689 0 
690 0 
691 0 
692 0 
693 0 
694 0 
695 0 
696 0 
697 0 
698 0 
699 0 
700 0 
701 0 
702 0 
703 0 
704 0 
705 0 
706 0 
707 0 
708 0 
709 0 
710 0 
711 0 
712 0 
713 0 
714 0 
715 0 
716 0 
717 0 
718 0 
719 0 
720 0 
721 0 
722 0 
723 0 
724 0 
725 0 
726 0 
727 0 
728 0 
729 0 
730 0 
731 0 
732 0 
733 0 
734 0 
735 0 
736 0 
737 0 
738 0 
739 0 
740 0 
741 0 
742 0 
743 0 
744 0 
745 0 
746 0 
747 0 
748 0 
749 0 
750 0 
751 0 
752 0 
753 0 
754 0 
755 0 
756 0 
757 0 
758 0 
759 0 
760 0 
761 0 
762 0 
763 0 
764 0 
765 0 
766 0 
767 0 
768 0 
769 0 
770 0 
771 0 
772 0 
773 0 
774 0 
775 0 
776 0 
777 0 
778 0 
779 0 
780 0 
781 0 
782 0 
783 0 
784 0 
785 0 
786 0 
787 0 
788 0 
789 0 
790 0 
791 0 
792 0 
793 0 
794 0 
795 0 
796 0 
797 0 
798 0 
799 0 
