0 0 
1 0 
2 0 
3 0 
4 0 
5 0 
6 0 
7 0 
8 0 
9 0 
10 0 
11 0 
12 0 
13 0 
14 0 
15 0 
16 0 
17 0 
18 0 
19 0 
20 0 
21 0 
22 0 
23 0 
24 0 
25 0 
26 0 
27 0 
28 0 
29 0 
30 0 
31 0 
32 0 
33 0 
34 0 
35 0 
36 0 
37 0 
38 0 
39 0 
40 0 
41 0 
42 0 
43 0 
44 0 
45 0 
46 0 
47 0 
48 0 
49 0 
50 0 
51 0 
52 0 
53 0 
54 0 
55 0 
56 0 
57 0 
58 0 
59 0 
60 0 
61 0 
62 0 
63 0 
64 0 
65 0 
66 0 
67 0 
68 0 
69 0 
70 0 
71 0 
72 0 
73 0 
74 0 
75 0 
76 0 
77 0 
78 0 
79 0 
80 0 
81 0 
82 0 
83 0 
84 0 
85 0 
86 0 
87 0 
88 0 
89 0 
90 0 
91 0 
92 0 
93 0 
94 0 
95 0 
96 0 
97 0 
98 0 
99 0 
100 0 
101 0 
102 0 
103 0 
104 0 
105 0 
106 0 
107 0 
108 0 
109 0 
110 0 
111 0 
112 0 
113 0 
114 0 
115 0 
116 0 
117 0 
118 0 
119 0 
120 0 
121 0 
122 0 
123 0 
124 0 
125 0 
126 0 
127 0 
128 0 
129 0 
130 0 
131 0 
132 0 
133 0 
134 0 
135 0 
136 0 
137 0 
138 0 
139 0 
140 0 
141 0 
142 0 
143 0 
144 0 
145 0 
146 0 
147 0 
148 0 
149 0 
150 0 
151 0 
152 0 
153 0 
154 0 
155 0 
156 0 
157 0 
158 0 
159 0 
160 0 
161 0 
162 0 
163 0 
164 0 
165 0 
166 0 
167 0 
168 0 
169 0 
170 0 
171 0 
172 0 
173 0 
174 0 
175 0 
176 0 
177 0 
178 0 
179 0 
180 0 
181 0 
182 0 
183 0 
184 0 
185 0 
186 0 
187 0 
188 0 
189 0 
190 0 
191 0 
192 0 
193 0 
194 0 
195 0 
196 0 
197 0 
198 0 
199 0 
200 0 
201 0 
202 0 
203 0 
204 0 
205 0 
206 0 
207 0 
208 0 
209 0 
210 0 
211 0 
212 0 
213 0 
214 0 
215 0 
216 0 
217 0 
218 0 
219 0 
220 0 
221 0 
222 0 
223 0 
224 0 
225 0 
226 0 
227 0 
228 0 
229 0 
230 0 
231 0 
232 0 
233 0 
234 0 
235 0 
236 0 
237 0 
238 0 
239 0 
240 0 
241 0 
242 0 
243 0 
244 0 
245 0 
246 0 
247 0 
248 0 
249 0 
250 0 
251 0 
252 0 
253 0 
254 0 
255 0 
256 0 
257 0 
258 0 
259 0 
260 0 
261 0 
262 0 
263 0 
264 0 
265 0 
266 0 
267 0 
268 0 
269 0 
270 0 
271 0 
272 0 
273 0 
274 0 
275 0 
276 0 
277 0 
278 0 
279 0 
280 0 
281 0 
282 0 
283 0 
284 0 
285 0 
286 0 
287 0 
288 0 
289 0 
290 0 
291 0 
292 0 
293 1 
294 28 
295 155 
296 662 
297 2010 
298 5516 
299 11706 
300 20887 
301 35066 
302 53518 
303 81221 
304 114239 
305 158577 
306 216426 
307 288222 
308 373330 
309 474220 
310 592326 
311 725041 
312 862754 
313 1.00104e+06 
314 1.14539e+06 
315 1.27375e+06 
316 1.40317e+06 
317 1.53103e+06 
318 1.6699e+06 
319 1.81109e+06 
320 1.94954e+06 
321 2.09039e+06 
322 2.22716e+06 
323 2.35222e+06 
324 2.45456e+06 
325 2.53508e+06 
326 2.58019e+06 
327 2.57469e+06 
328 2.5044e+06 
329 2.3812e+06 
330 2.22437e+06 
331 2.0623e+06 
332 1.88778e+06 
333 1.71939e+06 
334 1.57828e+06 
335 1.46458e+06 
336 1.3808e+06 
337 1.33433e+06 
338 1.31149e+06 
339 1.3274e+06 
340 1.37812e+06 
341 1.44015e+06 
342 1.50317e+06 
343 1.56305e+06 
344 1.62055e+06 
345 1.68242e+06 
346 1.74678e+06 
347 1.83132e+06 
348 1.94601e+06 
349 2.0926e+06 
350 2.29287e+06 
351 2.56237e+06 
352 2.914e+06 
353 3.35144e+06 
354 3.89003e+06 
355 4.50748e+06 
356 5.20527e+06 
357 5.96222e+06 
358 6.73875e+06 
359 7.53426e+06 
360 8.31556e+06 
361 9.08953e+06 
362 9.83542e+06 
363 1.05504e+07 
364 1.12887e+07 
365 1.20596e+07 
366 1.2875e+07 
367 1.36828e+07 
368 1.4502e+07 
369 1.52946e+07 
370 1.60905e+07 
371 1.68726e+07 
372 1.75876e+07 
373 1.82573e+07 
374 1.88844e+07 
375 1.95796e+07 
376 2.03315e+07 
377 2.11101e+07 
378 2.19004e+07 
379 2.27303e+07 
380 2.35735e+07 
381 2.4537e+07 
382 2.56194e+07 
383 2.67979e+07 
384 2.80201e+07 
385 2.93091e+07 
386 3.06704e+07 
387 3.20832e+07 
388 3.35549e+07 
389 3.5084e+07 
390 3.66036e+07 
391 3.8066e+07 
392 3.94152e+07 
393 4.07105e+07 
394 4.20614e+07 
395 4.34327e+07 
396 4.48016e+07 
397 4.60114e+07 
398 4.70213e+07 
399 4.79569e+07 
400 4.8839e+07 
401 4.96771e+07 
402 5.05401e+07 
403 5.1441e+07 
404 5.23103e+07 
405 5.313e+07 
406 5.39378e+07 
407 5.47447e+07 
408 5.54739e+07 
409 5.60221e+07 
410 5.63742e+07 
411 5.64248e+07 
412 5.62759e+07 
413 5.59413e+07 
414 5.53662e+07 
415 5.46965e+07 
416 5.3882e+07 
417 5.28693e+07 
418 5.16308e+07 
419 5.02884e+07 
420 4.88621e+07 
421 4.74579e+07 
422 4.61198e+07 
423 4.49653e+07 
424 4.39295e+07 
425 4.3051e+07 
426 4.23299e+07 
427 4.17518e+07 
428 4.12611e+07 
429 4.08863e+07 
430 4.06279e+07 
431 4.04196e+07 
432 4.0194e+07 
433 4.00109e+07 
434 4.00336e+07 
435 4.03489e+07 
436 4.09589e+07 
437 4.19395e+07 
438 4.32661e+07 
439 4.5012e+07 
440 4.71108e+07 
441 4.94608e+07 
442 5.19582e+07 
443 5.45403e+07 
444 5.71133e+07 
445 5.96545e+07 
446 6.21134e+07 
447 6.45147e+07 
448 6.68008e+07 
449 6.90346e+07 
450 7.11635e+07 
451 7.30593e+07 
452 7.4687e+07 
453 7.60086e+07 
454 7.70015e+07 
455 7.78721e+07 
456 7.84863e+07 
457 7.88508e+07 
458 7.89541e+07 
459 7.87952e+07 
460 7.85032e+07 
461 7.80871e+07 
462 7.74461e+07 
463 7.66186e+07 
464 7.55669e+07 
465 7.43213e+07 
466 7.29134e+07 
467 7.13009e+07 
468 6.94638e+07 
469 6.72632e+07 
470 6.48086e+07 
471 6.22816e+07 
472 5.97634e+07 
473 5.7371e+07 
474 5.50883e+07 
475 5.30205e+07 
476 5.1214e+07 
477 4.97229e+07 
478 4.85324e+07 
479 4.76775e+07 
480 4.70648e+07 
481 4.667e+07 
482 4.63361e+07 
483 4.60982e+07 
484 4.59695e+07 
485 4.60028e+07 
486 4.62978e+07 
487 4.68635e+07 
488 4.76665e+07 
489 4.86999e+07 
490 4.98446e+07 
491 5.09777e+07 
492 5.20786e+07 
493 5.30625e+07 
494 5.40482e+07 
495 5.51317e+07 
496 5.63136e+07 
497 5.75827e+07 
498 5.89425e+07 
499 6.03583e+07 
500 6.18721e+07 
501 6.34938e+07 
502 6.51457e+07 
503 6.67507e+07 
504 6.82964e+07 
505 6.98831e+07 
506 7.1593e+07 
507 7.34399e+07 
508 7.5459e+07 
509 7.76108e+07 
510 7.99331e+07 
511 8.22873e+07 
512 8.45669e+07 
513 8.66516e+07 
514 8.84227e+07 
515 8.98155e+07 
516 9.07494e+07 
517 9.13259e+07 
518 9.14715e+07 
519 9.12032e+07 
520 9.0585e+07 
521 8.97652e+07 
522 8.87068e+07 
523 8.75371e+07 
524 8.6372e+07 
525 8.52524e+07 
526 8.417e+07 
527 8.30796e+07 
528 8.19734e+07 
529 8.09032e+07 
530 7.96938e+07 
531 7.83944e+07 
532 7.70566e+07 
533 7.57131e+07 
534 7.4536e+07 
535 7.3468e+07 
536 7.25091e+07 
537 7.17207e+07 
538 7.09621e+07 
539 7.0309e+07 
540 6.9836e+07 
541 6.9581e+07 
542 6.95935e+07 
543 6.98028e+07 
544 7.01427e+07 
545 7.05525e+07 
546 7.08988e+07 
547 7.12245e+07 
548 7.15301e+07 
549 7.17604e+07 
550 7.1821e+07 
551 7.16643e+07 
552 7.12507e+07 
553 7.07918e+07 
554 7.03878e+07 
555 7.00292e+07 
556 6.97887e+07 
557 6.96318e+07 
558 6.95668e+07 
559 6.95286e+07 
560 6.95383e+07 
561 6.96245e+07 
562 6.9893e+07 
563 7.02404e+07 
564 7.07055e+07 
565 7.13041e+07 
566 7.20214e+07 
567 7.2809e+07 
568 7.36422e+07 
569 7.45304e+07 
570 7.54741e+07 
571 7.6472e+07 
572 7.75345e+07 
573 7.86011e+07 
574 7.94581e+07 
575 8.00386e+07 
576 8.03668e+07 
577 8.04869e+07 
578 8.04423e+07 
579 8.02223e+07 
580 7.98208e+07 
581 7.93382e+07 
582 7.87889e+07 
583 7.82238e+07 
584 7.76417e+07 
585 7.71598e+07 
586 7.68386e+07 
587 7.67024e+07 
588 7.65436e+07 
589 7.62549e+07 
590 7.57426e+07 
591 7.51394e+07 
592 7.45231e+07 
593 7.40743e+07 
594 7.38623e+07 
595 7.37398e+07 
596 7.38212e+07 
597 7.40569e+07 
598 7.45168e+07 
599 7.52248e+07 
600 7.61054e+07 
601 7.71274e+07 
602 7.83826e+07 
603 7.98676e+07 
604 8.15542e+07 
605 8.34275e+07 
606 8.55068e+07 
607 8.78274e+07 
608 9.0244e+07 
609 9.27501e+07 
610 9.51463e+07 
611 9.74828e+07 
612 9.96101e+07 
613 1.01464e+08 
614 1.03004e+08 
615 1.04133e+08 
616 1.04944e+08 
617 1.05443e+08 
618 1.05727e+08 
619 1.05848e+08 
620 1.05966e+08 
621 1.06034e+08 
622 1.06043e+08 
623 1.06171e+08 
624 1.06466e+08 
625 1.06939e+08 
626 1.07585e+08 
627 1.08163e+08 
628 1.08557e+08 
629 1.08632e+08 
630 1.08431e+08 
631 1.07718e+08 
632 1.06436e+08 
633 1.04606e+08 
634 1.02406e+08 
635 1.00013e+08 
636 9.7605e+07 
637 9.53057e+07 
638 9.32344e+07 
639 9.13756e+07 
640 8.96794e+07 
641 8.80605e+07 
642 8.65653e+07 
643 8.51364e+07 
644 8.36687e+07 
645 8.22083e+07 
646 8.08468e+07 
647 7.97936e+07 
648 7.881e+07 
649 7.7792e+07 
650 7.66838e+07 
651 7.54248e+07 
652 7.39967e+07 
653 7.24383e+07 
654 7.07886e+07 
655 6.89018e+07 
656 6.70538e+07 
657 6.5358e+07 
658 6.39007e+07 
659 6.27608e+07 
660 6.18222e+07 
661 6.10376e+07 
662 6.04111e+07 
663 5.99007e+07 
664 5.93621e+07 
665 5.88325e+07 
666 5.82619e+07 
667 5.78121e+07 
668 5.74825e+07 
669 5.72377e+07 
670 5.71003e+07 
671 5.69783e+07 
672 5.68666e+07 
673 5.66328e+07 
674 5.635e+07 
675 5.59695e+07 
676 5.54297e+07 
677 5.4622e+07 
678 5.35705e+07 
679 5.24672e+07 
680 5.13663e+07 
681 5.02818e+07 
682 4.92627e+07 
683 4.83404e+07 
684 4.74934e+07 
685 4.67425e+07 
686 4.61089e+07 
687 4.56447e+07 
688 4.53521e+07 
689 4.51471e+07 
690 4.49634e+07 
691 4.48632e+07 
692 4.48011e+07 
693 4.47762e+07 
694 4.47793e+07 
695 4.48608e+07 
696 4.49766e+07 
697 4.50789e+07 
698 4.50666e+07 
699 4.49515e+07 
700 4.46841e+07 
701 4.42162e+07 
702 4.35326e+07 
703 4.27014e+07 
704 4.17631e+07 
705 4.08555e+07 
706 4.01557e+07 
707 3.96617e+07 
708 3.94344e+07 
709 3.94728e+07 
710 3.97488e+07 
711 4.03522e+07 
712 4.11956e+07 
713 4.2182e+07 
714 4.32465e+07 
715 4.43461e+07 
716 4.54587e+07 
717 4.65825e+07 
718 4.7773e+07 
719 4.90686e+07 
720 5.04471e+07 
721 5.19128e+07 
722 5.3416e+07 
723 5.48601e+07 
724 5.62557e+07 
725 5.74864e+07 
726 5.85547e+07 
727 5.9402e+07 
728 5.99993e+07 
729 6.03406e+07 
730 6.04992e+07 
731 6.05214e+07 
732 6.03249e+07 
733 5.98848e+07 
734 5.91223e+07 
735 5.81418e+07 
736 5.69967e+07 
737 5.57328e+07 
738 5.44251e+07 
739 5.30462e+07 
740 5.15714e+07 
741 5.00733e+07 
742 4.84884e+07 
743 4.68641e+07 
744 4.53118e+07 
745 4.38913e+07 
746 4.26308e+07 
747 4.14726e+07 
748 4.04875e+07 
749 3.96983e+07 
750 3.90544e+07 
751 3.8616e+07 
752 3.83065e+07 
753 3.81853e+07 
754 3.82076e+07 
755 3.83864e+07 
756 3.86002e+07 
757 3.88424e+07 
758 3.90565e+07 
759 3.92319e+07 
760 3.93525e+07 
761 3.94085e+07 
762 3.94346e+07 
763 3.9399e+07 
764 3.92361e+07 
765 3.89491e+07 
766 3.85488e+07 
767 3.80582e+07 
768 3.74766e+07 
769 3.67495e+07 
770 3.59526e+07 
771 3.49847e+07 
772 3.39121e+07 
773 3.26375e+07 
774 3.12268e+07 
775 2.97391e+07 
776 2.82835e+07 
777 2.68575e+07 
778 2.54885e+07 
779 2.42068e+07 
780 2.29384e+07 
781 2.16585e+07 
782 2.04217e+07 
783 1.9175e+07 
784 1.79312e+07 
785 1.66204e+07 
786 1.5216e+07 
787 1.37818e+07 
788 1.23454e+07 
789 1.09494e+07 
790 9.55811e+06 
791 8.16013e+06 
792 6.80219e+06 
793 5.46992e+06 
794 4.21988e+06 
795 3.07958e+06 
796 2.08753e+06 
797 1.2553e+06 
798 623210 
799 219435 
