0 0 
1 0 
2 0 
3 0 
4 0 
5 0 
6 0 
7 0 
8 0 
9 0 
10 0 
11 0 
12 0 
13 0 
14 0 
15 0 
16 0 
17 0 
18 0 
19 0 
20 0 
21 0 
22 0 
23 0 
24 0 
25 0 
26 0 
27 0 
28 0 
29 0 
30 0 
31 0 
32 0 
33 0 
34 0 
35 0 
36 0 
37 0 
38 0 
39 0 
40 0 
41 0 
42 0 
43 0 
44 0 
45 0 
46 0 
47 0 
48 0 
49 0 
50 0 
51 0 
52 0 
53 0 
54 0 
55 0 
56 0 
57 0 
58 0 
59 0 
60 0 
61 0 
62 0 
63 0 
64 0 
65 0 
66 0 
67 0 
68 0 
69 0 
70 0 
71 0 
72 0 
73 0 
74 0 
75 0 
76 0 
77 0 
78 0 
79 0 
80 0 
81 0 
82 0 
83 0 
84 0 
85 0 
86 0 
87 0 
88 0 
89 0 
90 0 
91 0 
92 0 
93 0 
94 0 
95 0 
96 0 
97 0 
98 0 
99 0 
100 0 
101 0 
102 0 
103 0 
104 0 
105 0 
106 0 
107 0 
108 0 
109 0 
110 0 
111 0 
112 0 
113 0 
114 0 
115 0 
116 0 
117 0 
118 0 
119 0 
120 0 
121 0 
122 0 
123 0 
124 0 
125 0 
126 0 
127 0 
128 0 
129 0 
130 0 
131 0 
132 0 
133 0 
134 0 
135 0 
136 0 
137 0 
138 0 
139 0 
140 0 
141 0 
142 0 
143 0 
144 0 
145 0 
146 0 
147 0 
148 0 
149 0 
150 0 
151 0 
152 0 
153 0 
154 0 
155 0 
156 0 
157 0 
158 0 
159 0 
160 0 
161 0 
162 0 
163 0 
164 0 
165 0 
166 0 
167 0 
168 0 
169 0 
170 0 
171 0 
172 0 
173 0 
174 0 
175 0 
176 0 
177 0 
178 0 
179 0 
180 0 
181 0 
182 0 
183 0 
184 0 
185 0 
186 0 
187 0 
188 0 
189 0 
190 0 
191 0 
192 0 
193 0 
194 0 
195 0 
196 0 
197 0 
198 0 
199 0 
200 0 
201 0 
202 0 
203 0 
204 0 
205 0 
206 0 
207 0 
208 0 
209 0 
210 0 
211 0 
212 0 
213 0 
214 0 
215 0 
216 0 
217 0 
218 0 
219 0 
220 0 
221 0 
222 0 
223 0 
224 0 
225 0 
226 0 
227 0 
228 0 
229 0 
230 0 
231 0 
232 0 
233 0 
234 0 
235 0 
236 0 
237 0 
238 0 
239 0 
240 0 
241 0 
242 0 
243 0 
244 85 
245 413 
246 1679 
247 5595 
248 17203 
249 46585 
250 108167 
251 211884 
252 365728 
253 592740 
254 891715 
255 1.28318e+06 
256 1.75686e+06 
257 2.27395e+06 
258 2.88151e+06 
259 3.59511e+06 
260 4.39805e+06 
261 5.23755e+06 
262 6.02953e+06 
263 6.80834e+06 
264 7.50032e+06 
265 7.93753e+06 
266 8.2391e+06 
267 8.4419e+06 
268 8.75281e+06 
269 9.24525e+06 
270 9.94516e+06 
271 1.09921e+07 
272 1.24786e+07 
273 1.43961e+07 
274 1.65402e+07 
275 1.85569e+07 
276 2.0182e+07 
277 2.14491e+07 
278 2.26213e+07 
279 2.38138e+07 
280 2.49706e+07 
281 2.58093e+07 
282 2.61464e+07 
283 2.61327e+07 
284 2.61104e+07 
285 2.61864e+07 
286 2.65627e+07 
287 2.70851e+07 
288 2.74923e+07 
289 2.77709e+07 
290 2.80827e+07 
291 2.84885e+07 
292 2.87252e+07 
293 2.87793e+07 
294 2.89292e+07 
295 2.94279e+07 
296 3.00677e+07 
297 3.05534e+07 
298 3.10851e+07 
299 3.17442e+07 
300 3.26626e+07 
301 3.38822e+07 
302 3.53574e+07 
303 3.68968e+07 
304 3.84346e+07 
305 3.99775e+07 
306 4.13697e+07 
307 4.25208e+07 
308 4.35383e+07 
309 4.43428e+07 
310 4.48108e+07 
311 4.52131e+07 
312 4.56343e+07 
313 4.62251e+07 
314 4.7006e+07 
315 4.78812e+07 
316 4.87655e+07 
317 4.94544e+07 
318 4.99314e+07 
319 5.05334e+07 
320 5.15847e+07 
321 5.2972e+07 
322 5.42902e+07 
323 5.54598e+07 
324 5.64593e+07 
325 5.74829e+07 
326 5.87002e+07 
327 6.02785e+07 
328 6.23175e+07 
329 6.48158e+07 
330 6.77311e+07 
331 7.11348e+07 
332 7.48885e+07 
333 7.87666e+07 
334 8.21905e+07 
335 8.53628e+07 
336 8.8482e+07 
337 9.12054e+07 
338 9.35993e+07 
339 9.60717e+07 
340 9.93356e+07 
341 1.02851e+08 
342 1.06163e+08 
343 1.08869e+08 
344 1.10753e+08 
345 1.11684e+08 
346 1.11592e+08 
347 1.11183e+08 
348 1.10491e+08 
349 1.09032e+08 
350 1.06744e+08 
351 1.04171e+08 
352 1.01893e+08 
353 9.98566e+07 
354 9.85277e+07 
355 9.80027e+07 
356 9.83038e+07 
357 9.94529e+07 
358 1.01189e+08 
359 1.03551e+08 
360 1.06571e+08 
361 1.10163e+08 
362 1.14911e+08 
363 1.20605e+08 
364 1.26715e+08 
365 1.32659e+08 
366 1.38403e+08 
367 1.44113e+08 
368 1.49589e+08 
369 1.5491e+08 
370 1.59849e+08 
371 1.64572e+08 
372 1.69207e+08 
373 1.73614e+08 
374 1.78269e+08 
375 1.83627e+08 
376 1.89946e+08 
377 1.97075e+08 
378 2.04307e+08 
379 2.10859e+08 
380 2.16035e+08 
381 2.20447e+08 
382 2.24616e+08 
383 2.28276e+08 
384 2.31664e+08 
385 2.3425e+08 
386 2.36501e+08 
387 2.39317e+08 
388 2.42589e+08 
389 2.4548e+08 
390 2.4804e+08 
391 2.51109e+08 
392 2.54818e+08 
393 2.59006e+08 
394 2.63857e+08 
395 2.69749e+08 
396 2.76513e+08 
397 2.83895e+08 
398 2.91779e+08 
399 2.98903e+08 
400 3.04168e+08 
401 3.06714e+08 
402 3.06956e+08 
403 3.05771e+08 
404 3.0403e+08 
405 3.02609e+08 
406 3.01509e+08 
407 3.00363e+08 
408 2.98224e+08 
409 2.94076e+08 
410 2.88455e+08 
411 2.82104e+08 
412 2.74497e+08 
413 2.66259e+08 
414 2.57685e+08 
415 2.48925e+08 
416 2.40527e+08 
417 2.3235e+08 
418 2.24256e+08 
419 2.16086e+08 
420 2.07708e+08 
421 1.99674e+08 
422 1.92528e+08 
423 1.86567e+08 
424 1.82205e+08 
425 1.79025e+08 
426 1.75756e+08 
427 1.72199e+08 
428 1.68598e+08 
429 1.64946e+08 
430 1.6127e+08 
431 1.57532e+08 
432 1.53618e+08 
433 1.49363e+08 
434 1.44827e+08 
435 1.3994e+08 
436 1.34649e+08 
437 1.28799e+08 
438 1.22769e+08 
439 1.16744e+08 
440 1.11173e+08 
441 1.06408e+08 
442 1.02332e+08 
443 9.8766e+07 
444 9.59571e+07 
445 9.38938e+07 
446 9.23189e+07 
447 9.10139e+07 
448 9.01286e+07 
449 8.98486e+07 
450 8.97291e+07 
451 8.96297e+07 
452 8.97553e+07 
453 8.97563e+07 
454 8.92871e+07 
455 8.82687e+07 
456 8.68075e+07 
457 8.45414e+07 
458 8.15117e+07 
459 7.79196e+07 
460 7.40834e+07 
461 7.01742e+07 
462 6.65081e+07 
463 6.32905e+07 
464 6.03671e+07 
465 5.762e+07 
466 5.51054e+07 
467 5.25232e+07 
468 4.98161e+07 
469 4.69901e+07 
470 4.41474e+07 
471 4.13594e+07 
472 3.85692e+07 
473 3.57231e+07 
474 3.30785e+07 
475 3.06148e+07 
476 2.83552e+07 
477 2.64154e+07 
478 2.49766e+07 
479 2.41617e+07 
480 2.3685e+07 
481 2.33422e+07 
482 2.31639e+07 
483 2.3324e+07 
484 2.3881e+07 
485 2.47067e+07 
486 2.56418e+07 
487 2.63504e+07 
488 2.6617e+07 
489 2.65014e+07 
490 2.61732e+07 
491 2.58645e+07 
492 2.53963e+07 
493 2.47971e+07 
494 2.39844e+07 
495 2.30106e+07 
496 2.19674e+07 
497 2.08483e+07 
498 1.96344e+07 
499 1.86555e+07 
500 1.81164e+07 
501 1.78336e+07 
502 1.78345e+07 
503 1.79249e+07 
504 1.79014e+07 
505 1.77537e+07 
506 1.73165e+07 
507 1.65353e+07 
508 1.55596e+07 
509 1.44965e+07 
510 1.31888e+07 
511 1.1599e+07 
512 9.9412e+06 
513 8.39265e+06 
514 6.90575e+06 
515 5.46832e+06 
516 4.14726e+06 
517 2.99685e+06 
518 2.04722e+06 
519 1.30797e+06 
520 773460 
521 425707 
522 211615 
523 90219 
524 33459 
525 10274 
526 2596 
527 544 
528 98 
529 1 
530 0 
531 0 
532 0 
533 0 
534 0 
535 0 
536 0 
537 0 
538 0 
539 0 
540 0 
541 0 
542 0 
543 0 
544 0 
545 0 
546 0 
547 0 
548 0 
549 0 
550 0 
551 0 
552 0 
553 0 
554 0 
555 0 
556 0 
557 0 
558 0 
559 0 
560 0 
561 0 
562 0 
563 0 
564 0 
565 0 
566 0 
567 0 
568 0 
569 0 
570 0 
571 0 
572 0 
573 0 
574 0 
575 0 
576 0 
577 0 
578 0 
579 0 
580 0 
581 0 
582 0 
583 0 
584 0 
585 0 
586 0 
587 0 
588 0 
589 0 
590 0 
591 0 
592 0 
593 0 
594 0 
595 0 
596 0 
597 0 
598 0 
599 0 
600 0 
601 0 
602 0 
603 0 
604 0 
605 0 
606 0 
607 0 
608 0 
609 0 
610 0 
611 0 
612 0 
613 0 
614 0 
615 0 
616 0 
617 0 
618 0 
619 0 
620 0 
621 0 
622 0 
623 0 
624 0 
625 0 
626 0 
627 0 
628 0 
629 0 
630 0 
631 0 
632 0 
633 0 
634 0 
635 0 
636 0 
637 0 
638 0 
639 0 
640 0 
641 0 
642 0 
643 0 
644 0 
645 0 
646 0 
647 0 
648 0 
649 0 
650 0 
651 0 
652 0 
653 0 
654 0 
655 0 
656 0 
657 0 
658 0 
659 0 
660 0 
661 0 
662 0 
663 0 
664 0 
665 0 
666 0 
667 0 
668 0 
669 0 
670 0 
671 0 
672 0 
673 0 
674 0 
675 0 
676 0 
677 0 
678 0 
679 0 
680 0 
681 0 
682 0 
683 0 
684 0 
685 0 
686 0 
687 0 
688 0 
689 0 
690 0 
691 0 
692 0 
693 0 
694 0 
695 0 
696 0 
697 0 
698 0 
699 0 
700 0 
701 0 
702 0 
703 0 
704 0 
705 0 
706 0 
707 0 
708 0 
709 0 
710 0 
711 0 
712 0 
713 0 
714 0 
715 0 
716 0 
717 0 
718 0 
719 0 
720 0 
721 0 
722 0 
723 0 
724 0 
725 0 
726 0 
727 0 
728 0 
729 0 
730 0 
731 0 
732 0 
733 0 
734 0 
735 0 
736 0 
737 0 
738 0 
739 0 
740 0 
741 0 
742 0 
743 0 
744 0 
745 0 
746 0 
747 0 
748 0 
749 0 
750 0 
751 0 
752 0 
753 0 
754 0 
755 0 
756 0 
757 0 
758 0 
759 0 
760 0 
761 0 
762 0 
763 0 
764 0 
765 0 
766 0 
767 0 
768 0 
769 0 
770 0 
771 0 
772 0 
773 0 
774 0 
775 0 
776 0 
777 0 
778 0 
779 0 
780 0 
781 0 
782 0 
783 0 
784 0 
785 0 
786 0 
787 0 
788 0 
789 0 
790 0 
791 0 
792 0 
793 0 
794 0 
795 0 
796 0 
797 0 
798 0 
799 0 
