0 0 
1 0 
2 0 
3 0 
4 0 
5 0 
6 0 
7 0 
8 0 
9 0 
10 0 
11 0 
12 0 
13 0 
14 0 
15 0 
16 0 
17 0 
18 0 
19 0 
20 0 
21 0 
22 0 
23 0 
24 0 
25 0 
26 0 
27 0 
28 0 
29 0 
30 0 
31 0 
32 0 
33 0 
34 0 
35 0 
36 0 
37 0 
38 0 
39 0 
40 0 
41 0 
42 0 
43 0 
44 0 
45 0 
46 0 
47 0 
48 0 
49 0 
50 0 
51 0 
52 0 
53 0 
54 0 
55 0 
56 0 
57 0 
58 0 
59 0 
60 0 
61 0 
62 0 
63 0 
64 0 
65 0 
66 0 
67 0 
68 0 
69 0 
70 0 
71 0 
72 0 
73 0 
74 0 
75 0 
76 0 
77 0 
78 0 
79 0 
80 0 
81 0 
82 0 
83 0 
84 0 
85 0 
86 0 
87 0 
88 0 
89 0 
90 0 
91 0 
92 0 
93 0 
94 0 
95 0 
96 0 
97 0 
98 0 
99 0 
100 0 
101 0 
102 0 
103 0 
104 0 
105 0 
106 0 
107 0 
108 0 
109 0 
110 0 
111 0 
112 0 
113 0 
114 0 
115 0 
116 0 
117 0 
118 0 
119 0 
120 0 
121 0 
122 0 
123 0 
124 0 
125 0 
126 0 
127 0 
128 0 
129 0 
130 0 
131 0 
132 0 
133 0 
134 0 
135 0 
136 0 
137 0 
138 0 
139 0 
140 0 
141 0 
142 0 
143 0 
144 0 
145 0 
146 0 
147 0 
148 0 
149 0 
150 0 
151 0 
152 0 
153 0 
154 0 
155 0 
156 0 
157 0 
158 0 
159 0 
160 0 
161 0 
162 0 
163 0 
164 0 
165 0 
166 0 
167 0 
168 0 
169 0 
170 0 
171 0 
172 0 
173 0 
174 0 
175 0 
176 0 
177 0 
178 0 
179 0 
180 0 
181 0 
182 0 
183 0 
184 0 
185 0 
186 0 
187 0 
188 0 
189 0 
190 0 
191 0 
192 0 
193 0 
194 0 
195 0 
196 0 
197 0 
198 0 
199 0 
200 0 
201 0 
202 0 
203 0 
204 0 
205 0 
206 0 
207 0 
208 0 
209 0 
210 0 
211 0 
212 0 
213 0 
214 0 
215 0 
216 0 
217 0 
218 0 
219 0 
220 0 
221 0 
222 0 
223 0 
224 0 
225 0 
226 0 
227 0 
228 0 
229 0 
230 0 
231 0 
232 0 
233 0 
234 0 
235 0 
236 0 
237 0 
238 0 
239 0 
240 0 
241 0 
242 0 
243 0 
244 0 
245 0 
246 0 
247 0 
248 0 
249 0 
250 0 
251 0 
252 0 
253 0 
254 0 
255 0 
256 0 
257 0 
258 0 
259 0 
260 0 
261 0 
262 0 
263 0 
264 0 
265 0 
266 0 
267 0 
268 0 
269 0 
270 0 
271 0 
272 0 
273 0 
274 0 
275 0 
276 0 
277 0 
278 0 
279 0 
280 0 
281 0 
282 0 
283 0 
284 0 
285 0 
286 0 
287 0 
288 0 
289 0 
290 0 
291 0 
292 0 
293 0 
294 0 
295 0 
296 0 
297 0 
298 0 
299 0 
300 0 
301 0 
302 0 
303 0 
304 0 
305 0 
306 0 
307 0 
308 0 
309 0 
310 0 
311 0 
312 0 
313 0 
314 0 
315 0 
316 23 
317 378 
318 1787 
319 5489 
320 11152 
321 19591 
322 30831 
323 49083 
324 72758 
325 105624 
326 152368 
327 212635 
328 292111 
329 407627 
330 559103 
331 730192 
332 925556 
333 1.16395e+06 
334 1.48863e+06 
335 1.92359e+06 
336 2.44216e+06 
337 3.01457e+06 
338 3.64745e+06 
339 4.3296e+06 
340 5.05775e+06 
341 5.79329e+06 
342 6.48042e+06 
343 7.15035e+06 
344 7.83237e+06 
345 8.64142e+06 
346 9.52005e+06 
347 1.05404e+07 
348 1.1763e+07 
349 1.30979e+07 
350 1.44846e+07 
351 1.59631e+07 
352 1.74924e+07 
353 1.91644e+07 
354 2.11373e+07 
355 2.33697e+07 
356 2.59144e+07 
357 2.86943e+07 
358 3.15945e+07 
359 3.44909e+07 
360 3.73839e+07 
361 4.03311e+07 
362 4.35249e+07 
363 4.69577e+07 
364 5.07302e+07 
365 5.4923e+07 
366 5.98178e+07 
367 6.53824e+07 
368 7.16073e+07 
369 7.86217e+07 
370 8.65096e+07 
371 9.51885e+07 
372 1.04654e+08 
373 1.14808e+08 
374 1.25709e+08 
375 1.37413e+08 
376 1.49924e+08 
377 1.6327e+08 
378 1.77495e+08 
379 1.92752e+08 
380 2.09302e+08 
381 2.27493e+08 
382 2.47612e+08 
383 2.6955e+08 
384 2.92986e+08 
385 3.17714e+08 
386 3.43474e+08 
387 3.70063e+08 
388 3.96851e+08 
389 4.23766e+08 
390 4.50561e+08 
391 4.77005e+08 
392 5.03328e+08 
393 5.29408e+08 
394 5.55324e+08 
395 5.80656e+08 
396 6.04694e+08 
397 6.26936e+08 
398 6.46167e+08 
399 6.61249e+08 
400 6.71393e+08 
401 6.75629e+08 
402 6.73756e+08 
403 6.66527e+08 
404 6.53913e+08 
405 6.36389e+08 
406 6.14951e+08 
407 5.90531e+08 
408 5.64244e+08 
409 5.3644e+08 
410 5.07973e+08 
411 4.78952e+08 
412 4.50339e+08 
413 4.22624e+08 
414 3.95932e+08 
415 3.7054e+08 
416 3.46479e+08 
417 3.23841e+08 
418 3.02866e+08 
419 2.8391e+08 
420 2.66883e+08 
421 2.51314e+08 
422 2.3731e+08 
423 2.24352e+08 
424 2.12384e+08 
425 2.01184e+08 
426 1.90714e+08 
427 1.8087e+08 
428 1.71607e+08 
429 1.6289e+08 
430 1.546e+08 
431 1.46725e+08 
432 1.39197e+08 
433 1.31931e+08 
434 1.25137e+08 
435 1.18557e+08 
436 1.11968e+08 
437 1.05235e+08 
438 9.83836e+07 
439 9.13652e+07 
440 8.4517e+07 
441 7.80599e+07 
442 7.19997e+07 
443 6.62951e+07 
444 6.10058e+07 
445 5.62239e+07 
446 5.19214e+07 
447 4.79457e+07 
448 4.41276e+07 
449 4.03635e+07 
450 3.67965e+07 
451 3.3402e+07 
452 3.01806e+07 
453 2.72474e+07 
454 2.46434e+07 
455 2.23836e+07 
456 2.05476e+07 
457 1.90845e+07 
458 1.78704e+07 
459 1.68057e+07 
460 1.58966e+07 
461 1.51081e+07 
462 1.44867e+07 
463 1.39585e+07 
464 1.35307e+07 
465 1.31858e+07 
466 1.28587e+07 
467 1.25389e+07 
468 1.22757e+07 
469 1.20451e+07 
470 1.1809e+07 
471 1.15871e+07 
472 1.13176e+07 
473 1.09926e+07 
474 1.05878e+07 
475 1.01028e+07 
476 9.54698e+06 
477 9.0116e+06 
478 8.50979e+06 
479 7.97856e+06 
480 7.37483e+06 
481 6.70925e+06 
482 5.99786e+06 
483 5.27067e+06 
484 4.5745e+06 
485 3.93493e+06 
486 3.35018e+06 
487 2.83311e+06 
488 2.36281e+06 
489 1.93127e+06 
490 1.569e+06 
491 1.2556e+06 
492 990789 
493 770548 
494 570967 
495 402452 
496 266866 
497 162296 
498 91604 
499 47655 
500 21979 
501 8945 
502 2994 
503 723 
504 97 
505 5 
506 0 
507 0 
508 0 
509 0 
510 0 
511 0 
512 0 
513 0 
514 0 
515 0 
516 0 
517 0 
518 0 
519 0 
520 0 
521 0 
522 0 
523 0 
524 0 
525 0 
526 0 
527 0 
528 0 
529 0 
530 0 
531 0 
532 0 
533 0 
534 0 
535 0 
536 0 
537 0 
538 0 
539 0 
540 0 
541 0 
542 0 
543 0 
544 0 
545 0 
546 0 
547 0 
548 0 
549 0 
550 0 
551 0 
552 0 
553 0 
554 0 
555 0 
556 0 
557 0 
558 0 
559 0 
560 0 
561 0 
562 0 
563 0 
564 0 
565 0 
566 0 
567 0 
568 0 
569 0 
570 0 
571 0 
572 0 
573 0 
574 0 
575 0 
576 0 
577 0 
578 0 
579 0 
580 0 
581 0 
582 0 
583 0 
584 0 
585 0 
586 0 
587 0 
588 0 
589 0 
590 0 
591 0 
592 0 
593 0 
594 0 
595 0 
596 0 
597 0 
598 0 
599 0 
600 0 
601 0 
602 0 
603 0 
604 0 
605 0 
606 0 
607 0 
608 0 
609 0 
610 0 
611 0 
612 0 
613 0 
614 0 
615 0 
616 0 
617 0 
618 0 
619 0 
620 0 
621 0 
622 0 
623 0 
624 0 
625 0 
626 0 
627 0 
628 0 
629 0 
630 0 
631 0 
632 0 
633 0 
634 0 
635 0 
636 0 
637 0 
638 0 
639 0 
640 0 
641 0 
642 0 
643 0 
644 0 
645 0 
646 0 
647 0 
648 0 
649 0 
650 0 
651 0 
652 0 
653 0 
654 0 
655 0 
656 0 
657 0 
658 0 
659 0 
660 0 
661 0 
662 0 
663 0 
664 0 
665 0 
666 0 
667 0 
668 0 
669 0 
670 0 
671 0 
672 0 
673 0 
674 0 
675 0 
676 0 
677 0 
678 0 
679 0 
680 0 
681 0 
682 0 
683 0 
684 0 
685 0 
686 0 
687 0 
688 0 
689 0 
690 0 
691 0 
692 0 
693 0 
694 0 
695 0 
696 0 
697 0 
698 0 
699 0 
700 0 
701 0 
702 0 
703 0 
704 0 
705 0 
706 0 
707 0 
708 0 
709 0 
710 0 
711 0 
712 0 
713 0 
714 0 
715 0 
716 0 
717 0 
718 0 
719 0 
720 0 
721 0 
722 0 
723 0 
724 0 
725 0 
726 0 
727 0 
728 0 
729 0 
730 0 
731 0 
732 0 
733 0 
734 0 
735 0 
736 0 
737 0 
738 0 
739 0 
740 0 
741 0 
742 0 
743 0 
744 0 
745 0 
746 0 
747 0 
748 0 
749 0 
750 0 
751 0 
752 0 
753 0 
754 0 
755 0 
756 0 
757 0 
758 0 
759 0 
760 0 
761 0 
762 0 
763 0 
764 0 
765 0 
766 0 
767 0 
768 0 
769 0 
770 0 
771 0 
772 0 
773 0 
774 0 
775 0 
776 0 
777 0 
778 0 
779 0 
780 0 
781 0 
782 0 
783 0 
784 0 
785 0 
786 0 
787 0 
788 0 
789 0 
790 0 
791 0 
792 0 
793 0 
794 0 
795 0 
796 0 
797 0 
798 0 
799 0 
