0 0 
1 0 
2 0 
3 0 
4 0 
5 0 
6 0 
7 0 
8 0 
9 0 
10 0 
11 0 
12 0 
13 0 
14 0 
15 0 
16 0 
17 0 
18 0 
19 0 
20 0 
21 0 
22 0 
23 0 
24 0 
25 0 
26 0 
27 0 
28 0 
29 0 
30 0 
31 0 
32 0 
33 0 
34 0 
35 0 
36 0 
37 0 
38 0 
39 0 
40 0 
41 0 
42 0 
43 0 
44 0 
45 0 
46 0 
47 0 
48 0 
49 0 
50 0 
51 0 
52 0 
53 0 
54 0 
55 0 
56 0 
57 0 
58 0 
59 0 
60 0 
61 0 
62 0 
63 0 
64 0 
65 0 
66 0 
67 0 
68 0 
69 0 
70 0 
71 0 
72 0 
73 0 
74 0 
75 0 
76 0 
77 0 
78 0 
79 0 
80 0 
81 0 
82 0 
83 0 
84 0 
85 0 
86 0 
87 0 
88 0 
89 0 
90 0 
91 0 
92 0 
93 0 
94 0 
95 0 
96 0 
97 0 
98 0 
99 0 
100 0 
101 0 
102 0 
103 0 
104 0 
105 0 
106 0 
107 0 
108 0 
109 0 
110 0 
111 0 
112 0 
113 0 
114 0 
115 0 
116 0 
117 0 
118 0 
119 0 
120 0 
121 0 
122 0 
123 0 
124 0 
125 0 
126 0 
127 0 
128 0 
129 0 
130 0 
131 0 
132 0 
133 0 
134 0 
135 0 
136 0 
137 0 
138 0 
139 0 
140 0 
141 0 
142 0 
143 0 
144 0 
145 0 
146 0 
147 0 
148 0 
149 0 
150 0 
151 0 
152 0 
153 0 
154 0 
155 0 
156 0 
157 0 
158 0 
159 0 
160 0 
161 0 
162 0 
163 0 
164 0 
165 0 
166 0 
167 0 
168 0 
169 0 
170 0 
171 0 
172 0 
173 0 
174 0 
175 0 
176 0 
177 0 
178 0 
179 0 
180 0 
181 0 
182 0 
183 0 
184 0 
185 0 
186 0 
187 0 
188 0 
189 0 
190 0 
191 0 
192 0 
193 0 
194 0 
195 0 
196 0 
197 0 
198 0 
199 0 
200 0 
201 0 
202 0 
203 0 
204 0 
205 0 
206 0 
207 0 
208 0 
209 0 
210 0 
211 0 
212 0 
213 0 
214 0 
215 0 
216 0 
217 0 
218 0 
219 0 
220 0 
221 0 
222 0 
223 0 
224 0 
225 0 
226 0 
227 0 
228 0 
229 0 
230 0 
231 0 
232 0 
233 0 
234 0 
235 0 
236 0 
237 0 
238 0 
239 0 
240 0 
241 0 
242 0 
243 0 
244 0 
245 0 
246 0 
247 0 
248 0 
249 0 
250 0 
251 0 
252 0 
253 0 
254 0 
255 0 
256 0 
257 0 
258 0 
259 0 
260 0 
261 0 
262 0 
263 0 
264 0 
265 0 
266 0 
267 0 
268 0 
269 0 
270 0 
271 0 
272 0 
273 0 
274 0 
275 0 
276 0 
277 3 
278 28 
279 89 
280 161 
281 497 
282 1002 
283 1358 
284 1752 
285 2625 
286 4123 
287 6761 
288 12045 
289 20443 
290 33091 
291 50654 
292 70432 
293 96295 
294 127412 
295 168891 
296 221029 
297 288260 
298 376160 
299 486535 
300 621508 
301 786170 
302 993218 
303 1.24485e+06 
304 1.55038e+06 
305 1.90291e+06 
306 2.28989e+06 
307 2.71111e+06 
308 3.15617e+06 
309 3.63824e+06 
310 4.1455e+06 
311 4.69364e+06 
312 5.26097e+06 
313 5.82288e+06 
314 6.34961e+06 
315 6.88795e+06 
316 7.45321e+06 
317 8.04009e+06 
318 8.62469e+06 
319 9.21491e+06 
320 9.78754e+06 
321 1.03538e+07 
322 1.09099e+07 
323 1.1449e+07 
324 1.19644e+07 
325 1.25064e+07 
326 1.30652e+07 
327 1.36435e+07 
328 1.42226e+07 
329 1.48421e+07 
330 1.54803e+07 
331 1.61574e+07 
332 1.6917e+07 
333 1.77814e+07 
334 1.87687e+07 
335 1.98609e+07 
336 2.1079e+07 
337 2.23993e+07 
338 2.38056e+07 
339 2.5291e+07 
340 2.68368e+07 
341 2.85335e+07 
342 3.04042e+07 
343 3.2486e+07 
344 3.47684e+07 
345 3.72536e+07 
346 3.99161e+07 
347 4.2821e+07 
348 4.59513e+07 
349 4.9394e+07 
350 5.31264e+07 
351 5.71825e+07 
352 6.15195e+07 
353 6.61679e+07 
354 7.10972e+07 
355 7.62675e+07 
356 8.158e+07 
357 8.70254e+07 
358 9.25597e+07 
359 9.82407e+07 
360 1.03991e+08 
361 1.09784e+08 
362 1.15705e+08 
363 1.21837e+08 
364 1.2812e+08 
365 1.34519e+08 
366 1.41049e+08 
367 1.4777e+08 
368 1.54755e+08 
369 1.62222e+08 
370 1.70191e+08 
371 1.78858e+08 
372 1.88116e+08 
373 1.98051e+08 
374 2.08513e+08 
375 2.19576e+08 
376 2.31285e+08 
377 2.43665e+08 
378 2.56826e+08 
379 2.70778e+08 
380 2.85532e+08 
381 3.01113e+08 
382 3.17621e+08 
383 3.34757e+08 
384 3.52728e+08 
385 3.71208e+08 
386 3.90051e+08 
387 4.09068e+08 
388 4.28119e+08 
389 4.46879e+08 
390 4.65199e+08 
391 4.82672e+08 
392 4.99392e+08 
393 5.14955e+08 
394 5.29006e+08 
395 5.40941e+08 
396 5.50887e+08 
397 5.58305e+08 
398 5.62943e+08 
399 5.6443e+08 
400 5.62662e+08 
401 5.57716e+08 
402 5.49729e+08 
403 5.39145e+08 
404 5.26231e+08 
405 5.11569e+08 
406 4.95495e+08 
407 4.7866e+08 
408 4.61117e+08 
409 4.43041e+08 
410 4.24602e+08 
411 4.0613e+08 
412 3.87615e+08 
413 3.69148e+08 
414 3.50607e+08 
415 3.32045e+08 
416 3.13414e+08 
417 2.94822e+08 
418 2.76486e+08 
419 2.58357e+08 
420 2.40671e+08 
421 2.2367e+08 
422 2.07288e+08 
423 1.91725e+08 
424 1.76979e+08 
425 1.63007e+08 
426 1.49849e+08 
427 1.3748e+08 
428 1.2602e+08 
429 1.15495e+08 
430 1.05854e+08 
431 9.70632e+07 
432 8.89913e+07 
433 8.15758e+07 
434 7.48487e+07 
435 6.88012e+07 
436 6.34667e+07 
437 5.87775e+07 
438 5.45688e+07 
439 5.08191e+07 
440 4.74659e+07 
441 4.44334e+07 
442 4.16436e+07 
443 3.90561e+07 
444 3.66378e+07 
445 3.43941e+07 
446 3.23231e+07 
447 3.03527e+07 
448 2.85479e+07 
449 2.68671e+07 
450 2.53814e+07 
451 2.4016e+07 
452 2.27411e+07 
453 2.15729e+07 
454 2.0457e+07 
455 1.93866e+07 
456 1.83249e+07 
457 1.72794e+07 
458 1.61954e+07 
459 1.50884e+07 
460 1.3958e+07 
461 1.28375e+07 
462 1.16973e+07 
463 1.05412e+07 
464 9.39542e+06 
465 8.29508e+06 
466 7.24157e+06 
467 6.28458e+06 
468 5.40845e+06 
469 4.63447e+06 
470 3.95266e+06 
471 3.33088e+06 
472 2.76736e+06 
473 2.23785e+06 
474 1.79045e+06 
475 1.41214e+06 
476 1.10476e+06 
477 852070 
478 648105 
479 489632 
480 363404 
481 263606 
482 188282 
483 132565 
484 92471 
485 62187 
486 42034 
487 28467 
488 18322 
489 11639 
490 7328 
491 4604 
492 2671 
493 1340 
494 447 
495 152 
496 66 
497 29 
498 5 
499 0 
500 0 
501 0 
502 0 
503 0 
504 0 
505 0 
506 0 
507 0 
508 0 
509 0 
510 0 
511 0 
512 0 
513 0 
514 0 
515 0 
516 0 
517 0 
518 0 
519 0 
520 0 
521 0 
522 0 
523 0 
524 0 
525 0 
526 0 
527 0 
528 0 
529 0 
530 0 
531 0 
532 0 
533 0 
534 0 
535 0 
536 0 
537 0 
538 0 
539 0 
540 0 
541 0 
542 0 
543 0 
544 0 
545 0 
546 0 
547 0 
548 0 
549 0 
550 0 
551 0 
552 0 
553 0 
554 0 
555 0 
556 0 
557 0 
558 0 
559 0 
560 0 
561 0 
562 0 
563 0 
564 0 
565 0 
566 0 
567 0 
568 0 
569 0 
570 0 
571 0 
572 0 
573 0 
574 0 
575 0 
576 0 
577 0 
578 0 
579 0 
580 0 
581 0 
582 0 
583 0 
584 0 
585 0 
586 0 
587 0 
588 0 
589 0 
590 0 
591 0 
592 0 
593 0 
594 0 
595 0 
596 0 
597 0 
598 0 
599 0 
600 0 
601 0 
602 0 
603 0 
604 0 
605 0 
606 0 
607 0 
608 0 
609 0 
610 0 
611 0 
612 0 
613 0 
614 0 
615 0 
616 0 
617 0 
618 0 
619 0 
620 0 
621 0 
622 0 
623 0 
624 0 
625 0 
626 0 
627 0 
628 0 
629 0 
630 0 
631 0 
632 0 
633 0 
634 0 
635 0 
636 0 
637 0 
638 0 
639 0 
640 0 
641 0 
642 0 
643 0 
644 0 
645 0 
646 0 
647 0 
648 0 
649 0 
650 0 
651 0 
652 0 
653 0 
654 0 
655 0 
656 0 
657 0 
658 0 
659 0 
660 0 
661 0 
662 0 
663 0 
664 0 
665 0 
666 0 
667 0 
668 0 
669 0 
670 0 
671 0 
672 0 
673 0 
674 0 
675 0 
676 0 
677 0 
678 0 
679 0 
680 0 
681 0 
682 0 
683 0 
684 0 
685 0 
686 0 
687 0 
688 0 
689 0 
690 0 
691 0 
692 0 
693 0 
694 0 
695 0 
696 0 
697 0 
698 0 
699 0 
700 0 
701 0 
702 0 
703 0 
704 0 
705 0 
706 0 
707 0 
708 0 
709 0 
710 0 
711 0 
712 0 
713 0 
714 0 
715 0 
716 0 
717 0 
718 0 
719 0 
720 0 
721 0 
722 0 
723 0 
724 0 
725 0 
726 0 
727 0 
728 0 
729 0 
730 0 
731 0 
732 0 
733 0 
734 0 
735 0 
736 0 
737 0 
738 0 
739 0 
740 0 
741 0 
742 0 
743 0 
744 0 
745 0 
746 0 
747 0 
748 0 
749 0 
750 0 
751 0 
752 0 
753 0 
754 0 
755 0 
756 0 
757 0 
758 0 
759 0 
760 0 
761 0 
762 0 
763 0 
764 0 
765 0 
766 0 
767 0 
768 0 
769 0 
770 0 
771 0 
772 0 
773 0 
774 0 
775 0 
776 0 
777 0 
778 0 
779 0 
780 0 
781 0 
782 0 
783 0 
784 0 
785 0 
786 0 
787 0 
788 0 
789 0 
790 0 
791 0 
792 0 
793 0 
794 0 
795 0 
796 0 
797 0 
798 0 
799 0 
