0 0 
1 0 
2 0 
3 0 
4 0 
5 0 
6 0 
7 0 
8 0 
9 0 
10 0 
11 0 
12 0 
13 0 
14 0 
15 0 
16 0 
17 0 
18 0 
19 0 
20 0 
21 0 
22 0 
23 0 
24 0 
25 0 
26 0 
27 0 
28 0 
29 0 
30 0 
31 0 
32 0 
33 0 
34 0 
35 0 
36 0 
37 0 
38 0 
39 0 
40 0 
41 0 
42 0 
43 0 
44 0 
45 0 
46 0 
47 0 
48 0 
49 0 
50 0 
51 0 
52 0 
53 0 
54 0 
55 0 
56 0 
57 0 
58 0 
59 0 
60 0 
61 0 
62 0 
63 0 
64 0 
65 0 
66 0 
67 0 
68 0 
69 0 
70 0 
71 0 
72 0 
73 0 
74 0 
75 0 
76 0 
77 0 
78 0 
79 0 
80 0 
81 0 
82 0 
83 0 
84 0 
85 0 
86 0 
87 0 
88 0 
89 0 
90 0 
91 0 
92 0 
93 0 
94 0 
95 0 
96 0 
97 0 
98 0 
99 0 
100 0 
101 0 
102 0 
103 0 
104 0 
105 0 
106 0 
107 0 
108 0 
109 0 
110 0 
111 0 
112 0 
113 0 
114 0 
115 0 
116 0 
117 0 
118 0 
119 0 
120 0 
121 0 
122 0 
123 0 
124 0 
125 0 
126 0 
127 0 
128 0 
129 0 
130 0 
131 0 
132 0 
133 0 
134 0 
135 0 
136 0 
137 0 
138 0 
139 0 
140 0 
141 0 
142 0 
143 0 
144 0 
145 0 
146 0 
147 0 
148 0 
149 0 
150 0 
151 0 
152 0 
153 0 
154 0 
155 0 
156 0 
157 0 
158 0 
159 0 
160 0 
161 0 
162 0 
163 0 
164 0 
165 0 
166 0 
167 0 
168 0 
169 0 
170 0 
171 0 
172 0 
173 0 
174 0 
175 0 
176 0 
177 0 
178 0 
179 0 
180 0 
181 0 
182 0 
183 0 
184 0 
185 0 
186 0 
187 0 
188 0 
189 0 
190 0 
191 0 
192 0 
193 0 
194 1 
195 39 
196 298 
197 782 
198 1787 
199 3418 
200 6152 
201 10096 
202 16696 
203 28877 
204 49031 
205 76247 
206 113875 
207 163865 
208 231084 
209 321451 
210 441449 
211 586148 
212 740681 
213 907414 
214 1.08783e+06 
215 1.2666e+06 
216 1.42971e+06 
217 1.56727e+06 
218 1.67212e+06 
219 1.7572e+06 
220 1.81864e+06 
221 1.85344e+06 
222 1.87871e+06 
223 1.88913e+06 
224 1.88808e+06 
225 1.88287e+06 
226 1.86283e+06 
227 1.84538e+06 
228 1.86133e+06 
229 1.8915e+06 
230 1.93581e+06 
231 1.98318e+06 
232 2.03824e+06 
233 2.11256e+06 
234 2.20777e+06 
235 2.30762e+06 
236 2.4325e+06 
237 2.56096e+06 
238 2.70218e+06 
239 2.86583e+06 
240 3.08532e+06 
241 3.38038e+06 
242 3.76834e+06 
243 4.24618e+06 
244 4.80914e+06 
245 5.52164e+06 
246 6.33246e+06 
247 7.22148e+06 
248 8.212e+06 
249 9.32539e+06 
250 1.05574e+07 
251 1.18705e+07 
252 1.32374e+07 
253 1.46481e+07 
254 1.60906e+07 
255 1.75724e+07 
256 1.90539e+07 
257 2.0528e+07 
258 2.20579e+07 
259 2.36887e+07 
260 2.53884e+07 
261 2.70626e+07 
262 2.87244e+07 
263 3.03778e+07 
264 3.20098e+07 
265 3.36222e+07 
266 3.51282e+07 
267 3.64409e+07 
268 3.7562e+07 
269 3.84231e+07 
270 3.90809e+07 
271 3.95397e+07 
272 3.9798e+07 
273 3.99324e+07 
274 3.99894e+07 
275 3.99483e+07 
276 3.9682e+07 
277 3.91951e+07 
278 3.85342e+07 
279 3.77297e+07 
280 3.68061e+07 
281 3.57531e+07 
282 3.47166e+07 
283 3.3728e+07 
284 3.27519e+07 
285 3.17514e+07 
286 3.0739e+07 
287 2.97393e+07 
288 2.87644e+07 
289 2.7891e+07 
290 2.71003e+07 
291 2.64643e+07 
292 2.59641e+07 
293 2.56379e+07 
294 2.5466e+07 
295 2.53862e+07 
296 2.53873e+07 
297 2.55306e+07 
298 2.57723e+07 
299 2.6096e+07 
300 2.65425e+07 
301 2.70247e+07 
302 2.76323e+07 
303 2.83611e+07 
304 2.92591e+07 
305 3.03621e+07 
306 3.15684e+07 
307 3.28698e+07 
308 3.41922e+07 
309 3.55193e+07 
310 3.68043e+07 
311 3.80532e+07 
312 3.93556e+07 
313 4.06891e+07 
314 4.20805e+07 
315 4.35113e+07 
316 4.513e+07 
317 4.69129e+07 
318 4.87575e+07 
319 5.06057e+07 
320 5.23781e+07 
321 5.38875e+07 
322 5.51141e+07 
323 5.60392e+07 
324 5.66508e+07 
325 5.70014e+07 
326 5.70989e+07 
327 5.70895e+07 
328 5.6966e+07 
329 5.67288e+07 
330 5.645e+07 
331 5.60821e+07 
332 5.5676e+07 
333 5.53099e+07 
334 5.50308e+07 
335 5.48967e+07 
336 5.49129e+07 
337 5.52216e+07 
338 5.58961e+07 
339 5.69099e+07 
340 5.83217e+07 
341 6.00899e+07 
342 6.21232e+07 
343 6.43369e+07 
344 6.65147e+07 
345 6.86071e+07 
346 7.06117e+07 
347 7.26421e+07 
348 7.46704e+07 
349 7.67226e+07 
350 7.86363e+07 
351 8.04585e+07 
352 8.20948e+07 
353 8.35911e+07 
354 8.479e+07 
355 8.58177e+07 
356 8.67927e+07 
357 8.76813e+07 
358 8.83237e+07 
359 8.85641e+07 
360 8.83259e+07 
361 8.76892e+07 
362 8.67441e+07 
363 8.55128e+07 
364 8.41534e+07 
365 8.27169e+07 
366 8.12722e+07 
367 7.98573e+07 
368 7.83684e+07 
369 7.68237e+07 
370 7.52993e+07 
371 7.39332e+07 
372 7.28695e+07 
373 7.22773e+07 
374 7.20704e+07 
375 7.20832e+07 
376 7.22512e+07 
377 7.25881e+07 
378 7.32501e+07 
379 7.42219e+07 
380 7.55248e+07 
381 7.7299e+07 
382 7.95416e+07 
383 8.24248e+07 
384 8.60751e+07 
385 9.02954e+07 
386 9.49726e+07 
387 9.97394e+07 
388 1.04368e+08 
389 1.0888e+08 
390 1.13158e+08 
391 1.17218e+08 
392 1.21221e+08 
393 1.25269e+08 
394 1.29224e+08 
395 1.33112e+08 
396 1.36912e+08 
397 1.40515e+08 
398 1.43843e+08 
399 1.46789e+08 
400 1.4935e+08 
401 1.51533e+08 
402 1.53137e+08 
403 1.54194e+08 
404 1.54758e+08 
405 1.54843e+08 
406 1.54504e+08 
407 1.53597e+08 
408 1.52255e+08 
409 1.50536e+08 
410 1.48528e+08 
411 1.46278e+08 
412 1.43709e+08 
413 1.40897e+08 
414 1.38054e+08 
415 1.35278e+08 
416 1.32797e+08 
417 1.3066e+08 
418 1.28813e+08 
419 1.27104e+08 
420 1.25352e+08 
421 1.23512e+08 
422 1.21554e+08 
423 1.19509e+08 
424 1.17417e+08 
425 1.15291e+08 
426 1.13233e+08 
427 1.1134e+08 
428 1.09769e+08 
429 1.08569e+08 
430 1.07628e+08 
431 1.07063e+08 
432 1.06902e+08 
433 1.06998e+08 
434 1.07432e+08 
435 1.08129e+08 
436 1.08852e+08 
437 1.09584e+08 
438 1.10547e+08 
439 1.11758e+08 
440 1.13102e+08 
441 1.14432e+08 
442 1.15642e+08 
443 1.16853e+08 
444 1.17887e+08 
445 1.18838e+08 
446 1.19755e+08 
447 1.20675e+08 
448 1.21349e+08 
449 1.21749e+08 
450 1.21877e+08 
451 1.21637e+08 
452 1.2123e+08 
453 1.20729e+08 
454 1.20031e+08 
455 1.19331e+08 
456 1.18817e+08 
457 1.18471e+08 
458 1.18066e+08 
459 1.176e+08 
460 1.17023e+08 
461 1.1648e+08 
462 1.15841e+08 
463 1.15071e+08 
464 1.14161e+08 
465 1.13194e+08 
466 1.12116e+08 
467 1.11037e+08 
468 1.10053e+08 
469 1.09246e+08 
470 1.08424e+08 
471 1.07491e+08 
472 1.0641e+08 
473 1.05193e+08 
474 1.03987e+08 
475 1.02701e+08 
476 1.01121e+08 
477 9.93798e+07 
478 9.75988e+07 
479 9.58047e+07 
480 9.38346e+07 
481 9.16184e+07 
482 8.92305e+07 
483 8.66639e+07 
484 8.39886e+07 
485 8.13791e+07 
486 7.89634e+07 
487 7.67897e+07 
488 7.48755e+07 
489 7.33311e+07 
490 7.20115e+07 
491 7.07735e+07 
492 6.95967e+07 
493 6.8487e+07 
494 6.7522e+07 
495 6.66486e+07 
496 6.58422e+07 
497 6.51389e+07 
498 6.43184e+07 
499 6.35367e+07 
500 6.28066e+07 
501 6.22127e+07 
502 6.18564e+07 
503 6.17845e+07 
504 6.20456e+07 
505 6.24962e+07 
506 6.3091e+07 
507 6.37725e+07 
508 6.45588e+07 
509 6.55134e+07 
510 6.66309e+07 
511 6.79421e+07 
512 6.93314e+07 
513 7.07874e+07 
514 7.22826e+07 
515 7.37314e+07 
516 7.49946e+07 
517 7.59526e+07 
518 7.65863e+07 
519 7.6973e+07 
520 7.71656e+07 
521 7.72165e+07 
522 7.72033e+07 
523 7.69384e+07 
524 7.63624e+07 
525 7.55054e+07 
526 7.43669e+07 
527 7.29493e+07 
528 7.13487e+07 
529 6.97224e+07 
530 6.80334e+07 
531 6.63676e+07 
532 6.48851e+07 
533 6.35734e+07 
534 6.23782e+07 
535 6.1389e+07 
536 6.06233e+07 
537 6.00768e+07 
538 5.97022e+07 
539 5.94665e+07 
540 5.93148e+07 
541 5.90625e+07 
542 5.8573e+07 
543 5.79435e+07 
544 5.72004e+07 
545 5.62976e+07 
546 5.54602e+07 
547 5.46796e+07 
548 5.38017e+07 
549 5.29612e+07 
550 5.21786e+07 
551 5.1502e+07 
552 5.08837e+07 
553 5.03093e+07 
554 4.98124e+07 
555 4.93172e+07 
556 4.88492e+07 
557 4.8404e+07 
558 4.8006e+07 
559 4.7676e+07 
560 4.74375e+07 
561 4.72137e+07 
562 4.70417e+07 
563 4.68854e+07 
564 4.6723e+07 
565 4.65301e+07 
566 4.63377e+07 
567 4.60636e+07 
568 4.56699e+07 
569 4.51132e+07 
570 4.44584e+07 
571 4.36109e+07 
572 4.26592e+07 
573 4.16893e+07 
574 4.07943e+07 
575 3.99359e+07 
576 3.91216e+07 
577 3.83888e+07 
578 3.77819e+07 
579 3.72435e+07 
580 3.6811e+07 
581 3.64684e+07 
582 3.62375e+07 
583 3.61747e+07 
584 3.62372e+07 
585 3.62956e+07 
586 3.62382e+07 
587 3.61068e+07 
588 3.58575e+07 
589 3.55685e+07 
590 3.50835e+07 
591 3.44824e+07 
592 3.37171e+07 
593 3.27506e+07 
594 3.1498e+07 
595 2.99451e+07 
596 2.81321e+07 
597 2.61759e+07 
598 2.41742e+07 
599 2.21852e+07 
600 2.02427e+07 
601 1.84407e+07 
602 1.68223e+07 
603 1.53883e+07 
604 1.41308e+07 
605 1.3029e+07 
606 1.20829e+07 
607 1.12097e+07 
608 1.04025e+07 
609 9.63105e+06 
610 8.89745e+06 
611 8.23748e+06 
612 7.65887e+06 
613 7.20855e+06 
614 6.83852e+06 
615 6.5259e+06 
616 6.30062e+06 
617 6.14375e+06 
618 6.0288e+06 
619 5.92806e+06 
620 5.8593e+06 
621 5.81324e+06 
622 5.78029e+06 
623 5.76956e+06 
624 5.76162e+06 
625 5.74137e+06 
626 5.71568e+06 
627 5.67768e+06 
628 5.66363e+06 
629 5.68857e+06 
630 5.75148e+06 
631 5.83721e+06 
632 5.92536e+06 
633 6.03658e+06 
634 6.10124e+06 
635 6.06729e+06 
636 5.96358e+06 
637 5.76272e+06 
638 5.49324e+06 
639 5.19311e+06 
640 4.82548e+06 
641 4.42268e+06 
642 3.96922e+06 
643 3.51565e+06 
644 3.09077e+06 
645 2.67703e+06 
646 2.28691e+06 
647 1.94206e+06 
648 1.61773e+06 
649 1.31578e+06 
650 1.04787e+06 
651 819946 
652 619267 
653 456852 
654 322684 
655 223461 
656 154355 
657 103839 
658 66229 
659 40378 
660 22638 
661 12051 
662 6481 
663 2998 
664 1082 
665 281 
666 96 
667 24 
668 1 
669 0 
670 0 
671 0 
672 0 
673 0 
674 0 
675 0 
676 0 
677 0 
678 0 
679 0 
680 0 
681 0 
682 0 
683 0 
684 0 
685 0 
686 0 
687 0 
688 0 
689 0 
690 0 
691 0 
692 0 
693 0 
694 0 
695 0 
696 0 
697 0 
698 0 
699 0 
700 0 
701 0 
702 0 
703 0 
704 0 
705 0 
706 0 
707 0 
708 0 
709 0 
710 0 
711 0 
712 0 
713 0 
714 0 
715 0 
716 0 
717 0 
718 0 
719 0 
720 0 
721 0 
722 0 
723 0 
724 0 
725 0 
726 0 
727 0 
728 0 
729 0 
730 0 
731 0 
732 0 
733 0 
734 0 
735 0 
736 0 
737 0 
738 0 
739 0 
740 0 
741 0 
742 0 
743 0 
744 0 
745 0 
746 0 
747 0 
748 0 
749 0 
750 0 
751 0 
752 0 
753 0 
754 0 
755 0 
756 0 
757 0 
758 0 
759 0 
760 0 
761 0 
762 0 
763 0 
764 0 
765 0 
766 0 
767 0 
768 0 
769 0 
770 0 
771 0 
772 0 
773 0 
774 0 
775 0 
776 0 
777 0 
778 0 
779 0 
780 0 
781 0 
782 0 
783 0 
784 0 
785 0 
786 0 
787 0 
788 0 
789 0 
790 0 
791 0 
792 0 
793 0 
794 0 
795 0 
796 0 
797 0 
798 0 
799 0 
