0 0 
1 0 
2 0 
3 0 
4 0 
5 0 
6 0 
7 0 
8 0 
9 0 
10 0 
11 0 
12 0 
13 0 
14 0 
15 0 
16 0 
17 0 
18 0 
19 0 
20 0 
21 0 
22 0 
23 0 
24 0 
25 0 
26 0 
27 0 
28 0 
29 0 
30 0 
31 0 
32 0 
33 0 
34 0 
35 0 
36 0 
37 0 
38 0 
39 0 
40 0 
41 0 
42 0 
43 0 
44 0 
45 0 
46 0 
47 0 
48 0 
49 0 
50 0 
51 0 
52 0 
53 0 
54 0 
55 0 
56 0 
57 0 
58 0 
59 0 
60 0 
61 0 
62 0 
63 0 
64 0 
65 0 
66 0 
67 0 
68 0 
69 0 
70 0 
71 0 
72 0 
73 0 
74 0 
75 0 
76 0 
77 0 
78 0 
79 0 
80 0 
81 0 
82 0 
83 0 
84 0 
85 0 
86 0 
87 0 
88 0 
89 0 
90 0 
91 0 
92 0 
93 0 
94 0 
95 0 
96 0 
97 0 
98 0 
99 0 
100 0 
101 0 
102 0 
103 0 
104 0 
105 0 
106 0 
107 0 
108 0 
109 0 
110 0 
111 0 
112 0 
113 0 
114 0 
115 0 
116 0 
117 0 
118 0 
119 0 
120 0 
121 0 
122 0 
123 0 
124 0 
125 0 
126 0 
127 0 
128 0 
129 0 
130 0 
131 0 
132 0 
133 0 
134 0 
135 0 
136 0 
137 0 
138 0 
139 0 
140 0 
141 0 
142 0 
143 0 
144 0 
145 0 
146 0 
147 0 
148 0 
149 0 
150 0 
151 0 
152 0 
153 0 
154 0 
155 0 
156 0 
157 0 
158 0 
159 0 
160 0 
161 0 
162 0 
163 0 
164 0 
165 0 
166 0 
167 0 
168 0 
169 0 
170 0 
171 0 
172 0 
173 0 
174 0 
175 0 
176 0 
177 0 
178 0 
179 0 
180 0 
181 0 
182 0 
183 0 
184 0 
185 0 
186 0 
187 0 
188 0 
189 0 
190 0 
191 0 
192 0 
193 0 
194 0 
195 0 
196 0 
197 0 
198 0 
199 0 
200 0 
201 0 
202 0 
203 0 
204 0 
205 0 
206 0 
207 0 
208 0 
209 0 
210 0 
211 0 
212 0 
213 0 
214 0 
215 0 
216 0 
217 0 
218 0 
219 0 
220 0 
221 0 
222 0 
223 0 
224 0 
225 0 
226 0 
227 0 
228 0 
229 0 
230 0 
231 0 
232 0 
233 0 
234 0 
235 0 
236 0 
237 0 
238 0 
239 0 
240 0 
241 0 
242 0 
243 0 
244 0 
245 0 
246 0 
247 0 
248 0 
249 0 
250 0 
251 0 
252 0 
253 0 
254 0 
255 0 
256 0 
257 0 
258 0 
259 0 
260 0 
261 0 
262 0 
263 0 
264 0 
265 0 
266 0 
267 0 
268 0 
269 0 
270 0 
271 0 
272 0 
273 0 
274 0 
275 0 
276 0 
277 0 
278 0 
279 0 
280 0 
281 0 
282 0 
283 0 
284 0 
285 0 
286 0 
287 0 
288 0 
289 0 
290 0 
291 0 
292 0 
293 0 
294 5 
295 247 
296 1209 
297 4220 
298 12335 
299 31337 
300 70115 
301 143804 
302 282893 
303 541214 
304 977583 
305 1.63844e+06 
306 2.50102e+06 
307 3.57966e+06 
308 4.90371e+06 
309 6.48947e+06 
310 8.35634e+06 
311 1.04871e+07 
312 1.27465e+07 
313 1.49891e+07 
314 1.71617e+07 
315 1.90242e+07 
316 2.0546e+07 
317 2.16975e+07 
318 2.24217e+07 
319 2.27629e+07 
320 2.2892e+07 
321 2.32247e+07 
322 2.39288e+07 
323 2.52028e+07 
324 2.71254e+07 
325 2.95867e+07 
326 3.23397e+07 
327 3.49546e+07 
328 3.70711e+07 
329 3.8633e+07 
330 3.96569e+07 
331 4.01808e+07 
332 4.03801e+07 
333 4.0367e+07 
334 4.03034e+07 
335 4.03576e+07 
336 4.05224e+07 
337 4.07063e+07 
338 4.08605e+07 
339 4.06031e+07 
340 4.00778e+07 
341 3.98064e+07 
342 3.99237e+07 
343 4.08117e+07 
344 4.24702e+07 
345 4.46679e+07 
346 4.72263e+07 
347 4.98882e+07 
348 5.27248e+07 
349 5.58982e+07 
350 5.94408e+07 
351 6.34675e+07 
352 6.78203e+07 
353 7.19345e+07 
354 7.62028e+07 
355 8.0778e+07 
356 8.61317e+07 
357 9.17078e+07 
358 9.70851e+07 
359 1.02195e+08 
360 1.06908e+08 
361 1.11037e+08 
362 1.14881e+08 
363 1.18778e+08 
364 1.23471e+08 
365 1.29354e+08 
366 1.36277e+08 
367 1.43668e+08 
368 1.50759e+08 
369 1.5789e+08 
370 1.64952e+08 
371 1.71553e+08 
372 1.77916e+08 
373 1.84262e+08 
374 1.8979e+08 
375 1.95377e+08 
376 2.01861e+08 
377 2.09927e+08 
378 2.19246e+08 
379 2.29399e+08 
380 2.40607e+08 
381 2.53363e+08 
382 2.67871e+08 
383 2.83574e+08 
384 2.99788e+08 
385 3.16739e+08 
386 3.34438e+08 
387 3.53451e+08 
388 3.73498e+08 
389 3.94373e+08 
390 4.15846e+08 
391 4.37401e+08 
392 4.59018e+08 
393 4.79852e+08 
394 4.98176e+08 
395 5.14097e+08 
396 5.2727e+08 
397 5.39632e+08 
398 5.51536e+08 
399 5.60613e+08 
400 5.65242e+08 
401 5.63572e+08 
402 5.55624e+08 
403 5.4247e+08 
404 5.25863e+08 
405 5.06399e+08 
406 4.84504e+08 
407 4.6085e+08 
408 4.37181e+08 
409 4.14589e+08 
410 3.9277e+08 
411 3.71626e+08 
412 3.51371e+08 
413 3.32663e+08 
414 3.15283e+08 
415 2.99081e+08 
416 2.83888e+08 
417 2.69948e+08 
418 2.5679e+08 
419 2.43585e+08 
420 2.30736e+08 
421 2.17812e+08 
422 2.04947e+08 
423 1.92544e+08 
424 1.80778e+08 
425 1.69865e+08 
426 1.59657e+08 
427 1.50284e+08 
428 1.42001e+08 
429 1.34663e+08 
430 1.28391e+08 
431 1.22515e+08 
432 1.16546e+08 
433 1.1029e+08 
434 1.03704e+08 
435 9.70774e+07 
436 9.0768e+07 
437 8.49431e+07 
438 7.96988e+07 
439 7.52968e+07 
440 7.17836e+07 
441 6.90159e+07 
442 6.6604e+07 
443 6.44177e+07 
444 6.20267e+07 
445 5.93152e+07 
446 5.64613e+07 
447 5.3537e+07 
448 5.02961e+07 
449 4.64438e+07 
450 4.21523e+07 
451 3.78478e+07 
452 3.39794e+07 
453 3.08648e+07 
454 2.84599e+07 
455 2.66764e+07 
456 2.51336e+07 
457 2.38677e+07 
458 2.30851e+07 
459 2.27004e+07 
460 2.24315e+07 
461 2.19321e+07 
462 2.11659e+07 
463 2.00423e+07 
464 1.87407e+07 
465 1.75312e+07 
466 1.66631e+07 
467 1.59761e+07 
468 1.52485e+07 
469 1.42964e+07 
470 1.29976e+07 
471 1.14432e+07 
472 9.77168e+06 
473 8.07214e+06 
474 6.4075e+06 
475 5.00066e+06 
476 3.90578e+06 
477 3.07762e+06 
478 2.42499e+06 
479 1.95918e+06 
480 1.65706e+06 
481 1.49332e+06 
482 1.35988e+06 
483 1.24985e+06 
484 1.15456e+06 
485 1.06777e+06 
486 972457 
487 830918 
488 654593 
489 462733 
490 281973 
491 147590 
492 70263 
493 30903 
494 10561 
495 2687 
496 508 
497 37 
498 0 
499 0 
500 0 
501 0 
502 0 
503 0 
504 0 
505 0 
506 0 
507 0 
508 0 
509 0 
510 0 
511 0 
512 0 
513 0 
514 0 
515 0 
516 0 
517 0 
518 0 
519 0 
520 0 
521 0 
522 0 
523 0 
524 0 
525 0 
526 0 
527 0 
528 0 
529 0 
530 0 
531 0 
532 0 
533 0 
534 0 
535 0 
536 0 
537 0 
538 0 
539 0 
540 0 
541 0 
542 0 
543 0 
544 0 
545 0 
546 0 
547 0 
548 0 
549 0 
550 0 
551 0 
552 0 
553 0 
554 0 
555 0 
556 0 
557 0 
558 0 
559 0 
560 0 
561 0 
562 0 
563 0 
564 0 
565 0 
566 0 
567 0 
568 0 
569 0 
570 0 
571 0 
572 0 
573 0 
574 0 
575 0 
576 0 
577 0 
578 0 
579 0 
580 0 
581 0 
582 0 
583 0 
584 0 
585 0 
586 0 
587 0 
588 0 
589 0 
590 0 
591 0 
592 0 
593 0 
594 0 
595 0 
596 0 
597 0 
598 0 
599 0 
600 0 
601 0 
602 0 
603 0 
604 0 
605 0 
606 0 
607 0 
608 0 
609 0 
610 0 
611 0 
612 0 
613 0 
614 0 
615 0 
616 0 
617 0 
618 0 
619 0 
620 0 
621 0 
622 0 
623 0 
624 0 
625 0 
626 0 
627 0 
628 0 
629 0 
630 0 
631 0 
632 0 
633 0 
634 0 
635 0 
636 0 
637 0 
638 0 
639 0 
640 0 
641 0 
642 0 
643 0 
644 0 
645 0 
646 0 
647 0 
648 0 
649 0 
650 0 
651 0 
652 0 
653 0 
654 0 
655 0 
656 0 
657 0 
658 0 
659 0 
660 0 
661 0 
662 0 
663 0 
664 0 
665 0 
666 0 
667 0 
668 0 
669 0 
670 0 
671 0 
672 0 
673 0 
674 0 
675 0 
676 0 
677 0 
678 0 
679 0 
680 0 
681 0 
682 0 
683 0 
684 0 
685 0 
686 0 
687 0 
688 0 
689 0 
690 0 
691 0 
692 0 
693 0 
694 0 
695 0 
696 0 
697 0 
698 0 
699 0 
700 0 
701 0 
702 0 
703 0 
704 0 
705 0 
706 0 
707 0 
708 0 
709 0 
710 0 
711 0 
712 0 
713 0 
714 0 
715 0 
716 0 
717 0 
718 0 
719 0 
720 0 
721 0 
722 0 
723 0 
724 0 
725 0 
726 0 
727 0 
728 0 
729 0 
730 0 
731 0 
732 0 
733 0 
734 0 
735 0 
736 0 
737 0 
738 0 
739 0 
740 0 
741 0 
742 0 
743 0 
744 0 
745 0 
746 0 
747 0 
748 0 
749 0 
750 0 
751 0 
752 0 
753 0 
754 0 
755 0 
756 0 
757 0 
758 0 
759 0 
760 0 
761 0 
762 0 
763 0 
764 0 
765 0 
766 0 
767 0 
768 0 
769 0 
770 0 
771 0 
772 0 
773 0 
774 0 
775 0 
776 0 
777 0 
778 0 
779 0 
780 0 
781 0 
782 0 
783 0 
784 0 
785 0 
786 0 
787 0 
788 0 
789 0 
790 0 
791 0 
792 0 
793 0 
794 0 
795 0 
796 0 
797 0 
798 0 
799 0 
