0 0 
1 0 
2 0 
3 0 
4 0 
5 0 
6 0 
7 0 
8 0 
9 0 
10 0 
11 0 
12 0 
13 0 
14 0 
15 0 
16 0 
17 0 
18 0 
19 0 
20 0 
21 0 
22 0 
23 0 
24 0 
25 0 
26 0 
27 0 
28 0 
29 0 
30 0 
31 0 
32 0 
33 0 
34 0 
35 0 
36 0 
37 0 
38 0 
39 0 
40 0 
41 0 
42 0 
43 0 
44 0 
45 0 
46 0 
47 0 
48 0 
49 0 
50 0 
51 0 
52 0 
53 0 
54 0 
55 0 
56 0 
57 28 
58 131 
59 331 
60 877 
61 2142 
62 3782 
63 7351 
64 12622 
65 20271 
66 30395 
67 43651 
68 61256 
69 85704 
70 124444 
71 175109 
72 236358 
73 314148 
74 413849 
75 538507 
76 696335 
77 888754 
78 1.11363e+06 
79 1.38722e+06 
80 1.70281e+06 
81 2.05523e+06 
82 2.4794e+06 
83 2.96755e+06 
84 3.53619e+06 
85 4.17343e+06 
86 4.85371e+06 
87 5.55367e+06 
88 6.25842e+06 
89 6.96625e+06 
90 7.63308e+06 
91 8.25309e+06 
92 8.78473e+06 
93 9.25728e+06 
94 9.68923e+06 
95 1.00575e+07 
96 1.03319e+07 
97 1.04787e+07 
98 1.05049e+07 
99 1.04506e+07 
100 1.03302e+07 
101 1.02059e+07 
102 1.003e+07 
103 9.79492e+06 
104 9.49548e+06 
105 9.17494e+06 
106 8.89478e+06 
107 8.70955e+06 
108 8.58583e+06 
109 8.46319e+06 
110 8.28986e+06 
111 8.07442e+06 
112 7.8629e+06 
113 7.67753e+06 
114 7.50186e+06 
115 7.38582e+06 
116 7.36277e+06 
117 7.40759e+06 
118 7.54958e+06 
119 7.78691e+06 
120 8.07687e+06 
121 8.3768e+06 
122 8.65207e+06 
123 8.89752e+06 
124 9.128e+06 
125 9.38229e+06 
126 9.69485e+06 
127 1.00853e+07 
128 1.0572e+07 
129 1.11601e+07 
130 1.17921e+07 
131 1.24735e+07 
132 1.31787e+07 
133 1.39079e+07 
134 1.46329e+07 
135 1.53436e+07 
136 1.59445e+07 
137 1.64267e+07 
138 1.67394e+07 
139 1.68382e+07 
140 1.67639e+07 
141 1.65766e+07 
142 1.63081e+07 
143 1.5989e+07 
144 1.56113e+07 
145 1.52365e+07 
146 1.48726e+07 
147 1.45331e+07 
148 1.42583e+07 
149 1.40417e+07 
150 1.39553e+07 
151 1.40299e+07 
152 1.42828e+07 
153 1.4803e+07 
154 1.56398e+07 
155 1.6799e+07 
156 1.82161e+07 
157 1.98751e+07 
158 2.17113e+07 
159 2.36327e+07 
160 2.56323e+07 
161 2.76563e+07 
162 2.96782e+07 
163 3.16224e+07 
164 3.34404e+07 
165 3.51346e+07 
166 3.6601e+07 
167 3.78846e+07 
168 3.89735e+07 
169 4.00625e+07 
170 4.11234e+07 
171 4.20835e+07 
172 4.29658e+07 
173 4.3791e+07 
174 4.44525e+07 
175 4.4885e+07 
176 4.51626e+07 
177 4.51725e+07 
178 4.49605e+07 
179 4.44043e+07 
180 4.35933e+07 
181 4.26001e+07 
182 4.14636e+07 
183 4.01826e+07 
184 3.88462e+07 
185 3.75148e+07 
186 3.63257e+07 
187 3.52181e+07 
188 3.41865e+07 
189 3.32808e+07 
190 3.25127e+07 
191 3.19651e+07 
192 3.15759e+07 
193 3.12171e+07 
194 3.09021e+07 
195 3.05175e+07 
196 3.01019e+07 
197 2.95873e+07 
198 2.9002e+07 
199 2.84216e+07 
200 2.79265e+07 
201 2.74558e+07 
202 2.69514e+07 
203 2.63932e+07 
204 2.58128e+07 
205 2.51748e+07 
206 2.4459e+07 
207 2.36678e+07 
208 2.28062e+07 
209 2.19347e+07 
210 2.11052e+07 
211 2.03244e+07 
212 1.96176e+07 
213 1.8945e+07 
214 1.83564e+07 
215 1.78389e+07 
216 1.73777e+07 
217 1.70146e+07 
218 1.67199e+07 
219 1.64732e+07 
220 1.62689e+07 
221 1.6145e+07 
222 1.60331e+07 
223 1.58713e+07 
224 1.57087e+07 
225 1.55174e+07 
226 1.53119e+07 
227 1.51272e+07 
228 1.49543e+07 
229 1.48572e+07 
230 1.48547e+07 
231 1.49219e+07 
232 1.50317e+07 
233 1.52035e+07 
234 1.54675e+07 
235 1.58511e+07 
236 1.63529e+07 
237 1.6994e+07 
238 1.78033e+07 
239 1.87761e+07 
240 1.98568e+07 
241 2.10382e+07 
242 2.23329e+07 
243 2.3683e+07 
244 2.50963e+07 
245 2.64678e+07 
246 2.7815e+07 
247 2.91441e+07 
248 3.04078e+07 
249 3.16448e+07 
250 3.28485e+07 
251 3.39831e+07 
252 3.49935e+07 
253 3.5767e+07 
254 3.64076e+07 
255 3.68893e+07 
256 3.71394e+07 
257 3.69864e+07 
258 3.65355e+07 
259 3.58733e+07 
260 3.51313e+07 
261 3.42403e+07 
262 3.32584e+07 
263 3.21892e+07 
264 3.10693e+07 
265 2.98786e+07 
266 2.87456e+07 
267 2.75924e+07 
268 2.63729e+07 
269 2.51354e+07 
270 2.39201e+07 
271 2.27528e+07 
272 2.16492e+07 
273 2.06731e+07 
274 1.98117e+07 
275 1.90344e+07 
276 1.83854e+07 
277 1.78416e+07 
278 1.73784e+07 
279 1.69277e+07 
280 1.64572e+07 
281 1.59329e+07 
282 1.539e+07 
283 1.48585e+07 
284 1.44279e+07 
285 1.40705e+07 
286 1.37748e+07 
287 1.34976e+07 
288 1.31781e+07 
289 1.2881e+07 
290 1.25811e+07 
291 1.22973e+07 
292 1.20254e+07 
293 1.18149e+07 
294 1.17077e+07 
295 1.16727e+07 
296 1.16844e+07 
297 1.17412e+07 
298 1.18292e+07 
299 1.19856e+07 
300 1.22486e+07 
301 1.26475e+07 
302 1.31683e+07 
303 1.37409e+07 
304 1.4334e+07 
305 1.48432e+07 
306 1.5218e+07 
307 1.54872e+07 
308 1.56518e+07 
309 1.57336e+07 
310 1.57194e+07 
311 1.55989e+07 
312 1.54062e+07 
313 1.51603e+07 
314 1.49138e+07 
315 1.47254e+07 
316 1.44889e+07 
317 1.42393e+07 
318 1.39993e+07 
319 1.37722e+07 
320 1.35604e+07 
321 1.33899e+07 
322 1.32806e+07 
323 1.32558e+07 
324 1.33243e+07 
325 1.34812e+07 
326 1.372e+07 
327 1.40147e+07 
328 1.43509e+07 
329 1.47585e+07 
330 1.52559e+07 
331 1.58461e+07 
332 1.65878e+07 
333 1.75139e+07 
334 1.86659e+07 
335 2.00276e+07 
336 2.14898e+07 
337 2.29968e+07 
338 2.45018e+07 
339 2.59874e+07 
340 2.75083e+07 
341 2.90452e+07 
342 3.05657e+07 
343 3.2135e+07 
344 3.37164e+07 
345 3.52741e+07 
346 3.67134e+07 
347 3.80349e+07 
348 3.9186e+07 
349 4.02167e+07 
350 4.11159e+07 
351 4.19187e+07 
352 4.26685e+07 
353 4.33138e+07 
354 4.38404e+07 
355 4.42861e+07 
356 4.45956e+07 
357 4.47616e+07 
358 4.48689e+07 
359 4.50028e+07 
360 4.5105e+07 
361 4.51433e+07 
362 4.51305e+07 
363 4.51087e+07 
364 4.51528e+07 
365 4.51606e+07 
366 4.51262e+07 
367 4.4992e+07 
368 4.48048e+07 
369 4.45126e+07 
370 4.41364e+07 
371 4.38093e+07 
372 4.35502e+07 
373 4.33096e+07 
374 4.32472e+07 
375 4.34523e+07 
376 4.38818e+07 
377 4.44439e+07 
378 4.50589e+07 
379 4.55836e+07 
380 4.60987e+07 
381 4.65716e+07 
382 4.70829e+07 
383 4.77327e+07 
384 4.84254e+07 
385 4.91096e+07 
386 4.98578e+07 
387 5.06953e+07 
388 5.16358e+07 
389 5.27453e+07 
390 5.41417e+07 
391 5.58613e+07 
392 5.7826e+07 
393 5.99523e+07 
394 6.21818e+07 
395 6.44546e+07 
396 6.66571e+07 
397 6.86662e+07 
398 7.04842e+07 
399 7.19576e+07 
400 7.30701e+07 
401 7.38388e+07 
402 7.43273e+07 
403 7.46922e+07 
404 7.49431e+07 
405 7.5096e+07 
406 7.49965e+07 
407 7.46544e+07 
408 7.41208e+07 
409 7.32544e+07 
410 7.22017e+07 
411 7.0981e+07 
412 6.96915e+07 
413 6.82924e+07 
414 6.67707e+07 
415 6.52052e+07 
416 6.35313e+07 
417 6.17729e+07 
418 6.00122e+07 
419 5.82776e+07 
420 5.6648e+07 
421 5.51701e+07 
422 5.39257e+07 
423 5.28538e+07 
424 5.19367e+07 
425 5.10617e+07 
426 5.02695e+07 
427 4.95202e+07 
428 4.86908e+07 
429 4.79778e+07 
430 4.74568e+07 
431 4.71169e+07 
432 4.70562e+07 
433 4.73147e+07 
434 4.78728e+07 
435 4.86359e+07 
436 4.96303e+07 
437 5.07778e+07 
438 5.20785e+07 
439 5.34206e+07 
440 5.47516e+07 
441 5.60045e+07 
442 5.7169e+07 
443 5.82542e+07 
444 5.92942e+07 
445 6.02672e+07 
446 6.11638e+07 
447 6.19709e+07 
448 6.27055e+07 
449 6.33436e+07 
450 6.39024e+07 
451 6.43098e+07 
452 6.46772e+07 
453 6.50338e+07 
454 6.53676e+07 
455 6.55719e+07 
456 6.56855e+07 
457 6.57723e+07 
458 6.57977e+07 
459 6.58602e+07 
460 6.58573e+07 
461 6.58711e+07 
462 6.59643e+07 
463 6.61386e+07 
464 6.63798e+07 
465 6.67958e+07 
466 6.74338e+07 
467 6.84843e+07 
468 6.97492e+07 
469 7.10896e+07 
470 7.25135e+07 
471 7.41885e+07 
472 7.60877e+07 
473 7.81845e+07 
474 8.04784e+07 
475 8.30047e+07 
476 8.55107e+07 
477 8.80113e+07 
478 9.05527e+07 
479 9.30525e+07 
480 9.54098e+07 
481 9.74169e+07 
482 9.90353e+07 
483 1.00286e+08 
484 1.01204e+08 
485 1.0186e+08 
486 1.02186e+08 
487 1.02104e+08 
488 1.01596e+08 
489 1.00776e+08 
490 9.97983e+07 
491 9.87529e+07 
492 9.75135e+07 
493 9.60949e+07 
494 9.44702e+07 
495 9.27503e+07 
496 9.09328e+07 
497 8.91122e+07 
498 8.72899e+07 
499 8.53815e+07 
500 8.34149e+07 
501 8.14631e+07 
502 7.95394e+07 
503 7.764e+07 
504 7.57466e+07 
505 7.39338e+07 
506 7.23025e+07 
507 7.07781e+07 
508 6.94299e+07 
509 6.82781e+07 
510 6.72223e+07 
511 6.63749e+07 
512 6.56951e+07 
513 6.50833e+07 
514 6.45904e+07 
515 6.42489e+07 
516 6.39966e+07 
517 6.38154e+07 
518 6.37932e+07 
519 6.40163e+07 
520 6.44247e+07 
521 6.50652e+07 
522 6.57534e+07 
523 6.63698e+07 
524 6.68527e+07 
525 6.72158e+07 
526 6.75378e+07 
527 6.7811e+07 
528 6.81089e+07 
529 6.84448e+07 
530 6.90008e+07 
531 6.97904e+07 
532 7.07384e+07 
533 7.17479e+07 
534 7.27707e+07 
535 7.37789e+07 
536 7.46754e+07 
537 7.54578e+07 
538 7.60254e+07 
539 7.64004e+07 
540 7.66551e+07 
541 7.67159e+07 
542 7.67277e+07 
543 7.66138e+07 
544 7.63705e+07 
545 7.58976e+07 
546 7.52124e+07 
547 7.43234e+07 
548 7.33483e+07 
549 7.23183e+07 
550 7.13939e+07 
551 7.0697e+07 
552 7.02066e+07 
553 6.99238e+07 
554 6.97871e+07 
555 6.95423e+07 
556 6.92138e+07 
557 6.8903e+07 
558 6.8537e+07 
559 6.81721e+07 
560 6.78397e+07 
561 6.74313e+07 
562 6.69547e+07 
563 6.64071e+07 
564 6.57654e+07 
565 6.50966e+07 
566 6.44899e+07 
567 6.40218e+07 
568 6.36181e+07 
569 6.32377e+07 
570 6.28688e+07 
571 6.25576e+07 
572 6.23598e+07 
573 6.23009e+07 
574 6.23276e+07 
575 6.23831e+07 
576 6.24132e+07 
577 6.23693e+07 
578 6.22665e+07 
579 6.20198e+07 
580 6.17058e+07 
581 6.12526e+07 
582 6.07057e+07 
583 6.02778e+07 
584 6.00945e+07 
585 6.01039e+07 
586 6.03053e+07 
587 6.05567e+07 
588 6.08294e+07 
589 6.10953e+07 
590 6.13564e+07 
591 6.16871e+07 
592 6.19936e+07 
593 6.22067e+07 
594 6.214e+07 
595 6.18171e+07 
596 6.12713e+07 
597 6.05519e+07 
598 5.98163e+07 
599 5.91243e+07 
600 5.83443e+07 
601 5.75152e+07 
602 5.65944e+07 
603 5.5613e+07 
604 5.45622e+07 
605 5.33236e+07 
606 5.19496e+07 
607 5.03986e+07 
608 4.87038e+07 
609 4.69499e+07 
610 4.51136e+07 
611 4.32898e+07 
612 4.16375e+07 
613 4.01679e+07 
614 3.89797e+07 
615 3.80477e+07 
616 3.74127e+07 
617 3.70448e+07 
618 3.68507e+07 
619 3.68329e+07 
620 3.69574e+07 
621 3.71569e+07 
622 3.73933e+07 
623 3.76331e+07 
624 3.78092e+07 
625 3.79251e+07 
626 3.79422e+07 
627 3.78713e+07 
628 3.77399e+07 
629 3.74521e+07 
630 3.69812e+07 
631 3.63317e+07 
632 3.5494e+07 
633 3.45674e+07 
634 3.36096e+07 
635 3.26111e+07 
636 3.15741e+07 
637 3.04721e+07 
638 2.93277e+07 
639 2.81481e+07 
640 2.6832e+07 
641 2.54273e+07 
642 2.40133e+07 
643 2.26132e+07 
644 2.12209e+07 
645 1.98743e+07 
646 1.86032e+07 
647 1.7453e+07 
648 1.64615e+07 
649 1.55869e+07 
650 1.48808e+07 
651 1.43541e+07 
652 1.39376e+07 
653 1.35835e+07 
654 1.33037e+07 
655 1.30657e+07 
656 1.28771e+07 
657 1.2706e+07 
658 1.25597e+07 
659 1.24542e+07 
660 1.2383e+07 
661 1.23827e+07 
662 1.24436e+07 
663 1.26199e+07 
664 1.29493e+07 
665 1.34077e+07 
666 1.40306e+07 
667 1.47926e+07 
668 1.56273e+07 
669 1.65663e+07 
670 1.75918e+07 
671 1.86741e+07 
672 1.97367e+07 
673 2.07981e+07 
674 2.18194e+07 
675 2.27044e+07 
676 2.34443e+07 
677 2.40154e+07 
678 2.43954e+07 
679 2.46932e+07 
680 2.50081e+07 
681 2.53063e+07 
682 2.55766e+07 
683 2.57809e+07 
684 2.59199e+07 
685 2.59595e+07 
686 2.58286e+07 
687 2.55478e+07 
688 2.51534e+07 
689 2.47867e+07 
690 2.45233e+07 
691 2.43333e+07 
692 2.42e+07 
693 2.41642e+07 
694 2.41302e+07 
695 2.40445e+07 
696 2.38802e+07 
697 2.36163e+07 
698 2.32696e+07 
699 2.28378e+07 
700 2.23936e+07 
701 2.1912e+07 
702 2.14116e+07 
703 2.09093e+07 
704 2.03673e+07 
705 1.98121e+07 
706 1.91687e+07 
707 1.85218e+07 
708 1.78893e+07 
709 1.73038e+07 
710 1.67937e+07 
711 1.6328e+07 
712 1.58676e+07 
713 1.5429e+07 
714 1.49907e+07 
715 1.45647e+07 
716 1.4135e+07 
717 1.37356e+07 
718 1.33425e+07 
719 1.29838e+07 
720 1.26599e+07 
721 1.23588e+07 
722 1.20961e+07 
723 1.18706e+07 
724 1.16436e+07 
725 1.13848e+07 
726 1.10844e+07 
727 1.07278e+07 
728 1.03382e+07 
729 9.90228e+06 
730 9.48568e+06 
731 9.09871e+06 
732 8.73602e+06 
733 8.41093e+06 
734 8.16569e+06 
735 7.95306e+06 
736 7.7523e+06 
737 7.53716e+06 
738 7.35746e+06 
739 7.20254e+06 
740 7.05857e+06 
741 6.94316e+06 
742 6.89226e+06 
743 6.88668e+06 
744 6.87851e+06 
745 6.83344e+06 
746 6.77161e+06 
747 6.71786e+06 
748 6.67194e+06 
749 6.64268e+06 
750 6.64451e+06 
751 6.66623e+06 
752 6.69573e+06 
753 6.7301e+06 
754 6.75901e+06 
755 6.78662e+06 
756 6.82036e+06 
757 6.89177e+06 
758 7.05073e+06 
759 7.26699e+06 
760 7.51829e+06 
761 7.8298e+06 
762 8.16589e+06 
763 8.52637e+06 
764 8.91643e+06 
765 9.36774e+06 
766 9.78567e+06 
767 1.02127e+07 
768 1.06584e+07 
769 1.11473e+07 
770 1.16557e+07 
771 1.2139e+07 
772 1.25754e+07 
773 1.29223e+07 
774 1.31609e+07 
775 1.33448e+07 
776 1.34555e+07 
777 1.35056e+07 
778 1.34721e+07 
779 1.33649e+07 
780 1.31716e+07 
781 1.28953e+07 
782 1.25492e+07 
783 1.21419e+07 
784 1.16782e+07 
785 1.11386e+07 
786 1.0519e+07 
787 9.78917e+06 
788 8.96257e+06 
789 8.03496e+06 
790 7.03126e+06 
791 6.02018e+06 
792 5.01655e+06 
793 4.0362e+06 
794 3.10556e+06 
795 2.24853e+06 
796 1.51934e+06 
797 912414 
798 448116 
799 156226 
