0 0 
1 0 
2 0 
3 0 
4 0 
5 0 
6 0 
7 0 
8 0 
9 0 
10 0 
11 0 
12 0 
13 0 
14 0 
15 0 
16 0 
17 0 
18 0 
19 0 
20 0 
21 0 
22 0 
23 0 
24 0 
25 0 
26 0 
27 0 
28 0 
29 0 
30 0 
31 0 
32 0 
33 0 
34 0 
35 0 
36 0 
37 0 
38 0 
39 0 
40 0 
41 0 
42 0 
43 0 
44 0 
45 0 
46 0 
47 0 
48 0 
49 0 
50 0 
51 0 
52 0 
53 0 
54 0 
55 0 
56 0 
57 0 
58 0 
59 0 
60 0 
61 0 
62 0 
63 0 
64 0 
65 0 
66 0 
67 0 
68 0 
69 0 
70 0 
71 0 
72 0 
73 0 
74 0 
75 0 
76 0 
77 0 
78 0 
79 0 
80 0 
81 0 
82 0 
83 0 
84 0 
85 0 
86 0 
87 0 
88 0 
89 0 
90 0 
91 0 
92 0 
93 0 
94 0 
95 0 
96 0 
97 0 
98 0 
99 0 
100 0 
101 0 
102 0 
103 0 
104 0 
105 0 
106 0 
107 0 
108 0 
109 0 
110 0 
111 0 
112 0 
113 0 
114 0 
115 0 
116 0 
117 0 
118 0 
119 0 
120 0 
121 0 
122 0 
123 0 
124 0 
125 0 
126 0 
127 0 
128 0 
129 0 
130 0 
131 0 
132 0 
133 0 
134 0 
135 0 
136 0 
137 0 
138 0 
139 0 
140 0 
141 0 
142 0 
143 0 
144 0 
145 0 
146 0 
147 0 
148 0 
149 0 
150 0 
151 0 
152 0 
153 0 
154 0 
155 0 
156 0 
157 0 
158 0 
159 0 
160 0 
161 0 
162 0 
163 0 
164 0 
165 0 
166 0 
167 0 
168 0 
169 0 
170 0 
171 0 
172 0 
173 0 
174 0 
175 0 
176 0 
177 0 
178 0 
179 0 
180 0 
181 0 
182 0 
183 0 
184 0 
185 0 
186 0 
187 0 
188 0 
189 0 
190 0 
191 0 
192 0 
193 0 
194 0 
195 0 
196 0 
197 0 
198 0 
199 0 
200 0 
201 0 
202 0 
203 0 
204 0 
205 0 
206 0 
207 0 
208 0 
209 0 
210 0 
211 0 
212 0 
213 0 
214 0 
215 0 
216 0 
217 0 
218 0 
219 0 
220 0 
221 0 
222 0 
223 0 
224 0 
225 0 
226 0 
227 0 
228 0 
229 0 
230 0 
231 0 
232 0 
233 0 
234 0 
235 0 
236 0 
237 0 
238 0 
239 0 
240 0 
241 0 
242 0 
243 0 
244 0 
245 0 
246 0 
247 0 
248 0 
249 0 
250 0 
251 0 
252 0 
253 0 
254 0 
255 0 
256 0 
257 0 
258 0 
259 0 
260 0 
261 0 
262 0 
263 0 
264 0 
265 0 
266 0 
267 0 
268 0 
269 0 
270 0 
271 0 
272 0 
273 0 
274 0 
275 0 
276 0 
277 0 
278 0 
279 0 
280 0 
281 0 
282 0 
283 0 
284 0 
285 0 
286 0 
287 0 
288 0 
289 0 
290 0 
291 0 
292 0 
293 0 
294 0 
295 0 
296 0 
297 0 
298 0 
299 0 
300 0 
301 0 
302 11 
303 67 
304 223 
305 681 
306 1580 
307 3051 
308 5059 
309 8157 
310 13667 
311 24417 
312 43387 
313 73437 
314 120496 
315 185783 
316 276243 
317 392882 
318 535442 
319 689262 
320 864853 
321 1.05019e+06 
322 1.26238e+06 
323 1.48551e+06 
324 1.72291e+06 
325 1.96582e+06 
326 2.24976e+06 
327 2.59301e+06 
328 3.01006e+06 
329 3.49723e+06 
330 4.0543e+06 
331 4.68104e+06 
332 5.36631e+06 
333 6.14078e+06 
334 6.9771e+06 
335 7.92194e+06 
336 8.98982e+06 
337 1.02216e+07 
338 1.15545e+07 
339 1.29927e+07 
340 1.45095e+07 
341 1.60078e+07 
342 1.74142e+07 
343 1.8741e+07 
344 1.99498e+07 
345 2.10534e+07 
346 2.21496e+07 
347 2.32118e+07 
348 2.43285e+07 
349 2.55268e+07 
350 2.68958e+07 
351 2.84607e+07 
352 3.02138e+07 
353 3.21792e+07 
354 3.43795e+07 
355 3.68658e+07 
356 3.96286e+07 
357 4.2664e+07 
358 4.59688e+07 
359 4.95105e+07 
360 5.33004e+07 
361 5.73354e+07 
362 6.16205e+07 
363 6.60841e+07 
364 7.08039e+07 
365 7.59687e+07 
366 8.15126e+07 
367 8.74899e+07 
368 9.39583e+07 
369 1.01229e+08 
370 1.09285e+08 
371 1.18286e+08 
372 1.2822e+08 
373 1.3923e+08 
374 1.51316e+08 
375 1.64454e+08 
376 1.78372e+08 
377 1.93367e+08 
378 2.09427e+08 
379 2.26596e+08 
380 2.44726e+08 
381 2.63819e+08 
382 2.83777e+08 
383 3.04668e+08 
384 3.26469e+08 
385 3.49252e+08 
386 3.72565e+08 
387 3.96498e+08 
388 4.20799e+08 
389 4.45376e+08 
390 4.69822e+08 
391 4.93739e+08 
392 5.16756e+08 
393 5.38753e+08 
394 5.59437e+08 
395 5.78491e+08 
396 5.95369e+08 
397 6.09695e+08 
398 6.2113e+08 
399 6.29021e+08 
400 6.33279e+08 
401 6.33279e+08 
402 6.29219e+08 
403 6.21008e+08 
404 6.09159e+08 
405 5.94186e+08 
406 5.76319e+08 
407 5.56246e+08 
408 5.34447e+08 
409 5.11879e+08 
410 4.8922e+08 
411 4.66235e+08 
412 4.4312e+08 
413 4.20287e+08 
414 3.97942e+08 
415 3.7652e+08 
416 3.55936e+08 
417 3.36122e+08 
418 3.17193e+08 
419 2.99222e+08 
420 2.82201e+08 
421 2.66e+08 
422 2.5042e+08 
423 2.35437e+08 
424 2.21079e+08 
425 2.07177e+08 
426 1.93741e+08 
427 1.80572e+08 
428 1.6787e+08 
429 1.55648e+08 
430 1.43908e+08 
431 1.32673e+08 
432 1.21992e+08 
433 1.11783e+08 
434 1.02089e+08 
435 9.29467e+07 
436 8.4324e+07 
437 7.61625e+07 
438 6.85754e+07 
439 6.16146e+07 
440 5.52928e+07 
441 4.9562e+07 
442 4.44697e+07 
443 4.00156e+07 
444 3.61386e+07 
445 3.276e+07 
446 2.9706e+07 
447 2.69416e+07 
448 2.44106e+07 
449 2.21041e+07 
450 2.00426e+07 
451 1.82774e+07 
452 1.67797e+07 
453 1.55275e+07 
454 1.44666e+07 
455 1.35831e+07 
456 1.27568e+07 
457 1.19464e+07 
458 1.11503e+07 
459 1.03362e+07 
460 9.52749e+06 
461 8.72459e+06 
462 7.91909e+06 
463 7.14478e+06 
464 6.43303e+06 
465 5.76831e+06 
466 5.15264e+06 
467 4.59473e+06 
468 4.06321e+06 
469 3.57884e+06 
470 3.11475e+06 
471 2.67674e+06 
472 2.24873e+06 
473 1.8205e+06 
474 1.43337e+06 
475 1.10082e+06 
476 833862 
477 621600 
478 448385 
479 314607 
480 211590 
481 137125 
482 82834 
483 49093 
484 27256 
485 13806 
486 6031 
487 2126 
488 655 
489 156 
490 34 
491 0 
492 0 
493 0 
494 0 
495 0 
496 0 
497 0 
498 0 
499 0 
500 0 
501 0 
502 0 
503 0 
504 0 
505 0 
506 0 
507 0 
508 0 
509 0 
510 0 
511 0 
512 0 
513 0 
514 0 
515 0 
516 0 
517 0 
518 0 
519 0 
520 0 
521 0 
522 0 
523 0 
524 0 
525 0 
526 0 
527 0 
528 0 
529 0 
530 0 
531 0 
532 0 
533 0 
534 0 
535 0 
536 0 
537 0 
538 0 
539 0 
540 0 
541 0 
542 0 
543 0 
544 0 
545 0 
546 0 
547 0 
548 0 
549 0 
550 0 
551 0 
552 0 
553 0 
554 0 
555 0 
556 0 
557 0 
558 0 
559 0 
560 0 
561 0 
562 0 
563 0 
564 0 
565 0 
566 0 
567 0 
568 0 
569 0 
570 0 
571 0 
572 0 
573 0 
574 0 
575 0 
576 0 
577 0 
578 0 
579 0 
580 0 
581 0 
582 0 
583 0 
584 0 
585 0 
586 0 
587 0 
588 0 
589 0 
590 0 
591 0 
592 0 
593 0 
594 0 
595 0 
596 0 
597 0 
598 0 
599 0 
600 0 
601 0 
602 0 
603 0 
604 0 
605 0 
606 0 
607 0 
608 0 
609 0 
610 0 
611 0 
612 0 
613 0 
614 0 
615 0 
616 0 
617 0 
618 0 
619 0 
620 0 
621 0 
622 0 
623 0 
624 0 
625 0 
626 0 
627 0 
628 0 
629 0 
630 0 
631 0 
632 0 
633 0 
634 0 
635 0 
636 0 
637 0 
638 0 
639 0 
640 0 
641 0 
642 0 
643 0 
644 0 
645 0 
646 0 
647 0 
648 0 
649 0 
650 0 
651 0 
652 0 
653 0 
654 0 
655 0 
656 0 
657 0 
658 0 
659 0 
660 0 
661 0 
662 0 
663 0 
664 0 
665 0 
666 0 
667 0 
668 0 
669 0 
670 0 
671 0 
672 0 
673 0 
674 0 
675 0 
676 0 
677 0 
678 0 
679 0 
680 0 
681 0 
682 0 
683 0 
684 0 
685 0 
686 0 
687 0 
688 0 
689 0 
690 0 
691 0 
692 0 
693 0 
694 0 
695 0 
696 0 
697 0 
698 0 
699 0 
700 0 
701 0 
702 0 
703 0 
704 0 
705 0 
706 0 
707 0 
708 0 
709 0 
710 0 
711 0 
712 0 
713 0 
714 0 
715 0 
716 0 
717 0 
718 0 
719 0 
720 0 
721 0 
722 0 
723 0 
724 0 
725 0 
726 0 
727 0 
728 0 
729 0 
730 0 
731 0 
732 0 
733 0 
734 0 
735 0 
736 0 
737 0 
738 0 
739 0 
740 0 
741 0 
742 0 
743 0 
744 0 
745 0 
746 0 
747 0 
748 0 
749 0 
750 0 
751 0 
752 0 
753 0 
754 0 
755 0 
756 0 
757 0 
758 0 
759 0 
760 0 
761 0 
762 0 
763 0 
764 0 
765 0 
766 0 
767 0 
768 0 
769 0 
770 0 
771 0 
772 0 
773 0 
774 0 
775 0 
776 0 
777 0 
778 0 
779 0 
780 0 
781 0 
782 0 
783 0 
784 0 
785 0 
786 0 
787 0 
788 0 
789 0 
790 0 
791 0 
792 0 
793 0 
794 0 
795 0 
796 0 
797 0 
798 0 
799 0 
