0 0 
1 0 
2 0 
3 0 
4 0 
5 0 
6 0 
7 0 
8 0 
9 0 
10 0 
11 0 
12 0 
13 0 
14 0 
15 0 
16 0 
17 0 
18 0 
19 0 
20 0 
21 0 
22 0 
23 0 
24 0 
25 0 
26 0 
27 0 
28 0 
29 0 
30 0 
31 0 
32 0 
33 0 
34 0 
35 0 
36 0 
37 0 
38 0 
39 0 
40 0 
41 0 
42 0 
43 0 
44 0 
45 0 
46 0 
47 0 
48 0 
49 0 
50 0 
51 0 
52 0 
53 0 
54 0 
55 0 
56 0 
57 0 
58 0 
59 0 
60 0 
61 0 
62 0 
63 0 
64 0 
65 0 
66 0 
67 0 
68 0 
69 0 
70 0 
71 0 
72 0 
73 0 
74 0 
75 0 
76 0 
77 0 
78 0 
79 0 
80 0 
81 0 
82 0 
83 0 
84 0 
85 0 
86 0 
87 0 
88 0 
89 0 
90 0 
91 0 
92 0 
93 0 
94 0 
95 0 
96 0 
97 0 
98 0 
99 0 
100 0 
101 0 
102 0 
103 0 
104 0 
105 0 
106 0 
107 0 
108 0 
109 0 
110 0 
111 0 
112 0 
113 0 
114 0 
115 0 
116 0 
117 0 
118 0 
119 0 
120 0 
121 0 
122 0 
123 0 
124 0 
125 0 
126 0 
127 0 
128 0 
129 0 
130 0 
131 0 
132 0 
133 0 
134 0 
135 0 
136 0 
137 0 
138 0 
139 0 
140 0 
141 0 
142 0 
143 0 
144 0 
145 0 
146 0 
147 0 
148 0 
149 0 
150 0 
151 0 
152 0 
153 0 
154 0 
155 0 
156 0 
157 0 
158 0 
159 0 
160 0 
161 0 
162 0 
163 0 
164 0 
165 0 
166 0 
167 0 
168 0 
169 0 
170 0 
171 0 
172 0 
173 0 
174 0 
175 0 
176 0 
177 0 
178 0 
179 0 
180 0 
181 0 
182 0 
183 0 
184 0 
185 0 
186 0 
187 0 
188 0 
189 0 
190 0 
191 0 
192 0 
193 0 
194 0 
195 0 
196 0 
197 0 
198 0 
199 4 
200 64 
201 184 
202 428 
203 924 
204 2310 
205 5109 
206 10135 
207 18181 
208 29596 
209 44335 
210 62264 
211 85259 
212 115064 
213 151677 
214 200735 
215 255998 
216 319813 
217 390545 
218 470191 
219 555807 
220 644992 
221 737873 
222 832055 
223 923803 
224 1.02025e+06 
225 1.13164e+06 
226 1.26402e+06 
227 1.42293e+06 
228 1.60993e+06 
229 1.82279e+06 
230 2.05645e+06 
231 2.3013e+06 
232 2.57413e+06 
233 2.86973e+06 
234 3.19338e+06 
235 3.54225e+06 
236 3.92167e+06 
237 4.329e+06 
238 4.7613e+06 
239 5.22505e+06 
240 5.73871e+06 
241 6.27818e+06 
242 6.83778e+06 
243 7.4048e+06 
244 7.98882e+06 
245 8.59502e+06 
246 9.24018e+06 
247 9.95935e+06 
248 1.07487e+07 
249 1.15771e+07 
250 1.24689e+07 
251 1.34376e+07 
252 1.44426e+07 
253 1.54469e+07 
254 1.63879e+07 
255 1.72197e+07 
256 1.7932e+07 
257 1.8545e+07 
258 1.90782e+07 
259 1.95554e+07 
260 1.9972e+07 
261 2.03302e+07 
262 2.05956e+07 
263 2.07207e+07 
264 2.0749e+07 
265 2.07025e+07 
266 2.06038e+07 
267 2.0517e+07 
268 2.0419e+07 
269 2.03255e+07 
270 2.02311e+07 
271 2.01778e+07 
272 2.02094e+07 
273 2.02451e+07 
274 2.03271e+07 
275 2.04566e+07 
276 2.06544e+07 
277 2.08557e+07 
278 2.11464e+07 
279 2.15282e+07 
280 2.19756e+07 
281 2.25331e+07 
282 2.32391e+07 
283 2.4058e+07 
284 2.49103e+07 
285 2.58041e+07 
286 2.6773e+07 
287 2.77623e+07 
288 2.87886e+07 
289 2.98592e+07 
290 3.09528e+07 
291 3.20376e+07 
292 3.30898e+07 
293 3.41506e+07 
294 3.50872e+07 
295 3.58497e+07 
296 3.65091e+07 
297 3.71072e+07 
298 3.76259e+07 
299 3.80755e+07 
300 3.84469e+07 
301 3.88596e+07 
302 3.92338e+07 
303 3.96323e+07 
304 4.00319e+07 
305 4.04512e+07 
306 4.08622e+07 
307 4.1233e+07 
308 4.15549e+07 
309 4.19268e+07 
310 4.2342e+07 
311 4.2757e+07 
312 4.31537e+07 
313 4.35878e+07 
314 4.41269e+07 
315 4.47892e+07 
316 4.54974e+07 
317 4.62762e+07 
318 4.70885e+07 
319 4.80032e+07 
320 4.89881e+07 
321 5.00973e+07 
322 5.12423e+07 
323 5.24602e+07 
324 5.37399e+07 
325 5.51342e+07 
326 5.67167e+07 
327 5.84035e+07 
328 6.02287e+07 
329 6.21064e+07 
330 6.40102e+07 
331 6.60025e+07 
332 6.81092e+07 
333 7.03806e+07 
334 7.28271e+07 
335 7.54086e+07 
336 7.81008e+07 
337 8.07449e+07 
338 8.32878e+07 
339 8.5724e+07 
340 8.80159e+07 
341 9.01033e+07 
342 9.21069e+07 
343 9.40171e+07 
344 9.58666e+07 
345 9.75893e+07 
346 9.92035e+07 
347 1.00694e+08 
348 1.02233e+08 
349 1.03785e+08 
350 1.05472e+08 
351 1.07305e+08 
352 1.09164e+08 
353 1.11106e+08 
354 1.13241e+08 
355 1.15482e+08 
356 1.17864e+08 
357 1.20211e+08 
358 1.22474e+08 
359 1.24748e+08 
360 1.26919e+08 
361 1.28993e+08 
362 1.31108e+08 
363 1.33362e+08 
364 1.35731e+08 
365 1.38267e+08 
366 1.41054e+08 
367 1.44104e+08 
368 1.47464e+08 
369 1.51085e+08 
370 1.55094e+08 
371 1.59454e+08 
372 1.64057e+08 
373 1.68928e+08 
374 1.74133e+08 
375 1.79843e+08 
376 1.86191e+08 
377 1.9308e+08 
378 2.00535e+08 
379 2.08542e+08 
380 2.16971e+08 
381 2.2557e+08 
382 2.34286e+08 
383 2.43097e+08 
384 2.51874e+08 
385 2.60468e+08 
386 2.6898e+08 
387 2.77204e+08 
388 2.85181e+08 
389 2.92721e+08 
390 3.00004e+08 
391 3.06971e+08 
392 3.1366e+08 
393 3.19552e+08 
394 3.2462e+08 
395 3.28896e+08 
396 3.32162e+08 
397 3.34472e+08 
398 3.35589e+08 
399 3.35505e+08 
400 3.34162e+08 
401 3.31592e+08 
402 3.27937e+08 
403 3.23317e+08 
404 3.17923e+08 
405 3.11874e+08 
406 3.05619e+08 
407 2.99402e+08 
408 2.93316e+08 
409 2.87429e+08 
410 2.81604e+08 
411 2.75864e+08 
412 2.70396e+08 
413 2.64969e+08 
414 2.59663e+08 
415 2.54213e+08 
416 2.48469e+08 
417 2.42508e+08 
418 2.36271e+08 
419 2.29955e+08 
420 2.23454e+08 
421 2.16784e+08 
422 2.09901e+08 
423 2.02917e+08 
424 1.95701e+08 
425 1.88356e+08 
426 1.8089e+08 
427 1.73304e+08 
428 1.65801e+08 
429 1.58492e+08 
430 1.5133e+08 
431 1.4439e+08 
432 1.3769e+08 
433 1.31331e+08 
434 1.25183e+08 
435 1.19282e+08 
436 1.13572e+08 
437 1.08095e+08 
438 1.02913e+08 
439 9.80373e+07 
440 9.34446e+07 
441 8.90831e+07 
442 8.49457e+07 
443 8.10338e+07 
444 7.73704e+07 
445 7.38249e+07 
446 7.04938e+07 
447 6.73324e+07 
448 6.44486e+07 
449 6.18437e+07 
450 5.95259e+07 
451 5.74878e+07 
452 5.56673e+07 
453 5.40137e+07 
454 5.24675e+07 
455 5.09348e+07 
456 4.93571e+07 
457 4.77509e+07 
458 4.61337e+07 
459 4.44977e+07 
460 4.28083e+07 
461 4.11684e+07 
462 3.959e+07 
463 3.80113e+07 
464 3.64379e+07 
465 3.49361e+07 
466 3.35119e+07 
467 3.21463e+07 
468 3.08576e+07 
469 2.95939e+07 
470 2.83664e+07 
471 2.71788e+07 
472 2.60315e+07 
473 2.48966e+07 
474 2.38313e+07 
475 2.27745e+07 
476 2.17244e+07 
477 2.07004e+07 
478 1.97114e+07 
479 1.87398e+07 
480 1.77617e+07 
481 1.67581e+07 
482 1.57688e+07 
483 1.48079e+07 
484 1.3898e+07 
485 1.3047e+07 
486 1.22881e+07 
487 1.16041e+07 
488 1.10155e+07 
489 1.05235e+07 
490 1.01187e+07 
491 9.76435e+06 
492 9.46916e+06 
493 9.2571e+06 
494 9.13828e+06 
495 9.06783e+06 
496 9.04677e+06 
497 9.07951e+06 
498 9.1089e+06 
499 9.12245e+06 
500 9.09432e+06 
501 9.01641e+06 
502 8.86454e+06 
503 8.66153e+06 
504 8.38029e+06 
505 7.99237e+06 
506 7.52488e+06 
507 6.99427e+06 
508 6.45303e+06 
509 5.92514e+06 
510 5.40931e+06 
511 4.9179e+06 
512 4.47852e+06 
513 4.07928e+06 
514 3.69577e+06 
515 3.35294e+06 
516 3.018e+06 
517 2.70119e+06 
518 2.39666e+06 
519 2.10685e+06 
520 1.82821e+06 
521 1.57176e+06 
522 1.33538e+06 
523 1.12118e+06 
524 936109 
525 786942 
526 661302 
527 547301 
528 447451 
529 366927 
530 301271 
531 247744 
532 202984 
533 162688 
534 127633 
535 98882 
536 75110 
537 54835 
538 40299 
539 28470 
540 20722 
541 13954 
542 8757 
543 5376 
544 2902 
545 1414 
546 587 
547 239 
548 71 
549 12 
550 0 
551 0 
552 0 
553 0 
554 0 
555 0 
556 0 
557 0 
558 0 
559 0 
560 0 
561 0 
562 0 
563 0 
564 0 
565 0 
566 0 
567 0 
568 0 
569 0 
570 0 
571 0 
572 0 
573 0 
574 0 
575 0 
576 0 
577 0 
578 0 
579 0 
580 0 
581 0 
582 0 
583 0 
584 0 
585 0 
586 0 
587 0 
588 0 
589 0 
590 0 
591 0 
592 0 
593 0 
594 0 
595 0 
596 0 
597 0 
598 0 
599 0 
600 0 
601 0 
602 0 
603 0 
604 0 
605 0 
606 0 
607 0 
608 0 
609 0 
610 0 
611 0 
612 0 
613 0 
614 0 
615 0 
616 0 
617 0 
618 0 
619 0 
620 0 
621 0 
622 0 
623 0 
624 0 
625 0 
626 0 
627 0 
628 0 
629 0 
630 0 
631 0 
632 0 
633 0 
634 0 
635 0 
636 0 
637 0 
638 0 
639 0 
640 0 
641 0 
642 0 
643 0 
644 0 
645 0 
646 0 
647 0 
648 0 
649 0 
650 0 
651 0 
652 0 
653 0 
654 0 
655 0 
656 0 
657 0 
658 0 
659 0 
660 0 
661 0 
662 0 
663 0 
664 0 
665 0 
666 0 
667 0 
668 0 
669 0 
670 0 
671 0 
672 0 
673 0 
674 0 
675 0 
676 0 
677 0 
678 0 
679 0 
680 0 
681 0 
682 0 
683 0 
684 0 
685 0 
686 0 
687 0 
688 0 
689 0 
690 0 
691 0 
692 0 
693 0 
694 0 
695 0 
696 0 
697 0 
698 0 
699 0 
700 0 
701 0 
702 0 
703 0 
704 0 
705 0 
706 0 
707 0 
708 0 
709 0 
710 0 
711 0 
712 0 
713 0 
714 0 
715 0 
716 0 
717 0 
718 0 
719 0 
720 0 
721 0 
722 0 
723 0 
724 0 
725 0 
726 0 
727 0 
728 0 
729 0 
730 0 
731 0 
732 0 
733 0 
734 0 
735 0 
736 0 
737 0 
738 0 
739 0 
740 0 
741 0 
742 0 
743 0 
744 0 
745 0 
746 0 
747 0 
748 0 
749 0 
750 0 
751 0 
752 0 
753 0 
754 0 
755 0 
756 0 
757 0 
758 0 
759 0 
760 0 
761 0 
762 0 
763 0 
764 0 
765 0 
766 0 
767 0 
768 0 
769 0 
770 0 
771 0 
772 0 
773 0 
774 0 
775 0 
776 0 
777 0 
778 0 
779 0 
780 0 
781 0 
782 0 
783 0 
784 0 
785 0 
786 0 
787 0 
788 0 
789 0 
790 0 
791 0 
792 0 
793 0 
794 0 
795 0 
796 0 
797 0 
798 0 
799 0 
