0 0 
1 0 
2 0 
3 0 
4 0 
5 0 
6 0 
7 0 
8 0 
9 0 
10 0 
11 0 
12 0 
13 0 
14 0 
15 0 
16 0 
17 0 
18 0 
19 0 
20 0 
21 0 
22 0 
23 0 
24 0 
25 0 
26 0 
27 0 
28 0 
29 0 
30 0 
31 0 
32 0 
33 0 
34 0 
35 0 
36 0 
37 0 
38 0 
39 0 
40 0 
41 0 
42 0 
43 0 
44 0 
45 0 
46 0 
47 0 
48 0 
49 0 
50 0 
51 0 
52 0 
53 0 
54 0 
55 0 
56 0 
57 0 
58 0 
59 0 
60 0 
61 0 
62 0 
63 0 
64 0 
65 0 
66 0 
67 0 
68 0 
69 0 
70 0 
71 0 
72 0 
73 0 
74 0 
75 0 
76 0 
77 0 
78 0 
79 0 
80 0 
81 0 
82 0 
83 0 
84 0 
85 0 
86 0 
87 0 
88 0 
89 0 
90 0 
91 0 
92 0 
93 0 
94 0 
95 0 
96 0 
97 0 
98 0 
99 0 
100 0 
101 0 
102 0 
103 0 
104 0 
105 0 
106 0 
107 0 
108 0 
109 0 
110 0 
111 0 
112 0 
113 0 
114 0 
115 0 
116 0 
117 0 
118 0 
119 0 
120 0 
121 0 
122 0 
123 0 
124 0 
125 0 
126 0 
127 0 
128 0 
129 0 
130 0 
131 0 
132 0 
133 0 
134 0 
135 0 
136 0 
137 0 
138 0 
139 0 
140 0 
141 0 
142 0 
143 0 
144 0 
145 0 
146 0 
147 0 
148 0 
149 0 
150 0 
151 0 
152 0 
153 0 
154 0 
155 0 
156 0 
157 0 
158 0 
159 0 
160 0 
161 0 
162 0 
163 0 
164 0 
165 0 
166 0 
167 0 
168 0 
169 0 
170 0 
171 0 
172 0 
173 0 
174 0 
175 0 
176 0 
177 0 
178 0 
179 0 
180 0 
181 0 
182 0 
183 0 
184 0 
185 0 
186 0 
187 0 
188 0 
189 0 
190 0 
191 0 
192 0 
193 0 
194 0 
195 0 
196 0 
197 0 
198 0 
199 0 
200 0 
201 0 
202 0 
203 0 
204 0 
205 0 
206 0 
207 0 
208 0 
209 0 
210 0 
211 0 
212 0 
213 0 
214 0 
215 0 
216 0 
217 0 
218 0 
219 0 
220 11 
221 80 
222 612 
223 3387 
224 11111 
225 28663 
226 65193 
227 135164 
228 254217 
229 428208 
230 636985 
231 884658 
232 1.22466e+06 
233 1.72157e+06 
234 2.46282e+06 
235 3.45585e+06 
236 4.641e+06 
237 5.93208e+06 
238 7.24521e+06 
239 8.42406e+06 
240 9.32293e+06 
241 9.92072e+06 
242 1.02379e+07 
243 1.03231e+07 
244 1.01194e+07 
245 9.80331e+06 
246 9.47366e+06 
247 9.2167e+06 
248 9.26784e+06 
249 9.62379e+06 
250 1.02462e+07 
251 1.093e+07 
252 1.15452e+07 
253 1.206e+07 
254 1.24438e+07 
255 1.26329e+07 
256 1.26861e+07 
257 1.27408e+07 
258 1.29437e+07 
259 1.33044e+07 
260 1.37721e+07 
261 1.41428e+07 
262 1.43511e+07 
263 1.44916e+07 
264 1.4433e+07 
265 1.41885e+07 
266 1.39028e+07 
267 1.37371e+07 
268 1.36539e+07 
269 1.36984e+07 
270 1.38586e+07 
271 1.40928e+07 
272 1.4395e+07 
273 1.47617e+07 
274 1.52331e+07 
275 1.58338e+07 
276 1.6527e+07 
277 1.7339e+07 
278 1.84032e+07 
279 1.97711e+07 
280 2.12722e+07 
281 2.27899e+07 
282 2.42208e+07 
283 2.56445e+07 
284 2.70585e+07 
285 2.84509e+07 
286 2.9735e+07 
287 3.09131e+07 
288 3.21012e+07 
289 3.33883e+07 
290 3.46797e+07 
291 3.59885e+07 
292 3.71242e+07 
293 3.82263e+07 
294 3.9364e+07 
295 4.02642e+07 
296 4.07398e+07 
297 4.10447e+07 
298 4.14064e+07 
299 4.17879e+07 
300 4.18491e+07 
301 4.15445e+07 
302 4.11783e+07 
303 4.12164e+07 
304 4.1866e+07 
305 4.29521e+07 
306 4.40857e+07 
307 4.53601e+07 
308 4.66142e+07 
309 4.79755e+07 
310 4.94535e+07 
311 5.11506e+07 
312 5.31397e+07 
313 5.52913e+07 
314 5.74836e+07 
315 5.99014e+07 
316 6.22322e+07 
317 6.43471e+07 
318 6.61573e+07 
319 6.75295e+07 
320 6.84015e+07 
321 6.83972e+07 
322 6.77266e+07 
323 6.66859e+07 
324 6.55812e+07 
325 6.49297e+07 
326 6.47095e+07 
327 6.52221e+07 
328 6.69057e+07 
329 7.02746e+07 
330 7.50498e+07 
331 8.06613e+07 
332 8.66684e+07 
333 9.27499e+07 
334 9.85788e+07 
335 1.03706e+08 
336 1.0811e+08 
337 1.11835e+08 
338 1.14931e+08 
339 1.17621e+08 
340 1.20314e+08 
341 1.22896e+08 
342 1.24888e+08 
343 1.25847e+08 
344 1.26154e+08 
345 1.26261e+08 
346 1.26623e+08 
347 1.27602e+08 
348 1.29312e+08 
349 1.31828e+08 
350 1.34727e+08 
351 1.37882e+08 
352 1.41015e+08 
353 1.44656e+08 
354 1.48694e+08 
355 1.53086e+08 
356 1.57796e+08 
357 1.62568e+08 
358 1.66669e+08 
359 1.69758e+08 
360 1.71849e+08 
361 1.731e+08 
362 1.73845e+08 
363 1.74616e+08 
364 1.75381e+08 
365 1.76272e+08 
366 1.77249e+08 
367 1.78105e+08 
368 1.78179e+08 
369 1.77488e+08 
370 1.76336e+08 
371 1.74589e+08 
372 1.72095e+08 
373 1.68607e+08 
374 1.64039e+08 
375 1.58909e+08 
376 1.54146e+08 
377 1.50619e+08 
378 1.49374e+08 
379 1.50373e+08 
380 1.53076e+08 
381 1.57487e+08 
382 1.63421e+08 
383 1.70094e+08 
384 1.77334e+08 
385 1.84878e+08 
386 1.91953e+08 
387 1.98185e+08 
388 2.03871e+08 
389 2.09306e+08 
390 2.14627e+08 
391 2.19714e+08 
392 2.24592e+08 
393 2.28989e+08 
394 2.33135e+08 
395 2.36926e+08 
396 2.40084e+08 
397 2.41916e+08 
398 2.42224e+08 
399 2.41359e+08 
400 2.38726e+08 
401 2.35045e+08 
402 2.30044e+08 
403 2.23973e+08 
404 2.17762e+08 
405 2.11579e+08 
406 2.05654e+08 
407 2.0009e+08 
408 1.95056e+08 
409 1.91211e+08 
410 1.88927e+08 
411 1.87955e+08 
412 1.87443e+08 
413 1.87258e+08 
414 1.8656e+08 
415 1.85135e+08 
416 1.8321e+08 
417 1.8087e+08 
418 1.78692e+08 
419 1.77336e+08 
420 1.76397e+08 
421 1.75545e+08 
422 1.74778e+08 
423 1.74158e+08 
424 1.73879e+08 
425 1.73909e+08 
426 1.73852e+08 
427 1.73312e+08 
428 1.72015e+08 
429 1.70485e+08 
430 1.69039e+08 
431 1.67722e+08 
432 1.66117e+08 
433 1.6379e+08 
434 1.60598e+08 
435 1.56657e+08 
436 1.52644e+08 
437 1.48482e+08 
438 1.4421e+08 
439 1.40132e+08 
440 1.36323e+08 
441 1.32639e+08 
442 1.29313e+08 
443 1.26365e+08 
444 1.23869e+08 
445 1.21704e+08 
446 1.19091e+08 
447 1.15875e+08 
448 1.11589e+08 
449 1.06173e+08 
450 1.00298e+08 
451 9.45045e+07 
452 8.91136e+07 
453 8.45488e+07 
454 8.07674e+07 
455 7.76646e+07 
456 7.52403e+07 
457 7.33283e+07 
458 7.14784e+07 
459 6.9449e+07 
460 6.7831e+07 
461 6.67383e+07 
462 6.5815e+07 
463 6.46147e+07 
464 6.33747e+07 
465 6.23572e+07 
466 6.11761e+07 
467 5.98232e+07 
468 5.87971e+07 
469 5.82662e+07 
470 5.81694e+07 
471 5.80927e+07 
472 5.80406e+07 
473 5.79136e+07 
474 5.76948e+07 
475 5.72173e+07 
476 5.6671e+07 
477 5.59698e+07 
478 5.49949e+07 
479 5.36891e+07 
480 5.21452e+07 
481 5.07686e+07 
482 4.97693e+07 
483 4.92096e+07 
484 4.90686e+07 
485 4.94685e+07 
486 4.9909e+07 
487 4.99755e+07 
488 4.93259e+07 
489 4.8264e+07 
490 4.65825e+07 
491 4.4327e+07 
492 4.14382e+07 
493 3.80676e+07 
494 3.43373e+07 
495 3.015e+07 
496 2.58309e+07 
497 2.1552e+07 
498 1.74914e+07 
499 1.38183e+07 
500 1.08493e+07 
501 8.54513e+06 
502 6.78756e+06 
503 5.54403e+06 
504 4.72099e+06 
505 4.15132e+06 
506 3.72114e+06 
507 3.32342e+06 
508 2.9371e+06 
509 2.50129e+06 
510 2.06358e+06 
511 1.70026e+06 
512 1.39692e+06 
513 1.09466e+06 
514 795971 
515 560674 
516 375736 
517 222667 
518 118309 
519 54496 
520 21498 
521 6840 
522 1536 
523 185 
524 2 
525 0 
526 0 
527 0 
528 0 
529 0 
530 0 
531 0 
532 0 
533 0 
534 0 
535 0 
536 0 
537 0 
538 0 
539 0 
540 0 
541 0 
542 0 
543 0 
544 0 
545 0 
546 0 
547 0 
548 0 
549 0 
550 0 
551 0 
552 0 
553 0 
554 0 
555 0 
556 0 
557 0 
558 0 
559 0 
560 0 
561 0 
562 0 
563 0 
564 0 
565 0 
566 0 
567 0 
568 0 
569 0 
570 0 
571 0 
572 0 
573 0 
574 0 
575 0 
576 0 
577 0 
578 0 
579 0 
580 0 
581 0 
582 0 
583 0 
584 0 
585 0 
586 0 
587 0 
588 0 
589 0 
590 0 
591 0 
592 0 
593 0 
594 0 
595 0 
596 0 
597 0 
598 0 
599 0 
600 0 
601 0 
602 0 
603 0 
604 0 
605 0 
606 0 
607 0 
608 0 
609 0 
610 0 
611 0 
612 0 
613 0 
614 0 
615 0 
616 0 
617 0 
618 0 
619 0 
620 0 
621 0 
622 0 
623 0 
624 0 
625 0 
626 0 
627 0 
628 0 
629 0 
630 0 
631 0 
632 0 
633 0 
634 0 
635 0 
636 0 
637 0 
638 0 
639 0 
640 0 
641 0 
642 0 
643 0 
644 0 
645 0 
646 0 
647 0 
648 0 
649 0 
650 0 
651 0 
652 0 
653 0 
654 0 
655 0 
656 0 
657 0 
658 0 
659 0 
660 0 
661 0 
662 0 
663 0 
664 0 
665 0 
666 0 
667 0 
668 0 
669 0 
670 0 
671 0 
672 0 
673 0 
674 0 
675 0 
676 0 
677 0 
678 0 
679 0 
680 0 
681 0 
682 0 
683 0 
684 0 
685 0 
686 0 
687 0 
688 0 
689 0 
690 0 
691 0 
692 0 
693 0 
694 0 
695 0 
696 0 
697 0 
698 0 
699 0 
700 0 
701 0 
702 0 
703 0 
704 0 
705 0 
706 0 
707 0 
708 0 
709 0 
710 0 
711 0 
712 0 
713 0 
714 0 
715 0 
716 0 
717 0 
718 0 
719 0 
720 0 
721 0 
722 0 
723 0 
724 0 
725 0 
726 0 
727 0 
728 0 
729 0 
730 0 
731 0 
732 0 
733 0 
734 0 
735 0 
736 0 
737 0 
738 0 
739 0 
740 0 
741 0 
742 0 
743 0 
744 0 
745 0 
746 0 
747 0 
748 0 
749 0 
750 0 
751 0 
752 0 
753 0 
754 0 
755 0 
756 0 
757 0 
758 0 
759 0 
760 0 
761 0 
762 0 
763 0 
764 0 
765 0 
766 0 
767 0 
768 0 
769 0 
770 0 
771 0 
772 0 
773 0 
774 0 
775 0 
776 0 
777 0 
778 0 
779 0 
780 0 
781 0 
782 0 
783 0 
784 0 
785 0 
786 0 
787 0 
788 0 
789 0 
790 0 
791 0 
792 0 
793 0 
794 0 
795 0 
796 0 
797 0 
798 0 
799 0 
