0 0 
1 24127 
2 69518 
3 140075 
4 239331 
5 364577 
6 533590 
7 758141 
8 1.03542e+06 
9 1.36869e+06 
10 1.75632e+06 
11 2.18712e+06 
12 2.65035e+06 
13 3.11732e+06 
14 3.56392e+06 
15 3.98174e+06 
16 4.36722e+06 
17 4.72782e+06 
18 5.0442e+06 
19 5.33223e+06 
20 5.59951e+06 
21 5.83842e+06 
22 6.06912e+06 
23 6.31586e+06 
24 6.57609e+06 
25 6.85018e+06 
26 7.10109e+06 
27 7.35594e+06 
28 7.61912e+06 
29 7.90206e+06 
30 8.22109e+06 
31 8.57013e+06 
32 8.95863e+06 
33 9.37289e+06 
34 9.81898e+06 
35 1.02687e+07 
36 1.07434e+07 
37 1.12596e+07 
38 1.17728e+07 
39 1.2264e+07 
40 1.26875e+07 
41 1.30486e+07 
42 1.33688e+07 
43 1.36735e+07 
44 1.39967e+07 
45 1.43675e+07 
46 1.47451e+07 
47 1.51179e+07 
48 1.53933e+07 
49 1.55816e+07 
50 1.57068e+07 
51 1.57954e+07 
52 1.58936e+07 
53 1.60437e+07 
54 1.63348e+07 
55 1.67636e+07 
56 1.72597e+07 
57 1.78209e+07 
58 1.8437e+07 
59 1.912e+07 
60 1.99168e+07 
61 2.08475e+07 
62 2.19108e+07 
63 2.31355e+07 
64 2.45148e+07 
65 2.60127e+07 
66 2.76001e+07 
67 2.93147e+07 
68 3.10735e+07 
69 3.28074e+07 
70 3.44507e+07 
71 3.59736e+07 
72 3.73993e+07 
73 3.88112e+07 
74 4.01526e+07 
75 4.14922e+07 
76 4.28696e+07 
77 4.42072e+07 
78 4.55635e+07 
79 4.6918e+07 
80 4.82942e+07 
81 4.9696e+07 
82 5.10765e+07 
83 5.23761e+07 
84 5.35362e+07 
85 5.45581e+07 
86 5.5478e+07 
87 5.60636e+07 
88 5.6451e+07 
89 5.6769e+07 
90 5.70472e+07 
91 5.72593e+07 
92 5.74221e+07 
93 5.7605e+07 
94 5.78233e+07 
95 5.8121e+07 
96 5.84354e+07 
97 5.87535e+07 
98 5.90785e+07 
99 5.93772e+07 
100 5.96521e+07 
101 6.00195e+07 
102 6.04362e+07 
103 6.08935e+07 
104 6.13626e+07 
105 6.18315e+07 
106 6.2324e+07 
107 6.2732e+07 
108 6.31017e+07 
109 6.34598e+07 
110 6.37218e+07 
111 6.3902e+07 
112 6.39764e+07 
113 6.3885e+07 
114 6.36451e+07 
115 6.33221e+07 
116 6.30198e+07 
117 6.26445e+07 
118 6.22884e+07 
119 6.19188e+07 
120 6.16162e+07 
121 6.12239e+07 
122 6.07888e+07 
123 6.0243e+07 
124 5.95697e+07 
125 5.87991e+07 
126 5.789e+07 
127 5.67245e+07 
128 5.5278e+07 
129 5.36577e+07 
130 5.19099e+07 
131 5.01447e+07 
132 4.82947e+07 
133 4.64692e+07 
134 4.46615e+07 
135 4.29811e+07 
136 4.14636e+07 
137 4.00196e+07 
138 3.86389e+07 
139 3.72579e+07 
140 3.59373e+07 
141 3.47719e+07 
142 3.37599e+07 
143 3.28507e+07 
144 3.19792e+07 
145 3.1145e+07 
146 3.03363e+07 
147 2.95824e+07 
148 2.883e+07 
149 2.79959e+07 
150 2.70401e+07 
151 2.5938e+07 
152 2.46555e+07 
153 2.32909e+07 
154 2.18819e+07 
155 2.0515e+07 
156 1.92095e+07 
157 1.79953e+07 
158 1.68845e+07 
159 1.59439e+07 
160 1.51858e+07 
161 1.46266e+07 
162 1.42188e+07 
163 1.40081e+07 
164 1.39558e+07 
165 1.40301e+07 
166 1.42307e+07 
167 1.4526e+07 
168 1.492e+07 
169 1.53598e+07 
170 1.59034e+07 
171 1.64874e+07 
172 1.71581e+07 
173 1.79255e+07 
174 1.87178e+07 
175 1.95354e+07 
176 2.03012e+07 
177 2.10587e+07 
178 2.18555e+07 
179 2.27177e+07 
180 2.35588e+07 
181 2.43052e+07 
182 2.4919e+07 
183 2.53533e+07 
184 2.56049e+07 
185 2.56503e+07 
186 2.55691e+07 
187 2.54208e+07 
188 2.52469e+07 
189 2.51022e+07 
190 2.49476e+07 
191 2.48327e+07 
192 2.46609e+07 
193 2.44389e+07 
194 2.42404e+07 
195 2.41749e+07 
196 2.43005e+07 
197 2.4609e+07 
198 2.51045e+07 
199 2.58285e+07 
200 2.67656e+07 
201 2.78347e+07 
202 2.89758e+07 
203 3.0148e+07 
204 3.12619e+07 
205 3.23191e+07 
206 3.33485e+07 
207 3.42136e+07 
208 3.49858e+07 
209 3.56023e+07 
210 3.60682e+07 
211 3.63835e+07 
212 3.64549e+07 
213 3.62856e+07 
214 3.58289e+07 
215 3.51831e+07 
216 3.4365e+07 
217 3.34684e+07 
218 3.25228e+07 
219 3.15845e+07 
220 3.06995e+07 
221 2.98809e+07 
222 2.91863e+07 
223 2.86645e+07 
224 2.83924e+07 
225 2.82522e+07 
226 2.83123e+07 
227 2.86449e+07 
228 2.92686e+07 
229 3.01437e+07 
230 3.122e+07 
231 3.24125e+07 
232 3.36591e+07 
233 3.48043e+07 
234 3.58169e+07 
235 3.67599e+07 
236 3.7774e+07 
237 3.89833e+07 
238 4.02887e+07 
239 4.16483e+07 
240 4.30717e+07 
241 4.45386e+07 
242 4.60098e+07 
243 4.73573e+07 
244 4.85565e+07 
245 4.96348e+07 
246 5.05376e+07 
247 5.12485e+07 
248 5.17391e+07 
249 5.20138e+07 
250 5.21122e+07 
251 5.20676e+07 
252 5.19368e+07 
253 5.18517e+07 
254 5.17518e+07 
255 5.15442e+07 
256 5.12625e+07 
257 5.09082e+07 
258 5.05229e+07 
259 5.0151e+07 
260 4.98882e+07 
261 4.97401e+07 
262 4.97136e+07 
263 4.97177e+07 
264 4.96644e+07 
265 4.94865e+07 
266 4.9185e+07 
267 4.87329e+07 
268 4.82749e+07 
269 4.779e+07 
270 4.72397e+07 
271 4.67193e+07 
272 4.62743e+07 
273 4.5918e+07 
274 4.5697e+07 
275 4.56108e+07 
276 4.57254e+07 
277 4.60407e+07 
278 4.65471e+07 
279 4.73038e+07 
280 4.83716e+07 
281 4.96916e+07 
282 5.11967e+07 
283 5.29522e+07 
284 5.48832e+07 
285 5.69691e+07 
286 5.90956e+07 
287 6.11551e+07 
288 6.31554e+07 
289 6.51644e+07 
290 6.71398e+07 
291 6.89394e+07 
292 7.05264e+07 
293 7.17874e+07 
294 7.26196e+07 
295 7.30093e+07 
296 7.30127e+07 
297 7.25546e+07 
298 7.15564e+07 
299 7.00943e+07 
300 6.83178e+07 
301 6.62511e+07 
302 6.3989e+07 
303 6.14571e+07 
304 5.86872e+07 
305 5.56933e+07 
306 5.2616e+07 
307 4.95528e+07 
308 4.65947e+07 
309 4.3717e+07 
310 4.08896e+07 
311 3.80978e+07 
312 3.54262e+07 
313 3.29104e+07 
314 3.06848e+07 
315 2.87972e+07 
316 2.72613e+07 
317 2.60202e+07 
318 2.49695e+07 
319 2.41032e+07 
320 2.33336e+07 
321 2.26253e+07 
322 2.20192e+07 
323 2.15657e+07 
324 2.13416e+07 
325 2.13711e+07 
326 2.16203e+07 
327 2.20712e+07 
328 2.26847e+07 
329 2.35106e+07 
330 2.45086e+07 
331 2.56466e+07 
332 2.68261e+07 
333 2.79761e+07 
334 2.91483e+07 
335 3.02646e+07 
336 3.12771e+07 
337 3.22292e+07 
338 3.31225e+07 
339 3.40305e+07 
340 3.49739e+07 
341 3.59177e+07 
342 3.68167e+07 
343 3.77269e+07 
344 3.87213e+07 
345 3.97627e+07 
346 4.0821e+07 
347 4.17616e+07 
348 4.25684e+07 
349 4.32142e+07 
350 4.36975e+07 
351 4.40026e+07 
352 4.40773e+07 
353 4.39827e+07 
354 4.37367e+07 
355 4.33721e+07 
356 4.29386e+07 
357 4.25917e+07 
358 4.22719e+07 
359 4.19514e+07 
360 4.17244e+07 
361 4.16861e+07 
362 4.17839e+07 
363 4.20164e+07 
364 4.23477e+07 
365 4.27338e+07 
366 4.31191e+07 
367 4.35039e+07 
368 4.39126e+07 
369 4.42914e+07 
370 4.45082e+07 
371 4.4596e+07 
372 4.4565e+07 
373 4.43743e+07 
374 4.40313e+07 
375 4.35579e+07 
376 4.29207e+07 
377 4.21737e+07 
378 4.13728e+07 
379 4.05277e+07 
380 3.97406e+07 
381 3.90287e+07 
382 3.84691e+07 
383 3.81494e+07 
384 3.801e+07 
385 3.80727e+07 
386 3.83318e+07 
387 3.8727e+07 
388 3.94127e+07 
389 4.02845e+07 
390 4.13073e+07 
391 4.24509e+07 
392 4.35947e+07 
393 4.46907e+07 
394 4.56901e+07 
395 4.66572e+07 
396 4.76158e+07 
397 4.86349e+07 
398 4.9583e+07 
399 5.05563e+07 
400 5.15133e+07 
401 5.25161e+07 
402 5.35565e+07 
403 5.46441e+07 
404 5.57528e+07 
405 5.69088e+07 
406 5.81767e+07 
407 5.95214e+07 
408 6.08884e+07 
409 6.22092e+07 
410 6.34998e+07 
411 6.46666e+07 
412 6.56087e+07 
413 6.62088e+07 
414 6.64403e+07 
415 6.64382e+07 
416 6.6113e+07 
417 6.55875e+07 
418 6.48311e+07 
419 6.3902e+07 
420 6.28386e+07 
421 6.16434e+07 
422 6.03675e+07 
423 5.90886e+07 
424 5.77878e+07 
425 5.65328e+07 
426 5.54097e+07 
427 5.44288e+07 
428 5.35286e+07 
429 5.2745e+07 
430 5.21595e+07 
431 5.17199e+07 
432 5.13903e+07 
433 5.11561e+07 
434 5.08752e+07 
435 5.04632e+07 
436 4.99484e+07 
437 4.93601e+07 
438 4.86331e+07 
439 4.78042e+07 
440 4.68984e+07 
441 4.58856e+07 
442 4.48263e+07 
443 4.37538e+07 
444 4.27312e+07 
445 4.187e+07 
446 4.12331e+07 
447 4.08901e+07 
448 4.07467e+07 
449 4.08025e+07 
450 4.10301e+07 
451 4.14478e+07 
452 4.20751e+07 
453 4.28254e+07 
454 4.36468e+07 
455 4.45206e+07 
456 4.5454e+07 
457 4.64098e+07 
458 4.73385e+07 
459 4.82957e+07 
460 4.93076e+07 
461 5.0545e+07 
462 5.18662e+07 
463 5.32581e+07 
464 5.47944e+07 
465 5.64872e+07 
466 5.82402e+07 
467 6.00726e+07 
468 6.18424e+07 
469 6.33788e+07 
470 6.46266e+07 
471 6.55674e+07 
472 6.63197e+07 
473 6.68324e+07 
474 6.71327e+07 
475 6.72611e+07 
476 6.71979e+07 
477 6.68851e+07 
478 6.62797e+07 
479 6.55799e+07 
480 6.49269e+07 
481 6.4336e+07 
482 6.39477e+07 
483 6.37219e+07 
484 6.36806e+07 
485 6.3644e+07 
486 6.36208e+07 
487 6.35662e+07 
488 6.3598e+07 
489 6.36349e+07 
490 6.37578e+07 
491 6.39355e+07 
492 6.40628e+07 
493 6.40757e+07 
494 6.39047e+07 
495 6.37052e+07 
496 6.34973e+07 
497 6.3253e+07 
498 6.3051e+07 
499 6.29234e+07 
500 6.28612e+07 
501 6.27975e+07 
502 6.27461e+07 
503 6.2741e+07 
504 6.27165e+07 
505 6.25928e+07 
506 6.24446e+07 
507 6.2112e+07 
508 6.13844e+07 
509 6.04037e+07 
510 5.92985e+07 
511 5.80435e+07 
512 5.67315e+07 
513 5.54564e+07 
514 5.43203e+07 
515 5.31847e+07 
516 5.18993e+07 
517 5.04649e+07 
518 4.88695e+07 
519 4.71636e+07 
520 4.53841e+07 
521 4.35963e+07 
522 4.18123e+07 
523 4.00593e+07 
524 3.8351e+07 
525 3.67401e+07 
526 3.52092e+07 
527 3.36721e+07 
528 3.21638e+07 
529 3.07018e+07 
530 2.93989e+07 
531 2.8239e+07 
532 2.72398e+07 
533 2.64045e+07 
534 2.58258e+07 
535 2.55218e+07 
536 2.54287e+07 
537 2.54933e+07 
538 2.56541e+07 
539 2.58623e+07 
540 2.61469e+07 
541 2.64627e+07 
542 2.67572e+07 
543 2.70695e+07 
544 2.7385e+07 
545 2.7659e+07 
546 2.79385e+07 
547 2.82419e+07 
548 2.86065e+07 
549 2.90809e+07 
550 2.96003e+07 
551 3.01183e+07 
552 3.05312e+07 
553 3.09026e+07 
554 3.12122e+07 
555 3.13606e+07 
556 3.14137e+07 
557 3.14906e+07 
558 3.15842e+07 
559 3.16719e+07 
560 3.1683e+07 
561 3.16256e+07 
562 3.15323e+07 
563 3.13192e+07 
564 3.10228e+07 
565 3.06167e+07 
566 3.01591e+07 
567 2.95224e+07 
568 2.87429e+07 
569 2.78236e+07 
570 2.67393e+07 
571 2.55544e+07 
572 2.42605e+07 
573 2.28951e+07 
574 2.14563e+07 
575 2.00369e+07 
576 1.86737e+07 
577 1.74513e+07 
578 1.63554e+07 
579 1.54009e+07 
580 1.45416e+07 
581 1.37801e+07 
582 1.30996e+07 
583 1.25241e+07 
584 1.20104e+07 
585 1.15457e+07 
586 1.10875e+07 
587 1.06236e+07 
588 1.0181e+07 
589 9.71289e+06 
590 9.2451e+06 
591 8.79764e+06 
592 8.41048e+06 
593 8.06971e+06 
594 7.766e+06 
595 7.51817e+06 
596 7.33994e+06 
597 7.2342e+06 
598 7.18881e+06 
599 7.21603e+06 
600 7.28836e+06 
601 7.44022e+06 
602 7.66712e+06 
603 7.99205e+06 
604 8.39633e+06 
605 8.90514e+06 
606 9.53193e+06 
607 1.02719e+07 
608 1.10979e+07 
609 1.20179e+07 
610 1.30553e+07 
611 1.42351e+07 
612 1.54709e+07 
613 1.67076e+07 
614 1.78825e+07 
615 1.89096e+07 
616 1.96743e+07 
617 2.01451e+07 
618 2.03263e+07 
619 2.0241e+07 
620 1.99329e+07 
621 1.93822e+07 
622 1.86354e+07 
623 1.77771e+07 
624 1.68559e+07 
625 1.58725e+07 
626 1.49008e+07 
627 1.39752e+07 
628 1.31313e+07 
629 1.24006e+07 
630 1.18108e+07 
631 1.13714e+07 
632 1.10176e+07 
633 1.06963e+07 
634 1.04151e+07 
635 1.01943e+07 
636 1.00093e+07 
637 9.86881e+06 
638 9.76147e+06 
639 9.72517e+06 
640 9.76605e+06 
641 9.848e+06 
642 9.92006e+06 
643 9.97587e+06 
644 1.00175e+07 
645 1.00273e+07 
646 9.97499e+06 
647 9.83281e+06 
648 9.59835e+06 
649 9.2824e+06 
650 8.8759e+06 
651 8.43028e+06 
652 7.94267e+06 
653 7.39432e+06 
654 6.7945e+06 
655 6.16178e+06 
656 5.56255e+06 
657 5.01153e+06 
658 4.52458e+06 
659 4.12559e+06 
660 3.82294e+06 
661 3.62494e+06 
662 3.51729e+06 
663 3.47203e+06 
664 3.45717e+06 
665 3.46848e+06 
666 3.49551e+06 
667 3.57434e+06 
668 3.66031e+06 
669 3.77229e+06 
670 3.92765e+06 
671 4.13604e+06 
672 4.41237e+06 
673 4.79812e+06 
674 5.25392e+06 
675 5.75657e+06 
676 6.28484e+06 
677 6.85396e+06 
678 7.42654e+06 
679 8.01565e+06 
680 8.58722e+06 
681 9.10086e+06 
682 9.55404e+06 
683 9.917e+06 
684 1.02075e+07 
685 1.04426e+07 
686 1.06566e+07 
687 1.08401e+07 
688 1.09988e+07 
689 1.11734e+07 
690 1.13737e+07 
691 1.15467e+07 
692 1.16896e+07 
693 1.17783e+07 
694 1.18225e+07 
695 1.18328e+07 
696 1.193e+07 
697 1.20599e+07 
698 1.22157e+07 
699 1.2372e+07 
700 1.24778e+07 
701 1.25676e+07 
702 1.26861e+07 
703 1.27452e+07 
704 1.27216e+07 
705 1.24985e+07 
706 1.2154e+07 
707 1.16855e+07 
708 1.1188e+07 
709 1.06854e+07 
710 1.02043e+07 
711 9.75951e+06 
712 9.34112e+06 
713 9.02116e+06 
714 8.8048e+06 
715 8.67092e+06 
716 8.57146e+06 
717 8.51797e+06 
718 8.5334e+06 
719 8.58341e+06 
720 8.63186e+06 
721 8.66122e+06 
722 8.68922e+06 
723 8.68654e+06 
724 8.69764e+06 
725 8.69921e+06 
726 8.72722e+06 
727 8.80841e+06 
728 8.95558e+06 
729 9.1866e+06 
730 9.52145e+06 
731 9.91017e+06 
732 1.03566e+07 
733 1.08487e+07 
734 1.13854e+07 
735 1.19606e+07 
736 1.2545e+07 
737 1.31313e+07 
738 1.37194e+07 
739 1.43016e+07 
740 1.48681e+07 
741 1.54286e+07 
742 1.59819e+07 
743 1.656e+07 
744 1.71094e+07 
745 1.7653e+07 
746 1.81618e+07 
747 1.86187e+07 
748 1.9068e+07 
749 1.95261e+07 
750 2.00149e+07 
751 2.05602e+07 
752 2.11347e+07 
753 2.17737e+07 
754 2.2441e+07 
755 2.31048e+07 
756 2.36978e+07 
757 2.42169e+07 
758 2.46352e+07 
759 2.49766e+07 
760 2.52657e+07 
761 2.55775e+07 
762 2.58151e+07 
763 2.59916e+07 
764 2.60773e+07 
765 2.61368e+07 
766 2.61509e+07 
767 2.61059e+07 
768 2.5954e+07 
769 2.57085e+07 
770 2.53207e+07 
771 2.48468e+07 
772 2.43263e+07 
773 2.37053e+07 
774 2.29746e+07 
775 2.20699e+07 
776 2.10788e+07 
777 1.99212e+07 
778 1.86854e+07 
779 1.73243e+07 
780 1.58748e+07 
781 1.4451e+07 
782 1.30383e+07 
783 1.16418e+07 
784 1.02791e+07 
785 8.98493e+06 
786 7.77172e+06 
787 6.63537e+06 
788 5.5896e+06 
789 4.64211e+06 
790 3.7754e+06 
791 3.00526e+06 
792 2.34418e+06 
793 1.81009e+06 
794 1.37181e+06 
795 1.00442e+06 
796 690028 
797 420468 
798 211051 
799 74640 
