0 0 
1 0 
2 0 
3 0 
4 0 
5 0 
6 0 
7 0 
8 0 
9 0 
10 0 
11 0 
12 0 
13 0 
14 0 
15 0 
16 0 
17 0 
18 0 
19 0 
20 0 
21 0 
22 0 
23 0 
24 0 
25 0 
26 0 
27 0 
28 0 
29 0 
30 0 
31 0 
32 0 
33 0 
34 0 
35 0 
36 0 
37 0 
38 0 
39 0 
40 0 
41 0 
42 0 
43 0 
44 0 
45 0 
46 0 
47 0 
48 0 
49 0 
50 0 
51 0 
52 0 
53 0 
54 0 
55 0 
56 0 
57 0 
58 0 
59 0 
60 0 
61 0 
62 0 
63 0 
64 0 
65 0 
66 0 
67 0 
68 0 
69 0 
70 0 
71 0 
72 0 
73 0 
74 0 
75 0 
76 0 
77 0 
78 0 
79 0 
80 0 
81 0 
82 0 
83 0 
84 0 
85 0 
86 0 
87 0 
88 0 
89 0 
90 0 
91 0 
92 0 
93 0 
94 0 
95 0 
96 0 
97 0 
98 0 
99 0 
100 0 
101 0 
102 0 
103 0 
104 0 
105 0 
106 0 
107 0 
108 0 
109 0 
110 0 
111 0 
112 0 
113 0 
114 0 
115 0 
116 0 
117 0 
118 0 
119 0 
120 0 
121 0 
122 0 
123 0 
124 0 
125 0 
126 0 
127 0 
128 0 
129 0 
130 0 
131 0 
132 0 
133 0 
134 0 
135 0 
136 0 
137 0 
138 0 
139 0 
140 0 
141 0 
142 0 
143 0 
144 0 
145 0 
146 0 
147 0 
148 0 
149 0 
150 0 
151 0 
152 0 
153 0 
154 0 
155 0 
156 0 
157 0 
158 0 
159 0 
160 0 
161 0 
162 0 
163 0 
164 0 
165 0 
166 0 
167 0 
168 0 
169 0 
170 0 
171 0 
172 0 
173 0 
174 0 
175 0 
176 0 
177 0 
178 0 
179 0 
180 0 
181 0 
182 0 
183 0 
184 0 
185 0 
186 0 
187 0 
188 0 
189 10 
190 120 
191 277 
192 507 
193 783 
194 1119 
195 2397 
196 4908 
197 8855 
198 15233 
199 25241 
200 39365 
201 58332 
202 85809 
203 124552 
204 179328 
205 248577 
206 338888 
207 452636 
208 590194 
209 747757 
210 927571 
211 1.13308e+06 
212 1.35716e+06 
213 1.60051e+06 
214 1.8629e+06 
215 2.16644e+06 
216 2.49671e+06 
217 2.85722e+06 
218 3.26073e+06 
219 3.69752e+06 
220 4.1638e+06 
221 4.63962e+06 
222 5.16216e+06 
223 5.71089e+06 
224 6.3113e+06 
225 6.96776e+06 
226 7.65361e+06 
227 8.37734e+06 
228 9.12867e+06 
229 9.94013e+06 
230 1.0766e+07 
231 1.16155e+07 
232 1.24703e+07 
233 1.33143e+07 
234 1.41463e+07 
235 1.49677e+07 
236 1.57484e+07 
237 1.64395e+07 
238 1.70439e+07 
239 1.76305e+07 
240 1.81691e+07 
241 1.87181e+07 
242 1.93024e+07 
243 1.9962e+07 
244 2.07091e+07 
245 2.16078e+07 
246 2.25907e+07 
247 2.37051e+07 
248 2.48264e+07 
249 2.59624e+07 
250 2.71088e+07 
251 2.82055e+07 
252 2.92556e+07 
253 3.01938e+07 
254 3.09893e+07 
255 3.1715e+07 
256 3.2353e+07 
257 3.29298e+07 
258 3.34868e+07 
259 3.39956e+07 
260 3.45559e+07 
261 3.50878e+07 
262 3.55546e+07 
263 3.59856e+07 
264 3.63808e+07 
265 3.67066e+07 
266 3.69324e+07 
267 3.70751e+07 
268 3.71528e+07 
269 3.71264e+07 
270 3.69429e+07 
271 3.66201e+07 
272 3.61449e+07 
273 3.55757e+07 
274 3.49939e+07 
275 3.44225e+07 
276 3.39177e+07 
277 3.3536e+07 
278 3.32284e+07 
279 3.28967e+07 
280 3.25267e+07 
281 3.20999e+07 
282 3.15795e+07 
283 3.09668e+07 
284 3.02288e+07 
285 2.94116e+07 
286 2.84319e+07 
287 2.73918e+07 
288 2.62894e+07 
289 2.52143e+07 
290 2.41678e+07 
291 2.31865e+07 
292 2.23209e+07 
293 2.15288e+07 
294 2.08355e+07 
295 2.02803e+07 
296 1.98552e+07 
297 1.94962e+07 
298 1.92552e+07 
299 1.91718e+07 
300 1.92431e+07 
301 1.94076e+07 
302 1.96073e+07 
303 1.98519e+07 
304 2.01743e+07 
305 2.05395e+07 
306 2.09138e+07 
307 2.12845e+07 
308 2.1617e+07 
309 2.19359e+07 
310 2.22684e+07 
311 2.25538e+07 
312 2.28034e+07 
313 2.30527e+07 
314 2.32759e+07 
315 2.34471e+07 
316 2.36196e+07 
317 2.3745e+07 
318 2.38863e+07 
319 2.40264e+07 
320 2.41457e+07 
321 2.41669e+07 
322 2.41217e+07 
323 2.40746e+07 
324 2.41029e+07 
325 2.42259e+07 
326 2.44137e+07 
327 2.4666e+07 
328 2.5013e+07 
329 2.55056e+07 
330 2.6187e+07 
331 2.70157e+07 
332 2.80325e+07 
333 2.92302e+07 
334 3.05747e+07 
335 3.20576e+07 
336 3.36493e+07 
337 3.5338e+07 
338 3.70455e+07 
339 3.8817e+07 
340 4.06118e+07 
341 4.23772e+07 
342 4.41209e+07 
343 4.5809e+07 
344 4.74513e+07 
345 4.9041e+07 
346 5.06315e+07 
347 5.22174e+07 
348 5.37689e+07 
349 5.527e+07 
350 5.66339e+07 
351 5.78331e+07 
352 5.88087e+07 
353 5.96954e+07 
354 6.04933e+07 
355 6.12246e+07 
356 6.20749e+07 
357 6.30503e+07 
358 6.41316e+07 
359 6.5305e+07 
360 6.67064e+07 
361 6.82895e+07 
362 7.00728e+07 
363 7.20544e+07 
364 7.41698e+07 
365 7.64139e+07 
366 7.87242e+07 
367 8.1047e+07 
368 8.33197e+07 
369 8.55716e+07 
370 8.77484e+07 
371 8.98149e+07 
372 9.15806e+07 
373 9.30409e+07 
374 9.42644e+07 
375 9.52045e+07 
376 9.58425e+07 
377 9.6186e+07 
378 9.62189e+07 
379 9.59716e+07 
380 9.56243e+07 
381 9.51652e+07 
382 9.47372e+07 
383 9.43968e+07 
384 9.40986e+07 
385 9.40361e+07 
386 9.42417e+07 
387 9.48448e+07 
388 9.58393e+07 
389 9.72388e+07 
390 9.90433e+07 
391 1.01144e+08 
392 1.03493e+08 
393 1.06027e+08 
394 1.08584e+08 
395 1.11115e+08 
396 1.13638e+08 
397 1.16099e+08 
398 1.18508e+08 
399 1.20774e+08 
400 1.22654e+08 
401 1.2399e+08 
402 1.2485e+08 
403 1.25099e+08 
404 1.24829e+08 
405 1.23951e+08 
406 1.22702e+08 
407 1.21102e+08 
408 1.1926e+08 
409 1.17201e+08 
410 1.14912e+08 
411 1.125e+08 
412 1.09889e+08 
413 1.07201e+08 
414 1.0449e+08 
415 1.01831e+08 
416 9.92142e+07 
417 9.67985e+07 
418 9.45437e+07 
419 9.24477e+07 
420 9.05602e+07 
421 8.8924e+07 
422 8.76596e+07 
423 8.67182e+07 
424 8.60898e+07 
425 8.55291e+07 
426 8.4871e+07 
427 8.4263e+07 
428 8.36983e+07 
429 8.32732e+07 
430 8.26657e+07 
431 8.19154e+07 
432 8.09706e+07 
433 7.98352e+07 
434 7.85421e+07 
435 7.70826e+07 
436 7.55954e+07 
437 7.41331e+07 
438 7.26659e+07 
439 7.12531e+07 
440 6.99765e+07 
441 6.88139e+07 
442 6.78751e+07 
443 6.70639e+07 
444 6.64002e+07 
445 6.59547e+07 
446 6.5749e+07 
447 6.57459e+07 
448 6.58865e+07 
449 6.61446e+07 
450 6.64301e+07 
451 6.68852e+07 
452 6.74072e+07 
453 6.79479e+07 
454 6.85129e+07 
455 6.90375e+07 
456 6.94852e+07 
457 6.97212e+07 
458 6.98266e+07 
459 6.97145e+07 
460 6.9402e+07 
461 6.89222e+07 
462 6.83211e+07 
463 6.76539e+07 
464 6.68853e+07 
465 6.61202e+07 
466 6.53113e+07 
467 6.4519e+07 
468 6.37134e+07 
469 6.29037e+07 
470 6.21739e+07 
471 6.16075e+07 
472 6.12566e+07 
473 6.10416e+07 
474 6.09848e+07 
475 6.10863e+07 
476 6.13323e+07 
477 6.18071e+07 
478 6.25476e+07 
479 6.34863e+07 
480 6.46007e+07 
481 6.58928e+07 
482 6.72483e+07 
483 6.86379e+07 
484 6.99824e+07 
485 7.11913e+07 
486 7.2321e+07 
487 7.3478e+07 
488 7.46422e+07 
489 7.57328e+07 
490 7.67513e+07 
491 7.76508e+07 
492 7.84895e+07 
493 7.91877e+07 
494 7.98712e+07 
495 8.05896e+07 
496 8.12884e+07 
497 8.19084e+07 
498 8.25488e+07 
499 8.32235e+07 
500 8.39752e+07 
501 8.47617e+07 
502 8.54393e+07 
503 8.6e+07 
504 8.64009e+07 
505 8.66046e+07 
506 8.66689e+07 
507 8.65677e+07 
508 8.63484e+07 
509 8.60015e+07 
510 8.55046e+07 
511 8.48954e+07 
512 8.41759e+07 
513 8.33432e+07 
514 8.24016e+07 
515 8.1174e+07 
516 7.97192e+07 
517 7.81464e+07 
518 7.64128e+07 
519 7.45801e+07 
520 7.26927e+07 
521 7.0879e+07 
522 6.90849e+07 
523 6.73486e+07 
524 6.57249e+07 
525 6.42583e+07 
526 6.29157e+07 
527 6.17074e+07 
528 6.07023e+07 
529 5.99027e+07 
530 5.92623e+07 
531 5.8685e+07 
532 5.81347e+07 
533 5.76081e+07 
534 5.701e+07 
535 5.63066e+07 
536 5.55519e+07 
537 5.46441e+07 
538 5.36388e+07 
539 5.26285e+07 
540 5.16691e+07 
541 5.06965e+07 
542 4.968e+07 
543 4.86108e+07 
544 4.74815e+07 
545 4.63216e+07 
546 4.5275e+07 
547 4.43952e+07 
548 4.37188e+07 
549 4.31452e+07 
550 4.2678e+07 
551 4.22441e+07 
552 4.18908e+07 
553 4.16495e+07 
554 4.15247e+07 
555 4.14668e+07 
556 4.1494e+07 
557 4.16088e+07 
558 4.18223e+07 
559 4.21216e+07 
560 4.24735e+07 
561 4.28697e+07 
562 4.3287e+07 
563 4.38129e+07 
564 4.4409e+07 
565 4.51212e+07 
566 4.58323e+07 
567 4.66024e+07 
568 4.7379e+07 
569 4.81064e+07 
570 4.8868e+07 
571 4.96701e+07 
572 5.05998e+07 
573 5.15402e+07 
574 5.24746e+07 
575 5.34267e+07 
576 5.43363e+07 
577 5.5247e+07 
578 5.60961e+07 
579 5.69968e+07 
580 5.79268e+07 
581 5.88206e+07 
582 5.97e+07 
583 6.0566e+07 
584 6.14214e+07 
585 6.22593e+07 
586 6.30677e+07 
587 6.3829e+07 
588 6.45403e+07 
589 6.5298e+07 
590 6.60191e+07 
591 6.67192e+07 
592 6.73951e+07 
593 6.80183e+07 
594 6.84911e+07 
595 6.87868e+07 
596 6.88564e+07 
597 6.85677e+07 
598 6.79815e+07 
599 6.71698e+07 
600 6.6047e+07 
601 6.46048e+07 
602 6.2895e+07 
603 6.09992e+07 
604 5.89555e+07 
605 5.68854e+07 
606 5.48196e+07 
607 5.2754e+07 
608 5.07597e+07 
609 4.88626e+07 
610 4.70375e+07 
611 4.52526e+07 
612 4.3555e+07 
613 4.19129e+07 
614 4.02939e+07 
615 3.86087e+07 
616 3.69304e+07 
617 3.53419e+07 
618 3.38622e+07 
619 3.24478e+07 
620 3.10448e+07 
621 2.96502e+07 
622 2.83198e+07 
623 2.70605e+07 
624 2.58564e+07 
625 2.4785e+07 
626 2.38461e+07 
627 2.31153e+07 
628 2.25975e+07 
629 2.22978e+07 
630 2.21669e+07 
631 2.2143e+07 
632 2.22606e+07 
633 2.24873e+07 
634 2.2814e+07 
635 2.31975e+07 
636 2.36168e+07 
637 2.39873e+07 
638 2.43185e+07 
639 2.46214e+07 
640 2.48925e+07 
641 2.51856e+07 
642 2.54615e+07 
643 2.57568e+07 
644 2.60594e+07 
645 2.6348e+07 
646 2.65977e+07 
647 2.68569e+07 
648 2.7204e+07 
649 2.75501e+07 
650 2.78799e+07 
651 2.81509e+07 
652 2.83413e+07 
653 2.84642e+07 
654 2.85503e+07 
655 2.85279e+07 
656 2.84178e+07 
657 2.82622e+07 
658 2.8077e+07 
659 2.78372e+07 
660 2.75236e+07 
661 2.71359e+07 
662 2.66241e+07 
663 2.59647e+07 
664 2.52064e+07 
665 2.43378e+07 
666 2.33589e+07 
667 2.2274e+07 
668 2.11109e+07 
669 1.99494e+07 
670 1.87782e+07 
671 1.76936e+07 
672 1.66919e+07 
673 1.57806e+07 
674 1.50005e+07 
675 1.43619e+07 
676 1.38658e+07 
677 1.34665e+07 
678 1.31925e+07 
679 1.30481e+07 
680 1.29919e+07 
681 1.30252e+07 
682 1.31565e+07 
683 1.33416e+07 
684 1.35931e+07 
685 1.39137e+07 
686 1.42324e+07 
687 1.45331e+07 
688 1.4779e+07 
689 1.49596e+07 
690 1.50295e+07 
691 1.50135e+07 
692 1.49072e+07 
693 1.46984e+07 
694 1.43794e+07 
695 1.39657e+07 
696 1.34936e+07 
697 1.30176e+07 
698 1.2591e+07 
699 1.22204e+07 
700 1.19277e+07 
701 1.17037e+07 
702 1.15623e+07 
703 1.14828e+07 
704 1.14962e+07 
705 1.15801e+07 
706 1.17464e+07 
707 1.19802e+07 
708 1.22909e+07 
709 1.26805e+07 
710 1.31431e+07 
711 1.36423e+07 
712 1.41423e+07 
713 1.46388e+07 
714 1.50768e+07 
715 1.54552e+07 
716 1.58283e+07 
717 1.61715e+07 
718 1.65113e+07 
719 1.68577e+07 
720 1.72257e+07 
721 1.76237e+07 
722 1.80014e+07 
723 1.83486e+07 
724 1.86797e+07 
725 1.90044e+07 
726 1.93199e+07 
727 1.9642e+07 
728 1.99089e+07 
729 2.01357e+07 
730 2.02779e+07 
731 2.03418e+07 
732 2.03915e+07 
733 2.03318e+07 
734 2.02551e+07 
735 2.01702e+07 
736 2.0131e+07 
737 2.00459e+07 
738 1.9942e+07 
739 1.97476e+07 
740 1.94664e+07 
741 1.90964e+07 
742 1.86777e+07 
743 1.81884e+07 
744 1.76535e+07 
745 1.71127e+07 
746 1.651e+07 
747 1.58785e+07 
748 1.52455e+07 
749 1.46194e+07 
750 1.39978e+07 
751 1.33959e+07 
752 1.27987e+07 
753 1.22008e+07 
754 1.16243e+07 
755 1.10752e+07 
756 1.05364e+07 
757 1.00296e+07 
758 9.51757e+06 
759 8.98125e+06 
760 8.4461e+06 
761 7.91585e+06 
762 7.37187e+06 
763 6.82675e+06 
764 6.28722e+06 
765 5.75572e+06 
766 5.20951e+06 
767 4.65854e+06 
768 4.13062e+06 
769 3.6137e+06 
770 3.11653e+06 
771 2.65346e+06 
772 2.21957e+06 
773 1.83333e+06 
774 1.49471e+06 
775 1.19754e+06 
776 946586 
777 737043 
778 561382 
779 420399 
780 309170 
781 223670 
782 159741 
783 113123 
784 76653 
785 50778 
786 34028 
787 20113 
788 11119 
789 5519 
790 2392 
791 730 
792 262 
793 70 
794 31 
795 1 
796 0 
797 0 
798 0 
799 0 
