0 0 
1 0 
2 0 
3 0 
4 0 
5 0 
6 0 
7 0 
8 0 
9 0 
10 0 
11 0 
12 0 
13 0 
14 0 
15 0 
16 0 
17 0 
18 0 
19 0 
20 0 
21 0 
22 0 
23 0 
24 0 
25 0 
26 0 
27 0 
28 0 
29 0 
30 0 
31 0 
32 0 
33 0 
34 0 
35 0 
36 0 
37 0 
38 0 
39 0 
40 0 
41 0 
42 0 
43 0 
44 0 
45 0 
46 0 
47 0 
48 0 
49 0 
50 0 
51 0 
52 0 
53 0 
54 0 
55 0 
56 0 
57 0 
58 0 
59 0 
60 0 
61 0 
62 0 
63 0 
64 0 
65 0 
66 0 
67 0 
68 0 
69 0 
70 0 
71 0 
72 0 
73 0 
74 0 
75 0 
76 0 
77 0 
78 0 
79 0 
80 0 
81 0 
82 0 
83 0 
84 0 
85 0 
86 0 
87 0 
88 0 
89 0 
90 0 
91 0 
92 0 
93 0 
94 0 
95 0 
96 0 
97 0 
98 0 
99 0 
100 0 
101 0 
102 0 
103 0 
104 0 
105 0 
106 0 
107 0 
108 0 
109 0 
110 0 
111 0 
112 0 
113 0 
114 0 
115 0 
116 0 
117 0 
118 0 
119 0 
120 0 
121 0 
122 0 
123 0 
124 0 
125 0 
126 0 
127 0 
128 0 
129 0 
130 0 
131 0 
132 0 
133 0 
134 0 
135 0 
136 0 
137 0 
138 0 
139 0 
140 0 
141 0 
142 0 
143 0 
144 0 
145 0 
146 0 
147 0 
148 0 
149 0 
150 0 
151 0 
152 0 
153 0 
154 0 
155 0 
156 0 
157 0 
158 0 
159 0 
160 0 
161 0 
162 0 
163 0 
164 0 
165 0 
166 0 
167 0 
168 0 
169 0 
170 0 
171 0 
172 0 
173 0 
174 0 
175 0 
176 0 
177 0 
178 0 
179 0 
180 0 
181 0 
182 0 
183 0 
184 0 
185 0 
186 0 
187 0 
188 0 
189 0 
190 0 
191 0 
192 0 
193 0 
194 0 
195 0 
196 0 
197 0 
198 0 
199 0 
200 0 
201 0 
202 0 
203 0 
204 0 
205 0 
206 0 
207 0 
208 0 
209 0 
210 0 
211 0 
212 0 
213 0 
214 0 
215 0 
216 0 
217 0 
218 0 
219 0 
220 0 
221 0 
222 0 
223 0 
224 0 
225 0 
226 0 
227 0 
228 0 
229 0 
230 0 
231 0 
232 0 
233 0 
234 0 
235 0 
236 5 
237 21 
238 187 
239 606 
240 1679 
241 4113 
242 8537 
243 15750 
244 25184 
245 39423 
246 60226 
247 90262 
248 127083 
249 174619 
250 227583 
251 287289 
252 349800 
253 411415 
254 482694 
255 555941 
256 629305 
257 701668 
258 776328 
259 853397 
260 930566 
261 1.01438e+06 
262 1.0987e+06 
263 1.18154e+06 
264 1.25732e+06 
265 1.32608e+06 
266 1.382e+06 
267 1.43784e+06 
268 1.50264e+06 
269 1.56978e+06 
270 1.62365e+06 
271 1.67152e+06 
272 1.708e+06 
273 1.75463e+06 
274 1.81702e+06 
275 1.90902e+06 
276 2.02386e+06 
277 2.14717e+06 
278 2.28989e+06 
279 2.43664e+06 
280 2.5755e+06 
281 2.70249e+06 
282 2.81376e+06 
283 2.9119e+06 
284 3.01579e+06 
285 3.13178e+06 
286 3.27909e+06 
287 3.44609e+06 
288 3.61272e+06 
289 3.78245e+06 
290 3.9443e+06 
291 4.11972e+06 
292 4.29664e+06 
293 4.49458e+06 
294 4.69174e+06 
295 4.89287e+06 
296 5.0968e+06 
297 5.32614e+06 
298 5.5758e+06 
299 5.89728e+06 
300 6.25178e+06 
301 6.62683e+06 
302 7.00672e+06 
303 7.4062e+06 
304 7.82805e+06 
305 8.27385e+06 
306 8.79181e+06 
307 9.37469e+06 
308 1.00407e+07 
309 1.07661e+07 
310 1.15639e+07 
311 1.2378e+07 
312 1.32155e+07 
313 1.40423e+07 
314 1.48363e+07 
315 1.56261e+07 
316 1.63956e+07 
317 1.71443e+07 
318 1.79377e+07 
319 1.87308e+07 
320 1.94714e+07 
321 2.01962e+07 
322 2.08908e+07 
323 2.1517e+07 
324 2.21071e+07 
325 2.26073e+07 
326 2.30944e+07 
327 2.35168e+07 
328 2.40358e+07 
329 2.46844e+07 
330 2.54705e+07 
331 2.64041e+07 
332 2.75025e+07 
333 2.86658e+07 
334 2.98296e+07 
335 3.10162e+07 
336 3.21545e+07 
337 3.32973e+07 
338 3.44058e+07 
339 3.55106e+07 
340 3.65126e+07 
341 3.73469e+07 
342 3.80664e+07 
343 3.86098e+07 
344 3.89932e+07 
345 3.92072e+07 
346 3.93192e+07 
347 3.93941e+07 
348 3.94336e+07 
349 3.94689e+07 
350 3.94436e+07 
351 3.94169e+07 
352 3.94222e+07 
353 3.9496e+07 
354 3.96461e+07 
355 3.98965e+07 
356 4.01824e+07 
357 4.05361e+07 
358 4.08677e+07 
359 4.12398e+07 
360 4.16818e+07 
361 4.22884e+07 
362 4.30352e+07 
363 4.38931e+07 
364 4.48663e+07 
365 4.58739e+07 
366 4.68552e+07 
367 4.78369e+07 
368 4.87954e+07 
369 4.97739e+07 
370 5.0775e+07 
371 5.17905e+07 
372 5.28415e+07 
373 5.39799e+07 
374 5.52146e+07 
375 5.64834e+07 
376 5.78247e+07 
377 5.91498e+07 
378 6.05804e+07 
379 6.21756e+07 
380 6.39707e+07 
381 6.58565e+07 
382 6.78242e+07 
383 6.98926e+07 
384 7.19418e+07 
385 7.39938e+07 
386 7.60135e+07 
387 7.82072e+07 
388 8.05581e+07 
389 8.31854e+07 
390 8.60745e+07 
391 8.93321e+07 
392 9.27921e+07 
393 9.64701e+07 
394 1.00281e+08 
395 1.04188e+08 
396 1.08196e+08 
397 1.12242e+08 
398 1.16145e+08 
399 1.19989e+08 
400 1.23688e+08 
401 1.27104e+08 
402 1.30303e+08 
403 1.33264e+08 
404 1.36079e+08 
405 1.3871e+08 
406 1.41131e+08 
407 1.43474e+08 
408 1.45747e+08 
409 1.47952e+08 
410 1.50116e+08 
411 1.51975e+08 
412 1.53562e+08 
413 1.5502e+08 
414 1.56132e+08 
415 1.56985e+08 
416 1.57503e+08 
417 1.5771e+08 
418 1.57529e+08 
419 1.57033e+08 
420 1.56239e+08 
421 1.55213e+08 
422 1.53911e+08 
423 1.52477e+08 
424 1.50908e+08 
425 1.49237e+08 
426 1.47386e+08 
427 1.45487e+08 
428 1.43538e+08 
429 1.41487e+08 
430 1.39325e+08 
431 1.37072e+08 
432 1.34843e+08 
433 1.3244e+08 
434 1.29963e+08 
435 1.27522e+08 
436 1.25147e+08 
437 1.22956e+08 
438 1.2096e+08 
439 1.19202e+08 
440 1.178e+08 
441 1.16715e+08 
442 1.15867e+08 
443 1.15285e+08 
444 1.15046e+08 
445 1.15142e+08 
446 1.15529e+08 
447 1.16143e+08 
448 1.16933e+08 
449 1.17698e+08 
450 1.18384e+08 
451 1.18958e+08 
452 1.19485e+08 
453 1.19977e+08 
454 1.20369e+08 
455 1.20721e+08 
456 1.21037e+08 
457 1.21276e+08 
458 1.21508e+08 
459 1.2166e+08 
460 1.21664e+08 
461 1.21552e+08 
462 1.21476e+08 
463 1.21355e+08 
464 1.21406e+08 
465 1.21529e+08 
466 1.21855e+08 
467 1.22224e+08 
468 1.22777e+08 
469 1.23463e+08 
470 1.24186e+08 
471 1.24892e+08 
472 1.25579e+08 
473 1.26185e+08 
474 1.26893e+08 
475 1.27645e+08 
476 1.28413e+08 
477 1.29284e+08 
478 1.3009e+08 
479 1.30763e+08 
480 1.31305e+08 
481 1.31671e+08 
482 1.3192e+08 
483 1.32071e+08 
484 1.32087e+08 
485 1.32068e+08 
486 1.32009e+08 
487 1.31936e+08 
488 1.31747e+08 
489 1.31317e+08 
490 1.30828e+08 
491 1.30298e+08 
492 1.29658e+08 
493 1.28996e+08 
494 1.28338e+08 
495 1.27769e+08 
496 1.27231e+08 
497 1.26839e+08 
498 1.26631e+08 
499 1.26557e+08 
500 1.26553e+08 
501 1.26691e+08 
502 1.26935e+08 
503 1.27107e+08 
504 1.27301e+08 
505 1.2736e+08 
506 1.27406e+08 
507 1.2724e+08 
508 1.2681e+08 
509 1.2603e+08 
510 1.24972e+08 
511 1.23643e+08 
512 1.22055e+08 
513 1.20165e+08 
514 1.17978e+08 
515 1.15601e+08 
516 1.13142e+08 
517 1.10775e+08 
518 1.08515e+08 
519 1.06499e+08 
520 1.04624e+08 
521 1.02786e+08 
522 1.0099e+08 
523 9.92902e+07 
524 9.75625e+07 
525 9.58121e+07 
526 9.39078e+07 
527 9.18713e+07 
528 8.9592e+07 
529 8.70602e+07 
530 8.42271e+07 
531 8.12518e+07 
532 7.81177e+07 
533 7.49015e+07 
534 7.17071e+07 
535 6.85502e+07 
536 6.54247e+07 
537 6.23519e+07 
538 5.94753e+07 
539 5.6708e+07 
540 5.41719e+07 
541 5.18091e+07 
542 4.96052e+07 
543 4.7597e+07 
544 4.57737e+07 
545 4.42032e+07 
546 4.2835e+07 
547 4.16084e+07 
548 4.04311e+07 
549 3.93381e+07 
550 3.8277e+07 
551 3.72975e+07 
552 3.63553e+07 
553 3.54282e+07 
554 3.45366e+07 
555 3.36934e+07 
556 3.28643e+07 
557 3.21313e+07 
558 3.1427e+07 
559 3.07654e+07 
560 3.01322e+07 
561 2.95928e+07 
562 2.91186e+07 
563 2.88013e+07 
564 2.85797e+07 
565 2.84399e+07 
566 2.83779e+07 
567 2.83627e+07 
568 2.84051e+07 
569 2.84613e+07 
570 2.85381e+07 
571 2.85429e+07 
572 2.84964e+07 
573 2.84346e+07 
574 2.83258e+07 
575 2.81677e+07 
576 2.79669e+07 
577 2.77022e+07 
578 2.73905e+07 
579 2.7047e+07 
580 2.6648e+07 
581 2.62063e+07 
582 2.57038e+07 
583 2.51859e+07 
584 2.47268e+07 
585 2.43028e+07 
586 2.39123e+07 
587 2.36021e+07 
588 2.33136e+07 
589 2.30487e+07 
590 2.27712e+07 
591 2.2514e+07 
592 2.23331e+07 
593 2.21709e+07 
594 2.20741e+07 
595 2.2077e+07 
596 2.21854e+07 
597 2.23681e+07 
598 2.26064e+07 
599 2.29106e+07 
600 2.3209e+07 
601 2.34726e+07 
602 2.37194e+07 
603 2.39345e+07 
604 2.41115e+07 
605 2.42775e+07 
606 2.44615e+07 
607 2.46963e+07 
608 2.49335e+07 
609 2.51249e+07 
610 2.52747e+07 
611 2.53523e+07 
612 2.53535e+07 
613 2.52858e+07 
614 2.51752e+07 
615 2.50547e+07 
616 2.49976e+07 
617 2.50768e+07 
618 2.52565e+07 
619 2.55603e+07 
620 2.60143e+07 
621 2.6526e+07 
622 2.71113e+07 
623 2.77335e+07 
624 2.83598e+07 
625 2.90106e+07 
626 2.97046e+07 
627 3.03773e+07 
628 3.10371e+07 
629 3.17228e+07 
630 3.24012e+07 
631 3.31571e+07 
632 3.39322e+07 
633 3.46582e+07 
634 3.52412e+07 
635 3.56849e+07 
636 3.59627e+07 
637 3.61523e+07 
638 3.62288e+07 
639 3.61927e+07 
640 3.60533e+07 
641 3.58563e+07 
642 3.55996e+07 
643 3.52874e+07 
644 3.48838e+07 
645 3.4444e+07 
646 3.39328e+07 
647 3.3376e+07 
648 3.27793e+07 
649 3.21168e+07 
650 3.14495e+07 
651 3.08083e+07 
652 3.01404e+07 
653 2.94471e+07 
654 2.86971e+07 
655 2.78198e+07 
656 2.68287e+07 
657 2.57415e+07 
658 2.45914e+07 
659 2.34055e+07 
660 2.21558e+07 
661 2.09212e+07 
662 1.96604e+07 
663 1.84287e+07 
664 1.72104e+07 
665 1.60652e+07 
666 1.49825e+07 
667 1.39794e+07 
668 1.30672e+07 
669 1.2176e+07 
670 1.13247e+07 
671 1.05402e+07 
672 9.8307e+06 
673 9.1693e+06 
674 8.54273e+06 
675 7.93139e+06 
676 7.30606e+06 
677 6.67088e+06 
678 6.07994e+06 
679 5.52247e+06 
680 5.01736e+06 
681 4.57829e+06 
682 4.1807e+06 
683 3.81396e+06 
684 3.45759e+06 
685 3.14355e+06 
686 2.86036e+06 
687 2.61563e+06 
688 2.38871e+06 
689 2.19178e+06 
690 2.02304e+06 
691 1.87047e+06 
692 1.73603e+06 
693 1.61426e+06 
694 1.48577e+06 
695 1.34334e+06 
696 1.20374e+06 
697 1.0572e+06 
698 902877 
699 750660 
700 612784 
701 491039 
702 391020 
703 308490 
704 243760 
705 191264 
706 147993 
707 113836 
708 87336 
709 66503 
710 51429 
711 41309 
712 32734 
713 26741 
714 20361 
715 13849 
716 8413 
717 4686 
718 2387 
719 989 
720 437 
721 170 
722 36 
723 4 
724 0 
725 0 
726 0 
727 0 
728 0 
729 0 
730 0 
731 0 
732 0 
733 0 
734 0 
735 0 
736 0 
737 0 
738 0 
739 0 
740 0 
741 0 
742 0 
743 0 
744 0 
745 0 
746 0 
747 0 
748 0 
749 0 
750 0 
751 0 
752 0 
753 0 
754 0 
755 0 
756 0 
757 0 
758 0 
759 0 
760 0 
761 0 
762 0 
763 0 
764 0 
765 0 
766 0 
767 0 
768 0 
769 0 
770 0 
771 0 
772 0 
773 0 
774 0 
775 0 
776 0 
777 0 
778 0 
779 0 
780 0 
781 0 
782 0 
783 0 
784 0 
785 0 
786 0 
787 0 
788 0 
789 0 
790 0 
791 0 
792 0 
793 0 
794 0 
795 0 
796 0 
797 0 
798 0 
799 0 
