0 0 
1 0 
2 0 
3 0 
4 0 
5 0 
6 0 
7 0 
8 0 
9 0 
10 0 
11 0 
12 0 
13 0 
14 0 
15 0 
16 0 
17 0 
18 0 
19 0 
20 0 
21 0 
22 0 
23 0 
24 0 
25 0 
26 0 
27 0 
28 0 
29 0 
30 0 
31 0 
32 0 
33 0 
34 0 
35 0 
36 0 
37 0 
38 0 
39 0 
40 0 
41 0 
42 0 
43 0 
44 0 
45 0 
46 0 
47 0 
48 0 
49 0 
50 0 
51 0 
52 0 
53 0 
54 0 
55 0 
56 0 
57 0 
58 0 
59 0 
60 0 
61 0 
62 0 
63 0 
64 0 
65 0 
66 0 
67 0 
68 0 
69 0 
70 0 
71 0 
72 0 
73 0 
74 0 
75 0 
76 0 
77 0 
78 0 
79 0 
80 0 
81 0 
82 0 
83 0 
84 0 
85 0 
86 0 
87 0 
88 0 
89 0 
90 0 
91 0 
92 0 
93 0 
94 0 
95 0 
96 0 
97 0 
98 0 
99 0 
100 0 
101 0 
102 0 
103 0 
104 0 
105 0 
106 0 
107 0 
108 0 
109 0 
110 0 
111 0 
112 0 
113 0 
114 0 
115 0 
116 0 
117 0 
118 0 
119 0 
120 0 
121 0 
122 0 
123 0 
124 0 
125 0 
126 0 
127 0 
128 0 
129 0 
130 0 
131 0 
132 0 
133 0 
134 0 
135 0 
136 0 
137 0 
138 0 
139 0 
140 0 
141 0 
142 0 
143 0 
144 0 
145 0 
146 0 
147 0 
148 0 
149 0 
150 0 
151 0 
152 0 
153 0 
154 0 
155 0 
156 0 
157 0 
158 0 
159 0 
160 0 
161 0 
162 0 
163 0 
164 0 
165 0 
166 0 
167 0 
168 0 
169 0 
170 0 
171 0 
172 0 
173 0 
174 0 
175 0 
176 0 
177 0 
178 0 
179 0 
180 0 
181 0 
182 0 
183 0 
184 0 
185 0 
186 0 
187 0 
188 0 
189 0 
190 0 
191 0 
192 0 
193 0 
194 0 
195 0 
196 0 
197 0 
198 0 
199 0 
200 0 
201 0 
202 0 
203 0 
204 0 
205 0 
206 0 
207 0 
208 0 
209 0 
210 0 
211 0 
212 0 
213 0 
214 0 
215 0 
216 0 
217 0 
218 0 
219 0 
220 0 
221 0 
222 0 
223 0 
224 0 
225 0 
226 0 
227 0 
228 0 
229 0 
230 0 
231 0 
232 0 
233 0 
234 0 
235 0 
236 0 
237 0 
238 0 
239 0 
240 0 
241 0 
242 0 
243 0 
244 0 
245 0 
246 0 
247 0 
248 0 
249 0 
250 0 
251 0 
252 0 
253 0 
254 0 
255 0 
256 0 
257 0 
258 0 
259 0 
260 0 
261 0 
262 0 
263 0 
264 0 
265 0 
266 0 
267 0 
268 0 
269 0 
270 0 
271 0 
272 0 
273 0 
274 0 
275 0 
276 0 
277 0 
278 0 
279 0 
280 0 
281 0 
282 5 
283 35 
284 117 
285 634 
286 1538 
287 3010 
288 6135 
289 10026 
290 15878 
291 22994 
292 31344 
293 39191 
294 49261 
295 63237 
296 81397 
297 105424 
298 135942 
299 174187 
300 224387 
301 286158 
302 361327 
303 454836 
304 561446 
305 684953 
306 829680 
307 1.00827e+06 
308 1.21479e+06 
309 1.45964e+06 
310 1.74341e+06 
311 2.07302e+06 
312 2.44355e+06 
313 2.87309e+06 
314 3.34443e+06 
315 3.88276e+06 
316 4.48544e+06 
317 5.16649e+06 
318 5.90427e+06 
319 6.75367e+06 
320 7.7384e+06 
321 8.85104e+06 
322 1.01046e+07 
323 1.14977e+07 
324 1.29982e+07 
325 1.46267e+07 
326 1.63714e+07 
327 1.8323e+07 
328 2.04887e+07 
329 2.28806e+07 
330 2.54413e+07 
331 2.81559e+07 
332 3.09945e+07 
333 3.39335e+07 
334 3.69161e+07 
335 3.98955e+07 
336 4.28504e+07 
337 4.56877e+07 
338 4.83646e+07 
339 5.09249e+07 
340 5.34196e+07 
341 5.58575e+07 
342 5.82232e+07 
343 6.05423e+07 
344 6.28056e+07 
345 6.50667e+07 
346 6.73662e+07 
347 6.97531e+07 
348 7.22235e+07 
349 7.47578e+07 
350 7.73538e+07 
351 8.00674e+07 
352 8.27875e+07 
353 8.56248e+07 
354 8.86091e+07 
355 9.16727e+07 
356 9.49796e+07 
357 9.85225e+07 
358 1.02348e+08 
359 1.06476e+08 
360 1.10895e+08 
361 1.15515e+08 
362 1.2043e+08 
363 1.25733e+08 
364 1.31436e+08 
365 1.37513e+08 
366 1.4407e+08 
367 1.50839e+08 
368 1.57921e+08 
369 1.65333e+08 
370 1.73221e+08 
371 1.81472e+08 
372 1.90187e+08 
373 1.99249e+08 
374 2.08647e+08 
375 2.18369e+08 
376 2.28471e+08 
377 2.38797e+08 
378 2.49418e+08 
379 2.60339e+08 
380 2.71519e+08 
381 2.82934e+08 
382 2.94367e+08 
383 3.05903e+08 
384 3.17372e+08 
385 3.28655e+08 
386 3.39668e+08 
387 3.50445e+08 
388 3.60994e+08 
389 3.71409e+08 
390 3.81791e+08 
391 3.92272e+08 
392 4.03016e+08 
393 4.13927e+08 
394 4.24695e+08 
395 4.35105e+08 
396 4.44802e+08 
397 4.53483e+08 
398 4.60795e+08 
399 4.66604e+08 
400 4.70594e+08 
401 4.72527e+08 
402 4.72434e+08 
403 4.70457e+08 
404 4.66722e+08 
405 4.61695e+08 
406 4.55308e+08 
407 4.47689e+08 
408 4.38873e+08 
409 4.29033e+08 
410 4.18341e+08 
411 4.06537e+08 
412 3.93538e+08 
413 3.7947e+08 
414 3.64796e+08 
415 3.49921e+08 
416 3.34883e+08 
417 3.19846e+08 
418 3.0478e+08 
419 2.8977e+08 
420 2.75074e+08 
421 2.60917e+08 
422 2.47085e+08 
423 2.33623e+08 
424 2.20644e+08 
425 2.08282e+08 
426 1.96624e+08 
427 1.8573e+08 
428 1.75301e+08 
429 1.65574e+08 
430 1.56449e+08 
431 1.47908e+08 
432 1.39945e+08 
433 1.32498e+08 
434 1.25346e+08 
435 1.18544e+08 
436 1.11962e+08 
437 1.05495e+08 
438 9.91397e+07 
439 9.29369e+07 
440 8.67833e+07 
441 8.06492e+07 
442 7.44968e+07 
443 6.84704e+07 
444 6.25503e+07 
445 5.68983e+07 
446 5.15672e+07 
447 4.65075e+07 
448 4.182e+07 
449 3.74464e+07 
450 3.34087e+07 
451 2.96769e+07 
452 2.62153e+07 
453 2.2989e+07 
454 2.00094e+07 
455 1.73115e+07 
456 1.49327e+07 
457 1.28592e+07 
458 1.1099e+07 
459 9.65445e+06 
460 8.49505e+06 
461 7.56321e+06 
462 6.82924e+06 
463 6.25549e+06 
464 5.80087e+06 
465 5.43698e+06 
466 5.15759e+06 
467 4.92787e+06 
468 4.72451e+06 
469 4.53269e+06 
470 4.34373e+06 
471 4.16647e+06 
472 4.00498e+06 
473 3.85739e+06 
474 3.71699e+06 
475 3.56878e+06 
476 3.40992e+06 
477 3.25243e+06 
478 3.0868e+06 
479 2.92048e+06 
480 2.75601e+06 
481 2.59639e+06 
482 2.42482e+06 
483 2.23685e+06 
484 2.03436e+06 
485 1.81191e+06 
486 1.57906e+06 
487 1.35136e+06 
488 1.14154e+06 
489 949459 
490 780347 
491 632421 
492 508133 
493 407835 
494 330376 
495 271656 
496 224377 
497 180400 
498 141854 
499 109850 
500 80113 
501 55316 
502 36444 
503 22919 
504 13933 
505 9517 
506 6978 
507 4609 
508 2942 
509 1458 
510 639 
511 291 
512 100 
513 20 
514 3 
515 0 
516 0 
517 0 
518 0 
519 0 
520 0 
521 0 
522 0 
523 0 
524 0 
525 0 
526 0 
527 0 
528 0 
529 0 
530 0 
531 0 
532 0 
533 0 
534 0 
535 0 
536 0 
537 0 
538 0 
539 0 
540 0 
541 0 
542 0 
543 0 
544 0 
545 0 
546 0 
547 0 
548 0 
549 0 
550 0 
551 0 
552 0 
553 0 
554 0 
555 0 
556 0 
557 0 
558 0 
559 0 
560 0 
561 0 
562 0 
563 0 
564 0 
565 0 
566 0 
567 0 
568 0 
569 0 
570 0 
571 0 
572 0 
573 0 
574 0 
575 0 
576 0 
577 0 
578 0 
579 0 
580 0 
581 0 
582 0 
583 0 
584 0 
585 0 
586 0 
587 0 
588 0 
589 0 
590 0 
591 0 
592 0 
593 0 
594 0 
595 0 
596 0 
597 0 
598 0 
599 0 
600 0 
601 0 
602 0 
603 0 
604 0 
605 0 
606 0 
607 0 
608 0 
609 0 
610 0 
611 0 
612 0 
613 0 
614 0 
615 0 
616 0 
617 0 
618 0 
619 0 
620 0 
621 0 
622 0 
623 0 
624 0 
625 0 
626 0 
627 0 
628 0 
629 0 
630 0 
631 0 
632 0 
633 0 
634 0 
635 0 
636 0 
637 0 
638 0 
639 0 
640 0 
641 0 
642 0 
643 0 
644 0 
645 0 
646 0 
647 0 
648 0 
649 0 
650 0 
651 0 
652 0 
653 0 
654 0 
655 0 
656 0 
657 0 
658 0 
659 0 
660 0 
661 0 
662 0 
663 0 
664 0 
665 0 
666 0 
667 0 
668 0 
669 0 
670 0 
671 0 
672 0 
673 0 
674 0 
675 0 
676 0 
677 0 
678 0 
679 0 
680 0 
681 0 
682 0 
683 0 
684 0 
685 0 
686 0 
687 0 
688 0 
689 0 
690 0 
691 0 
692 0 
693 0 
694 0 
695 0 
696 0 
697 0 
698 0 
699 0 
700 0 
701 0 
702 0 
703 0 
704 0 
705 0 
706 0 
707 0 
708 0 
709 0 
710 0 
711 0 
712 0 
713 0 
714 0 
715 0 
716 0 
717 0 
718 0 
719 0 
720 0 
721 0 
722 0 
723 0 
724 0 
725 0 
726 0 
727 0 
728 0 
729 0 
730 0 
731 0 
732 0 
733 0 
734 0 
735 0 
736 0 
737 0 
738 0 
739 0 
740 0 
741 0 
742 0 
743 0 
744 0 
745 0 
746 0 
747 0 
748 0 
749 0 
750 0 
751 0 
752 0 
753 0 
754 0 
755 0 
756 0 
757 0 
758 0 
759 0 
760 0 
761 0 
762 0 
763 0 
764 0 
765 0 
766 0 
767 0 
768 0 
769 0 
770 0 
771 0 
772 0 
773 0 
774 0 
775 0 
776 0 
777 0 
778 0 
779 0 
780 0 
781 0 
782 0 
783 0 
784 0 
785 0 
786 0 
787 0 
788 0 
789 0 
790 0 
791 0 
792 0 
793 0 
794 0 
795 0 
796 0 
797 0 
798 0 
799 0 
