0 0 
1 0 
2 0 
3 0 
4 0 
5 0 
6 0 
7 0 
8 0 
9 0 
10 0 
11 0 
12 0 
13 0 
14 0 
15 0 
16 0 
17 0 
18 0 
19 0 
20 0 
21 0 
22 0 
23 0 
24 0 
25 0 
26 0 
27 0 
28 0 
29 0 
30 0 
31 0 
32 0 
33 0 
34 0 
35 0 
36 0 
37 0 
38 0 
39 0 
40 0 
41 0 
42 0 
43 0 
44 0 
45 0 
46 0 
47 0 
48 0 
49 0 
50 0 
51 0 
52 0 
53 0 
54 0 
55 0 
56 0 
57 0 
58 0 
59 0 
60 0 
61 0 
62 0 
63 0 
64 0 
65 0 
66 0 
67 0 
68 0 
69 0 
70 0 
71 0 
72 0 
73 0 
74 0 
75 0 
76 0 
77 0 
78 0 
79 0 
80 0 
81 0 
82 0 
83 0 
84 0 
85 0 
86 0 
87 0 
88 0 
89 0 
90 0 
91 0 
92 0 
93 0 
94 0 
95 0 
96 0 
97 0 
98 0 
99 0 
100 0 
101 0 
102 0 
103 0 
104 0 
105 0 
106 0 
107 0 
108 0 
109 0 
110 0 
111 0 
112 0 
113 0 
114 0 
115 0 
116 0 
117 0 
118 0 
119 0 
120 0 
121 0 
122 0 
123 0 
124 0 
125 0 
126 0 
127 0 
128 0 
129 0 
130 0 
131 0 
132 0 
133 0 
134 0 
135 0 
136 0 
137 0 
138 0 
139 0 
140 0 
141 0 
142 0 
143 0 
144 0 
145 0 
146 0 
147 0 
148 0 
149 0 
150 0 
151 0 
152 0 
153 0 
154 0 
155 0 
156 0 
157 0 
158 0 
159 0 
160 0 
161 0 
162 0 
163 0 
164 0 
165 0 
166 0 
167 0 
168 0 
169 0 
170 0 
171 0 
172 0 
173 0 
174 0 
175 0 
176 0 
177 0 
178 0 
179 0 
180 0 
181 0 
182 0 
183 0 
184 0 
185 0 
186 0 
187 0 
188 0 
189 0 
190 0 
191 0 
192 0 
193 0 
194 0 
195 0 
196 0 
197 0 
198 0 
199 0 
200 0 
201 0 
202 0 
203 0 
204 0 
205 0 
206 0 
207 0 
208 0 
209 0 
210 0 
211 0 
212 0 
213 0 
214 0 
215 0 
216 0 
217 0 
218 0 
219 0 
220 0 
221 0 
222 0 
223 0 
224 0 
225 0 
226 0 
227 0 
228 0 
229 0 
230 0 
231 0 
232 0 
233 0 
234 0 
235 0 
236 0 
237 0 
238 0 
239 0 
240 0 
241 0 
242 0 
243 0 
244 0 
245 0 
246 0 
247 0 
248 0 
249 0 
250 0 
251 0 
252 0 
253 0 
254 0 
255 0 
256 0 
257 0 
258 0 
259 0 
260 0 
261 0 
262 0 
263 0 
264 0 
265 0 
266 0 
267 0 
268 0 
269 0 
270 0 
271 0 
272 0 
273 0 
274 0 
275 0 
276 0 
277 0 
278 0 
279 0 
280 0 
281 5 
282 125 
283 1182 
284 4688 
285 11292 
286 25415 
287 49335 
288 88764 
289 149156 
290 233731 
291 337012 
292 460343 
293 615650 
294 817216 
295 1.06139e+06 
296 1.35707e+06 
297 1.73476e+06 
298 2.20124e+06 
299 2.77246e+06 
300 3.40706e+06 
301 4.12078e+06 
302 4.88067e+06 
303 5.62641e+06 
304 6.37146e+06 
305 7.1942e+06 
306 8.07577e+06 
307 8.95328e+06 
308 9.75599e+06 
309 1.04143e+07 
310 1.1021e+07 
311 1.16122e+07 
312 1.22941e+07 
313 1.30547e+07 
314 1.38447e+07 
315 1.46168e+07 
316 1.53536e+07 
317 1.60448e+07 
318 1.67239e+07 
319 1.74955e+07 
320 1.82243e+07 
321 1.88566e+07 
322 1.94543e+07 
323 2.00402e+07 
324 2.06251e+07 
325 2.12567e+07 
326 2.19922e+07 
327 2.28494e+07 
328 2.39396e+07 
329 2.52749e+07 
330 2.68086e+07 
331 2.85183e+07 
332 3.05111e+07 
333 3.26531e+07 
334 3.48371e+07 
335 3.68146e+07 
336 3.86205e+07 
337 4.0283e+07 
338 4.18818e+07 
339 4.34103e+07 
340 4.47323e+07 
341 4.59183e+07 
342 4.69435e+07 
343 4.77899e+07 
344 4.86582e+07 
345 4.97718e+07 
346 5.12309e+07 
347 5.28581e+07 
348 5.46088e+07 
349 5.64625e+07 
350 5.83789e+07 
351 6.04602e+07 
352 6.27138e+07 
353 6.51687e+07 
354 6.77772e+07 
355 7.04353e+07 
356 7.30884e+07 
357 7.60221e+07 
358 7.91128e+07 
359 8.21594e+07 
360 8.52212e+07 
361 8.81672e+07 
362 9.10041e+07 
363 9.38066e+07 
364 9.67528e+07 
365 9.98493e+07 
366 1.03085e+08 
367 1.06346e+08 
368 1.10083e+08 
369 1.14585e+08 
370 1.19913e+08 
371 1.2599e+08 
372 1.32653e+08 
373 1.40079e+08 
374 1.48161e+08 
375 1.56579e+08 
376 1.65076e+08 
377 1.73616e+08 
378 1.82377e+08 
379 1.91691e+08 
380 2.01685e+08 
381 2.12242e+08 
382 2.22977e+08 
383 2.33924e+08 
384 2.45377e+08 
385 2.57224e+08 
386 2.6954e+08 
387 2.82231e+08 
388 2.95464e+08 
389 3.09298e+08 
390 3.231e+08 
391 3.36254e+08 
392 3.48106e+08 
393 3.5842e+08 
394 3.67474e+08 
395 3.7546e+08 
396 3.82453e+08 
397 3.88507e+08 
398 3.93328e+08 
399 3.97087e+08 
400 3.9968e+08 
401 4.00841e+08 
402 4.00778e+08 
403 3.98905e+08 
404 3.94766e+08 
405 3.88798e+08 
406 3.80973e+08 
407 3.71648e+08 
408 3.61343e+08 
409 3.50605e+08 
410 3.39767e+08 
411 3.287e+08 
412 3.17369e+08 
413 3.05935e+08 
414 2.94962e+08 
415 2.84529e+08 
416 2.74537e+08 
417 2.64929e+08 
418 2.55595e+08 
419 2.46642e+08 
420 2.38156e+08 
421 2.29969e+08 
422 2.22158e+08 
423 2.14679e+08 
424 2.07152e+08 
425 1.99448e+08 
426 1.91576e+08 
427 1.83507e+08 
428 1.75563e+08 
429 1.67934e+08 
430 1.60732e+08 
431 1.54321e+08 
432 1.48858e+08 
433 1.44126e+08 
434 1.40019e+08 
435 1.36133e+08 
436 1.32327e+08 
437 1.28441e+08 
438 1.24371e+08 
439 1.2006e+08 
440 1.15592e+08 
441 1.11124e+08 
442 1.06712e+08 
443 1.02263e+08 
444 9.79024e+07 
445 9.36193e+07 
446 8.94222e+07 
447 8.54895e+07 
448 8.20302e+07 
449 7.93379e+07 
450 7.75011e+07 
451 7.64598e+07 
452 7.60346e+07 
453 7.60655e+07 
454 7.64159e+07 
455 7.70007e+07 
456 7.76728e+07 
457 7.81685e+07 
458 7.84131e+07 
459 7.80194e+07 
460 7.6933e+07 
461 7.52271e+07 
462 7.29602e+07 
463 7.02461e+07 
464 6.72865e+07 
465 6.43995e+07 
466 6.16775e+07 
467 5.91033e+07 
468 5.68529e+07 
469 5.50806e+07 
470 5.37098e+07 
471 5.26286e+07 
472 5.18563e+07 
473 5.14046e+07 
474 5.10637e+07 
475 5.08165e+07 
476 5.0538e+07 
477 5.01343e+07 
478 4.9531e+07 
479 4.86929e+07 
480 4.75316e+07 
481 4.60347e+07 
482 4.41835e+07 
483 4.2166e+07 
484 4.01586e+07 
485 3.84124e+07 
486 3.70749e+07 
487 3.636e+07 
488 3.63042e+07 
489 3.68921e+07 
490 3.7883e+07 
491 3.90844e+07 
492 4.02141e+07 
493 4.11027e+07 
494 4.17587e+07 
495 4.21113e+07 
496 4.21888e+07 
497 4.19573e+07 
498 4.14628e+07 
499 4.08113e+07 
500 3.99866e+07 
501 3.91065e+07 
502 3.82332e+07 
503 3.7485e+07 
504 3.68434e+07 
505 3.63374e+07 
506 3.59237e+07 
507 3.55007e+07 
508 3.49683e+07 
509 3.42652e+07 
510 3.33509e+07 
511 3.2285e+07 
512 3.09923e+07 
513 2.94971e+07 
514 2.7763e+07 
515 2.57919e+07 
516 2.36139e+07 
517 2.14431e+07 
518 1.93573e+07 
519 1.74481e+07 
520 1.57187e+07 
521 1.41694e+07 
522 1.28787e+07 
523 1.19059e+07 
524 1.12837e+07 
525 1.08808e+07 
526 1.05784e+07 
527 1.0353e+07 
528 1.02776e+07 
529 1.0311e+07 
530 1.04096e+07 
531 1.05077e+07 
532 1.05078e+07 
533 1.03658e+07 
534 1.00744e+07 
535 9.65684e+06 
536 9.16107e+06 
537 8.56169e+06 
538 7.97332e+06 
539 7.49861e+06 
540 7.16432e+06 
541 6.89483e+06 
542 6.65282e+06 
543 6.43464e+06 
544 6.2886e+06 
545 6.19339e+06 
546 6.10054e+06 
547 6.00748e+06 
548 5.87848e+06 
549 5.71799e+06 
550 5.51092e+06 
551 5.29463e+06 
552 5.07115e+06 
553 4.85854e+06 
554 4.64822e+06 
555 4.4147e+06 
556 4.21324e+06 
557 4.09974e+06 
558 4.07239e+06 
559 4.10567e+06 
560 4.16897e+06 
561 4.2299e+06 
562 4.2521e+06 
563 4.18553e+06 
564 3.99574e+06 
565 3.6817e+06 
566 3.25483e+06 
567 2.73583e+06 
568 2.19589e+06 
569 1.67898e+06 
570 1.23596e+06 
571 881939 
572 597608 
573 388675 
574 245764 
575 153565 
576 96228 
577 58131 
578 32454 
579 14897 
580 5925 
581 1683 
582 403 
583 43 
584 1 
585 0 
586 0 
587 0 
588 0 
589 0 
590 0 
591 0 
592 0 
593 0 
594 0 
595 0 
596 0 
597 0 
598 0 
599 0 
600 0 
601 0 
602 0 
603 0 
604 0 
605 0 
606 0 
607 0 
608 0 
609 0 
610 0 
611 0 
612 0 
613 0 
614 0 
615 0 
616 0 
617 0 
618 0 
619 0 
620 0 
621 0 
622 0 
623 0 
624 0 
625 0 
626 0 
627 0 
628 0 
629 0 
630 0 
631 0 
632 0 
633 0 
634 0 
635 0 
636 0 
637 0 
638 0 
639 0 
640 0 
641 0 
642 0 
643 0 
644 0 
645 0 
646 0 
647 0 
648 0 
649 0 
650 0 
651 0 
652 0 
653 0 
654 0 
655 0 
656 0 
657 0 
658 0 
659 0 
660 0 
661 0 
662 0 
663 0 
664 0 
665 0 
666 0 
667 0 
668 0 
669 0 
670 0 
671 0 
672 0 
673 0 
674 0 
675 0 
676 0 
677 0 
678 0 
679 0 
680 0 
681 0 
682 0 
683 0 
684 0 
685 0 
686 0 
687 0 
688 0 
689 0 
690 0 
691 0 
692 0 
693 0 
694 0 
695 0 
696 0 
697 0 
698 0 
699 0 
700 0 
701 0 
702 0 
703 0 
704 0 
705 0 
706 0 
707 0 
708 0 
709 0 
710 0 
711 0 
712 0 
713 0 
714 0 
715 0 
716 0 
717 0 
718 0 
719 0 
720 0 
721 0 
722 0 
723 0 
724 0 
725 0 
726 0 
727 0 
728 0 
729 0 
730 0 
731 0 
732 0 
733 0 
734 0 
735 0 
736 0 
737 0 
738 0 
739 0 
740 0 
741 0 
742 0 
743 0 
744 0 
745 0 
746 0 
747 0 
748 0 
749 0 
750 0 
751 0 
752 0 
753 0 
754 0 
755 0 
756 0 
757 0 
758 0 
759 0 
760 0 
761 0 
762 0 
763 0 
764 0 
765 0 
766 0 
767 0 
768 0 
769 0 
770 0 
771 0 
772 0 
773 0 
774 0 
775 0 
776 0 
777 0 
778 0 
779 0 
780 0 
781 0 
782 0 
783 0 
784 0 
785 0 
786 0 
787 0 
788 0 
789 0 
790 0 
791 0 
792 0 
793 0 
794 0 
795 0 
796 0 
797 0 
798 0 
799 0 
