0 0 
1 0 
2 0 
3 0 
4 0 
5 0 
6 0 
7 0 
8 0 
9 0 
10 0 
11 0 
12 0 
13 0 
14 0 
15 0 
16 0 
17 0 
18 0 
19 0 
20 0 
21 0 
22 0 
23 0 
24 0 
25 0 
26 0 
27 0 
28 0 
29 0 
30 0 
31 0 
32 0 
33 0 
34 0 
35 0 
36 0 
37 0 
38 0 
39 0 
40 0 
41 0 
42 0 
43 0 
44 0 
45 0 
46 0 
47 0 
48 0 
49 0 
50 0 
51 0 
52 0 
53 0 
54 0 
55 0 
56 0 
57 0 
58 0 
59 0 
60 0 
61 0 
62 0 
63 0 
64 0 
65 0 
66 0 
67 0 
68 0 
69 0 
70 0 
71 0 
72 0 
73 0 
74 0 
75 0 
76 0 
77 0 
78 0 
79 0 
80 0 
81 0 
82 0 
83 0 
84 0 
85 0 
86 0 
87 0 
88 0 
89 0 
90 0 
91 0 
92 0 
93 0 
94 0 
95 0 
96 0 
97 0 
98 0 
99 0 
100 0 
101 0 
102 0 
103 0 
104 0 
105 0 
106 0 
107 0 
108 0 
109 0 
110 0 
111 0 
112 0 
113 0 
114 0 
115 0 
116 0 
117 0 
118 0 
119 0 
120 0 
121 0 
122 0 
123 0 
124 0 
125 0 
126 0 
127 0 
128 0 
129 0 
130 0 
131 0 
132 0 
133 0 
134 0 
135 0 
136 0 
137 0 
138 0 
139 0 
140 0 
141 0 
142 0 
143 0 
144 0 
145 0 
146 0 
147 0 
148 0 
149 0 
150 0 
151 0 
152 0 
153 0 
154 0 
155 0 
156 0 
157 0 
158 0 
159 0 
160 0 
161 0 
162 0 
163 0 
164 0 
165 0 
166 0 
167 0 
168 0 
169 0 
170 0 
171 0 
172 0 
173 4 
174 47 
175 222 
176 706 
177 1682 
178 3901 
179 8049 
180 15135 
181 26577 
182 42738 
183 65408 
184 97245 
185 139846 
186 197579 
187 274787 
188 374685 
189 500997 
190 654754 
191 835790 
192 1.0344e+06 
193 1.2562e+06 
194 1.49945e+06 
195 1.73895e+06 
196 1.97126e+06 
197 2.1774e+06 
198 2.3564e+06 
199 2.51593e+06 
200 2.65236e+06 
201 2.76026e+06 
202 2.83289e+06 
203 2.90079e+06 
204 2.96963e+06 
205 3.04286e+06 
206 3.12905e+06 
207 3.24933e+06 
208 3.38217e+06 
209 3.52238e+06 
210 3.68372e+06 
211 3.85727e+06 
212 4.05551e+06 
213 4.26047e+06 
214 4.47367e+06 
215 4.70146e+06 
216 4.95193e+06 
217 5.23042e+06 
218 5.54005e+06 
219 5.83018e+06 
220 6.11746e+06 
221 6.42033e+06 
222 6.71164e+06 
223 7.01017e+06 
224 7.30557e+06 
225 7.59218e+06 
226 7.89616e+06 
227 8.20635e+06 
228 8.54666e+06 
229 8.92975e+06 
230 9.34278e+06 
231 9.77158e+06 
232 1.0194e+07 
233 1.05954e+07 
234 1.09544e+07 
235 1.12876e+07 
236 1.1625e+07 
237 1.20044e+07 
238 1.24001e+07 
239 1.28311e+07 
240 1.33034e+07 
241 1.37965e+07 
242 1.43222e+07 
243 1.49102e+07 
244 1.55083e+07 
245 1.60944e+07 
246 1.66855e+07 
247 1.72712e+07 
248 1.78788e+07 
249 1.84964e+07 
250 1.91148e+07 
251 1.97201e+07 
252 2.02323e+07 
253 2.06671e+07 
254 2.10016e+07 
255 2.12522e+07 
256 2.14044e+07 
257 2.14654e+07 
258 2.14725e+07 
259 2.14866e+07 
260 2.15083e+07 
261 2.15565e+07 
262 2.16318e+07 
263 2.17102e+07 
264 2.18078e+07 
265 2.19251e+07 
266 2.20823e+07 
267 2.2205e+07 
268 2.23079e+07 
269 2.24124e+07 
270 2.25609e+07 
271 2.26916e+07 
272 2.28065e+07 
273 2.28944e+07 
274 2.29523e+07 
275 2.29529e+07 
276 2.29154e+07 
277 2.28596e+07 
278 2.28076e+07 
279 2.27843e+07 
280 2.27914e+07 
281 2.28422e+07 
282 2.29726e+07 
283 2.31227e+07 
284 2.32625e+07 
285 2.33897e+07 
286 2.35035e+07 
287 2.36482e+07 
288 2.38082e+07 
289 2.39689e+07 
290 2.41355e+07 
291 2.42904e+07 
292 2.44051e+07 
293 2.44896e+07 
294 2.45515e+07 
295 2.45421e+07 
296 2.44804e+07 
297 2.44403e+07 
298 2.4439e+07 
299 2.44938e+07 
300 2.46774e+07 
301 2.50115e+07 
302 2.5434e+07 
303 2.59435e+07 
304 2.64763e+07 
305 2.70799e+07 
306 2.77413e+07 
307 2.8392e+07 
308 2.90626e+07 
309 2.9701e+07 
310 3.03788e+07 
311 3.10653e+07 
312 3.17207e+07 
313 3.23952e+07 
314 3.30149e+07 
315 3.35664e+07 
316 3.40383e+07 
317 3.44474e+07 
318 3.48185e+07 
319 3.50838e+07 
320 3.53019e+07 
321 3.54151e+07 
322 3.53687e+07 
323 3.51333e+07 
324 3.47943e+07 
325 3.43744e+07 
326 3.3939e+07 
327 3.35076e+07 
328 3.31132e+07 
329 3.27577e+07 
330 3.23935e+07 
331 3.20806e+07 
332 3.17453e+07 
333 3.14806e+07 
334 3.13371e+07 
335 3.1378e+07 
336 3.16144e+07 
337 3.20403e+07 
338 3.26198e+07 
339 3.33219e+07 
340 3.42452e+07 
341 3.53836e+07 
342 3.6798e+07 
343 3.83713e+07 
344 3.99711e+07 
345 4.16569e+07 
346 4.33669e+07 
347 4.51125e+07 
348 4.69599e+07 
349 4.89139e+07 
350 5.0958e+07 
351 5.30835e+07 
352 5.52689e+07 
353 5.75451e+07 
354 5.98558e+07 
355 6.22322e+07 
356 6.47267e+07 
357 6.73409e+07 
358 7.0082e+07 
359 7.28621e+07 
360 7.5604e+07 
361 7.82833e+07 
362 8.09016e+07 
363 8.34076e+07 
364 8.58359e+07 
365 8.8207e+07 
366 9.0611e+07 
367 9.29844e+07 
368 9.53777e+07 
369 9.7741e+07 
370 1.00175e+08 
371 1.02682e+08 
372 1.05326e+08 
373 1.08052e+08 
374 1.10789e+08 
375 1.13535e+08 
376 1.16156e+08 
377 1.18657e+08 
378 1.20721e+08 
379 1.22478e+08 
380 1.23815e+08 
381 1.24786e+08 
382 1.25377e+08 
383 1.25783e+08 
384 1.2591e+08 
385 1.25739e+08 
386 1.2541e+08 
387 1.2494e+08 
388 1.2448e+08 
389 1.23904e+08 
390 1.23404e+08 
391 1.22989e+08 
392 1.22618e+08 
393 1.22141e+08 
394 1.21504e+08 
395 1.20637e+08 
396 1.19577e+08 
397 1.18623e+08 
398 1.17746e+08 
399 1.16849e+08 
400 1.16e+08 
401 1.15119e+08 
402 1.14199e+08 
403 1.13243e+08 
404 1.12141e+08 
405 1.10784e+08 
406 1.0912e+08 
407 1.07349e+08 
408 1.05495e+08 
409 1.03634e+08 
410 1.01812e+08 
411 1.00008e+08 
412 9.82847e+07 
413 9.66577e+07 
414 9.5154e+07 
415 9.36362e+07 
416 9.21389e+07 
417 9.06093e+07 
418 8.90917e+07 
419 8.76542e+07 
420 8.62935e+07 
421 8.49896e+07 
422 8.37471e+07 
423 8.26313e+07 
424 8.15963e+07 
425 8.06291e+07 
426 7.96536e+07 
427 7.87071e+07 
428 7.77807e+07 
429 7.68463e+07 
430 7.58536e+07 
431 7.48063e+07 
432 7.37514e+07 
433 7.26825e+07 
434 7.16196e+07 
435 7.05487e+07 
436 6.9389e+07 
437 6.81097e+07 
438 6.67564e+07 
439 6.5469e+07 
440 6.43245e+07 
441 6.33497e+07 
442 6.24392e+07 
443 6.15966e+07 
444 6.08238e+07 
445 6.02487e+07 
446 5.98504e+07 
447 5.9557e+07 
448 5.94202e+07 
449 5.94999e+07 
450 5.97042e+07 
451 6.00651e+07 
452 6.05162e+07 
453 6.10141e+07 
454 6.15777e+07 
455 6.22492e+07 
456 6.30817e+07 
457 6.40597e+07 
458 6.50235e+07 
459 6.60005e+07 
460 6.70778e+07 
461 6.80896e+07 
462 6.90139e+07 
463 6.98906e+07 
464 7.07488e+07 
465 7.15001e+07 
466 7.21687e+07 
467 7.26696e+07 
468 7.31082e+07 
469 7.34994e+07 
470 7.37996e+07 
471 7.39913e+07 
472 7.39995e+07 
473 7.39222e+07 
474 7.36387e+07 
475 7.30485e+07 
476 7.22337e+07 
477 7.13342e+07 
478 7.04189e+07 
479 6.95292e+07 
480 6.86913e+07 
481 6.79622e+07 
482 6.73886e+07 
483 6.68937e+07 
484 6.6578e+07 
485 6.63953e+07 
486 6.63721e+07 
487 6.63885e+07 
488 6.64682e+07 
489 6.67067e+07 
490 6.7165e+07 
491 6.77321e+07 
492 6.85173e+07 
493 6.94818e+07 
494 7.0641e+07 
495 7.19502e+07 
496 7.3295e+07 
497 7.46777e+07 
498 7.61822e+07 
499 7.77442e+07 
500 7.94235e+07 
501 8.11496e+07 
502 8.29824e+07 
503 8.47859e+07 
504 8.66666e+07 
505 8.865e+07 
506 9.07301e+07 
507 9.30002e+07 
508 9.53491e+07 
509 9.78189e+07 
510 1.00508e+08 
511 1.03445e+08 
512 1.06483e+08 
513 1.09551e+08 
514 1.12499e+08 
515 1.15263e+08 
516 1.17937e+08 
517 1.20438e+08 
518 1.22715e+08 
519 1.24722e+08 
520 1.26611e+08 
521 1.28217e+08 
522 1.29617e+08 
523 1.30854e+08 
524 1.32058e+08 
525 1.33201e+08 
526 1.34206e+08 
527 1.35008e+08 
528 1.35507e+08 
529 1.35666e+08 
530 1.35424e+08 
531 1.34745e+08 
532 1.33611e+08 
533 1.31896e+08 
534 1.2969e+08 
535 1.26936e+08 
536 1.23608e+08 
537 1.19923e+08 
538 1.15932e+08 
539 1.11871e+08 
540 1.07867e+08 
541 1.03967e+08 
542 1.00056e+08 
543 9.61903e+07 
544 9.23283e+07 
545 8.85116e+07 
546 8.47418e+07 
547 8.1016e+07 
548 7.73441e+07 
549 7.37476e+07 
550 7.01981e+07 
551 6.67785e+07 
552 6.35286e+07 
553 6.04949e+07 
554 5.77068e+07 
555 5.52818e+07 
556 5.32279e+07 
557 5.1597e+07 
558 5.03245e+07 
559 4.94465e+07 
560 4.88531e+07 
561 4.85312e+07 
562 4.8402e+07 
563 4.84633e+07 
564 4.86434e+07 
565 4.89073e+07 
566 4.918e+07 
567 4.94577e+07 
568 4.96995e+07 
569 4.98695e+07 
570 5.00002e+07 
571 5.01676e+07 
572 5.03596e+07 
573 5.06162e+07 
574 5.08584e+07 
575 5.10818e+07 
576 5.12099e+07 
577 5.129e+07 
578 5.12116e+07 
579 5.10316e+07 
580 5.06633e+07 
581 5.01778e+07 
582 4.9603e+07 
583 4.89215e+07 
584 4.81427e+07 
585 4.73226e+07 
586 4.64571e+07 
587 4.55269e+07 
588 4.45028e+07 
589 4.34441e+07 
590 4.23185e+07 
591 4.11956e+07 
592 4.01743e+07 
593 3.92541e+07 
594 3.8504e+07 
595 3.79185e+07 
596 3.74616e+07 
597 3.70242e+07 
598 3.65755e+07 
599 3.60935e+07 
600 3.5612e+07 
601 3.51049e+07 
602 3.45532e+07 
603 3.38568e+07 
604 3.30152e+07 
605 3.20146e+07 
606 3.0876e+07 
607 2.96431e+07 
608 2.82843e+07 
609 2.68676e+07 
610 2.54617e+07 
611 2.40846e+07 
612 2.2756e+07 
613 2.15476e+07 
614 2.05068e+07 
615 1.96017e+07 
616 1.88292e+07 
617 1.81748e+07 
618 1.76135e+07 
619 1.71483e+07 
620 1.6755e+07 
621 1.64048e+07 
622 1.60588e+07 
623 1.5728e+07 
624 1.54005e+07 
625 1.50605e+07 
626 1.47594e+07 
627 1.45089e+07 
628 1.43022e+07 
629 1.41931e+07 
630 1.40881e+07 
631 1.40092e+07 
632 1.39204e+07 
633 1.38543e+07 
634 1.38181e+07 
635 1.38577e+07 
636 1.39364e+07 
637 1.40814e+07 
638 1.42783e+07 
639 1.45396e+07 
640 1.48911e+07 
641 1.53401e+07 
642 1.59015e+07 
643 1.66084e+07 
644 1.74402e+07 
645 1.83489e+07 
646 1.92961e+07 
647 2.02513e+07 
648 2.1169e+07 
649 2.19986e+07 
650 2.27662e+07 
651 2.34833e+07 
652 2.4179e+07 
653 2.48593e+07 
654 2.54793e+07 
655 2.60396e+07 
656 2.64789e+07 
657 2.67786e+07 
658 2.69487e+07 
659 2.70342e+07 
660 2.70184e+07 
661 2.69412e+07 
662 2.67648e+07 
663 2.64847e+07 
664 2.6056e+07 
665 2.54575e+07 
666 2.47201e+07 
667 2.388e+07 
668 2.29593e+07 
669 2.19662e+07 
670 2.08866e+07 
671 1.9682e+07 
672 1.83878e+07 
673 1.70395e+07 
674 1.56926e+07 
675 1.43845e+07 
676 1.3122e+07 
677 1.1954e+07 
678 1.08725e+07 
679 9.88536e+06 
680 8.97381e+06 
681 8.09789e+06 
682 7.25188e+06 
683 6.4412e+06 
684 5.6627e+06 
685 4.92681e+06 
686 4.24702e+06 
687 3.62641e+06 
688 3.08123e+06 
689 2.61318e+06 
690 2.19988e+06 
691 1.83991e+06 
692 1.52851e+06 
693 1.26208e+06 
694 1.03304e+06 
695 831958 
696 663165 
697 519841 
698 393894 
699 293039 
700 209246 
701 141559 
702 96005 
703 65111 
704 45094 
705 31817 
706 20667 
707 12727 
708 7057 
709 3705 
710 2106 
711 1143 
712 658 
713 258 
714 116 
715 15 
716 1 
717 0 
718 0 
719 0 
720 0 
721 0 
722 0 
723 0 
724 0 
725 0 
726 0 
727 0 
728 0 
729 0 
730 0 
731 0 
732 0 
733 0 
734 0 
735 0 
736 0 
737 0 
738 0 
739 0 
740 0 
741 0 
742 0 
743 0 
744 0 
745 0 
746 0 
747 0 
748 0 
749 0 
750 0 
751 0 
752 0 
753 0 
754 0 
755 0 
756 0 
757 0 
758 0 
759 0 
760 0 
761 0 
762 0 
763 0 
764 0 
765 0 
766 0 
767 0 
768 0 
769 0 
770 0 
771 0 
772 0 
773 0 
774 0 
775 0 
776 0 
777 0 
778 0 
779 0 
780 0 
781 0 
782 0 
783 0 
784 0 
785 0 
786 0 
787 0 
788 0 
789 0 
790 0 
791 0 
792 0 
793 0 
794 0 
795 0 
796 0 
797 0 
798 0 
799 0 
