0 0 
1 0 
2 0 
3 0 
4 0 
5 0 
6 0 
7 0 
8 0 
9 0 
10 0 
11 0 
12 0 
13 0 
14 0 
15 0 
16 0 
17 0 
18 0 
19 0 
20 0 
21 0 
22 0 
23 0 
24 0 
25 0 
26 0 
27 0 
28 0 
29 0 
30 0 
31 0 
32 0 
33 0 
34 0 
35 0 
36 0 
37 0 
38 0 
39 0 
40 0 
41 0 
42 0 
43 0 
44 0 
45 0 
46 0 
47 0 
48 0 
49 0 
50 0 
51 0 
52 0 
53 0 
54 0 
55 0 
56 0 
57 0 
58 0 
59 0 
60 0 
61 0 
62 0 
63 0 
64 0 
65 0 
66 0 
67 0 
68 0 
69 0 
70 0 
71 0 
72 0 
73 0 
74 0 
75 0 
76 0 
77 0 
78 0 
79 0 
80 0 
81 0 
82 0 
83 0 
84 0 
85 0 
86 0 
87 0 
88 0 
89 0 
90 0 
91 0 
92 0 
93 0 
94 0 
95 0 
96 0 
97 0 
98 0 
99 0 
100 0 
101 0 
102 0 
103 0 
104 0 
105 0 
106 0 
107 0 
108 0 
109 0 
110 0 
111 0 
112 0 
113 0 
114 0 
115 0 
116 0 
117 0 
118 0 
119 0 
120 0 
121 0 
122 0 
123 0 
124 0 
125 0 
126 0 
127 0 
128 0 
129 0 
130 0 
131 0 
132 0 
133 0 
134 0 
135 0 
136 0 
137 0 
138 0 
139 0 
140 0 
141 0 
142 0 
143 0 
144 0 
145 0 
146 0 
147 0 
148 0 
149 0 
150 0 
151 0 
152 0 
153 0 
154 0 
155 0 
156 0 
157 0 
158 0 
159 0 
160 0 
161 0 
162 0 
163 0 
164 0 
165 0 
166 0 
167 0 
168 0 
169 0 
170 0 
171 0 
172 0 
173 0 
174 0 
175 0 
176 0 
177 0 
178 0 
179 0 
180 0 
181 0 
182 0 
183 0 
184 0 
185 0 
186 0 
187 0 
188 0 
189 0 
190 0 
191 0 
192 0 
193 0 
194 0 
195 0 
196 0 
197 0 
198 0 
199 0 
200 0 
201 0 
202 0 
203 0 
204 0 
205 0 
206 0 
207 0 
208 0 
209 0 
210 0 
211 0 
212 0 
213 0 
214 0 
215 0 
216 0 
217 0 
218 0 
219 0 
220 0 
221 0 
222 0 
223 0 
224 0 
225 0 
226 0 
227 0 
228 0 
229 0 
230 0 
231 0 
232 0 
233 0 
234 0 
235 0 
236 0 
237 0 
238 0 
239 0 
240 0 
241 0 
242 0 
243 0 
244 0 
245 0 
246 0 
247 0 
248 0 
249 0 
250 0 
251 0 
252 0 
253 0 
254 0 
255 0 
256 0 
257 0 
258 0 
259 0 
260 0 
261 0 
262 0 
263 0 
264 0 
265 0 
266 0 
267 0 
268 0 
269 0 
270 0 
271 0 
272 0 
273 0 
274 0 
275 0 
276 0 
277 0 
278 0 
279 0 
280 0 
281 0 
282 0 
283 0 
284 0 
285 0 
286 0 
287 0 
288 0 
289 0 
290 0 
291 0 
292 0 
293 0 
294 0 
295 0 
296 0 
297 0 
298 0 
299 3 
300 121 
301 500 
302 1254 
303 2507 
304 4657 
305 9322 
306 18221 
307 35935 
308 64407 
309 105044 
310 157204 
311 209071 
312 254044 
313 298951 
314 354501 
315 421415 
316 504566 
317 589061 
318 682008 
319 765754 
320 856927 
321 951188 
322 1.04037e+06 
323 1.11306e+06 
324 1.18673e+06 
325 1.25783e+06 
326 1.34285e+06 
327 1.43814e+06 
328 1.5846e+06 
329 1.80918e+06 
330 2.12121e+06 
331 2.5185e+06 
332 2.93887e+06 
333 3.40033e+06 
334 3.86874e+06 
335 4.35816e+06 
336 4.81411e+06 
337 5.28045e+06 
338 5.78381e+06 
339 6.33951e+06 
340 6.97547e+06 
341 7.69797e+06 
342 8.5077e+06 
343 9.38558e+06 
344 1.03033e+07 
345 1.12815e+07 
346 1.23154e+07 
347 1.34694e+07 
348 1.47969e+07 
349 1.63596e+07 
350 1.81362e+07 
351 2.02169e+07 
352 2.26362e+07 
353 2.54477e+07 
354 2.87301e+07 
355 3.24051e+07 
356 3.66067e+07 
357 4.14378e+07 
358 4.6756e+07 
359 5.22913e+07 
360 5.79829e+07 
361 6.38241e+07 
362 6.97885e+07 
363 7.57983e+07 
364 8.1919e+07 
365 8.82194e+07 
366 9.47677e+07 
367 1.01508e+08 
368 1.08544e+08 
369 1.16077e+08 
370 1.24095e+08 
371 1.32648e+08 
372 1.42045e+08 
373 1.52563e+08 
374 1.64134e+08 
375 1.76904e+08 
376 1.90826e+08 
377 2.05897e+08 
378 2.21904e+08 
379 2.39123e+08 
380 2.57315e+08 
381 2.7628e+08 
382 2.95829e+08 
383 3.15912e+08 
384 3.36462e+08 
385 3.57615e+08 
386 3.79554e+08 
387 4.02264e+08 
388 4.25837e+08 
389 4.49776e+08 
390 4.73982e+08 
391 4.98348e+08 
392 5.22651e+08 
393 5.46428e+08 
394 5.69421e+08 
395 5.90634e+08 
396 6.0931e+08 
397 6.25129e+08 
398 6.36964e+08 
399 6.44191e+08 
400 6.46167e+08 
401 6.42108e+08 
402 6.32983e+08 
403 6.19613e+08 
404 6.02703e+08 
405 5.82525e+08 
406 5.59854e+08 
407 5.35613e+08 
408 5.10566e+08 
409 4.84815e+08 
410 4.58363e+08 
411 4.31521e+08 
412 4.04601e+08 
413 3.77922e+08 
414 3.51978e+08 
415 3.26819e+08 
416 3.02749e+08 
417 2.80145e+08 
418 2.5904e+08 
419 2.39429e+08 
420 2.21211e+08 
421 2.04542e+08 
422 1.89624e+08 
423 1.76499e+08 
424 1.65094e+08 
425 1.55043e+08 
426 1.46217e+08 
427 1.38534e+08 
428 1.31941e+08 
429 1.26111e+08 
430 1.20954e+08 
431 1.16363e+08 
432 1.12113e+08 
433 1.08079e+08 
434 1.03884e+08 
435 9.93684e+07 
436 9.43773e+07 
437 8.89634e+07 
438 8.32205e+07 
439 7.73606e+07 
440 7.16662e+07 
441 6.63517e+07 
442 6.14722e+07 
443 5.69442e+07 
444 5.26372e+07 
445 4.85659e+07 
446 4.48003e+07 
447 4.1407e+07 
448 3.83768e+07 
449 3.56084e+07 
450 3.29484e+07 
451 3.04704e+07 
452 2.81104e+07 
453 2.58357e+07 
454 2.37289e+07 
455 2.18608e+07 
456 2.02708e+07 
457 1.89711e+07 
458 1.80298e+07 
459 1.73942e+07 
460 1.69331e+07 
461 1.65579e+07 
462 1.61588e+07 
463 1.57433e+07 
464 1.52742e+07 
465 1.47834e+07 
466 1.42834e+07 
467 1.37816e+07 
468 1.33124e+07 
469 1.28551e+07 
470 1.24671e+07 
471 1.22128e+07 
472 1.20524e+07 
473 1.20044e+07 
474 1.19722e+07 
475 1.19382e+07 
476 1.18758e+07 
477 1.18539e+07 
478 1.18854e+07 
479 1.20225e+07 
480 1.23033e+07 
481 1.27461e+07 
482 1.32909e+07 
483 1.38806e+07 
484 1.44791e+07 
485 1.50805e+07 
486 1.56297e+07 
487 1.60407e+07 
488 1.63329e+07 
489 1.65198e+07 
490 1.65571e+07 
491 1.642e+07 
492 1.61212e+07 
493 1.56123e+07 
494 1.48949e+07 
495 1.39881e+07 
496 1.29845e+07 
497 1.19712e+07 
498 1.0949e+07 
499 9.86852e+06 
500 8.77754e+06 
501 7.73092e+06 
502 6.71754e+06 
503 5.77604e+06 
504 4.94631e+06 
505 4.25723e+06 
506 3.72595e+06 
507 3.29805e+06 
508 2.90862e+06 
509 2.55842e+06 
510 2.25229e+06 
511 1.98814e+06 
512 1.74375e+06 
513 1.51258e+06 
514 1.29027e+06 
515 1.06826e+06 
516 842753 
517 628199 
518 444758 
519 295267 
520 188218 
521 113403 
522 64577 
523 33920 
524 16094 
525 6439 
526 1937 
527 572 
528 149 
529 25 
530 2 
531 0 
532 0 
533 0 
534 0 
535 0 
536 0 
537 0 
538 0 
539 0 
540 0 
541 0 
542 0 
543 0 
544 0 
545 0 
546 0 
547 0 
548 0 
549 0 
550 0 
551 0 
552 0 
553 0 
554 0 
555 0 
556 0 
557 0 
558 0 
559 0 
560 0 
561 0 
562 0 
563 0 
564 0 
565 0 
566 0 
567 0 
568 0 
569 0 
570 0 
571 0 
572 0 
573 0 
574 0 
575 0 
576 0 
577 0 
578 0 
579 0 
580 0 
581 0 
582 0 
583 0 
584 0 
585 0 
586 0 
587 0 
588 0 
589 0 
590 0 
591 0 
592 0 
593 0 
594 0 
595 0 
596 0 
597 0 
598 0 
599 0 
600 0 
601 0 
602 0 
603 0 
604 0 
605 0 
606 0 
607 0 
608 0 
609 0 
610 0 
611 0 
612 0 
613 0 
614 0 
615 0 
616 0 
617 0 
618 0 
619 0 
620 0 
621 0 
622 0 
623 0 
624 0 
625 0 
626 0 
627 0 
628 0 
629 0 
630 0 
631 0 
632 0 
633 0 
634 0 
635 0 
636 0 
637 0 
638 0 
639 0 
640 0 
641 0 
642 0 
643 0 
644 0 
645 0 
646 0 
647 0 
648 0 
649 0 
650 0 
651 0 
652 0 
653 0 
654 0 
655 0 
656 0 
657 0 
658 0 
659 0 
660 0 
661 0 
662 0 
663 0 
664 0 
665 0 
666 0 
667 0 
668 0 
669 0 
670 0 
671 0 
672 0 
673 0 
674 0 
675 0 
676 0 
677 0 
678 0 
679 0 
680 0 
681 0 
682 0 
683 0 
684 0 
685 0 
686 0 
687 0 
688 0 
689 0 
690 0 
691 0 
692 0 
693 0 
694 0 
695 0 
696 0 
697 0 
698 0 
699 0 
700 0 
701 0 
702 0 
703 0 
704 0 
705 0 
706 0 
707 0 
708 0 
709 0 
710 0 
711 0 
712 0 
713 0 
714 0 
715 0 
716 0 
717 0 
718 0 
719 0 
720 0 
721 0 
722 0 
723 0 
724 0 
725 0 
726 0 
727 0 
728 0 
729 0 
730 0 
731 0 
732 0 
733 0 
734 0 
735 0 
736 0 
737 0 
738 0 
739 0 
740 0 
741 0 
742 0 
743 0 
744 0 
745 0 
746 0 
747 0 
748 0 
749 0 
750 0 
751 0 
752 0 
753 0 
754 0 
755 0 
756 0 
757 0 
758 0 
759 0 
760 0 
761 0 
762 0 
763 0 
764 0 
765 0 
766 0 
767 0 
768 0 
769 0 
770 0 
771 0 
772 0 
773 0 
774 0 
775 0 
776 0 
777 0 
778 0 
779 0 
780 0 
781 0 
782 0 
783 0 
784 0 
785 0 
786 0 
787 0 
788 0 
789 0 
790 0 
791 0 
792 0 
793 0 
794 0 
795 0 
796 0 
797 0 
798 0 
799 0 
