0 0 
1 0 
2 0 
3 0 
4 0 
5 0 
6 0 
7 0 
8 0 
9 0 
10 0 
11 0 
12 0 
13 0 
14 0 
15 0 
16 0 
17 0 
18 0 
19 0 
20 0 
21 0 
22 0 
23 0 
24 0 
25 0 
26 0 
27 0 
28 0 
29 0 
30 0 
31 0 
32 0 
33 0 
34 0 
35 0 
36 0 
37 0 
38 0 
39 0 
40 0 
41 0 
42 0 
43 0 
44 0 
45 0 
46 0 
47 0 
48 0 
49 0 
50 0 
51 0 
52 0 
53 0 
54 0 
55 0 
56 0 
57 0 
58 0 
59 0 
60 0 
61 0 
62 0 
63 0 
64 0 
65 0 
66 0 
67 0 
68 0 
69 0 
70 0 
71 0 
72 0 
73 0 
74 0 
75 0 
76 0 
77 0 
78 0 
79 0 
80 0 
81 0 
82 0 
83 0 
84 0 
85 0 
86 0 
87 0 
88 0 
89 0 
90 0 
91 0 
92 0 
93 0 
94 0 
95 0 
96 0 
97 0 
98 0 
99 0 
100 0 
101 0 
102 0 
103 0 
104 0 
105 0 
106 0 
107 0 
108 0 
109 0 
110 0 
111 0 
112 0 
113 0 
114 0 
115 0 
116 0 
117 0 
118 0 
119 0 
120 0 
121 0 
122 0 
123 0 
124 0 
125 0 
126 0 
127 0 
128 0 
129 0 
130 0 
131 0 
132 0 
133 0 
134 0 
135 0 
136 0 
137 0 
138 0 
139 0 
140 0 
141 0 
142 0 
143 0 
144 0 
145 0 
146 0 
147 0 
148 0 
149 0 
150 0 
151 0 
152 0 
153 0 
154 0 
155 0 
156 0 
157 0 
158 0 
159 0 
160 0 
161 0 
162 0 
163 0 
164 0 
165 0 
166 0 
167 0 
168 0 
169 0 
170 0 
171 0 
172 0 
173 0 
174 0 
175 0 
176 0 
177 0 
178 0 
179 0 
180 0 
181 0 
182 0 
183 0 
184 0 
185 0 
186 0 
187 0 
188 0 
189 0 
190 0 
191 0 
192 0 
193 0 
194 0 
195 0 
196 0 
197 0 
198 0 
199 0 
200 0 
201 0 
202 0 
203 0 
204 0 
205 0 
206 0 
207 0 
208 0 
209 0 
210 0 
211 0 
212 0 
213 0 
214 0 
215 0 
216 0 
217 0 
218 0 
219 0 
220 0 
221 0 
222 0 
223 0 
224 0 
225 0 
226 0 
227 0 
228 0 
229 0 
230 0 
231 0 
232 0 
233 0 
234 0 
235 0 
236 0 
237 0 
238 0 
239 0 
240 0 
241 0 
242 0 
243 0 
244 0 
245 0 
246 0 
247 0 
248 0 
249 0 
250 0 
251 0 
252 0 
253 0 
254 0 
255 0 
256 0 
257 0 
258 0 
259 0 
260 0 
261 0 
262 0 
263 0 
264 0 
265 0 
266 0 
267 0 
268 0 
269 0 
270 0 
271 0 
272 0 
273 0 
274 0 
275 0 
276 0 
277 0 
278 0 
279 0 
280 0 
281 0 
282 0 
283 0 
284 0 
285 0 
286 0 
287 0 
288 0 
289 0 
290 0 
291 0 
292 0 
293 0 
294 0 
295 0 
296 0 
297 0 
298 0 
299 0 
300 0 
301 2 
302 8 
303 74 
304 90 
305 148 
306 261 
307 366 
308 523 
309 884 
310 1414 
311 2159 
312 2863 
313 3992 
314 5880 
315 8479 
316 11787 
317 17197 
318 25097 
319 37224 
320 54459 
321 76936 
322 106637 
323 140705 
324 179232 
325 219870 
326 263862 
327 319770 
328 387558 
329 460710 
330 544546 
331 645022 
332 759279 
333 881634 
334 1.01512e+06 
335 1.17334e+06 
336 1.36081e+06 
337 1.57132e+06 
338 1.81819e+06 
339 2.10341e+06 
340 2.44549e+06 
341 2.86316e+06 
342 3.35915e+06 
343 3.95622e+06 
344 4.65716e+06 
345 5.47791e+06 
346 6.42184e+06 
347 7.49389e+06 
348 8.66969e+06 
349 9.95572e+06 
350 1.1386e+07 
351 1.29487e+07 
352 1.47312e+07 
353 1.67251e+07 
354 1.89848e+07 
355 2.15511e+07 
356 2.44089e+07 
357 2.7652e+07 
358 3.12161e+07 
359 3.51638e+07 
360 3.9511e+07 
361 4.42472e+07 
362 4.94389e+07 
363 5.5122e+07 
364 6.12871e+07 
365 6.80058e+07 
366 7.53167e+07 
367 8.32367e+07 
368 9.18651e+07 
369 1.01302e+08 
370 1.11757e+08 
371 1.23145e+08 
372 1.35519e+08 
373 1.48879e+08 
374 1.63344e+08 
375 1.7883e+08 
376 1.95341e+08 
377 2.12851e+08 
378 2.31479e+08 
379 2.51302e+08 
380 2.72296e+08 
381 2.94519e+08 
382 3.17853e+08 
383 3.42023e+08 
384 3.66846e+08 
385 3.921e+08 
386 4.17297e+08 
387 4.4247e+08 
388 4.67502e+08 
389 4.92238e+08 
390 5.16717e+08 
391 5.40654e+08 
392 5.63826e+08 
393 5.85937e+08 
394 6.06402e+08 
395 6.24808e+08 
396 6.40651e+08 
397 6.5334e+08 
398 6.62324e+08 
399 6.67312e+08 
400 6.67948e+08 
401 6.63961e+08 
402 6.55749e+08 
403 6.43434e+08 
404 6.27758e+08 
405 6.09011e+08 
406 5.87728e+08 
407 5.64537e+08 
408 5.39946e+08 
409 5.14336e+08 
410 4.88084e+08 
411 4.61673e+08 
412 4.35099e+08 
413 4.08601e+08 
414 3.824e+08 
415 3.56719e+08 
416 3.31588e+08 
417 3.07399e+08 
418 2.84071e+08 
419 2.62085e+08 
420 2.41556e+08 
421 2.22544e+08 
422 2.05188e+08 
423 1.89445e+08 
424 1.75174e+08 
425 1.62158e+08 
426 1.50195e+08 
427 1.3926e+08 
428 1.29107e+08 
429 1.19693e+08 
430 1.1094e+08 
431 1.02806e+08 
432 9.5192e+07 
433 8.81118e+07 
434 8.14769e+07 
435 7.5327e+07 
436 6.95573e+07 
437 6.41336e+07 
438 5.91008e+07 
439 5.44201e+07 
440 5.00204e+07 
441 4.59562e+07 
442 4.22106e+07 
443 3.87835e+07 
444 3.56572e+07 
445 3.28293e+07 
446 3.03265e+07 
447 2.81485e+07 
448 2.62608e+07 
449 2.45677e+07 
450 2.3009e+07 
451 2.15463e+07 
452 2.01717e+07 
453 1.88237e+07 
454 1.74772e+07 
455 1.61336e+07 
456 1.48363e+07 
457 1.36003e+07 
458 1.23977e+07 
459 1.1249e+07 
460 1.01908e+07 
461 9.17609e+06 
462 8.22433e+06 
463 7.35023e+06 
464 6.5809e+06 
465 5.92024e+06 
466 5.38715e+06 
467 4.97504e+06 
468 4.68208e+06 
469 4.49021e+06 
470 4.42472e+06 
471 4.44512e+06 
472 4.53053e+06 
473 4.64342e+06 
474 4.7518e+06 
475 4.86632e+06 
476 4.9372e+06 
477 4.95612e+06 
478 4.91249e+06 
479 4.82831e+06 
480 4.69324e+06 
481 4.518e+06 
482 4.30976e+06 
483 4.07903e+06 
484 3.83673e+06 
485 3.60509e+06 
486 3.36144e+06 
487 3.11194e+06 
488 2.85798e+06 
489 2.62252e+06 
490 2.42653e+06 
491 2.25704e+06 
492 2.11204e+06 
493 1.97302e+06 
494 1.83953e+06 
495 1.71517e+06 
496 1.59395e+06 
497 1.46821e+06 
498 1.33236e+06 
499 1.19235e+06 
500 1.05839e+06 
501 930199 
502 811810 
503 692713 
504 583373 
505 483523 
506 398444 
507 321354 
508 251883 
509 189842 
510 139249 
511 98244 
512 65423 
513 42440 
514 27799 
515 18110 
516 11540 
517 7191 
518 4069 
519 1980 
520 914 
521 241 
522 68 
523 2 
524 2 
525 0 
526 0 
527 0 
528 0 
529 0 
530 0 
531 0 
532 0 
533 0 
534 0 
535 0 
536 0 
537 0 
538 0 
539 0 
540 0 
541 0 
542 0 
543 0 
544 0 
545 0 
546 0 
547 0 
548 0 
549 0 
550 0 
551 0 
552 0 
553 0 
554 0 
555 0 
556 0 
557 0 
558 0 
559 0 
560 0 
561 0 
562 0 
563 0 
564 0 
565 0 
566 0 
567 0 
568 0 
569 0 
570 0 
571 0 
572 0 
573 0 
574 0 
575 0 
576 0 
577 0 
578 0 
579 0 
580 0 
581 0 
582 0 
583 0 
584 0 
585 0 
586 0 
587 0 
588 0 
589 0 
590 0 
591 0 
592 0 
593 0 
594 0 
595 0 
596 0 
597 0 
598 0 
599 0 
600 0 
601 0 
602 0 
603 0 
604 0 
605 0 
606 0 
607 0 
608 0 
609 0 
610 0 
611 0 
612 0 
613 0 
614 0 
615 0 
616 0 
617 0 
618 0 
619 0 
620 0 
621 0 
622 0 
623 0 
624 0 
625 0 
626 0 
627 0 
628 0 
629 0 
630 0 
631 0 
632 0 
633 0 
634 0 
635 0 
636 0 
637 0 
638 0 
639 0 
640 0 
641 0 
642 0 
643 0 
644 0 
645 0 
646 0 
647 0 
648 0 
649 0 
650 0 
651 0 
652 0 
653 0 
654 0 
655 0 
656 0 
657 0 
658 0 
659 0 
660 0 
661 0 
662 0 
663 0 
664 0 
665 0 
666 0 
667 0 
668 0 
669 0 
670 0 
671 0 
672 0 
673 0 
674 0 
675 0 
676 0 
677 0 
678 0 
679 0 
680 0 
681 0 
682 0 
683 0 
684 0 
685 0 
686 0 
687 0 
688 0 
689 0 
690 0 
691 0 
692 0 
693 0 
694 0 
695 0 
696 0 
697 0 
698 0 
699 0 
700 0 
701 0 
702 0 
703 0 
704 0 
705 0 
706 0 
707 0 
708 0 
709 0 
710 0 
711 0 
712 0 
713 0 
714 0 
715 0 
716 0 
717 0 
718 0 
719 0 
720 0 
721 0 
722 0 
723 0 
724 0 
725 0 
726 0 
727 0 
728 0 
729 0 
730 0 
731 0 
732 0 
733 0 
734 0 
735 0 
736 0 
737 0 
738 0 
739 0 
740 0 
741 0 
742 0 
743 0 
744 0 
745 0 
746 0 
747 0 
748 0 
749 0 
750 0 
751 0 
752 0 
753 0 
754 0 
755 0 
756 0 
757 0 
758 0 
759 0 
760 0 
761 0 
762 0 
763 0 
764 0 
765 0 
766 0 
767 0 
768 0 
769 0 
770 0 
771 0 
772 0 
773 0 
774 0 
775 0 
776 0 
777 0 
778 0 
779 0 
780 0 
781 0 
782 0 
783 0 
784 0 
785 0 
786 0 
787 0 
788 0 
789 0 
790 0 
791 0 
792 0 
793 0 
794 0 
795 0 
796 0 
797 0 
798 0 
799 0 
