0 0 
1 0 
2 0 
3 0 
4 0 
5 0 
6 0 
7 0 
8 0 
9 0 
10 0 
11 0 
12 0 
13 0 
14 0 
15 0 
16 0 
17 0 
18 0 
19 0 
20 0 
21 0 
22 0 
23 0 
24 0 
25 0 
26 0 
27 0 
28 0 
29 0 
30 0 
31 0 
32 0 
33 0 
34 0 
35 0 
36 0 
37 0 
38 0 
39 0 
40 0 
41 0 
42 0 
43 0 
44 0 
45 0 
46 0 
47 0 
48 0 
49 0 
50 0 
51 0 
52 0 
53 0 
54 0 
55 0 
56 0 
57 0 
58 0 
59 0 
60 0 
61 0 
62 0 
63 0 
64 0 
65 0 
66 0 
67 0 
68 0 
69 0 
70 0 
71 0 
72 0 
73 0 
74 0 
75 0 
76 0 
77 0 
78 0 
79 0 
80 0 
81 0 
82 0 
83 0 
84 0 
85 0 
86 0 
87 0 
88 0 
89 0 
90 0 
91 0 
92 0 
93 0 
94 0 
95 0 
96 0 
97 0 
98 0 
99 0 
100 0 
101 0 
102 0 
103 0 
104 0 
105 0 
106 0 
107 0 
108 0 
109 0 
110 0 
111 0 
112 0 
113 0 
114 0 
115 0 
116 0 
117 0 
118 0 
119 0 
120 0 
121 0 
122 0 
123 0 
124 0 
125 0 
126 0 
127 0 
128 0 
129 0 
130 0 
131 0 
132 0 
133 0 
134 0 
135 0 
136 0 
137 0 
138 0 
139 0 
140 0 
141 0 
142 0 
143 0 
144 0 
145 0 
146 0 
147 0 
148 0 
149 0 
150 0 
151 0 
152 0 
153 0 
154 0 
155 0 
156 0 
157 0 
158 0 
159 0 
160 0 
161 0 
162 0 
163 0 
164 0 
165 0 
166 0 
167 0 
168 0 
169 0 
170 0 
171 0 
172 0 
173 0 
174 0 
175 0 
176 0 
177 0 
178 0 
179 0 
180 0 
181 0 
182 0 
183 0 
184 0 
185 0 
186 0 
187 0 
188 0 
189 0 
190 0 
191 0 
192 0 
193 0 
194 0 
195 0 
196 0 
197 0 
198 0 
199 0 
200 0 
201 0 
202 0 
203 0 
204 0 
205 0 
206 0 
207 0 
208 0 
209 0 
210 0 
211 0 
212 0 
213 0 
214 0 
215 0 
216 0 
217 0 
218 0 
219 0 
220 0 
221 0 
222 0 
223 0 
224 0 
225 0 
226 0 
227 0 
228 0 
229 0 
230 0 
231 0 
232 0 
233 0 
234 0 
235 0 
236 0 
237 0 
238 0 
239 0 
240 0 
241 0 
242 0 
243 0 
244 0 
245 0 
246 0 
247 0 
248 0 
249 0 
250 0 
251 0 
252 0 
253 0 
254 0 
255 0 
256 0 
257 0 
258 0 
259 0 
260 0 
261 0 
262 0 
263 0 
264 0 
265 0 
266 0 
267 0 
268 0 
269 0 
270 0 
271 0 
272 0 
273 0 
274 0 
275 0 
276 0 
277 0 
278 0 
279 0 
280 0 
281 0 
282 0 
283 0 
284 0 
285 0 
286 0 
287 0 
288 0 
289 0 
290 0 
291 0 
292 0 
293 0 
294 0 
295 0 
296 0 
297 0 
298 0 
299 0 
300 0 
301 0 
302 0 
303 0 
304 0 
305 0 
306 0 
307 0 
308 0 
309 0 
310 0 
311 0 
312 0 
313 0 
314 0 
315 0 
316 0 
317 0 
318 0 
319 0 
320 0 
321 21 
322 268 
323 2026 
324 8977 
325 22322 
326 38453 
327 61234 
328 112706 
329 233472 
330 467675 
331 820230 
332 1.273e+06 
333 1.79792e+06 
334 2.38212e+06 
335 3.01553e+06 
336 3.68424e+06 
337 4.36215e+06 
338 5.15358e+06 
339 6.13926e+06 
340 7.26909e+06 
341 8.33348e+06 
342 9.24079e+06 
343 9.86804e+06 
344 1.02305e+07 
345 1.02797e+07 
346 1.00409e+07 
347 9.58135e+06 
348 9.10251e+06 
349 8.89612e+06 
350 9.08436e+06 
351 9.69047e+06 
352 1.05757e+07 
353 1.16742e+07 
354 1.30592e+07 
355 1.47063e+07 
356 1.65316e+07 
357 1.8564e+07 
358 2.09318e+07 
359 2.37993e+07 
360 2.72179e+07 
361 3.13595e+07 
362 3.61069e+07 
363 4.14986e+07 
364 4.7085e+07 
365 5.24619e+07 
366 5.74451e+07 
367 6.23697e+07 
368 6.79173e+07 
369 7.44136e+07 
370 8.22904e+07 
371 9.20008e+07 
372 1.03419e+08 
373 1.16093e+08 
374 1.29797e+08 
375 1.44051e+08 
376 1.58439e+08 
377 1.72597e+08 
378 1.86808e+08 
379 2.0109e+08 
380 2.15835e+08 
381 2.31295e+08 
382 2.47557e+08 
383 2.65277e+08 
384 2.84963e+08 
385 3.06811e+08 
386 3.31364e+08 
387 3.58879e+08 
388 3.9088e+08 
389 4.28155e+08 
390 4.70865e+08 
391 5.19084e+08 
392 5.72045e+08 
393 6.27673e+08 
394 6.8478e+08 
395 7.41378e+08 
396 7.95713e+08 
397 8.45657e+08 
398 8.88088e+08 
399 9.19193e+08 
400 9.35102e+08 
401 9.31241e+08 
402 9.10188e+08 
403 8.76658e+08 
404 8.33125e+08 
405 7.82453e+08 
406 7.27422e+08 
407 6.71446e+08 
408 6.1585e+08 
409 5.62272e+08 
410 5.12737e+08 
411 4.67481e+08 
412 4.26289e+08 
413 3.88623e+08 
414 3.52831e+08 
415 3.1865e+08 
416 2.86801e+08 
417 2.57709e+08 
418 2.31575e+08 
419 2.08676e+08 
420 1.88951e+08 
421 1.71393e+08 
422 1.55602e+08 
423 1.41546e+08 
424 1.28906e+08 
425 1.1713e+08 
426 1.05669e+08 
427 9.48053e+07 
428 8.44475e+07 
429 7.46851e+07 
430 6.55247e+07 
431 5.71374e+07 
432 4.99502e+07 
433 4.4024e+07 
434 3.90994e+07 
435 3.47881e+07 
436 3.09722e+07 
437 2.76982e+07 
438 2.48827e+07 
439 2.26461e+07 
440 2.09558e+07 
441 1.95169e+07 
442 1.82412e+07 
443 1.7222e+07 
444 1.62922e+07 
445 1.54224e+07 
446 1.46733e+07 
447 1.39697e+07 
448 1.32695e+07 
449 1.25398e+07 
450 1.19431e+07 
451 1.16606e+07 
452 1.15013e+07 
453 1.13966e+07 
454 1.12185e+07 
455 1.08693e+07 
456 1.0411e+07 
457 9.9711e+06 
458 9.63051e+06 
459 9.43772e+06 
460 9.28774e+06 
461 9.13845e+06 
462 8.85447e+06 
463 8.38655e+06 
464 7.73019e+06 
465 7.02188e+06 
466 6.2736e+06 
467 5.61356e+06 
468 5.00008e+06 
469 4.41843e+06 
470 3.89539e+06 
471 3.4764e+06 
472 3.1403e+06 
473 2.78115e+06 
474 2.31626e+06 
475 1.75819e+06 
476 1.21553e+06 
477 751123 
478 427016 
479 213808 
480 98162 
481 45930 
482 22440 
483 10844 
484 3845 
485 786 
486 32 
487 0 
488 0 
489 0 
490 0 
491 0 
492 0 
493 0 
494 0 
495 0 
496 0 
497 0 
498 0 
499 0 
500 0 
501 0 
502 0 
503 0 
504 0 
505 0 
506 0 
507 0 
508 0 
509 0 
510 0 
511 0 
512 0 
513 0 
514 0 
515 0 
516 0 
517 0 
518 0 
519 0 
520 0 
521 0 
522 0 
523 0 
524 0 
525 0 
526 0 
527 0 
528 0 
529 0 
530 0 
531 0 
532 0 
533 0 
534 0 
535 0 
536 0 
537 0 
538 0 
539 0 
540 0 
541 0 
542 0 
543 0 
544 0 
545 0 
546 0 
547 0 
548 0 
549 0 
550 0 
551 0 
552 0 
553 0 
554 0 
555 0 
556 0 
557 0 
558 0 
559 0 
560 0 
561 0 
562 0 
563 0 
564 0 
565 0 
566 0 
567 0 
568 0 
569 0 
570 0 
571 0 
572 0 
573 0 
574 0 
575 0 
576 0 
577 0 
578 0 
579 0 
580 0 
581 0 
582 0 
583 0 
584 0 
585 0 
586 0 
587 0 
588 0 
589 0 
590 0 
591 0 
592 0 
593 0 
594 0 
595 0 
596 0 
597 0 
598 0 
599 0 
600 0 
601 0 
602 0 
603 0 
604 0 
605 0 
606 0 
607 0 
608 0 
609 0 
610 0 
611 0 
612 0 
613 0 
614 0 
615 0 
616 0 
617 0 
618 0 
619 0 
620 0 
621 0 
622 0 
623 0 
624 0 
625 0 
626 0 
627 0 
628 0 
629 0 
630 0 
631 0 
632 0 
633 0 
634 0 
635 0 
636 0 
637 0 
638 0 
639 0 
640 0 
641 0 
642 0 
643 0 
644 0 
645 0 
646 0 
647 0 
648 0 
649 0 
650 0 
651 0 
652 0 
653 0 
654 0 
655 0 
656 0 
657 0 
658 0 
659 0 
660 0 
661 0 
662 0 
663 0 
664 0 
665 0 
666 0 
667 0 
668 0 
669 0 
670 0 
671 0 
672 0 
673 0 
674 0 
675 0 
676 0 
677 0 
678 0 
679 0 
680 0 
681 0 
682 0 
683 0 
684 0 
685 0 
686 0 
687 0 
688 0 
689 0 
690 0 
691 0 
692 0 
693 0 
694 0 
695 0 
696 0 
697 0 
698 0 
699 0 
700 0 
701 0 
702 0 
703 0 
704 0 
705 0 
706 0 
707 0 
708 0 
709 0 
710 0 
711 0 
712 0 
713 0 
714 0 
715 0 
716 0 
717 0 
718 0 
719 0 
720 0 
721 0 
722 0 
723 0 
724 0 
725 0 
726 0 
727 0 
728 0 
729 0 
730 0 
731 0 
732 0 
733 0 
734 0 
735 0 
736 0 
737 0 
738 0 
739 0 
740 0 
741 0 
742 0 
743 0 
744 0 
745 0 
746 0 
747 0 
748 0 
749 0 
750 0 
751 0 
752 0 
753 0 
754 0 
755 0 
756 0 
757 0 
758 0 
759 0 
760 0 
761 0 
762 0 
763 0 
764 0 
765 0 
766 0 
767 0 
768 0 
769 0 
770 0 
771 0 
772 0 
773 0 
774 0 
775 0 
776 0 
777 0 
778 0 
779 0 
780 0 
781 0 
782 0 
783 0 
784 0 
785 0 
786 0 
787 0 
788 0 
789 0 
790 0 
791 0 
792 0 
793 0 
794 0 
795 0 
796 0 
797 0 
798 0 
799 0 
