0 0 
1 320538 
2 911432 
3 1.84241e+06 
4 3.08615e+06 
5 4.62869e+06 
6 6.43819e+06 
7 8.48813e+06 
8 1.07737e+07 
9 1.32269e+07 
10 1.584e+07 
11 1.85594e+07 
12 2.12641e+07 
13 2.38051e+07 
14 2.61636e+07 
15 2.82553e+07 
16 3.00806e+07 
17 3.16523e+07 
18 3.29981e+07 
19 3.4049e+07 
20 3.48683e+07 
21 3.54117e+07 
22 3.56699e+07 
23 3.56519e+07 
24 3.54676e+07 
25 3.51542e+07 
26 3.47069e+07 
27 3.41856e+07 
28 3.36708e+07 
29 3.3148e+07 
30 3.26581e+07 
31 3.21955e+07 
32 3.17296e+07 
33 3.13542e+07 
34 3.10758e+07 
35 3.09061e+07 
36 3.08093e+07 
37 3.07239e+07 
38 3.07644e+07 
39 3.09533e+07 
40 3.12609e+07 
41 3.16015e+07 
42 3.18947e+07 
43 3.20885e+07 
44 3.2227e+07 
45 3.23019e+07 
46 3.22379e+07 
47 3.20953e+07 
48 3.19206e+07 
49 3.16814e+07 
50 3.13623e+07 
51 3.08691e+07 
52 3.02065e+07 
53 2.93461e+07 
54 2.83915e+07 
55 2.73402e+07 
56 2.63024e+07 
57 2.52409e+07 
58 2.41499e+07 
59 2.31066e+07 
60 2.21222e+07 
61 2.11831e+07 
62 2.03077e+07 
63 1.95807e+07 
64 1.89587e+07 
65 1.84128e+07 
66 1.79413e+07 
67 1.74741e+07 
68 1.69928e+07 
69 1.65177e+07 
70 1.60671e+07 
71 1.56385e+07 
72 1.52473e+07 
73 1.49058e+07 
74 1.4613e+07 
75 1.43125e+07 
76 1.40332e+07 
77 1.37263e+07 
78 1.3415e+07 
79 1.30978e+07 
80 1.27971e+07 
81 1.25238e+07 
82 1.23673e+07 
83 1.23307e+07 
84 1.24384e+07 
85 1.26551e+07 
86 1.30024e+07 
87 1.34599e+07 
88 1.39635e+07 
89 1.45346e+07 
90 1.51371e+07 
91 1.58762e+07 
92 1.6717e+07 
93 1.77108e+07 
94 1.88576e+07 
95 2.01124e+07 
96 2.13837e+07 
97 2.26776e+07 
98 2.39634e+07 
99 2.52912e+07 
100 2.66459e+07 
101 2.79928e+07 
102 2.93443e+07 
103 3.06895e+07 
104 3.2008e+07 
105 3.32261e+07 
106 3.42932e+07 
107 3.52117e+07 
108 3.59627e+07 
109 3.65108e+07 
110 3.68571e+07 
111 3.70639e+07 
112 3.71897e+07 
113 3.72756e+07 
114 3.73173e+07 
115 3.73304e+07 
116 3.73186e+07 
117 3.733e+07 
118 3.72728e+07 
119 3.71319e+07 
120 3.70352e+07 
121 3.70072e+07 
122 3.69544e+07 
123 3.68253e+07 
124 3.65585e+07 
125 3.61912e+07 
126 3.58303e+07 
127 3.54023e+07 
128 3.49495e+07 
129 3.46114e+07 
130 3.43567e+07 
131 3.41676e+07 
132 3.40706e+07 
133 3.40262e+07 
134 3.4019e+07 
135 3.41234e+07 
136 3.42775e+07 
137 3.45558e+07 
138 3.49457e+07 
139 3.54658e+07 
140 3.61094e+07 
141 3.69021e+07 
142 3.78586e+07 
143 3.88848e+07 
144 3.98628e+07 
145 4.06616e+07 
146 4.12371e+07 
147 4.16185e+07 
148 4.18677e+07 
149 4.19789e+07 
150 4.19284e+07 
151 4.17279e+07 
152 4.13078e+07 
153 4.07044e+07 
154 3.9947e+07 
155 3.90783e+07 
156 3.81627e+07 
157 3.72018e+07 
158 3.62045e+07 
159 3.51726e+07 
160 3.4189e+07 
161 3.32561e+07 
162 3.2372e+07 
163 3.15635e+07 
164 3.08862e+07 
165 3.03611e+07 
166 2.99136e+07 
167 2.94624e+07 
168 2.89254e+07 
169 2.82727e+07 
170 2.75255e+07 
171 2.66693e+07 
172 2.56598e+07 
173 2.44841e+07 
174 2.31632e+07 
175 2.17264e+07 
176 2.0256e+07 
177 1.87838e+07 
178 1.72981e+07 
179 1.58578e+07 
180 1.44947e+07 
181 1.32424e+07 
182 1.20741e+07 
183 1.1023e+07 
184 1.01105e+07 
185 9.35084e+06 
186 8.74314e+06 
187 8.33498e+06 
188 8.04642e+06 
189 7.86081e+06 
190 7.80112e+06 
191 7.86113e+06 
192 8.00925e+06 
193 8.23202e+06 
194 8.52267e+06 
195 8.88452e+06 
196 9.28847e+06 
197 9.79213e+06 
198 1.03965e+07 
199 1.10977e+07 
200 1.18407e+07 
201 1.26381e+07 
202 1.34666e+07 
203 1.43536e+07 
204 1.52867e+07 
205 1.62508e+07 
206 1.72864e+07 
207 1.83116e+07 
208 1.92718e+07 
209 2.01365e+07 
210 2.09377e+07 
211 2.17273e+07 
212 2.24886e+07 
213 2.32047e+07 
214 2.38703e+07 
215 2.44678e+07 
216 2.50337e+07 
217 2.55685e+07 
218 2.61481e+07 
219 2.68317e+07 
220 2.76027e+07 
221 2.84508e+07 
222 2.9372e+07 
223 3.02273e+07 
224 3.09286e+07 
225 3.16328e+07 
226 3.2378e+07 
227 3.31769e+07 
228 3.40345e+07 
229 3.49068e+07 
230 3.58143e+07 
231 3.67627e+07 
232 3.77604e+07 
233 3.88358e+07 
234 4.00401e+07 
235 4.14335e+07 
236 4.29388e+07 
237 4.45155e+07 
238 4.62429e+07 
239 4.81636e+07 
240 5.02583e+07 
241 5.25568e+07 
242 5.49458e+07 
243 5.73947e+07 
244 5.97568e+07 
245 6.20924e+07 
246 6.42288e+07 
247 6.61927e+07 
248 6.79934e+07 
249 6.97661e+07 
250 7.1543e+07 
251 7.32039e+07 
252 7.47859e+07 
253 7.63108e+07 
254 7.76984e+07 
255 7.91387e+07 
256 8.04211e+07 
257 8.15398e+07 
258 8.248e+07 
259 8.334e+07 
260 8.4087e+07 
261 8.46689e+07 
262 8.5026e+07 
263 8.51883e+07 
264 8.5261e+07 
265 8.5129e+07 
266 8.48741e+07 
267 8.45023e+07 
268 8.38957e+07 
269 8.32274e+07 
270 8.24616e+07 
271 8.16928e+07 
272 8.08358e+07 
273 8.00111e+07 
274 7.92704e+07 
275 7.8639e+07 
276 7.80473e+07 
277 7.75644e+07 
278 7.72013e+07 
279 7.68193e+07 
280 7.64186e+07 
281 7.60109e+07 
282 7.56054e+07 
283 7.51573e+07 
284 7.45957e+07 
285 7.40096e+07 
286 7.3433e+07 
287 7.2855e+07 
288 7.22663e+07 
289 7.18158e+07 
290 7.15707e+07 
291 7.14339e+07 
292 7.13137e+07 
293 7.12534e+07 
294 7.11708e+07 
295 7.11746e+07 
296 7.11599e+07 
297 7.11387e+07 
298 7.11672e+07 
299 7.13398e+07 
300 7.17306e+07 
301 7.22262e+07 
302 7.28122e+07 
303 7.33494e+07 
304 7.38535e+07 
305 7.42536e+07 
306 7.46622e+07 
307 7.50359e+07 
308 7.52156e+07 
309 7.53401e+07 
310 7.54205e+07 
311 7.53934e+07 
312 7.51545e+07 
313 7.46323e+07 
314 7.37736e+07 
315 7.25363e+07 
316 7.10083e+07 
317 6.93175e+07 
318 6.75669e+07 
319 6.57159e+07 
320 6.37446e+07 
321 6.15779e+07 
322 5.92232e+07 
323 5.6695e+07 
324 5.41164e+07 
325 5.15003e+07 
326 4.88878e+07 
327 4.62902e+07 
328 4.37665e+07 
329 4.12939e+07 
330 3.88885e+07 
331 3.65721e+07 
332 3.4376e+07 
333 3.23915e+07 
334 3.06297e+07 
335 2.91414e+07 
336 2.78382e+07 
337 2.67089e+07 
338 2.56892e+07 
339 2.48026e+07 
340 2.40353e+07 
341 2.33444e+07 
342 2.26916e+07 
343 2.20621e+07 
344 2.14556e+07 
345 2.08862e+07 
346 2.03978e+07 
347 1.99968e+07 
348 1.96532e+07 
349 1.93033e+07 
350 1.8968e+07 
351 1.863e+07 
352 1.82209e+07 
353 1.77734e+07 
354 1.73365e+07 
355 1.69562e+07 
356 1.66216e+07 
357 1.63891e+07 
358 1.61454e+07 
359 1.59152e+07 
360 1.56358e+07 
361 1.53241e+07 
362 1.50249e+07 
363 1.47714e+07 
364 1.45516e+07 
365 1.43697e+07 
366 1.42117e+07 
367 1.40995e+07 
368 1.40473e+07 
369 1.41168e+07 
370 1.43671e+07 
371 1.47192e+07 
372 1.51399e+07 
373 1.56159e+07 
374 1.61332e+07 
375 1.66784e+07 
376 1.72538e+07 
377 1.77961e+07 
378 1.83427e+07 
379 1.8843e+07 
380 1.93716e+07 
381 1.98908e+07 
382 2.04434e+07 
383 2.09332e+07 
384 2.13686e+07 
385 2.16458e+07 
386 2.17564e+07 
387 2.17317e+07 
388 2.15344e+07 
389 2.11696e+07 
390 2.07162e+07 
391 2.02532e+07 
392 1.98061e+07 
393 1.94529e+07 
394 1.92338e+07 
395 1.91623e+07 
396 1.91231e+07 
397 1.91361e+07 
398 1.92255e+07 
399 1.94145e+07 
400 1.96144e+07 
401 1.98892e+07 
402 2.02848e+07 
403 2.08081e+07 
404 2.136e+07 
405 2.19557e+07 
406 2.26138e+07 
407 2.33218e+07 
408 2.40428e+07 
409 2.47961e+07 
410 2.55983e+07 
411 2.64969e+07 
412 2.73851e+07 
413 2.82161e+07 
414 2.89504e+07 
415 2.95901e+07 
416 3.00865e+07 
417 3.047e+07 
418 3.07579e+07 
419 3.09803e+07 
420 3.11387e+07 
421 3.131e+07 
422 3.14808e+07 
423 3.1812e+07 
424 3.22282e+07 
425 3.28114e+07 
426 3.35489e+07 
427 3.43022e+07 
428 3.5129e+07 
429 3.59968e+07 
430 3.68502e+07 
431 3.75417e+07 
432 3.8098e+07 
433 3.85845e+07 
434 3.91096e+07 
435 3.97553e+07 
436 4.03992e+07 
437 4.10234e+07 
438 4.14709e+07 
439 4.18248e+07 
440 4.20569e+07 
441 4.20783e+07 
442 4.19701e+07 
443 4.18068e+07 
444 4.1567e+07 
445 4.12652e+07 
446 4.09731e+07 
447 4.07139e+07 
448 4.05314e+07 
449 4.03491e+07 
450 4.01403e+07 
451 3.98472e+07 
452 3.95873e+07 
453 3.93257e+07 
454 3.90034e+07 
455 3.86275e+07 
456 3.81682e+07 
457 3.76234e+07 
458 3.70789e+07 
459 3.65885e+07 
460 3.61667e+07 
461 3.57859e+07 
462 3.53915e+07 
463 3.50249e+07 
464 3.47785e+07 
465 3.4717e+07 
466 3.47784e+07 
467 3.49692e+07 
468 3.51712e+07 
469 3.53362e+07 
470 3.5457e+07 
471 3.55042e+07 
472 3.5423e+07 
473 3.52778e+07 
474 3.5037e+07 
475 3.4728e+07 
476 3.43439e+07 
477 3.38281e+07 
478 3.32053e+07 
479 3.23884e+07 
480 3.13665e+07 
481 3.02901e+07 
482 2.9206e+07 
483 2.81535e+07 
484 2.71455e+07 
485 2.62029e+07 
486 2.53807e+07 
487 2.46952e+07 
488 2.40488e+07 
489 2.34471e+07 
490 2.28785e+07 
491 2.23823e+07 
492 2.19162e+07 
493 2.14546e+07 
494 2.09878e+07 
495 2.05299e+07 
496 2.00915e+07 
497 1.97313e+07 
498 1.94557e+07 
499 1.93343e+07 
500 1.93312e+07 
501 1.94508e+07 
502 1.96334e+07 
503 1.98515e+07 
504 2.01171e+07 
505 2.05049e+07 
506 2.1007e+07 
507 2.16294e+07 
508 2.23275e+07 
509 2.31508e+07 
510 2.40569e+07 
511 2.49405e+07 
512 2.57876e+07 
513 2.66197e+07 
514 2.74234e+07 
515 2.82319e+07 
516 2.89663e+07 
517 2.96042e+07 
518 3.01038e+07 
519 3.05159e+07 
520 3.07684e+07 
521 3.08826e+07 
522 3.07715e+07 
523 3.05382e+07 
524 3.03059e+07 
525 3.00642e+07 
526 2.98117e+07 
527 2.95653e+07 
528 2.93829e+07 
529 2.93204e+07 
530 2.93215e+07 
531 2.93075e+07 
532 2.92145e+07 
533 2.91219e+07 
534 2.89102e+07 
535 2.86753e+07 
536 2.83718e+07 
537 2.80399e+07 
538 2.76682e+07 
539 2.72251e+07 
540 2.67099e+07 
541 2.6123e+07 
542 2.5465e+07 
543 2.47033e+07 
544 2.3948e+07 
545 2.3167e+07 
546 2.23298e+07 
547 2.15315e+07 
548 2.08069e+07 
549 2.0197e+07 
550 1.97779e+07 
551 1.95243e+07 
552 1.93955e+07 
553 1.93526e+07 
554 1.93717e+07 
555 1.94356e+07 
556 1.9479e+07 
557 1.94541e+07 
558 1.93949e+07 
559 1.93442e+07 
560 1.93434e+07 
561 1.94792e+07 
562 1.96819e+07 
563 1.9934e+07 
564 2.0173e+07 
565 2.04273e+07 
566 2.07309e+07 
567 2.11399e+07 
568 2.16527e+07 
569 2.22689e+07 
570 2.29753e+07 
571 2.37588e+07 
572 2.45528e+07 
573 2.53303e+07 
574 2.61467e+07 
575 2.70175e+07 
576 2.79609e+07 
577 2.90726e+07 
578 3.03532e+07 
579 3.17518e+07 
580 3.31614e+07 
581 3.44142e+07 
582 3.55613e+07 
583 3.65847e+07 
584 3.74461e+07 
585 3.81916e+07 
586 3.87658e+07 
587 3.91726e+07 
588 3.94079e+07 
589 3.95319e+07 
590 3.95786e+07 
591 3.95933e+07 
592 3.95588e+07 
593 3.9481e+07 
594 3.93189e+07 
595 3.91008e+07 
596 3.87734e+07 
597 3.82623e+07 
598 3.76356e+07 
599 3.69059e+07 
600 3.61633e+07 
601 3.54891e+07 
602 3.48163e+07 
603 3.416e+07 
604 3.34513e+07 
605 3.26184e+07 
606 3.15954e+07 
607 3.05382e+07 
608 2.94302e+07 
609 2.83281e+07 
610 2.72704e+07 
611 2.62901e+07 
612 2.54613e+07 
613 2.47109e+07 
614 2.39998e+07 
615 2.3358e+07 
616 2.28938e+07 
617 2.26131e+07 
618 2.25392e+07 
619 2.26762e+07 
620 2.29121e+07 
621 2.32165e+07 
622 2.35359e+07 
623 2.38572e+07 
624 2.41593e+07 
625 2.44551e+07 
626 2.47657e+07 
627 2.49533e+07 
628 2.50299e+07 
629 2.50228e+07 
630 2.49884e+07 
631 2.48849e+07 
632 2.47203e+07 
633 2.45086e+07 
634 2.4238e+07 
635 2.39604e+07 
636 2.36472e+07 
637 2.3283e+07 
638 2.28696e+07 
639 2.23955e+07 
640 2.18268e+07 
641 2.12441e+07 
642 2.06559e+07 
643 2.00286e+07 
644 1.93213e+07 
645 1.8535e+07 
646 1.76948e+07 
647 1.68292e+07 
648 1.59586e+07 
649 1.51441e+07 
650 1.43943e+07 
651 1.37523e+07 
652 1.32268e+07 
653 1.28362e+07 
654 1.25712e+07 
655 1.23844e+07 
656 1.22805e+07 
657 1.22787e+07 
658 1.23364e+07 
659 1.24717e+07 
660 1.26773e+07 
661 1.29308e+07 
662 1.318e+07 
663 1.342e+07 
664 1.36122e+07 
665 1.38172e+07 
666 1.40258e+07 
667 1.42619e+07 
668 1.44886e+07 
669 1.46883e+07 
670 1.48189e+07 
671 1.49699e+07 
672 1.51411e+07 
673 1.53817e+07 
674 1.5614e+07 
675 1.58409e+07 
676 1.60713e+07 
677 1.62976e+07 
678 1.65287e+07 
679 1.67772e+07 
680 1.7048e+07 
681 1.73026e+07 
682 1.75869e+07 
683 1.79922e+07 
684 1.85264e+07 
685 1.92338e+07 
686 2.00652e+07 
687 2.0908e+07 
688 2.18199e+07 
689 2.27414e+07 
690 2.36353e+07 
691 2.45214e+07 
692 2.53604e+07 
693 2.6203e+07 
694 2.70161e+07 
695 2.77685e+07 
696 2.84708e+07 
697 2.91539e+07 
698 2.98372e+07 
699 3.0434e+07 
700 3.09419e+07 
701 3.13767e+07 
702 3.17617e+07 
703 3.20914e+07 
704 3.23052e+07 
705 3.23666e+07 
706 3.23971e+07 
707 3.24589e+07 
708 3.26133e+07 
709 3.28424e+07 
710 3.32088e+07 
711 3.35804e+07 
712 3.39701e+07 
713 3.43274e+07 
714 3.46757e+07 
715 3.50443e+07 
716 3.54894e+07 
717 3.60788e+07 
718 3.67564e+07 
719 3.75589e+07 
720 3.84922e+07 
721 3.95209e+07 
722 4.06036e+07 
723 4.16195e+07 
724 4.26703e+07 
725 4.3738e+07 
726 4.48215e+07 
727 4.58025e+07 
728 4.66459e+07 
729 4.73475e+07 
730 4.79604e+07 
731 4.84421e+07 
732 4.87075e+07 
733 4.88333e+07 
734 4.86969e+07 
735 4.83916e+07 
736 4.78176e+07 
737 4.70632e+07 
738 4.6172e+07 
739 4.52198e+07 
740 4.41469e+07 
741 4.30054e+07 
742 4.18292e+07 
743 4.06222e+07 
744 3.94017e+07 
745 3.82599e+07 
746 3.7272e+07 
747 3.63615e+07 
748 3.54495e+07 
749 3.44879e+07 
750 3.35536e+07 
751 3.26458e+07 
752 3.17846e+07 
753 3.10789e+07 
754 3.0507e+07 
755 3.01028e+07 
756 2.99399e+07 
757 3.00059e+07 
758 3.03606e+07 
759 3.08731e+07 
760 3.15295e+07 
761 3.22964e+07 
762 3.30717e+07 
763 3.3825e+07 
764 3.44769e+07 
765 3.5134e+07 
766 3.58346e+07 
767 3.65286e+07 
768 3.72127e+07 
769 3.78297e+07 
770 3.83517e+07 
771 3.87472e+07 
772 3.90822e+07 
773 3.93885e+07 
774 3.95895e+07 
775 3.96936e+07 
776 3.96024e+07 
777 3.93363e+07 
778 3.88401e+07 
779 3.81263e+07 
780 3.72729e+07 
781 3.62888e+07 
782 3.50737e+07 
783 3.36e+07 
784 3.18153e+07 
785 2.97309e+07 
786 2.73798e+07 
787 2.48382e+07 
788 2.22018e+07 
789 1.9527e+07 
790 1.68813e+07 
791 1.43069e+07 
792 1.18353e+07 
793 9.47898e+06 
794 7.28799e+06 
795 5.29122e+06 
796 3.54674e+06 
797 2.10626e+06 
798 1.03158e+06 
799 363384 
