0 0 
1 621447 
2 1.62102e+06 
3 3.19489e+06 
4 5.28509e+06 
5 7.89297e+06 
6 1.09695e+07 
7 1.45022e+07 
8 1.84447e+07 
9 2.27828e+07 
10 2.7459e+07 
11 3.24555e+07 
12 3.76894e+07 
13 4.30837e+07 
14 4.84958e+07 
15 5.38244e+07 
16 5.90193e+07 
17 6.40454e+07 
18 6.88375e+07 
19 7.3265e+07 
20 7.73401e+07 
21 8.11008e+07 
22 8.45817e+07 
23 8.76892e+07 
24 9.04787e+07 
25 9.3051e+07 
26 9.54155e+07 
27 9.7683e+07 
28 9.9853e+07 
29 1.01913e+08 
30 1.0388e+08 
31 1.05863e+08 
32 1.07813e+08 
33 1.09745e+08 
34 1.1165e+08 
35 1.13581e+08 
36 1.15553e+08 
37 1.17426e+08 
38 1.19242e+08 
39 1.2079e+08 
40 1.22102e+08 
41 1.23144e+08 
42 1.24067e+08 
43 1.24823e+08 
44 1.2537e+08 
45 1.25846e+08 
46 1.26175e+08 
47 1.26328e+08 
48 1.26352e+08 
49 1.26431e+08 
50 1.26513e+08 
51 1.26647e+08 
52 1.26652e+08 
53 1.2668e+08 
54 1.26747e+08 
55 1.26867e+08 
56 1.2702e+08 
57 1.27175e+08 
58 1.27319e+08 
59 1.27307e+08 
60 1.27022e+08 
61 1.2644e+08 
62 1.25553e+08 
63 1.24498e+08 
64 1.23344e+08 
65 1.22113e+08 
66 1.20761e+08 
67 1.19352e+08 
68 1.17918e+08 
69 1.16524e+08 
70 1.15151e+08 
71 1.13739e+08 
72 1.12243e+08 
73 1.10697e+08 
74 1.09091e+08 
75 1.07285e+08 
76 1.05498e+08 
77 1.0373e+08 
78 1.02051e+08 
79 1.003e+08 
80 9.86252e+07 
81 9.69763e+07 
82 9.54308e+07 
83 9.38825e+07 
84 9.24246e+07 
85 9.10198e+07 
86 8.97612e+07 
87 8.86645e+07 
88 8.77445e+07 
89 8.70943e+07 
90 8.68764e+07 
91 8.70157e+07 
92 8.74408e+07 
93 8.80269e+07 
94 8.88051e+07 
95 8.95743e+07 
96 9.03428e+07 
97 9.10057e+07 
98 9.15492e+07 
99 9.1986e+07 
100 9.23469e+07 
101 9.26184e+07 
102 9.28161e+07 
103 9.30506e+07 
104 9.32186e+07 
105 9.32975e+07 
106 9.33322e+07 
107 9.33773e+07 
108 9.3433e+07 
109 9.34331e+07 
110 9.33965e+07 
111 9.32129e+07 
112 9.28888e+07 
113 9.24408e+07 
114 9.18951e+07 
115 9.12495e+07 
116 9.0579e+07 
117 8.99326e+07 
118 8.93577e+07 
119 8.88803e+07 
120 8.8521e+07 
121 8.84743e+07 
122 8.87033e+07 
123 8.92356e+07 
124 8.99833e+07 
125 9.08617e+07 
126 9.18656e+07 
127 9.29559e+07 
128 9.40023e+07 
129 9.4889e+07 
130 9.56073e+07 
131 9.60089e+07 
132 9.62077e+07 
133 9.62138e+07 
134 9.61148e+07 
135 9.59134e+07 
136 9.56245e+07 
137 9.53837e+07 
138 9.50458e+07 
139 9.46072e+07 
140 9.40321e+07 
141 9.33484e+07 
142 9.2713e+07 
143 9.19466e+07 
144 9.10251e+07 
145 8.99499e+07 
146 8.87009e+07 
147 8.73303e+07 
148 8.58295e+07 
149 8.42207e+07 
150 8.24625e+07 
151 8.05801e+07 
152 7.86348e+07 
153 7.67075e+07 
154 7.48168e+07 
155 7.30462e+07 
156 7.14434e+07 
157 6.99929e+07 
158 6.86057e+07 
159 6.723e+07 
160 6.5917e+07 
161 6.45705e+07 
162 6.32788e+07 
163 6.19935e+07 
164 6.07877e+07 
165 5.96443e+07 
166 5.86156e+07 
167 5.76151e+07 
168 5.66208e+07 
169 5.54907e+07 
170 5.42209e+07 
171 5.28329e+07 
172 5.12596e+07 
173 4.95901e+07 
174 4.77566e+07 
175 4.5773e+07 
176 4.37032e+07 
177 4.15976e+07 
178 3.94868e+07 
179 3.74412e+07 
180 3.54207e+07 
181 3.34496e+07 
182 3.14845e+07 
183 2.95771e+07 
184 2.77382e+07 
185 2.60272e+07 
186 2.44631e+07 
187 2.31012e+07 
188 2.18924e+07 
189 2.08148e+07 
190 1.98722e+07 
191 1.89971e+07 
192 1.82538e+07 
193 1.76342e+07 
194 1.71667e+07 
195 1.68408e+07 
196 1.66025e+07 
197 1.64834e+07 
198 1.64593e+07 
199 1.65379e+07 
200 1.67223e+07 
201 1.69946e+07 
202 1.73583e+07 
203 1.77884e+07 
204 1.81976e+07 
205 1.85638e+07 
206 1.88505e+07 
207 1.90828e+07 
208 1.9247e+07 
209 1.9329e+07 
210 1.93253e+07 
211 1.92593e+07 
212 1.91259e+07 
213 1.89496e+07 
214 1.87342e+07 
215 1.84919e+07 
216 1.82418e+07 
217 1.80202e+07 
218 1.78208e+07 
219 1.76076e+07 
220 1.74018e+07 
221 1.72119e+07 
222 1.70802e+07 
223 1.69809e+07 
224 1.69335e+07 
225 1.69287e+07 
226 1.69596e+07 
227 1.69859e+07 
228 1.69992e+07 
229 1.69824e+07 
230 1.69655e+07 
231 1.69428e+07 
232 1.69014e+07 
233 1.68277e+07 
234 1.6609e+07 
235 1.62928e+07 
236 1.59185e+07 
237 1.54756e+07 
238 1.49532e+07 
239 1.43451e+07 
240 1.36646e+07 
241 1.28565e+07 
242 1.19602e+07 
243 1.10278e+07 
244 1.00869e+07 
245 9.14441e+06 
246 8.28055e+06 
247 7.48905e+06 
248 6.75749e+06 
249 6.13278e+06 
250 5.64804e+06 
251 5.28203e+06 
252 5.07363e+06 
253 5.0322e+06 
254 5.14394e+06 
255 5.38588e+06 
256 5.78477e+06 
257 6.30682e+06 
258 6.94963e+06 
259 7.71125e+06 
260 8.57547e+06 
261 9.56198e+06 
262 1.06724e+07 
263 1.18946e+07 
264 1.32108e+07 
265 1.45777e+07 
266 1.59739e+07 
267 1.74153e+07 
268 1.88188e+07 
269 2.02146e+07 
270 2.15727e+07 
271 2.29401e+07 
272 2.42507e+07 
273 2.55784e+07 
274 2.69005e+07 
275 2.81887e+07 
276 2.93914e+07 
277 3.05266e+07 
278 3.16059e+07 
279 3.26232e+07 
280 3.36823e+07 
281 3.47236e+07 
282 3.57187e+07 
283 3.66831e+07 
284 3.7617e+07 
285 3.83964e+07 
286 3.91055e+07 
287 3.96907e+07 
288 4.02301e+07 
289 4.07727e+07 
290 4.12831e+07 
291 4.18363e+07 
292 4.25071e+07 
293 4.32471e+07 
294 4.40259e+07 
295 4.48933e+07 
296 4.57767e+07 
297 4.66595e+07 
298 4.75192e+07 
299 4.83852e+07 
300 4.92472e+07 
301 4.99959e+07 
302 5.06549e+07 
303 5.12653e+07 
304 5.18463e+07 
305 5.24095e+07 
306 5.28432e+07 
307 5.31607e+07 
308 5.34071e+07 
309 5.36166e+07 
310 5.37205e+07 
311 5.36527e+07 
312 5.34438e+07 
313 5.30763e+07 
314 5.26431e+07 
315 5.21454e+07 
316 5.16009e+07 
317 5.10498e+07 
318 5.05766e+07 
319 5.01239e+07 
320 4.97099e+07 
321 4.94026e+07 
322 4.91831e+07 
323 4.91028e+07 
324 4.92176e+07 
325 4.94528e+07 
326 4.98414e+07 
327 5.03544e+07 
328 5.10272e+07 
329 5.17406e+07 
330 5.2537e+07 
331 5.33266e+07 
332 5.4077e+07 
333 5.47775e+07 
334 5.54258e+07 
335 5.60558e+07 
336 5.6693e+07 
337 5.73389e+07 
338 5.80603e+07 
339 5.88054e+07 
340 5.95621e+07 
341 6.0282e+07 
342 6.08936e+07 
343 6.13017e+07 
344 6.15372e+07 
345 6.15289e+07 
346 6.1411e+07 
347 6.1183e+07 
348 6.09642e+07 
349 6.08202e+07 
350 6.07008e+07 
351 6.06574e+07 
352 6.06356e+07 
353 6.06493e+07 
354 6.06522e+07 
355 6.06527e+07 
356 6.06364e+07 
357 6.04453e+07 
358 6.01173e+07 
359 5.95422e+07 
360 5.87937e+07 
361 5.79225e+07 
362 5.69005e+07 
363 5.57579e+07 
364 5.43728e+07 
365 5.28948e+07 
366 5.13983e+07 
367 4.98818e+07 
368 4.83609e+07 
369 4.66748e+07 
370 4.48259e+07 
371 4.29085e+07 
372 4.09963e+07 
373 3.90947e+07 
374 3.72411e+07 
375 3.54568e+07 
376 3.37664e+07 
377 3.21477e+07 
378 3.06091e+07 
379 2.91244e+07 
380 2.76797e+07 
381 2.62871e+07 
382 2.4982e+07 
383 2.37689e+07 
384 2.27086e+07 
385 2.17567e+07 
386 2.09699e+07 
387 2.0343e+07 
388 1.99028e+07 
389 1.9601e+07 
390 1.93849e+07 
391 1.92196e+07 
392 1.91934e+07 
393 1.92992e+07 
394 1.94877e+07 
395 1.97248e+07 
396 2.00252e+07 
397 2.0341e+07 
398 2.06799e+07 
399 2.11011e+07 
400 2.15782e+07 
401 2.20972e+07 
402 2.26411e+07 
403 2.31102e+07 
404 2.35305e+07 
405 2.391e+07 
406 2.42159e+07 
407 2.44152e+07 
408 2.45391e+07 
409 2.45817e+07 
410 2.45995e+07 
411 2.45936e+07 
412 2.45949e+07 
413 2.45785e+07 
414 2.45055e+07 
415 2.43476e+07 
416 2.42215e+07 
417 2.40917e+07 
418 2.39829e+07 
419 2.39171e+07 
420 2.38629e+07 
421 2.38002e+07 
422 2.37421e+07 
423 2.36536e+07 
424 2.36352e+07 
425 2.3641e+07 
426 2.36775e+07 
427 2.37899e+07 
428 2.39184e+07 
429 2.40532e+07 
430 2.41515e+07 
431 2.42259e+07 
432 2.43208e+07 
433 2.44387e+07 
434 2.45763e+07 
435 2.47328e+07 
436 2.48935e+07 
437 2.50185e+07 
438 2.50625e+07 
439 2.50442e+07 
440 2.49166e+07 
441 2.46803e+07 
442 2.42629e+07 
443 2.37244e+07 
444 2.31255e+07 
445 2.24806e+07 
446 2.18586e+07 
447 2.12198e+07 
448 2.06118e+07 
449 2.00317e+07 
450 1.93899e+07 
451 1.87086e+07 
452 1.79926e+07 
453 1.72191e+07 
454 1.64585e+07 
455 1.57109e+07 
456 1.50049e+07 
457 1.43091e+07 
458 1.36248e+07 
459 1.29873e+07 
460 1.24082e+07 
461 1.18943e+07 
462 1.1478e+07 
463 1.1166e+07 
464 1.09426e+07 
465 1.07766e+07 
466 1.06347e+07 
467 1.05697e+07 
468 1.05656e+07 
469 1.06287e+07 
470 1.07747e+07 
471 1.09824e+07 
472 1.12714e+07 
473 1.1649e+07 
474 1.21203e+07 
475 1.26374e+07 
476 1.32149e+07 
477 1.38192e+07 
478 1.44584e+07 
479 1.51557e+07 
480 1.59259e+07 
481 1.67765e+07 
482 1.76641e+07 
483 1.85917e+07 
484 1.95631e+07 
485 2.05176e+07 
486 2.15083e+07 
487 2.25173e+07 
488 2.35277e+07 
489 2.45433e+07 
490 2.55333e+07 
491 2.6445e+07 
492 2.72604e+07 
493 2.79084e+07 
494 2.83509e+07 
495 2.86168e+07 
496 2.86765e+07 
497 2.85362e+07 
498 2.82127e+07 
499 2.77008e+07 
500 2.70114e+07 
501 2.61411e+07 
502 2.51329e+07 
503 2.40464e+07 
504 2.28882e+07 
505 2.17589e+07 
506 2.06848e+07 
507 1.9672e+07 
508 1.86998e+07 
509 1.77803e+07 
510 1.69458e+07 
511 1.61533e+07 
512 1.53667e+07 
513 1.45794e+07 
514 1.38003e+07 
515 1.29901e+07 
516 1.22209e+07 
517 1.14976e+07 
518 1.08547e+07 
519 1.02838e+07 
520 9.81871e+06 
521 9.41724e+06 
522 9.09602e+06 
523 8.86236e+06 
524 8.70607e+06 
525 8.61419e+06 
526 8.54247e+06 
527 8.48656e+06 
528 8.42556e+06 
529 8.34814e+06 
530 8.26038e+06 
531 8.14728e+06 
532 7.99516e+06 
533 7.80668e+06 
534 7.60136e+06 
535 7.39257e+06 
536 7.22219e+06 
537 7.0447e+06 
538 6.86732e+06 
539 6.66995e+06 
540 6.44662e+06 
541 6.17295e+06 
542 5.86326e+06 
543 5.52314e+06 
544 5.17692e+06 
545 4.82715e+06 
546 4.47801e+06 
547 4.11216e+06 
548 3.73526e+06 
549 3.37848e+06 
550 3.06187e+06 
551 2.78312e+06 
552 2.56125e+06 
553 2.39384e+06 
554 2.26923e+06 
555 2.19088e+06 
556 2.15063e+06 
557 2.14046e+06 
558 2.16754e+06 
559 2.21695e+06 
560 2.29046e+06 
561 2.37847e+06 
562 2.47344e+06 
563 2.58844e+06 
564 2.71923e+06 
565 2.85936e+06 
566 3.00644e+06 
567 3.14878e+06 
568 3.28318e+06 
569 3.3865e+06 
570 3.43499e+06 
571 3.43269e+06 
572 3.38078e+06 
573 3.28604e+06 
574 3.14857e+06 
575 2.98099e+06 
576 2.78407e+06 
577 2.57605e+06 
578 2.36106e+06 
579 2.15379e+06 
580 1.94626e+06 
581 1.7468e+06 
582 1.55046e+06 
583 1.37714e+06 
584 1.22909e+06 
585 1.10276e+06 
586 982696 
587 883017 
588 791011 
589 702794 
590 620018 
591 539058 
592 467400 
593 400030 
594 343717 
595 288858 
596 237632 
597 195101 
598 161347 
599 132244 
600 104380 
601 80158 
602 61907 
603 47338 
604 35867 
605 26844 
606 19220 
607 12744 
608 8454 
609 4805 
610 2622 
611 1585 
612 1020 
613 451 
614 189 
615 62 
616 7 
617 0 
618 0 
619 0 
620 0 
621 0 
622 0 
623 0 
624 0 
625 0 
626 0 
627 0 
628 0 
629 0 
630 0 
631 0 
632 0 
633 0 
634 0 
635 0 
636 0 
637 0 
638 0 
639 0 
640 0 
641 0 
642 0 
643 0 
644 0 
645 0 
646 0 
647 0 
648 0 
649 0 
650 0 
651 0 
652 0 
653 0 
654 0 
655 0 
656 0 
657 0 
658 0 
659 0 
660 0 
661 0 
662 0 
663 0 
664 0 
665 0 
666 0 
667 0 
668 0 
669 0 
670 0 
671 0 
672 0 
673 0 
674 0 
675 0 
676 0 
677 0 
678 0 
679 0 
680 0 
681 0 
682 0 
683 0 
684 0 
685 0 
686 0 
687 0 
688 0 
689 0 
690 0 
691 0 
692 0 
693 0 
694 0 
695 0 
696 0 
697 0 
698 0 
699 0 
700 0 
701 0 
702 0 
703 0 
704 0 
705 0 
706 0 
707 0 
708 0 
709 0 
710 0 
711 0 
712 0 
713 0 
714 0 
715 0 
716 0 
717 0 
718 0 
719 0 
720 0 
721 0 
722 0 
723 0 
724 0 
725 0 
726 0 
727 0 
728 0 
729 0 
730 0 
731 0 
732 0 
733 0 
734 0 
735 0 
736 0 
737 0 
738 0 
739 0 
740 0 
741 0 
742 0 
743 0 
744 0 
745 0 
746 0 
747 0 
748 0 
749 0 
750 0 
751 0 
752 0 
753 0 
754 0 
755 0 
756 0 
757 0 
758 0 
759 0 
760 0 
761 0 
762 0 
763 0 
764 0 
765 0 
766 0 
767 0 
768 0 
769 0 
770 0 
771 0 
772 0 
773 0 
774 0 
775 0 
776 0 
777 0 
778 0 
779 0 
780 0 
781 0 
782 0 
783 0 
784 0 
785 0 
786 0 
787 0 
788 0 
789 0 
790 0 
791 0 
792 0 
793 0 
794 0 
795 0 
796 0 
797 0 
798 0 
799 0 
