0 0 
1 0 
2 0 
3 0 
4 0 
5 0 
6 0 
7 0 
8 0 
9 0 
10 0 
11 0 
12 0 
13 0 
14 0 
15 0 
16 0 
17 0 
18 0 
19 0 
20 0 
21 0 
22 0 
23 0 
24 0 
25 0 
26 0 
27 0 
28 0 
29 0 
30 0 
31 0 
32 0 
33 0 
34 0 
35 0 
36 0 
37 0 
38 0 
39 0 
40 0 
41 0 
42 0 
43 0 
44 0 
45 0 
46 0 
47 0 
48 0 
49 0 
50 0 
51 0 
52 0 
53 0 
54 0 
55 0 
56 0 
57 0 
58 0 
59 0 
60 0 
61 0 
62 0 
63 0 
64 0 
65 0 
66 0 
67 0 
68 0 
69 0 
70 0 
71 0 
72 0 
73 0 
74 0 
75 0 
76 0 
77 0 
78 0 
79 0 
80 0 
81 0 
82 0 
83 0 
84 0 
85 0 
86 0 
87 0 
88 0 
89 0 
90 0 
91 0 
92 0 
93 0 
94 0 
95 0 
96 0 
97 0 
98 0 
99 0 
100 0 
101 0 
102 0 
103 0 
104 0 
105 0 
106 0 
107 0 
108 0 
109 0 
110 0 
111 0 
112 0 
113 0 
114 0 
115 0 
116 0 
117 0 
118 0 
119 0 
120 0 
121 0 
122 0 
123 0 
124 0 
125 0 
126 0 
127 0 
128 0 
129 0 
130 0 
131 0 
132 0 
133 0 
134 0 
135 0 
136 0 
137 0 
138 0 
139 0 
140 0 
141 0 
142 0 
143 0 
144 0 
145 0 
146 0 
147 0 
148 0 
149 0 
150 0 
151 0 
152 0 
153 0 
154 0 
155 0 
156 0 
157 0 
158 0 
159 0 
160 0 
161 0 
162 0 
163 0 
164 0 
165 0 
166 0 
167 0 
168 0 
169 0 
170 0 
171 0 
172 0 
173 0 
174 0 
175 0 
176 0 
177 0 
178 0 
179 0 
180 0 
181 0 
182 0 
183 0 
184 0 
185 0 
186 0 
187 0 
188 0 
189 0 
190 0 
191 0 
192 0 
193 0 
194 0 
195 0 
196 0 
197 0 
198 0 
199 0 
200 0 
201 0 
202 0 
203 0 
204 0 
205 0 
206 0 
207 0 
208 0 
209 0 
210 0 
211 0 
212 0 
213 0 
214 0 
215 0 
216 0 
217 0 
218 0 
219 0 
220 0 
221 0 
222 0 
223 0 
224 0 
225 0 
226 0 
227 0 
228 0 
229 0 
230 0 
231 0 
232 0 
233 0 
234 0 
235 0 
236 0 
237 0 
238 0 
239 0 
240 3 
241 66 
242 470 
243 1678 
244 4902 
245 12416 
246 28569 
247 53288 
248 94696 
249 151094 
250 233524 
251 342177 
252 485175 
253 663858 
254 890287 
255 1.1721e+06 
256 1.51227e+06 
257 1.90594e+06 
258 2.35983e+06 
259 2.87486e+06 
260 3.45176e+06 
261 4.06872e+06 
262 4.72893e+06 
263 5.43793e+06 
264 6.18819e+06 
265 6.99806e+06 
266 7.88301e+06 
267 8.82905e+06 
268 9.81684e+06 
269 1.08027e+07 
270 1.17634e+07 
271 1.2702e+07 
272 1.36064e+07 
273 1.45395e+07 
274 1.54526e+07 
275 1.63084e+07 
276 1.70968e+07 
277 1.78091e+07 
278 1.84379e+07 
279 1.89822e+07 
280 1.9421e+07 
281 1.98025e+07 
282 2.0179e+07 
283 2.05769e+07 
284 2.0991e+07 
285 2.13512e+07 
286 2.16958e+07 
287 2.2071e+07 
288 2.25232e+07 
289 2.30937e+07 
290 2.37911e+07 
291 2.45251e+07 
292 2.52722e+07 
293 2.60793e+07 
294 2.68342e+07 
295 2.75712e+07 
296 2.82674e+07 
297 2.89045e+07 
298 2.9492e+07 
299 3.00938e+07 
300 3.07386e+07 
301 3.14614e+07 
302 3.22798e+07 
303 3.32095e+07 
304 3.42822e+07 
305 3.54547e+07 
306 3.67593e+07 
307 3.82594e+07 
308 3.99114e+07 
309 4.16047e+07 
310 4.33271e+07 
311 4.51367e+07 
312 4.70532e+07 
313 4.89959e+07 
314 5.09833e+07 
315 5.30585e+07 
316 5.50977e+07 
317 5.71063e+07 
318 5.91083e+07 
319 6.11647e+07 
320 6.31748e+07 
321 6.50537e+07 
322 6.69015e+07 
323 6.85774e+07 
324 7.01929e+07 
325 7.17702e+07 
326 7.32443e+07 
327 7.47595e+07 
328 7.63799e+07 
329 7.79977e+07 
330 7.97052e+07 
331 8.14042e+07 
332 8.31023e+07 
333 8.47879e+07 
334 8.65298e+07 
335 8.82416e+07 
336 8.99878e+07 
337 9.15854e+07 
338 9.30376e+07 
339 9.43096e+07 
340 9.54056e+07 
341 9.64023e+07 
342 9.73862e+07 
343 9.84273e+07 
344 9.95235e+07 
345 1.0055e+08 
346 1.01688e+08 
347 1.02862e+08 
348 1.04172e+08 
349 1.05605e+08 
350 1.07308e+08 
351 1.09343e+08 
352 1.11683e+08 
353 1.14148e+08 
354 1.16716e+08 
355 1.19375e+08 
356 1.22156e+08 
357 1.24926e+08 
358 1.27714e+08 
359 1.30597e+08 
360 1.33625e+08 
361 1.36716e+08 
362 1.39766e+08 
363 1.4277e+08 
364 1.45811e+08 
365 1.48977e+08 
366 1.52144e+08 
367 1.55164e+08 
368 1.57885e+08 
369 1.60288e+08 
370 1.62406e+08 
371 1.64293e+08 
372 1.66104e+08 
373 1.68148e+08 
374 1.70543e+08 
375 1.73204e+08 
376 1.76187e+08 
377 1.79521e+08 
378 1.83168e+08 
379 1.87049e+08 
380 1.91099e+08 
381 1.95286e+08 
382 1.99502e+08 
383 2.03705e+08 
384 2.0767e+08 
385 2.11421e+08 
386 2.14997e+08 
387 2.18458e+08 
388 2.21678e+08 
389 2.24594e+08 
390 2.2728e+08 
391 2.29752e+08 
392 2.32141e+08 
393 2.3444e+08 
394 2.36861e+08 
395 2.39204e+08 
396 2.41306e+08 
397 2.4312e+08 
398 2.44318e+08 
399 2.45006e+08 
400 2.45158e+08 
401 2.44904e+08 
402 2.44282e+08 
403 2.4307e+08 
404 2.41277e+08 
405 2.38844e+08 
406 2.35872e+08 
407 2.32348e+08 
408 2.28394e+08 
409 2.24076e+08 
410 2.19537e+08 
411 2.14762e+08 
412 2.10008e+08 
413 2.05126e+08 
414 2.00285e+08 
415 1.9556e+08 
416 1.91036e+08 
417 1.86778e+08 
418 1.82953e+08 
419 1.79609e+08 
420 1.76694e+08 
421 1.74294e+08 
422 1.72199e+08 
423 1.70308e+08 
424 1.68436e+08 
425 1.66742e+08 
426 1.65139e+08 
427 1.63446e+08 
428 1.61666e+08 
429 1.59691e+08 
430 1.57423e+08 
431 1.54626e+08 
432 1.51171e+08 
433 1.47245e+08 
434 1.43048e+08 
435 1.38406e+08 
436 1.33502e+08 
437 1.28468e+08 
438 1.23271e+08 
439 1.17915e+08 
440 1.12337e+08 
441 1.06724e+08 
442 1.01106e+08 
443 9.55281e+07 
444 9.00322e+07 
445 8.46343e+07 
446 7.95875e+07 
447 7.49252e+07 
448 7.08082e+07 
449 6.71763e+07 
450 6.40776e+07 
451 6.14435e+07 
452 5.92251e+07 
453 5.75198e+07 
454 5.63151e+07 
455 5.55725e+07 
456 5.51488e+07 
457 5.49927e+07 
458 5.49834e+07 
459 5.51057e+07 
460 5.53549e+07 
461 5.57765e+07 
462 5.63914e+07 
463 5.70895e+07 
464 5.78657e+07 
465 5.86189e+07 
466 5.9258e+07 
467 5.97702e+07 
468 6.01507e+07 
469 6.03019e+07 
470 6.01218e+07 
471 5.96029e+07 
472 5.87343e+07 
473 5.75399e+07 
474 5.60517e+07 
475 5.43463e+07 
476 5.24687e+07 
477 5.04273e+07 
478 4.82818e+07 
479 4.60832e+07 
480 4.38558e+07 
481 4.16606e+07 
482 3.95316e+07 
483 3.74341e+07 
484 3.53537e+07 
485 3.33438e+07 
486 3.13221e+07 
487 2.93091e+07 
488 2.7288e+07 
489 2.53988e+07 
490 2.36367e+07 
491 2.20701e+07 
492 2.0679e+07 
493 1.94691e+07 
494 1.84596e+07 
495 1.76376e+07 
496 1.70652e+07 
497 1.67259e+07 
498 1.66541e+07 
499 1.6839e+07 
500 1.71978e+07 
501 1.7679e+07 
502 1.82722e+07 
503 1.89577e+07 
504 1.96714e+07 
505 2.04043e+07 
506 2.11641e+07 
507 2.18682e+07 
508 2.25138e+07 
509 2.30747e+07 
510 2.36284e+07 
511 2.41668e+07 
512 2.46266e+07 
513 2.50274e+07 
514 2.53529e+07 
515 2.56309e+07 
516 2.58592e+07 
517 2.60551e+07 
518 2.62201e+07 
519 2.64136e+07 
520 2.6621e+07 
521 2.69069e+07 
522 2.72844e+07 
523 2.76896e+07 
524 2.80722e+07 
525 2.84194e+07 
526 2.8753e+07 
527 2.90006e+07 
528 2.91278e+07 
529 2.91414e+07 
530 2.91479e+07 
531 2.91357e+07 
532 2.90341e+07 
533 2.88668e+07 
534 2.86037e+07 
535 2.8224e+07 
536 2.7799e+07 
537 2.73587e+07 
538 2.69838e+07 
539 2.65839e+07 
540 2.6171e+07 
541 2.56549e+07 
542 2.50013e+07 
543 2.42489e+07 
544 2.3466e+07 
545 2.27039e+07 
546 2.1993e+07 
547 2.13461e+07 
548 2.07383e+07 
549 2.01991e+07 
550 1.96795e+07 
551 1.92526e+07 
552 1.89081e+07 
553 1.86821e+07 
554 1.85567e+07 
555 1.85017e+07 
556 1.85438e+07 
557 1.86934e+07 
558 1.89159e+07 
559 1.91605e+07 
560 1.93305e+07 
561 1.94431e+07 
562 1.93775e+07 
563 1.92378e+07 
564 1.90822e+07 
565 1.887e+07 
566 1.8612e+07 
567 1.83271e+07 
568 1.80402e+07 
569 1.77942e+07 
570 1.7579e+07 
571 1.74232e+07 
572 1.73373e+07 
573 1.73706e+07 
574 1.74802e+07 
575 1.7674e+07 
576 1.7886e+07 
577 1.80741e+07 
578 1.82187e+07 
579 1.8244e+07 
580 1.81222e+07 
581 1.78967e+07 
582 1.75433e+07 
583 1.69931e+07 
584 1.62968e+07 
585 1.54838e+07 
586 1.45514e+07 
587 1.35293e+07 
588 1.24348e+07 
589 1.12889e+07 
590 1.01421e+07 
591 9.02204e+06 
592 7.96374e+06 
593 6.91382e+06 
594 5.92315e+06 
595 4.96508e+06 
596 4.08759e+06 
597 3.31338e+06 
598 2.64439e+06 
599 2.07051e+06 
600 1.59772e+06 
601 1.21224e+06 
602 913829 
603 673832 
604 488767 
605 350673 
606 248659 
607 176690 
608 129438 
609 94843 
610 71416 
611 52528 
612 36321 
613 23707 
614 15826 
615 10136 
616 7458 
617 5094 
618 3182 
619 1634 
620 553 
621 156 
622 17 
623 0 
624 0 
625 0 
626 0 
627 0 
628 0 
629 0 
630 0 
631 0 
632 0 
633 0 
634 0 
635 0 
636 0 
637 0 
638 0 
639 0 
640 0 
641 0 
642 0 
643 0 
644 0 
645 0 
646 0 
647 0 
648 0 
649 0 
650 0 
651 0 
652 0 
653 0 
654 0 
655 0 
656 0 
657 0 
658 0 
659 0 
660 0 
661 0 
662 0 
663 0 
664 0 
665 0 
666 0 
667 0 
668 0 
669 0 
670 0 
671 0 
672 0 
673 0 
674 0 
675 0 
676 0 
677 0 
678 0 
679 0 
680 0 
681 0 
682 0 
683 0 
684 0 
685 0 
686 0 
687 0 
688 0 
689 0 
690 0 
691 0 
692 0 
693 0 
694 0 
695 0 
696 0 
697 0 
698 0 
699 0 
700 0 
701 0 
702 0 
703 0 
704 0 
705 0 
706 0 
707 0 
708 0 
709 0 
710 0 
711 0 
712 0 
713 0 
714 0 
715 0 
716 0 
717 0 
718 0 
719 0 
720 0 
721 0 
722 0 
723 0 
724 0 
725 0 
726 0 
727 0 
728 0 
729 0 
730 0 
731 0 
732 0 
733 0 
734 0 
735 0 
736 0 
737 0 
738 0 
739 0 
740 0 
741 0 
742 0 
743 0 
744 0 
745 0 
746 0 
747 0 
748 0 
749 0 
750 0 
751 0 
752 0 
753 0 
754 0 
755 0 
756 0 
757 0 
758 0 
759 0 
760 0 
761 0 
762 0 
763 0 
764 0 
765 0 
766 0 
767 0 
768 0 
769 0 
770 0 
771 0 
772 0 
773 0 
774 0 
775 0 
776 0 
777 0 
778 0 
779 0 
780 0 
781 0 
782 0 
783 0 
784 0 
785 0 
786 0 
787 0 
788 0 
789 0 
790 0 
791 0 
792 0 
793 0 
794 0 
795 0 
796 0 
797 0 
798 0 
799 0 
