0 0 
1 0 
2 0 
3 0 
4 0 
5 0 
6 0 
7 0 
8 0 
9 0 
10 0 
11 0 
12 0 
13 0 
14 0 
15 0 
16 0 
17 0 
18 0 
19 0 
20 0 
21 0 
22 0 
23 0 
24 0 
25 0 
26 0 
27 0 
28 0 
29 0 
30 0 
31 0 
32 0 
33 0 
34 0 
35 0 
36 0 
37 0 
38 0 
39 0 
40 0 
41 0 
42 0 
43 0 
44 0 
45 0 
46 0 
47 0 
48 0 
49 0 
50 0 
51 0 
52 0 
53 0 
54 0 
55 0 
56 0 
57 0 
58 0 
59 0 
60 0 
61 0 
62 0 
63 0 
64 0 
65 0 
66 0 
67 0 
68 0 
69 0 
70 0 
71 0 
72 0 
73 0 
74 0 
75 0 
76 0 
77 0 
78 0 
79 0 
80 0 
81 0 
82 0 
83 0 
84 0 
85 0 
86 0 
87 0 
88 0 
89 0 
90 0 
91 0 
92 0 
93 0 
94 0 
95 0 
96 0 
97 0 
98 0 
99 0 
100 0 
101 0 
102 0 
103 0 
104 0 
105 0 
106 0 
107 0 
108 0 
109 0 
110 0 
111 0 
112 0 
113 0 
114 0 
115 0 
116 0 
117 0 
118 0 
119 0 
120 0 
121 0 
122 0 
123 14 
124 73 
125 482 
126 1193 
127 2277 
128 4098 
129 7215 
130 13454 
131 24095 
132 40341 
133 64741 
134 98270 
135 141582 
136 199118 
137 272627 
138 368898 
139 487285 
140 624675 
141 780269 
142 956442 
143 1.1524e+06 
144 1.35653e+06 
145 1.56613e+06 
146 1.77993e+06 
147 2.00122e+06 
148 2.23839e+06 
149 2.4934e+06 
150 2.73893e+06 
151 2.98425e+06 
152 3.26288e+06 
153 3.58881e+06 
154 4.02402e+06 
155 4.60449e+06 
156 5.29977e+06 
157 6.13842e+06 
158 7.09101e+06 
159 8.10572e+06 
160 9.19318e+06 
161 1.03282e+07 
162 1.15359e+07 
163 1.26873e+07 
164 1.37675e+07 
165 1.4797e+07 
166 1.58706e+07 
167 1.69336e+07 
168 1.79893e+07 
169 1.90811e+07 
170 2.02278e+07 
171 2.13925e+07 
172 2.25811e+07 
173 2.38118e+07 
174 2.50628e+07 
175 2.62584e+07 
176 2.74217e+07 
177 2.84683e+07 
178 2.93678e+07 
179 3.01396e+07 
180 3.09276e+07 
181 3.18593e+07 
182 3.29719e+07 
183 3.42628e+07 
184 3.56595e+07 
185 3.70408e+07 
186 3.83071e+07 
187 3.935e+07 
188 4.00921e+07 
189 4.06165e+07 
190 4.09246e+07 
191 4.1033e+07 
192 4.09223e+07 
193 4.06019e+07 
194 4.00599e+07 
195 3.93592e+07 
196 3.85796e+07 
197 3.76547e+07 
198 3.66445e+07 
199 3.54929e+07 
200 3.42862e+07 
201 3.3087e+07 
202 3.19543e+07 
203 3.08629e+07 
204 2.98259e+07 
205 2.88771e+07 
206 2.79603e+07 
207 2.7048e+07 
208 2.61693e+07 
209 2.52316e+07 
210 2.42567e+07 
211 2.31683e+07 
212 2.19074e+07 
213 2.04334e+07 
214 1.88392e+07 
215 1.72456e+07 
216 1.58412e+07 
217 1.46628e+07 
218 1.36138e+07 
219 1.26945e+07 
220 1.19192e+07 
221 1.13204e+07 
222 1.08185e+07 
223 1.03912e+07 
224 1.00348e+07 
225 9.69851e+06 
226 9.35031e+06 
227 9.05729e+06 
228 8.81593e+06 
229 8.63753e+06 
230 8.50692e+06 
231 8.4533e+06 
232 8.53734e+06 
233 8.78446e+06 
234 9.20062e+06 
235 9.77018e+06 
236 1.04645e+07 
237 1.12783e+07 
238 1.22351e+07 
239 1.34091e+07 
240 1.47383e+07 
241 1.61589e+07 
242 1.76637e+07 
243 1.91681e+07 
244 2.05836e+07 
245 2.19248e+07 
246 2.32112e+07 
247 2.439e+07 
248 2.55122e+07 
249 2.66076e+07 
250 2.76475e+07 
251 2.86087e+07 
252 2.93913e+07 
253 2.99985e+07 
254 3.04067e+07 
255 3.05469e+07 
256 3.04876e+07 
257 3.01883e+07 
258 2.96657e+07 
259 2.89213e+07 
260 2.81178e+07 
261 2.74499e+07 
262 2.70214e+07 
263 2.69033e+07 
264 2.71711e+07 
265 2.77059e+07 
266 2.84157e+07 
267 2.93652e+07 
268 3.04779e+07 
269 3.16005e+07 
270 3.26355e+07 
271 3.35167e+07 
272 3.44516e+07 
273 3.54674e+07 
274 3.64179e+07 
275 3.71865e+07 
276 3.78171e+07 
277 3.83135e+07 
278 3.87401e+07 
279 3.91252e+07 
280 3.95217e+07 
281 3.99901e+07 
282 4.0562e+07 
283 4.12218e+07 
284 4.19696e+07 
285 4.27864e+07 
286 4.3605e+07 
287 4.43823e+07 
288 4.50885e+07 
289 4.57563e+07 
290 4.64608e+07 
291 4.70747e+07 
292 4.76746e+07 
293 4.8425e+07 
294 4.92169e+07 
295 5.00554e+07 
296 5.0866e+07 
297 5.17533e+07 
298 5.26895e+07 
299 5.3661e+07 
300 5.46326e+07 
301 5.5516e+07 
302 5.62245e+07 
303 5.66887e+07 
304 5.70505e+07 
305 5.7304e+07 
306 5.74821e+07 
307 5.75309e+07 
308 5.74931e+07 
309 5.73441e+07 
310 5.70307e+07 
311 5.66172e+07 
312 5.61639e+07 
313 5.57037e+07 
314 5.52422e+07 
315 5.48842e+07 
316 5.46441e+07 
317 5.46145e+07 
318 5.50505e+07 
319 5.58972e+07 
320 5.70667e+07 
321 5.85182e+07 
322 6.01644e+07 
323 6.20352e+07 
324 6.41128e+07 
325 6.65203e+07 
326 6.91448e+07 
327 7.20023e+07 
328 7.49883e+07 
329 7.80991e+07 
330 8.12763e+07 
331 8.45019e+07 
332 8.79043e+07 
333 9.12731e+07 
334 9.46001e+07 
335 9.76724e+07 
336 1.00199e+08 
337 1.0202e+08 
338 1.03129e+08 
339 1.03727e+08 
340 1.04045e+08 
341 1.04218e+08 
342 1.04553e+08 
343 1.05125e+08 
344 1.05854e+08 
345 1.0703e+08 
346 1.08693e+08 
347 1.10698e+08 
348 1.12829e+08 
349 1.1482e+08 
350 1.16473e+08 
351 1.17892e+08 
352 1.19044e+08 
353 1.19988e+08 
354 1.20703e+08 
355 1.21361e+08 
356 1.22272e+08 
357 1.23382e+08 
358 1.24845e+08 
359 1.26406e+08 
360 1.27702e+08 
361 1.28383e+08 
362 1.28546e+08 
363 1.28314e+08 
364 1.27681e+08 
365 1.26799e+08 
366 1.25777e+08 
367 1.24753e+08 
368 1.239e+08 
369 1.23256e+08 
370 1.22553e+08 
371 1.21895e+08 
372 1.21007e+08 
373 1.19914e+08 
374 1.18742e+08 
375 1.1756e+08 
376 1.16588e+08 
377 1.15764e+08 
378 1.1543e+08 
379 1.15566e+08 
380 1.16353e+08 
381 1.17772e+08 
382 1.19732e+08 
383 1.21936e+08 
384 1.24112e+08 
385 1.262e+08 
386 1.28324e+08 
387 1.30329e+08 
388 1.31975e+08 
389 1.33284e+08 
390 1.3443e+08 
391 1.35619e+08 
392 1.36829e+08 
393 1.38003e+08 
394 1.38984e+08 
395 1.3988e+08 
396 1.40639e+08 
397 1.4151e+08 
398 1.42479e+08 
399 1.43452e+08 
400 1.44129e+08 
401 1.44519e+08 
402 1.44417e+08 
403 1.44042e+08 
404 1.43564e+08 
405 1.42948e+08 
406 1.423e+08 
407 1.41283e+08 
408 1.39644e+08 
409 1.37441e+08 
410 1.34977e+08 
411 1.32564e+08 
412 1.30413e+08 
413 1.28387e+08 
414 1.26699e+08 
415 1.25479e+08 
416 1.24601e+08 
417 1.23952e+08 
418 1.23367e+08 
419 1.22986e+08 
420 1.23098e+08 
421 1.23814e+08 
422 1.25024e+08 
423 1.2668e+08 
424 1.28618e+08 
425 1.30497e+08 
426 1.32078e+08 
427 1.33187e+08 
428 1.34089e+08 
429 1.34803e+08 
430 1.35546e+08 
431 1.36437e+08 
432 1.37352e+08 
433 1.38222e+08 
434 1.38891e+08 
435 1.39281e+08 
436 1.393e+08 
437 1.38918e+08 
438 1.37925e+08 
439 1.36395e+08 
440 1.34147e+08 
441 1.30906e+08 
442 1.26985e+08 
443 1.22561e+08 
444 1.17582e+08 
445 1.12253e+08 
446 1.06812e+08 
447 1.01728e+08 
448 9.71139e+07 
449 9.30876e+07 
450 8.96606e+07 
451 8.68191e+07 
452 8.45098e+07 
453 8.2749e+07 
454 8.14487e+07 
455 8.05743e+07 
456 7.98596e+07 
457 7.91994e+07 
458 7.84871e+07 
459 7.76083e+07 
460 7.65985e+07 
461 7.54647e+07 
462 7.4205e+07 
463 7.29833e+07 
464 7.1936e+07 
465 7.11466e+07 
466 7.05878e+07 
467 7.02115e+07 
468 6.98938e+07 
469 6.95719e+07 
470 6.92327e+07 
471 6.8862e+07 
472 6.83059e+07 
473 6.75041e+07 
474 6.66101e+07 
475 6.56866e+07 
476 6.45038e+07 
477 6.3142e+07 
478 6.17088e+07 
479 6.02271e+07 
480 5.87818e+07 
481 5.72724e+07 
482 5.58504e+07 
483 5.45565e+07 
484 5.33898e+07 
485 5.23246e+07 
486 5.12675e+07 
487 5.0267e+07 
488 4.93775e+07 
489 4.87511e+07 
490 4.84428e+07 
491 4.85087e+07 
492 4.89789e+07 
493 4.97454e+07 
494 5.07025e+07 
495 5.16439e+07 
496 5.23213e+07 
497 5.25445e+07 
498 5.22202e+07 
499 5.13998e+07 
500 5.01126e+07 
501 4.85246e+07 
502 4.67592e+07 
503 4.4917e+07 
504 4.30847e+07 
505 4.13202e+07 
506 3.96425e+07 
507 3.82172e+07 
508 3.69843e+07 
509 3.59127e+07 
510 3.49834e+07 
511 3.41985e+07 
512 3.35025e+07 
513 3.29253e+07 
514 3.24122e+07 
515 3.2012e+07 
516 3.1687e+07 
517 3.14384e+07 
518 3.11074e+07 
519 3.06897e+07 
520 3.02824e+07 
521 2.98405e+07 
522 2.9303e+07 
523 2.87124e+07 
524 2.80198e+07 
525 2.737e+07 
526 2.67435e+07 
527 2.61304e+07 
528 2.54178e+07 
529 2.47155e+07 
530 2.39961e+07 
531 2.32392e+07 
532 2.24336e+07 
533 2.15711e+07 
534 2.06375e+07 
535 1.97218e+07 
536 1.88307e+07 
537 1.785e+07 
538 1.68456e+07 
539 1.5836e+07 
540 1.4838e+07 
541 1.3856e+07 
542 1.29432e+07 
543 1.205e+07 
544 1.11941e+07 
545 1.03648e+07 
546 9.58246e+06 
547 8.85942e+06 
548 8.20454e+06 
549 7.64405e+06 
550 7.20575e+06 
551 6.88437e+06 
552 6.67916e+06 
553 6.59384e+06 
554 6.58902e+06 
555 6.6107e+06 
556 6.55178e+06 
557 6.40441e+06 
558 6.16676e+06 
559 5.82918e+06 
560 5.3838e+06 
561 4.80846e+06 
562 4.18882e+06 
563 3.58774e+06 
564 3.03056e+06 
565 2.52806e+06 
566 2.09821e+06 
567 1.75128e+06 
568 1.51685e+06 
569 1.38904e+06 
570 1.39398e+06 
571 1.5156e+06 
572 1.75881e+06 
573 2.09763e+06 
574 2.48866e+06 
575 2.94204e+06 
576 3.45479e+06 
577 4.01674e+06 
578 4.60381e+06 
579 5.18009e+06 
580 5.72755e+06 
581 6.24347e+06 
582 6.64889e+06 
583 6.92384e+06 
584 7.09823e+06 
585 7.18828e+06 
586 7.24477e+06 
587 7.3055e+06 
588 7.32194e+06 
589 7.29395e+06 
590 7.24004e+06 
591 7.21229e+06 
592 7.24854e+06 
593 7.34813e+06 
594 7.44103e+06 
595 7.52325e+06 
596 7.61704e+06 
597 7.73966e+06 
598 7.90203e+06 
599 8.16994e+06 
600 8.53108e+06 
601 8.97595e+06 
602 9.41236e+06 
603 9.77003e+06 
604 1.00113e+07 
605 1.00868e+07 
606 9.98593e+06 
607 9.74152e+06 
608 9.40483e+06 
609 8.984e+06 
610 8.49832e+06 
611 7.9773e+06 
612 7.44498e+06 
613 6.86962e+06 
614 6.25266e+06 
615 5.5872e+06 
616 4.90188e+06 
617 4.16511e+06 
618 3.43442e+06 
619 2.75082e+06 
620 2.16957e+06 
621 1.6881e+06 
622 1.29504e+06 
623 971075 
624 706651 
625 502435 
626 349809 
627 225625 
628 133513 
629 71458 
630 35752 
631 16902 
632 7894 
633 3348 
634 1105 
635 470 
636 237 
637 37 
638 3 
639 0 
640 0 
641 0 
642 0 
643 0 
644 0 
645 0 
646 0 
647 0 
648 0 
649 0 
650 0 
651 0 
652 0 
653 0 
654 0 
655 0 
656 0 
657 0 
658 0 
659 0 
660 0 
661 0 
662 0 
663 0 
664 0 
665 0 
666 0 
667 0 
668 0 
669 0 
670 0 
671 0 
672 0 
673 0 
674 0 
675 0 
676 0 
677 0 
678 0 
679 0 
680 0 
681 0 
682 0 
683 0 
684 0 
685 0 
686 0 
687 0 
688 0 
689 0 
690 0 
691 0 
692 0 
693 0 
694 0 
695 0 
696 0 
697 0 
698 0 
699 0 
700 0 
701 0 
702 0 
703 0 
704 0 
705 0 
706 0 
707 0 
708 0 
709 0 
710 0 
711 0 
712 0 
713 0 
714 0 
715 0 
716 0 
717 0 
718 0 
719 0 
720 0 
721 0 
722 0 
723 0 
724 0 
725 0 
726 0 
727 0 
728 0 
729 0 
730 0 
731 0 
732 0 
733 0 
734 0 
735 0 
736 0 
737 0 
738 0 
739 0 
740 0 
741 0 
742 0 
743 0 
744 0 
745 0 
746 0 
747 0 
748 0 
749 0 
750 0 
751 0 
752 0 
753 0 
754 0 
755 0 
756 0 
757 0 
758 0 
759 0 
760 0 
761 0 
762 0 
763 0 
764 0 
765 0 
766 0 
767 0 
768 0 
769 0 
770 0 
771 0 
772 0 
773 0 
774 0 
775 0 
776 0 
777 0 
778 0 
779 0 
780 0 
781 0 
782 0 
783 0 
784 0 
785 0 
786 0 
787 0 
788 0 
789 0 
790 0 
791 0 
792 0 
793 0 
794 0 
795 0 
796 0 
797 0 
798 0 
799 0 
