0 0 
1 0 
2 0 
3 0 
4 0 
5 0 
6 0 
7 0 
8 0 
9 0 
10 0 
11 0 
12 0 
13 0 
14 0 
15 0 
16 0 
17 0 
18 0 
19 0 
20 0 
21 0 
22 0 
23 0 
24 0 
25 0 
26 0 
27 0 
28 0 
29 0 
30 0 
31 0 
32 0 
33 0 
34 0 
35 0 
36 0 
37 0 
38 0 
39 0 
40 0 
41 0 
42 0 
43 0 
44 0 
45 0 
46 0 
47 0 
48 0 
49 0 
50 0 
51 0 
52 0 
53 0 
54 0 
55 0 
56 0 
57 0 
58 0 
59 0 
60 0 
61 0 
62 0 
63 0 
64 0 
65 0 
66 0 
67 0 
68 0 
69 0 
70 0 
71 0 
72 0 
73 0 
74 0 
75 0 
76 0 
77 0 
78 0 
79 0 
80 0 
81 0 
82 0 
83 0 
84 0 
85 0 
86 0 
87 0 
88 0 
89 0 
90 0 
91 0 
92 0 
93 0 
94 0 
95 0 
96 0 
97 0 
98 0 
99 0 
100 0 
101 0 
102 0 
103 0 
104 0 
105 0 
106 0 
107 0 
108 0 
109 0 
110 0 
111 0 
112 0 
113 0 
114 0 
115 0 
116 0 
117 0 
118 0 
119 0 
120 0 
121 0 
122 0 
123 0 
124 0 
125 0 
126 0 
127 0 
128 0 
129 0 
130 0 
131 0 
132 0 
133 0 
134 0 
135 0 
136 0 
137 0 
138 0 
139 0 
140 0 
141 0 
142 0 
143 0 
144 0 
145 0 
146 0 
147 0 
148 0 
149 0 
150 0 
151 0 
152 0 
153 0 
154 0 
155 0 
156 0 
157 0 
158 0 
159 0 
160 0 
161 0 
162 0 
163 0 
164 0 
165 0 
166 0 
167 0 
168 0 
169 0 
170 0 
171 0 
172 0 
173 0 
174 0 
175 0 
176 0 
177 0 
178 0 
179 0 
180 0 
181 0 
182 0 
183 0 
184 0 
185 0 
186 0 
187 0 
188 0 
189 0 
190 0 
191 0 
192 0 
193 0 
194 0 
195 0 
196 0 
197 0 
198 0 
199 0 
200 0 
201 0 
202 0 
203 0 
204 0 
205 0 
206 0 
207 0 
208 0 
209 0 
210 0 
211 0 
212 0 
213 0 
214 0 
215 0 
216 0 
217 0 
218 0 
219 0 
220 0 
221 0 
222 0 
223 0 
224 0 
225 0 
226 0 
227 0 
228 0 
229 0 
230 0 
231 0 
232 0 
233 0 
234 0 
235 0 
236 0 
237 0 
238 0 
239 0 
240 0 
241 0 
242 0 
243 0 
244 0 
245 0 
246 0 
247 0 
248 0 
249 0 
250 0 
251 0 
252 0 
253 0 
254 0 
255 0 
256 0 
257 0 
258 0 
259 0 
260 0 
261 0 
262 0 
263 0 
264 0 
265 0 
266 0 
267 0 
268 0 
269 0 
270 0 
271 0 
272 0 
273 0 
274 0 
275 0 
276 0 
277 0 
278 0 
279 0 
280 0 
281 0 
282 0 
283 0 
284 0 
285 0 
286 0 
287 0 
288 0 
289 0 
290 0 
291 7 
292 71 
293 232 
294 616 
295 1558 
296 6644 
297 18554 
298 41584 
299 78814 
300 138156 
301 230433 
302 365696 
303 551646 
304 808678 
305 1.16109e+06 
306 1.63242e+06 
307 2.18125e+06 
308 2.80081e+06 
309 3.49969e+06 
310 4.24008e+06 
311 5.04918e+06 
312 5.86839e+06 
313 6.50732e+06 
314 6.98554e+06 
315 7.40826e+06 
316 7.86194e+06 
317 8.32321e+06 
318 8.80612e+06 
319 9.42621e+06 
320 1.02611e+07 
321 1.14265e+07 
322 1.29117e+07 
323 1.46194e+07 
324 1.6356e+07 
325 1.81518e+07 
326 1.98868e+07 
327 2.14624e+07 
328 2.29224e+07 
329 2.4424e+07 
330 2.60958e+07 
331 2.79164e+07 
332 2.98419e+07 
333 3.18628e+07 
334 3.39423e+07 
335 3.58524e+07 
336 3.78147e+07 
337 4.01718e+07 
338 4.29147e+07 
339 4.60549e+07 
340 4.92579e+07 
341 5.22136e+07 
342 5.48396e+07 
343 5.68738e+07 
344 5.82066e+07 
345 5.89694e+07 
346 5.95601e+07 
347 5.97229e+07 
348 5.9784e+07 
349 6.01499e+07 
350 6.14024e+07 
351 6.34587e+07 
352 6.63959e+07 
353 7.01621e+07 
354 7.47977e+07 
355 8.00355e+07 
356 8.54444e+07 
357 9.086e+07 
358 9.59826e+07 
359 1.00704e+08 
360 1.05556e+08 
361 1.10601e+08 
362 1.15716e+08 
363 1.2063e+08 
364 1.25253e+08 
365 1.29603e+08 
366 1.33809e+08 
367 1.3804e+08 
368 1.42037e+08 
369 1.45936e+08 
370 1.50709e+08 
371 1.57279e+08 
372 1.65367e+08 
373 1.73992e+08 
374 1.82131e+08 
375 1.89432e+08 
376 1.96607e+08 
377 2.04083e+08 
378 2.119e+08 
379 2.19427e+08 
380 2.27223e+08 
381 2.35599e+08 
382 2.45728e+08 
383 2.57304e+08 
384 2.71159e+08 
385 2.87798e+08 
386 3.06695e+08 
387 3.26286e+08 
388 3.44879e+08 
389 3.61419e+08 
390 3.75076e+08 
391 3.86582e+08 
392 3.96705e+08 
393 4.05275e+08 
394 4.12919e+08 
395 4.20678e+08 
396 4.28915e+08 
397 4.38384e+08 
398 4.48538e+08 
399 4.58763e+08 
400 4.67049e+08 
401 4.72469e+08 
402 4.74032e+08 
403 4.7229e+08 
404 4.679e+08 
405 4.61436e+08 
406 4.53206e+08 
407 4.44525e+08 
408 4.35223e+08 
409 4.25522e+08 
410 4.1537e+08 
411 4.05066e+08 
412 3.94848e+08 
413 3.84619e+08 
414 3.74649e+08 
415 3.64155e+08 
416 3.52611e+08 
417 3.39956e+08 
418 3.26094e+08 
419 3.11358e+08 
420 2.95698e+08 
421 2.79038e+08 
422 2.62011e+08 
423 2.44249e+08 
424 2.26098e+08 
425 2.08609e+08 
426 1.92152e+08 
427 1.77215e+08 
428 1.64364e+08 
429 1.53273e+08 
430 1.43599e+08 
431 1.35069e+08 
432 1.27621e+08 
433 1.20896e+08 
434 1.14378e+08 
435 1.0779e+08 
436 1.01266e+08 
437 9.48007e+07 
438 8.91907e+07 
439 8.46571e+07 
440 8.11009e+07 
441 7.82718e+07 
442 7.57524e+07 
443 7.36774e+07 
444 7.18675e+07 
445 7.02451e+07 
446 6.85026e+07 
447 6.64064e+07 
448 6.38698e+07 
449 6.08131e+07 
450 5.74028e+07 
451 5.38966e+07 
452 5.03989e+07 
453 4.70683e+07 
454 4.37973e+07 
455 4.05352e+07 
456 3.71807e+07 
457 3.41423e+07 
458 3.16953e+07 
459 2.97715e+07 
460 2.84634e+07 
461 2.76729e+07 
462 2.75237e+07 
463 2.80454e+07 
464 2.89003e+07 
465 2.98027e+07 
466 3.07721e+07 
467 3.18408e+07 
468 3.28878e+07 
469 3.3722e+07 
470 3.40203e+07 
471 3.38329e+07 
472 3.30161e+07 
473 3.13557e+07 
474 2.90385e+07 
475 2.64544e+07 
476 2.37065e+07 
477 2.11005e+07 
478 1.86936e+07 
479 1.63973e+07 
480 1.44095e+07 
481 1.29033e+07 
482 1.18571e+07 
483 1.1274e+07 
484 1.09292e+07 
485 1.06142e+07 
486 1.02335e+07 
487 9.67698e+06 
488 9.0311e+06 
489 8.50629e+06 
490 8.15477e+06 
491 7.88464e+06 
492 7.63424e+06 
493 7.4382e+06 
494 7.31121e+06 
495 7.18004e+06 
496 7.03633e+06 
497 6.80473e+06 
498 6.5055e+06 
499 6.03417e+06 
500 5.42774e+06 
501 4.73888e+06 
502 4.05737e+06 
503 3.4202e+06 
504 2.79445e+06 
505 2.24607e+06 
506 1.79072e+06 
507 1.39637e+06 
508 1.0535e+06 
509 762869 
510 509913 
511 317891 
512 178562 
513 88348 
514 41019 
515 17614 
516 5238 
517 1160 
518 108 
519 10 
520 0 
521 0 
522 0 
523 0 
524 0 
525 0 
526 0 
527 0 
528 0 
529 0 
530 0 
531 0 
532 0 
533 0 
534 0 
535 0 
536 0 
537 0 
538 0 
539 0 
540 0 
541 0 
542 0 
543 0 
544 0 
545 0 
546 0 
547 0 
548 0 
549 0 
550 0 
551 0 
552 0 
553 0 
554 0 
555 0 
556 0 
557 0 
558 0 
559 0 
560 0 
561 0 
562 0 
563 0 
564 0 
565 0 
566 0 
567 0 
568 0 
569 0 
570 0 
571 0 
572 0 
573 0 
574 0 
575 0 
576 0 
577 0 
578 0 
579 0 
580 0 
581 0 
582 0 
583 0 
584 0 
585 0 
586 0 
587 0 
588 0 
589 0 
590 0 
591 0 
592 0 
593 0 
594 0 
595 0 
596 0 
597 0 
598 0 
599 0 
600 0 
601 0 
602 0 
603 0 
604 0 
605 0 
606 0 
607 0 
608 0 
609 0 
610 0 
611 0 
612 0 
613 0 
614 0 
615 0 
616 0 
617 0 
618 0 
619 0 
620 0 
621 0 
622 0 
623 0 
624 0 
625 0 
626 0 
627 0 
628 0 
629 0 
630 0 
631 0 
632 0 
633 0 
634 0 
635 0 
636 0 
637 0 
638 0 
639 0 
640 0 
641 0 
642 0 
643 0 
644 0 
645 0 
646 0 
647 0 
648 0 
649 0 
650 0 
651 0 
652 0 
653 0 
654 0 
655 0 
656 0 
657 0 
658 0 
659 0 
660 0 
661 0 
662 0 
663 0 
664 0 
665 0 
666 0 
667 0 
668 0 
669 0 
670 0 
671 0 
672 0 
673 0 
674 0 
675 0 
676 0 
677 0 
678 0 
679 0 
680 0 
681 0 
682 0 
683 0 
684 0 
685 0 
686 0 
687 0 
688 0 
689 0 
690 0 
691 0 
692 0 
693 0 
694 0 
695 0 
696 0 
697 0 
698 0 
699 0 
700 0 
701 0 
702 0 
703 0 
704 0 
705 0 
706 0 
707 0 
708 0 
709 0 
710 0 
711 0 
712 0 
713 0 
714 0 
715 0 
716 0 
717 0 
718 0 
719 0 
720 0 
721 0 
722 0 
723 0 
724 0 
725 0 
726 0 
727 0 
728 0 
729 0 
730 0 
731 0 
732 0 
733 0 
734 0 
735 0 
736 0 
737 0 
738 0 
739 0 
740 0 
741 0 
742 0 
743 0 
744 0 
745 0 
746 0 
747 0 
748 0 
749 0 
750 0 
751 0 
752 0 
753 0 
754 0 
755 0 
756 0 
757 0 
758 0 
759 0 
760 0 
761 0 
762 0 
763 0 
764 0 
765 0 
766 0 
767 0 
768 0 
769 0 
770 0 
771 0 
772 0 
773 0 
774 0 
775 0 
776 0 
777 0 
778 0 
779 0 
780 0 
781 0 
782 0 
783 0 
784 0 
785 0 
786 0 
787 0 
788 0 
789 0 
790 0 
791 0 
792 0 
793 0 
794 0 
795 0 
796 0 
797 0 
798 0 
799 0 
