0 0 
1 0 
2 0 
3 0 
4 0 
5 0 
6 0 
7 0 
8 0 
9 0 
10 0 
11 0 
12 0 
13 0 
14 0 
15 0 
16 0 
17 0 
18 0 
19 0 
20 0 
21 0 
22 0 
23 0 
24 0 
25 0 
26 0 
27 0 
28 0 
29 0 
30 0 
31 0 
32 0 
33 0 
34 0 
35 0 
36 0 
37 0 
38 0 
39 0 
40 0 
41 0 
42 0 
43 0 
44 0 
45 0 
46 0 
47 0 
48 0 
49 0 
50 0 
51 0 
52 0 
53 0 
54 0 
55 0 
56 0 
57 0 
58 0 
59 0 
60 0 
61 0 
62 0 
63 0 
64 0 
65 0 
66 0 
67 0 
68 0 
69 0 
70 0 
71 0 
72 0 
73 0 
74 0 
75 0 
76 0 
77 0 
78 0 
79 0 
80 0 
81 0 
82 0 
83 0 
84 0 
85 0 
86 0 
87 0 
88 0 
89 0 
90 0 
91 0 
92 0 
93 0 
94 0 
95 0 
96 0 
97 0 
98 0 
99 0 
100 0 
101 0 
102 0 
103 0 
104 0 
105 0 
106 0 
107 0 
108 0 
109 0 
110 0 
111 0 
112 0 
113 0 
114 0 
115 0 
116 0 
117 0 
118 0 
119 0 
120 0 
121 0 
122 0 
123 0 
124 0 
125 0 
126 0 
127 0 
128 0 
129 0 
130 0 
131 0 
132 0 
133 0 
134 0 
135 0 
136 0 
137 0 
138 0 
139 0 
140 0 
141 0 
142 0 
143 0 
144 0 
145 0 
146 0 
147 0 
148 0 
149 0 
150 0 
151 0 
152 0 
153 0 
154 0 
155 0 
156 0 
157 0 
158 0 
159 0 
160 0 
161 0 
162 0 
163 0 
164 0 
165 0 
166 0 
167 0 
168 0 
169 0 
170 0 
171 0 
172 0 
173 0 
174 0 
175 0 
176 0 
177 0 
178 0 
179 0 
180 0 
181 0 
182 0 
183 0 
184 0 
185 0 
186 0 
187 0 
188 0 
189 0 
190 0 
191 0 
192 0 
193 10 
194 79 
195 162 
196 572 
197 1308 
198 2276 
199 4318 
200 7431 
201 13114 
202 22443 
203 38069 
204 59065 
205 81973 
206 104781 
207 127369 
208 155505 
209 192384 
210 238137 
211 304487 
212 385862 
213 481322 
214 599323 
215 749911 
216 947536 
217 1.18893e+06 
218 1.48305e+06 
219 1.8213e+06 
220 2.20252e+06 
221 2.63224e+06 
222 3.086e+06 
223 3.59493e+06 
224 4.11938e+06 
225 4.66114e+06 
226 5.22548e+06 
227 5.79762e+06 
228 6.42525e+06 
229 7.09304e+06 
230 7.79929e+06 
231 8.53879e+06 
232 9.3177e+06 
233 1.01108e+07 
234 1.09208e+07 
235 1.16965e+07 
236 1.24255e+07 
237 1.30888e+07 
238 1.37194e+07 
239 1.42578e+07 
240 1.46901e+07 
241 1.50176e+07 
242 1.52441e+07 
243 1.54215e+07 
244 1.55154e+07 
245 1.55909e+07 
246 1.56517e+07 
247 1.5661e+07 
248 1.56027e+07 
249 1.55403e+07 
250 1.54076e+07 
251 1.52396e+07 
252 1.50354e+07 
253 1.48053e+07 
254 1.45305e+07 
255 1.42337e+07 
256 1.38688e+07 
257 1.35068e+07 
258 1.31833e+07 
259 1.2978e+07 
260 1.28894e+07 
261 1.28984e+07 
262 1.29894e+07 
263 1.31838e+07 
264 1.34827e+07 
265 1.39154e+07 
266 1.45289e+07 
267 1.53551e+07 
268 1.6433e+07 
269 1.76441e+07 
270 1.89598e+07 
271 2.02509e+07 
272 2.1514e+07 
273 2.2755e+07 
274 2.40081e+07 
275 2.52407e+07 
276 2.64671e+07 
277 2.76941e+07 
278 2.88956e+07 
279 3.00259e+07 
280 3.10942e+07 
281 3.21099e+07 
282 3.30805e+07 
283 3.40356e+07 
284 3.50341e+07 
285 3.61073e+07 
286 3.71825e+07 
287 3.82147e+07 
288 3.92172e+07 
289 4.01853e+07 
290 4.11813e+07 
291 4.23314e+07 
292 4.35614e+07 
293 4.48258e+07 
294 4.60704e+07 
295 4.72184e+07 
296 4.83914e+07 
297 4.96392e+07 
298 5.09426e+07 
299 5.23084e+07 
300 5.37382e+07 
301 5.5122e+07 
302 5.63588e+07 
303 5.73194e+07 
304 5.79691e+07 
305 5.82697e+07 
306 5.84223e+07 
307 5.84671e+07 
308 5.83949e+07 
309 5.82733e+07 
310 5.80628e+07 
311 5.77339e+07 
312 5.7261e+07 
313 5.66563e+07 
314 5.5949e+07 
315 5.51533e+07 
316 5.4225e+07 
317 5.32762e+07 
318 5.22976e+07 
319 5.13689e+07 
320 5.05779e+07 
321 4.99096e+07 
322 4.94677e+07 
323 4.92255e+07 
324 4.91478e+07 
325 4.92142e+07 
326 4.94617e+07 
327 4.98715e+07 
328 5.0444e+07 
329 5.0997e+07 
330 5.16269e+07 
331 5.2291e+07 
332 5.29742e+07 
333 5.36127e+07 
334 5.42729e+07 
335 5.49572e+07 
336 5.56214e+07 
337 5.62416e+07 
338 5.69698e+07 
339 5.78813e+07 
340 5.89069e+07 
341 6.00361e+07 
342 6.12124e+07 
343 6.23804e+07 
344 6.34824e+07 
345 6.4413e+07 
346 6.52027e+07 
347 6.59676e+07 
348 6.68016e+07 
349 6.7615e+07 
350 6.83721e+07 
351 6.9073e+07 
352 6.96708e+07 
353 7.03235e+07 
354 7.10275e+07 
355 7.17203e+07 
356 7.24378e+07 
357 7.30496e+07 
358 7.36396e+07 
359 7.41547e+07 
360 7.47435e+07 
361 7.53905e+07 
362 7.61036e+07 
363 7.67382e+07 
364 7.73943e+07 
365 7.79689e+07 
366 7.84366e+07 
367 7.87934e+07 
368 7.91454e+07 
369 7.94118e+07 
370 7.95997e+07 
371 7.98005e+07 
372 7.9931e+07 
373 7.9874e+07 
374 7.95669e+07 
375 7.91021e+07 
376 7.85227e+07 
377 7.75495e+07 
378 7.63127e+07 
379 7.47774e+07 
380 7.31402e+07 
381 7.1517e+07 
382 6.99865e+07 
383 6.86489e+07 
384 6.75608e+07 
385 6.68369e+07 
386 6.65654e+07 
387 6.67122e+07 
388 6.72328e+07 
389 6.82021e+07 
390 6.97539e+07 
391 7.18484e+07 
392 7.44847e+07 
393 7.7654e+07 
394 8.1358e+07 
395 8.54702e+07 
396 8.97486e+07 
397 9.3886e+07 
398 9.77509e+07 
399 1.01117e+08 
400 1.04007e+08 
401 1.06441e+08 
402 1.08411e+08 
403 1.09876e+08 
404 1.10987e+08 
405 1.11716e+08 
406 1.12056e+08 
407 1.11989e+08 
408 1.11573e+08 
409 1.11012e+08 
410 1.1043e+08 
411 1.09907e+08 
412 1.09391e+08 
413 1.0878e+08 
414 1.08279e+08 
415 1.07816e+08 
416 1.07358e+08 
417 1.068e+08 
418 1.06177e+08 
419 1.05501e+08 
420 1.0489e+08 
421 1.04242e+08 
422 1.03589e+08 
423 1.03025e+08 
424 1.02574e+08 
425 1.02306e+08 
426 1.02244e+08 
427 1.02426e+08 
428 1.0291e+08 
429 1.03824e+08 
430 1.05146e+08 
431 1.0672e+08 
432 1.08325e+08 
433 1.09892e+08 
434 1.11443e+08 
435 1.12867e+08 
436 1.1415e+08 
437 1.15285e+08 
438 1.16118e+08 
439 1.16619e+08 
440 1.16813e+08 
441 1.16592e+08 
442 1.15886e+08 
443 1.14713e+08 
444 1.13334e+08 
445 1.11788e+08 
446 1.1027e+08 
447 1.08966e+08 
448 1.0783e+08 
449 1.06763e+08 
450 1.05787e+08 
451 1.04813e+08 
452 1.03928e+08 
453 1.03283e+08 
454 1.0277e+08 
455 1.02363e+08 
456 1.01943e+08 
457 1.01531e+08 
458 1.01152e+08 
459 1.00835e+08 
460 1.00499e+08 
461 1.00219e+08 
462 1.0006e+08 
463 9.99668e+07 
464 9.99617e+07 
465 1.00023e+08 
466 1.00166e+08 
467 1.00483e+08 
468 1.00894e+08 
469 1.01377e+08 
470 1.01968e+08 
471 1.02637e+08 
472 1.03303e+08 
473 1.04063e+08 
474 1.04833e+08 
475 1.05616e+08 
476 1.06617e+08 
477 1.07785e+08 
478 1.0903e+08 
479 1.10311e+08 
480 1.11612e+08 
481 1.12838e+08 
482 1.13979e+08 
483 1.15172e+08 
484 1.16297e+08 
485 1.17223e+08 
486 1.18056e+08 
487 1.18895e+08 
488 1.19704e+08 
489 1.2029e+08 
490 1.20521e+08 
491 1.20306e+08 
492 1.19571e+08 
493 1.18576e+08 
494 1.17251e+08 
495 1.15813e+08 
496 1.14522e+08 
497 1.13276e+08 
498 1.12134e+08 
499 1.11029e+08 
500 1.10024e+08 
501 1.09216e+08 
502 1.08609e+08 
503 1.0828e+08 
504 1.08152e+08 
505 1.08413e+08 
506 1.09104e+08 
507 1.10174e+08 
508 1.11479e+08 
509 1.13104e+08 
510 1.14929e+08 
511 1.1704e+08 
512 1.19262e+08 
513 1.2155e+08 
514 1.23876e+08 
515 1.26125e+08 
516 1.28277e+08 
517 1.30419e+08 
518 1.32309e+08 
519 1.33804e+08 
520 1.34839e+08 
521 1.35349e+08 
522 1.35232e+08 
523 1.34487e+08 
524 1.33199e+08 
525 1.3139e+08 
526 1.29114e+08 
527 1.26538e+08 
528 1.23761e+08 
529 1.20819e+08 
530 1.17823e+08 
531 1.14944e+08 
532 1.12203e+08 
533 1.09614e+08 
534 1.07056e+08 
535 1.04395e+08 
536 1.01752e+08 
537 9.92138e+07 
538 9.66667e+07 
539 9.41317e+07 
540 9.17443e+07 
541 8.95163e+07 
542 8.72931e+07 
543 8.49935e+07 
544 8.25007e+07 
545 7.9933e+07 
546 7.73573e+07 
547 7.48104e+07 
548 7.22039e+07 
549 6.9427e+07 
550 6.65043e+07 
551 6.35028e+07 
552 6.03604e+07 
553 5.71441e+07 
554 5.39053e+07 
555 5.06386e+07 
556 4.73653e+07 
557 4.4121e+07 
558 4.09498e+07 
559 3.78745e+07 
560 3.49185e+07 
561 3.21037e+07 
562 2.95149e+07 
563 2.70579e+07 
564 2.4737e+07 
565 2.2584e+07 
566 2.06453e+07 
567 1.89272e+07 
568 1.73957e+07 
569 1.60465e+07 
570 1.48103e+07 
571 1.36659e+07 
572 1.26284e+07 
573 1.16612e+07 
574 1.07257e+07 
575 9.87428e+06 
576 9.12007e+06 
577 8.47372e+06 
578 7.92543e+06 
579 7.45134e+06 
580 7.01804e+06 
581 6.60804e+06 
582 6.21206e+06 
583 5.80051e+06 
584 5.37494e+06 
585 4.90439e+06 
586 4.43193e+06 
587 3.96626e+06 
588 3.50456e+06 
589 3.05631e+06 
590 2.6342e+06 
591 2.22981e+06 
592 1.86124e+06 
593 1.52605e+06 
594 1.23799e+06 
595 980862 
596 761004 
597 581545 
598 434184 
599 314951 
600 222483 
601 151540 
602 101131 
603 63942 
604 38412 
605 21995 
606 10853 
607 5145 
608 1687 
609 583 
610 256 
611 55 
612 3 
613 3 
614 0 
615 0 
616 0 
617 0 
618 0 
619 0 
620 0 
621 0 
622 0 
623 0 
624 0 
625 0 
626 0 
627 0 
628 0 
629 0 
630 0 
631 0 
632 0 
633 0 
634 0 
635 0 
636 0 
637 0 
638 0 
639 0 
640 0 
641 0 
642 0 
643 0 
644 0 
645 0 
646 0 
647 0 
648 0 
649 0 
650 0 
651 0 
652 0 
653 0 
654 0 
655 0 
656 0 
657 0 
658 0 
659 0 
660 0 
661 0 
662 0 
663 0 
664 0 
665 0 
666 0 
667 0 
668 0 
669 0 
670 0 
671 0 
672 0 
673 0 
674 0 
675 0 
676 0 
677 0 
678 0 
679 0 
680 0 
681 0 
682 0 
683 0 
684 0 
685 0 
686 0 
687 0 
688 0 
689 0 
690 0 
691 0 
692 0 
693 0 
694 0 
695 0 
696 0 
697 0 
698 0 
699 0 
700 0 
701 0 
702 0 
703 0 
704 0 
705 0 
706 0 
707 0 
708 0 
709 0 
710 0 
711 0 
712 0 
713 0 
714 0 
715 0 
716 0 
717 0 
718 0 
719 0 
720 0 
721 0 
722 0 
723 0 
724 0 
725 0 
726 0 
727 0 
728 0 
729 0 
730 0 
731 0 
732 0 
733 0 
734 0 
735 0 
736 0 
737 0 
738 0 
739 0 
740 0 
741 0 
742 0 
743 0 
744 0 
745 0 
746 0 
747 0 
748 0 
749 0 
750 0 
751 0 
752 0 
753 0 
754 0 
755 0 
756 0 
757 0 
758 0 
759 0 
760 0 
761 0 
762 0 
763 0 
764 0 
765 0 
766 0 
767 0 
768 0 
769 0 
770 0 
771 0 
772 0 
773 0 
774 0 
775 0 
776 0 
777 0 
778 0 
779 0 
780 0 
781 0 
782 0 
783 0 
784 0 
785 0 
786 0 
787 0 
788 0 
789 0 
790 0 
791 0 
792 0 
793 0 
794 0 
795 0 
796 0 
797 0 
798 0 
799 0 
