0 0 
1 0 
2 0 
3 0 
4 0 
5 0 
6 0 
7 0 
8 0 
9 0 
10 0 
11 0 
12 0 
13 0 
14 0 
15 0 
16 0 
17 0 
18 0 
19 0 
20 0 
21 0 
22 0 
23 0 
24 0 
25 0 
26 0 
27 0 
28 0 
29 0 
30 0 
31 0 
32 0 
33 0 
34 0 
35 0 
36 0 
37 0 
38 0 
39 0 
40 0 
41 0 
42 0 
43 0 
44 0 
45 0 
46 0 
47 0 
48 0 
49 0 
50 0 
51 0 
52 0 
53 0 
54 0 
55 0 
56 0 
57 0 
58 0 
59 0 
60 0 
61 0 
62 0 
63 0 
64 0 
65 0 
66 0 
67 0 
68 0 
69 0 
70 0 
71 0 
72 0 
73 0 
74 0 
75 0 
76 0 
77 0 
78 0 
79 0 
80 0 
81 0 
82 0 
83 0 
84 0 
85 0 
86 0 
87 0 
88 0 
89 0 
90 0 
91 0 
92 0 
93 0 
94 0 
95 0 
96 0 
97 0 
98 0 
99 0 
100 0 
101 0 
102 0 
103 0 
104 0 
105 0 
106 0 
107 0 
108 0 
109 0 
110 0 
111 0 
112 0 
113 0 
114 0 
115 0 
116 0 
117 0 
118 0 
119 0 
120 0 
121 0 
122 0 
123 0 
124 0 
125 0 
126 0 
127 0 
128 0 
129 0 
130 0 
131 0 
132 0 
133 0 
134 0 
135 0 
136 0 
137 0 
138 0 
139 0 
140 0 
141 0 
142 0 
143 0 
144 0 
145 0 
146 0 
147 0 
148 0 
149 0 
150 0 
151 0 
152 0 
153 0 
154 0 
155 0 
156 0 
157 0 
158 0 
159 0 
160 0 
161 0 
162 0 
163 0 
164 0 
165 0 
166 0 
167 0 
168 0 
169 0 
170 0 
171 0 
172 0 
173 0 
174 0 
175 0 
176 0 
177 0 
178 0 
179 0 
180 0 
181 0 
182 0 
183 0 
184 0 
185 0 
186 0 
187 0 
188 0 
189 0 
190 0 
191 0 
192 0 
193 0 
194 0 
195 0 
196 0 
197 0 
198 0 
199 0 
200 0 
201 0 
202 0 
203 0 
204 0 
205 0 
206 0 
207 0 
208 0 
209 0 
210 0 
211 0 
212 0 
213 0 
214 0 
215 0 
216 0 
217 0 
218 0 
219 0 
220 3 
221 26 
222 134 
223 347 
224 799 
225 1761 
226 3634 
227 6590 
228 11500 
229 18614 
230 28399 
231 39472 
232 54088 
233 71862 
234 97619 
235 134291 
236 183868 
237 246236 
238 334896 
239 450802 
240 607532 
241 820315 
242 1.09521e+06 
243 1.41579e+06 
244 1.7908e+06 
245 2.2136e+06 
246 2.69574e+06 
247 3.21076e+06 
248 3.77323e+06 
249 4.37363e+06 
250 4.98833e+06 
251 5.60322e+06 
252 6.17998e+06 
253 6.71788e+06 
254 7.15432e+06 
255 7.49063e+06 
256 7.74976e+06 
257 7.94405e+06 
258 8.09319e+06 
259 8.21438e+06 
260 8.32608e+06 
261 8.42434e+06 
262 8.52886e+06 
263 8.58459e+06 
264 8.57538e+06 
265 8.47287e+06 
266 8.31427e+06 
267 8.07582e+06 
268 7.77869e+06 
269 7.42763e+06 
270 7.08491e+06 
271 6.72937e+06 
272 6.37384e+06 
273 6.04593e+06 
274 5.74564e+06 
275 5.50299e+06 
276 5.31077e+06 
277 5.15708e+06 
278 5.03264e+06 
279 4.92333e+06 
280 4.8718e+06 
281 4.8794e+06 
282 4.92741e+06 
283 5.02857e+06 
284 5.17428e+06 
285 5.34397e+06 
286 5.51709e+06 
287 5.70567e+06 
288 5.92824e+06 
289 6.21153e+06 
290 6.5555e+06 
291 6.99696e+06 
292 7.56372e+06 
293 8.19832e+06 
294 8.89018e+06 
295 9.6314e+06 
296 1.04248e+07 
297 1.12856e+07 
298 1.2202e+07 
299 1.31994e+07 
300 1.43358e+07 
301 1.56203e+07 
302 1.70383e+07 
303 1.85186e+07 
304 2.00833e+07 
305 2.17302e+07 
306 2.3406e+07 
307 2.50506e+07 
308 2.66435e+07 
309 2.81722e+07 
310 2.95924e+07 
311 3.09025e+07 
312 3.21087e+07 
313 3.30985e+07 
314 3.38699e+07 
315 3.43978e+07 
316 3.471e+07 
317 3.49047e+07 
318 3.50512e+07 
319 3.51713e+07 
320 3.5212e+07 
321 3.52153e+07 
322 3.52825e+07 
323 3.53927e+07 
324 3.56122e+07 
325 3.58957e+07 
326 3.62695e+07 
327 3.66689e+07 
328 3.70396e+07 
329 3.73809e+07 
330 3.77072e+07 
331 3.80338e+07 
332 3.835e+07 
333 3.8589e+07 
334 3.86947e+07 
335 3.86028e+07 
336 3.84337e+07 
337 3.81482e+07 
338 3.79016e+07 
339 3.77944e+07 
340 3.79731e+07 
341 3.85247e+07 
342 3.94392e+07 
343 4.07467e+07 
344 4.2431e+07 
345 4.44373e+07 
346 4.66337e+07 
347 4.89978e+07 
348 5.14648e+07 
349 5.39336e+07 
350 5.64084e+07 
351 5.89944e+07 
352 6.1961e+07 
353 6.51452e+07 
354 6.85026e+07 
355 7.21183e+07 
356 7.59227e+07 
357 7.97002e+07 
358 8.36007e+07 
359 8.76289e+07 
360 9.18832e+07 
361 9.6345e+07 
362 1.01128e+08 
363 1.06287e+08 
364 1.11715e+08 
365 1.17338e+08 
366 1.23185e+08 
367 1.29219e+08 
368 1.35371e+08 
369 1.41643e+08 
370 1.48046e+08 
371 1.54467e+08 
372 1.60909e+08 
373 1.67278e+08 
374 1.73536e+08 
375 1.7983e+08 
376 1.86358e+08 
377 1.93135e+08 
378 2.00184e+08 
379 2.07353e+08 
380 2.14629e+08 
381 2.22053e+08 
382 2.29627e+08 
383 2.3749e+08 
384 2.45455e+08 
385 2.53327e+08 
386 2.61195e+08 
387 2.69111e+08 
388 2.77161e+08 
389 2.85117e+08 
390 2.92984e+08 
391 3.00723e+08 
392 3.08237e+08 
393 3.15398e+08 
394 3.22377e+08 
395 3.29081e+08 
396 3.35202e+08 
397 3.40425e+08 
398 3.44827e+08 
399 3.4829e+08 
400 3.50895e+08 
401 3.52272e+08 
402 3.52376e+08 
403 3.51091e+08 
404 3.48743e+08 
405 3.45172e+08 
406 3.4069e+08 
407 3.35526e+08 
408 3.2993e+08 
409 3.24053e+08 
410 3.17908e+08 
411 3.11612e+08 
412 3.05393e+08 
413 2.99169e+08 
414 2.92676e+08 
415 2.86182e+08 
416 2.79765e+08 
417 2.73522e+08 
418 2.67443e+08 
419 2.61724e+08 
420 2.56295e+08 
421 2.51368e+08 
422 2.47007e+08 
423 2.43044e+08 
424 2.3915e+08 
425 2.35117e+08 
426 2.30856e+08 
427 2.26376e+08 
428 2.21855e+08 
429 2.17157e+08 
430 2.12238e+08 
431 2.07054e+08 
432 2.01602e+08 
433 1.95964e+08 
434 1.90197e+08 
435 1.84287e+08 
436 1.78182e+08 
437 1.71929e+08 
438 1.65587e+08 
439 1.59072e+08 
440 1.5241e+08 
441 1.45633e+08 
442 1.38616e+08 
443 1.31467e+08 
444 1.24379e+08 
445 1.17506e+08 
446 1.11038e+08 
447 1.05009e+08 
448 9.92947e+07 
449 9.39385e+07 
450 8.90609e+07 
451 8.45173e+07 
452 8.0387e+07 
453 7.67445e+07 
454 7.34083e+07 
455 7.04364e+07 
456 6.77871e+07 
457 6.54333e+07 
458 6.32323e+07 
459 6.12848e+07 
460 5.94944e+07 
461 5.78374e+07 
462 5.62094e+07 
463 5.47117e+07 
464 5.33383e+07 
465 5.21282e+07 
466 5.10448e+07 
467 5.00199e+07 
468 4.91129e+07 
469 4.83262e+07 
470 4.75197e+07 
471 4.67113e+07 
472 4.59494e+07 
473 4.51803e+07 
474 4.44033e+07 
475 4.35491e+07 
476 4.25265e+07 
477 4.13613e+07 
478 3.99332e+07 
479 3.81891e+07 
480 3.62502e+07 
481 3.42131e+07 
482 3.2155e+07 
483 3.01733e+07 
484 2.83262e+07 
485 2.6492e+07 
486 2.47014e+07 
487 2.2977e+07 
488 2.13787e+07 
489 1.98492e+07 
490 1.84996e+07 
491 1.7335e+07 
492 1.63616e+07 
493 1.55403e+07 
494 1.4789e+07 
495 1.40623e+07 
496 1.33587e+07 
497 1.26713e+07 
498 1.20012e+07 
499 1.13809e+07 
500 1.08092e+07 
501 1.02367e+07 
502 9.64881e+06 
503 9.08454e+06 
504 8.56472e+06 
505 8.083e+06 
506 7.64365e+06 
507 7.25892e+06 
508 6.94082e+06 
509 6.69761e+06 
510 6.53936e+06 
511 6.46934e+06 
512 6.44336e+06 
513 6.42772e+06 
514 6.40754e+06 
515 6.39097e+06 
516 6.38901e+06 
517 6.39654e+06 
518 6.39069e+06 
519 6.34898e+06 
520 6.22566e+06 
521 6.02993e+06 
522 5.81606e+06 
523 5.57938e+06 
524 5.3402e+06 
525 5.07178e+06 
526 4.75192e+06 
527 4.37254e+06 
528 3.95986e+06 
529 3.54296e+06 
530 3.14397e+06 
531 2.74018e+06 
532 2.32566e+06 
533 1.9211e+06 
534 1.54684e+06 
535 1.21862e+06 
536 947372 
537 714815 
538 524375 
539 377634 
540 262036 
541 173668 
542 108340 
543 62940 
544 33840 
545 17205 
546 8353 
547 3382 
548 1225 
549 334 
550 70 
551 17 
552 0 
553 0 
554 0 
555 0 
556 0 
557 0 
558 0 
559 0 
560 0 
561 0 
562 0 
563 0 
564 0 
565 0 
566 0 
567 0 
568 0 
569 0 
570 0 
571 0 
572 0 
573 0 
574 0 
575 0 
576 0 
577 0 
578 0 
579 0 
580 0 
581 0 
582 0 
583 0 
584 0 
585 0 
586 0 
587 0 
588 0 
589 0 
590 0 
591 0 
592 0 
593 0 
594 0 
595 0 
596 0 
597 0 
598 0 
599 0 
600 0 
601 0 
602 0 
603 0 
604 0 
605 0 
606 0 
607 0 
608 0 
609 0 
610 0 
611 0 
612 0 
613 0 
614 0 
615 0 
616 0 
617 0 
618 0 
619 0 
620 0 
621 0 
622 0 
623 0 
624 0 
625 0 
626 0 
627 0 
628 0 
629 0 
630 0 
631 0 
632 0 
633 0 
634 0 
635 0 
636 0 
637 0 
638 0 
639 0 
640 0 
641 0 
642 0 
643 0 
644 0 
645 0 
646 0 
647 0 
648 0 
649 0 
650 0 
651 0 
652 0 
653 0 
654 0 
655 0 
656 0 
657 0 
658 0 
659 0 
660 0 
661 0 
662 0 
663 0 
664 0 
665 0 
666 0 
667 0 
668 0 
669 0 
670 0 
671 0 
672 0 
673 0 
674 0 
675 0 
676 0 
677 0 
678 0 
679 0 
680 0 
681 0 
682 0 
683 0 
684 0 
685 0 
686 0 
687 0 
688 0 
689 0 
690 0 
691 0 
692 0 
693 0 
694 0 
695 0 
696 0 
697 0 
698 0 
699 0 
700 0 
701 0 
702 0 
703 0 
704 0 
705 0 
706 0 
707 0 
708 0 
709 0 
710 0 
711 0 
712 0 
713 0 
714 0 
715 0 
716 0 
717 0 
718 0 
719 0 
720 0 
721 0 
722 0 
723 0 
724 0 
725 0 
726 0 
727 0 
728 0 
729 0 
730 0 
731 0 
732 0 
733 0 
734 0 
735 0 
736 0 
737 0 
738 0 
739 0 
740 0 
741 0 
742 0 
743 0 
744 0 
745 0 
746 0 
747 0 
748 0 
749 0 
750 0 
751 0 
752 0 
753 0 
754 0 
755 0 
756 0 
757 0 
758 0 
759 0 
760 0 
761 0 
762 0 
763 0 
764 0 
765 0 
766 0 
767 0 
768 0 
769 0 
770 0 
771 0 
772 0 
773 0 
774 0 
775 0 
776 0 
777 0 
778 0 
779 0 
780 0 
781 0 
782 0 
783 0 
784 0 
785 0 
786 0 
787 0 
788 0 
789 0 
790 0 
791 0 
792 0 
793 0 
794 0 
795 0 
796 0 
797 0 
798 0 
799 0 
