0 0 
1 0 
2 0 
3 0 
4 0 
5 0 
6 0 
7 0 
8 0 
9 0 
10 0 
11 0 
12 0 
13 0 
14 0 
15 0 
16 0 
17 0 
18 0 
19 0 
20 0 
21 0 
22 0 
23 0 
24 0 
25 0 
26 0 
27 0 
28 0 
29 0 
30 0 
31 0 
32 0 
33 0 
34 0 
35 0 
36 0 
37 0 
38 0 
39 0 
40 0 
41 0 
42 0 
43 0 
44 0 
45 0 
46 0 
47 0 
48 0 
49 0 
50 0 
51 0 
52 0 
53 0 
54 0 
55 0 
56 0 
57 0 
58 0 
59 0 
60 0 
61 0 
62 0 
63 0 
64 0 
65 0 
66 0 
67 0 
68 0 
69 0 
70 0 
71 0 
72 0 
73 0 
74 0 
75 0 
76 0 
77 0 
78 0 
79 0 
80 0 
81 0 
82 0 
83 0 
84 0 
85 0 
86 0 
87 0 
88 0 
89 0 
90 0 
91 0 
92 0 
93 0 
94 0 
95 0 
96 0 
97 0 
98 0 
99 0 
100 0 
101 0 
102 0 
103 0 
104 0 
105 0 
106 0 
107 0 
108 0 
109 0 
110 0 
111 0 
112 0 
113 0 
114 0 
115 0 
116 0 
117 0 
118 0 
119 0 
120 0 
121 0 
122 0 
123 0 
124 0 
125 0 
126 0 
127 0 
128 0 
129 0 
130 0 
131 0 
132 0 
133 0 
134 0 
135 0 
136 0 
137 0 
138 0 
139 0 
140 0 
141 0 
142 0 
143 0 
144 0 
145 0 
146 0 
147 0 
148 0 
149 0 
150 0 
151 0 
152 0 
153 0 
154 0 
155 0 
156 0 
157 0 
158 0 
159 0 
160 0 
161 0 
162 0 
163 0 
164 0 
165 0 
166 0 
167 0 
168 0 
169 0 
170 0 
171 0 
172 0 
173 0 
174 0 
175 0 
176 0 
177 0 
178 0 
179 0 
180 0 
181 0 
182 0 
183 0 
184 0 
185 0 
186 0 
187 0 
188 0 
189 0 
190 0 
191 0 
192 0 
193 0 
194 0 
195 0 
196 0 
197 0 
198 0 
199 0 
200 0 
201 0 
202 0 
203 0 
204 0 
205 0 
206 0 
207 0 
208 0 
209 0 
210 0 
211 0 
212 0 
213 0 
214 0 
215 0 
216 0 
217 0 
218 0 
219 0 
220 0 
221 0 
222 0 
223 0 
224 0 
225 0 
226 0 
227 0 
228 0 
229 0 
230 0 
231 0 
232 0 
233 0 
234 0 
235 0 
236 0 
237 0 
238 0 
239 0 
240 0 
241 0 
242 0 
243 0 
244 0 
245 0 
246 0 
247 0 
248 0 
249 0 
250 0 
251 0 
252 0 
253 0 
254 0 
255 0 
256 0 
257 0 
258 0 
259 0 
260 0 
261 0 
262 0 
263 0 
264 0 
265 0 
266 0 
267 0 
268 0 
269 0 
270 0 
271 0 
272 0 
273 0 
274 0 
275 0 
276 0 
277 0 
278 0 
279 0 
280 0 
281 0 
282 0 
283 0 
284 3 
285 60 
286 340 
287 1002 
288 2572 
289 5273 
290 9278 
291 15206 
292 24917 
293 41770 
294 70129 
295 109473 
296 159312 
297 216115 
298 272568 
299 325113 
300 367506 
301 400375 
302 437707 
303 492895 
304 545458 
305 602531 
306 682668 
307 786790 
308 914731 
309 1.07819e+06 
310 1.25548e+06 
311 1.46492e+06 
312 1.69233e+06 
313 1.92866e+06 
314 2.19672e+06 
315 2.49021e+06 
316 2.80076e+06 
317 3.14594e+06 
318 3.56962e+06 
319 4.06074e+06 
320 4.61072e+06 
321 5.2436e+06 
322 5.94606e+06 
323 6.70478e+06 
324 7.50554e+06 
325 8.39926e+06 
326 9.41042e+06 
327 1.04663e+07 
328 1.15535e+07 
329 1.26569e+07 
330 1.38283e+07 
331 1.50373e+07 
332 1.63518e+07 
333 1.77102e+07 
334 1.90726e+07 
335 2.04018e+07 
336 2.16717e+07 
337 2.29317e+07 
338 2.41792e+07 
339 2.55213e+07 
340 2.69803e+07 
341 2.86372e+07 
342 3.05272e+07 
343 3.26893e+07 
344 3.50548e+07 
345 3.75358e+07 
346 4.01509e+07 
347 4.30483e+07 
348 4.62998e+07 
349 4.9931e+07 
350 5.38919e+07 
351 5.80799e+07 
352 6.25576e+07 
353 6.72966e+07 
354 7.21811e+07 
355 7.73387e+07 
356 8.27284e+07 
357 8.83879e+07 
358 9.43291e+07 
359 1.00385e+08 
360 1.06451e+08 
361 1.12503e+08 
362 1.18594e+08 
363 1.24668e+08 
364 1.3068e+08 
365 1.36667e+08 
366 1.42636e+08 
367 1.48814e+08 
368 1.55388e+08 
369 1.626e+08 
370 1.70451e+08 
371 1.78987e+08 
372 1.88288e+08 
373 1.98335e+08 
374 2.09128e+08 
375 2.20728e+08 
376 2.3323e+08 
377 2.46474e+08 
378 2.59994e+08 
379 2.73733e+08 
380 2.87632e+08 
381 3.01879e+08 
382 3.16422e+08 
383 3.31224e+08 
384 3.4548e+08 
385 3.59018e+08 
386 3.72169e+08 
387 3.85337e+08 
388 3.98541e+08 
389 4.11953e+08 
390 4.25804e+08 
391 4.39937e+08 
392 4.53464e+08 
393 4.66245e+08 
394 4.78254e+08 
395 4.89233e+08 
396 4.98973e+08 
397 5.06947e+08 
398 5.12904e+08 
399 5.16156e+08 
400 5.17157e+08 
401 5.15178e+08 
402 5.10309e+08 
403 5.02799e+08 
404 4.93454e+08 
405 4.82846e+08 
406 4.70914e+08 
407 4.57939e+08 
408 4.44102e+08 
409 4.2933e+08 
410 4.14015e+08 
411 3.98571e+08 
412 3.83109e+08 
413 3.67625e+08 
414 3.51807e+08 
415 3.35524e+08 
416 3.19087e+08 
417 3.02494e+08 
418 2.85778e+08 
419 2.69052e+08 
420 2.52239e+08 
421 2.36143e+08 
422 2.20628e+08 
423 2.05831e+08 
424 1.91831e+08 
425 1.78658e+08 
426 1.66251e+08 
427 1.54443e+08 
428 1.43183e+08 
429 1.32565e+08 
430 1.22556e+08 
431 1.13152e+08 
432 1.044e+08 
433 9.64913e+07 
434 8.95068e+07 
435 8.35099e+07 
436 7.82776e+07 
437 7.35987e+07 
438 6.92107e+07 
439 6.50587e+07 
440 6.11419e+07 
441 5.74364e+07 
442 5.39037e+07 
443 5.05819e+07 
444 4.73929e+07 
445 4.42598e+07 
446 4.13136e+07 
447 3.84682e+07 
448 3.58967e+07 
449 3.36742e+07 
450 3.18861e+07 
451 3.06556e+07 
452 2.98787e+07 
453 2.94268e+07 
454 2.91467e+07 
455 2.90912e+07 
456 2.91586e+07 
457 2.93786e+07 
458 2.95447e+07 
459 2.96019e+07 
460 2.95475e+07 
461 2.95051e+07 
462 2.93547e+07 
463 2.90285e+07 
464 2.8467e+07 
465 2.7729e+07 
466 2.68808e+07 
467 2.59571e+07 
468 2.50499e+07 
469 2.42388e+07 
470 2.35004e+07 
471 2.26753e+07 
472 2.17032e+07 
473 2.05991e+07 
474 1.94092e+07 
475 1.81245e+07 
476 1.67717e+07 
477 1.53847e+07 
478 1.39738e+07 
479 1.25713e+07 
480 1.12239e+07 
481 1.00225e+07 
482 8.9253e+06 
483 8.00678e+06 
484 7.23744e+06 
485 6.60197e+06 
486 6.06073e+06 
487 5.54796e+06 
488 5.0497e+06 
489 4.54791e+06 
490 4.03752e+06 
491 3.50277e+06 
492 2.95677e+06 
493 2.42907e+06 
494 1.9381e+06 
495 1.50908e+06 
496 1.15491e+06 
497 880188 
498 660024 
499 489860 
500 355278 
501 245835 
502 161711 
503 97163 
504 52217 
505 25868 
506 11745 
507 5225 
508 2137 
509 842 
510 303 
511 108 
512 45 
513 2 
514 0 
515 0 
516 0 
517 0 
518 0 
519 0 
520 0 
521 0 
522 0 
523 0 
524 0 
525 0 
526 0 
527 0 
528 0 
529 0 
530 0 
531 0 
532 0 
533 0 
534 0 
535 0 
536 0 
537 0 
538 0 
539 0 
540 0 
541 0 
542 0 
543 0 
544 0 
545 0 
546 0 
547 0 
548 0 
549 0 
550 0 
551 0 
552 0 
553 0 
554 0 
555 0 
556 0 
557 0 
558 0 
559 0 
560 0 
561 0 
562 0 
563 0 
564 0 
565 0 
566 0 
567 0 
568 0 
569 0 
570 0 
571 0 
572 0 
573 0 
574 0 
575 0 
576 0 
577 0 
578 0 
579 0 
580 0 
581 0 
582 0 
583 0 
584 0 
585 0 
586 0 
587 0 
588 0 
589 0 
590 0 
591 0 
592 0 
593 0 
594 0 
595 0 
596 0 
597 0 
598 0 
599 0 
600 0 
601 0 
602 0 
603 0 
604 0 
605 0 
606 0 
607 0 
608 0 
609 0 
610 0 
611 0 
612 0 
613 0 
614 0 
615 0 
616 0 
617 0 
618 0 
619 0 
620 0 
621 0 
622 0 
623 0 
624 0 
625 0 
626 0 
627 0 
628 0 
629 0 
630 0 
631 0 
632 0 
633 0 
634 0 
635 0 
636 0 
637 0 
638 0 
639 0 
640 0 
641 0 
642 0 
643 0 
644 0 
645 0 
646 0 
647 0 
648 0 
649 0 
650 0 
651 0 
652 0 
653 0 
654 0 
655 0 
656 0 
657 0 
658 0 
659 0 
660 0 
661 0 
662 0 
663 0 
664 0 
665 0 
666 0 
667 0 
668 0 
669 0 
670 0 
671 0 
672 0 
673 0 
674 0 
675 0 
676 0 
677 0 
678 0 
679 0 
680 0 
681 0 
682 0 
683 0 
684 0 
685 0 
686 0 
687 0 
688 0 
689 0 
690 0 
691 0 
692 0 
693 0 
694 0 
695 0 
696 0 
697 0 
698 0 
699 0 
700 0 
701 0 
702 0 
703 0 
704 0 
705 0 
706 0 
707 0 
708 0 
709 0 
710 0 
711 0 
712 0 
713 0 
714 0 
715 0 
716 0 
717 0 
718 0 
719 0 
720 0 
721 0 
722 0 
723 0 
724 0 
725 0 
726 0 
727 0 
728 0 
729 0 
730 0 
731 0 
732 0 
733 0 
734 0 
735 0 
736 0 
737 0 
738 0 
739 0 
740 0 
741 0 
742 0 
743 0 
744 0 
745 0 
746 0 
747 0 
748 0 
749 0 
750 0 
751 0 
752 0 
753 0 
754 0 
755 0 
756 0 
757 0 
758 0 
759 0 
760 0 
761 0 
762 0 
763 0 
764 0 
765 0 
766 0 
767 0 
768 0 
769 0 
770 0 
771 0 
772 0 
773 0 
774 0 
775 0 
776 0 
777 0 
778 0 
779 0 
780 0 
781 0 
782 0 
783 0 
784 0 
785 0 
786 0 
787 0 
788 0 
789 0 
790 0 
791 0 
792 0 
793 0 
794 0 
795 0 
796 0 
797 0 
798 0 
799 0 
