0 0 
1 0 
2 0 
3 0 
4 0 
5 0 
6 0 
7 0 
8 0 
9 0 
10 0 
11 0 
12 0 
13 0 
14 0 
15 0 
16 0 
17 0 
18 0 
19 0 
20 0 
21 0 
22 0 
23 0 
24 0 
25 0 
26 0 
27 0 
28 0 
29 0 
30 0 
31 0 
32 0 
33 0 
34 0 
35 0 
36 0 
37 0 
38 0 
39 0 
40 0 
41 0 
42 0 
43 0 
44 0 
45 0 
46 0 
47 0 
48 0 
49 0 
50 0 
51 0 
52 0 
53 0 
54 0 
55 0 
56 0 
57 0 
58 0 
59 0 
60 0 
61 0 
62 0 
63 0 
64 0 
65 0 
66 0 
67 0 
68 0 
69 0 
70 0 
71 0 
72 0 
73 0 
74 0 
75 0 
76 0 
77 0 
78 0 
79 0 
80 0 
81 0 
82 0 
83 0 
84 0 
85 0 
86 0 
87 0 
88 0 
89 0 
90 0 
91 0 
92 0 
93 0 
94 0 
95 0 
96 0 
97 0 
98 0 
99 0 
100 0 
101 0 
102 0 
103 0 
104 0 
105 0 
106 0 
107 0 
108 0 
109 0 
110 0 
111 0 
112 0 
113 0 
114 0 
115 0 
116 0 
117 0 
118 0 
119 0 
120 0 
121 0 
122 0 
123 0 
124 0 
125 0 
126 0 
127 0 
128 0 
129 0 
130 0 
131 0 
132 0 
133 0 
134 0 
135 0 
136 0 
137 0 
138 0 
139 0 
140 0 
141 0 
142 0 
143 0 
144 0 
145 0 
146 0 
147 0 
148 0 
149 0 
150 0 
151 0 
152 0 
153 0 
154 3 
155 33 
156 74 
157 112 
158 346 
159 907 
160 2366 
161 4481 
162 7524 
163 11651 
164 19289 
165 29594 
166 44789 
167 64981 
168 90898 
169 118282 
170 145916 
171 177624 
172 219196 
173 264226 
174 314860 
175 374832 
176 437232 
177 516610 
178 616781 
179 742163 
180 888873 
181 1.06008e+06 
182 1.25665e+06 
183 1.48252e+06 
184 1.74642e+06 
185 2.04854e+06 
186 2.41608e+06 
187 2.84547e+06 
188 3.34439e+06 
189 3.9169e+06 
190 4.55749e+06 
191 5.2686e+06 
192 6.00706e+06 
193 6.77846e+06 
194 7.62318e+06 
195 8.57408e+06 
196 9.67474e+06 
197 1.09617e+07 
198 1.24266e+07 
199 1.40645e+07 
200 1.59281e+07 
201 1.80386e+07 
202 2.04122e+07 
203 2.29874e+07 
204 2.57091e+07 
205 2.85054e+07 
206 3.12379e+07 
207 3.38936e+07 
208 3.64449e+07 
209 3.88933e+07 
210 4.1124e+07 
211 4.30713e+07 
212 4.47192e+07 
213 4.61416e+07 
214 4.74199e+07 
215 4.85323e+07 
216 4.9463e+07 
217 5.0145e+07 
218 5.05667e+07 
219 5.06545e+07 
220 5.05481e+07 
221 5.02147e+07 
222 4.97592e+07 
223 4.92019e+07 
224 4.85826e+07 
225 4.79425e+07 
226 4.73047e+07 
227 4.66747e+07 
228 4.61316e+07 
229 4.56268e+07 
230 4.52089e+07 
231 4.49092e+07 
232 4.4825e+07 
233 4.5034e+07 
234 4.55831e+07 
235 4.65098e+07 
236 4.78086e+07 
237 4.92975e+07 
238 5.09406e+07 
239 5.26639e+07 
240 5.42863e+07 
241 5.56118e+07 
242 5.66442e+07 
243 5.7476e+07 
244 5.81139e+07 
245 5.85168e+07 
246 5.85961e+07 
247 5.84645e+07 
248 5.81522e+07 
249 5.76436e+07 
250 5.70073e+07 
251 5.62833e+07 
252 5.55498e+07 
253 5.49186e+07 
254 5.44331e+07 
255 5.41599e+07 
256 5.41427e+07 
257 5.43241e+07 
258 5.46549e+07 
259 5.50946e+07 
260 5.58236e+07 
261 5.68648e+07 
262 5.81557e+07 
263 5.95902e+07 
264 6.12959e+07 
265 6.33456e+07 
266 6.56545e+07 
267 6.82682e+07 
268 7.10194e+07 
269 7.39524e+07 
270 7.7095e+07 
271 8.03266e+07 
272 8.37948e+07 
273 8.73639e+07 
274 9.08175e+07 
275 9.40728e+07 
276 9.69966e+07 
277 9.9668e+07 
278 1.02227e+08 
279 1.04628e+08 
280 1.06948e+08 
281 1.08944e+08 
282 1.10515e+08 
283 1.11636e+08 
284 1.12342e+08 
285 1.12606e+08 
286 1.12281e+08 
287 1.11256e+08 
288 1.09634e+08 
289 1.07498e+08 
290 1.04973e+08 
291 1.02183e+08 
292 9.92473e+07 
293 9.62894e+07 
294 9.34669e+07 
295 9.07136e+07 
296 8.80244e+07 
297 8.52572e+07 
298 8.24729e+07 
299 7.97764e+07 
300 7.70687e+07 
301 7.4375e+07 
302 7.16219e+07 
303 6.87617e+07 
304 6.59171e+07 
305 6.31224e+07 
306 6.04443e+07 
307 5.80024e+07 
308 5.5925e+07 
309 5.40993e+07 
310 5.24589e+07 
311 5.09991e+07 
312 4.96812e+07 
313 4.85776e+07 
314 4.75777e+07 
315 4.66592e+07 
316 4.57844e+07 
317 4.4984e+07 
318 4.41946e+07 
319 4.34508e+07 
320 4.2713e+07 
321 4.20255e+07 
322 4.14462e+07 
323 4.09395e+07 
324 4.04565e+07 
325 3.99638e+07 
326 3.94002e+07 
327 3.8705e+07 
328 3.79388e+07 
329 3.7049e+07 
330 3.60504e+07 
331 3.4995e+07 
332 3.39369e+07 
333 3.28787e+07 
334 3.19149e+07 
335 3.09952e+07 
336 3.01251e+07 
337 2.93208e+07 
338 2.85326e+07 
339 2.7761e+07 
340 2.70438e+07 
341 2.63943e+07 
342 2.57919e+07 
343 2.53439e+07 
344 2.50777e+07 
345 2.49354e+07 
346 2.49349e+07 
347 2.51206e+07 
348 2.55101e+07 
349 2.61006e+07 
350 2.68658e+07 
351 2.77842e+07 
352 2.88483e+07 
353 3.00595e+07 
354 3.136e+07 
355 3.27384e+07 
356 3.41155e+07 
357 3.55036e+07 
358 3.68292e+07 
359 3.81018e+07 
360 3.92565e+07 
361 4.02769e+07 
362 4.11796e+07 
363 4.20288e+07 
364 4.28587e+07 
365 4.36785e+07 
366 4.44107e+07 
367 4.50791e+07 
368 4.5758e+07 
369 4.63149e+07 
370 4.68124e+07 
371 4.7262e+07 
372 4.77837e+07 
373 4.85134e+07 
374 4.94148e+07 
375 5.04052e+07 
376 5.14767e+07 
377 5.25095e+07 
378 5.342e+07 
379 5.42559e+07 
380 5.50113e+07 
381 5.57981e+07 
382 5.66374e+07 
383 5.75664e+07 
384 5.85263e+07 
385 5.93829e+07 
386 6.01812e+07 
387 6.09269e+07 
388 6.16195e+07 
389 6.22632e+07 
390 6.27865e+07 
391 6.30943e+07 
392 6.3253e+07 
393 6.31677e+07 
394 6.30024e+07 
395 6.28736e+07 
396 6.29095e+07 
397 6.32323e+07 
398 6.38272e+07 
399 6.47548e+07 
400 6.61343e+07 
401 6.78038e+07 
402 6.9877e+07 
403 7.22938e+07 
404 7.49651e+07 
405 7.7907e+07 
406 8.10617e+07 
407 8.44905e+07 
408 8.79661e+07 
409 9.15731e+07 
410 9.52598e+07 
411 9.9052e+07 
412 1.02886e+08 
413 1.06773e+08 
414 1.10756e+08 
415 1.14612e+08 
416 1.1812e+08 
417 1.21286e+08 
418 1.24086e+08 
419 1.26472e+08 
420 1.28669e+08 
421 1.30788e+08 
422 1.3293e+08 
423 1.34909e+08 
424 1.36618e+08 
425 1.38028e+08 
426 1.39043e+08 
427 1.3984e+08 
428 1.40525e+08 
429 1.41114e+08 
430 1.41794e+08 
431 1.42558e+08 
432 1.43306e+08 
433 1.43922e+08 
434 1.44343e+08 
435 1.4451e+08 
436 1.44533e+08 
437 1.44404e+08 
438 1.4401e+08 
439 1.43252e+08 
440 1.4214e+08 
441 1.40724e+08 
442 1.38977e+08 
443 1.36895e+08 
444 1.34521e+08 
445 1.31774e+08 
446 1.28785e+08 
447 1.2572e+08 
448 1.22741e+08 
449 1.1979e+08 
450 1.16927e+08 
451 1.14282e+08 
452 1.11763e+08 
453 1.0938e+08 
454 1.07205e+08 
455 1.05194e+08 
456 1.03304e+08 
457 1.01699e+08 
458 1.00322e+08 
459 9.91315e+07 
460 9.82106e+07 
461 9.75164e+07 
462 9.68924e+07 
463 9.62907e+07 
464 9.5824e+07 
465 9.53463e+07 
466 9.50532e+07 
467 9.49293e+07 
468 9.49922e+07 
469 9.52807e+07 
470 9.57119e+07 
471 9.63117e+07 
472 9.68991e+07 
473 9.73136e+07 
474 9.75723e+07 
475 9.76768e+07 
476 9.77659e+07 
477 9.78257e+07 
478 9.78423e+07 
479 9.77725e+07 
480 9.76348e+07 
481 9.7363e+07 
482 9.70419e+07 
483 9.66533e+07 
484 9.60979e+07 
485 9.53601e+07 
486 9.44464e+07 
487 9.34456e+07 
488 9.23135e+07 
489 9.1239e+07 
490 9.02621e+07 
491 8.94743e+07 
492 8.87143e+07 
493 8.78512e+07 
494 8.69714e+07 
495 8.60232e+07 
496 8.50238e+07 
497 8.38993e+07 
498 8.26153e+07 
499 8.11679e+07 
500 7.96111e+07 
501 7.78995e+07 
502 7.62161e+07 
503 7.45022e+07 
504 7.27908e+07 
505 7.1035e+07 
506 6.92286e+07 
507 6.75441e+07 
508 6.58682e+07 
509 6.42162e+07 
510 6.26114e+07 
511 6.1101e+07 
512 5.97186e+07 
513 5.83243e+07 
514 5.69012e+07 
515 5.54046e+07 
516 5.38981e+07 
517 5.24464e+07 
518 5.10062e+07 
519 4.95744e+07 
520 4.81773e+07 
521 4.68636e+07 
522 4.57673e+07 
523 4.49861e+07 
524 4.4528e+07 
525 4.4349e+07 
526 4.44305e+07 
527 4.47494e+07 
528 4.52146e+07 
529 4.57816e+07 
530 4.63468e+07 
531 4.68176e+07 
532 4.71081e+07 
533 4.71671e+07 
534 4.7023e+07 
535 4.66634e+07 
536 4.61228e+07 
537 4.54869e+07 
538 4.48306e+07 
539 4.41397e+07 
540 4.332e+07 
541 4.23755e+07 
542 4.12702e+07 
543 4.00782e+07 
544 3.88442e+07 
545 3.75524e+07 
546 3.63296e+07 
547 3.52094e+07 
548 3.41131e+07 
549 3.30537e+07 
550 3.1997e+07 
551 3.09103e+07 
552 2.98746e+07 
553 2.88783e+07 
554 2.79708e+07 
555 2.70533e+07 
556 2.61241e+07 
557 2.51866e+07 
558 2.42275e+07 
559 2.32993e+07 
560 2.24737e+07 
561 2.16926e+07 
562 2.09771e+07 
563 2.03758e+07 
564 1.98753e+07 
565 1.94905e+07 
566 1.92517e+07 
567 1.91134e+07 
568 1.91071e+07 
569 1.92085e+07 
570 1.93686e+07 
571 1.95407e+07 
572 1.97555e+07 
573 2.00509e+07 
574 2.03665e+07 
575 2.06506e+07 
576 2.08341e+07 
577 2.08936e+07 
578 2.09108e+07 
579 2.09083e+07 
580 2.08233e+07 
581 2.06297e+07 
582 2.03762e+07 
583 2.00901e+07 
584 1.97352e+07 
585 1.93312e+07 
586 1.88461e+07 
587 1.83057e+07 
588 1.77018e+07 
589 1.70848e+07 
590 1.648e+07 
591 1.59275e+07 
592 1.53877e+07 
593 1.4871e+07 
594 1.43814e+07 
595 1.3863e+07 
596 1.32705e+07 
597 1.26574e+07 
598 1.19608e+07 
599 1.12254e+07 
600 1.04997e+07 
601 9.7795e+06 
602 9.05554e+06 
603 8.35127e+06 
604 7.66696e+06 
605 6.99146e+06 
606 6.31308e+06 
607 5.64512e+06 
608 4.99419e+06 
609 4.3767e+06 
610 3.80821e+06 
611 3.28656e+06 
612 2.80898e+06 
613 2.34434e+06 
614 1.9149e+06 
615 1.53653e+06 
616 1.22897e+06 
617 969331 
618 749943 
619 558823 
620 397559 
621 271049 
622 177443 
623 112563 
624 69089 
625 40869 
626 23048 
627 11667 
628 5556 
629 2546 
630 858 
631 257 
632 40 
633 4 
634 0 
635 0 
636 0 
637 0 
638 0 
639 0 
640 0 
641 0 
642 0 
643 0 
644 0 
645 0 
646 0 
647 0 
648 0 
649 0 
650 0 
651 0 
652 0 
653 0 
654 0 
655 0 
656 0 
657 0 
658 0 
659 0 
660 0 
661 0 
662 0 
663 0 
664 0 
665 0 
666 0 
667 0 
668 0 
669 0 
670 0 
671 0 
672 0 
673 0 
674 0 
675 0 
676 0 
677 0 
678 0 
679 0 
680 0 
681 0 
682 0 
683 0 
684 0 
685 0 
686 0 
687 0 
688 0 
689 0 
690 0 
691 0 
692 0 
693 0 
694 0 
695 0 
696 0 
697 0 
698 0 
699 0 
700 0 
701 0 
702 0 
703 0 
704 0 
705 0 
706 0 
707 0 
708 0 
709 0 
710 0 
711 0 
712 0 
713 0 
714 0 
715 0 
716 0 
717 0 
718 0 
719 0 
720 0 
721 0 
722 0 
723 0 
724 0 
725 0 
726 0 
727 0 
728 0 
729 0 
730 0 
731 0 
732 0 
733 0 
734 0 
735 0 
736 0 
737 0 
738 0 
739 0 
740 0 
741 0 
742 0 
743 0 
744 0 
745 0 
746 0 
747 0 
748 0 
749 0 
750 0 
751 0 
752 0 
753 0 
754 0 
755 0 
756 0 
757 0 
758 0 
759 0 
760 0 
761 0 
762 0 
763 0 
764 0 
765 0 
766 0 
767 0 
768 0 
769 0 
770 0 
771 0 
772 0 
773 0 
774 0 
775 0 
776 0 
777 0 
778 0 
779 0 
780 0 
781 0 
782 0 
783 0 
784 0 
785 0 
786 0 
787 0 
788 0 
789 0 
790 0 
791 0 
792 0 
793 0 
794 0 
795 0 
796 0 
797 0 
798 0 
799 0 
