0 0 
1 0 
2 0 
3 0 
4 0 
5 0 
6 0 
7 0 
8 0 
9 0 
10 0 
11 0 
12 0 
13 0 
14 0 
15 0 
16 0 
17 0 
18 0 
19 0 
20 0 
21 0 
22 0 
23 0 
24 0 
25 0 
26 0 
27 0 
28 0 
29 0 
30 0 
31 0 
32 0 
33 0 
34 0 
35 0 
36 0 
37 0 
38 0 
39 0 
40 0 
41 0 
42 0 
43 0 
44 0 
45 0 
46 0 
47 0 
48 0 
49 0 
50 0 
51 0 
52 0 
53 0 
54 0 
55 0 
56 0 
57 0 
58 0 
59 0 
60 0 
61 0 
62 0 
63 0 
64 0 
65 0 
66 0 
67 0 
68 0 
69 0 
70 0 
71 0 
72 0 
73 0 
74 0 
75 0 
76 0 
77 0 
78 0 
79 0 
80 0 
81 0 
82 0 
83 0 
84 0 
85 0 
86 0 
87 0 
88 0 
89 0 
90 0 
91 0 
92 0 
93 0 
94 0 
95 0 
96 0 
97 0 
98 0 
99 0 
100 0 
101 0 
102 0 
103 0 
104 0 
105 0 
106 0 
107 0 
108 0 
109 0 
110 0 
111 0 
112 0 
113 0 
114 0 
115 0 
116 0 
117 0 
118 0 
119 0 
120 0 
121 0 
122 0 
123 0 
124 0 
125 0 
126 0 
127 0 
128 0 
129 0 
130 0 
131 0 
132 0 
133 0 
134 0 
135 0 
136 0 
137 0 
138 0 
139 0 
140 0 
141 0 
142 0 
143 0 
144 0 
145 0 
146 0 
147 0 
148 0 
149 0 
150 0 
151 0 
152 0 
153 0 
154 0 
155 0 
156 0 
157 0 
158 0 
159 0 
160 0 
161 0 
162 0 
163 0 
164 0 
165 0 
166 0 
167 0 
168 0 
169 0 
170 0 
171 0 
172 0 
173 0 
174 0 
175 0 
176 0 
177 0 
178 0 
179 0 
180 0 
181 0 
182 0 
183 0 
184 0 
185 0 
186 0 
187 0 
188 0 
189 0 
190 0 
191 0 
192 0 
193 0 
194 0 
195 0 
196 0 
197 0 
198 0 
199 0 
200 0 
201 0 
202 0 
203 0 
204 0 
205 0 
206 0 
207 0 
208 0 
209 0 
210 0 
211 0 
212 0 
213 0 
214 0 
215 0 
216 0 
217 0 
218 0 
219 0 
220 0 
221 0 
222 0 
223 0 
224 0 
225 0 
226 0 
227 0 
228 0 
229 0 
230 0 
231 0 
232 0 
233 0 
234 0 
235 0 
236 0 
237 0 
238 0 
239 0 
240 0 
241 0 
242 0 
243 0 
244 0 
245 0 
246 0 
247 0 
248 0 
249 0 
250 0 
251 0 
252 0 
253 0 
254 0 
255 0 
256 0 
257 0 
258 0 
259 0 
260 0 
261 0 
262 0 
263 0 
264 0 
265 0 
266 0 
267 0 
268 0 
269 0 
270 0 
271 0 
272 0 
273 0 
274 0 
275 0 
276 0 
277 23 
278 115 
279 343 
280 866 
281 1720 
282 3288 
283 5532 
284 9162 
285 13266 
286 18873 
287 28043 
288 42501 
289 62350 
290 91256 
291 127285 
292 171347 
293 223689 
294 282336 
295 351967 
296 434146 
297 528337 
298 641842 
299 774530 
300 928034 
301 1.09211e+06 
302 1.26977e+06 
303 1.45725e+06 
304 1.65852e+06 
305 1.86652e+06 
306 2.07633e+06 
307 2.29516e+06 
308 2.4919e+06 
309 2.68541e+06 
310 2.87008e+06 
311 3.0676e+06 
312 3.29228e+06 
313 3.54124e+06 
314 3.8555e+06 
315 4.23161e+06 
316 4.67143e+06 
317 5.18065e+06 
318 5.77442e+06 
319 6.46494e+06 
320 7.29034e+06 
321 8.25297e+06 
322 9.36994e+06 
323 1.06278e+07 
324 1.1999e+07 
325 1.3429e+07 
326 1.49432e+07 
327 1.65294e+07 
328 1.81584e+07 
329 1.98412e+07 
330 2.15721e+07 
331 2.32701e+07 
332 2.497e+07 
333 2.66707e+07 
334 2.84454e+07 
335 3.02719e+07 
336 3.20798e+07 
337 3.38401e+07 
338 3.56145e+07 
339 3.73087e+07 
340 3.89882e+07 
341 4.06628e+07 
342 4.25097e+07 
343 4.45538e+07 
344 4.67955e+07 
345 4.93378e+07 
346 5.21429e+07 
347 5.51457e+07 
348 5.83572e+07 
349 6.17689e+07 
350 6.53356e+07 
351 6.90932e+07 
352 7.29854e+07 
353 7.70954e+07 
354 8.13569e+07 
355 8.58639e+07 
356 9.05235e+07 
357 9.53794e+07 
358 1.00437e+08 
359 1.05786e+08 
360 1.11458e+08 
361 1.17446e+08 
362 1.23738e+08 
363 1.30223e+08 
364 1.36888e+08 
365 1.43762e+08 
366 1.50934e+08 
367 1.58435e+08 
368 1.66291e+08 
369 1.74665e+08 
370 1.83564e+08 
371 1.92758e+08 
372 2.02154e+08 
373 2.11777e+08 
374 2.21439e+08 
375 2.31202e+08 
376 2.41158e+08 
377 2.51206e+08 
378 2.61439e+08 
379 2.71736e+08 
380 2.82084e+08 
381 2.92582e+08 
382 3.03456e+08 
383 3.14751e+08 
384 3.26205e+08 
385 3.37873e+08 
386 3.49564e+08 
387 3.61312e+08 
388 3.73152e+08 
389 3.85302e+08 
390 3.97446e+08 
391 4.0964e+08 
392 4.21478e+08 
393 4.32495e+08 
394 4.42455e+08 
395 4.50922e+08 
396 4.57647e+08 
397 4.62297e+08 
398 4.64911e+08 
399 4.65374e+08 
400 4.63661e+08 
401 4.59487e+08 
402 4.53297e+08 
403 4.4519e+08 
404 4.35485e+08 
405 4.2467e+08 
406 4.1306e+08 
407 4.00951e+08 
408 3.88445e+08 
409 3.75544e+08 
410 3.62501e+08 
411 3.49379e+08 
412 3.36261e+08 
413 3.23372e+08 
414 3.10733e+08 
415 2.98362e+08 
416 2.86413e+08 
417 2.74861e+08 
418 2.63547e+08 
419 2.52415e+08 
420 2.41651e+08 
421 2.31442e+08 
422 2.21538e+08 
423 2.11939e+08 
424 2.02681e+08 
425 1.93696e+08 
426 1.85105e+08 
427 1.76914e+08 
428 1.69127e+08 
429 1.61742e+08 
430 1.5491e+08 
431 1.48446e+08 
432 1.42376e+08 
433 1.36596e+08 
434 1.30974e+08 
435 1.25395e+08 
436 1.19887e+08 
437 1.14583e+08 
438 1.09425e+08 
439 1.04471e+08 
440 9.97288e+07 
441 9.5193e+07 
442 9.08198e+07 
443 8.65108e+07 
444 8.2316e+07 
445 7.82918e+07 
446 7.43406e+07 
447 7.04246e+07 
448 6.65161e+07 
449 6.26538e+07 
450 5.88751e+07 
451 5.52642e+07 
452 5.18611e+07 
453 4.86522e+07 
454 4.56141e+07 
455 4.26563e+07 
456 3.98212e+07 
457 3.71605e+07 
458 3.46561e+07 
459 3.22872e+07 
460 3.00473e+07 
461 2.79262e+07 
462 2.58364e+07 
463 2.38231e+07 
464 2.18451e+07 
465 1.98888e+07 
466 1.80034e+07 
467 1.62231e+07 
468 1.45835e+07 
469 1.31032e+07 
470 1.17914e+07 
471 1.06155e+07 
472 9.59358e+06 
473 8.71944e+06 
474 7.9668e+06 
475 7.31884e+06 
476 6.77381e+06 
477 6.32758e+06 
478 5.9844e+06 
479 5.72539e+06 
480 5.55068e+06 
481 5.42268e+06 
482 5.34685e+06 
483 5.30245e+06 
484 5.30858e+06 
485 5.35593e+06 
486 5.44582e+06 
487 5.60755e+06 
488 5.81807e+06 
489 6.04115e+06 
490 6.2307e+06 
491 6.37744e+06 
492 6.49468e+06 
493 6.56877e+06 
494 6.6119e+06 
495 6.66027e+06 
496 6.6841e+06 
497 6.71223e+06 
498 6.73182e+06 
499 6.7437e+06 
500 6.7342e+06 
501 6.66512e+06 
502 6.54661e+06 
503 6.35787e+06 
504 6.11802e+06 
505 5.87251e+06 
506 5.62087e+06 
507 5.36841e+06 
508 5.132e+06 
509 4.8824e+06 
510 4.62611e+06 
511 4.34017e+06 
512 4.02152e+06 
513 3.67052e+06 
514 3.3209e+06 
515 2.97621e+06 
516 2.63258e+06 
517 2.28413e+06 
518 1.95076e+06 
519 1.64599e+06 
520 1.36885e+06 
521 1.1099e+06 
522 874644 
523 661266 
524 483765 
525 343726 
526 239854 
527 165346 
528 112210 
529 72659 
530 46027 
531 26785 
532 14897 
533 8135 
534 4696 
535 2617 
536 1612 
537 964 
538 536 
539 236 
540 78 
541 14 
542 1 
543 0 
544 0 
545 0 
546 0 
547 0 
548 0 
549 0 
550 0 
551 0 
552 0 
553 0 
554 0 
555 0 
556 0 
557 0 
558 0 
559 0 
560 0 
561 0 
562 0 
563 0 
564 0 
565 0 
566 0 
567 0 
568 0 
569 0 
570 0 
571 0 
572 0 
573 0 
574 0 
575 0 
576 0 
577 0 
578 0 
579 0 
580 0 
581 0 
582 0 
583 0 
584 0 
585 0 
586 0 
587 0 
588 0 
589 0 
590 0 
591 0 
592 0 
593 0 
594 0 
595 0 
596 0 
597 0 
598 0 
599 0 
600 0 
601 0 
602 0 
603 0 
604 0 
605 0 
606 0 
607 0 
608 0 
609 0 
610 0 
611 0 
612 0 
613 0 
614 0 
615 0 
616 0 
617 0 
618 0 
619 0 
620 0 
621 0 
622 0 
623 0 
624 0 
625 0 
626 0 
627 0 
628 0 
629 0 
630 0 
631 0 
632 0 
633 0 
634 0 
635 0 
636 0 
637 0 
638 0 
639 0 
640 0 
641 0 
642 0 
643 0 
644 0 
645 0 
646 0 
647 0 
648 0 
649 0 
650 0 
651 0 
652 0 
653 0 
654 0 
655 0 
656 0 
657 0 
658 0 
659 0 
660 0 
661 0 
662 0 
663 0 
664 0 
665 0 
666 0 
667 0 
668 0 
669 0 
670 0 
671 0 
672 0 
673 0 
674 0 
675 0 
676 0 
677 0 
678 0 
679 0 
680 0 
681 0 
682 0 
683 0 
684 0 
685 0 
686 0 
687 0 
688 0 
689 0 
690 0 
691 0 
692 0 
693 0 
694 0 
695 0 
696 0 
697 0 
698 0 
699 0 
700 0 
701 0 
702 0 
703 0 
704 0 
705 0 
706 0 
707 0 
708 0 
709 0 
710 0 
711 0 
712 0 
713 0 
714 0 
715 0 
716 0 
717 0 
718 0 
719 0 
720 0 
721 0 
722 0 
723 0 
724 0 
725 0 
726 0 
727 0 
728 0 
729 0 
730 0 
731 0 
732 0 
733 0 
734 0 
735 0 
736 0 
737 0 
738 0 
739 0 
740 0 
741 0 
742 0 
743 0 
744 0 
745 0 
746 0 
747 0 
748 0 
749 0 
750 0 
751 0 
752 0 
753 0 
754 0 
755 0 
756 0 
757 0 
758 0 
759 0 
760 0 
761 0 
762 0 
763 0 
764 0 
765 0 
766 0 
767 0 
768 0 
769 0 
770 0 
771 0 
772 0 
773 0 
774 0 
775 0 
776 0 
777 0 
778 0 
779 0 
780 0 
781 0 
782 0 
783 0 
784 0 
785 0 
786 0 
787 0 
788 0 
789 0 
790 0 
791 0 
792 0 
793 0 
794 0 
795 0 
796 0 
797 0 
798 0 
799 0 
