0 0 
1 0 
2 0 
3 0 
4 0 
5 0 
6 0 
7 0 
8 0 
9 0 
10 0 
11 0 
12 0 
13 0 
14 0 
15 0 
16 0 
17 0 
18 0 
19 0 
20 0 
21 0 
22 0 
23 0 
24 0 
25 0 
26 0 
27 0 
28 0 
29 0 
30 0 
31 0 
32 0 
33 0 
34 0 
35 9 
36 8 
37 17 
38 120 
39 264 
40 629 
41 1284 
42 2558 
43 4445 
44 7378 
45 12694 
46 20839 
47 33434 
48 52274 
49 77349 
50 111970 
51 151707 
52 200090 
53 261126 
54 335943 
55 426628 
56 538145 
57 675797 
58 832667 
59 1.0125e+06 
60 1.22325e+06 
61 1.45763e+06 
62 1.7179e+06 
63 2.00758e+06 
64 2.324e+06 
65 2.68331e+06 
66 3.06765e+06 
67 3.47992e+06 
68 3.92191e+06 
69 4.395e+06 
70 4.87386e+06 
71 5.32938e+06 
72 5.77063e+06 
73 6.18719e+06 
74 6.60201e+06 
75 6.98193e+06 
76 7.35307e+06 
77 7.7182e+06 
78 8.08678e+06 
79 8.44988e+06 
80 8.81354e+06 
81 9.17043e+06 
82 9.55122e+06 
83 9.94204e+06 
84 1.03537e+07 
85 1.07452e+07 
86 1.11072e+07 
87 1.14309e+07 
88 1.17483e+07 
89 1.20267e+07 
90 1.23159e+07 
91 1.25681e+07 
92 1.28262e+07 
93 1.31195e+07 
94 1.34679e+07 
95 1.38346e+07 
96 1.42253e+07 
97 1.45854e+07 
98 1.49196e+07 
99 1.52926e+07 
100 1.5654e+07 
101 1.6017e+07 
102 1.63863e+07 
103 1.68106e+07 
104 1.72798e+07 
105 1.77832e+07 
106 1.83579e+07 
107 1.90394e+07 
108 1.9757e+07 
109 2.04702e+07 
110 2.1114e+07 
111 2.16837e+07 
112 2.21381e+07 
113 2.2489e+07 
114 2.27132e+07 
115 2.28347e+07 
116 2.28985e+07 
117 2.29362e+07 
118 2.29725e+07 
119 2.29705e+07 
120 2.29236e+07 
121 2.28254e+07 
122 2.26818e+07 
123 2.25294e+07 
124 2.22923e+07 
125 2.20324e+07 
126 2.18025e+07 
127 2.16018e+07 
128 2.14654e+07 
129 2.13562e+07 
130 2.12852e+07 
131 2.12088e+07 
132 2.1215e+07 
133 2.12181e+07 
134 2.12162e+07 
135 2.11961e+07 
136 2.11154e+07 
137 2.1019e+07 
138 2.08941e+07 
139 2.07384e+07 
140 2.05288e+07 
141 2.02963e+07 
142 2.00408e+07 
143 1.97863e+07 
144 1.95842e+07 
145 1.94546e+07 
146 1.9397e+07 
147 1.93989e+07 
148 1.94453e+07 
149 1.95578e+07 
150 1.97661e+07 
151 2.0054e+07 
152 2.03343e+07 
153 2.06537e+07 
154 2.10269e+07 
155 2.14679e+07 
156 2.19207e+07 
157 2.23965e+07 
158 2.28917e+07 
159 2.33618e+07 
160 2.38216e+07 
161 2.42742e+07 
162 2.47416e+07 
163 2.52322e+07 
164 2.57011e+07 
165 2.61804e+07 
166 2.66202e+07 
167 2.70868e+07 
168 2.75561e+07 
169 2.80359e+07 
170 2.85504e+07 
171 2.91067e+07 
172 2.97292e+07 
173 3.03846e+07 
174 3.1067e+07 
175 3.18102e+07 
176 3.26207e+07 
177 3.34728e+07 
178 3.44778e+07 
179 3.55297e+07 
180 3.65957e+07 
181 3.76834e+07 
182 3.88056e+07 
183 3.99337e+07 
184 4.107e+07 
185 4.22858e+07 
186 4.36167e+07 
187 4.50406e+07 
188 4.65043e+07 
189 4.8084e+07 
190 4.98367e+07 
191 5.16968e+07 
192 5.3599e+07 
193 5.55326e+07 
194 5.75463e+07 
195 5.961e+07 
196 6.16729e+07 
197 6.37842e+07 
198 6.59145e+07 
199 6.80422e+07 
200 7.01301e+07 
201 7.22219e+07 
202 7.43201e+07 
203 7.65087e+07 
204 7.88702e+07 
205 8.14376e+07 
206 8.41479e+07 
207 8.69687e+07 
208 8.97727e+07 
209 9.24613e+07 
210 9.49135e+07 
211 9.71492e+07 
212 9.91062e+07 
213 1.00885e+08 
214 1.02522e+08 
215 1.03904e+08 
216 1.05024e+08 
217 1.05879e+08 
218 1.06438e+08 
219 1.06666e+08 
220 1.06536e+08 
221 1.06155e+08 
222 1.05576e+08 
223 1.04867e+08 
224 1.04015e+08 
225 1.02939e+08 
226 1.01725e+08 
227 1.00434e+08 
228 9.89977e+07 
229 9.74726e+07 
230 9.59692e+07 
231 9.45189e+07 
232 9.31711e+07 
233 9.20139e+07 
234 9.11457e+07 
235 9.0561e+07 
236 9.02305e+07 
237 9.0122e+07 
238 9.0272e+07 
239 9.06575e+07 
240 9.1278e+07 
241 9.20399e+07 
242 9.29763e+07 
243 9.40152e+07 
244 9.5132e+07 
245 9.6359e+07 
246 9.76585e+07 
247 9.903e+07 
248 1.00327e+08 
249 1.01541e+08 
250 1.02674e+08 
251 1.03795e+08 
252 1.04863e+08 
253 1.05864e+08 
254 1.0688e+08 
255 1.0794e+08 
256 1.09175e+08 
257 1.10578e+08 
258 1.1208e+08 
259 1.13539e+08 
260 1.14803e+08 
261 1.15925e+08 
262 1.1691e+08 
263 1.17841e+08 
264 1.18687e+08 
265 1.193e+08 
266 1.19578e+08 
267 1.1961e+08 
268 1.19489e+08 
269 1.1918e+08 
270 1.18771e+08 
271 1.18158e+08 
272 1.17384e+08 
273 1.16568e+08 
274 1.15736e+08 
275 1.14965e+08 
276 1.14153e+08 
277 1.13396e+08 
278 1.12626e+08 
279 1.11837e+08 
280 1.11007e+08 
281 1.1019e+08 
282 1.09446e+08 
283 1.0865e+08 
284 1.07788e+08 
285 1.06929e+08 
286 1.06052e+08 
287 1.05215e+08 
288 1.04425e+08 
289 1.03683e+08 
290 1.03011e+08 
291 1.02527e+08 
292 1.02175e+08 
293 1.01985e+08 
294 1.01835e+08 
295 1.01745e+08 
296 1.01538e+08 
297 1.0132e+08 
298 1.00987e+08 
299 1.00594e+08 
300 1.00197e+08 
301 9.98563e+07 
302 9.94841e+07 
303 9.90796e+07 
304 9.85289e+07 
305 9.77946e+07 
306 9.67643e+07 
307 9.53712e+07 
308 9.37263e+07 
309 9.18358e+07 
310 8.98383e+07 
311 8.77575e+07 
312 8.56074e+07 
313 8.3517e+07 
314 8.14282e+07 
315 7.94778e+07 
316 7.77078e+07 
317 7.63445e+07 
318 7.52728e+07 
319 7.44749e+07 
320 7.38116e+07 
321 7.32355e+07 
322 7.26933e+07 
323 7.21752e+07 
324 7.16147e+07 
325 7.09784e+07 
326 7.02694e+07 
327 6.93881e+07 
328 6.83056e+07 
329 6.71021e+07 
330 6.56785e+07 
331 6.41974e+07 
332 6.2719e+07 
333 6.12339e+07 
334 5.97015e+07 
335 5.82663e+07 
336 5.7034e+07 
337 5.61176e+07 
338 5.54801e+07 
339 5.50221e+07 
340 5.47033e+07 
341 5.46054e+07 
342 5.4713e+07 
343 5.49825e+07 
344 5.54192e+07 
345 5.60586e+07 
346 5.68725e+07 
347 5.79373e+07 
348 5.92305e+07 
349 6.07327e+07 
350 6.25071e+07 
351 6.45595e+07 
352 6.69381e+07 
353 6.95703e+07 
354 7.23131e+07 
355 7.50993e+07 
356 7.78765e+07 
357 8.05842e+07 
358 8.30486e+07 
359 8.52405e+07 
360 8.70705e+07 
361 8.85858e+07 
362 8.98383e+07 
363 9.07692e+07 
364 9.14185e+07 
365 9.17784e+07 
366 9.18404e+07 
367 9.16906e+07 
368 9.12697e+07 
369 9.06371e+07 
370 8.96713e+07 
371 8.84954e+07 
372 8.72396e+07 
373 8.61174e+07 
374 8.5111e+07 
375 8.42086e+07 
376 8.34471e+07 
377 8.28721e+07 
378 8.25104e+07 
379 8.22297e+07 
380 8.21484e+07 
381 8.23292e+07 
382 8.26804e+07 
383 8.30403e+07 
384 8.32809e+07 
385 8.33773e+07 
386 8.3351e+07 
387 8.32689e+07 
388 8.32047e+07 
389 8.32474e+07 
390 8.32597e+07 
391 8.32899e+07 
392 8.33503e+07 
393 8.34831e+07 
394 8.37415e+07 
395 8.40247e+07 
396 8.42405e+07 
397 8.43118e+07 
398 8.42106e+07 
399 8.39131e+07 
400 8.34859e+07 
401 8.29307e+07 
402 8.22273e+07 
403 8.13537e+07 
404 8.03787e+07 
405 7.93004e+07 
406 7.80828e+07 
407 7.68887e+07 
408 7.56602e+07 
409 7.43969e+07 
410 7.30022e+07 
411 7.14292e+07 
412 6.98187e+07 
413 6.80515e+07 
414 6.63376e+07 
415 6.46198e+07 
416 6.30075e+07 
417 6.15006e+07 
418 6.0209e+07 
419 5.90163e+07 
420 5.78681e+07 
421 5.68101e+07 
422 5.58412e+07 
423 5.49843e+07 
424 5.41645e+07 
425 5.34575e+07 
426 5.28378e+07 
427 5.23108e+07 
428 5.17974e+07 
429 5.13032e+07 
430 5.08374e+07 
431 5.04293e+07 
432 5.00995e+07 
433 4.98612e+07 
434 4.9725e+07 
435 4.96472e+07 
436 4.96699e+07 
437 4.96591e+07 
438 4.96619e+07 
439 4.95983e+07 
440 4.93977e+07 
441 4.90405e+07 
442 4.85434e+07 
443 4.78725e+07 
444 4.71242e+07 
445 4.62933e+07 
446 4.53976e+07 
447 4.44836e+07 
448 4.35793e+07 
449 4.27404e+07 
450 4.19582e+07 
451 4.12451e+07 
452 4.05548e+07 
453 3.99127e+07 
454 3.92273e+07 
455 3.83723e+07 
456 3.74617e+07 
457 3.65126e+07 
458 3.56418e+07 
459 3.47864e+07 
460 3.39322e+07 
461 3.30517e+07 
462 3.21321e+07 
463 3.12761e+07 
464 3.04357e+07 
465 2.9609e+07 
466 2.88982e+07 
467 2.82961e+07 
468 2.77959e+07 
469 2.73146e+07 
470 2.68527e+07 
471 2.63539e+07 
472 2.583e+07 
473 2.52767e+07 
474 2.47186e+07 
475 2.41612e+07 
476 2.35927e+07 
477 2.30632e+07 
478 2.25183e+07 
479 2.19522e+07 
480 2.13762e+07 
481 2.084e+07 
482 2.0397e+07 
483 2.00481e+07 
484 1.98069e+07 
485 1.96767e+07 
486 1.9566e+07 
487 1.94438e+07 
488 1.92964e+07 
489 1.9092e+07 
490 1.88139e+07 
491 1.8457e+07 
492 1.8001e+07 
493 1.74583e+07 
494 1.6819e+07 
495 1.61281e+07 
496 1.539e+07 
497 1.46393e+07 
498 1.38882e+07 
499 1.31126e+07 
500 1.23113e+07 
501 1.14729e+07 
502 1.06639e+07 
503 9.87186e+06 
504 9.10011e+06 
505 8.37049e+06 
506 7.64126e+06 
507 6.91722e+06 
508 6.20788e+06 
509 5.52081e+06 
510 4.876e+06 
511 4.24927e+06 
512 3.67937e+06 
513 3.17064e+06 
514 2.7409e+06 
515 2.36116e+06 
516 2.02332e+06 
517 1.74321e+06 
518 1.50426e+06 
519 1.28327e+06 
520 1.08903e+06 
521 918569 
522 767032 
523 632228 
524 519762 
525 427063 
526 346866 
527 282040 
528 228784 
529 183040 
530 141554 
531 103538 
532 76101 
533 55108 
534 39462 
535 27417 
536 19622 
537 14201 
538 9296 
539 5663 
540 3196 
541 1536 
542 674 
543 210 
544 37 
545 8 
546 0 
547 0 
548 0 
549 0 
550 0 
551 0 
552 0 
553 0 
554 0 
555 0 
556 0 
557 0 
558 0 
559 0 
560 0 
561 0 
562 0 
563 0 
564 0 
565 0 
566 0 
567 0 
568 0 
569 0 
570 0 
571 0 
572 0 
573 0 
574 0 
575 0 
576 0 
577 0 
578 0 
579 0 
580 0 
581 0 
582 0 
583 0 
584 0 
585 0 
586 0 
587 0 
588 0 
589 0 
590 0 
591 0 
592 0 
593 0 
594 0 
595 0 
596 0 
597 0 
598 0 
599 0 
600 0 
601 0 
602 0 
603 0 
604 0 
605 0 
606 0 
607 0 
608 0 
609 0 
610 0 
611 0 
612 0 
613 0 
614 0 
615 0 
616 0 
617 0 
618 0 
619 0 
620 0 
621 0 
622 0 
623 0 
624 0 
625 0 
626 0 
627 0 
628 0 
629 0 
630 0 
631 0 
632 0 
633 0 
634 0 
635 0 
636 0 
637 0 
638 0 
639 0 
640 0 
641 0 
642 0 
643 0 
644 0 
645 0 
646 0 
647 0 
648 0 
649 0 
650 0 
651 0 
652 0 
653 0 
654 0 
655 0 
656 0 
657 0 
658 0 
659 0 
660 0 
661 0 
662 0 
663 0 
664 0 
665 0 
666 0 
667 0 
668 0 
669 0 
670 0 
671 0 
672 0 
673 0 
674 0 
675 0 
676 0 
677 0 
678 0 
679 0 
680 0 
681 0 
682 0 
683 0 
684 0 
685 0 
686 0 
687 0 
688 0 
689 0 
690 0 
691 0 
692 0 
693 0 
694 0 
695 0 
696 0 
697 0 
698 0 
699 0 
700 0 
701 0 
702 0 
703 0 
704 0 
705 0 
706 0 
707 0 
708 0 
709 0 
710 0 
711 0 
712 0 
713 0 
714 0 
715 0 
716 0 
717 0 
718 0 
719 0 
720 0 
721 0 
722 0 
723 0 
724 0 
725 0 
726 0 
727 0 
728 0 
729 0 
730 0 
731 0 
732 0 
733 0 
734 0 
735 0 
736 0 
737 0 
738 0 
739 0 
740 0 
741 0 
742 0 
743 0 
744 0 
745 0 
746 0 
747 0 
748 0 
749 0 
750 0 
751 0 
752 0 
753 0 
754 0 
755 0 
756 0 
757 0 
758 0 
759 0 
760 0 
761 0 
762 0 
763 0 
764 0 
765 0 
766 0 
767 0 
768 0 
769 0 
770 0 
771 0 
772 0 
773 0 
774 0 
775 0 
776 0 
777 0 
778 0 
779 0 
780 0 
781 0 
782 0 
783 0 
784 0 
785 0 
786 0 
787 0 
788 0 
789 0 
790 0 
791 0 
792 0 
793 0 
794 0 
795 0 
796 0 
797 0 
798 0 
799 0 
