0 9
1 7
2 8
3 8
4 9
5 7
6 4
7 3
8 3
9 2
10 2
11 3
12 5
13 5
14 7
15 4
16 5
17 4
18 3
19 3
20 1
21 2
22 4
23 3
24 2
25 1
26 1
27 1
28 4
29 2
30 1
31 2
32 0
33 1
34 0
35 2
36 3
37 -1
38 -1
39 0
40 2
41 3
42 5
43 3
44 4
45 5
46 4
47 4
48 4
49 3
50 3
51 2
52 2
53 2
54 4
55 3
56 3
57 2
58 2
59 2
60 2
61 4
62 4
63 5
64 4
65 5
66 3
67 2
68 4
69 5
70 5
71 4
72 1
73 -2
74 -2
75 -1
76 -2
77 -1
78 -2
79 -2
80 -3
81 -3
82 -3
83 -1
84 0
85 1
86 0
87 -1
88 -1
89 -1
90 -1
91 -1
92 0
93 -3
94 -3
95 -2
96 0
97 0
98 -1
99 -1
100 -2
101 1
102 -1
103 0
104 -2
105 -1
106 0
107 1
108 1
109 2
110 1
111 0
112 0
113 -2
114 -1
115 -2
116 -3
117 -5
118 -6
119 -6
120 -4
121 -4
122 -2
123 -2
124 -3
125 -1
126 -1
127 -1
128 1
129 -1
130 1
131 3
132 3
133 3
134 3
135 5
136 7
137 8
138 9
139 8
140 9
141 10
142 9
143 8
144 8
145 9
146 8
147 7
148 7
149 6
150 5
151 4
152 4
153 1
154 3
155 4
156 7
157 8
158 7
159 4
160 3
161 3
162 4
163 3
164 1
165 3
166 4
167 5
168 5
169 3
170 5
171 3
172 6
173 5
174 6
175 3
176 3
177 3
178 4
179 4
180 4
181 8
182 9
183 7
184 6
185 5
186 5
187 6
188 7
189 6
190 6
191 6
192 6
193 7
194 4
195 7
196 9
197 10
198 10
199 10
200 12
201 10
202 13
203 11
204 13
205 13
206 10
207 10
208 10
209 8
210 8
211 7
212 9
213 10
214 10
215 6
216 5
217 4
218 4
219 3
220 3
221 2
222 1
223 3
224 1
225 2
226 4
227 5
228 3
229 2
230 4
231 6
232 7
233 5
234 5
235 5
236 5
237 4
238 6
239 7
240 7
241 7
242 8
243 7
244 8
245 7
246 7
247 7
248 8
249 9
250 8
251 10
252 9
253 8
254 10
255 11
