0 0
1 -2
2 -2
3 -1
4 0
5 -1
6 1
7 0
8 2
9 3
10 5
11 3
12 3
13 3
14 5
15 2
16 0
17 -1
18 -3
19 -3
20 -2
21 -1
22 0
23 0
24 0
25 1
26 1
27 0
28 1
29 2
30 3
31 4
32 4
33 4
34 5
35 3
36 0
37 1
38 2
39 1
40 2
41 1
42 3
43 3
44 2
45 1
46 2
47 2
48 1
49 0
50 0
51 1
52 0
53 -1
54 -4
55 -2
56 0
57 1
58 3
59 6
60 4
61 2
62 2
63 2
64 4
65 3
66 2
67 1
68 0
69 0
70 1
71 3
72 2
73 0
74 2
75 1
76 1
77 1
78 1
79 2
80 1
81 2
82 -1
83 -1
84 -3
85 -2
86 -1
87 -2
88 -5
89 -4
90 -3
91 0
92 1
93 2
94 3
95 5
96 3
97 2
98 0
99 -1
100 -1
101 0
102 -1
103 -1
104 -2
105 -3
106 -3
107 -1
108 -1
109 0
110 0
111 -1
112 0
113 1
114 -1
115 -2
116 -2
117 0
118 1
119 2
120 1
121 1
122 1
123 1
124 2
125 1
126 0
127 1
128 4
129 1
130 0
131 -1
132 0
133 0
134 -2
135 -2
136 -2
137 -4
138 -4
139 -2
140 -2
141 -1
142 0
143 -2
144 0
145 1
146 1
147 0
148 -2
149 0
150 0
151 3
152 3
153 2
154 0
155 0
156 1
157 -2
158 -1
159 -2
160 -2
161 0
162 2
163 1
164 4
165 4
166 2
167 2
168 1
169 1
170 1
171 2
172 2
173 1
174 1
175 0
176 0
177 0
178 2
179 5
180 4
181 3
182 2
183 1
184 2
185 -2
186 0
187 0
188 1
189 1
190 -1
191 -1
192 0
193 0
194 -2
195 -4
196 -1
197 -1
198 -1
199 -2
200 -2
201 1
202 1
203 1
204 2
205 1
206 2
207 1
208 -1
209 -1
210 -2
211 -2
212 0
213 1
214 -1
215 -2
216 0
217 0
218 4
219 2
220 0
221 0
222 0
223 -2
224 0
225 1
226 2
227 2
228 2
229 0
230 0
231 -2
232 -2
233 -3
234 -2
235 1
236 0
237 -2
238 0
239 0
240 2
241 1
242 0
243 0
244 0
245 1
246 2
247 2
248 1
249 2
250 4
251 4
252 3
253 2
254 2
255 2
