0 6
1 6
2 9
3 10
4 10
5 8
6 7
7 6
8 6
9 6
10 4
11 2
12 2
13 2
14 3
15 1
16 1
17 1
18 -1
19 0
20 0
21 2
22 1
23 -1
24 -1
25 2
26 3
27 0
28 0
29 0
30 2
31 1
32 0
33 1
34 1
35 2
36 2
37 1
38 3
39 2
40 2
41 3
42 1
43 3
44 4
45 3
46 2
47 1
48 1
49 3
50 3
51 5
52 5
53 5
54 6
55 6
56 6
57 7
58 5
59 4
60 5
61 6
62 8
63 7
64 7
65 7
66 8
67 7
68 8
69 7
70 6
71 4
72 4
73 4
74 4
75 4
76 4
77 4
78 4
79 5
80 4
81 6
82 6
83 5
84 5
85 6
86 3
87 3
88 3
89 3
90 1
91 1
92 2
93 2
94 2
95 3
96 1
97 0
98 1
99 2
100 2
101 1
102 0
103 -1
104 -2
105 -1
106 0
107 0
108 0
109 -1
110 1
111 2
112 3
113 5
114 2
115 3
116 2
117 2
118 0
119 0
120 0
121 1
122 0
123 -1
124 -1
125 -1
126 2
127 3
128 1
129 1
130 3
131 3
132 3
133 2
134 2
135 3
136 1
137 0
138 1
139 1
140 3
141 2
142 3
143 3
144 2
145 1
146 2
147 5
148 5
149 6
150 6
151 7
152 5
153 6
154 3
155 3
156 5
157 6
158 4
159 5
160 4
161 4
162 4
163 6
164 3
165 1
166 2
167 4
168 4
169 4
170 3
171 6
172 5
173 5
174 4
175 5
176 4
177 4
178 4
179 5
180 9
181 9
182 8
183 5
184 5
185 4
186 2
187 3
188 4
189 3
190 4
191 4
192 5
193 3
194 1
195 1
196 2
197 1
198 0
199 2
200 0
201 2
202 2
203 2
204 2
205 2
206 2
207 3
208 2
209 1
210 1
211 1
212 2
213 3
214 1
215 1
216 1
217 -1
218 -1
219 -1
220 0
221 1
222 1
223 0
224 0
225 0
226 1
227 3
228 3
229 4
230 1
231 1
232 1
233 2
234 1
235 0
236 2
237 0
238 -1
239 -1
240 -1
241 -5
242 -5
243 -2
244 -1
245 1
246 1
247 2
248 4
249 6
250 7
251 9
252 10
253 10
254 9
255 7
