0 24
1 22
2 23
3 26
4 27
5 27
6 27
7 26
8 27
9 27
10 26
11 24
12 24
13 25
14 24
15 26
16 28
17 28
18 27
19 26
20 26
21 26
22 25
23 22
24 22
25 22
26 23
27 22
28 23
29 23
30 20
31 20
32 22
33 21
34 20
35 18
36 18
37 19
38 20
39 21
40 22
41 20
42 20
43 20
44 23
45 25
46 24
47 24
48 22
49 22
50 22
51 23
52 22
53 23
54 24
55 27
56 27
57 28
58 29
59 27
60 27
61 26
62 25
63 24
64 24
65 24
66 24
67 23
68 23
69 25
70 25
71 26
72 26
73 27
74 28
75 28
76 29
77 29
78 29
79 28
80 26
81 25
82 24
83 23
84 25
85 24
86 23
87 22
88 23
89 24
90 22
91 23
92 25
93 26
94 28
95 30
96 30
97 27
98 27
99 29
100 29
101 28
102 27
103 28
104 26
105 29
106 30
107 31
108 31
109 31
110 31
111 30
112 30
113 31
114 31
115 33
116 33
117 34
118 34
119 35
120 35
121 35
122 34
123 35
124 34
125 34
126 35
127 35
128 35
129 32
130 32
131 35
132 36
133 37
134 37
135 35
136 34
137 36
138 34
139 33
140 31
141 30
142 29
143 30
144 32
145 32
146 31
147 30
148 32
149 32
150 32
151 30
152 30
153 29
154 28
155 30
156 30
157 29
158 30
159 29
160 26
161 26
162 24
163 22
164 22
165 23
166 22
167 19
168 19
169 17
170 15
171 17
172 16
173 15
174 16
175 17
176 17
177 16
178 15
179 16
180 18
181 18
182 19
183 17
184 16
185 17
186 16
187 15
188 16
189 16
190 15
191 16
192 15
193 15
194 13
195 13
196 14
197 14
198 17
199 18
200 18
201 15
202 14
203 14
204 14
205 15
206 14
207 14
208 14
209 16
210 17
211 16
212 18
213 18
214 19
215 19
216 18
217 18
218 19
219 17
220 15
221 15
222 16
223 17
224 18
225 16
226 18
227 18
228 18
229 16
230 16
231 15
232 16
233 15
234 17
235 17
236 17
237 17
238 19
239 20
240 19
241 22
242 21
243 19
244 19
245 17
246 17
247 20
248 22
249 21
250 21
251 23
252 21
253 22
254 22
255 22
