0 -2
1 -1
2 -1
3 -1
4 -1
5 -1
6 -1
7 -2
8 -2
9 -1
10 -1
11 -1
12 -1
13 -1
14 -1
15 -1
16 -1
17 0
18 -2
19 -1
20 -1
21 0
22 0
23 0
24 -2
25 -3
26 -2
27 -1
28 -1
29 0
30 0
31 0
32 0
33 1
34 1
35 2
36 1
37 1
38 2
39 2
40 3
41 2
42 2
43 2
44 3
45 3
46 4
47 4
48 3
49 2
50 2
51 3
52 3
53 3
54 4
55 3
56 3
57 4
58 4
59 4
60 4
61 4
62 3
63 4
64 4
65 3
66 3
67 4
68 5
69 5
70 3
71 3
72 2
73 1
74 0
75 -1
76 -1
77 -1
78 0
79 0
80 1
81 0
82 0
83 1
84 0
85 0
86 0
87 -1
88 -1
89 -1
90 -1
91 -2
92 -2
93 -2
94 -3
95 -3
96 -4
97 -4
98 -4
99 -4
100 -4
101 -5
102 -5
103 -5
104 -5
105 -5
106 -4
107 -4
108 -4
109 -3
110 -3
111 -3
112 -3
113 -4
114 -4
115 -4
116 -5
117 -5
118 -4
119 -5
120 -5
121 -5
122 -4
123 -3
124 -4
125 -4
126 -3
127 -2
128 -2
129 -2
130 -3
131 -1
132 0
133 0
134 -1
135 -2
136 -2
137 -2
138 -4
139 -4
140 -4
141 -4
142 -4
143 -4
144 -5
145 -5
146 -6
147 -6
148 -6
149 -7
150 -6
151 -6
152 -5
153 -5
154 -6
155 -6
156 -5
157 -5
158 -5
159 -5
160 -4
161 -4
162 -4
163 -4
164 -4
165 -3
166 -4
167 -3
168 -3
169 -3
170 -4
171 -4
172 -3
173 -2
174 -1
175 -1
176 -2
177 -2
178 -2
179 -1
180 -1
181 -2
182 -2
183 -2
184 -2
185 -1
186 -1
187 -1
188 -1
189 0
190 1
191 1
192 0
193 0
194 1
195 1
196 1
197 1
198 0
199 -1
200 0
201 0
202 2
203 3
204 3
205 3
206 5
207 5
208 6
209 6
210 7
211 6
212 6
213 7
214 8
215 6
216 6
217 6
218 5
219 4
220 4
221 4
222 4
223 3
224 3
225 2
226 2
227 1
228 0
229 0
230 1
231 -1
232 0
233 1
234 1
235 0
236 1
237 1
238 0
239 0
240 0
241 -1
242 -1
243 -1
244 -1
245 -1
246 -2
247 -3
248 -3
249 -4
250 -5
251 -5
252 -4
253 -4
254 -3
255 -3
