0 3
1 2
2 1
3 1
4 0
5 2
6 3
7 2
8 3
9 2
10 1
11 1
12 1
13 0
14 0
15 1
16 1
17 1
18 1
19 1
20 3
21 2
22 2
23 1
24 2
25 2
26 2
27 4
28 5
29 4
30 2
31 2
32 2
33 1
34 1
35 1
36 0
37 0
38 -1
39 0
40 0
41 0
42 -1
43 -1
44 -1
45 0
46 0
47 0
48 0
49 0
50 0
51 0
52 0
53 1
54 1
55 1
56 0
57 0
58 0
59 0
60 0
61 -1
62 0
63 -1
64 0
65 1
66 0
67 1
68 2
69 2
70 1
71 1
72 1
73 1
74 1
75 1
76 1
77 1
78 0
79 0
80 0
81 0
82 -1
83 -1
84 -1
85 0
86 0
87 1
88 0
89 0
90 1
91 1
92 1
93 1
94 0
95 1
96 1
97 1
98 1
99 1
100 1
101 0
102 -1
103 -1
104 0
105 0
106 0
107 -1
108 -2
109 -2
110 -2
111 -1
112 -2
113 -1
114 -1
115 -2
116 -3
117 -2
118 -1
119 -1
120 -1
121 -1
122 -1
123 -2
124 -1
125 -2
126 -2
127 -1
128 -1
129 0
130 -1
131 0
132 0
133 1
134 1
135 0
136 0
137 0
138 0
139 -1
140 -1
141 -1
142 1
143 1
144 1
145 0
146 -1
147 -1
148 -1
149 -1
150 0
151 1
152 0
153 -1
154 -1
155 0
156 0
157 1
158 0
159 -1
160 -2
161 -2
162 -1
163 0
164 0
165 1
166 0
167 1
168 0
169 0
170 0
171 1
172 1
173 0
174 -1
175 -2
176 -1
177 -1
178 -2
179 -2
180 -2
181 -2
182 -2
183 -2
184 -2
185 -2
186 -2
187 -2
188 -1
189 -2
190 0
191 0
192 -1
193 -1
194 -1
195 -1
196 -1
197 -1
198 -1
199 0
200 0
201 -1
202 -1
203 0
204 0
205 1
206 1
207 0
208 0
209 0
210 0
211 0
212 1
213 1
214 1
215 0
216 0
217 1
218 1
219 2
220 1
221 1
222 0
223 0
224 1
225 2
226 3
227 3
228 2
229 0
230 0
231 0
232 0
233 1
234 0
235 -1
236 -1
237 -1
238 0
239 1
240 1
241 0
242 1
243 1
244 2
245 2
246 1
247 1
248 1
249 1
250 1
251 1
252 0
253 2
254 2
255 2
