0 0
1 0
2 1
3 2
4 1
5 3
6 3
7 5
8 4
9 1
10 3
11 5
12 6
13 4
14 5
15 3
16 3
17 2
18 1
19 1
20 0
21 1
22 1
23 1
24 2
25 3
26 5
27 6
28 8
29 8
30 9
31 10
32 11
33 10
34 9
35 9
36 9
37 10
38 9
39 7
40 7
41 3
42 4
43 5
44 3
45 4
46 4
47 2
48 0
49 0
50 1
51 -2
52 -3
53 -5
54 -4
55 -4
56 -3
57 -4
58 -2
59 0
60 0
61 1
62 0
63 0
64 0
65 -2
66 -2
67 0
68 -3
69 -1
70 0
71 0
72 -1
73 0
74 0
75 -3
76 -2
77 -1
78 -1
79 -3
80 -2
81 0
82 1
83 1
84 -1
85 1
86 1
87 1
88 2
89 0
90 -2
91 -2
92 -2
93 -2
94 0
95 1
96 1
97 0
98 -3
99 -2
100 -2
101 -1
102 -3
103 -2
104 -1
105 -1
106 -2
107 -2
108 -2
109 -3
110 -2
111 -2
112 -3
113 -3
114 -4
115 -6
116 -6
117 -5
118 -1
119 1
120 0
121 3
122 3
123 2
124 3
125 4
126 3
127 1
128 1
129 1
130 -1
131 -1
132 0
133 -1
134 0
135 1
136 0
137 0
138 1
139 1
140 1
141 0
142 0
143 1
144 2
145 2
146 3
147 3
148 3
149 4
150 3
151 3
152 4
153 6
154 6
155 4
156 4
157 4
158 5
159 2
160 2
161 1
162 2
163 0
164 1
165 0
166 0
167 -1
168 -1
169 0
170 0
171 -1
172 -1
173 1
174 0
175 -1
176 0
177 -1
178 1
179 0
180 0
181 0
182 0
183 -1
184 -1
185 -2
186 -3
187 -1
188 -3
189 -3
190 -3
191 -2
192 -2
193 -3
194 -3
195 -4
196 -5
197 -5
198 -3
199 -2
200 -2
201 -3
202 -3
203 -3
204 -3
205 -1
206 -1
207 0
208 1
209 1
210 0
211 1
212 0
213 1
214 0
215 -1
216 -1
217 0
218 -1
219 -1
220 0
221 1
222 2
223 1
224 1
225 1
226 -1
227 -2
228 -3
229 -2
230 -2
231 -3
232 -3
233 -1
234 1
235 1
236 0
237 2
238 4
239 6
240 5
241 4
242 5
243 5
244 4
245 3
246 3
247 5
248 5
249 4
250 6
251 3
252 4
253 4
254 1
255 0
