0 -15
1 -15
2 -13
3 -13
4 -13
5 -13
6 -13
7 -10
8 -11
9 -12
10 -13
11 -14
12 -13
13 -14
14 -14
15 -14
16 -12
17 -12
18 -11
19 -11
20 -12
21 -13
22 -11
23 -13
24 -15
25 -14
26 -15
27 -15
28 -13
29 -13
30 -13
31 -14
32 -15
33 -14
34 -15
35 -16
36 -14
37 -16
38 -16
39 -17
40 -17
41 -17
42 -15
43 -13
44 -13
45 -12
46 -11
47 -9
48 -9
49 -10
50 -11
51 -13
52 -12
53 -11
54 -12
55 -15
56 -16
57 -17
58 -17
59 -16
60 -16
61 -16
62 -15
63 -14
64 -13
65 -14
66 -13
67 -15
68 -14
69 -16
70 -16
71 -16
72 -15
73 -16
74 -17
75 -20
76 -21
77 -23
78 -22
79 -24
80 -23
81 -22
82 -24
83 -22
84 -24
85 -23
86 -23
87 -26
88 -26
89 -26
90 -26
91 -24
92 -25
93 -24
94 -23
95 -24
96 -23
97 -21
98 -22
99 -22
100 -21
101 -19
102 -20
103 -20
104 -20
105 -20
106 -20
107 -20
108 -21
109 -23
110 -21
111 -20
112 -20
113 -21
114 -18
115 -20
116 -16
117 -13
118 -14
119 -15
120 -15
121 -15
122 -14
123 -14
124 -16
125 -16
126 -16
127 -16
128 -14
129 -14
130 -14
131 -14
132 -15
133 -16
134 -18
135 -19
136 -17
137 -19
138 -19
139 -19
140 -17
141 -16
142 -15
143 -19
144 -19
145 -20
146 -19
147 -21
148 -21
149 -20
150 -20
151 -22
152 -21
153 -20
154 -21
155 -20
156 -20
157 -18
158 -15
159 -16
160 -17
161 -16
162 -17
163 -17
164 -18
165 -19
166 -19
167 -19
168 -21
169 -21
170 -20
171 -17
172 -16
173 -14
174 -14
175 -14
176 -13
177 -13
178 -11
179 -10
180 -10
181 -12
182 -12
183 -11
184 -13
185 -15
186 -14
187 -14
188 -14
189 -12
190 -11
191 -10
192 -9
193 -8
194 -6
195 -7
196 -6
197 -7
198 -4
199 -4
200 -3
201 -3
202 -2
203 -2
204 -3
205 -4
206 -3
207 -1
208 -2
209 -3
210 -2
211 -1
212 -1
213 0
214 -1
215 0
216 1
217 0
218 -2
219 -2
220 -2
221 -2
222 -3
223 -3
224 -6
225 -7
226 -10
227 -8
228 -9
229 -8
230 -9
231 -9
232 -9
233 -11
234 -12
235 -12
236 -13
237 -12
238 -13
239 -12
240 -8
241 -8
242 -8
243 -6
244 -8
245 -9
246 -9
247 -10
248 -12
249 -13
250 -13
251 -14
252 -15
253 -16
254 -18
255 -18
