0 0
1 -2
2 -3
3 -1
4 -2
5 -1
6 -1
7 -2
8 -2
9 -3
10 -2
11 -3
12 -1
13 0
14 -1
15 -1
16 -1
17 1
18 -1
19 -1
20 -1
21 2
22 3
23 2
24 2
25 2
26 0
27 1
28 0
29 0
30 1
31 -1
32 -1
33 0
34 0
35 1
36 0
37 0
38 0
39 0
40 1
41 1
42 1
43 1
44 1
45 1
46 2
47 3
48 4
49 4
50 5
51 5
52 5
53 5
54 4
55 4
56 4
57 4
58 7
59 6
60 4
61 3
62 2
63 0
64 0
65 -1
66 -3
67 -2
68 -3
69 -4
70 -5
71 -3
72 -3
73 -3
74 -2
75 -2
76 -1
77 0
78 1
79 1
80 2
81 3
82 3
83 3
84 4
85 4
86 4
87 5
88 4
89 5
90 5
91 3
92 4
93 3
94 2
95 2
96 1
97 2
98 2
99 2
100 2
101 3
102 3
103 3
104 3
105 3
106 3
107 2
108 2
109 3
110 3
111 2
112 2
113 2
114 -1
115 1
116 0
117 1
118 -1
119 -2
120 -5
121 -5
122 -4
123 -3
124 -3
125 -1
126 0
127 1
128 2
129 1
130 1
131 1
132 1
133 2
134 3
135 3
136 2
137 1
138 1
139 1
140 1
141 3
142 3
143 2
144 0
145 0
146 0
147 0
148 0
149 -1
150 -2
151 -1
152 2
153 2
154 2
155 2
156 0
157 2
158 0
159 -1
160 1
161 1
162 0
163 -2
164 -1
165 -1
166 -1
167 -1
168 0
169 -1
170 -2
171 -2
172 -3
173 -3
174 0
175 1
176 1
177 0
178 -1
179 -2
180 -1
181 1
182 1
183 1
184 1
185 1
186 0
187 2
188 1
189 1
190 0
191 1
192 0
193 -1
194 -1
195 -1
196 0
197 2
198 0
199 0
200 1
201 2
202 1
203 0
204 -1
205 0
206 1
207 2
208 3
209 3
210 1
211 2
212 3
213 4
214 3
215 2
216 2
217 3
218 4
219 3
220 4
221 5
222 4
223 5
224 5
225 4
226 3
227 1
228 2
229 2
230 3
231 3
232 0
233 1
234 0
235 1
236 2
237 3
238 3
239 2
240 3
241 2
242 0
243 -1
244 -1
245 -1
246 -2
247 -3
248 -3
249 -1
250 -1
251 0
252 -2
253 -2
254 -1
255 -3
