0 0
1 0
2 1
3 1
4 1
5 1
6 1
7 2
8 3
9 3
10 3
11 2
12 2
13 3
14 2
15 2
16 2
17 2
18 2
19 1
20 1
21 0
22 0
23 0
24 0
25 0
26 0
27 1
28 0
29 0
30 1
31 1
32 2
33 2
34 2
35 2
36 2
37 2
38 2
39 1
40 0
41 0
42 -1
43 1
44 0
45 0
46 1
47 0
48 1
49 2
50 2
51 2
52 1
53 0
54 -1
55 -2
56 -1
57 -1
58 -1
59 -1
60 -1
61 -1
62 -2
63 -1
64 -1
65 -2
66 -1
67 -1
68 -1
69 -2
70 0
71 0
72 -1
73 -1
74 -1
75 -1
76 -1
77 -1
78 -1
79 -1
80 -1
81 -3
82 -2
83 -4
84 -2
85 -2
86 -2
87 -1
88 -2
89 -1
90 0
91 1
92 1
93 1
94 2
95 1
96 1
97 1
98 0
99 1
100 0
101 -1
102 -1
103 -1
104 0
105 1
106 1
107 1
108 1
109 2
110 2
111 1
112 1
113 0
114 1
115 1
116 1
117 0
118 -1
119 -1
120 0
121 0
122 0
123 1
124 1
125 1
126 1
127 1
128 2
129 1
130 1
131 1
132 0
133 0
134 0
135 0
136 1
137 1
138 1
139 0
140 0
141 0
142 1
143 0
144 0
145 -1
146 -2
147 -1
148 0
149 0
150 0
151 -2
152 -1
153 -1
154 -1
155 -1
156 0
157 -1
158 -1
159 -1
160 -1
161 -1
162 -1
163 -2
164 -3
165 -3
166 -2
167 -1
168 0
169 0
170 -1
171 -2
172 -2
173 -1
174 0
175 -1
176 -1
177 -1
178 -1
179 0
180 0
181 1
182 1
183 2
184 3
185 2
186 1
187 1
188 1
189 1
190 1
191 1
192 1
193 0
194 0
195 0
196 0
197 1
198 2
199 1
200 1
201 2
202 3
203 3
204 3
205 3
206 2
207 3
208 2
209 2
210 2
211 1
212 2
213 2
214 3
215 3
216 3
217 2
218 2
219 2
220 1
221 1
222 1
223 1
224 1
225 1
226 1
227 1
228 0
229 0
230 1
231 1
232 1
233 1
234 0
235 0
236 0
237 0
238 0
239 0
240 1
241 1
242 1
243 2
244 2
245 2
246 1
247 0
248 0
249 1
250 1
251 1
252 1
253 1
254 1
255 0
