0 -43
1 -43
2 -43
3 -43
4 -42
5 -42
6 -42
7 -43
8 -43
9 -43
10 -43
11 -43
12 -43
13 -44
14 -44
15 -45
16 -46
17 -44
18 -44
19 -44
20 -44
21 -45
22 -45
23 -45
24 -46
25 -47
26 -47
27 -48
28 -48
29 -49
30 -49
31 -49
32 -48
33 -49
34 -49
35 -48
36 -48
37 -47
38 -49
39 -49
40 -48
41 -47
42 -47
43 -47
44 -47
45 -47
46 -49
47 -51
48 -50
49 -51
50 -51
51 -51
52 -51
53 -49
54 -45
55 -45
56 -44
57 -42
58 -43
59 -44
60 -43
61 -42
62 -42
63 -41
64 -41
65 -41
66 -42
67 -43
68 -42
69 -41
70 -41
71 -41
72 -41
73 -39
74 -38
75 -37
76 -36
77 -37
78 -36
79 -37
80 -37
81 -38
82 -39
83 -37
84 -37
85 -37
86 -36
87 -35
88 -35
89 -34
90 -34
91 -34
92 -36
93 -35
94 -35
95 -36
96 -37
97 -37
98 -37
99 -37
100 -37
101 -35
102 -35
103 -35
104 -35
105 -35
106 -35
107 -36
108 -34
109 -36
110 -38
111 -39
112 -39
113 -37
114 -36
115 -37
116 -36
117 -38
118 -35
119 -37
120 -39
121 -40
122 -40
123 -42
124 -43
125 -41
126 -40
127 -40
128 -40
129 -40
130 -39
131 -39
132 -38
133 -37
134 -39
135 -39
136 -39
137 -40
138 -41
139 -41
140 -42
141 -43
142 -42
143 -43
144 -43
145 -42
146 -40
147 -41
148 -41
149 -41
150 -41
151 -41
152 -40
153 -41
154 -42
155 -42
156 -43
157 -43
158 -44
159 -42
160 -44
161 -45
162 -47
163 -47
164 -45
165 -47
166 -47
167 -46
168 -46
169 -45
170 -44
171 -45
172 -46
173 -45
174 -45
175 -45
176 -45
177 -46
178 -46
179 -46
180 -44
181 -43
182 -43
183 -44
184 -44
185 -43
186 -43
187 -41
188 -40
189 -38
190 -40
191 -39
192 -40
193 -41
194 -41
195 -43
196 -43
197 -43
198 -44
199 -44
200 -44
201 -45
202 -45
203 -45
204 -45
205 -45
206 -45
207 -45
208 -45
209 -47
210 -47
211 -45
212 -46
213 -45
214 -45
215 -45
216 -45
217 -44
218 -44
219 -45
220 -44
221 -45
222 -44
223 -43
224 -42
225 -42
226 -44
227 -43
228 -42
229 -42
230 -43
231 -43
232 -42
233 -43
234 -43
235 -43
236 -44
237 -43
238 -40
239 -40
240 -40
241 -42
242 -41
243 -43
244 -44
245 -45
246 -46
247 -46
248 -47
249 -48
250 -49
251 -49
252 -49
253 -48
254 -48
255 -46
