0 -9
1 -7
2 -6
3 -3
4 -1
5 0
6 1
7 2
8 3
9 3
10 2
11 0
12 0
13 2
14 0
15 0
16 -1
17 -1
18 -1
19 -1
20 0
21 -1
22 1
23 2
24 1
25 1
26 3
27 3
28 3
29 3
30 4
31 5
32 5
33 4
34 4
35 3
36 2
37 5
38 5
39 7
40 6
41 7
42 8
43 8
44 7
45 6
46 6
47 6
48 5
49 5
50 7
51 5
52 6
53 6
54 4
55 3
56 3
57 6
58 6
59 5
60 6
61 7
62 6
63 6
64 4
65 4
66 4
67 4
68 1
69 0
70 0
71 0
72 0
73 0
74 0
75 0
76 -3
77 -2
78 -2
79 -1
80 0
81 -1
82 0
83 1
84 2
85 1
86 1
87 3
88 0
89 1
90 0
91 -2
92 -3
93 -4
94 -6
95 -6
96 -4
97 -4
98 -4
99 -3
100 -5
101 -6
102 -7
103 -7
104 -6
105 -6
106 -7
107 -8
108 -8
109 -10
110 -10
111 -11
112 -12
113 -12
114 -12
115 -10
116 -10
117 -10
118 -11
119 -11
120 -12
121 -13
122 -12
123 -13
124 -13
125 -13
126 -10
127 -12
128 -14
129 -14
130 -13
131 -14
132 -12
133 -10
134 -10
135 -10
136 -9
137 -11
138 -12
139 -13
140 -13
141 -14
142 -14
143 -14
144 -13
145 -14
146 -14
147 -15
148 -14
149 -12
150 -11
151 -10
152 -9
153 -8
154 -6
155 -8
156 -6
157 -5
158 -5
159 -5
160 -6
161 -7
162 -7
163 -8
164 -7
165 -8
166 -9
167 -10
168 -9
169 -9
170 -7
171 -7
172 -8
173 -8
174 -9
175 -9
176 -9
177 -9
178 -9
179 -8
180 -10
181 -10
182 -11
183 -11
184 -8
185 -8
186 -8
187 -9
188 -9
189 -8
190 -9
191 -9
192 -9
193 -10
194 -11
195 -9
196 -8
197 -7
198 -6
199 -7
200 -8
201 -7
202 -8
203 -8
204 -7
205 -6
206 -7
207 -7
208 -8
209 -7
210 -8
211 -10
212 -9
213 -10
214 -13
215 -13
216 -13
217 -14
218 -15
219 -15
220 -14
221 -14
222 -14
223 -15
224 -15
225 -14
226 -14
227 -15
228 -13
229 -11
230 -12
231 -11
232 -11
233 -11
234 -11
235 -10
236 -9
237 -9
238 -9
239 -8
240 -7
241 -7
242 -8
243 -8
244 -9
245 -10
246 -7
247 -8
248 -8
249 -8
250 -9
251 -8
252 -7
253 -7
254 -8
255 -10
