0 10
1 8
2 8
3 7
4 10
5 9
6 10
7 9
8 9
9 9
10 9
11 8
12 7
13 6
14 5
15 7
16 7
17 8
18 7
19 6
20 4
21 5
22 2
23 2
24 4
25 4
26 4
27 4
28 4
29 4
30 5
31 4
32 3
33 1
34 1
35 -2
36 -1
37 0
38 -1
39 -3
40 -3
41 -1
42 -1
43 -3
44 -3
45 -4
46 -2
47 -3
48 -3
49 -2
50 -2
51 -2
52 -2
53 -4
54 -5
55 -5
56 -6
57 -6
58 -5
59 -6
60 -5
61 -5
62 -5
63 -5
64 -6
65 -6
66 -6
67 -8
68 -9
69 -9
70 -9
71 -7
72 -8
73 -8
74 -8
75 -8
76 -8
77 -10
78 -9
79 -10
80 -13
81 -11
82 -11
83 -11
84 -12
85 -11
86 -12
87 -10
88 -9
89 -8
90 -7
91 -7
92 -5
93 -3
94 -3
95 -4
96 -5
97 -4
98 -5
99 -5
100 -3
101 -4
102 -5
103 -4
104 -5
105 -3
106 -3
107 -2
108 1
109 1
110 1
111 1
112 0
113 0
114 -2
115 -2
116 -1
117 -1
118 -1
119 -1
120 -1
121 -2
122 -2
123 -2
124 -1
125 -1
126 -2
127 -3
128 -2
129 -3
130 -1
131 0
132 -1
133 -3
134 -3
135 -2
136 -3
137 -5
138 -6
139 -6
140 -5
141 -5
142 -7
143 -8
144 -7
145 -9
146 -9
147 -9
148 -9
149 -9
150 -9
151 -9
152 -7
153 -8
154 -7
155 -7
156 -7
157 -7
158 -6
159 -7
160 -7
161 -9
162 -9
163 -7
164 -9
165 -12
166 -12
167 -11
168 -9
169 -8
170 -8
171 -8
172 -8
173 -7
174 -6
175 -7
176 -7
177 -5
178 -5
179 -4
180 -4
181 -2
182 -2
183 -3
184 -2
185 -1
186 0
187 0
188 -2
189 -1
190 -1
191 -1
192 0
193 1
194 0
195 -3
196 -4
197 -3
198 -3
199 1
200 2
201 3
202 6
203 5
204 2
205 1
206 2
207 3
208 1
209 2
210 1
211 -1
212 0
213 -1
214 0
215 3
216 3
217 2
218 2
219 2
220 1
221 2
222 3
223 3
224 3
225 5
226 6
227 6
228 6
229 6
230 6
231 6
232 7
233 4
234 5
235 5
236 4
237 2
238 2
239 3
240 3
241 4
242 4
243 5
244 6
245 7
246 7
247 7
248 7
249 8
250 8
251 9
252 10
253 10
254 10
255 10
