0 0
1 2
2 1
3 1
4 2
5 3
6 3
7 6
8 7
9 5
10 8
11 7
12 4
13 4
14 4
15 5
16 5
17 3
18 1
19 3
20 2
21 2
22 2
23 2
24 1
25 0
26 -1
27 -1
28 0
29 -1
30 2
31 2
32 4
33 4
34 4
35 5
36 4
37 5
38 4
39 4
40 2
41 1
42 2
43 2
44 3
45 3
46 2
47 1
48 2
49 4
50 4
51 4
52 5
53 6
54 7
55 6
56 7
57 7
58 5
59 6
60 6
61 6
62 7
63 6
64 7
65 5
66 4
67 3
68 1
69 2
70 0
71 2
72 2
73 4
74 2
75 1
76 2
77 1
78 0
79 2
80 3
81 4
82 6
83 7
84 6
85 5
86 6
87 6
88 7
89 10
90 10
91 11
92 12
93 10
94 9
95 9
96 9
97 10
98 12
99 14
100 13
101 15
102 14
103 12
104 11
105 10
106 9
107 8
108 7
109 9
110 10
111 9
112 8
113 7
114 7
115 6
116 6
117 5
118 4
119 3
120 3
121 3
122 5
123 6
124 6
125 4
126 5
127 5
128 4
129 4
130 3
131 2
132 3
133 2
134 4
135 3
136 3
137 2
138 0
139 -1
140 -2
141 0
142 -2
143 -1
144 -2
145 -2
146 0
147 0
148 3
149 2
150 4
151 3
152 4
153 5
154 5
155 6
156 7
157 6
158 6
159 5
160 4
161 4
162 1
163 1
164 1
165 0
166 0
167 2
168 3
169 3
170 4
171 5
172 5
173 5
174 7
175 7
176 9
177 8
178 10
179 10
180 9
181 10
182 10
183 10
184 7
185 6
186 4
187 5
188 4
189 2
190 3
191 4
192 3
193 4
194 5
195 5
196 7
197 7
198 6
199 7
200 5
201 6
202 6
203 7
204 9
205 9
206 6
207 6
208 9
209 8
210 7
211 5
212 2
213 1
214 0
215 2
216 0
217 0
218 1
219 2
220 1
221 1
222 0
223 -1
224 -1
225 0
226 0
227 1
228 0
229 0
230 1
231 0
232 2
233 2
234 3
235 1
236 1
237 1
238 -1
239 -1
240 -1
241 -2
242 -2
243 -1
244 0
245 -1
246 0
247 0
248 1
249 1
250 0
251 -1
252 -1
253 -1
254 2
255 2
