0 1
1 1
2 1
3 2
4 2
5 1
6 0
7 0
8 0
9 -1
10 -2
11 -1
12 -3
13 -3
14 -3
15 -3
16 -3
17 -2
18 -2
19 -1
20 0
21 0
22 0
23 1
24 0
25 0
26 0
27 0
28 1
29 1
30 0
31 1
32 1
33 1
34 0
35 0
36 1
37 0
38 0
39 1
40 0
41 0
42 0
43 -1
44 -1
45 -1
46 -1
47 -1
48 -1
49 0
50 0
51 0
52 0
53 -1
54 -1
55 -1
56 0
57 0
58 0
59 -1
60 0
61 -1
62 -1
63 0
64 1
65 1
66 1
67 0
68 -1
69 -1
70 0
71 -1
72 -2
73 -2
74 -2
75 -1
76 -1
77 -1
78 -1
79 0
80 0
81 -1
82 0
83 0
84 0
85 0
86 0
87 0
88 0
89 -1
90 0
91 0
92 1
93 0
94 0
95 1
96 1
97 1
98 2
99 1
100 1
101 1
102 0
103 0
104 0
105 0
106 0
107 0
108 1
109 2
110 2
111 0
112 1
113 1
114 1
115 1
116 0
117 0
118 1
119 1
120 2
121 2
122 1
123 2
124 0
125 0
126 0
127 -1
128 -1
129 -1
130 -1
131 -1
132 0
133 1
134 1
135 0
136 1
137 0
138 0
139 0
140 0
141 0
142 0
143 -2
144 -2
145 -2
146 -2
147 -1
148 -1
149 -1
150 -1
151 -1
152 -2
153 -1
154 0
155 0
156 0
157 -1
158 0
159 -1
160 0
161 0
162 0
163 0
164 0
165 -1
166 0
167 0
168 1
169 1
170 0
171 0
172 1
173 0
174 0
175 1
176 0
177 -1
178 0
179 0
180 0
181 0
182 1
183 1
184 1
185 1
186 2
187 2
188 1
189 0
190 0
191 0
192 1
193 1
194 1
195 1
196 1
197 0
198 -1
199 -1
200 -1
201 -1
202 1
203 1
204 1
205 0
206 0
207 0
208 -1
209 -1
210 0
211 0
212 0
213 -1
214 -1
215 0
216 0
217 0
218 0
219 -1
220 -1
221 -1
222 -1
223 0
224 0
225 -1
226 -2
227 -2
228 -2
229 -2
230 -1
231 -1
232 -1
233 -1
234 -1
235 0
236 0
237 0
238 0
239 0
240 0
241 0
242 0
243 0
244 0
245 0
246 0
247 0
248 0
249 1
250 1
251 1
252 1
253 1
254 1
255 1
