0 1
1 1
2 1
3 1
4 0
5 -1
6 -1
7 0
8 0
9 0
10 1
11 0
12 -1
13 -1
14 -1
15 0
16 0
17 -1
18 0
19 -1
20 -1
21 -1
22 -1
23 -1
24 0
25 0
26 -2
27 -2
28 -2
29 -2
30 -3
31 -3
32 -4
33 -3
34 -2
35 -2
36 -2
37 0
38 0
39 -1
40 -2
41 -2
42 -2
43 -2
44 -2
45 -2
46 -2
47 -2
48 -2
49 -2
50 -2
51 -2
52 -1
53 -2
54 -1
55 -1
56 -1
57 -2
58 -2
59 -1
60 -3
61 -4
62 -4
63 -2
64 0
65 1
66 1
67 0
68 1
69 1
70 1
71 2
72 2
73 1
74 1
75 1
76 2
77 2
78 2
79 2
80 2
81 2
82 2
83 2
84 1
85 1
86 2
87 2
88 1
89 1
90 1
91 1
92 2
93 1
94 2
95 2
96 2
97 1
98 0
99 1
100 0
101 -1
102 -1
103 0
104 0
105 1
106 1
107 1
108 2
109 2
110 0
111 0
112 1
113 1
114 2
115 1
116 1
117 1
118 1
119 1
120 1
121 0
122 -1
123 -1
124 0
125 0
126 0
127 0
128 0
129 -1
130 -2
131 -1
132 -1
133 -1
134 -1
135 -1
136 0
137 0
138 0
139 0
140 0
141 0
142 0
143 0
144 1
145 1
146 0
147 0
148 -1
149 -2
150 -2
151 -2
152 -2
153 -2
154 -1
155 -1
156 -1
157 -1
158 -1
159 -1
160 -1
161 -1
162 -1
163 -1
164 -1
165 1
166 2
167 3
168 3
169 2
170 1
171 1
172 1
173 1
174 0
175 0
176 0
177 0
178 1
179 1
180 1
181 1
182 0
183 0
184 1
185 1
186 1
187 0
188 0
189 -1
190 -2
191 -2
192 -3
193 -3
194 -3
195 -4
196 -4
197 -3
198 -3
199 -3
200 -2
201 -2
202 -1
203 -2
204 -1
205 -1
206 0
207 0
208 0
209 -1
210 0
211 1
212 1
213 1
214 0
215 0
216 0
217 0
218 1
219 1
220 1
221 1
222 2
223 1
224 1
225 1
226 1
227 1
228 1
229 1
230 2
231 1
232 1
233 1
234 0
235 0
236 0
237 0
238 0
239 -1
240 -1
241 0
242 0
243 0
244 1
245 1
246 0
247 1
248 0
249 0
250 0
251 1
252 2
253 1
254 1
255 1
