0 -14
1 -12
2 -12
3 -13
4 -14
5 -12
6 -13
7 -16
8 -16
9 -14
10 -13
11 -14
12 -16
13 -14
14 -12
15 -10
16 -11
17 -11
18 -11
19 -9
20 -7
21 -9
22 -10
23 -8
24 -6
25 -3
26 -3
27 -3
28 -6
29 -7
30 -8
31 -8
32 -9
33 -10
34 -8
35 -7
36 -8
37 -7
38 -4
39 -3
40 -4
41 -3
42 -4
43 -4
44 -4
45 -3
46 -4
47 -4
48 -4
49 -5
50 -4
51 -3
52 -7
53 -8
54 -7
55 -9
56 -9
57 -9
58 -10
59 -9
60 -7
61 -9
62 -7
63 -5
64 -2
65 -3
66 -1
67 -1
68 0
69 0
70 1
71 2
72 -1
73 -1
74 1
75 0
76 -1
77 -2
78 -1
79 0
80 -1
81 -1
82 -2
83 -1
84 0
85 -1
86 -3
87 -4
88 -6
89 -8
90 -6
91 -4
92 -1
93 0
94 2
95 3
96 3
97 4
98 1
99 2
100 1
101 1
102 3
103 3
104 4
105 3
106 4
107 5
108 3
109 5
110 6
111 4
112 7
113 8
114 8
115 10
116 9
117 10
118 8
119 10
120 10
121 9
122 9
123 9
124 11
125 13
126 12
127 11
128 11
129 13
130 10
131 9
132 9
133 8
134 9
135 7
136 7
137 6
138 7
139 6
140 6
141 4
142 3
143 4
144 2
145 1
146 2
147 0
148 1
149 2
150 3
151 0
152 2
153 2
154 2
155 0
156 0
157 0
158 -1
159 -3
160 -4
161 -3
162 -4
163 -5
164 -6
165 -6
166 -3
167 -5
168 -5
169 -5
170 -5
171 -4
172 -6
173 -4
174 -6
175 -5
176 -5
177 -6
178 -3
179 -2
180 0
181 1
182 -2
183 -2
184 -3
185 -1
186 2
187 2
188 1
189 0
190 -3
191 -5
192 -9
193 -11
194 -12
195 -12
196 -13
197 -14
198 -14
199 -16
200 -15
201 -15
202 -16
203 -16
204 -18
205 -16
206 -18
207 -14
208 -13
209 -14
210 -14
211 -10
212 -11
213 -13
214 -11
215 -12
216 -14
217 -16
218 -16
219 -17
220 -16
221 -13
222 -13
223 -15
224 -15
225 -16
226 -15
227 -14
228 -12
229 -12
230 -10
231 -10
232 -13
233 -12
234 -14
235 -13
236 -10
237 -11
238 -10
239 -8
240 -8
241 -9
242 -9
243 -10
244 -10
245 -9
246 -9
247 -8
248 -11
249 -12
250 -11
251 -12
252 -12
253 -12
254 -11
255 -13
