0 147
1 147
2 147
3 147
4 148
5 149
6 150
7 151
8 150
9 151
10 151
11 151
12 153
13 154
14 155
15 156
16 156
17 154
18 153
19 154
20 155
21 154
22 153
23 154
24 151
25 151
26 150
27 152
28 152
29 153
30 152
31 151
32 151
33 151
34 152
35 151
36 151
37 150
38 151
39 151
40 151
41 150
42 149
43 151
44 150
45 150
46 150
47 148
48 148
49 148
50 148
51 149
52 149
53 149
54 149
55 151
56 150
57 150
58 150
59 150
60 151
61 151
62 153
63 154
64 153
65 153
66 153
67 154
68 156
69 158
70 159
71 160
72 161
73 161
74 162
75 162
76 161
77 163
78 164
79 166
80 165
81 166
82 163
83 163
84 162
85 162
86 162
87 163
88 164
89 163
90 163
91 162
92 162
93 162
94 163
95 163
96 162
97 162
98 161
99 163
100 163
101 162
102 164
103 164
104 163
105 163
106 163
107 165
108 164
109 163
110 164
111 163
112 159
113 157
114 158
115 157
116 155
117 155
118 158
119 157
120 155
121 154
122 155
123 154
124 154
125 152
126 153
127 153
128 154
129 156
130 156
131 154
132 151
133 152
134 153
135 152
136 153
137 153
138 155
139 155
140 154
141 154
142 154
143 152
144 152
145 151
146 151
147 151
148 153
149 152
150 151
151 151
152 151
153 150
154 150
155 152
156 151
157 154
158 154
159 154
160 154
161 153
162 153
163 153
164 153
165 153
166 152
167 152
168 150
169 150
170 151
171 152
172 150
173 151
174 151
175 152
176 150
177 149
178 149
179 146
180 148
181 150
182 149
183 150
184 151
185 150
186 149
187 148
188 149
189 150
190 150
191 150
192 150
193 152
194 151
195 152
196 152
197 153
198 153
199 152
200 152
201 153
202 151
203 150
204 151
205 151
206 150
207 148
208 149
209 149
210 150
211 151
212 153
213 154
214 154
215 152
216 152
217 153
218 154
219 155
220 155
221 156
222 157
223 158
224 161
225 161
226 159
227 160
228 158
229 158
230 155
231 155
232 156
233 156
234 155
235 154
236 154
237 153
238 155
239 157
240 159
241 158
242 156
243 154
244 153
245 151
246 150
247 149
248 151
249 150
250 149
251 148
252 150
253 149
254 149
255 148
