0 -2
1 -1
2 -1
3 -1
4 0
5 0
6 1
7 2
8 2
9 1
10 1
11 0
12 1
13 1
14 1
15 0
16 0
17 0
18 1
19 1
20 2
21 1
22 3
23 3
24 4
25 3
26 3
27 3
28 3
29 3
30 3
31 2
32 3
33 3
34 2
35 2
36 3
37 3
38 2
39 1
40 0
41 0
42 0
43 -1
44 -1
45 -2
46 -1
47 -1
48 -2
49 -3
50 -2
51 -2
52 -3
53 -3
54 -3
55 -3
56 -1
57 -2
58 -2
59 -2
60 -2
61 -1
62 -1
63 -1
64 0
65 0
66 0
67 -1
68 -2
69 -2
70 -2
71 -2
72 -1
73 0
74 1
75 -1
76 -1
77 0
78 0
79 0
80 0
81 1
82 1
83 1
84 1
85 0
86 0
87 0
88 1
89 1
90 0
91 1
92 2
93 2
94 1
95 1
96 1
97 1
98 2
99 4
100 4
101 2
102 0
103 0
104 -1
105 0
106 -1
107 -1
108 0
109 0
110 1
111 0
112 0
113 0
114 0
115 0
116 0
117 -1
118 -1
119 -1
120 -1
121 -1
122 -1
123 -1
124 0
125 0
126 0
127 1
128 1
129 2
130 0
131 0
132 0
133 0
134 1
135 1
136 1
137 2
138 2
139 3
140 2
141 2
142 1
143 0
144 0
145 0
146 1
147 1
148 1
149 2
150 3
151 2
152 2
153 2
154 1
155 1
156 0
157 1
158 0
159 1
160 0
161 -1
162 -1
163 -1
164 -1
165 0
166 0
167 0
168 0
169 -1
170 0
171 0
172 0
173 0
174 -1
175 -1
176 0
177 1
178 2
179 2
180 1
181 1
182 -1
183 -1
184 -1
185 -2
186 -2
187 -2
188 -3
189 -3
190 -3
191 -2
192 -2
193 -1
194 0
195 -1
196 -1
197 -1
198 -1
199 -1
200 0
201 0
202 -1
203 -2
204 -2
205 -2
206 -1
207 -1
208 -2
209 -2
210 -1
211 0
212 0
213 -1
214 -1
215 -1
216 -1
217 -1
218 -2
219 -2
220 -2
221 -1
222 -1
223 -2
224 -3
225 -3
226 -2
227 -1
228 -2
229 -1
230 -1
231 -1
232 0
233 0
234 -1
235 -2
236 -1
237 0
238 -1
239 -2
240 -2
241 -1
242 -1
243 -1
244 -1
245 -1
246 -1
247 -1
248 -1
249 0
250 -1
251 -1
252 -1
253 -2
254 -2
255 -1
