0 19
1 19
2 18
3 19
4 20
5 21
6 21
7 21
8 21
9 21
10 21
11 21
12 21
13 21
14 22
15 22
16 22
17 23
18 23
19 22
20 21
21 21
22 21
23 21
24 21
25 20
26 21
27 21
28 21
29 21
30 21
31 21
32 20
33 20
34 18
35 18
36 17
37 17
38 17
39 18
40 16
41 15
42 15
43 15
44 15
45 15
46 16
47 17
48 16
49 15
50 14
51 14
52 13
53 13
54 13
55 12
56 12
57 11
58 11
59 12
60 13
61 13
62 13
63 11
64 11
65 12
66 13
67 14
68 13
69 14
70 13
71 13
72 12
73 12
74 11
75 12
76 12
77 12
78 12
79 11
80 11
81 10
82 10
83 10
84 10
85 10
86 9
87 9
88 9
89 10
90 10
91 10
92 11
93 11
94 11
95 11
96 11
97 12
98 12
99 11
100 11
101 12
102 13
103 13
104 13
105 13
106 13
107 13
108 13
109 12
110 12
111 12
112 11
113 9
114 9
115 10
116 9
117 9
118 10
119 10
120 10
121 10
122 10
123 11
124 12
125 12
126 13
127 13
128 13
129 13
130 13
131 13
132 13
133 12
134 12
135 12
136 13
137 13
138 13
139 13
140 12
141 13
142 13
143 13
144 13
145 13
146 13
147 15
148 14
149 15
150 15
151 15
152 14
153 14
154 14
155 14
156 14
157 12
158 12
159 11
160 12
161 12
162 12
163 11
164 11
165 12
166 11
167 12
168 13
169 13
170 15
171 16
172 17
173 18
174 18
175 18
176 18
177 18
178 17
179 18
180 18
181 17
182 18
183 17
184 17
185 16
186 16
187 16
188 17
189 18
190 18
191 19
192 19
193 20
194 21
195 19
196 18
197 19
198 18
199 19
200 20
201 20
202 20
203 18
204 18
205 18
206 19
207 19
208 18
209 18
210 19
211 19
212 19
213 20
214 19
215 20
216 21
217 22
218 21
219 21
220 22
221 22
222 23
223 23
224 22
225 21
226 21
227 21
228 21
229 21
230 22
231 22
232 22
233 21
234 22
235 21
236 21
237 22
238 23
239 22
240 22
241 23
242 22
243 22
244 21
245 20
246 20
247 20
248 20
249 20
250 20
251 19
252 19
253 17
254 18
255 19
