0 0
1 0
2 -1
3 -1
4 -2
5 -2
6 -1
7 1
8 1
9 1
10 1
11 1
12 0
13 -1
14 0
15 1
16 1
17 2
18 2
19 0
20 0
21 -1
22 0
23 -1
24 0
25 -1
26 -3
27 -3
28 -3
29 -2
30 -4
31 -4
32 -4
33 -2
34 1
35 2
36 3
37 3
38 2
39 0
40 -1
41 -1
42 0
43 1
44 1
45 1
46 0
47 0
48 1
49 1
50 3
51 3
52 5
53 5
54 5
55 5
56 5
57 6
58 7
59 6
60 6
61 6
62 6
63 6
64 6
65 6
66 8
67 9
68 8
69 9
70 8
71 7
72 6
73 6
74 6
75 6
76 6
77 5
78 5
79 4
80 1
81 2
82 1
83 -2
84 -1
85 -1
86 -1
87 -1
88 -1
89 -1
90 1
91 0
92 0
93 -1
94 0
95 1
96 0
97 -1
98 0
99 2
100 4
101 5
102 6
103 6
104 6
105 6
106 3
107 3
108 4
109 3
110 3
111 4
112 2
113 2
114 1
115 2
116 1
117 0
118 1
119 0
120 0
121 0
122 0
123 0
124 1
125 1
126 3
127 2
128 3
129 0
130 0
131 2
132 2
133 1
134 0
135 0
136 -1
137 0
138 -1
139 -1
140 -1
141 -1
142 -1
143 -1
144 -1
145 0
146 0
147 0
148 -2
149 -2
150 -3
151 -2
152 -1
153 1
154 0
155 0
156 -2
157 -1
158 -1
159 0
160 0
161 -1
162 0
163 -1
164 1
165 2
166 4
167 3
168 2
169 2
170 1
171 1
172 1
173 0
174 -1
175 -1
176 -1
177 0
178 1
179 1
180 0
181 0
182 0
183 1
184 0
185 1
186 0
187 1
188 0
189 -1
190 0
191 1
192 2
193 1
194 2
195 2
196 2
197 0
198 0
199 0
200 1
201 1
202 0
203 1
204 3
205 3
206 2
207 2
208 1
209 1
210 2
211 2
212 1
213 0
214 1
215 2
216 1
217 1
218 1
219 1
220 0
221 0
222 0
223 -1
224 -1
225 0
226 1
227 1
228 1
229 1
230 0
231 0
232 -1
233 -1
234 -1
235 1
236 0
237 -1
238 -2
239 -1
240 -2
241 -3
242 -4
243 -1
244 -1
245 -2
246 -1
247 0
248 -1
249 -1
250 -1
251 -1
252 0
253 0
254 -1
255 1
