0 6
1 7
2 7
3 6
4 5
5 7
6 8
7 7
8 6
9 6
10 8
11 9
12 9
13 8
14 8
15 7
16 7
17 6
18 7
19 8
20 8
21 8
22 7
23 8
24 6
25 7
26 7
27 6
28 6
29 6
30 4
31 4
32 3
33 3
34 4
35 4
36 3
37 3
38 4
39 3
40 3
41 3
42 4
43 4
44 3
45 2
46 4
47 6
48 5
49 4
50 3
51 3
52 5
53 3
54 2
55 2
56 2
57 2
58 2
59 3
60 3
61 2
62 3
63 3
64 2
65 3
66 3
67 3
68 2
69 2
70 2
71 3
72 4
73 2
74 2
75 2
76 3
77 4
78 5
79 5
80 4
81 4
82 4
83 5
84 4
85 4
86 4
87 3
88 3
89 3
90 2
91 2
92 0
93 0
94 -1
95 0
96 -2
97 -3
98 -1
99 -3
100 -3
101 -3
102 -3
103 -2
104 -4
105 -3
106 -4
107 -4
108 -2
109 -2
110 -1
111 0
112 -1
113 -1
114 -1
115 1
116 0
117 1
118 1
119 0
120 -1
121 0
122 0
123 0
124 0
125 -1
126 -1
127 1
128 1
129 1
130 1
131 2
132 1
133 3
134 4
135 4
136 5
137 5
138 5
139 4
140 4
141 4
142 4
143 4
144 6
145 7
146 8
147 10
148 10
149 10
150 11
151 14
152 15
153 14
154 14
155 16
156 15
157 14
158 14
159 13
160 13
161 12
162 10
163 10
164 10
165 10
166 10
167 9
168 9
169 10
170 10
171 9
172 9
173 10
174 8
175 6
176 7
177 7
178 7
179 9
180 7
181 7
182 5
183 6
184 5
185 6
186 5
187 6
188 7
189 8
190 8
191 7
192 6
193 8
194 9
195 9
196 8
197 8
198 7
199 7
200 9
201 9
202 8
203 7
204 6
205 5
206 5
207 7
208 9
209 9
210 11
211 10
212 12
213 11
214 10
215 11
216 11
217 11
218 11
219 11
220 12
221 13
222 11
223 12
224 12
225 12
226 11
227 11
228 10
229 10
230 10
231 10
232 12
233 10
234 10
235 10
236 9
237 9
238 10
239 10
240 9
241 11
242 8
243 8
244 8
245 7
246 8
247 8
248 8
249 8
250 8
251 7
252 7
253 6
254 6
255 6
