0 -14
1 -14
2 -14
3 -15
4 -17
5 -19
6 -17
7 -17
8 -17
9 -17
10 -18
11 -19
12 -19
13 -19
14 -18
15 -19
16 -17
17 -19
18 -17
19 -16
20 -16
21 -16
22 -16
23 -16
24 -15
25 -16
26 -15
27 -16
28 -14
29 -14
30 -14
31 -13
32 -15
33 -15
34 -15
35 -13
36 -11
37 -10
38 -11
39 -11
40 -10
41 -11
42 -12
43 -12
44 -12
45 -13
46 -14
47 -12
48 -12
49 -14
50 -14
51 -13
52 -13
53 -14
54 -15
55 -16
56 -15
57 -14
58 -17
59 -18
60 -19
61 -18
62 -18
63 -17
64 -17
65 -17
66 -18
67 -18
68 -17
69 -17
70 -18
71 -18
72 -16
73 -17
74 -17
75 -16
76 -15
77 -15
78 -16
79 -15
80 -13
81 -14
82 -15
83 -14
84 -14
85 -14
86 -13
87 -13
88 -15
89 -15
90 -15
91 -14
92 -14
93 -14
94 -15
95 -13
96 -11
97 -13
98 -12
99 -12
100 -14
101 -14
102 -15
103 -14
104 -13
105 -14
106 -15
107 -15
108 -14
109 -14
110 -12
111 -12
112 -11
113 -11
114 -11
115 -11
116 -10
117 -9
118 -10
119 -9
120 -9
121 -10
122 -10
123 -8
124 -9
125 -9
126 -8
127 -9
128 -10
129 -8
130 -7
131 -9
132 -9
133 -9
134 -10
135 -8
136 -10
137 -11
138 -11
139 -11
140 -13
141 -13
142 -14
143 -14
144 -15
145 -15
146 -13
147 -12
148 -11
149 -13
150 -13
151 -13
152 -12
153 -12
154 -14
155 -15
156 -14
157 -15
158 -16
159 -15
160 -16
161 -18
162 -19
163 -17
164 -17
165 -19
166 -21
167 -21
168 -20
169 -20
170 -21
171 -21
172 -22
173 -21
174 -20
175 -19
176 -18
177 -19
178 -19
179 -18
180 -17
181 -17
182 -17
183 -16
184 -16
185 -16
186 -17
187 -18
188 -18
189 -16
190 -17
191 -19
192 -20
193 -20
194 -18
195 -18
196 -18
197 -18
198 -17
199 -17
200 -15
201 -15
202 -15
203 -13
204 -13
205 -13
206 -13
207 -13
208 -12
209 -13
210 -14
211 -16
212 -17
213 -17
214 -19
215 -20
216 -19
217 -18
218 -19
219 -19
220 -19
221 -19
222 -18
223 -18
224 -18
225 -17
226 -17
227 -16
228 -16
229 -15
230 -13
231 -13
232 -12
233 -11
234 -11
235 -11
236 -10
237 -12
238 -11
239 -11
240 -12
241 -10
242 -10
243 -11
244 -12
245 -12
246 -12
247 -13
248 -13
249 -14
250 -16
251 -16
252 -14
253 -14
254 -14
255 -14
