0 10
1 10
2 10
3 10
4 10
5 10
6 12
7 12
8 10
9 9
10 9
11 8
12 7
13 8
14 7
15 8
16 7
17 8
18 6
19 6
20 7
21 7
22 7
23 7
24 6
25 6
26 6
27 6
28 6
29 5
30 4
31 3
32 3
33 2
34 1
35 0
36 -1
37 0
38 -1
39 -2
40 -2
41 -1
42 -1
43 -3
44 -2
45 0
46 -1
47 -1
48 -2
49 -2
50 -3
51 -2
52 -3
53 -4
54 -5
55 -4
56 -3
57 -3
58 -3
59 -3
60 -2
61 -2
62 -3
63 -3
64 -1
65 -1
66 -1
67 0
68 0
69 1
70 2
71 2
72 3
73 3
74 3
75 4
76 3
77 3
78 4
79 3
80 0
81 1
82 1
83 1
84 1
85 0
86 -1
87 -1
88 -1
89 -1
90 0
91 1
92 1
93 0
94 1
95 2
96 1
97 0
98 1
99 1
100 1
101 1
102 1
103 0
104 -2
105 -1
106 -2
107 -3
108 -4
109 -4
110 -3
111 0
112 -1
113 -1
114 -2
115 -2
116 -2
117 -2
118 -3
119 -2
120 -2
121 -3
122 -3
123 -4
124 -5
125 -4
126 -2
127 -4
128 -4
129 -4
130 -4
131 -3
132 -4
133 -3
134 -3
135 -3
136 -2
137 -3
138 -1
139 0
140 -2
141 -2
142 -1
143 -1
144 -2
145 -2
146 -2
147 -2
148 -2
149 -3
150 -3
151 -3
152 -2
153 -2
154 -1
155 -1
156 1
157 1
158 0
159 -1
160 -1
161 -2
162 -1
163 -2
164 -2
165 -3
166 -4
167 -4
168 -4
169 -1
170 -1
171 -1
172 -1
173 -2
174 -1
175 -1
176 -1
177 -2
178 -3
179 -3
180 -3
181 -3
182 -4
183 -4
184 -4
185 -5
186 -2
187 -2
188 0
189 -2
190 0
191 -1
192 1
193 0
194 1
195 0
196 0
197 1
198 3
199 3
200 2
201 3
202 2
203 2
204 4
205 5
206 3
207 4
208 3
209 3
210 2
211 2
212 2
213 2
214 3
215 3
216 1
217 1
218 1
219 1
220 -1
221 -1
222 0
223 -1
224 -1
225 -1
226 0
227 0
228 1
229 -2
230 -2
231 -3
232 -2
233 -1
234 2
235 3
236 5
237 5
238 6
239 6
240 6
241 5
242 5
243 6
244 8
245 8
246 7
247 5
248 5
249 6
250 6
251 8
252 9
253 10
254 10
255 10
