0 -2
1 -2
2 -1
3 -2
4 -2
5 -2
6 -1
7 -1
8 0
9 0
10 -1
11 -1
12 -2
13 -2
14 -1
15 0
16 1
17 2
18 2
19 1
20 1
21 1
22 1
23 0
24 0
25 1
26 2
27 1
28 1
29 2
30 2
31 2
32 2
33 2
34 2
35 2
36 2
37 1
38 0
39 1
40 0
41 0
42 0
43 1
44 0
45 0
46 -1
47 -1
48 -1
49 -1
50 -1
51 0
52 0
53 0
54 0
55 0
56 0
57 1
58 1
59 1
60 1
61 2
62 2
63 3
64 3
65 2
66 0
67 0
68 0
69 1
70 0
71 -1
72 0
73 -1
74 0
75 0
76 1
77 2
78 2
79 2
80 2
81 3
82 2
83 2
84 1
85 1
86 1
87 2
88 3
89 2
90 2
91 1
92 1
93 1
94 0
95 -1
96 -1
97 -2
98 -2
99 -1
100 0
101 -1
102 -1
103 -1
104 -1
105 -1
106 0
107 0
108 0
109 -1
110 -1
111 0
112 0
113 2
114 1
115 1
116 1
117 0
118 0
119 0
120 0
121 0
122 0
123 0
124 0
125 0
126 -1
127 0
128 1
129 0
130 0
131 1
132 1
133 2
134 1
135 0
136 -1
137 -1
138 -2
139 -2
140 -2
141 -1
142 -1
143 -1
144 -1
145 -1
146 0
147 0
148 0
149 -1
150 -1
151 0
152 -1
153 0
154 0
155 0
156 1
157 1
158 1
159 1
160 1
161 1
162 1
163 0
164 1
165 1
166 -1
167 -1
168 -1
169 -1
170 -1
171 0
172 1
173 1
174 1
175 0
176 0
177 0
178 -1
179 -1
180 0
181 1
182 0
183 0
184 1
185 0
186 0
187 0
188 0
189 0
190 1
191 1
192 1
193 1
194 0
195 0
196 1
197 0
198 0
199 -2
200 -1
201 -1
202 -2
203 -1
204 -1
205 -2
206 -1
207 0
208 1
209 0
210 0
211 1
212 1
213 1
214 1
215 1
216 1
217 1
218 0
219 0
220 1
221 1
222 1
223 1
224 1
225 1
226 1
227 1
228 1
229 2
230 2
231 2
232 3
233 4
234 4
235 4
236 3
237 3
238 2
239 0
240 -1
241 -2
242 -2
243 -2
244 -1
245 -1
246 -1
247 -2
248 -2
249 -2
250 -2
251 -2
252 -1
253 -1
254 -1
255 -2
