0 -4
1 -3
2 -3
3 -2
4 -1
5 -1
6 -3
7 -2
8 -3
9 -1
10 0
11 -2
12 -1
13 2
14 1
15 1
16 1
17 1
18 1
19 2
20 1
21 1
22 0
23 -2
24 -2
25 0
26 -1
27 0
28 0
29 0
30 -2
31 -1
32 0
33 -1
34 0
35 -2
36 -2
37 -1
38 1
39 0
40 1
41 1
42 1
43 2
44 2
45 0
46 -1
47 -1
48 0
49 1
50 1
51 1
52 1
53 1
54 2
55 3
56 2
57 2
58 3
59 2
60 0
61 0
62 0
63 2
64 2
65 2
66 1
67 0
68 0
69 0
70 -1
71 -1
72 -1
73 -1
74 -2
75 -1
76 -1
77 0
78 -1
79 0
80 0
81 1
82 0
83 1
84 -1
85 0
86 -2
87 -2
88 -3
89 -4
90 -4
91 -4
92 -5
93 -4
94 -4
95 -3
96 -2
97 -1
98 -1
99 -1
100 -2
101 -3
102 -3
103 -3
104 -4
105 -4
106 -4
107 -2
108 -2
109 -2
110 -3
111 -3
112 -3
113 -2
114 -2
115 -1
116 -1
117 0
118 0
119 -2
120 -1
121 0
122 -1
123 0
124 0
125 1
126 0
127 0
128 -1
129 0
130 -1
131 -1
132 -2
133 -1
134 -2
135 0
136 0
137 0
138 1
139 0
140 0
141 -1
142 0
143 1
144 2
145 0
146 -1
147 0
148 -1
149 -1
150 0
151 0
152 2
153 2
154 1
155 2
156 3
157 3
158 2
159 1
160 1
161 1
162 1
163 2
164 1
165 1
166 2
167 2
168 1
169 1
170 1
171 0
172 -2
173 -1
174 -2
175 -1
176 -1
177 -2
178 0
179 0
180 -1
181 -3
182 -3
183 -2
184 -4
185 -3
186 -4
187 -5
188 -5
189 -5
190 -4
191 -2
192 -3
193 -2
194 -2
195 -2
196 -3
197 -4
198 -2
199 0
200 0
201 0
202 0
203 1
204 0
205 0
206 1
207 -1
208 -1
209 -1
210 -2
211 -5
212 -3
213 -3
214 -2
215 -3
216 -2
217 -2
218 -1
219 1
220 1
221 0
222 -1
223 1
224 0
225 0
226 0
227 -1
228 0
229 -2
230 -1
231 -2
232 -2
233 -1
234 0
235 0
236 -1
237 -1
238 -2
239 -2
240 -2
241 -2
242 -1
243 0
244 -1
245 -1
246 -2
247 -3
248 -4
249 -4
250 -3
251 -3
252 -4
253 -5
254 -6
255 -5
