0 11
1 10
2 9
3 10
4 8
5 6
6 7
7 6
8 8
9 8
10 10
11 10
12 10
13 11
14 13
15 13
16 13
17 13
18 12
19 11
20 12
21 11
22 10
23 8
24 7
25 7
26 7
27 5
28 2
29 1
30 0
31 2
32 3
33 1
34 1
35 1
36 -2
37 -2
38 -3
39 -3
40 -4
41 -3
42 -6
43 -4
44 -4
45 -2
46 -1
47 -2
48 -2
49 -1
50 -1
51 1
52 -1
53 1
54 -1
55 -2
56 0
57 -1
58 -1
59 0
60 0
61 2
62 2
63 1
64 3
65 3
66 4
67 7
68 8
69 8
70 7
71 5
72 6
73 4
74 6
75 6
76 8
77 6
78 6
79 5
80 4
81 4
82 4
83 5
84 3
85 1
86 0
87 0
88 1
89 2
90 2
91 -1
92 -1
93 -2
94 2
95 1
96 2
97 1
98 -1
99 -2
100 -3
101 -4
102 -5
103 -4
104 -3
105 -4
106 -3
107 -2
108 -3
109 -1
110 1
111 -1
112 2
113 4
114 8
115 10
116 10
117 12
118 13
119 14
120 14
121 14
122 14
123 11
124 13
125 16
126 15
127 15
128 16
129 16
130 16
131 16
132 15
133 13
134 14
135 11
136 10
137 9
138 8
139 10
140 9
141 9
142 10
143 9
144 9
145 6
146 7
147 8
148 9
149 11
150 11
151 11
152 10
153 13
154 12
155 10
156 8
157 7
158 10
159 12
160 13
161 14
162 16
163 15
164 16
165 17
166 17
167 17
168 17
169 20
170 23
171 20
172 21
173 23
174 25
175 27
176 25
177 25
178 26
179 27
180 27
181 26
182 26
183 29
184 27
185 28
186 28
187 27
188 24
189 24
190 25
191 26
192 28
193 29
194 30
195 29
196 29
197 29
198 29
199 30
200 31
201 30
202 31
203 31
204 28
205 27
206 26
207 27
208 26
209 28
210 27
211 28
212 27
213 25
214 26
215 23
216 23
217 22
218 20
219 21
220 20
221 19
222 20
223 19
224 17
225 19
226 17
227 17
228 17
229 17
230 19
231 18
232 17
233 16
234 16
235 17
236 18
237 17
238 17
239 17
240 19
241 19
242 21
243 22
244 22
245 19
246 19
247 19
248 19
249 18
250 15
251 14
252 14
253 12
254 12
255 11
