0 -5
1 -5
2 -5
3 -6
4 -7
5 -6
6 -5
7 -5
8 -4
9 -4
10 -5
11 -5
12 -4
13 -2
14 1
15 -1
16 -1
17 0
18 3
19 1
20 1
21 1
22 0
23 -1
24 -2
25 -2
26 -2
27 -2
28 -2
29 -3
30 0
31 0
32 -1
33 -2
34 -4
35 -4
36 -5
37 -3
38 -1
39 0
40 -1
41 0
42 1
43 2
44 3
45 3
46 4
47 6
48 6
49 6
50 6
51 7
52 8
53 9
54 8
55 9
56 9
57 8
58 7
59 9
60 8
61 8
62 7
63 8
64 9
65 9
66 9
67 6
68 7
69 6
70 6
71 6
72 7
73 7
74 6
75 6
76 6
77 5
78 5
79 4
80 4
81 4
82 5
83 5
84 6
85 6
86 5
87 5
88 7
89 8
90 7
91 8
92 8
93 9
94 10
95 9
96 9
97 9
98 7
99 9
100 8
101 5
102 5
103 5
104 5
105 6
106 7
107 7
108 6
109 7
110 7
111 10
112 8
113 7
114 9
115 8
116 9
117 9
118 8
119 10
120 10
121 12
122 11
123 10
124 11
125 13
126 12
127 13
128 14
129 13
130 12
131 12
132 11
133 10
134 8
135 9
136 8
137 7
138 6
139 5
140 5
141 5
142 5
143 5
144 6
145 6
146 6
147 4
148 4
149 5
150 6
151 7
152 8
153 8
154 7
155 7
156 8
157 7
158 6
159 6
160 5
161 8
162 6
163 6
164 5
165 4
166 4
167 5
168 5
169 5
170 6
171 7
172 6
173 5
174 6
175 5
176 2
177 2
178 2
179 4
180 4
181 5
182 6
183 5
184 6
185 6
186 7
187 6
188 6
189 6
190 7
191 8
192 9
193 8
194 8
195 7
196 6
197 6
198 5
199 5
200 5
201 5
202 5
203 6
204 6
205 7
206 8
207 5
208 4
209 3
210 4
211 3
212 2
213 1
214 1
215 0
216 -2
217 -2
218 -2
219 -2
220 -1
221 -2
222 -1
223 -1
224 1
225 1
226 1
227 1
228 2
229 2
230 2
231 3
232 1
233 -1
234 -2
235 -1
236 -2
237 -2
238 -1
239 0
240 -2
241 -3
242 -2
243 -1
244 -3
245 -2
246 -3
247 -4
248 -5
249 -6
250 -7
251 -7
252 -7
253 -5
254 -4
255 -4
