0 7
1 6
2 6
3 7
4 6
5 5
6 4
7 4
8 3
9 3
10 3
11 3
12 3
13 4
14 4
15 3
16 3
17 3
18 3
19 4
20 4
21 4
22 5
23 4
24 6
25 6
26 6
27 7
28 8
29 8
30 9
31 9
32 9
33 8
34 8
35 8
36 8
37 8
38 7
39 6
40 6
41 7
42 8
43 9
44 8
45 7
46 7
47 7
48 7
49 6
50 7
51 7
52 7
53 7
54 6
55 6
56 6
57 6
58 7
59 5
60 5
61 4
62 4
63 3
64 3
65 3
66 3
67 3
68 3
69 2
70 1
71 2
72 2
73 2
74 2
75 2
76 2
77 2
78 2
79 2
80 2
81 1
82 0
83 1
84 2
85 2
86 2
87 2
88 2
89 2
90 1
91 0
92 1
93 2
94 1
95 1
96 1
97 2
98 3
99 3
100 3
101 4
102 3
103 2
104 2
105 2
106 2
107 1
108 0
109 1
110 1
111 1
112 1
113 2
114 1
115 1
116 1
117 1
118 1
119 1
120 1
121 1
122 1
123 0
124 0
125 2
126 2
127 2
128 3
129 3
130 3
131 3
132 4
133 4
134 4
135 4
136 4
137 4
138 4
139 4
140 3
141 4
142 4
143 5
144 5
145 6
146 6
147 6
148 5
149 5
150 5
151 5
152 5
153 4
154 3
155 4
156 4
157 4
158 4
159 5
160 7
161 8
162 8
163 8
164 8
165 9
166 9
167 8
168 8
169 9
170 7
171 7
172 7
173 8
174 8
175 8
176 7
177 7
178 7
179 8
180 9
181 8
182 9
183 9
184 9
185 9
186 9
187 9
188 10
189 10
190 11
191 10
192 9
193 10
194 10
195 10
196 9
197 8
198 8
199 8
200 8
201 7
202 8
203 10
204 11
205 11
206 11
207 11
208 10
209 8
210 9
211 10
212 10
213 10
214 10
215 10
216 9
217 10
218 10
219 10
220 10
221 10
222 10
223 9
224 9
225 9
226 9
227 9
228 9
229 9
230 9
231 8
232 8
233 8
234 9
235 9
236 10
237 10
238 9
239 8
240 8
241 8
242 8
243 8
244 8
245 8
246 9
247 8
248 8
249 8
250 7
251 7
252 7
253 8
254 7
255 7
