0 0
1 -2
2 -1
3 -1
4 0
5 0
6 0
7 1
8 1
9 1
10 0
11 0
12 0
13 0
14 -1
15 -1
16 0
17 0
18 -1
19 0
20 1
21 0
22 0
23 0
24 1
25 1
26 1
27 0
28 1
29 0
30 0
31 0
32 0
33 -1
34 -1
35 0
36 -1
37 0
38 1
39 1
40 0
41 0
42 -1
43 0
44 0
45 -1
46 1
47 1
48 0
49 0
50 0
51 0
52 0
53 -1
54 -1
55 1
56 2
57 1
58 1
59 1
60 2
61 1
62 0
63 0
64 -1
65 0
66 0
67 0
68 2
69 1
70 1
71 1
72 1
73 0
74 0
75 0
76 -1
77 -1
78 -1
79 0
80 0
81 0
82 0
83 0
84 0
85 0
86 -1
87 -1
88 1
89 0
90 0
91 3
92 3
93 1
94 2
95 3
96 3
97 2
98 1
99 1
100 0
101 1
102 1
103 2
104 1
105 1
106 1
107 0
108 0
109 -1
110 -2
111 -1
112 -2
113 0
114 -1
115 0
116 -1
117 -1
118 -1
119 -2
120 -2
121 -1
122 -1
123 0
124 1
125 0
126 2
127 4
128 4
129 1
130 0
131 1
132 0
133 0
134 -1
135 -1
136 -1
137 0
138 0
139 -1
140 -1
141 -1
142 -1
143 -2
144 -3
145 -3
146 -2
147 -1
148 0
149 0
150 -1
151 -2
152 -1
153 0
154 0
155 1
156 2
157 2
158 0
159 -1
160 0
161 0
162 0
163 1
164 1
165 1
166 1
167 1
168 1
169 1
170 0
171 1
172 -1
173 -1
174 -1
175 -2
176 -2
177 0
178 0
179 1
180 1
181 1
182 1
183 1
184 2
185 0
186 0
187 -1
188 1
189 -2
190 -2
191 -2
192 -1
193 0
194 1
195 0
196 1
197 1
198 1
199 0
200 1
201 -1
202 -1
203 0
204 0
205 -1
206 0
207 1
208 -1
209 -1
210 -2
211 -2
212 0
213 1
214 1
215 1
216 0
217 2
218 1
219 0
220 0
221 0
222 0
223 0
224 0
225 -1
226 -1
227 0
228 0
229 1
230 0
231 0
232 -1
233 -2
234 -1
235 -1
236 0
237 1
238 0
239 0
240 0
241 0
242 -2
243 -1
244 -1
245 1
246 0
247 1
248 0
249 1
250 1
251 0
252 0
253 -1
254 1
255 0
