0 -9
1 -9
2 -8
3 -9
4 -8
5 -5
6 -4
7 -4
8 -2
9 -2
10 -3
11 -5
12 -6
13 -4
14 -6
15 -8
16 -8
17 -10
18 -7
19 -10
20 -12
21 -11
22 -11
23 -9
24 -8
25 -9
26 -8
27 -7
28 -8
29 -11
30 -11
31 -11
32 -11
33 -10
34 -9
35 -8
36 -8
37 -8
38 -7
39 -5
40 -6
41 -7
42 -6
43 -6
44 -8
45 -7
46 -7
47 -7
48 -6
49 -6
50 -6
51 -6
52 -7
53 -7
54 -8
55 -8
56 -7
57 -7
58 -7
59 -8
60 -8
61 -8
62 -8
63 -8
64 -9
65 -9
66 -9
67 -10
68 -9
69 -10
70 -10
71 -9
72 -10
73 -10
74 -10
75 -9
76 -9
77 -9
78 -7
79 -6
80 -6
81 -5
82 -6
83 -6
84 -5
85 -5
86 -5
87 -3
88 -2
89 -2
90 -1
91 -2
92 -2
93 -3
94 -4
95 -4
96 -5
97 -6
98 -6
99 -7
100 -8
101 -6
102 -7
103 -7
104 -6
105 -5
106 -4
107 -6
108 -7
109 -7
110 -7
111 -5
112 -6
113 -5
114 -4
115 -5
116 -3
117 -4
118 -3
119 -4
120 -6
121 -6
122 -9
123 -9
124 -9
125 -8
126 -8
127 -7
128 -8
129 -8
130 -7
131 -3
132 -3
133 -2
134 -3
135 -2
136 -2
137 -2
138 -4
139 -4
140 -3
141 -1
142 -2
143 -1
144 0
145 1
146 0
147 -1
148 -1
149 3
150 4
151 5
152 3
153 3
154 4
155 3
156 0
157 0
158 -1
159 -1
160 -2
161 -3
162 -6
163 -5
164 -4
165 -2
166 -2
167 -2
168 -2
169 -2
170 -1
171 0
172 -1
173 -2
174 -1
175 -2
176 3
177 3
178 5
179 5
180 5
181 6
182 6
183 4
184 4
185 6
186 3
187 2
188 1
189 1
190 3
191 2
192 2
193 1
194 0
195 1
196 0
197 -2
198 -4
199 -1
200 -1
201 -1
202 -2
203 -3
204 -4
205 -5
206 -5
207 -5
208 -4
209 -5
210 -3
211 -3
212 -5
213 -4
214 -4
215 -3
216 -5
217 -5
218 -7
219 -8
220 -8
221 -9
222 -10
223 -10
224 -12
225 -15
226 -15
227 -16
228 -14
229 -13
230 -13
231 -13
232 -12
233 -11
234 -10
235 -10
236 -9
237 -9
238 -8
239 -8
240 -8
241 -7
242 -6
243 -6
244 -6
245 -5
246 -4
247 -7
248 -8
249 -7
250 -9
251 -10
252 -11
253 -10
254 -8
255 -9
