0 8
1 6
2 7
3 6
4 8
5 9
6 11
7 12
8 11
9 11
10 9
11 8
12 8
13 9
14 9
15 10
16 8
17 7
18 8
19 7
20 8
21 9
22 11
23 9
24 12
25 13
26 13
27 14
28 14
29 16
30 14
31 12
32 12
33 12
34 13
35 12
36 12
37 12
38 13
39 11
40 12
41 10
42 11
43 12
44 12
45 11
46 12
47 11
48 10
49 9
50 10
51 9
52 9
53 9
54 9
55 10
56 13
57 14
58 15
59 14
60 15
61 16
62 16
63 16
64 16
65 17
66 15
67 13
68 13
69 13
70 15
71 16
72 15
73 13
74 14
75 13
76 12
77 12
78 11
79 9
80 8
81 8
82 8
83 8
84 9
85 10
86 9
87 7
88 6
89 5
90 5
91 4
92 6
93 6
94 7
95 7
96 8
97 9
98 9
99 10
100 10
101 9
102 10
103 9
104 10
105 11
106 11
107 9
108 10
109 10
110 11
111 12
112 12
113 13
114 12
115 12
116 10
117 9
118 8
119 7
120 8
121 11
122 11
123 10
124 10
125 9
126 10
127 10
128 10
129 10
130 8
131 7
132 7
133 7
134 8
135 8
136 8
137 11
138 12
139 13
140 12
141 13
142 12
143 12
144 11
145 11
146 12
147 11
148 9
149 7
150 6
151 7
152 6
153 6
154 9
155 11
156 11
157 10
158 10
159 8
160 10
161 10
162 10
163 9
164 8
165 9
166 9
167 10
168 8
169 7
170 7
171 9
172 9
173 9
174 9
175 9
176 8
177 11
178 10
179 10
180 10
181 10
182 9
183 11
184 12
185 14
186 14
187 17
188 20
189 17
190 19
191 18
192 18
193 18
194 18
195 17
196 17
197 17
198 18
199 18
200 20
201 20
202 21
203 22
204 21
205 21
206 20
207 19
208 21
209 21
210 19
211 20
212 20
213 20
214 19
215 18
216 18
217 18
218 17
219 18
220 20
221 22
222 20
223 21
224 21
225 22
226 23
227 21
228 23
229 26
230 26
231 25
232 23
233 21
234 20
235 17
236 16
237 17
238 19
239 17
240 17
241 16
242 13
243 11
244 12
245 11
246 12
247 11
248 10
249 10
250 8
251 10
252 11
253 10
254 9
255 7
