0 20
1 20
2 20
3 21
4 21
5 20
6 21
7 21
8 20
9 20
10 19
11 19
12 19
13 20
14 20
15 20
16 20
17 20
18 20
19 20
20 20
21 20
22 20
23 21
24 20
25 21
26 23
27 23
28 22
29 23
30 23
31 23
32 23
33 24
34 23
35 24
36 24
37 23
38 22
39 22
40 21
41 21
42 22
43 22
44 21
45 21
46 22
47 22
48 22
49 22
50 21
51 20
52 20
53 22
54 24
55 24
56 24
57 25
58 25
59 24
60 23
61 22
62 22
63 21
64 21
65 22
66 21
67 22
68 21
69 20
70 21
71 22
72 22
73 22
74 23
75 22
76 22
77 22
78 23
79 23
80 23
81 23
82 23
83 22
84 23
85 22
86 21
87 20
88 21
89 22
90 21
91 21
92 22
93 21
94 22
95 22
96 21
97 20
98 20
99 20
100 21
101 21
102 20
103 20
104 20
105 19
106 18
107 18
108 19
109 20
110 21
111 21
112 21
113 22
114 23
115 23
116 25
117 24
118 24
119 25
120 25
121 25
122 25
123 25
124 26
125 26
126 26
127 26
128 27
129 27
130 27
131 27
132 28
133 29
134 29
135 30
136 30
137 30
138 29
139 28
140 27
141 27
142 27
143 28
144 28
145 28
146 29
147 30
148 29
149 29
150 28
151 28
152 28
153 29
154 28
155 28
156 28
157 28
158 27
159 27
160 27
161 26
162 25
163 26
164 26
165 25
166 25
167 25
168 25
169 25
170 26
171 26
172 25
173 24
174 24
175 24
176 24
177 23
178 23
179 24
180 23
181 23
182 24
183 23
184 22
185 22
186 22
187 22
188 23
189 23
190 23
191 23
192 22
193 22
194 23
195 23
196 24
197 24
198 24
199 24
200 25
201 25
202 25
203 26
204 26
205 26
206 25
207 25
208 24
209 25
210 25
211 25
212 25
213 25
214 26
215 25
216 25
217 25
218 25
219 25
220 24
221 24
222 24
223 24
224 24
225 23
226 22
227 22
228 22
229 22
230 22
231 22
232 22
233 22
234 22
235 22
236 21
237 20
238 20
239 20
240 20
241 20
242 20
243 20
244 20
245 20
246 20
247 20
248 20
249 21
250 21
251 20
252 20
253 20
254 20
255 20
