0 -209
1 -211
2 -207
3 -209
4 -206
5 -204
6 -204
7 -204
8 -206
9 -206
10 -206
11 -205
12 -207
13 -206
14 -210
15 -209
16 -210
17 -208
18 -206
19 -207
20 -209
21 -210
22 -211
23 -210
24 -211
25 -209
26 -209
27 -210
28 -209
29 -210
30 -209
31 -210
32 -208
33 -208
34 -208
35 -207
36 -207
37 -206
38 -208
39 -208
40 -208
41 -207
42 -209
43 -210
44 -212
45 -211
46 -210
47 -210
48 -209
49 -208
50 -207
51 -206
52 -207
53 -208
54 -208
55 -209
56 -210
57 -210
58 -212
59 -213
60 -215
61 -216
62 -216
63 -217
64 -216
65 -216
66 -214
67 -215
68 -215
69 -215
70 -215
71 -215
72 -218
73 -220
74 -219
75 -220
76 -220
77 -220
78 -219
79 -220
80 -219
81 -220
82 -219
83 -219
84 -217
85 -217
86 -217
87 -219
88 -218
89 -217
90 -217
91 -218
92 -218
93 -218
94 -215
95 -215
96 -214
97 -212
98 -211
99 -210
100 -211
101 -209
102 -207
103 -207
104 -209
105 -208
106 -209
107 -208
108 -206
109 -207
110 -206
111 -205
112 -204
113 -203
114 -204
115 -205
116 -205
117 -205
118 -204
119 -205
120 -204
121 -203
122 -200
123 -200
124 -199
125 -199
126 -199
127 -199
128 -200
129 -201
130 -197
131 -196
132 -195
133 -193
134 -195
135 -193
136 -193
137 -192
138 -190
139 -191
140 -193
141 -192
142 -192
143 -191
144 -194
145 -195
146 -195
147 -191
148 -190
149 -190
150 -190
151 -189
152 -188
153 -188
154 -189
155 -190
156 -190
157 -190
158 -188
159 -187
160 -188
161 -190
162 -192
163 -192
164 -192
165 -192
166 -193
167 -192
168 -192
169 -194
170 -196
171 -196
172 -197
173 -198
174 -200
175 -199
176 -199
177 -198
178 -198
179 -197
180 -198
181 -197
182 -196
183 -196
184 -196
185 -196
186 -197
187 -196
188 -197
189 -196
190 -198
191 -197
192 -196
193 -195
194 -197
195 -199
196 -200
197 -201
198 -199
199 -201
200 -199
201 -199
202 -201
203 -201
204 -204
205 -205
206 -204
207 -204
208 -207
209 -209
210 -209
211 -210
212 -210
213 -211
214 -211
215 -212
216 -212
217 -214
218 -214
219 -214
220 -214
221 -215
222 -216
223 -216
224 -218
225 -213
226 -213
227 -213
228 -211
229 -212
230 -210
231 -212
232 -211
233 -211
234 -211
235 -214
236 -216
237 -218
238 -218
239 -217
240 -215
241 -214
242 -215
243 -213
244 -213
245 -213
246 -215
247 -215
248 -214
249 -212
250 -212
251 -210
252 -209
253 -210
254 -208
255 -208
