0 1
1 1
2 0
3 1
4 1
5 1
6 2
7 1
8 1
9 -1
10 0
11 0
12 0
13 2
14 0
15 0
16 0
17 1
18 2
19 2
20 2
21 2
22 3
23 5
24 4
25 3
26 2
27 3
28 3
29 3
30 3
31 3
32 3
33 2
34 2
35 1
36 1
37 2
38 1
39 3
40 3
41 2
42 3
43 4
44 5
45 6
46 6
47 8
48 8
49 9
50 10
51 11
52 11
53 11
54 10
55 10
56 11
57 9
58 9
59 9
60 6
61 5
62 6
63 5
64 3
65 3
66 1
67 1
68 1
69 1
70 0
71 1
72 1
73 2
74 2
75 0
76 2
77 3
78 2
79 2
80 1
81 1
82 1
83 1
84 2
85 2
86 2
87 2
88 0
89 1
90 1
91 1
92 2
93 1
94 -1
95 -2
96 -3
97 -2
98 -2
99 -2
100 -2
101 -2
102 -2
103 -2
104 -2
105 -3
106 -3
107 -2
108 -1
109 0
110 1
111 0
112 1
113 3
114 4
115 4
116 4
117 4
118 3
119 3
120 3
121 5
122 5
123 5
124 7
125 6
126 6
127 6
128 6
129 8
130 7
131 6
132 7
133 7
134 8
135 10
136 10
137 8
138 9
139 10
140 10
141 8
142 8
143 8
144 9
145 9
146 10
147 9
148 10
149 10
150 11
151 10
152 10
153 9
154 6
155 5
156 5
157 2
158 3
159 1
160 1
161 1
162 3
163 2
164 2
165 0
166 1
167 2
168 3
169 1
170 1
171 4
172 3
173 3
174 2
175 3
176 3
177 4
178 3
179 3
180 1
181 2
182 1
183 1
184 0
185 0
186 1
187 1
188 0
189 0
190 -1
191 -1
192 -2
193 -1
194 -3
195 -3
196 -4
197 -3
198 -2
199 -2
200 -2
201 -1
202 -1
203 -3
204 -2
205 -2
206 -2
207 -2
208 -2
209 0
210 0
211 0
212 -2
213 -1
214 2
215 2
216 4
217 4
218 5
219 6
220 4
221 4
222 4
223 3
224 2
225 4
226 4
227 2
228 4
229 5
230 6
231 7
232 6
233 5
234 5
235 5
236 4
237 3
238 4
239 3
240 1
241 1
242 0
243 0
244 -3
245 -3
246 -1
247 -4
248 -2
249 -3
250 -1
251 -2
252 -2
253 -1
254 0
255 0
