0 212
1 213
2 212
3 210
4 209
5 210
6 210
7 209
8 211
9 211
10 212
11 214
12 215
13 215
14 213
15 213
16 211
17 211
18 213
19 214
20 213
21 215
22 215
23 215
24 214
25 213
26 212
27 212
28 210
29 212
30 212
31 211
32 211
33 212
34 211
35 210
36 211
37 214
38 215
39 213
40 213
41 212
42 214
43 214
44 216
45 216
46 214
47 215
48 216
49 217
50 217
51 215
52 215
53 217
54 217
55 216
56 216
57 218
58 217
59 216
60 214
61 215
62 213
63 213
64 212
65 212
66 212
67 212
68 210
69 211
70 210
71 210
72 211
73 212
74 211
75 211
76 209
77 208
78 208
79 207
80 205
81 206
82 207
83 208
84 208
85 206
86 206
87 207
88 207
89 206
90 205
91 204
92 205
93 207
94 206
95 207
96 206
97 205
98 205
99 207
100 207
101 207
102 206
103 208
104 208
105 208
106 207
107 206
108 207
109 207
110 204
111 206
112 207
113 208
114 207
115 207
116 207
117 207
118 206
119 205
120 205
121 204
122 203
123 204
124 204
125 205
126 208
127 208
128 206
129 206
130 206
131 208
132 210
133 209
134 210
135 211
136 208
137 205
138 206
139 205
140 205
141 207
142 209
143 209
144 209
145 209
146 209
147 212
148 212
149 212
150 211
151 212
152 212
153 214
154 215
155 216
156 215
157 215
158 214
159 214
160 215
161 213
162 213
163 214
164 214
165 213
166 215
167 215
168 216
169 216
170 218
171 217
172 219
173 221
174 219
175 219
176 218
177 219
178 217
179 217
180 216
181 215
182 214
183 214
184 212
185 212
186 213
187 215
188 213
189 215
190 212
191 212
192 211
193 211
194 211
195 211
196 212
197 211
198 211
199 210
200 206
201 208
202 206
203 204
204 206
205 205
206 203
207 202
208 202
209 204
210 205
211 206
212 204
213 203
214 205
215 205
216 205
217 204
218 203
219 205
220 206
221 205
222 203
223 206
224 205
225 207
226 206
227 208
228 209
229 209
230 210
231 211
232 211
233 211
234 211
235 212
236 214
237 219
238 218
239 217
240 215
241 216
242 215
243 212
244 212
245 213
246 211
247 211
248 210
249 211
250 211
251 209
252 210
253 211
254 212
255 212
