0 -1
1 -1
2 -1
3 -1
4 0
5 0
6 0
7 0
8 0
9 0
10 0
11 -1
12 -1
13 -1
14 -1
15 -1
16 -1
17 -1
18 -2
19 -3
20 -3
21 -3
22 -1
23 0
24 1
25 1
26 1
27 1
28 0
29 -1
30 -1
31 -1
32 0
33 -1
34 -1
35 -2
36 -1
37 -1
38 -1
39 0
40 0
41 0
42 -1
43 0
44 0
45 0
46 0
47 1
48 0
49 1
50 1
51 1
52 0
53 -1
54 -2
55 -2
56 -1
57 0
58 -1
59 -1
60 0
61 0
62 0
63 1
64 0
65 1
66 0
67 0
68 0
69 0
70 0
71 -1
72 -1
73 0
74 0
75 -1
76 0
77 0
78 0
79 0
80 1
81 1
82 0
83 0
84 0
85 -1
86 -1
87 0
88 0
89 0
90 -1
91 -1
92 -1
93 -1
94 -2
95 -2
96 -3
97 -3
98 -2
99 -1
100 -2
101 -2
102 -2
103 -1
104 -1
105 -1
106 0
107 0
108 0
109 -1
110 0
111 1
112 1
113 1
114 2
115 2
116 2
117 1
118 2
119 3
120 3
121 2
122 1
123 1
124 1
125 0
126 0
127 0
128 0
129 0
130 0
131 0
132 0
133 -1
134 -1
135 -1
136 0
137 0
138 0
139 0
140 0
141 0
142 0
143 0
144 0
145 0
146 0
147 0
148 0
149 0
150 -1
151 0
152 0
153 1
154 0
155 -2
156 -2
157 -3
158 -3
159 -2
160 -2
161 -2
162 -1
163 -1
164 -1
165 -1
166 0
167 0
168 0
169 -1
170 0
171 0
172 -1
173 0
174 0
175 1
176 2
177 2
178 1
179 2
180 2
181 1
182 1
183 1
184 0
185 0
186 0
187 0
188 -1
189 0
190 0
191 0
192 0
193 0
194 1
195 0
196 0
197 -1
198 -1
199 -1
200 -1
201 -1
202 -2
203 -2
204 -1
205 0
206 0
207 0
208 0
209 0
210 0
211 1
212 2
213 2
214 2
215 1
216 1
217 2
218 1
219 2
220 1
221 2
222 0
223 0
224 0
225 -1
226 0
227 0
228 0
229 0
230 -1
231 -2
232 -1
233 -1
234 -2
235 -2
236 -1
237 -1
238 -1
239 0
240 -1
241 0
242 -1
243 -1
244 0
245 0
246 1
247 1
248 0
249 0
250 0
251 -1
252 -1
253 -1
254 0
255 0
