0 7
1 8
2 7
3 7
4 7
5 7
6 7
7 7
8 8
9 7
10 5
11 5
12 4
13 3
14 4
15 3
16 3
17 1
18 0
19 -2
20 -3
21 -2
22 -3
23 -2
24 -3
25 -3
26 -4
27 -5
28 -5
29 -5
30 -5
31 -6
32 -6
33 -6
34 -6
35 -6
36 -6
37 -6
38 -5
39 -5
40 -4
41 -4
42 -4
43 -4
44 -5
45 -6
46 -5
47 -5
48 -4
49 -3
50 -3
51 -3
52 -3
53 -3
54 -4
55 -4
56 -4
57 -3
58 -3
59 -2
60 -3
61 -3
62 -1
63 -1
64 -1
65 -1
66 -1
67 -2
68 -1
69 -1
70 0
71 0
72 0
73 -1
74 -1
75 -1
76 -1
77 -1
78 0
79 -1
80 -1
81 0
82 0
83 0
84 0
85 0
86 0
87 0
88 0
89 0
90 -2
91 -2
92 -2
93 -3
94 -3
95 -3
96 -2
97 0
98 0
99 0
100 2
101 1
102 2
103 3
104 3
105 3
106 4
107 3
108 3
109 3
110 2
111 3
112 3
113 3
114 2
115 1
116 1
117 1
118 1
119 0
120 0
121 -1
122 -1
123 -2
124 -1
125 -1
126 1
127 1
128 1
129 0
130 1
131 2
132 1
133 1
134 1
135 1
136 1
137 1
138 2
139 2
140 3
141 3
142 4
143 4
144 4
145 4
146 4
147 5
148 5
149 5
150 4
151 4
152 4
153 4
154 5
155 5
156 5
157 5
158 5
159 6
160 5
161 4
162 4
163 5
164 5
165 6
166 7
167 7
168 7
169 6
170 7
171 6
172 5
173 6
174 6
175 6
176 5
177 6
178 7
179 6
180 5
181 5
182 4
183 4
184 4
185 5
186 4
187 3
188 2
189 2
190 2
191 1
192 1
193 0
194 2
195 2
196 2
197 2
198 3
199 3
200 4
201 4
202 4
203 5
204 5
205 5
206 4
207 5
208 4
209 5
210 5
211 5
212 4
213 5
214 5
215 6
216 6
217 7
218 7
219 7
220 8
221 7
222 7
223 7
224 7
225 6
226 6
227 6
228 8
229 8
230 8
231 7
232 6
233 5
234 4
235 3
236 4
237 4
238 4
239 3
240 3
241 3
242 3
243 4
244 5
245 5
246 5
247 6
248 6
249 5
250 5
251 6
252 7
253 7
254 7
255 7
