0 6
1 6
2 5
3 5
4 5
5 5
6 5
7 6
8 7
9 8
10 8
11 8
12 6
13 7
14 7
15 6
16 6
17 6
18 7
19 7
20 6
21 6
22 5
23 4
24 4
25 5
26 5
27 5
28 6
29 5
30 4
31 4
32 3
33 4
34 4
35 4
36 5
37 5
38 4
39 3
40 3
41 4
42 4
43 4
44 2
45 2
46 1
47 1
48 1
49 1
50 0
51 0
52 0
53 0
54 0
55 -1
56 -2
57 -1
58 -2
59 -2
60 -1
61 0
62 0
63 1
64 2
65 1
66 0
67 1
68 0
69 1
70 1
71 0
72 0
73 -1
74 0
75 0
76 0
77 2
78 2
79 2
80 2
81 3
82 3
83 3
84 2
85 2
86 2
87 2
88 2
89 3
90 3
91 3
92 4
93 4
94 4
95 4
96 4
97 5
98 4
99 4
100 5
101 5
102 5
103 4
104 3
105 3
106 4
107 4
108 4
109 4
110 5
111 6
112 5
113 5
114 5
115 4
116 4
117 4
118 4
119 5
120 6
121 7
122 7
123 8
124 7
125 7
126 6
127 7
128 6
129 5
130 4
131 4
132 5
133 4
134 4
135 5
136 5
137 6
138 5
139 5
140 5
141 6
142 6
143 6
144 7
145 8
146 8
147 9
148 10
149 9
150 8
151 8
152 8
153 8
154 8
155 8
156 7
157 7
158 7
159 6
160 6
161 6
162 5
163 5
164 5
165 5
166 5
167 6
168 6
169 7
170 7
171 7
172 6
173 6
174 6
175 5
176 4
177 3
178 3
179 3
180 3
181 4
182 4
183 5
184 5
185 5
186 6
187 6
188 6
189 6
190 5
191 5
192 4
193 4
194 3
195 3
196 2
197 3
198 3
199 3
200 3
201 3
202 3
203 3
204 4
205 4
206 5
207 4
208 3
209 3
210 4
211 4
212 5
213 4
214 3
215 4
216 4
217 5
218 5
219 5
220 5
221 5
222 6
223 5
224 5
225 6
226 7
227 7
228 8
229 9
230 8
231 8
232 8
233 9
234 9
235 10
236 10
237 12
238 12
239 12
240 11
241 12
242 12
243 10
244 10
245 11
246 10
247 10
248 9
249 7
250 7
251 7
252 7
253 7
254 6
255 6
