0 123
1 123
2 122
3 120
4 119
5 120
6 119
7 118
8 118
9 116
10 115
11 117
12 116
13 115
14 115
15 114
16 112
17 112
18 113
19 117
20 114
21 114
22 116
23 117
24 116
25 115
26 116
27 118
28 119
29 117
30 118
31 117
32 118
33 117
34 118
35 120
36 119
37 118
38 119
39 116
40 117
41 118
42 121
43 120
44 117
45 117
46 117
47 114
48 114
49 111
50 111
51 110
52 108
53 107
54 108
55 110
56 109
57 110
58 111
59 109
60 109
61 110
62 109
63 110
64 108
65 111
66 112
67 115
68 119
69 120
70 119
71 118
72 118
73 117
74 116
75 114
76 117
77 115
78 116
79 117
80 114
81 113
82 113
83 112
84 111
85 111
86 112
87 111
88 110
89 111
90 111
91 114
92 115
93 114
94 114
95 116
96 115
97 115
98 117
99 115
100 116
101 116
102 117
103 116
104 119
105 122
106 122
107 123
108 127
109 124
110 123
111 124
112 123
113 124
114 123
115 122
116 122
117 121
118 121
119 123
120 124
121 125
122 125
123 124
124 125
125 124
126 123
127 122
128 122
129 127
130 127
131 126
132 128
133 129
134 129
135 129
136 127
137 130
138 133
139 134
140 135
141 134
142 134
143 135
144 138
145 138
146 139
147 141
148 138
149 137
150 137
151 138
152 138
153 139
154 141
155 140
156 137
157 135
158 135
159 136
160 137
161 138
162 137
163 137
164 135
165 135
166 136
167 135
168 135
169 135
170 135
171 133
172 135
173 134
174 133
175 131
176 134
177 134
178 133
179 133
180 131
181 131
182 131
183 131
184 133
185 134
186 133
187 130
188 129
189 131
190 135
191 134
192 135
193 136
194 132
195 134
196 134
197 135
198 135
199 135
200 137
201 137
202 136
203 138
204 141
205 140
206 139
207 138
208 136
209 136
210 137
211 135
212 135
213 135
214 133
215 133
216 129
217 130
218 130
219 130
220 131
221 131
222 126
223 126
224 126
225 126
226 128
227 131
228 134
229 132
230 132
231 132
232 133
233 133
234 131
235 129
236 128
237 129
238 131
239 132
240 132
241 133
242 132
243 131
244 128
245 129
246 131
247 129
248 129
249 128
250 127
251 123
252 123
253 123
254 121
255 122
