0 -15
1 -14
2 -15
3 -16
4 -17
5 -17
6 -16
7 -17
8 -18
9 -20
10 -21
11 -21
12 -18
13 -17
14 -16
15 -15
16 -16
17 -15
18 -13
19 -13
20 -14
21 -13
22 -12
23 -12
24 -13
25 -13
26 -13
27 -13
28 -12
29 -11
30 -14
31 -13
32 -13
33 -10
34 -11
35 -11
36 -11
37 -11
38 -11
39 -11
40 -12
41 -11
42 -11
43 -12
44 -12
45 -13
46 -14
47 -14
48 -13
49 -12
50 -11
51 -13
52 -12
53 -11
54 -9
55 -10
56 -9
57 -7
58 -6
59 -7
60 -9
61 -11
62 -12
63 -12
64 -12
65 -12
66 -10
67 -11
68 -14
69 -15
70 -15
71 -14
72 -16
73 -17
74 -18
75 -20
76 -20
77 -19
78 -21
79 -20
80 -22
81 -23
82 -26
83 -26
84 -24
85 -24
86 -25
87 -26
88 -29
89 -27
90 -27
91 -26
92 -26
93 -28
94 -29
95 -29
96 -29
97 -27
98 -28
99 -27
100 -26
101 -27
102 -26
103 -27
104 -27
105 -29
106 -29
107 -28
108 -29
109 -29
110 -25
111 -27
112 -28
113 -29
114 -29
115 -29
116 -31
117 -32
118 -32
119 -31
120 -31
121 -32
122 -32
123 -32
124 -35
125 -37
126 -38
127 -38
128 -37
129 -36
130 -36
131 -35
132 -37
133 -37
134 -36
135 -37
136 -35
137 -34
138 -35
139 -36
140 -37
141 -36
142 -35
143 -35
144 -36
145 -37
146 -39
147 -39
148 -37
149 -37
150 -37
151 -36
152 -36
153 -38
154 -38
155 -37
156 -35
157 -35
158 -36
159 -36
160 -36
161 -36
162 -37
163 -37
164 -35
165 -36
166 -37
167 -36
168 -37
169 -36
170 -34
171 -33
172 -31
173 -31
174 -31
175 -29
176 -28
177 -29
178 -29
179 -30
180 -31
181 -30
182 -29
183 -29
184 -28
185 -27
186 -28
187 -26
188 -25
189 -25
190 -25
191 -24
192 -24
193 -25
194 -25
195 -22
196 -23
197 -24
198 -24
199 -24
200 -23
201 -21
202 -22
203 -20
204 -20
205 -21
206 -21
207 -22
208 -22
209 -22
210 -22
211 -20
212 -21
213 -22
214 -22
215 -23
216 -24
217 -24
218 -22
219 -25
220 -24
221 -23
222 -21
223 -21
224 -20
225 -18
226 -21
227 -19
228 -18
229 -19
230 -17
231 -17
232 -17
233 -17
234 -18
235 -19
236 -17
237 -19
238 -17
239 -18
240 -18
241 -19
242 -18
243 -17
244 -16
245 -18
246 -18
247 -18
248 -19
249 -18
250 -18
251 -18
252 -16
253 -15
254 -16
255 -17
