0 -11
1 -9
2 -8
3 -8
4 -9
5 -8
6 -8
7 -8
8 -6
9 -4
10 -4
11 -5
12 -5
13 -6
14 -5
15 -4
16 -3
17 -3
18 -4
19 -5
20 -4
21 -4
22 -4
23 -4
24 -5
25 -6
26 -6
27 -6
28 -6
29 -4
30 -4
31 -5
32 -5
33 -5
34 -6
35 -8
36 -9
37 -8
38 -9
39 -9
40 -9
41 -10
42 -10
43 -9
44 -7
45 -9
46 -10
47 -11
48 -13
49 -12
50 -12
51 -12
52 -10
53 -9
54 -8
55 -6
56 -7
57 -8
58 -8
59 -8
60 -7
61 -6
62 -6
63 -6
64 -4
65 -4
66 -5
67 -5
68 -4
69 -3
70 -3
71 -4
72 -4
73 -4
74 -3
75 -2
76 -1
77 -2
78 -2
79 -4
80 -5
81 -6
82 -7
83 -6
84 -7
85 -7
86 -7
87 -6
88 -7
89 -6
90 -5
91 -6
92 -5
93 -4
94 -3
95 -2
96 -3
97 -3
98 -4
99 -2
100 -2
101 -2
102 -3
103 -3
104 -4
105 -2
106 -1
107 -2
108 -2
109 -5
110 -4
111 -4
112 -4
113 -5
114 -7
115 -6
116 -5
117 -5
118 -4
119 -6
120 -5
121 -6
122 -7
123 -6
124 -8
125 -6
126 -8
127 -8
128 -7
129 -8
130 -8
131 -9
132 -9
133 -9
134 -10
135 -10
136 -11
137 -11
138 -10
139 -10
140 -12
141 -11
142 -13
143 -12
144 -13
145 -15
146 -14
147 -12
148 -12
149 -14
150 -15
151 -15
152 -15
153 -13
154 -12
155 -13
156 -13
157 -13
158 -13
159 -14
160 -15
161 -14
162 -14
163 -15
164 -15
165 -14
166 -14
167 -15
168 -16
169 -16
170 -17
171 -16
172 -18
173 -18
174 -19
175 -19
176 -19
177 -20
178 -21
179 -21
180 -21
181 -20
182 -22
183 -21
184 -23
185 -20
186 -22
187 -21
188 -20
189 -21
190 -21
191 -19
192 -19
193 -20
194 -20
195 -21
196 -22
197 -23
198 -23
199 -21
200 -22
201 -23
202 -22
203 -21
204 -21
205 -20
206 -20
207 -20
208 -19
209 -19
210 -18
211 -18
212 -20
213 -18
214 -17
215 -16
216 -13
217 -14
218 -13
219 -12
220 -14
221 -15
222 -14
223 -12
224 -12
225 -12
226 -11
227 -10
228 -9
229 -11
230 -10
231 -11
232 -11
233 -11
234 -11
235 -11
236 -11
237 -10
238 -11
239 -11
240 -11
241 -10
242 -9
243 -9
244 -11
245 -10
246 -11
247 -11
248 -12
249 -11
250 -12
251 -12
252 -11
253 -11
254 -11
255 -10
