0 11
1 10
2 12
3 10
4 10
5 8
6 8
7 9
8 7
9 6
10 6
11 5
12 4
13 5
14 6
15 6
16 5
17 4
18 5
19 4
20 2
21 1
22 0
23 -1
24 -2
25 1
26 0
27 0
28 -1
29 1
30 1
31 0
32 0
33 -1
34 -3
35 -1
36 -1
37 -2
38 -4
39 -5
40 -5
41 -3
42 -3
43 -4
44 -4
45 -3
46 1
47 1
48 0
49 -3
50 -3
51 -2
52 0
53 0
54 -1
55 0
56 2
57 2
58 1
59 1
60 0
61 0
62 0
63 0
64 1
65 -1
66 0
67 0
68 0
69 1
70 -1
71 0
72 -1
73 -2
74 -1
75 -1
76 0
77 -1
78 0
79 -1
80 -1
81 -2
82 -2
83 -1
84 -1
85 -1
86 0
87 1
88 1
89 2
90 2
91 3
92 5
93 3
94 4
95 5
96 4
97 3
98 3
99 4
100 4
101 6
102 6
103 7
104 6
105 5
106 7
107 9
108 8
109 8
110 8
111 8
112 7
113 7
114 8
115 8
116 8
117 9
118 10
119 8
120 7
121 7
122 3
123 3
124 2
125 4
126 5
127 6
128 6
129 5
130 6
131 6
132 5
133 4
134 2
135 1
136 0
137 -2
138 -2
139 -2
140 -4
141 -3
142 -5
143 -4
144 -3
145 -3
146 -2
147 -2
148 -2
149 -4
150 -5
151 -5
152 -5
153 -4
154 -5
155 -4
156 -4
157 -3
158 -2
159 -2
160 -2
161 -2
162 -1
163 -1
164 2
165 1
166 2
167 2
168 1
169 3
170 1
171 3
172 4
173 3
174 3
175 2
176 4
177 4
178 5
179 5
180 5
181 2
182 3
183 4
184 3
185 0
186 0
187 0
188 -2
189 -4
190 -5
191 -4
192 -2
193 -3
194 -4
195 -3
196 -5
197 -5
198 -5
199 -6
200 -5
201 -4
202 -3
203 -3
204 -2
205 -3
206 -3
207 -5
208 -7
209 -6
210 -5
211 -4
212 -3
213 -6
214 -7
215 -7
216 -9
217 -9
218 -9
219 -8
220 -7
221 -8
222 -9
223 -9
224 -9
225 -8
226 -6
227 -7
228 -7
229 -5
230 -3
231 -2
232 -2
233 -1
234 0
235 2
236 2
237 3
238 3
239 4
240 5
241 7
242 7
243 7
244 7
245 8
246 9
247 9
248 9
249 10
250 11
251 11
252 12
253 12
254 11
255 10
