0 -282
1 -281
2 -282
3 -282
4 -280
5 -280
6 -280
7 -280
8 -278
9 -278
10 -277
11 -277
12 -277
13 -278
14 -279
15 -279
16 -280
17 -280
18 -280
19 -281
20 -280
21 -280
22 -278
23 -278
24 -280
25 -280
26 -280
27 -281
28 -281
29 -281
30 -280
31 -280
32 -281
33 -280
34 -280
35 -280
36 -278
37 -279
38 -277
39 -276
40 -276
41 -277
42 -277
43 -279
44 -279
45 -278
46 -278
47 -279
48 -279
49 -279
50 -278
51 -279
52 -280
53 -280
54 -279
55 -278
56 -277
57 -279
58 -279
59 -281
60 -282
61 -281
62 -280
63 -281
64 -281
65 -281
66 -280
67 -278
68 -278
69 -277
70 -277
71 -277
72 -277
73 -276
74 -277
75 -277
76 -278
77 -279
78 -278
79 -280
80 -282
81 -282
82 -281
83 -281
84 -283
85 -283
86 -283
87 -282
88 -283
89 -284
90 -284
91 -285
92 -286
93 -286
94 -288
95 -287
96 -287
97 -288
98 -289
99 -288
100 -288
101 -288
102 -288
103 -287
104 -286
105 -285
106 -285
107 -283
108 -281
109 -280
110 -280
111 -279
112 -279
113 -279
114 -280
115 -280
116 -280
117 -281
118 -280
119 -280
120 -282
121 -281
122 -280
123 -280
124 -280
125 -280
126 -281
127 -283
128 -284
129 -284
130 -284
131 -286
132 -284
133 -283
134 -282
135 -282
136 -282
137 -283
138 -282
139 -282
140 -283
141 -282
142 -282
143 -281
144 -282
145 -282
146 -283
147 -282
148 -281
149 -283
150 -283
151 -282
152 -281
153 -280
154 -279
155 -279
156 -279
157 -277
158 -277
159 -278
160 -277
161 -277
162 -278
163 -278
164 -280
165 -282
166 -281
167 -282
168 -282
169 -282
170 -282
171 -283
172 -283
173 -285
174 -283
175 -283
176 -285
177 -285
178 -286
179 -287
180 -285
181 -284
182 -286
183 -284
184 -283
185 -282
186 -283
187 -284
188 -283
189 -282
190 -284
191 -283
192 -283
193 -284
194 -283
195 -284
196 -284
197 -285
198 -284
199 -284
200 -284
201 -284
202 -286
203 -285
204 -285
205 -285
206 -286
207 -285
208 -285
209 -284
210 -285
211 -285
212 -285
213 -286
214 -285
215 -286
216 -284
217 -285
218 -285
219 -285
220 -286
221 -286
222 -287
223 -287
224 -286
225 -286
226 -286
227 -286
228 -284
229 -283
230 -283
231 -283
232 -283
233 -282
234 -281
235 -280
236 -280
237 -281
238 -282
239 -282
240 -282
241 -280
242 -281
243 -281
244 -282
245 -284
246 -282
247 -282
248 -281
249 -282
250 -280
251 -281
252 -284
253 -284
254 -285
255 -282
