0 3
1 1
2 3
3 1
4 2
5 2
6 3
7 4
8 4
9 2
10 0
11 0
12 0
13 -1
14 -2
15 -1
16 -2
17 -1
18 -3
19 -2
20 -3
21 -4
22 -4
23 -3
24 -3
25 0
26 -1
27 -1
28 2
29 1
30 1
31 1
32 2
33 1
34 1
35 1
36 3
37 2
38 3
39 2
40 4
41 1
42 2
43 5
44 3
45 3
46 2
47 0
48 0
49 2
50 0
51 1
52 1
53 1
54 1
55 3
56 0
57 -1
58 1
59 2
60 1
61 2
62 1
63 2
64 1
65 2
66 2
67 3
68 3
69 2
70 3
71 3
72 3
73 1
74 1
75 1
76 1
77 3
78 1
79 2
80 0
81 -2
82 0
83 0
84 0
85 0
86 -1
87 1
88 -1
89 -1
90 1
91 -2
92 -3
93 -3
94 0
95 1
96 0
97 1
98 0
99 1
100 1
101 2
102 2
103 0
104 1
105 1
106 1
107 0
108 1
109 1
110 -1
111 0
112 1
113 0
114 2
115 2
116 0
117 1
118 0
119 0
120 -1
121 0
122 0
123 -1
124 0
125 0
126 1
127 1
128 1
129 0
130 -1
131 1
132 0
133 1
134 1
135 1
136 -1
137 0
138 -1
139 0
140 1
141 1
142 -2
143 -1
144 -2
145 0
146 -2
147 -3
148 -2
149 -3
150 -4
151 -5
152 -5
153 -2
154 0
155 1
156 1
157 0
158 0
159 1
160 -1
161 -2
162 -2
163 -1
164 1
165 -2
166 -2
167 -1
168 1
169 -1
170 1
171 1
172 1
173 3
174 3
175 2
176 1
177 0
178 1
179 0
180 0
181 1
182 -1
183 -2
184 -1
185 0
186 0
187 1
188 1
189 0
190 0
191 -1
192 0
193 -1
194 1
195 5
196 3
197 2
198 -1
199 2
200 2
201 2
202 1
203 2
204 2
205 0
206 -2
207 -4
208 0
209 0
210 -1
211 -2
212 -1
213 -3
214 -2
215 -1
216 -4
217 -3
218 -1
219 0
220 -1
221 0
222 -2
223 -2
224 1
225 1
226 1
227 2
228 0
229 -1
230 -1
231 -2
232 -2
233 -2
234 -2
235 1
236 2
237 2
238 3
239 2
240 3
241 2
242 3
243 2
244 1
245 0
246 0
247 1
248 1
249 0
250 0
251 2
252 2
253 2
254 1
255 1
