0 -7
1 -7
2 -6
3 -5
4 -6
5 -4
6 -4
7 -2
8 -3
9 -3
10 -3
11 -4
12 -4
13 -3
14 -4
15 -3
16 -4
17 -5
18 -6
19 -6
20 -6
21 -6
22 -6
23 -6
24 -5
25 -4
26 -3
27 -3
28 -2
29 -1
30 -1
31 -1
32 -1
33 -1
34 0
35 0
36 -1
37 -1
38 -1
39 -1
40 0
41 -1
42 -2
43 -2
44 -1
45 -1
46 0
47 -1
48 -1
49 -1
50 -1
51 -1
52 0
53 0
54 0
55 -1
56 -2
57 -3
58 -3
59 -4
60 -3
61 -1
62 -1
63 -1
64 -2
65 -2
66 -3
67 -3
68 -3
69 -4
70 -3
71 -3
72 -3
73 -3
74 -3
75 -2
76 -2
77 -2
78 -2
79 -2
80 -2
81 -1
82 -1
83 -1
84 0
85 0
86 0
87 0
88 0
89 0
90 -1
91 -1
92 -1
93 -1
94 -1
95 0
96 0
97 0
98 0
99 0
100 0
101 0
102 1
103 2
104 2
105 2
106 2
107 2
108 2
109 1
110 1
111 0
112 1
113 0
114 -2
115 -2
116 -2
117 -1
118 -2
119 -3
120 -3
121 -3
122 -2
123 -2
124 -2
125 -2
126 -2
127 -1
128 0
129 0
130 -1
131 -1
132 -2
133 -1
134 -1
135 -2
136 -2
137 -1
138 -2
139 -3
140 -2
141 -2
142 -2
143 -2
144 -2
145 -1
146 -2
147 -2
148 -1
149 0
150 0
151 -2
152 -3
153 -4
154 -5
155 -4
156 -5
157 -4
158 -4
159 -3
160 -4
161 -4
162 -4
163 -4
164 -3
165 -3
166 -4
167 -3
168 -3
169 -2
170 -3
171 -3
172 -3
173 -4
174 -3
175 -2
176 -3
177 -3
178 -2
179 -2
180 -1
181 -1
182 -1
183 -1
184 -1
185 -1
186 -2
187 -2
188 -3
189 -2
190 -3
191 -2
192 -2
193 -3
194 -3
195 -3
196 -3
197 -3
198 -3
199 -3
200 -3
201 -3
202 -2
203 -2
204 -3
205 -4
206 -4
207 -4
208 -4
209 -4
210 -4
211 -5
212 -5
213 -6
214 -6
215 -7
216 -7
217 -7
218 -7
219 -6
220 -4
221 -4
222 -4
223 -4
224 -5
225 -5
226 -5
227 -5
228 -6
229 -6
230 -7
231 -7
232 -7
233 -7
234 -6
235 -6
236 -6
237 -6
238 -7
239 -7
240 -7
241 -7
242 -7
243 -7
244 -7
245 -6
246 -6
247 -6
248 -7
249 -9
250 -8
251 -8
252 -8
253 -8
254 -8
255 -8
