0 6
1 7
2 7
3 6
4 7
5 6
6 6
7 9
8 9
9 10
10 10
11 11
12 11
13 11
14 9
15 9
16 11
17 11
18 9
19 10
20 9
21 8
22 7
23 8
24 8
25 7
26 6
27 5
28 4
29 3
30 4
31 4
32 3
33 2
34 3
35 3
36 3
37 3
38 4
39 3
40 3
41 3
42 2
43 1
44 0
45 1
46 2
47 2
48 2
49 2
50 1
51 1
52 2
53 3
54 2
55 2
56 1
57 2
58 1
59 1
60 0
61 0
62 0
63 0
64 -2
65 -2
66 -2
67 -3
68 -3
69 -2
70 -2
71 0
72 0
73 0
74 0
75 1
76 3
77 3
78 3
79 4
80 4
81 5
82 5
83 5
84 6
85 5
86 4
87 4
88 4
89 5
90 5
91 3
92 3
93 2
94 2
95 1
96 2
97 1
98 0
99 -1
100 -2
101 -2
102 -2
103 -1
104 -2
105 -3
106 -4
107 -3
108 -4
109 -3
110 -4
111 -4
112 -5
113 -6
114 -5
115 -3
116 -2
117 -2
118 -3
119 -4
120 -3
121 -3
122 -2
123 -2
124 -2
125 -1
126 -1
127 -2
128 0
129 2
130 3
131 4
132 4
133 6
134 6
135 4
136 5
137 4
138 2
139 1
140 0
141 -1
142 -1
143 -1
144 -1
145 -1
146 -1
147 -1
148 -2
149 -2
150 -2
151 -3
152 -2
153 -3
154 0
155 0
156 0
157 0
158 1
159 1
160 0
161 -1
162 -1
163 -1
164 -1
165 -2
166 -3
167 -4
168 -5
169 -4
170 -3
171 -4
172 -5
173 -3
174 -3
175 -3
176 -2
177 -2
178 -1
179 -1
180 0
181 -1
182 -1
183 1
184 1
185 1
186 3
187 2
188 2
189 2
190 3
191 3
192 4
193 4
194 4
195 4
196 4
197 3
198 1
199 0
200 0
201 1
202 -1
203 -1
204 -1
205 -1
206 -1
207 0
208 -1
209 1
210 1
211 1
212 1
213 2
214 3
215 3
216 3
217 3
218 2
219 2
220 2
221 2
222 3
223 2
224 2
225 1
226 1
227 1
228 1
229 1
230 1
231 0
232 -1
233 -1
234 0
235 1
236 1
237 1
238 1
239 5
240 4
241 5
242 6
243 6
244 7
245 6
246 6
247 8
248 8
249 7
250 7
251 8
252 7
253 7
254 7
255 5
