0 3
1 3
2 4
3 4
4 5
5 5
6 4
7 4
8 5
9 9
10 8
11 9
12 8
13 8
14 7
15 7
16 7
17 5
18 6
19 3
20 3
21 4
22 4
23 5
24 8
25 7
26 8
27 8
28 6
29 7
30 7
31 7
32 7
33 6
34 7
35 9
36 8
37 9
38 8
39 7
40 6
41 6
42 4
43 6
44 6
45 5
46 7
47 8
48 8
49 9
50 9
51 10
52 9
53 8
54 8
55 9
56 10
57 10
58 12
59 12
60 11
61 12
62 11
63 13
64 12
65 11
66 10
67 13
68 11
69 13
70 11
71 11
72 12
73 10
74 11
75 9
76 8
77 9
78 11
79 10
80 11
81 12
82 11
83 11
84 14
85 13
86 13
87 12
88 13
89 11
90 11
91 12
92 14
93 14
94 17
95 17
96 17
97 18
98 17
99 19
100 18
101 18
102 19
103 20
104 20
105 19
106 19
107 20
108 20
109 17
110 16
111 14
112 14
113 12
114 11
115 13
116 13
117 13
118 14
119 14
120 14
121 14
122 16
123 17
124 16
125 14
126 13
127 12
128 12
129 13
130 13
131 14
132 16
133 15
134 17
135 16
136 16
137 17
138 15
139 16
140 15
141 17
142 17
143 18
144 15
145 14
146 13
147 10
148 10
149 10
150 10
151 11
152 10
153 11
154 13
155 12
156 12
157 12
158 12
159 11
160 10
161 12
162 13
163 12
164 13
165 15
166 16
167 17
168 19
169 19
170 21
171 22
172 21
173 20
174 21
175 22
176 22
177 23
178 24
179 25
180 23
181 22
182 22
183 23
184 22
185 21
186 20
187 19
188 18
189 16
190 15
191 16
192 15
193 14
194 14
195 14
196 15
197 14
198 12
199 12
200 13
201 12
202 13
203 14
204 13
205 13
206 14
207 13
208 12
209 13
210 10
211 9
212 9
213 6
214 8
215 6
216 5
217 8
218 7
219 7
220 7
221 6
222 6
223 6
224 6
225 7
226 7
227 8
228 8
229 8
230 7
231 6
232 6
233 8
234 7
235 8
236 9
237 9
238 8
239 8
240 7
241 6
242 6
243 5
244 4
245 5
246 7
247 8
248 7
249 7
250 7
251 8
252 7
253 4
254 4
255 4
