0 4
1 5
2 7
3 6
4 4
5 3
6 2
7 3
8 2
9 -1
10 -1
11 -1
12 -2
13 -1
14 -1
15 0
16 -2
17 -2
18 0
19 -1
20 -3
21 -2
22 -1
23 -3
24 -2
25 -2
26 -2
27 -2
28 -4
29 -5
30 -5
31 -5
32 -6
33 -5
34 -6
35 -5
36 -4
37 -2
38 -3
39 -3
40 -1
41 -2
42 -2
43 -2
44 -1
45 0
46 -1
47 -2
48 0
49 -1
50 -1
51 0
52 1
53 0
54 0
55 1
56 3
57 2
58 2
59 2
60 0
61 1
62 0
63 -1
64 0
65 0
66 1
67 0
68 0
69 1
70 0
71 0
72 -2
73 -1
74 0
75 -1
76 0
77 1
78 0
79 0
80 1
81 2
82 2
83 2
84 4
85 3
86 3
87 5
88 6
89 6
90 5
91 2
92 2
93 0
94 1
95 3
96 3
97 1
98 1
99 2
100 1
101 1
102 1
103 0
104 0
105 -1
106 1
107 -1
108 -2
109 -2
110 -1
111 0
112 0
113 0
114 0
115 2
116 4
117 3
118 1
119 1
120 1
121 -1
122 -1
123 -1
124 -1
125 -2
126 1
127 1
128 -1
129 0
130 1
131 2
132 2
133 3
134 4
135 0
136 -2
137 -2
138 -1
139 -3
140 -2
141 -2
142 -2
143 -4
144 -4
145 -2
146 -2
147 -2
148 -2
149 -4
150 -3
151 -3
152 -3
153 -3
154 -2
155 0
156 0
157 1
158 2
159 2
160 0
161 1
162 2
163 -1
164 -2
165 -4
166 -2
167 -4
168 -3
169 -2
170 -2
171 -3
172 -3
173 -2
174 1
175 1
176 -1
177 0
178 0
179 2
180 1
181 0
182 0
183 0
184 0
185 -1
186 0
187 1
188 0
189 1
190 -1
191 -2
192 -4
193 -3
194 -3
195 -2
196 -2
197 -1
198 -1
199 1
200 -1
201 -2
202 -3
203 -2
204 -1
205 -3
206 -3
207 -2
208 -3
209 -3
210 -2
211 -2
212 -2
213 -1
214 -2
215 -2
216 -2
217 -2
218 -1
219 -1
220 0
221 -1
222 -1
223 0
224 -1
225 -2
226 -1
227 1
228 0
229 -1
230 0
231 1
232 0
233 1
234 0
235 -1
236 -4
237 -3
238 -1
239 0
240 0
241 2
242 -1
243 -2
244 -1
245 -1
246 -2
247 -1
248 1
249 1
250 1
251 1
252 2
253 0
254 0
255 3
