0 -2
1 -4
2 -5
3 -5
4 -4
5 -4
6 -5
7 -5
8 -4
9 -4
10 -3
11 -2
12 -2
13 -2
14 -1
15 0
16 -2
17 -1
18 -2
19 -1
20 -2
21 -3
22 -3
23 -3
24 -3
25 -3
26 -3
27 -3
28 -3
29 -3
30 -4
31 -4
32 -3
33 -2
34 -1
35 -2
36 -2
37 -2
38 -1
39 0
40 0
41 0
42 0
43 0
44 0
45 0
46 0
47 0
48 0
49 0
50 0
51 -1
52 -1
53 -1
54 -2
55 -3
56 -3
57 -4
58 -3
59 -3
60 -3
61 -3
62 -3
63 -3
64 -3
65 -3
66 -3
67 -3
68 -3
69 -4
70 -4
71 -3
72 -3
73 -2
74 -1
75 0
76 1
77 1
78 1
79 1
80 1
81 0
82 0
83 1
84 0
85 1
86 1
87 1
88 -1
89 0
90 0
91 0
92 0
93 0
94 1
95 2
96 2
97 2
98 2
99 2
100 2
101 3
102 3
103 2
104 2
105 3
106 2
107 2
108 2
109 2
110 2
111 1
112 1
113 0
114 0
115 2
116 2
117 2
118 2
119 2
120 3
121 2
122 3
123 3
124 3
125 3
126 3
127 3
128 3
129 3
130 3
131 3
132 3
133 3
134 3
135 4
136 3
137 3
138 3
139 2
140 2
141 2
142 2
143 3
144 2
145 2
146 1
147 1
148 1
149 1
150 1
151 1
152 1
153 0
154 1
155 1
156 0
157 0
158 0
159 0
160 -1
161 -2
162 -2
163 -2
164 -3
165 -3
166 -3
167 -3
168 -2
169 -1
170 0
171 1
172 0
173 0
174 1
175 2
176 3
177 1
178 2
179 2
180 2
181 2
182 2
183 1
184 1
185 -1
186 -1
187 -1
188 -1
189 -1
190 0
191 0
192 0
193 0
194 1
195 1
196 2
197 3
198 3
199 3
200 2
201 1
202 0
203 0
204 0
205 0
206 0
207 0
208 1
209 1
210 0
211 1
212 1
213 0
214 0
215 0
216 0
217 0
218 0
219 0
220 0
221 0
222 0
223 0
224 1
225 1
226 0
227 0
228 0
229 -1
230 -1
231 -1
232 -1
233 -1
234 -2
235 -2
236 -2
237 -1
238 -1
239 -1
240 -1
241 0
242 0
243 -1
244 0
245 0
246 -1
247 -1
248 -1
249 -2
250 -3
251 -3
252 -2
253 -2
254 -1
255 -1
