0 11
1 10
2 8
3 6
4 4
5 4
6 5
7 4
8 4
9 7
10 7
11 4
12 3
13 2
14 2
15 3
16 1
17 2
18 -1
19 -2
20 -3
21 -4
22 -6
23 -5
24 -7
25 -7
26 -7
27 -7
28 -6
29 -7
30 -7
31 -6
32 -8
33 -7
34 -7
35 -9
36 -11
37 -11
38 -9
39 -8
40 -6
41 -5
42 -4
43 -3
44 -1
45 -3
46 -4
47 -5
48 -6
49 -5
50 -7
51 -9
52 -8
53 -5
54 -3
55 -3
56 -5
57 -4
58 -3
59 -2
60 1
61 0
62 1
63 2
64 1
65 2
66 3
67 2
68 2
69 2
70 2
71 2
72 1
73 3
74 2
75 0
76 0
77 2
78 1
79 0
80 -1
81 -2
82 -4
83 -2
84 -1
85 1
86 0
87 0
88 -1
89 1
90 3
91 3
92 2
93 2
94 0
95 1
96 3
97 2
98 1
99 -2
100 -2
101 -2
102 -2
103 -4
104 -5
105 -5
106 -3
107 -5
108 -5
109 -4
110 -3
111 -5
112 -5
113 -5
114 -4
115 -1
116 1
117 2
118 3
119 3
120 3
121 3
122 0
123 -1
124 -1
125 1
126 2
127 4
128 6
129 6
130 7
131 6
132 4
133 7
134 9
135 8
136 10
137 8
138 9
139 8
140 7
141 4
142 3
143 2
144 3
145 3
146 4
147 4
148 3
149 1
150 2
151 2
152 2
153 2
154 2
155 3
156 2
157 4
158 4
159 4
160 4
161 5
162 5
163 7
164 5
165 6
166 4
167 4
168 6
169 7
170 7
171 8
172 9
173 9
174 8
175 6
176 6
177 6
178 7
179 6
180 8
181 5
182 2
183 5
184 3
185 2
186 1
187 1
188 2
189 1
190 3
191 3
192 3
193 2
194 1
195 -1
196 1
197 2
198 3
199 6
200 5
201 5
202 5
203 6
204 6
205 6
206 5
207 4
208 5
209 7
210 5
211 4
212 4
213 3
214 4
215 4
216 5
217 7
218 4
219 4
220 3
221 1
222 -1
223 -2
224 -1
225 -2
226 -1
227 1
228 1
229 0
230 1
231 0
232 -2
233 0
234 -1
235 0
236 0
237 -2
238 -5
239 -5
240 -5
241 -5
242 -3
243 -2
244 -1
245 1
246 2
247 3
248 6
249 4
250 4
251 8
252 8
253 11
254 11
255 10
