0 7
1 6
2 3
3 3
4 2
5 1
6 2
7 4
8 2
9 1
10 1
11 3
12 5
13 5
14 5
15 4
16 3
17 1
18 3
19 1
20 0
21 4
22 5
23 5
24 5
25 6
26 4
27 3
28 1
29 1
30 1
31 -1
32 -3
33 -1
34 -2
35 -4
36 -6
37 -6
38 -6
39 -7
40 -6
41 -6
42 -6
43 -6
44 -3
45 -3
46 -2
47 2
48 2
49 4
50 6
51 9
52 8
53 8
54 8
55 8
56 8
57 8
58 7
59 8
60 7
61 6
62 6
63 5
64 6
65 5
66 4
67 2
68 1
69 -4
70 -2
71 0
72 -1
73 -3
74 -1
75 0
76 -5
77 -4
78 -4
79 -4
80 -6
81 -6
82 -7
83 -7
84 -7
85 -5
86 -5
87 -3
88 -4
89 -5
90 -7
91 -6
92 -4
93 -5
94 -6
95 -3
96 -4
97 -6
98 -7
99 -9
100 -11
101 -12
102 -9
103 -7
104 -5
105 -3
106 -2
107 -2
108 1
109 1
110 -1
111 -1
112 -5
113 -6
114 -7
115 -6
116 -6
117 -5
118 -3
119 -5
120 -5
121 -5
122 -7
123 -4
124 -5
125 -5
126 -4
127 -2
128 0
129 -1
130 0
131 2
132 3
133 2
134 3
135 3
136 3
137 3
138 4
139 5
140 5
141 2
142 1
143 -1
144 -1
145 -1
146 -2
147 -1
148 0
149 2
150 1
151 2
152 1
153 -2
154 -2
155 -2
156 0
157 3
158 4
159 5
160 6
161 6
162 6
163 8
164 7
165 6
166 3
167 1
168 2
169 4
170 5
171 7
172 6
173 4
174 3
175 4
176 4
177 3
178 4
179 2
180 4
181 1
182 -1
183 0
184 -1
185 -1
186 -1
187 -4
188 -6
189 -5
190 -6
191 -7
192 -6
193 -6
194 -6
195 -8
196 -8
197 -5
198 -6
199 -2
200 -1
201 1
202 2
203 1
204 2
205 4
206 2
207 0
208 2
209 1
210 3
211 6
212 7
213 6
214 4
215 1
216 3
217 4
218 2
219 2
220 0
221 1
222 3
223 4
224 5
225 6
226 4
227 5
228 3
229 5
230 4
231 7
232 6
233 7
234 7
235 7
236 9
237 10
238 10
239 10
240 12
241 14
242 13
243 14
244 12
245 11
246 10
247 9
248 9
249 8
250 7
251 5
252 5
253 6
254 5
255 4
