0 5
1 3
2 3
3 4
4 4
5 4
6 3
7 3
8 2
9 2
10 1
11 0
12 2
13 3
14 1
15 3
16 2
17 0
18 -1
19 -4
20 -7
21 -5
22 -2
23 1
24 1
25 2
26 0
27 2
28 -1
29 0
30 1
31 0
32 1
33 1
34 0
35 2
36 3
37 4
38 1
39 0
40 1
41 2
42 0
43 -1
44 0
45 1
46 2
47 2
48 1
49 -1
50 0
51 0
52 -2
53 -1
54 -1
55 -1
56 0
57 1
58 -1
59 0
60 2
61 4
62 2
63 4
64 4
65 3
66 3
67 2
68 1
69 0
70 1
71 2
72 2
73 2
74 0
75 1
76 -1
77 -1
78 -3
79 -2
80 -3
81 -2
82 -1
83 1
84 1
85 0
86 0
87 0
88 3
89 1
90 1
91 0
92 -1
93 0
94 -1
95 0
96 1
97 2
98 1
99 2
100 2
101 2
102 3
103 4
104 4
105 5
106 6
107 4
108 6
109 5
110 3
111 2
112 -1
113 -3
114 0
115 1
116 1
117 -1
118 1
119 1
120 3
121 3
122 1
123 0
124 1
125 0
126 -1
127 1
128 -1
129 0
130 -1
131 0
132 0
133 -2
134 0
135 0
136 0
137 -2
138 -3
139 -5
140 -5
141 -3
142 1
143 2
144 1
145 0
146 1
147 1
148 1
149 2
150 3
151 1
152 0
153 -1
154 -1
155 -1
156 0
157 0
158 3
159 4
160 1
161 3
162 3
163 3
164 6
165 3
166 4
167 4
168 4
169 6
170 5
171 6
172 4
173 4
174 4
175 4
176 2
177 2
178 3
179 1
180 -1
181 -3
182 -4
183 -5
184 -5
185 -5
186 -5
187 -3
188 0
189 0
190 -1
191 -3
192 -3
193 -4
194 -2
195 -2
196 3
197 4
198 5
199 5
200 3
201 5
202 7
203 6
204 6
205 7
206 4
207 1
208 2
209 3
210 3
211 2
212 2
213 4
214 3
215 3
216 3
217 2
218 2
219 3
220 5
221 5
222 2
223 2
224 3
225 4
226 5
227 4
228 2
229 2
230 3
231 3
232 3
233 5
234 6
235 5
236 5
237 5
238 7
239 6
240 5
241 7
242 5
243 6
244 4
245 4
246 5
247 4
248 3
249 5
250 5
251 4
252 2
253 4
254 2
255 4
