0 4
1 4
2 2
3 5
4 6
5 8
6 8
7 9
8 9
9 9
10 8
11 8
12 8
13 9
14 9
15 10
16 12
17 11
18 11
19 10
20 10
21 9
22 9
23 9
24 9
25 8
26 8
27 6
28 6
29 6
30 7
31 9
32 7
33 6
34 5
35 6
36 4
37 4
38 3
39 3
40 3
41 3
42 3
43 3
44 2
45 3
46 3
47 4
48 5
49 5
50 5
51 6
52 5
53 5
54 5
55 5
56 6
57 5
58 4
59 4
60 4
61 4
62 5
63 6
64 7
65 8
66 6
67 4
68 5
69 5
70 5
71 5
72 6
73 5
74 5
75 5
76 5
77 4
78 4
79 4
80 4
81 4
82 5
83 5
84 5
85 7
86 6
87 5
88 4
89 5
90 5
91 5
92 5
93 5
94 3
95 3
96 3
97 3
98 2
99 4
100 4
101 5
102 3
103 3
104 3
105 2
106 3
107 2
108 1
109 2
110 2
111 0
112 0
113 1
114 1
115 2
116 3
117 3
118 2
119 2
120 2
121 2
122 2
123 3
124 4
125 4
126 2
127 2
128 2
129 2
130 2
131 2
132 1
133 0
134 -2
135 -2
136 -1
137 0
138 0
139 -1
140 -1
141 -1
142 -1
143 0
144 0
145 0
146 1
147 -1
148 -1
149 -1
150 -1
151 0
152 -1
153 -2
154 -1
155 -1
156 0
157 1
158 3
159 2
160 3
161 5
162 4
163 4
164 4
165 3
166 1
167 0
168 2
169 1
170 0
171 -1
172 -2
173 -2
174 -1
175 -2
176 -3
177 -3
178 -2
179 -3
180 -1
181 -1
182 -2
183 -4
184 -3
185 -3
186 -2
187 -3
188 -2
189 -1
190 -1
191 -3
192 -2
193 0
194 0
195 -1
196 0
197 0
198 2
199 2
200 2
201 2
202 1
203 1
204 2
205 3
206 2
207 1
208 0
209 -1
210 -1
211 -1
212 -1
213 1
214 0
215 2
216 2
217 3
218 2
219 2
220 2
221 3
222 3
223 3
224 5
225 5
226 6
227 7
228 6
229 5
230 4
231 4
232 3
233 4
234 3
235 3
236 2
237 3
238 4
239 5
240 3
241 3
242 5
243 7
244 6
245 6
246 6
247 6
248 6
249 7
250 8
251 7
252 6
253 5
254 4
255 5
