0 4
1 3
2 5
3 5
4 4
5 4
6 4
7 3
8 2
9 2
10 1
11 -1
12 1
13 -1
14 -1
15 -1
16 -1
17 -3
18 -4
19 -5
20 -6
21 -7
22 -5
23 -5
24 -4
25 -5
26 -6
27 -5
28 -5
29 -4
30 -3
31 -3
32 -4
33 -2
34 -2
35 -2
36 -1
37 -2
38 -4
39 -4
40 -3
41 -2
42 0
43 0
44 0
45 -1
46 -1
47 -2
48 -4
49 -3
50 -3
51 -4
52 0
53 0
54 -1
55 -1
56 0
57 -1
58 -1
59 -1
60 -1
61 -1
62 -1
63 -1
64 0
65 2
66 0
67 0
68 -2
69 -4
70 -5
71 -5
72 -4
73 -4
74 -7
75 -5
76 -4
77 -3
78 -2
79 -2
80 -2
81 -3
82 -6
83 -6
84 -4
85 -4
86 -4
87 -4
88 -3
89 -2
90 0
91 0
92 -1
93 -2
94 -3
95 -3
96 -1
97 -4
98 -3
99 -2
100 -1
101 0
102 -2
103 -2
104 -2
105 -1
106 -1
107 0
108 0
109 1
110 3
111 3
112 2
113 3
114 4
115 3
116 3
117 6
118 7
119 7
120 7
121 8
122 9
123 9
124 11
125 11
126 12
127 13
128 11
129 11
130 10
131 9
132 8
133 7
134 6
135 6
136 6
137 7
138 7
139 7
140 8
141 12
142 11
143 11
144 12
145 11
146 11
147 13
148 12
149 15
150 14
151 13
152 12
153 11
154 11
155 11
156 13
157 13
158 12
159 10
160 12
161 13
162 12
163 11
164 11
165 10
166 8
167 8
168 6
169 6
170 5
171 5
172 5
173 4
174 3
175 3
176 1
177 1
178 1
179 1
180 -1
181 -1
182 -2
183 -1
184 -2
185 0
186 0
187 0
188 0
189 0
190 0
191 1
192 0
193 -1
194 0
195 2
196 3
197 4
198 4
199 2
200 2
201 2
202 2
203 1
204 1
205 0
206 -1
207 1
208 1
209 4
210 5
211 5
212 3
213 4
214 3
215 4
216 3
217 3
218 0
219 3
220 4
221 4
222 4
223 4
224 5
225 6
226 7
227 5
228 5
229 7
230 7
231 6
232 5
233 4
234 5
235 4
236 5
237 4
238 2
239 1
240 1
241 1
242 3
243 4
244 5
245 5
246 6
247 7
248 8
249 7
250 5
251 5
252 5
253 4
254 3
255 3
