0 -5
1 -5
2 -5
3 -4
4 -3
5 -4
6 -4
7 -4
8 -3
9 -2
10 -2
11 -1
12 -1
13 -1
14 -1
15 -2
16 -2
17 -3
18 -4
19 -3
20 -3
21 -4
22 -4
23 -5
24 -4
25 -4
26 -3
27 -2
28 -1
29 -1
30 -1
31 0
32 0
33 0
34 0
35 0
36 0
37 0
38 0
39 -1
40 -1
41 -1
42 -1
43 -1
44 -1
45 -1
46 -1
47 -1
48 -1
49 0
50 -2
51 -3
52 -2
53 -1
54 -1
55 -1
56 0
57 0
58 0
59 1
60 0
61 0
62 1
63 0
64 0
65 1
66 1
67 1
68 1
69 2
70 2
71 3
72 4
73 3
74 3
75 2
76 2
77 1
78 1
79 0
80 0
81 1
82 1
83 1
84 1
85 0
86 0
87 0
88 0
89 -2
90 -1
91 -1
92 -1
93 -1
94 -1
95 -1
96 -1
97 -1
98 -1
99 -1
100 0
101 0
102 0
103 0
104 0
105 0
106 0
107 0
108 1
109 0
110 1
111 1
112 2
113 2
114 1
115 1
116 1
117 0
118 -1
119 -1
120 0
121 -1
122 -2
123 -2
124 -2
125 0
126 1
127 0
128 -1
129 -1
130 -1
131 0
132 0
133 0
134 0
135 -1
136 0
137 1
138 1
139 2
140 2
141 2
142 2
143 2
144 1
145 1
146 2
147 2
148 1
149 1
150 0
151 0
152 0
153 0
154 -1
155 -2
156 -2
157 -1
158 -2
159 -2
160 -2
161 -2
162 0
163 0
164 1
165 1
166 0
167 1
168 2
169 1
170 1
171 1
172 0
173 1
174 1
175 2
176 2
177 2
178 2
179 3
180 3
181 3
182 3
183 2
184 1
185 1
186 1
187 2
188 2
189 1
190 0
191 -1
192 0
193 -1
194 -2
195 -1
196 -1
197 -1
198 -1
199 -2
200 -2
201 -3
202 -3
203 -4
204 -4
205 -4
206 -3
207 -3
208 -5
209 -4
210 -4
211 -4
212 -4
213 -5
214 -5
215 -5
216 -4
217 -4
218 -4
219 -3
220 -3
221 -3
222 -3
223 -3
224 -3
225 -3
226 -3
227 -3
228 -3
229 -3
230 -5
231 -5
232 -4
233 -4
234 -4
235 -4
236 -4
237 -4
238 -4
239 -4
240 -4
241 -4
242 -4
243 -4
244 -3
245 -3
246 -3
247 -3
248 -2
249 -3
250 -3
251 -3
252 -3
253 -4
254 -4
255 -4
