0 38
1 39
2 40
3 42
4 41
5 41
6 39
7 38
8 39
9 38
10 39
11 38
12 39
13 38
14 38
15 38
16 37
17 37
18 36
19 36
20 35
21 34
22 34
23 34
24 34
25 34
26 34
27 34
28 35
29 36
30 36
31 36
32 36
33 36
34 35
35 34
36 36
37 36
38 36
39 35
40 35
41 34
42 34
43 34
44 34
45 34
46 34
47 34
48 34
49 35
50 35
51 34
52 35
53 35
54 35
55 34
56 35
57 34
58 34
59 34
60 33
61 34
62 33
63 34
64 34
65 34
66 34
67 34
68 34
69 35
70 36
71 35
72 34
73 35
74 35
75 35
76 35
77 35
78 35
79 34
80 34
81 34
82 34
83 35
84 35
85 34
86 34
87 34
88 34
89 35
90 34
91 33
92 35
93 34
94 34
95 33
96 32
97 33
98 33
99 34
100 35
101 34
102 34
103 35
104 35
105 36
106 35
107 33
108 34
109 34
110 36
111 35
112 34
113 34
114 33
115 34
116 34
117 34
118 35
119 35
120 35
121 34
122 33
123 33
124 33
125 32
126 32
127 33
128 33
129 33
130 34
131 35
132 35
133 36
134 37
135 36
136 37
137 36
138 37
139 38
140 37
141 38
142 38
143 38
144 38
145 36
146 36
147 37
148 37
149 37
150 38
151 39
152 39
153 39
154 38
155 38
156 40
157 41
158 41
159 40
160 40
161 39
162 39
163 39
164 41
165 40
166 40
167 40
168 41
169 42
170 41
171 42
172 41
173 41
174 41
175 40
176 41
177 41
178 41
179 41
180 40
181 40
182 39
183 40
184 40
185 39
186 39
187 38
188 38
189 38
190 37
191 38
192 39
193 38
194 39
195 40
196 41
197 42
198 41
199 40
200 40
201 39
202 39
203 38
204 37
205 38
206 39
207 40
208 40
209 40
210 40
211 40
212 41
213 41
214 41
215 41
216 41
217 40
218 39
219 39
220 39
221 39
222 39
223 39
224 38
225 37
226 36
227 36
228 36
229 35
230 35
231 34
232 34
233 34
234 35
235 36
236 36
237 35
238 34
239 34
240 35
241 34
242 34
243 34
244 34
245 34
246 34
247 36
248 36
249 36
250 36
251 36
252 37
253 37
254 37
255 37
