0 -27
1 -28
2 -27
3 -28
4 -30
5 -27
6 -24
7 -25
8 -24
9 -23
10 -23
11 -20
12 -16
13 -16
14 -17
15 -16
16 -12
17 -9
18 -9
19 -10
20 -12
21 -13
22 -14
23 -11
24 -11
25 -10
26 -9
27 -10
28 -9
29 -9
30 -11
31 -13
32 -14
33 -15
34 -13
35 -14
36 -16
37 -17
38 -14
39 -13
40 -14
41 -14
42 -11
43 -13
44 -10
45 -11
46 -11
47 -13
48 -13
49 -11
50 -11
51 -9
52 -9
53 -8
54 -7
55 -5
56 -5
57 -3
58 -2
59 -5
60 -4
61 -5
62 -5
63 -6
64 -8
65 -9
66 -8
67 -9
68 -9
69 -8
70 -10
71 -11
72 -11
73 -10
74 -13
75 -12
76 -14
77 -15
78 -13
79 -12
80 -13
81 -11
82 -10
83 -10
84 -11
85 -11
86 -13
87 -12
88 -11
89 -9
90 -9
91 -9
92 -8
93 -6
94 -6
95 -7
96 -6
97 -6
98 -5
99 -6
100 -6
101 -4
102 -5
103 -5
104 -7
105 -8
106 -10
107 -10
108 -12
109 -10
110 -10
111 -12
112 -12
113 -8
114 -9
115 -9
116 -11
117 -12
118 -13
119 -12
120 -11
121 -11
122 -10
123 -8
124 -10
125 -8
126 -8
127 -8
128 -10
129 -7
130 -6
131 -4
132 -4
133 -6
134 -5
135 -8
136 -9
137 -9
138 -8
139 -8
140 -8
141 -7
142 -5
143 -5
144 -9
145 -10
146 -8
147 -10
148 -11
149 -11
150 -12
151 -12
152 -14
153 -14
154 -15
155 -15
156 -16
157 -16
158 -17
159 -18
160 -19
161 -20
162 -17
163 -17
164 -18
165 -20
166 -21
167 -23
168 -22
169 -20
170 -19
171 -16
172 -17
173 -14
174 -13
175 -13
176 -12
177 -13
178 -14
179 -15
180 -16
181 -14
182 -13
183 -12
184 -9
185 -10
186 -9
187 -9
188 -11
189 -12
190 -12
191 -12
192 -12
193 -12
194 -11
195 -8
196 -9
197 -8
198 -8
199 -9
200 -7
201 -8
202 -9
203 -9
204 -10
205 -10
206 -10
207 -9
208 -10
209 -10
210 -8
211 -9
212 -9
213 -12
214 -12
215 -13
216 -14
217 -16
218 -13
219 -14
220 -14
221 -16
222 -18
223 -21
224 -23
225 -23
226 -23
227 -23
228 -23
229 -25
230 -26
231 -27
232 -29
233 -31
234 -31
235 -30
236 -29
237 -28
238 -30
239 -31
240 -27
241 -28
242 -29
243 -26
244 -28
245 -29
246 -29
247 -28
248 -26
249 -27
250 -24
251 -26
252 -27
253 -26
254 -27
255 -28
