0 -20
1 -20
2 -19
3 -18
4 -17
5 -16
6 -16
7 -15
8 -14
9 -14
10 -15
11 -15
12 -14
13 -14
14 -14
15 -14
16 -14
17 -14
18 -14
19 -15
20 -15
21 -15
22 -14
23 -13
24 -13
25 -11
26 -11
27 -11
28 -12
29 -13
30 -14
31 -15
32 -15
33 -14
34 -14
35 -15
36 -15
37 -15
38 -15
39 -13
40 -13
41 -14
42 -14
43 -12
44 -12
45 -12
46 -11
47 -10
48 -11
49 -10
50 -9
51 -9
52 -10
53 -11
54 -12
55 -12
56 -12
57 -12
58 -12
59 -12
60 -10
61 -10
62 -10
63 -10
64 -9
65 -8
66 -8
67 -8
68 -8
69 -8
70 -7
71 -7
72 -7
73 -7
74 -7
75 -6
76 -7
77 -7
78 -7
79 -7
80 -8
81 -8
82 -8
83 -8
84 -8
85 -10
86 -8
87 -7
88 -7
89 -6
90 -6
91 -5
92 -5
93 -5
94 -5
95 -6
96 -5
97 -4
98 -5
99 -5
100 -4
101 -4
102 -4
103 -4
104 -4
105 -4
106 -5
107 -5
108 -6
109 -5
110 -5
111 -4
112 -4
113 -3
114 -3
115 -2
116 -2
117 -2
118 -2
119 -2
120 -2
121 -1
122 -1
123 -2
124 -3
125 -3
126 -3
127 -3
128 -3
129 -3
130 -2
131 -1
132 -1
133 -1
134 -1
135 -2
136 -2
137 -3
138 -4
139 -3
140 -3
141 -3
142 -3
143 -3
144 -3
145 -2
146 -3
147 -3
148 -4
149 -3
150 -4
151 -4
152 -4
153 -3
154 -3
155 -3
156 -2
157 -2
158 -2
159 -3
160 -4
161 -4
162 -4
163 -5
164 -6
165 -6
166 -7
167 -7
168 -7
169 -7
170 -6
171 -7
172 -6
173 -7
174 -7
175 -7
176 -8
177 -9
178 -8
179 -8
180 -8
181 -7
182 -8
183 -9
184 -10
185 -11
186 -11
187 -11
188 -11
189 -11
190 -11
191 -12
192 -12
193 -12
194 -11
195 -12
196 -12
197 -12
198 -13
199 -13
200 -13
201 -13
202 -13
203 -12
204 -13
205 -13
206 -14
207 -15
208 -14
209 -13
210 -13
211 -13
212 -12
213 -13
214 -12
215 -14
216 -13
217 -13
218 -13
219 -14
220 -14
221 -15
222 -15
223 -15
224 -15
225 -16
226 -16
227 -15
228 -16
229 -17
230 -18
231 -18
232 -18
233 -18
234 -16
235 -16
236 -16
237 -16
238 -17
239 -15
240 -16
241 -16
242 -17
243 -16
244 -16
245 -16
246 -17
247 -18
248 -18
249 -19
250 -20
251 -19
252 -20
253 -20
254 -20
255 -20
