0 -1
1 0
2 0
3 1
4 -1
5 -1
6 -2
7 -2
8 -3
9 -5
10 -6
11 -6
12 -6
13 -2
14 -1
15 -2
16 -1
17 1
18 0
19 0
20 -2
21 -2
22 -2
23 -1
24 -4
25 -4
26 -4
27 -4
28 -5
29 -7
30 -6
31 -3
32 -2
33 -3
34 -4
35 -4
36 -3
37 -2
38 -4
39 -2
40 -4
41 -6
42 -6
43 -4
44 -4
45 -4
46 -4
47 -3
48 -2
49 -3
50 -3
51 -4
52 -5
53 -7
54 -8
55 -5
56 -5
57 -6
58 -5
59 -3
60 -6
61 -8
62 -5
63 -5
64 -4
65 -5
66 -7
67 -6
68 -10
69 -11
70 -8
71 -8
72 -7
73 -7
74 -5
75 0
76 2
77 -1
78 -1
79 -2
80 -3
81 -3
82 -1
83 0
84 0
85 -2
86 -2
87 -1
88 -1
89 0
90 -2
91 0
92 -1
93 -2
94 -3
95 -3
96 -1
97 -1
98 -1
99 -2
100 -2
101 0
102 0
103 0
104 1
105 -2
106 -2
107 -1
108 -1
109 0
110 2
111 1
112 1
113 2
114 2
115 1
116 1
117 3
118 5
119 3
120 2
121 -1
122 -2
123 -2
124 -2
125 -1
126 -1
127 -1
128 -3
129 -1
130 1
131 0
132 2
133 3
134 2
135 2
136 0
137 2
138 2
139 3
140 1
141 0
142 1
143 1
144 2
145 1
146 0
147 3
148 2
149 -1
150 -3
151 -2
152 0
153 -3
154 -4
155 -6
156 -7
157 -7
158 -8
159 -7
160 -9
161 -7
162 -8
163 -7
164 -7
165 -7
166 -9
167 -10
168 -11
169 -9
170 -8
171 -6
172 -7
173 -6
174 -3
175 -2
176 -2
177 -1
178 -2
179 -6
180 -6
181 -7
182 -5
183 -7
184 -5
185 -6
186 -4
187 -3
188 -4
189 -2
190 -2
191 0
192 0
193 -1
194 -2
195 -3
196 -3
197 -2
198 -1
199 1
200 2
201 2
202 1
203 2
204 3
205 3
206 2
207 1
208 3
209 3
210 2
211 1
212 -1
213 -1
214 1
215 1
216 1
217 -1
218 -4
219 -4
220 -4
221 -2
222 -4
223 -3
224 -2
225 0
226 -1
227 -2
228 0
229 -1
230 -1
231 0
232 0
233 1
234 2
235 1
236 1
237 0
238 -2
239 -2
240 -4
241 -6
242 -6
243 -7
244 -7
245 -5
246 -5
247 -6
248 -5
249 -5
250 -4
251 -2
252 -2
253 -2
254 -3
255 -2
