0 -7
1 -7
2 -6
3 -7
4 -8
5 -9
6 -8
7 -8
8 -8
9 -8
10 -7
11 -8
12 -8
13 -8
14 -9
15 -6
16 -7
17 -7
18 -8
19 -8
20 -5
21 -3
22 -2
23 -2
24 -1
25 0
26 0
27 3
28 4
29 3
30 1
31 -1
32 -1
33 0
34 -2
35 0
36 -1
37 0
38 2
39 -1
40 -1
41 -1
42 -2
43 -3
44 -3
45 -4
46 -5
47 -5
48 -6
49 -6
50 -5
51 -5
52 -6
53 -7
54 -7
55 -7
56 -8
57 -9
58 -10
59 -10
60 -9
61 -8
62 -9
63 -7
64 -8
65 -9
66 -8
67 -8
68 -7
69 -8
70 -9
71 -8
72 -8
73 -9
74 -8
75 -5
76 -6
77 -7
78 -8
79 -7
80 -8
81 -8
82 -8
83 -7
84 -8
85 -8
86 -7
87 -6
88 -5
89 -5
90 -4
91 -4
92 -4
93 -5
94 -4
95 -6
96 -7
97 -6
98 -7
99 -6
100 -5
101 -5
102 -4
103 -5
104 -6
105 -5
106 -5
107 -3
108 -3
109 -5
110 -5
111 -6
112 -5
113 -4
114 -3
115 -3
116 -1
117 0
118 -1
119 0
120 0
121 0
122 0
123 -1
124 -3
125 -4
126 -5
127 -4
128 -5
129 -6
130 -7
131 -6
132 -6
133 -7
134 -7
135 -8
136 -8
137 -9
138 -9
139 -9
140 -10
141 -11
142 -12
143 -11
144 -10
145 -10
146 -9
147 -7
148 -7
149 -6
150 -7
151 -8
152 -9
153 -9
154 -9
155 -11
156 -9
157 -9
158 -9
159 -8
160 -10
161 -10
162 -11
163 -11
164 -12
165 -9
166 -9
167 -9
168 -10
169 -10
170 -10
171 -11
172 -11
173 -10
174 -10
175 -11
176 -11
177 -12
178 -13
179 -13
180 -13
181 -12
182 -11
183 -11
184 -11
185 -9
186 -10
187 -8
188 -9
189 -7
190 -8
191 -6
192 -6
193 -5
194 -3
195 -4
196 -4
197 -5
198 -2
199 -1
200 -1
201 0
202 0
203 -1
204 0
205 0
206 0
207 0
208 1
209 0
210 -1
211 0
212 0
213 0
214 0
215 -1
216 -1
217 -2
218 -2
219 -1
220 0
221 -1
222 0
223 0
224 1
225 1
226 0
227 1
228 1
229 0
230 1
231 1
232 1
233 1
234 1
235 1
236 -1
237 0
238 -1
239 -2
240 -1
241 -1
242 0
243 1
244 -1
245 -1
246 0
247 0
248 -1
249 -3
250 -3
251 -3
252 -3
253 -4
254 -6
255 -8
