0 -5
1 -4
2 -4
3 -4
4 -5
5 -6
6 -4
7 -4
8 -4
9 -4
10 -4
11 -4
12 -5
13 -6
14 -5
15 -5
16 -4
17 -4
18 -2
19 -1
20 -1
21 -1
22 -1
23 -1
24 0
25 0
26 0
27 1
28 1
29 2
30 3
31 3
32 4
33 5
34 5
35 5
36 5
37 4
38 4
39 4
40 5
41 5
42 4
43 4
44 4
45 4
46 4
47 5
48 5
49 5
50 5
51 5
52 5
53 5
54 5
55 4
56 3
57 2
58 3
59 3
60 3
61 2
62 1
63 1
64 0
65 -1
66 0
67 -1
68 -2
69 -3
70 -4
71 -6
72 -6
73 -6
74 -5
75 -5
76 -4
77 -3
78 -4
79 -3
80 -3
81 -3
82 -4
83 -3
84 -4
85 -3
86 -2
87 -1
88 -2
89 -2
90 -2
91 -2
92 -1
93 -1
94 -2
95 -1
96 -2
97 -2
98 -2
99 -3
100 -4
101 -4
102 -4
103 -3
104 -2
105 -2
106 -2
107 -3
108 -4
109 -6
110 -7
111 -6
112 -7
113 -7
114 -7
115 -8
116 -9
117 -10
118 -10
119 -9
120 -9
121 -9
122 -9
123 -9
124 -10
125 -11
126 -12
127 -11
128 -11
129 -11
130 -10
131 -11
132 -11
133 -10
134 -9
135 -8
136 -7
137 -6
138 -6
139 -6
140 -6
141 -6
142 -6
143 -7
144 -7
145 -7
146 -7
147 -8
148 -8
149 -8
150 -9
151 -9
152 -8
153 -9
154 -9
155 -9
156 -9
157 -8
158 -8
159 -8
160 -9
161 -8
162 -8
163 -7
164 -6
165 -7
166 -7
167 -7
168 -8
169 -8
170 -9
171 -9
172 -9
173 -8
174 -8
175 -9
176 -9
177 -9
178 -9
179 -10
180 -11
181 -10
182 -11
183 -11
184 -10
185 -10
186 -10
187 -11
188 -10
189 -10
190 -10
191 -9
192 -9
193 -10
194 -9
195 -8
196 -7
197 -6
198 -5
199 -3
200 -2
201 -3
202 -3
203 -2
204 -2
205 -2
206 -2
207 -2
208 -2
209 -3
210 -4
211 -5
212 -6
213 -6
214 -7
215 -7
216 -7
217 -7
218 -7
219 -6
220 -5
221 -5
222 -5
223 -4
224 -4
225 -4
226 -4
227 -3
228 -4
229 -4
230 -6
231 -7
232 -7
233 -7
234 -7
235 -7
236 -7
237 -6
238 -7
239 -7
240 -7
241 -7
242 -7
243 -7
244 -7
245 -6
246 -6
247 -6
248 -6
249 -5
250 -5
251 -5
252 -5
253 -5
254 -5
255 -5
