0 -16
1 -19
2 -18
3 -19
4 -18
5 -19
6 -19
7 -20
8 -21
9 -24
10 -25
11 -25
12 -26
13 -28
14 -24
15 -22
16 -21
17 -19
18 -15
19 -16
20 -17
21 -21
22 -21
23 -20
24 -18
25 -18
26 -19
27 -16
28 -15
29 -14
30 -13
31 -14
32 -12
33 -12
34 -12
35 -11
36 -11
37 -12
38 -13
39 -13
40 -13
41 -13
42 -16
43 -17
44 -18
45 -18
46 -17
47 -19
48 -19
49 -19
50 -20
51 -22
52 -21
53 -23
54 -23
55 -23
56 -24
57 -25
58 -27
59 -26
60 -27
61 -28
62 -29
63 -30
64 -30
65 -31
66 -33
67 -34
68 -32
69 -34
70 -34
71 -34
72 -34
73 -33
74 -34
75 -35
76 -36
77 -36
78 -36
79 -38
80 -39
81 -40
82 -37
83 -39
84 -40
85 -39
86 -41
87 -41
88 -42
89 -42
90 -39
91 -40
92 -39
93 -42
94 -43
95 -43
96 -43
97 -40
98 -42
99 -40
100 -39
101 -39
102 -39
103 -41
104 -42
105 -41
106 -38
107 -38
108 -36
109 -37
110 -37
111 -37
112 -39
113 -39
114 -38
115 -39
116 -38
117 -39
118 -39
119 -38
120 -38
121 -39
122 -38
123 -38
124 -39
125 -41
126 -41
127 -41
128 -41
129 -40
130 -40
131 -41
132 -40
133 -40
134 -42
135 -41
136 -40
137 -37
138 -37
139 -34
140 -33
141 -34
142 -34
143 -35
144 -34
145 -35
146 -35
147 -34
148 -34
149 -34
150 -32
151 -32
152 -31
153 -29
154 -25
155 -23
156 -23
157 -20
158 -19
159 -21
160 -23
161 -22
162 -22
163 -22
164 -23
165 -21
166 -22
167 -23
168 -21
169 -22
170 -21
171 -19
172 -19
173 -18
174 -19
175 -19
176 -19
177 -20
178 -18
179 -19
180 -19
181 -19
182 -15
183 -15
184 -17
185 -16
186 -15
187 -14
188 -13
189 -12
190 -12
191 -12
192 -8
193 -8
194 -8
195 -7
196 -5
197 -5
198 -4
199 -2
200 -3
201 -3
202 -2
203 -1
204 -1
205 0
206 0
207 -1
208 0
209 -1
210 -2
211 -2
212 -1
213 2
214 2
215 0
216 -2
217 -3
218 -5
219 -4
220 -4
221 -4
222 -2
223 -6
224 -7
225 -5
226 -6
227 -5
228 -4
229 -5
230 -5
231 -6
232 -4
233 -6
234 -7
235 -7
236 -9
237 -9
238 -9
239 -7
240 -7
241 -4
242 -4
243 -5
244 -5
245 -7
246 -9
247 -7
248 -7
249 -8
250 -9
251 -14
252 -13
253 -13
254 -12
255 -16
