0 -1
1 0
2 0
3 -1
4 0
5 1
6 1
7 1
8 3
9 2
10 2
11 1
12 0
13 -2
14 -1
15 -2
16 -1
17 -2
18 -2
19 -1
20 -1
21 -2
22 0
23 1
24 0
25 2
26 2
27 3
28 1
29 1
30 0
31 -1
32 0
33 1
34 3
35 3
36 3
37 0
38 1
39 -1
40 -1
41 -3
42 -2
43 -2
44 -3
45 -4
46 -3
47 -2
48 -3
49 -3
50 -3
51 -2
52 -2
53 -2
54 -1
55 -2
56 -1
57 -1
58 0
59 0
60 1
61 1
62 0
63 0
64 0
65 1
66 1
67 1
68 0
69 0
70 2
71 1
72 1
73 3
74 4
75 4
76 3
77 3
78 4
79 2
80 4
81 4
82 2
83 2
84 3
85 2
86 2
87 1
88 -1
89 0
90 1
91 2
92 2
93 3
94 4
95 3
96 3
97 1
98 3
99 1
100 0
101 1
102 1
103 0
104 0
105 0
106 0
107 0
108 0
109 -1
110 1
111 1
112 0
113 -1
114 -2
115 -2
116 -2
117 0
118 0
119 1
120 0
121 0
122 0
123 0
124 3
125 2
126 0
127 1
128 -1
129 -2
130 -3
131 -2
132 -3
133 -2
134 -1
135 -1
136 -2
137 -2
138 -3
139 -3
140 -2
141 -1
142 -1
143 -1
144 -1
145 -2
146 0
147 0
148 0
149 0
150 -1
151 -2
152 -1
153 0
154 -1
155 0
156 -1
157 0
158 0
159 -1
160 -2
161 -1
162 0
163 1
164 1
165 0
166 0
167 -1
168 -1
169 1
170 1
171 0
172 -1
173 -2
174 -2
175 -3
176 -3
177 -3
178 -4
179 -4
180 -5
181 -5
182 -6
183 -6
184 -6
185 -7
186 -7
187 -8
188 -8
189 -7
190 -6
191 -4
192 -3
193 -1
194 0
195 2
196 2
197 3
198 3
199 4
200 5
201 5
202 2
203 1
204 1
205 0
206 -1
207 -2
208 -1
209 -3
210 -3
211 -4
212 -4
213 -4
214 -4
215 -4
216 -3
217 -2
218 -2
219 -1
220 -2
221 -3
222 -3
223 -5
224 -4
225 -5
226 -6
227 -6
228 -6
229 -5
230 -5
231 -4
232 -3
233 -5
234 -5
235 -4
236 -5
237 -6
238 -6
239 -7
240 -7
241 -7
242 -7
243 -6
244 -5
245 -7
246 -4
247 -5
248 -5
249 -3
250 -2
251 -2
252 -3
253 -1
254 -2
255 -1
