0 -3
1 -6
2 -5
3 -4
4 -2
5 -2
6 -2
7 -1
8 -1
9 -1
10 1
11 1
12 3
13 3
14 3
15 1
16 0
17 0
18 1
19 1
20 0
21 1
22 -1
23 1
24 2
25 2
26 4
27 2
28 0
29 -2
30 -2
31 -1
32 -1
33 -2
34 -3
35 -2
36 0
37 3
38 4
39 4
40 5
41 3
42 3
43 4
44 4
45 5
46 4
47 2
48 2
49 2
50 4
51 3
52 3
53 2
54 2
55 1
56 2
57 -1
58 -3
59 -5
60 -4
61 -2
62 -4
63 -5
64 -7
65 -8
66 -3
67 -1
68 -3
69 -2
70 -5
71 -7
72 -6
73 -3
74 -3
75 -4
76 -5
77 -5
78 -7
79 -7
80 -6
81 -8
82 -5
83 -6
84 -5
85 -4
86 -5
87 -3
88 -4
89 -4
90 -1
91 -1
92 -1
93 -1
94 1
95 2
96 2
97 3
98 2
99 1
100 1
101 2
102 2
103 3
104 3
105 1
106 0
107 0
108 -1
109 -2
110 -2
111 -3
112 -2
113 -2
114 -4
115 -4
116 -6
117 -5
118 -2
119 1
120 2
121 3
122 6
123 7
124 6
125 5
126 5
127 5
128 4
129 4
130 4
131 6
132 6
133 5
134 4
135 1
136 3
137 3
138 6
139 6
140 4
141 3
142 4
143 4
144 3
145 3
146 6
147 5
148 4
149 2
150 1
151 -1
152 -1
153 -2
154 -1
155 -2
156 0
157 1
158 1
159 2
160 1
161 3
162 3
163 3
164 3
165 3
166 4
167 0
168 1
169 0
170 0
171 2
172 2
173 1
174 2
175 1
176 2
177 3
178 2
179 3
180 3
181 1
182 0
183 0
184 -1
185 -1
186 -2
187 -2
188 -3
189 -3
190 -1
191 -1
192 1
193 -2
194 -1
195 -2
196 -2
197 -3
198 -4
199 -6
200 -6
201 -5
202 -5
203 -7
204 -9
205 -8
206 -7
207 -4
208 -4
209 -5
210 -6
211 -8
212 -8
213 -8
214 -9
215 -9
216 -10
217 -10
218 -10
219 -10
220 -9
221 -8
222 -8
223 -9
224 -6
225 -5
226 -4
227 -5
228 -7
229 -7
230 -8
231 -8
232 -10
233 -7
234 -4
235 -2
236 1
237 1
238 2
239 4
240 5
241 4
242 3
243 4
244 1
245 0
246 -2
247 -1
248 0
249 -1
250 -2
251 1
252 1
253 0
254 0
255 0
