0 5
1 4
2 5
3 5
4 5
5 4
6 4
7 4
8 3
9 3
10 3
11 2
12 2
13 2
14 2
15 1
16 0
17 0
18 0
19 0
20 0
21 -1
22 -1
23 -2
24 -1
25 -1
26 0
27 -1
28 -2
29 -2
30 -2
31 -2
32 -2
33 -1
34 0
35 0
36 1
37 0
38 0
39 1
40 1
41 0
42 -1
43 0
44 0
45 -1
46 -2
47 -3
48 -3
49 -3
50 -4
51 -4
52 -4
53 -4
54 -4
55 -4
56 -5
57 -5
58 -5
59 -4
60 -3
61 -4
62 -3
63 -3
64 -2
65 -3
66 -3
67 -3
68 -3
69 -3
70 -4
71 -4
72 -4
73 -5
74 -4
75 -4
76 -3
77 -2
78 -3
79 -4
80 -5
81 -5
82 -6
83 -6
84 -6
85 -5
86 -5
87 -4
88 -5
89 -3
90 -3
91 -3
92 -3
93 -3
94 -3
95 -1
96 0
97 0
98 0
99 0
100 0
101 1
102 1
103 1
104 0
105 -1
106 -1
107 -2
108 -2
109 -3
110 -3
111 -2
112 -1
113 -2
114 -2
115 -2
116 -3
117 -2
118 -2
119 -1
120 -1
121 -1
122 -2
123 -2
124 -1
125 -1
126 0
127 1
128 0
129 1
130 1
131 1
132 1
133 1
134 0
135 2
136 3
137 3
138 2
139 2
140 3
141 2
142 2
143 2
144 2
145 3
146 3
147 3
148 4
149 5
150 5
151 5
152 5
153 4
154 4
155 4
156 4
157 5
158 3
159 3
160 2
161 1
162 1
163 1
164 1
165 0
166 0
167 -1
168 -1
169 0
170 0
171 1
172 1
173 1
174 1
175 2
176 2
177 2
178 2
179 1
180 1
181 2
182 2
183 2
184 2
185 2
186 2
187 2
188 1
189 0
190 0
191 -1
192 -1
193 0
194 0
195 0
196 1
197 1
198 1
199 1
200 0
201 -2
202 -4
203 -3
204 -2
205 -2
206 -1
207 -2
208 -1
209 -1
210 -2
211 -1
212 -1
213 -1
214 0
215 -1
216 -2
217 -1
218 -1
219 -1
220 0
221 -1
222 -2
223 0
224 -1
225 -1
226 -1
227 -1
228 0
229 0
230 0
231 -1
232 -1
233 -1
234 -1
235 0
236 1
237 2
238 2
239 3
240 4
241 4
242 4
243 3
244 4
245 4
246 5
247 3
248 3
249 4
250 5
251 6
252 6
253 5
254 5
255 5
