0 0
1 1
2 3
3 3
4 -2
5 -3
6 -4
7 -5
8 -4
9 -5
10 -6
11 -7
12 -8
13 -9
14 -8
15 -9
16 -10
17 -10
18 -11
19 -9
20 -8
21 -8
22 -7
23 -8
24 -8
25 -7
26 -7
27 -8
28 -6
29 -6
30 -5
31 -5
32 -5
33 -6
34 -6
35 -5
36 -5
37 -5
38 -5
39 -5
40 -4
41 -2
42 -2
43 0
44 0
45 1
46 2
47 2
48 1
49 0
50 4
51 6
52 5
53 4
54 5
55 6
56 7
57 6
58 7
59 7
60 9
61 7
62 5
63 5
64 6
65 6
66 6
67 3
68 3
69 0
70 -1
71 0
72 0
73 0
74 0
75 -1
76 -2
77 -3
78 -1
79 -1
80 0
81 -1
82 -1
83 -1
84 -1
85 -3
86 -4
87 -4
88 -3
89 -2
90 -2
91 -2
92 -5
93 -6
94 -7
95 -8
96 -8
97 -7
98 -7
99 -8
100 -8
101 -9
102 -8
103 -8
104 -8
105 -8
106 -9
107 -10
108 -10
109 -11
110 -9
111 -9
112 -9
113 -8
114 -8
115 -7
116 -8
117 -7
118 -8
119 -6
120 -8
121 -6
122 -9
123 -9
124 -9
125 -10
126 -9
127 -9
128 -10
129 -11
130 -12
131 -11
132 -10
133 -12
134 -11
135 -10
136 -8
137 -7
138 -5
139 -5
140 -4
141 -4
142 -4
143 -3
144 -1
145 1
146 0
147 0
148 1
149 1
150 -1
151 -1
152 -2
153 -1
154 0
155 -2
156 -2
157 -2
158 -3
159 -2
160 -3
161 -2
162 -1
163 -1
164 2
165 3
166 2
167 3
168 3
169 2
170 0
171 -1
172 3
173 4
174 6
175 7
176 8
177 8
178 7
179 9
180 7
181 8
182 8
183 10
184 11
185 11
186 11
187 11
188 11
189 10
190 12
191 13
192 13
193 12
194 10
195 9
196 8
197 9
198 9
199 9
200 10
201 10
202 10
203 12
204 13
205 14
206 13
207 12
208 12
209 11
210 12
211 11
212 10
213 9
214 10
215 11
216 13
217 12
218 10
219 9
220 13
221 10
222 8
223 9
224 9
225 8
226 9
227 8
228 9
229 10
230 9
231 9
232 7
233 5
234 5
235 5
236 5
237 4
238 3
239 5
240 5
241 1
242 3
243 2
244 1
245 1
246 2
247 2
248 1
249 1
250 1
251 1
252 2
253 0
254 1
255 1
