0 215
1 214
2 216
3 214
4 212
5 212
6 211
7 213
8 215
9 215
10 214
11 214
12 215
13 216
14 216
15 217
16 218
17 218
18 218
19 218
20 218
21 217
22 216
23 217
24 220
25 220
26 219
27 221
28 220
29 222
30 222
31 223
32 223
33 220
34 222
35 223
36 220
37 219
38 219
39 219
40 220
41 221
42 220
43 220
44 220
45 220
46 220
47 220
48 218
49 219
50 220
51 220
52 218
53 216
54 215
55 215
56 214
57 215
58 215
59 215
60 214
61 214
62 214
63 213
64 214
65 215
66 214
67 213
68 214
69 215
70 216
71 217
72 217
73 219
74 219
75 218
76 218
77 217
78 216
79 217
80 216
81 215
82 214
83 215
84 213
85 212
86 212
87 214
88 216
89 214
90 216
91 216
92 215
93 216
94 215
95 215
96 215
97 214
98 215
99 212
100 212
101 210
102 211
103 210
104 208
105 208
106 207
107 208
108 209
109 207
110 208
111 208
112 208
113 207
114 206
115 207
116 208
117 207
118 211
119 210
120 212
121 212
122 215
123 215
124 215
125 217
126 216
127 215
128 216
129 215
130 215
131 216
132 219
133 219
134 218
135 217
136 218
137 218
138 220
139 220
140 219
141 218
142 219
143 220
144 218
145 219
146 218
147 217
148 217
149 217
150 217
151 217
152 216
153 216
154 214
155 214
156 214
157 216
158 217
159 218
160 218
161 217
162 219
163 219
164 217
165 218
166 218
167 218
168 216
169 217
170 219
171 219
172 220
173 220
174 221
175 218
176 217
177 216
178 217
179 219
180 218
181 221
182 221
183 224
184 223
185 221
186 222
187 220
188 220
189 219
190 221
191 219
192 216
193 217
194 217
195 216
196 216
197 217
198 218
199 216
200 215
201 215
202 215
203 215
204 215
205 214
206 216
207 216
208 216
209 216
210 217
211 217
212 218
213 217
214 218
215 218
216 216
217 218
218 217
219 217
220 216
221 216
222 216
223 215
224 213
225 214
226 214
227 213
228 213
229 212
230 212
231 210
232 207
233 206
234 206
235 206
236 206
237 206
238 205
239 204
240 206
241 207
242 206
243 208
244 208
245 207
246 208
247 206
248 205
249 208
250 210
251 212
252 211
253 211
254 213
255 213
