0 4
1 5
2 5
3 4
4 3
5 6
6 7
7 7
8 5
9 8
10 7
11 7
12 7
13 5
14 4
15 3
16 2
17 1
18 2
19 4
20 8
21 7
22 8
23 6
24 6
25 6
26 5
27 7
28 6
29 8
30 9
31 9
32 12
33 12
34 9
35 10
36 8
37 9
38 10
39 10
40 14
41 14
42 15
43 16
44 15
45 15
46 15
47 16
48 17
49 16
50 14
51 11
52 12
53 12
54 8
55 8
56 10
57 9
58 9
59 8
60 10
61 9
62 8
63 9
64 8
65 8
66 6
67 7
68 8
69 8
70 4
71 4
72 4
73 1
74 -1
75 -1
76 0
77 0
78 1
79 1
80 3
81 2
82 2
83 0
84 -1
85 -1
86 -1
87 -1
88 1
89 1
90 -1
91 -1
92 1
93 0
94 1
95 -1
96 1
97 4
98 4
99 2
100 2
101 3
102 3
103 2
104 2
105 2
106 2
107 3
108 3
109 3
110 4
111 2
112 3
113 3
114 3
115 3
116 4
117 5
118 5
119 4
120 4
121 2
122 2
123 1
124 1
125 4
126 3
127 3
128 4
129 6
130 6
131 6
132 5
133 6
134 6
135 5
136 4
137 5
138 3
139 5
140 5
141 5
142 6
143 8
144 9
145 6
146 4
147 5
148 6
149 6
150 7
151 7
152 6
153 7
154 6
155 6
156 7
157 8
158 12
159 10
160 9
161 5
162 5
163 5
164 6
165 6
166 7
167 8
168 8
169 9
170 10
171 10
172 12
173 13
174 9
175 12
176 14
177 13
178 11
179 12
180 11
181 11
182 12
183 14
184 15
185 15
186 15
187 13
188 11
189 8
190 8
191 10
192 9
193 8
194 9
195 12
196 8
197 9
198 8
199 6
200 7
201 8
202 8
203 8
204 6
205 6
206 5
207 5
208 3
209 2
210 4
211 4
212 5
213 4
214 3
215 3
216 3
217 3
218 1
219 3
220 3
221 3
222 2
223 3
224 3
225 4
226 4
227 5
228 5
229 5
230 4
231 5
232 5
233 3
234 -1
235 0
236 1
237 1
238 0
239 1
240 1
241 4
242 4
243 7
244 7
245 4
246 5
247 2
248 3
249 4
250 5
251 7
252 7
253 7
254 7
255 5
