0 -4
1 -7
2 -6
3 -4
4 -6
5 -9
6 -9
7 -5
8 -4
9 -3
10 -4
11 -5
12 -4
13 -4
14 -4
15 -4
16 -3
17 0
18 0
19 1
20 -1
21 -2
22 -2
23 -3
24 -1
25 0
26 2
27 3
28 3
29 2
30 3
31 5
32 5
33 4
34 2
35 0
36 1
37 -1
38 -3
39 -3
40 -2
41 -3
42 -2
43 -4
44 -2
45 -1
46 0
47 2
48 1
49 2
50 3
51 5
52 7
53 4
54 3
55 2
56 2
57 2
58 -1
59 0
60 0
61 1
62 3
63 5
64 5
65 3
66 2
67 1
68 1
69 3
70 2
71 1
72 2
73 1
74 0
75 0
76 0
77 -1
78 0
79 0
80 -2
81 1
82 1
83 0
84 2
85 1
86 2
87 -1
88 1
89 0
90 -1
91 0
92 -2
93 -2
94 -1
95 0
96 0
97 3
98 4
99 1
100 1
101 -2
102 0
103 0
104 1
105 -1
106 1
107 0
108 -1
109 -1
110 -1
111 -2
112 -2
113 -2
114 -2
115 1
116 0
117 0
118 0
119 0
120 -1
121 0
122 1
123 0
124 1
125 1
126 1
127 1
128 -1
129 -2
130 -2
131 -2
132 0
133 0
134 -2
135 -2
136 -4
137 -7
138 -7
139 -6
140 -6
141 -4
142 -2
143 -2
144 0
145 0
146 0
147 1
148 -1
149 -1
150 -2
151 -1
152 -2
153 -5
154 -1
155 0
156 1
157 1
158 0
159 2
160 3
161 3
162 3
163 2
164 3
165 4
166 5
167 5
168 3
169 1
170 -2
171 -2
172 -2
173 -3
174 -4
175 -3
176 -4
177 -3
178 -5
179 -4
180 -3
181 -4
182 -3
183 -1
184 1
185 1
186 2
187 1
188 0
189 0
190 0
191 0
192 3
193 -2
194 -2
195 2
196 1
197 1
198 2
199 1
200 1
201 0
202 -1
203 -4
204 -2
205 -3
206 -4
207 -4
208 -4
209 -2
210 -1
211 -2
212 -1
213 -2
214 -1
215 -1
216 1
217 1
218 2
219 1
220 2
221 3
222 3
223 4
224 5
225 4
226 3
227 5
228 4
229 2
230 1
231 1
232 2
233 2
234 3
235 -1
236 -1
237 0
238 2
239 -2
240 -3
241 -3
242 -3
243 -3
244 -4
245 -2
246 0
247 1
248 0
249 1
250 1
251 0
252 -3
253 -3
254 -2
255 -3
