0 30
1 29
2 29
3 28
4 28
5 28
6 27
7 26
8 23
9 25
10 26
11 25
12 23
13 22
14 22
15 21
16 23
17 21
18 22
19 23
20 24
21 26
22 28
23 27
24 28
25 28
26 29
27 26
28 28
29 29
30 31
31 36
32 34
33 34
34 36
35 37
36 35
37 34
38 32
39 33
40 32
41 33
42 33
43 33
44 34
45 33
46 34
47 36
48 36
49 32
50 32
51 32
52 32
53 34
54 32
55 30
56 34
57 35
58 35
59 35
60 36
61 35
62 36
63 36
64 36
65 35
66 36
67 37
68 35
69 35
70 35
71 34
72 35
73 35
74 34
75 38
76 40
77 40
78 41
79 41
80 38
81 37
82 39
83 39
84 39
85 41
86 40
87 38
88 36
89 36
90 37
91 34
92 36
93 39
94 37
95 38
96 40
97 39
98 40
99 40
100 40
101 41
102 39
103 39
104 36
105 35
106 35
107 34
108 32
109 32
110 32
111 31
112 33
113 35
114 35
115 37
116 37
117 40
118 39
119 39
120 39
121 39
122 40
123 41
124 41
125 39
126 40
127 40
128 39
129 36
130 38
131 37
132 38
133 37
134 35
135 36
136 35
137 36
138 32
139 32
140 34
141 35
142 33
143 35
144 37
145 37
146 38
147 38
148 37
149 37
150 34
151 31
152 30
153 31
154 31
155 33
156 34
157 33
158 36
159 37
160 36
161 36
162 34
163 37
164 37
165 37
166 37
167 38
168 39
169 38
170 36
171 39
172 40
173 39
174 40
175 41
176 40
177 40
178 40
179 40
180 42
181 41
182 44
183 45
184 45
185 44
186 44
187 44
188 45
189 46
190 45
191 44
192 43
193 42
194 43
195 47
196 46
197 48
198 47
199 48
200 48
201 48
202 49
203 48
204 48
205 48
206 47
207 45
208 46
209 46
210 46
211 44
212 44
213 46
214 46
215 48
216 49
217 51
218 51
219 51
220 51
221 48
222 46
223 45
224 46
225 48
226 47
227 47
228 44
229 42
230 39
231 42
232 40
233 41
234 42
235 42
236 42
237 42
238 42
239 42
240 44
241 42
242 41
243 42
244 41
245 42
246 39
247 39
248 36
249 36
250 36
251 37
252 35
253 35
254 32
255 31
