0 0
1 1
2 1
3 2
4 2
5 1
6 0
7 0
8 0
9 1
10 -1
11 0
12 0
13 -1
14 -3
15 -2
16 -1
17 -3
18 -3
19 -2
20 -3
21 -3
22 -3
23 -2
24 -2
25 -2
26 -2
27 -2
28 -2
29 -2
30 -1
31 -1
32 -1
33 -2
34 -2
35 -1
36 1
37 2
38 1
39 1
40 2
41 3
42 3
43 2
44 4
45 2
46 3
47 1
48 2
49 2
50 2
51 1
52 0
53 -1
54 -2
55 -4
56 -2
57 0
58 -1
59 -1
60 0
61 0
62 1
63 0
64 1
65 1
66 -1
67 -1
68 0
69 -1
70 -1
71 -1
72 0
73 0
74 -1
75 -2
76 -2
77 -1
78 0
79 1
80 0
81 -1
82 -2
83 -2
84 -3
85 -1
86 -1
87 -1
88 -3
89 -3
90 -4
91 -4
92 -3
93 -3
94 -2
95 -2
96 -2
97 -1
98 -1
99 -1
100 -1
101 -1
102 -1
103 -1
104 0
105 1
106 0
107 1
108 1
109 0
110 -1
111 -1
112 0
113 0
114 -1
115 0
116 1
117 2
118 1
119 2
120 2
121 2
122 3
123 4
124 4
125 2
126 1
127 2
128 1
129 2
130 4
131 4
132 3
133 4
134 3
135 2
136 2
137 2
138 2
139 2
140 1
141 0
142 -1
143 -1
144 -1
145 -2
146 -2
147 0
148 -2
149 -1
150 -1
151 0
152 1
153 -1
154 -1
155 -1
156 0
157 -1
158 -4
159 -3
160 -2
161 -1
162 -1
163 1
164 0
165 0
166 2
167 2
168 2
169 2
170 1
171 1
172 1
173 1
174 1
175 3
176 3
177 2
178 1
179 1
180 2
181 2
182 1
183 0
184 -1
185 -2
186 -4
187 -4
188 -7
189 -8
190 -6
191 -6
192 -5
193 -4
194 -2
195 -3
196 -2
197 -2
198 -1
199 -1
200 0
201 -1
202 0
203 -1
204 -3
205 -3
206 -3
207 -3
208 0
209 -1
210 -2
211 -3
212 -1
213 -1
214 -2
215 0
216 0
217 1
218 1
219 1
220 0
221 1
222 1
223 0
224 0
225 0
226 1
227 0
228 0
229 2
230 0
231 1
232 2
233 1
234 1
235 1
236 2
237 0
238 0
239 0
240 0
241 0
242 -1
243 -1
244 -1
245 0
246 1
247 1
248 -1
249 0
250 1
251 1
252 0
253 0
254 0
255 -1
