0 -4
1 -4
2 -4
3 -2
4 -2
5 -1
6 0
7 0
8 -1
9 0
10 0
11 1
12 0
13 1
14 0
15 0
16 -1
17 0
18 0
19 0
20 0
21 0
22 1
23 1
24 2
25 2
26 2
27 0
28 0
29 0
30 0
31 1
32 2
33 2
34 2
35 1
36 -1
37 0
38 1
39 1
40 1
41 2
42 1
43 1
44 1
45 -1
46 -1
47 -3
48 -2
49 -1
50 -1
51 -1
52 0
53 0
54 0
55 -1
56 -1
57 -1
58 -1
59 -1
60 0
61 -1
62 -1
63 -1
64 0
65 1
66 1
67 1
68 1
69 0
70 0
71 0
72 1
73 2
74 1
75 1
76 0
77 0
78 0
79 0
80 0
81 -1
82 -2
83 -2
84 -2
85 -2
86 -2
87 -3
88 -4
89 -3
90 -3
91 -3
92 -3
93 -4
94 -4
95 -3
96 -2
97 -3
98 -2
99 0
100 2
101 3
102 2
103 3
104 2
105 2
106 2
107 1
108 0
109 0
110 0
111 0
112 0
113 0
114 0
115 0
116 0
117 1
118 2
119 1
120 2
121 1
122 1
123 0
124 0
125 -1
126 0
127 -1
128 -1
129 -1
130 -2
131 -2
132 -2
133 -1
134 -1
135 -1
136 -1
137 -2
138 -2
139 -1
140 -1
141 -2
142 -1
143 -1
144 -2
145 -2
146 -1
147 0
148 1
149 1
150 1
151 2
152 2
153 1
154 0
155 1
156 0
157 1
158 0
159 0
160 1
161 1
162 1
163 1
164 1
165 1
166 1
167 0
168 1
169 1
170 2
171 2
172 1
173 1
174 1
175 0
176 0
177 0
178 0
179 0
180 1
181 1
182 2
183 2
184 1
185 1
186 1
187 1
188 0
189 1
190 2
191 3
192 3
193 2
194 3
195 3
196 1
197 1
198 2
199 2
200 1
201 1
202 1
203 0
204 0
205 0
206 0
207 0
208 0
209 0
210 1
211 2
212 1
213 2
214 3
215 2
216 2
217 2
218 3
219 2
220 1
221 -1
222 -1
223 -1
224 -2
225 -2
226 -2
227 -2
228 -4
229 -4
230 -3
231 -3
232 -2
233 -2
234 -2
235 -2
236 -2
237 -3
238 -3
239 -2
240 -1
241 -1
242 0
243 -1
244 -1
245 -1
246 0
247 0
248 0
249 -1
250 -2
251 -3
252 -3
253 -4
254 -4
255 -4
