0 2
1 2
2 0
3 1
4 1
5 0
6 -1
7 -3
8 -1
9 1
10 2
11 1
12 1
13 0
14 1
15 -2
16 -2
17 -3
18 -3
19 -2
20 -3
21 -2
22 -2
23 -3
24 -1
25 -2
26 -3
27 -4
28 -7
29 -6
30 -5
31 -5
32 -5
33 -2
34 -3
35 -4
36 -3
37 -3
38 -3
39 -2
40 -3
41 -4
42 -5
43 -2
44 -3
45 0
46 -2
47 -2
48 1
49 1
50 3
51 2
52 1
53 -1
54 0
55 2
56 4
57 3
58 4
59 3
60 3
61 4
62 3
63 2
64 1
65 1
66 1
67 3
68 -1
69 -1
70 -3
71 -2
72 -1
73 -1
74 -1
75 -1
76 0
77 0
78 1
79 1
80 0
81 -1
82 -2
83 0
84 1
85 0
86 0
87 1
88 1
89 1
90 -1
91 -2
92 -3
93 -1
94 0
95 -2
96 0
97 -1
98 0
99 2
100 1
101 -1
102 0
103 1
104 -1
105 -2
106 -2
107 -3
108 -2
109 0
110 -1
111 -1
112 -1
113 -1
114 -2
115 -3
116 -3
117 -2
118 -3
119 -1
120 -2
121 -2
122 -1
123 -1
124 1
125 0
126 2
127 1
128 -1
129 0
130 0
131 3
132 1
133 1
134 2
135 0
136 1
137 0
138 1
139 5
140 3
141 3
142 2
143 1
144 0
145 -1
146 -1
147 -3
148 -3
149 -1
150 -1
151 -1
152 2
153 2
154 0
155 1
156 0
157 -1
158 -1
159 1
160 1
161 1
162 0
163 0
164 1
165 0
166 -1
167 -2
168 -2
169 -2
170 0
171 1
172 1
173 -3
174 -3
175 -2
176 -3
177 -1
178 1
179 1
180 0
181 0
182 0
183 0
184 -2
185 -4
186 -4
187 -3
188 -6
189 -6
190 -5
191 -3
192 -4
193 -2
194 -1
195 1
196 1
197 0
198 1
199 0
200 0
201 3
202 3
203 2
204 2
205 1
206 2
207 1
208 -1
209 -1
210 -1
211 -1
212 -1
213 -2
214 -1
215 -1
216 0
217 0
218 0
219 2
220 0
221 1
222 4
223 4
224 3
225 2
226 2
227 1
228 0
229 1
230 1
231 0
232 0
233 -1
234 0
235 -1
236 1
237 1
238 2
239 3
240 -1
241 1
242 4
243 0
244 2
245 4
246 4
247 5
248 2
249 3
250 2
251 2
252 2
253 2
254 1
255 2
