0 17
1 18
2 16
3 17
4 15
5 15
6 16
7 14
8 13
9 13
10 13
11 11
12 12
13 11
14 9
15 4
16 5
17 5
18 7
19 8
20 6
21 8
22 9
23 7
24 6
25 6
26 7
27 7
28 6
29 7
30 8
31 7
32 8
33 12
34 12
35 10
36 11
37 15
38 15
39 16
40 16
41 19
42 22
43 21
44 22
45 21
46 21
47 19
48 17
49 17
50 17
51 19
52 18
53 17
54 17
55 16
56 16
57 18
58 17
59 16
60 13
61 12
62 13
63 13
64 14
65 15
66 16
67 14
68 13
69 12
70 13
71 13
72 14
73 13
74 12
75 11
76 11
77 11
78 10
79 9
80 9
81 11
82 10
83 9
84 6
85 5
86 5
87 7
88 8
89 8
90 10
91 10
92 12
93 13
94 11
95 13
96 12
97 11
98 11
99 11
100 13
101 13
102 11
103 9
104 10
105 8
106 7
107 5
108 6
109 5
110 5
111 6
112 6
113 6
114 10
115 7
116 11
117 13
118 12
119 11
120 9
121 8
122 9
123 8
124 7
125 10
126 9
127 10
128 7
129 9
130 10
131 8
132 9
133 11
134 13
135 10
136 11
137 9
138 9
139 9
140 7
141 7
142 5
143 6
144 5
145 5
146 7
147 5
148 6
149 7
150 8
151 6
152 10
153 11
154 10
155 9
156 8
157 6
158 7
159 3
160 0
161 1
162 1
163 0
164 0
165 -1
166 0
167 -1
168 2
169 4
170 3
171 2
172 2
173 5
174 4
175 2
176 0
177 0
178 1
179 1
180 1
181 1
182 -1
183 0
184 -3
185 -4
186 -4
187 -3
188 -2
189 -2
190 -2
191 0
192 3
193 1
194 0
195 -1
196 0
197 1
198 4
199 2
200 0
201 0
202 -2
203 -2
204 0
205 -2
206 -1
207 -3
208 -2
209 -4
210 -3
211 -2
212 -3
213 -5
214 -7
215 -7
216 -6
217 -6
218 -5
219 -3
220 -1
221 -1
222 0
223 1
224 0
225 1
226 3
227 2
228 3
229 5
230 8
231 9
232 8
233 12
234 14
235 13
236 15
237 13
238 14
239 15
240 17
241 17
242 17
243 19
244 21
245 20
246 20
247 20
248 19
249 15
250 15
251 15
252 17
253 17
254 16
255 16
