0 -59
1 -57
2 -56
3 -58
4 -58
5 -56
6 -54
7 -54
8 -53
9 -53
10 -52
11 -53
12 -55
13 -55
14 -56
15 -57
16 -57
17 -59
18 -60
19 -62
20 -62
21 -64
22 -64
23 -64
24 -64
25 -63
26 -63
27 -64
28 -63
29 -63
30 -62
31 -62
32 -60
33 -59
34 -56
35 -54
36 -54
37 -53
38 -53
39 -52
40 -52
41 -52
42 -54
43 -54
44 -54
45 -54
46 -56
47 -56
48 -55
49 -56
50 -57
51 -60
52 -59
53 -58
54 -57
55 -57
56 -57
57 -56
58 -55
59 -56
60 -59
61 -59
62 -59
63 -60
64 -61
65 -60
66 -59
67 -59
68 -59
69 -59
70 -61
71 -62
72 -61
73 -59
74 -58
75 -58
76 -57
77 -57
78 -57
79 -58
80 -59
81 -59
82 -60
83 -61
84 -61
85 -60
86 -60
87 -61
88 -61
89 -60
90 -59
91 -58
92 -58
93 -59
94 -59
95 -58
96 -58
97 -58
98 -56
99 -57
100 -58
101 -57
102 -56
103 -58
104 -59
105 -59
106 -60
107 -60
108 -60
109 -62
110 -60
111 -59
112 -59
113 -60
114 -59
115 -58
116 -57
117 -56
118 -58
119 -59
120 -59
121 -58
122 -59
123 -60
124 -60
125 -58
126 -57
127 -57
128 -57
129 -58
130 -55
131 -55
132 -56
133 -57
134 -57
135 -56
136 -56
137 -58
138 -56
139 -53
140 -55
141 -56
142 -54
143 -55
144 -57
145 -55
146 -54
147 -54
148 -54
149 -54
150 -55
151 -54
152 -56
153 -56
154 -54
155 -56
156 -54
157 -55
158 -55
159 -54
160 -53
161 -52
162 -51
163 -52
164 -52
165 -52
166 -53
167 -52
168 -53
169 -53
170 -54
171 -54
172 -54
173 -54
174 -55
175 -57
176 -57
177 -58
178 -57
179 -55
180 -56
181 -56
182 -57
183 -58
184 -58
185 -59
186 -60
187 -61
188 -61
189 -61
190 -60
191 -60
192 -59
193 -58
194 -58
195 -58
196 -57
197 -56
198 -56
199 -55
200 -54
201 -55
202 -56
203 -56
204 -57
205 -59
206 -61
207 -60
208 -61
209 -62
210 -61
211 -60
212 -61
213 -61
214 -60
215 -60
216 -60
217 -61
218 -60
219 -59
220 -60
221 -61
222 -61
223 -61
224 -62
225 -62
226 -61
227 -61
228 -60
229 -59
230 -59
231 -58
232 -58
233 -59
234 -60
235 -58
236 -58
237 -57
238 -57
239 -57
240 -57
241 -57
242 -57
243 -56
244 -56
245 -55
246 -55
247 -56
248 -57
249 -57
250 -58
251 -57
252 -57
253 -58
254 -59
255 -59
