0 -1
1 -1
2 -1
3 -1
4 0
5 0
6 2
7 2
8 2
9 3
10 4
11 5
12 5
13 6
14 6
15 6
16 5
17 3
18 2
19 4
20 5
21 6
22 6
23 6
24 5
25 7
26 7
27 7
28 7
29 7
30 5
31 5
32 4
33 3
34 3
35 3
36 3
37 3
38 4
39 4
40 4
41 4
42 6
43 6
44 8
45 9
46 9
47 8
48 8
49 9
50 8
51 9
52 9
53 8
54 8
55 8
56 8
57 8
58 8
59 10
60 10
61 9
62 9
63 7
64 7
65 6
66 4
67 4
68 3
69 4
70 6
71 5
72 5
73 4
74 4
75 2
76 5
77 7
78 8
79 9
80 8
81 8
82 9
83 8
84 9
85 7
86 6
87 7
88 7
89 7
90 7
91 6
92 6
93 5
94 5
95 5
96 5
97 5
98 6
99 7
100 7
101 8
102 6
103 7
104 6
105 5
106 5
107 4
108 4
109 3
110 3
111 4
112 6
113 4
114 1
115 2
116 1
117 -1
118 -2
119 -4
120 -3
121 -3
122 -1
123 -1
124 -1
125 -1
126 -1
127 -2
128 -3
129 -2
130 0
131 -1
132 -1
133 -1
134 0
135 1
136 1
137 0
138 -1
139 0
140 1
141 1
142 3
143 3
144 4
145 3
146 3
147 4
148 6
149 7
150 6
151 7
152 7
153 7
154 8
155 9
156 8
157 8
158 8
159 7
160 7
161 7
162 9
163 9
164 10
165 10
166 12
167 12
168 11
169 13
170 13
171 13
172 13
173 12
174 13
175 12
176 14
177 13
178 13
179 12
180 13
181 13
182 12
183 14
184 13
185 13
186 13
187 13
188 12
189 11
190 11
191 11
192 10
193 9
194 7
195 7
196 6
197 3
198 2
199 2
200 3
201 5
202 7
203 5
204 6
205 4
206 5
207 5
208 5
209 5
210 6
211 6
212 5
213 6
214 6
215 6
216 8
217 9
218 9
219 9
220 8
221 8
222 9
223 10
224 10
225 9
226 8
227 8
228 7
229 7
230 8
231 6
232 7
233 7
234 8
235 7
236 6
237 7
238 6
239 6
240 6
241 6
242 6
243 5
244 4
245 4
246 4
247 6
248 4
249 2
250 -1
251 -2
252 -2
253 -1
254 0
255 0
