0 11
1 11
2 9
3 9
4 11
5 13
6 11
7 12
8 9
9 9
10 9
11 8
12 4
13 3
14 4
15 5
16 5
17 8
18 11
19 12
20 11
21 13
22 16
23 19
24 18
25 20
26 20
27 23
28 24
29 23
30 26
31 28
32 27
33 27
34 27
35 26
36 28
37 28
38 30
39 29
40 31
41 34
42 35
43 34
44 34
45 34
46 34
47 34
48 35
49 32
50 34
51 35
52 35
53 34
54 35
55 37
56 41
57 40
58 41
59 39
60 37
61 39
62 40
63 40
64 39
65 39
66 39
67 38
68 39
69 40
70 39
71 40
72 41
73 41
74 41
75 40
76 36
77 37
78 34
79 35
80 38
81 38
82 38
83 35
84 35
85 36
86 34
87 36
88 36
89 36
90 36
91 36
92 37
93 38
94 38
95 35
96 33
97 30
98 30
99 28
100 26
101 23
102 21
103 21
104 22
105 20
106 20
107 20
108 22
109 23
110 24
111 24
112 25
113 26
114 27
115 26
116 28
117 28
118 29
119 32
120 31
121 30
122 32
123 32
124 30
125 30
126 28
127 28
128 30
129 31
130 32
131 30
132 31
133 32
134 34
135 34
136 36
137 37
138 38
139 36
140 35
141 39
142 38
143 39
144 38
145 39
146 39
147 40
148 40
149 41
150 41
151 37
152 37
153 35
154 33
155 32
156 32
157 31
158 29
159 29
160 29
161 31
162 29
163 28
164 27
165 28
166 28
167 28
168 28
169 27
170 22
171 23
172 24
173 25
174 22
175 19
176 18
177 18
178 16
179 13
180 15
181 14
182 14
183 13
184 14
185 12
186 11
187 10
188 11
189 13
190 12
191 12
192 13
193 11
194 11
195 11
196 12
197 12
198 11
199 9
200 8
201 8
202 7
203 7
204 8
205 10
206 9
207 9
208 9
209 10
210 9
211 9
212 8
213 9
214 10
215 9
216 8
217 11
218 12
219 13
220 12
221 13
222 14
223 12
224 14
225 14
226 15
227 14
228 14
229 16
230 17
231 15
232 16
233 15
234 15
235 16
236 17
237 17
238 15
239 17
240 16
241 14
242 15
243 15
244 13
245 10
246 8
247 9
248 10
249 8
250 9
251 10
252 8
253 12
254 12
255 11
