0 3
1 4
2 4
3 4
4 4
5 3
6 3
7 2
8 1
9 0
10 1
11 1
12 1
13 0
14 0
15 0
16 1
17 1
18 1
19 0
20 1
21 1
22 0
23 -2
24 -3
25 -3
26 -3
27 -3
28 -2
29 -2
30 -2
31 -1
32 0
33 0
34 -1
35 -1
36 -1
37 0
38 1
39 1
40 1
41 2
42 2
43 2
44 3
45 3
46 3
47 3
48 1
49 1
50 1
51 2
52 3
53 3
54 1
55 1
56 2
57 2
58 2
59 2
60 1
61 1
62 1
63 1
64 1
65 1
66 2
67 1
68 1
69 3
70 3
71 4
72 4
73 4
74 4
75 4
76 5
77 4
78 3
79 2
80 2
81 3
82 4
83 4
84 4
85 3
86 3
87 3
88 4
89 4
90 4
91 5
92 5
93 6
94 5
95 6
96 6
97 8
98 6
99 6
100 6
101 7
102 7
103 5
104 6
105 6
106 6
107 6
108 6
109 7
110 7
111 5
112 6
113 5
114 6
115 6
116 7
117 8
118 7
119 8
120 9
121 9
122 8
123 8
124 7
125 8
126 9
127 10
128 10
129 10
130 10
131 10
132 11
133 9
134 8
135 7
136 8
137 8
138 8
139 7
140 7
141 8
142 7
143 8
144 7
145 7
146 8
147 8
148 8
149 8
150 8
151 9
152 9
153 10
154 10
155 10
156 11
157 10
158 11
159 11
160 11
161 11
162 11
163 12
164 12
165 12
166 13
167 13
168 13
169 13
170 13
171 13
172 15
173 15
174 15
175 16
176 16
177 15
178 14
179 14
180 13
181 15
182 15
183 15
184 14
185 14
186 12
187 12
188 12
189 13
190 13
191 12
192 12
193 12
194 13
195 12
196 11
197 11
198 10
199 10
200 10
201 9
202 8
203 9
204 8
205 8
206 9
207 10
208 9
209 9
210 9
211 10
212 11
213 13
214 13
215 12
216 12
217 10
218 10
219 9
220 9
221 9
222 9
223 9
224 8
225 8
226 7
227 7
228 7
229 8
230 8
231 8
232 7
233 7
234 7
235 7
236 7
237 6
238 7
239 6
240 7
241 7
242 6
243 6
244 6
245 5
246 4
247 3
248 3
249 3
250 3
251 3
252 3
253 3
254 3
255 3
