0 -8
1 -7
2 -8
3 -7
4 -9
5 -7
6 -7
7 -7
8 -6
9 -5
10 -2
11 0
12 1
13 1
14 3
15 6
16 6
17 9
18 10
19 10
20 8
21 9
22 10
23 7
24 6
25 5
26 4
27 3
28 2
29 1
30 0
31 -1
32 -1
33 1
34 1
35 2
36 2
37 4
38 6
39 2
40 2
41 -3
42 -1
43 -1
44 -1
45 -1
46 0
47 0
48 1
49 -2
50 -1
51 -2
52 -3
53 -8
54 -10
55 -9
56 -9
57 -13
58 -12
59 -14
60 -11
61 -11
62 -14
63 -17
64 -18
65 -17
66 -18
67 -18
68 -17
69 -16
70 -16
71 -18
72 -17
73 -17
74 -18
75 -20
76 -16
77 -14
78 -17
79 -17
80 -16
81 -16
82 -16
83 -16
84 -17
85 -16
86 -14
87 -14
88 -14
89 -13
90 -14
91 -14
92 -12
93 -12
94 -12
95 -12
96 -13
97 -11
98 -11
99 -7
100 -8
101 -5
102 -5
103 -6
104 -5
105 -5
106 -4
107 -7
108 -6
109 -4
110 -3
111 -2
112 -4
113 -5
114 -5
115 -6
116 -4
117 -5
118 -3
119 -3
120 -1
121 -1
122 0
123 -1
124 0
125 -2
126 -3
127 -4
128 -1
129 0
130 0
131 0
132 -1
133 1
134 0
135 0
136 0
137 -1
138 -2
139 0
140 -1
141 0
142 0
143 -1
144 1
145 1
146 1
147 -2
148 0
149 1
150 4
151 6
152 4
153 3
154 1
155 2
156 4
157 2
158 1
159 3
160 2
161 3
162 1
163 1
164 1
165 3
166 4
167 3
168 0
169 -1
170 1
171 2
172 4
173 1
174 3
175 3
176 1
177 -1
178 0
179 0
180 1
181 1
182 2
183 3
184 5
185 2
186 2
187 3
188 3
189 5
190 3
191 2
192 0
193 0
194 0
195 -1
196 -1
197 -2
198 -2
199 -4
200 -6
201 -7
202 -6
203 -8
204 -6
205 -6
206 -4
207 -4
208 -2
209 -3
210 -3
211 -4
212 -6
213 -7
214 -6
215 -7
216 -8
217 -7
218 -7
219 -9
220 -10
221 -10
222 -7
223 -6
224 -6
225 -4
226 -5
227 -4
228 -6
229 -6
230 -5
231 -3
232 -4
233 -4
234 -4
235 -3
236 0
237 2
238 3
239 3
240 5
241 4
242 0
243 0
244 -1
245 -1
246 -1
247 -2
248 1
249 0
250 0
251 1
252 -2
253 -2
254 -6
255 -7
