0 5
1 3
2 2
3 0
4 -1
5 -2
6 -1
7 -1
8 1
9 0
10 -2
11 1
12 1
13 1
14 2
15 2
16 2
17 2
18 3
19 5
20 3
21 5
22 5
23 5
24 2
25 0
26 2
27 0
28 0
29 2
30 3
31 3
32 3
33 0
34 1
35 4
36 3
37 1
38 -1
39 0
40 2
41 3
42 4
43 4
44 6
45 7
46 5
47 5
48 5
49 6
50 7
51 7
52 9
53 9
54 10
55 9
56 7
57 8
58 6
59 6
60 7
61 9
62 10
63 8
64 10
65 9
66 9
67 9
68 11
69 11
70 12
71 11
72 11
73 8
74 8
75 7
76 5
77 8
78 8
79 10
80 12
81 11
82 13
83 10
84 8
85 10
86 11
87 13
88 10
89 14
90 14
91 11
92 12
93 13
94 13
95 11
96 10
97 10
98 9
99 8
100 6
101 5
102 5
103 5
104 5
105 6
106 8
107 8
108 9
109 11
110 9
111 9
112 7
113 8
114 9
115 10
116 11
117 10
118 8
119 7
120 7
121 7
122 7
123 2
124 1
125 0
126 1
127 1
128 -1
129 1
130 2
131 6
132 4
133 5
134 6
135 4
136 5
137 7
138 7
139 8
140 9
141 7
142 6
143 4
144 3
145 2
146 5
147 4
148 2
149 3
150 4
151 6
152 4
153 4
154 4
155 2
156 0
157 1
158 0
159 0
160 -2
161 -4
162 -4
163 -6
164 -5
165 -4
166 -5
167 -6
168 -6
169 -5
170 -3
171 -2
172 -2
173 -3
174 -3
175 -3
176 -2
177 -3
178 -1
179 -1
180 -2
181 -1
182 0
183 2
184 3
185 3
186 4
187 2
188 0
189 1
190 1
191 0
192 1
193 -2
194 -5
195 -5
196 -4
197 -4
198 -4
199 -5
200 -7
201 -9
202 -9
203 -9
204 -9
205 -8
206 -8
207 -8
208 -9
209 -8
210 -8
211 -6
212 -7
213 -6
214 -8
215 -5
216 -3
217 -2
218 1
219 2
220 2
221 2
222 2
223 3
224 5
225 2
226 2
227 4
228 6
229 6
230 5
231 5
232 6
233 7
234 6
235 6
236 6
237 4
238 5
239 5
240 5
241 3
242 4
243 5
244 7
245 6
246 4
247 3
248 2
249 3
250 5
251 5
252 5
253 6
254 6
255 6
