0 19
1 19
2 19
3 20
4 20
5 21
6 21
7 22
8 22
9 22
10 22
11 22
12 21
13 20
14 19
15 18
16 18
17 17
18 17
19 16
20 16
21 16
22 16
23 16
24 15
25 14
26 14
27 15
28 15
29 16
30 15
31 16
32 16
33 16
34 16
35 16
36 15
37 15
38 16
39 17
40 16
41 16
42 16
43 16
44 16
45 16
46 16
47 18
48 16
49 16
50 16
51 16
52 16
53 17
54 17
55 17
56 17
57 17
58 17
59 19
60 19
61 18
62 17
63 17
64 18
65 18
66 17
67 15
68 14
69 14
70 14
71 14
72 15
73 14
74 14
75 14
76 14
77 14
78 13
79 13
80 15
81 15
82 14
83 14
84 14
85 14
86 15
87 15
88 16
89 16
90 16
91 16
92 17
93 17
94 17
95 17
96 16
97 17
98 18
99 19
100 18
101 17
102 17
103 17
104 16
105 15
106 15
107 14
108 15
109 15
110 15
111 16
112 16
113 16
114 16
115 18
116 18
117 18
118 18
119 18
120 18
121 18
122 18
123 18
124 18
125 19
126 20
127 20
128 19
129 19
130 19
131 18
132 20
133 20
134 19
135 18
136 18
137 19
138 20
139 21
140 22
141 22
142 23
143 23
144 22
145 22
146 21
147 21
148 21
149 21
150 22
151 23
152 23
153 23
154 23
155 24
156 26
157 26
158 26
159 26
160 26
161 25
162 24
163 24
164 24
165 23
166 23
167 23
168 24
169 25
170 23
171 23
172 24
173 24
174 24
175 24
176 24
177 25
178 25
179 24
180 23
181 23
182 23
183 24
184 25
185 25
186 26
187 27
188 27
189 27
190 27
191 26
192 27
193 26
194 25
195 24
196 23
197 23
198 23
199 23
200 22
201 22
202 22
203 23
204 23
205 22
206 21
207 21
208 21
209 21
210 21
211 21
212 21
213 21
214 19
215 19
216 19
217 19
218 19
219 19
220 18
221 16
222 17
223 17
224 16
225 15
226 15
227 14
228 14
229 15
230 13
231 14
232 14
233 13
234 12
235 11
236 12
237 12
238 11
239 11
240 12
241 14
242 13
243 13
244 14
245 15
246 16
247 16
248 17
249 16
250 17
251 18
252 19
253 20
254 20
255 21
