0 7
1 6
2 5
3 3
4 4
5 4
6 3
7 4
8 6
9 7
10 4
11 7
12 7
13 6
14 7
15 8
16 8
17 9
18 7
19 6
20 6
21 6
22 9
23 9
24 9
25 11
26 13
27 13
28 12
29 13
30 13
31 14
32 13
33 13
34 14
35 14
36 16
37 14
38 13
39 12
40 13
41 10
42 11
43 11
44 12
45 11
46 9
47 9
48 7
49 8
50 9
51 8
52 9
53 7
54 5
55 4
56 4
57 5
58 7
59 8
60 6
61 8
62 5
63 5
64 4
65 3
66 3
67 2
68 0
69 2
70 1
71 1
72 -1
73 0
74 2
75 1
76 1
77 1
78 1
79 2
80 3
81 3
82 2
83 4
84 4
85 3
86 4
87 3
88 4
89 4
90 3
91 4
92 4
93 4
94 3
95 4
96 3
97 2
98 2
99 3
100 1
101 1
102 3
103 4
104 2
105 2
106 3
107 2
108 2
109 2
110 2
111 1
112 2
113 1
114 1
115 2
116 1
117 1
118 2
119 2
120 1
121 -2
122 -3
123 -1
124 -2
125 -3
126 -2
127 -2
128 -3
129 -4
130 -6
131 -5
132 -3
133 -2
134 -2
135 -3
136 -4
137 -6
138 -5
139 -6
140 -6
141 -6
142 -6
143 -6
144 -7
145 -6
146 -5
147 -4
148 -4
149 -6
150 -6
151 -6
152 -5
153 -6
154 -4
155 -3
156 -3
157 -2
158 -1
159 -2
160 -2
161 -2
162 -5
163 -5
164 -6
165 -5
166 -7
167 -3
168 -2
169 -3
170 -2
171 -2
172 -3
173 -3
174 -3
175 -5
176 -5
177 -7
178 -6
179 -7
180 -7
181 -7
182 -6
183 -8
184 -8
185 -9
186 -7
187 -7
188 -9
189 -6
190 -5
191 -6
192 -5
193 -4
194 -4
195 -1
196 0
197 -1
198 0
199 0
200 1
201 0
202 0
203 0
204 -1
205 -2
206 -1
207 -2
208 0
209 0
210 1
211 1
212 0
213 0
214 2
215 1
216 1
217 1
218 0
219 0
220 1
221 1
222 0
223 1
224 1
225 0
226 2
227 3
228 2
229 3
230 4
231 4
232 5
233 7
234 7
235 6
236 8
237 8
238 8
239 6
240 7
241 7
242 7
243 7
244 7
245 6
246 4
247 2
248 0
249 0
250 2
251 4
252 3
253 6
254 7
255 6
