0 -34
1 -33
2 -33
3 -32
4 -35
5 -38
6 -38
7 -38
8 -39
9 -39
10 -39
11 -40
12 -38
13 -38
14 -39
15 -37
16 -36
17 -35
18 -35
19 -36
20 -34
21 -34
22 -35
23 -35
24 -34
25 -34
26 -35
27 -35
28 -35
29 -37
30 -37
31 -36
32 -36
33 -37
34 -38
35 -37
36 -36
37 -34
38 -33
39 -33
40 -34
41 -36
42 -35
43 -36
44 -36
45 -38
46 -37
47 -39
48 -40
49 -42
50 -43
51 -44
52 -45
53 -43
54 -43
55 -43
56 -44
57 -46
58 -46
59 -47
60 -47
61 -47
62 -49
63 -49
64 -48
65 -49
66 -50
67 -50
68 -50
69 -51
70 -51
71 -52
72 -52
73 -53
74 -55
75 -54
76 -55
77 -55
78 -56
79 -57
80 -57
81 -56
82 -55
83 -55
84 -54
85 -54
86 -52
87 -51
88 -50
89 -50
90 -50
91 -49
92 -48
93 -47
94 -46
95 -46
96 -47
97 -47
98 -47
99 -47
100 -47
101 -48
102 -48
103 -49
104 -49
105 -50
106 -49
107 -50
108 -49
109 -49
110 -49
111 -49
112 -50
113 -50
114 -49
115 -49
116 -48
117 -47
118 -45
119 -44
120 -44
121 -43
122 -43
123 -43
124 -43
125 -41
126 -41
127 -41
128 -43
129 -44
130 -45
131 -45
132 -44
133 -43
134 -41
135 -44
136 -44
137 -45
138 -45
139 -44
140 -42
141 -41
142 -39
143 -38
144 -37
145 -38
146 -38
147 -37
148 -37
149 -37
150 -37
151 -37
152 -37
153 -36
154 -36
155 -36
156 -36
157 -36
158 -36
159 -34
160 -35
161 -35
162 -37
163 -39
164 -39
165 -39
166 -39
167 -38
168 -38
169 -39
170 -38
171 -38
172 -38
173 -37
174 -38
175 -40
176 -40
177 -42
178 -43
179 -44
180 -44
181 -41
182 -43
183 -42
184 -41
185 -41
186 -40
187 -40
188 -40
189 -40
190 -39
191 -38
192 -40
193 -41
194 -41
195 -43
196 -44
197 -43
198 -43
199 -44
200 -44
201 -44
202 -44
203 -45
204 -46
205 -45
206 -46
207 -44
208 -44
209 -43
210 -43
211 -43
212 -46
213 -45
214 -45
215 -45
216 -45
217 -45
218 -43
219 -41
220 -41
221 -38
222 -38
223 -38
224 -38
225 -38
226 -39
227 -40
228 -41
229 -40
230 -41
231 -41
232 -39
233 -36
234 -36
235 -36
236 -36
237 -38
238 -39
239 -40
240 -39
241 -38
242 -37
243 -39
244 -39
245 -39
246 -38
247 -37
248 -37
249 -35
250 -34
251 -34
252 -33
253 -34
254 -33
255 -34
