0 3
1 3
2 4
3 3
4 6
5 9
6 8
7 5
8 4
9 2
10 2
11 0
12 -2
13 -1
14 0
15 0
16 0
17 1
18 2
19 3
20 1
21 2
22 3
23 3
24 2
25 1
26 0
27 2
28 3
29 6
30 5
31 6
32 3
33 4
34 2
35 0
36 -3
37 -3
38 -3
39 0
40 1
41 0
42 0
43 3
44 -1
45 -4
46 -4
47 -2
48 0
49 0
50 -1
51 -1
52 -3
53 -4
54 -3
55 -3
56 -3
57 -2
58 -2
59 -3
60 -2
61 -4
62 -2
63 -4
64 -5
65 -3
66 -2
67 -3
68 -2
69 -3
70 0
71 3
72 5
73 4
74 4
75 6
76 9
77 9
78 7
79 6
80 5
81 6
82 7
83 7
84 6
85 5
86 5
87 6
88 5
89 4
90 5
91 4
92 4
93 6
94 5
95 6
96 5
97 5
98 5
99 6
100 4
101 4
102 5
103 5
104 5
105 6
106 6
107 7
108 9
109 8
110 8
111 8
112 9
113 9
114 9
115 12
116 10
117 12
118 12
119 12
120 12
121 8
122 7
123 7
124 8
125 10
126 8
127 8
128 8
129 7
130 7
131 9
132 10
133 11
134 12
135 14
136 14
137 13
138 13
139 12
140 12
141 11
142 14
143 16
144 16
145 17
146 17
147 16
148 14
149 14
150 15
151 12
152 12
153 14
154 14
155 14
156 13
157 14
158 13
159 12
160 14
161 14
162 12
163 11
164 11
165 12
166 9
167 10
168 9
169 4
170 4
171 5
172 5
173 5
174 6
175 5
176 5
177 3
178 3
179 7
180 8
181 7
182 6
183 3
184 4
185 1
186 2
187 1
188 1
189 0
190 -1
191 1
192 -1
193 0
194 -2
195 -2
196 -3
197 -3
198 -3
199 -3
200 -5
201 -7
202 -6
203 -4
204 -4
205 0
206 2
207 1
208 2
209 3
210 4
211 3
212 2
213 2
214 2
215 -1
216 -1
217 -1
218 -2
219 -4
220 -6
221 -5
222 -4
223 -5
224 -6
225 -7
226 -6
227 -6
228 -4
229 -6
230 -7
231 -6
232 -7
233 -9
234 -8
235 -7
236 -6
237 -2
238 -1
239 1
240 0
241 0
242 -1
243 1
244 1
245 2
246 3
247 5
248 6
249 6
250 5
251 3
252 4
253 2
254 2
255 0
