0 2
1 0
2 -1
3 -1
4 0
5 0
6 2
7 3
8 3
9 2
10 2
11 2
12 4
13 4
14 4
15 5
16 4
17 3
18 3
19 3
20 3
21 0
22 2
23 4
24 3
25 0
26 1
27 3
28 5
29 6
30 7
31 7
32 7
33 8
34 11
35 14
36 14
37 13
38 12
39 11
40 12
41 9
42 11
43 11
44 10
45 9
46 8
47 9
48 9
49 9
50 11
51 14
52 12
53 10
54 11
55 13
56 13
57 10
58 9
59 9
60 9
61 9
62 7
63 4
64 3
65 1
66 2
67 2
68 3
69 3
70 2
71 2
72 2
73 3
74 1
75 1
76 1
77 0
78 0
79 -4
80 -4
81 -3
82 -3
83 -3
84 -4
85 -3
86 -2
87 -1
88 0
89 2
90 2
91 3
92 4
93 2
94 -1
95 -1
96 -1
97 -1
98 0
99 1
100 2
101 0
102 -1
103 -1
104 0
105 0
106 0
107 -1
108 -1
109 -2
110 -2
111 -2
112 -2
113 -3
114 0
115 0
116 -2
117 -4
118 -5
119 -7
120 -6
121 -9
122 -8
123 -6
124 -9
125 -8
126 -8
127 -10
128 -9
129 -6
130 -6
131 -6
132 -5
133 -6
134 -7
135 -6
136 -3
137 -2
138 -1
139 1
140 0
141 0
142 0
143 -1
144 0
145 0
146 -1
147 -1
148 -1
149 -3
150 -4
151 -2
152 -1
153 0
154 0
155 -2
156 -1
157 -2
158 -3
159 -2
160 -4
161 -3
162 -4
163 -5
164 -4
165 -6
166 -7
167 -8
168 -8
169 -8
170 -7
171 -8
172 -5
173 -4
174 -4
175 -4
176 -5
177 -2
178 -2
179 -2
180 -3
181 -3
182 1
183 1
184 2
185 2
186 3
187 2
188 3
189 4
190 2
191 3
192 3
193 6
194 6
195 5
196 5
197 3
198 3
199 -1
200 0
201 -1
202 -1
203 1
204 1
205 0
206 -2
207 -1
208 -3
209 -4
210 -4
211 -4
212 -3
213 -1
214 -3
215 -4
216 -2
217 -3
218 -3
219 -3
220 -5
221 -6
222 -7
223 -9
224 -10
225 -8
226 -8
227 -7
228 -5
229 -6
230 -6
231 -5
232 -5
233 -2
234 -3
235 -3
236 -2
237 -3
238 -5
239 -2
240 -2
241 -1
242 -1
243 -1
244 0
245 -1
246 -2
247 0
248 0
249 -1
250 -2
251 -2
252 2
253 1
254 2
255 2
