0 16
1 16
2 16
3 16
4 16
5 16
6 14
7 13
8 12
9 13
10 14
11 14
12 14
13 14
14 13
15 13
16 13
17 13
18 13
19 12
20 11
21 10
22 10
23 11
24 11
25 12
26 11
27 10
28 9
29 10
30 11
31 11
32 10
33 10
34 9
35 9
36 9
37 9
38 10
39 9
40 8
41 8
42 8
43 8
44 8
45 8
46 8
47 7
48 8
49 9
50 9
51 8
52 7
53 7
54 6
55 5
56 6
57 8
58 10
59 9
60 8
61 7
62 7
63 8
64 8
65 8
66 7
67 7
68 7
69 6
70 6
71 6
72 6
73 6
74 6
75 7
76 7
77 7
78 8
79 8
80 8
81 7
82 7
83 8
84 8
85 8
86 7
87 7
88 5
89 5
90 5
91 4
92 4
93 5
94 5
95 5
96 5
97 5
98 4
99 4
100 3
101 2
102 2
103 3
104 2
105 3
106 2
107 2
108 1
109 1
110 0
111 0
112 1
113 0
114 0
115 0
116 0
117 0
118 1
119 1
120 0
121 0
122 0
123 0
124 -1
125 -2
126 -1
127 -2
128 -2
129 -2
130 -2
131 -2
132 -2
133 -1
134 -1
135 -2
136 -2
137 -3
138 -3
139 -3
140 -4
141 -4
142 -4
143 -4
144 -5
145 -6
146 -6
147 -6
148 -7
149 -7
150 -6
151 -6
152 -6
153 -6
154 -4
155 -4
156 -4
157 -4
158 -5
159 -4
160 -3
161 -2
162 -2
163 -2
164 -1
165 -2
166 -2
167 -2
168 -2
169 -3
170 -3
171 -2
172 -2
173 -3
174 -3
175 -4
176 -4
177 -5
178 -5
179 -5
180 -4
181 -4
182 -4
183 -4
184 -4
185 -4
186 -4
187 -4
188 -4
189 -4
190 -4
191 -3
192 -3
193 -2
194 -2
195 -2
196 -2
197 -1
198 -2
199 -2
200 -2
201 -1
202 -1
203 0
204 1
205 1
206 2
207 2
208 1
209 3
210 3
211 3
212 4
213 4
214 5
215 4
216 4
217 4
218 5
219 6
220 6
221 6
222 5
223 5
224 4
225 3
226 4
227 4
228 5
229 6
230 7
231 7
232 7
233 7
234 6
235 6
236 6
237 7
238 8
239 8
240 8
241 9
242 10
243 10
244 11
245 11
246 12
247 13
248 14
249 15
250 15
251 15
252 16
253 16
254 16
255 15
