0 -1
1 -1
2 -1
3 0
4 1
5 0
6 0
7 0
8 0
9 -1
10 -2
11 -2
12 -2
13 -2
14 -2
15 -3
16 -2
17 -1
18 -1
19 -2
20 -2
21 -1
22 -2
23 -1
24 0
25 0
26 0
27 -1
28 0
29 -1
30 -2
31 -2
32 -2
33 -1
34 0
35 0
36 0
37 0
38 0
39 1
40 0
41 1
42 0
43 0
44 0
45 0
46 1
47 0
48 0
49 -1
50 -1
51 -1
52 -1
53 -1
54 -1
55 0
56 0
57 0
58 0
59 0
60 0
61 0
62 0
63 0
64 0
65 1
66 1
67 1
68 1
69 0
70 0
71 0
72 0
73 0
74 0
75 0
76 -1
77 -1
78 0
79 1
80 1
81 0
82 0
83 0
84 1
85 1
86 0
87 -1
88 -2
89 -2
90 -1
91 -2
92 -1
93 -1
94 0
95 0
96 0
97 0
98 0
99 0
100 0
101 0
102 -1
103 0
104 0
105 -2
106 -2
107 -3
108 -2
109 -2
110 -2
111 -1
112 -1
113 -2
114 -1
115 -1
116 -1
117 0
118 0
119 0
120 0
121 1
122 1
123 -1
124 -1
125 -1
126 -1
127 -1
128 0
129 0
130 0
131 0
132 0
133 1
134 1
135 1
136 1
137 0
138 1
139 1
140 0
141 0
142 -1
143 -1
144 -2
145 -2
146 -2
147 0
148 0
149 0
150 0
151 0
152 1
153 1
154 2
155 2
156 2
157 1
158 -1
159 -1
160 -1
161 0
162 0
163 0
164 0
165 1
166 0
167 0
168 0
169 0
170 0
171 0
172 0
173 0
174 0
175 0
176 0
177 1
178 2
179 1
180 0
181 1
182 1
183 1
184 1
185 1
186 0
187 0
188 0
189 0
190 0
191 0
192 -1
193 -1
194 0
195 0
196 0
197 0
198 0
199 -1
200 0
201 1
202 1
203 0
204 0
205 -1
206 -1
207 0
208 0
209 0
210 0
211 0
212 0
213 0
214 0
215 0
216 0
217 1
218 0
219 1
220 1
221 0
222 0
223 0
224 0
225 0
226 1
227 0
228 0
229 0
230 1
231 0
232 0
233 0
234 1
235 1
236 0
237 0
238 0
239 0
240 -1
241 -1
242 -1
243 0
244 0
245 0
246 0
247 0
248 1
249 1
250 1
251 2
252 1
253 1
254 1
255 0
