0 -31
1 -30
2 -28
3 -29
4 -29
5 -30
6 -30
7 -30
8 -30
9 -32
10 -30
11 -32
12 -32
13 -34
14 -32
15 -31
16 -31
17 -30
18 -30
19 -32
20 -33
21 -30
22 -29
23 -32
24 -32
25 -33
26 -35
27 -33
28 -32
29 -31
30 -29
31 -31
32 -30
33 -30
34 -32
35 -31
36 -32
37 -31
38 -31
39 -31
40 -29
41 -28
42 -28
43 -28
44 -30
45 -32
46 -32
47 -32
48 -32
49 -32
50 -33
51 -33
52 -32
53 -35
54 -35
55 -35
56 -32
57 -30
58 -27
59 -28
60 -30
61 -31
62 -33
63 -32
64 -32
65 -30
66 -30
67 -29
68 -29
69 -29
70 -28
71 -28
72 -27
73 -28
74 -28
75 -28
76 -28
77 -25
78 -26
79 -26
80 -27
81 -27
82 -27
83 -28
84 -29
85 -28
86 -27
87 -27
88 -27
89 -27
90 -29
91 -27
92 -24
93 -22
94 -22
95 -24
96 -23
97 -23
98 -22
99 -22
100 -21
101 -19
102 -19
103 -20
104 -19
105 -19
106 -22
107 -22
108 -22
109 -23
110 -24
111 -25
112 -25
113 -25
114 -25
115 -25
116 -27
117 -27
118 -28
119 -27
120 -28
121 -27
122 -27
123 -31
124 -30
125 -33
126 -34
127 -35
128 -34
129 -35
130 -34
131 -34
132 -34
133 -34
134 -36
135 -37
136 -37
137 -36
138 -35
139 -35
140 -35
141 -33
142 -34
143 -35
144 -36
145 -33
146 -34
147 -33
148 -32
149 -30
150 -29
151 -30
152 -30
153 -29
154 -27
155 -27
156 -27
157 -26
158 -28
159 -26
160 -25
161 -25
162 -25
163 -26
164 -25
165 -25
166 -24
167 -26
168 -26
169 -24
170 -26
171 -25
172 -26
173 -24
174 -24
175 -25
176 -27
177 -24
178 -25
179 -25
180 -27
181 -27
182 -26
183 -27
184 -28
185 -28
186 -26
187 -26
188 -27
189 -25
190 -24
191 -23
192 -22
193 -22
194 -22
195 -24
196 -23
197 -24
198 -24
199 -21
200 -21
201 -21
202 -21
203 -21
204 -21
205 -21
206 -21
207 -21
208 -21
209 -20
210 -18
211 -19
212 -20
213 -22
214 -24
215 -23
216 -23
217 -25
218 -25
219 -25
220 -26
221 -26
222 -29
223 -30
224 -28
225 -29
226 -30
227 -30
228 -30
229 -29
230 -31
231 -31
232 -31
233 -32
234 -30
235 -31
236 -30
237 -29
238 -30
239 -30
240 -31
241 -31
242 -33
243 -32
244 -34
245 -34
246 -33
247 -33
248 -34
249 -33
250 -36
251 -33
252 -34
253 -30
254 -29
255 -30
