0 -16
1 -15
2 -16
3 -15
4 -14
5 -13
6 -14
7 -14
8 -13
9 -12
10 -12
11 -12
12 -11
13 -9
14 -9
15 -9
16 -9
17 -8
18 -8
19 -8
20 -8
21 -8
22 -8
23 -9
24 -9
25 -9
26 -9
27 -8
28 -7
29 -7
30 -6
31 -7
32 -7
33 -6
34 -5
35 -5
36 -5
37 -4
38 -3
39 -3
40 -3
41 -4
42 -4
43 -3
44 -5
45 -4
46 -4
47 -4
48 -4
49 -5
50 -4
51 -3
52 -4
53 -4
54 -2
55 -3
56 -4
57 -4
58 -3
59 -3
60 -4
61 -4
62 -3
63 -5
64 -4
65 -4
66 -4
67 -4
68 -4
69 -3
70 -5
71 -5
72 -5
73 -4
74 -4
75 -4
76 -4
77 -5
78 -4
79 -5
80 -5
81 -5
82 -4
83 -5
84 -5
85 -5
86 -5
87 -6
88 -7
89 -8
90 -8
91 -9
92 -9
93 -9
94 -9
95 -10
96 -10
97 -10
98 -10
99 -10
100 -11
101 -11
102 -10
103 -10
104 -10
105 -9
106 -8
107 -8
108 -8
109 -8
110 -9
111 -8
112 -8
113 -8
114 -8
115 -8
116 -9
117 -8
118 -9
119 -9
120 -9
121 -10
122 -11
123 -11
124 -11
125 -11
126 -12
127 -11
128 -12
129 -11
130 -12
131 -13
132 -14
133 -14
134 -14
135 -13
136 -12
137 -13
138 -13
139 -14
140 -15
141 -14
142 -14
143 -14
144 -13
145 -13
146 -12
147 -12
148 -11
149 -10
150 -10
151 -11
152 -11
153 -10
154 -10
155 -10
156 -10
157 -11
158 -13
159 -14
160 -15
161 -15
162 -16
163 -16
164 -17
165 -17
166 -17
167 -18
168 -19
169 -19
170 -19
171 -20
172 -19
173 -19
174 -20
175 -20
176 -20
177 -21
178 -22
179 -21
180 -21
181 -21
182 -22
183 -22
184 -22
185 -22
186 -21
187 -21
188 -22
189 -21
190 -22
191 -21
192 -21
193 -22
194 -24
195 -24
196 -24
197 -25
198 -26
199 -27
200 -27
201 -28
202 -28
203 -28
204 -27
205 -27
206 -26
207 -27
208 -26
209 -27
210 -27
211 -27
212 -27
213 -28
214 -27
215 -27
216 -26
217 -27
218 -26
219 -25
220 -25
221 -24
222 -23
223 -23
224 -23
225 -24
226 -23
227 -23
228 -24
229 -24
230 -22
231 -21
232 -20
233 -20
234 -20
235 -21
236 -21
237 -20
238 -19
239 -20
240 -20
241 -20
242 -20
243 -19
244 -19
245 -19
246 -19
247 -20
248 -21
249 -22
250 -21
251 -20
252 -19
253 -18
254 -18
255 -17
