0 1
1 1
2 1
3 1
4 0
5 1
6 0
7 -1
8 -2
9 -2
10 -3
11 -3
12 -5
13 -5
14 -6
15 -5
16 -6
17 -7
18 -8
19 -7
20 -6
21 -8
22 -9
23 -9
24 -10
25 -10
26 -11
27 -12
28 -11
29 -11
30 -11
31 -10
32 -9
33 -11
34 -11
35 -10
36 -7
37 -8
38 -8
39 -6
40 -3
41 -2
42 -2
43 -3
44 -2
45 -2
46 0
47 3
48 4
49 5
50 2
51 1
52 1
53 2
54 3
55 2
56 3
57 1
58 2
59 4
60 6
61 4
62 4
63 5
64 4
65 4
66 3
67 3
68 3
69 2
70 1
71 2
72 3
73 1
74 1
75 -1
76 -1
77 -1
78 0
79 0
80 -2
81 0
82 1
83 2
84 2
85 -1
86 0
87 0
88 3
89 5
90 4
91 4
92 2
93 -1
94 -2
95 -3
96 -5
97 -4
98 -4
99 -4
100 -3
101 -4
102 -5
103 -5
104 -4
105 -7
106 -5
107 -7
108 -7
109 -6
110 -7
111 -8
112 -8
113 -8
114 -10
115 -9
116 -9
117 -7
118 -7
119 -6
120 -7
121 -7
122 -8
123 -6
124 -6
125 -7
126 -9
127 -7
128 -8
129 -8
130 -8
131 -8
132 -6
133 -5
134 -5
135 -5
136 -7
137 -8
138 -8
139 -8
140 -7
141 -5
142 -5
143 -4
144 -7
145 -8
146 -10
147 -12
148 -12
149 -12
150 -11
151 -14
152 -11
153 -11
154 -11
155 -12
156 -10
157 -11
158 -11
159 -9
160 -9
161 -10
162 -9
163 -8
164 -8
165 -8
166 -7
167 -9
168 -8
169 -8
170 -8
171 -6
172 -5
173 -6
174 -6
175 -6
176 -6
177 -7
178 -8
179 -8
180 -9
181 -9
182 -9
183 -9
184 -9
185 -8
186 -9
187 -8
188 -7
189 -7
190 -7
191 -5
192 -3
193 -3
194 -2
195 -1
196 -1
197 -2
198 -3
199 -2
200 -3
201 -2
202 -3
203 -4
204 -6
205 -6
206 -4
207 -1
208 0
209 0
210 1
211 2
212 1
213 1
214 -1
215 -1
216 1
217 1
218 -1
219 -1
220 -2
221 -2
222 -3
223 -4
224 -3
225 -3
226 -4
227 -3
228 -1
229 0
230 0
231 -1
232 -4
233 -4
234 -3
235 -4
236 -3
237 -1
238 1
239 0
240 -1
241 0
242 0
243 3
244 1
245 1
246 0
247 1
248 2
249 2
250 3
251 2
252 2
253 3
254 3
255 2
