0 -1
1 1
2 2
3 0
4 -1
5 -2
6 0
7 0
8 -1
9 0
10 1
11 0
12 -2
13 0
14 1
15 2
16 2
17 2
18 0
19 -2
20 -1
21 -2
22 -1
23 -2
24 -3
25 -4
26 -3
27 -1
28 1
29 1
30 2
31 4
32 3
33 1
34 3
35 6
36 5
37 7
38 8
39 10
40 10
41 7
42 6
43 4
44 5
45 6
46 5
47 7
48 10
49 10
50 11
51 10
52 7
53 8
54 7
55 4
56 4
57 1
58 0
59 1
60 0
61 -1
62 -1
63 -1
64 2
65 1
66 0
67 -2
68 -1
69 0
70 0
71 -1
72 -1
73 -1
74 0
75 2
76 1
77 1
78 -1
79 -1
80 0
81 1
82 -1
83 0
84 -1
85 -2
86 0
87 1
88 2
89 1
90 1
91 1
92 1
93 1
94 -1
95 -3
96 -3
97 -2
98 -1
99 -1
100 0
101 2
102 2
103 2
104 1
105 0
106 1
107 0
108 1
109 0
110 2
111 2
112 2
113 2
114 3
115 3
116 2
117 4
118 4
119 4
120 2
121 2
122 1
123 2
124 1
125 0
126 2
127 0
128 0
129 0
130 0
131 0
132 1
133 2
134 2
135 0
136 -1
137 0
138 -2
139 -2
140 -1
141 -4
142 -3
143 -2
144 -1
145 0
146 0
147 2
148 2
149 1
150 0
151 -1
152 -1
153 -1
154 -1
155 0
156 -1
157 -2
158 0
159 -1
160 -2
161 -4
162 -5
163 -4
164 -5
165 -6
166 -5
167 -4
168 -3
169 -3
170 -4
171 -3
172 -2
173 -1
174 0
175 1
176 -1
177 -1
178 -1
179 -1
180 1
181 2
182 3
183 0
184 2
185 4
186 3
187 3
188 2
189 1
190 0
191 1
192 3
193 4
194 3
195 3
196 3
197 2
198 1
199 3
200 5
201 7
202 4
203 4
204 2
205 3
206 2
207 2
208 2
209 1
210 1
211 4
212 4
213 3
214 1
215 -1
216 -1
217 -1
218 1
219 1
220 0
221 1
222 -1
223 0
224 -3
225 -4
226 -2
227 -3
228 -1
229 1
230 3
231 3
232 3
233 5
234 5
235 3
236 4
237 1
238 0
239 -2
240 -3
241 -1
242 -1
243 0
244 1
245 2
246 0
247 0
248 -1
249 -1
250 -1
251 -2
252 -1
253 -2
254 -1
255 0
