0 1
1 1
2 0
3 0
4 1
5 1
6 3
7 3
8 2
9 2
10 3
11 3
12 1
13 1
14 0
15 0
16 1
17 0
18 0
19 2
20 1
21 1
22 0
23 1
24 0
25 -1
26 -2
27 -2
28 -3
29 -3
30 -2
31 -1
32 -1
33 1
34 2
35 1
36 2
37 3
38 3
39 3
40 3
41 1
42 1
43 0
44 0
45 0
46 -2
47 -2
48 -1
49 0
50 -1
51 -1
52 0
53 -1
54 -3
55 -4
56 -3
57 -2
58 0
59 0
60 -1
61 -3
62 -3
63 -2
64 -2
65 -2
66 -2
67 0
68 0
69 1
70 1
71 0
72 0
73 1
74 1
75 1
76 1
77 1
78 0
79 1
80 0
81 -1
82 -2
83 -2
84 -2
85 -2
86 0
87 1
88 -2
89 -1
90 -2
91 -2
92 -1
93 0
94 0
95 2
96 2
97 3
98 2
99 2
100 1
101 2
102 3
103 3
104 3
105 3
106 3
107 1
108 0
109 -1
110 -1
111 0
112 1
113 1
114 2
115 3
116 2
117 2
118 1
119 3
120 3
121 3
122 2
123 2
124 1
125 1
126 1
127 1
128 3
129 2
130 2
131 3
132 2
133 3
134 2
135 0
136 1
137 1
138 1
139 1
140 1
141 2
142 1
143 1
144 2
145 1
146 2
147 2
148 2
149 1
150 0
151 1
152 0
153 -1
154 -1
155 -1
156 0
157 -2
158 -2
159 0
160 1
161 2
162 3
163 3
164 3
165 2
166 3
167 1
168 1
169 -1
170 0
171 1
172 1
173 0
174 0
175 1
176 1
177 1
178 0
179 1
180 0
181 0
182 1
183 0
184 -1
185 -1
186 -1
187 -1
188 -1
189 0
190 0
191 0
192 1
193 0
194 0
195 1
196 2
197 1
198 1
199 1
200 3
201 3
202 2
203 0
204 0
205 1
206 2
207 2
208 2
209 2
210 1
211 1
212 0
213 1
214 1
215 0
216 0
217 0
218 -1
219 -1
220 -2
221 -4
222 -3
223 -2
224 -2
225 -2
226 -3
227 -4
228 -4
229 -4
230 -2
231 -2
232 -2
233 -2
234 -2
235 -4
236 -3
237 -3
238 -3
239 -2
240 -1
241 -1
242 0
243 0
244 -1
245 -2
246 -2
247 0
248 -1
249 -1
250 0
251 0
252 -1
253 0
254 0
255 0
