0 2
1 1
2 -1
3 -2
4 1
5 -1
6 -1
7 0
8 0
9 2
10 0
11 1
12 1
13 1
14 -1
15 1
16 -1
17 0
18 1
19 1
20 1
21 2
22 2
23 0
24 0
25 2
26 4
27 6
28 5
29 5
30 4
31 3
32 3
33 3
34 5
35 3
36 2
37 3
38 3
39 4
40 3
41 3
42 4
43 2
44 2
45 1
46 -1
47 -2
48 -3
49 -2
50 -1
51 2
52 0
53 2
54 0
55 -1
56 0
57 0
58 -1
59 -1
60 -2
61 -3
62 -3
63 -3
64 -3
65 -4
66 -4
67 -3
68 -3
69 -1
70 -1
71 -1
72 -1
73 -1
74 -1
75 -2
76 -2
77 1
78 1
79 1
80 -2
81 -2
82 -1
83 -3
84 -2
85 0
86 1
87 -1
88 -2
89 -3
90 -5
91 -6
92 -4
93 -6
94 -5
95 -5
96 -4
97 -2
98 0
99 1
100 0
101 -1
102 -2
103 -1
104 -1
105 0
106 2
107 -1
108 -3
109 -2
110 -3
111 -3
112 -4
113 -1
114 1
115 1
116 1
117 2
118 2
119 2
120 2
121 2
122 2
123 3
124 3
125 3
126 3
127 4
128 2
129 1
130 0
131 -1
132 0
133 2
134 1
135 -1
136 -2
137 0
138 0
139 2
140 2
141 3
142 2
143 0
144 2
145 4
146 2
147 1
148 2
149 1
150 0
151 1
152 2
153 0
154 0
155 -1
156 -1
157 -1
158 0
159 0
160 0
161 1
162 2
163 2
164 1
165 -1
166 -1
167 1
168 -2
169 -2
170 1
171 1
172 2
173 -1
174 0
175 0
176 -2
177 1
178 2
179 2
180 3
181 2
182 1
183 0
184 1
185 0
186 2
187 1
188 0
189 0
190 -2
191 -2
192 -1
193 1
194 1
195 2
196 1
197 0
198 0
199 1
200 1
201 0
202 -1
203 1
204 2
205 1
206 2
207 4
208 3
209 3
210 5
211 4
212 3
213 4
214 3
215 3
216 4
217 3
218 1
219 2
220 1
221 0
222 1
223 1
224 2
225 0
226 2
227 2
228 0
229 -1
230 1
231 3
232 1
233 2
234 0
235 -1
236 2
237 2
238 2
239 1
240 2
241 3
242 1
243 2
244 2
245 2
246 4
247 3
248 4
249 4
250 1
251 1
252 3
253 3
254 3
255 3
