0 0
1 0
2 0
3 1
4 0
5 -2
6 -2
7 -1
8 0
9 -1
10 0
11 1
12 2
13 1
14 0
15 0
16 0
17 0
18 0
19 1
20 0
21 0
22 0
23 1
24 1
25 1
26 -1
27 -1
28 -1
29 -1
30 -2
31 -3
32 -1
33 -1
34 -1
35 1
36 1
37 1
38 1
39 0
40 -1
41 0
42 0
43 1
44 0
45 -1
46 -1
47 -1
48 -1
49 1
50 1
51 0
52 -1
53 -2
54 -2
55 -1
56 -1
57 0
58 1
59 1
60 1
61 1
62 1
63 1
64 1
65 0
66 -3
67 -2
68 -2
69 -1
70 1
71 1
72 1
73 1
74 1
75 0
76 0
77 0
78 0
79 0
80 0
81 1
82 1
83 1
84 1
85 0
86 0
87 0
88 0
89 0
90 1
91 0
92 0
93 -1
94 0
95 0
96 0
97 1
98 0
99 0
100 1
101 2
102 1
103 1
104 2
105 2
106 3
107 2
108 1
109 0
110 -1
111 -1
112 0
113 -2
114 -2
115 -3
116 -4
117 -4
118 -2
119 -3
120 -2
121 -2
122 -2
123 -1
124 0
125 0
126 1
127 0
128 0
129 -1
130 0
131 0
132 0
133 0
134 0
135 1
136 1
137 1
138 1
139 -1
140 -2
141 1
142 1
143 0
144 0
145 0
146 -1
147 0
148 0
149 0
150 0
151 1
152 1
153 0
154 0
155 0
156 0
157 0
158 0
159 0
160 1
161 0
162 0
163 1
164 1
165 1
166 1
167 2
168 1
169 2
170 2
171 1
172 0
173 -1
174 -2
175 -1
176 -1
177 -1
178 -1
179 -1
180 -1
181 0
182 0
183 1
184 1
185 1
186 0
187 1
188 0
189 0
190 0
191 0
192 1
193 -1
194 -3
195 0
196 1
197 2
198 1
199 1
200 1
201 1
202 0
203 2
204 2
205 2
206 1
207 0
208 0
209 -1
210 0
211 -1
212 0
213 0
214 1
215 1
216 0
217 1
218 2
219 1
220 0
221 -1
222 0
223 0
224 1
225 1
226 1
227 1
228 0
229 1
230 2
231 2
232 1
233 1
234 -1
235 -2
236 -3
237 -3
238 -1
239 -1
240 -1
241 -2
242 -2
243 -2
244 -1
245 -1
246 0
247 0
248 -1
249 -1
250 -1
251 -1
252 0
253 -2
254 -1
255 0
