0 4
1 3
2 4
3 2
4 3
5 1
6 -3
7 -4
8 -1
9 -1
10 -3
11 -2
12 -2
13 -4
14 -5
15 -5
16 -3
17 -3
18 -1
19 0
20 0
21 -1
22 -1
23 -1
24 0
25 0
26 -2
27 -3
28 -2
29 -1
30 -3
31 -2
32 -3
33 -1
34 -2
35 -3
36 -3
37 -2
38 0
39 3
40 1
41 2
42 2
43 1
44 3
45 3
46 4
47 4
48 3
49 4
50 5
51 5
52 6
53 4
54 6
55 5
56 4
57 4
58 5
59 6
60 7
61 7
62 8
63 6
64 6
65 7
66 8
67 7
68 8
69 7
70 5
71 5
72 4
73 3
74 5
75 5
76 6
77 5
78 6
79 8
80 9
81 10
82 10
83 12
84 12
85 13
86 16
87 16
88 14
89 16
90 17
91 17
92 17
93 17
94 20
95 19
96 17
97 14
98 16
99 13
100 11
101 10
102 11
103 8
104 5
105 4
106 2
107 1
108 2
109 3
110 2
111 2
112 3
113 3
114 3
115 2
116 2
117 5
118 5
119 5
120 7
121 9
122 9
123 9
124 10
125 6
126 5
127 4
128 4
129 7
130 6
131 7
132 7
133 7
134 8
135 8
136 9
137 10
138 12
139 8
140 9
141 10
142 8
143 7
144 7
145 8
146 7
147 10
148 11
149 11
150 9
151 9
152 8
153 8
154 8
155 8
156 8
157 9
158 10
159 9
160 9
161 9
162 7
163 8
164 8
165 8
166 8
167 6
168 6
169 5
170 5
171 5
172 3
173 3
174 3
175 2
176 2
177 1
178 0
179 0
180 -1
181 -4
182 -5
183 -3
184 -2
185 -1
186 -1
187 -2
188 -1
189 0
190 -1
191 1
192 0
193 0
194 1
195 1
196 2
197 2
198 2
199 3
200 1
201 -1
202 -1
203 0
204 1
205 3
206 6
207 7
208 7
209 6
210 6
211 7
212 6
213 4
214 5
215 7
216 7
217 6
218 5
219 6
220 7
221 7
222 6
223 6
224 8
225 7
226 8
227 7
228 7
229 6
230 5
231 5
232 5
233 6
234 6
235 5
236 4
237 3
238 3
239 1
240 2
241 4
242 7
243 9
244 10
245 8
246 9
247 10
248 8
249 8
250 7
251 6
252 7
253 5
254 3
255 4
