0 -4
1 -2
2 -1
3 -1
4 0
5 0
6 1
7 2
8 3
9 3
10 2
11 1
12 2
13 3
14 1
15 2
16 1
17 -1
18 -1
19 0
20 -1
21 1
22 1
23 2
24 1
25 -2
26 -2
27 1
28 1
29 0
30 1
31 -1
32 -2
33 -1
34 0
35 -1
36 -2
37 -3
38 -2
39 -2
40 -3
41 -2
42 -2
43 -2
44 -3
45 -3
46 -4
47 -2
48 -2
49 -1
50 -1
51 1
52 2
53 1
54 1
55 1
56 1
57 1
58 -1
59 -2
60 -3
61 -4
62 -5
63 -4
64 -3
65 -3
66 -3
67 -5
68 -3
69 -2
70 -2
71 -3
72 -2
73 -2
74 -1
75 -1
76 -1
77 -3
78 -3
79 -3
80 -2
81 -2
82 -1
83 0
84 1
85 1
86 -2
87 -1
88 -3
89 -4
90 -1
91 -1
92 -1
93 -2
94 -2
95 -2
96 -2
97 -1
98 0
99 0
100 1
101 0
102 -1
103 0
104 0
105 -1
106 -1
107 -3
108 -5
109 -5
110 -5
111 -4
112 -4
113 -2
114 -2
115 -5
116 -3
117 -3
118 -2
119 -2
120 -1
121 -1
122 -4
123 -2
124 -1
125 -2
126 -1
127 3
128 2
129 2
130 3
131 2
132 3
133 2
134 3
135 2
136 3
137 2
138 5
139 5
140 7
141 6
142 5
143 4
144 8
145 8
146 6
147 6
148 7
149 7
150 8
151 7
152 7
153 5
154 4
155 5
156 5
157 7
158 7
159 7
160 6
161 5
162 6
163 7
164 4
165 5
166 5
167 6
168 5
169 5
170 5
171 4
172 4
173 2
174 0
175 1
176 3
177 2
178 1
179 0
180 -1
181 -2
182 -1
183 -3
184 -4
185 -3
186 -5
187 -5
188 -4
189 -6
190 -7
191 -6
192 -6
193 -5
194 -5
195 -6
196 -7
197 -8
198 -6
199 -5
200 -4
201 -6
202 -4
203 -3
204 -1
205 1
206 1
207 3
208 4
209 3
210 5
211 5
212 2
213 0
214 -1
215 -2
216 -5
217 -5
218 -6
219 -7
220 -6
221 -4
222 -4
223 -5
224 -7
225 -6
226 -7
227 -5
228 -4
229 -6
230 -5
231 -5
232 -5
233 -6
234 -5
235 -4
236 -4
237 -2
238 -3
239 -4
240 -4
241 -4
242 -5
243 -5
244 -6
245 -5
246 -6
247 -7
248 -9
249 -10
250 -10
251 -11
252 -10
253 -10
254 -9
255 -6
