0 -6
1 -7
2 -8
3 -8
4 -8
5 -7
6 -5
7 -4
8 -6
9 -6
10 -7
11 -8
12 -6
13 -5
14 -4
15 -3
16 -4
17 -5
18 -7
19 -5
20 -7
21 -5
22 -5
23 -6
24 -6
25 -6
26 -9
27 -10
28 -10
29 -10
30 -9
31 -10
32 -9
33 -9
34 -8
35 -10
36 -11
37 -13
38 -14
39 -12
40 -14
41 -16
42 -18
43 -15
44 -15
45 -15
46 -17
47 -17
48 -18
49 -20
50 -20
51 -20
52 -17
53 -16
54 -16
55 -15
56 -17
57 -19
58 -18
59 -16
60 -14
61 -16
62 -16
63 -14
64 -13
65 -13
66 -14
67 -12
68 -13
69 -13
70 -13
71 -10
72 -10
73 -10
74 -13
75 -13
76 -13
77 -13
78 -13
79 -11
80 -9
81 -12
82 -13
83 -12
84 -12
85 -12
86 -10
87 -8
88 -8
89 -6
90 -6
91 -2
92 -2
93 -2
94 -2
95 -1
96 0
97 -2
98 -2
99 -5
100 -5
101 -5
102 -4
103 -4
104 -4
105 -3
106 -3
107 -2
108 0
109 1
110 1
111 4
112 4
113 7
114 7
115 7
116 4
117 3
118 4
119 3
120 2
121 -1
122 -3
123 -2
124 -4
125 -2
126 -2
127 -2
128 -3
129 -2
130 0
131 -3
132 -5
133 -4
134 -5
135 -4
136 -7
137 -7
138 -7
139 -7
140 -10
141 -11
142 -11
143 -13
144 -13
145 -13
146 -14
147 -11
148 -10
149 -8
150 -11
151 -11
152 -13
153 -11
154 -10
155 -9
156 -6
157 -4
158 -4
159 -4
160 -4
161 -6
162 -7
163 -8
164 -7
165 -6
166 -6
167 -4
168 -3
169 -2
170 -2
171 -4
172 -5
173 -5
174 -5
175 -4
176 -5
177 -6
178 -6
179 -5
180 -3
181 -5
182 -6
183 -7
184 -9
185 -8
186 -12
187 -11
188 -13
189 -12
190 -11
191 -10
192 -8
193 -6
194 -5
195 -6
196 -6
197 -8
198 -9
199 -9
200 -7
201 -8
202 -10
203 -10
204 -8
205 -10
206 -10
207 -12
208 -11
209 -12
210 -11
211 -10
212 -10
213 -9
214 -11
215 -10
216 -9
217 -9
218 -9
219 -7
220 -9
221 -8
222 -9
223 -8
224 -6
225 -8
226 -7
227 -8
228 -7
229 -6
230 -8
231 -8
232 -10
233 -10
234 -8
235 -6
236 -6
237 -7
238 -8
239 -6
240 -6
241 -5
242 -3
243 -3
244 -5
245 -6
246 -6
247 -7
248 -7
249 -8
250 -7
251 -5
252 -6
253 -7
254 -6
255 -5
