0 -1
1 -2
2 -2
3 -2
4 -2
5 -3
6 -3
7 -3
8 -2
9 -3
10 -1
11 0
12 0
13 0
14 -2
15 -1
16 -1
17 0
18 -1
19 -1
20 0
21 -2
22 1
23 1
24 0
25 -1
26 1
27 1
28 2
29 2
30 3
31 4
32 2
33 1
34 -1
35 -1
36 -1
37 -1
38 0
39 1
40 0
41 -2
42 -2
43 -1
44 1
45 1
46 0
47 0
48 0
49 -1
50 0
51 1
52 2
53 4
54 4
55 3
56 1
57 -1
58 -1
59 -2
60 -3
61 -2
62 -3
63 0
64 2
65 2
66 3
67 3
68 4
69 4
70 3
71 2
72 1
73 1
74 2
75 2
76 2
77 2
78 4
79 7
80 6
81 6
82 6
83 5
84 3
85 4
86 4
87 2
88 1
89 1
90 0
91 1
92 2
93 1
94 2
95 3
96 1
97 -2
98 0
99 0
100 -1
101 0
102 0
103 1
104 0
105 1
106 2
107 0
108 0
109 2
110 3
111 2
112 1
113 1
114 0
115 1
116 2
117 1
118 -2
119 -2
120 -2
121 -3
122 -3
123 -2
124 -2
125 -1
126 -1
127 0
128 0
129 -1
130 -1
131 0
132 1
133 1
134 0
135 0
136 -1
137 -2
138 -2
139 -4
140 -5
141 -5
142 -6
143 -6
144 -5
145 -5
146 -6
147 -6
148 -7
149 -4
150 -2
151 -2
152 -1
153 0
154 -2
155 -1
156 -1
157 0
158 -2
159 0
160 -1
161 1
162 2
163 3
164 2
165 1
166 2
167 3
168 2
169 4
170 4
171 3
172 2
173 1
174 1
175 0
176 0
177 0
178 2
179 2
180 3
181 2
182 1
183 -2
184 0
185 1
186 1
187 2
188 1
189 1
190 1
191 1
192 0
193 1
194 3
195 2
196 0
197 3
198 3
199 4
200 5
201 3
202 3
203 3
204 1
205 0
206 1
207 1
208 0
209 -1
210 1
211 2
212 0
213 -2
214 0
215 2
216 4
217 5
218 5
219 3
220 0
221 -1
222 0
223 1
224 1
225 2
226 1
227 1
228 2
229 1
230 3
231 3
232 2
233 2
234 0
235 0
236 -1
237 -1
238 -1
239 -3
240 -4
241 -3
242 -2
243 -2
244 -3
245 -2
246 -2
247 1
248 2
249 1
250 1
251 0
252 -1
253 -2
254 -4
255 -4
