0 55
1 58
2 59
3 57
4 56
5 53
6 54
7 55
8 56
9 57
10 59
11 57
12 56
13 55
14 53
15 55
16 57
17 56
18 57
19 57
20 59
21 59
22 61
23 59
24 59
25 60
26 59
27 57
28 58
29 58
30 57
31 60
32 57
33 56
34 53
35 53
36 54
37 56
38 54
39 54
40 57
41 58
42 57
43 56
44 56
45 58
46 58
47 57
48 55
49 55
50 57
51 60
52 61
53 61
54 62
55 61
56 64
57 62
58 60
59 62
60 61
61 59
62 61
63 61
64 61
65 61
66 65
67 65
68 67
69 68
70 66
71 66
72 67
73 65
74 66
75 65
76 66
77 67
78 67
79 67
80 67
81 68
82 68
83 68
84 69
85 66
86 67
87 69
88 71
89 71
90 70
91 69
92 70
93 68
94 69
95 68
96 68
97 69
98 70
99 68
100 70
101 71
102 72
103 73
104 74
105 77
106 77
107 74
108 74
109 69
110 69
111 68
112 68
113 67
114 68
115 67
116 66
117 68
118 69
119 66
120 66
121 64
122 65
123 66
124 65
125 64
126 63
127 64
128 64
129 64
130 62
131 63
132 63
133 66
134 65
135 63
136 65
137 62
138 61
139 62
140 61
141 61
142 59
143 59
144 57
145 57
146 58
147 59
148 59
149 59
150 58
151 59
152 59
153 58
154 56
155 55
156 56
157 58
158 56
159 57
160 56
161 56
162 57
163 55
164 55
165 54
166 52
167 51
168 51
169 52
170 51
171 49
172 47
173 47
174 47
175 48
176 47
177 50
178 49
179 48
180 49
181 49
182 48
183 48
184 50
185 49
186 47
187 47
188 47
189 50
190 51
191 51
192 49
193 47
194 46
195 46
196 47
197 50
198 52
199 50
200 50
201 54
202 57
203 56
204 57
205 57
206 58
207 61
208 61
209 59
210 58
211 58
212 58
213 58
214 59
215 59
216 61
217 61
218 60
219 59
220 60
221 59
222 61
223 60
224 57
225 58
226 58
227 57
228 57
229 57
230 57
231 59
232 60
233 60
234 59
235 61
236 59
237 61
238 62
239 61
240 62
241 61
242 61
243 61
244 62
245 60
246 61
247 61
248 59
249 57
250 57
251 56
252 56
253 55
254 53
255 53
