0 0
1 1
2 1
3 0
4 -1
5 0
6 0
7 0
8 0
9 0
10 -1
11 1
12 0
13 -1
14 0
15 0
16 1
17 0
18 -2
19 -1
20 -1
21 -1
22 0
23 0
24 0
25 0
26 -2
27 -3
28 -2
29 -1
30 -1
31 -1
32 0
33 0
34 -1
35 0
36 0
37 1
38 1
39 0
40 0
41 -1
42 -1
43 0
44 1
45 1
46 1
47 -2
48 -1
49 -1
50 -1
51 -2
52 -3
53 -3
54 -2
55 -2
56 -3
57 -1
58 1
59 2
60 1
61 2
62 2
63 1
64 0
65 -1
66 0
67 0
68 0
69 -2
70 0
71 0
72 0
73 1
74 0
75 1
76 1
77 1
78 1
79 1
80 1
81 -1
82 -1
83 -2
84 -2
85 -3
86 -3
87 -4
88 -3
89 -1
90 0
91 0
92 -1
93 0
94 0
95 2
96 1
97 2
98 2
99 2
100 2
101 3
102 3
103 4
104 4
105 3
106 3
107 3
108 0
109 1
110 1
111 1
112 0
113 -1
114 0
115 0
116 0
117 1
118 1
119 0
120 0
121 1
122 0
123 1
124 0
125 0
126 1
127 1
128 0
129 -1
130 -1
131 0
132 -1
133 -1
134 -1
135 0
136 0
137 -1
138 0
139 0
140 0
141 0
142 -1
143 -2
144 -3
145 -3
146 -3
147 -2
148 -2
149 -1
150 -1
151 1
152 2
153 2
154 0
155 0
156 0
157 -1
158 0
159 0
160 1
161 -1
162 -1
163 -2
164 -1
165 0
166 0
167 -1
168 1
169 1
170 1
171 0
172 -1
173 0
174 0
175 0
176 1
177 1
178 1
179 1
180 1
181 1
182 1
183 2
184 2
185 1
186 2
187 1
188 1
189 1
190 3
191 2
192 1
193 0
194 -1
195 0
196 1
197 1
198 1
199 1
200 0
201 0
202 1
203 0
204 0
205 1
206 1
207 1
208 0
209 -1
210 -1
211 -2
212 -3
213 -4
214 -5
215 -4
216 -2
217 -3
218 -1
219 -2
220 -2
221 -3
222 -3
223 -3
224 -1
225 -1
226 -1
227 0
228 1
229 0
230 2
231 2
232 1
233 2
234 1
235 1
236 1
237 1
238 1
239 1
240 0
241 1
242 1
243 1
244 2
245 -1
246 -1
247 -3
248 -1
249 0
250 0
251 0
252 0
253 0
254 0
255 0
