0 2
1 3
2 3
3 5
4 4
5 3
6 4
7 4
8 5
9 4
10 3
11 2
12 2
13 2
14 2
15 4
16 4
17 5
18 5
19 6
20 5
21 4
22 3
23 3
24 2
25 2
26 3
27 3
28 3
29 3
30 3
31 3
32 2
33 2
34 3
35 3
36 3
37 2
38 3
39 3
40 3
41 3
42 3
43 3
44 3
45 3
46 2
47 1
48 2
49 2
50 1
51 1
52 0
53 1
54 2
55 2
56 3
57 3
58 3
59 3
60 2
61 3
62 2
63 3
64 4
65 4
66 3
67 4
68 3
69 2
70 1
71 1
72 3
73 2
74 2
75 1
76 1
77 1
78 2
79 2
80 2
81 3
82 4
83 4
84 4
85 4
86 4
87 4
88 4
89 5
90 5
91 5
92 5
93 4
94 5
95 6
96 7
97 7
98 7
99 6
100 7
101 6
102 6
103 6
104 6
105 6
106 6
107 5
108 4
109 5
110 6
111 7
112 8
113 6
114 7
115 6
116 6
117 6
118 6
119 5
120 5
121 4
122 4
123 3
124 3
125 3
126 3
127 3
128 3
129 3
130 4
131 6
132 6
133 6
134 6
135 7
136 8
137 9
138 9
139 9
140 9
141 10
142 10
143 8
144 7
145 7
146 7
147 6
148 5
149 6
150 7
151 7
152 7
153 6
154 6
155 5
156 5
157 6
158 6
159 5
160 5
161 6
162 6
163 6
164 6
165 6
166 6
167 6
168 5
169 4
170 3
171 3
172 3
173 3
174 2
175 3
176 3
177 2
178 2
179 2
180 4
181 4
182 4
183 4
184 4
185 4
186 4
187 5
188 4
189 4
190 6
191 7
192 7
193 8
194 7
195 7
196 6
197 5
198 5
199 5
200 4
201 3
202 2
203 3
204 3
205 2
206 1
207 1
208 2
209 2
210 2
211 1
212 2
213 2
214 2
215 1
216 2
217 1
218 2
219 2
220 1
221 0
222 -1
223 0
224 0
225 1
226 1
227 1
228 1
229 0
230 -1
231 -2
232 -3
233 -2
234 -1
235 -1
236 -1
237 -1
238 0
239 0
240 0
241 1
242 1
243 1
244 0
245 -2
246 -1
247 -1
248 0
249 0
250 0
251 0
252 -1
253 -1
254 0
255 1
