0 2
1 1
2 1
3 2
4 1
5 0
6 -1
7 -2
8 -2
9 -2
10 -2
11 -1
12 -1
13 0
14 1
15 -1
16 0
17 0
18 -1
19 0
20 -1
21 -1
22 0
23 2
24 3
25 4
26 5
27 5
28 4
29 2
30 4
31 3
32 3
33 2
34 0
35 1
36 2
37 2
38 2
39 3
40 3
41 4
42 5
43 5
44 4
45 5
46 5
47 5
48 4
49 4
50 4
51 3
52 3
53 2
54 3
55 4
56 5
57 4
58 6
59 5
60 5
61 5
62 5
63 5
64 5
65 5
66 5
67 5
68 6
69 5
70 5
71 4
72 5
73 5
74 5
75 4
76 4
77 2
78 2
79 2
80 4
81 6
82 5
83 7
84 8
85 9
86 9
87 8
88 9
89 8
90 10
91 9
92 7
93 8
94 7
95 6
96 6
97 8
98 9
99 11
100 12
101 11
102 10
103 10
104 10
105 10
106 8
107 9
108 7
109 5
110 5
111 6
112 4
113 4
114 5
115 6
116 6
117 5
118 5
119 5
120 4
121 4
122 3
123 3
124 3
125 3
126 3
127 4
128 3
129 5
130 4
131 4
132 4
133 2
134 1
135 1
136 1
137 3
138 2
139 2
140 4
141 4
142 5
143 6
144 6
145 6
146 6
147 5
148 7
149 6
150 7
151 10
152 10
153 8
154 8
155 8
156 8
157 10
158 10
159 9
160 9
161 8
162 8
163 6
164 6
165 7
166 6
167 5
168 5
169 5
170 6
171 5
172 5
173 5
174 5
175 4
176 5
177 4
178 4
179 3
180 2
181 2
182 4
183 4
184 2
185 3
186 1
187 2
188 3
189 4
190 3
191 2
192 3
193 2
194 1
195 1
196 2
197 1
198 0
199 0
200 1
201 3
202 4
203 3
204 3
205 4
206 4
207 5
208 6
209 5
210 4
211 5
212 4
213 4
214 5
215 4
216 3
217 5
218 5
219 5
220 3
221 3
222 4
223 4
224 5
225 4
226 3
227 3
228 4
229 4
230 3
231 4
232 4
233 4
234 5
235 4
236 4
237 4
238 4
239 5
240 6
241 5
242 6
243 6
244 6
245 7
246 8
247 9
248 7
249 6
250 7
251 5
252 4
253 4
254 4
255 4
