0 2
1 3
2 1
3 1
4 -2
5 -2
6 0
7 1
8 0
9 2
10 0
11 -1
12 -1
13 -1
14 1
15 2
16 2
17 1
18 1
19 0
20 0
21 1
22 0
23 1
24 1
25 1
26 2
27 2
28 1
29 1
30 1
31 1
32 0
33 0
34 0
35 0
36 -1
37 -2
38 -4
39 0
40 0
41 0
42 0
43 1
44 0
45 2
46 2
47 1
48 1
49 -1
50 -2
51 -2
52 -1
53 -1
54 0
55 0
56 -1
57 -2
58 -2
59 -1
60 0
61 -1
62 0
63 1
64 2
65 1
66 1
67 0
68 0
69 0
70 -1
71 -2
72 -2
73 -2
74 -4
75 -4
76 -3
77 -1
78 -1
79 -1
80 1
81 -1
82 -2
83 -1
84 -1
85 -1
86 0
87 -1
88 -1
89 -1
90 -1
91 -1
92 0
93 0
94 -1
95 -1
96 0
97 1
98 2
99 2
100 3
101 2
102 2
103 2
104 3
105 2
106 1
107 -1
108 0
109 -1
110 0
111 0
112 0
113 0
114 0
115 1
116 1
117 3
118 2
119 2
120 1
121 1
122 2
123 0
124 -1
125 -1
126 0
127 -1
128 -1
129 0
130 0
131 1
132 1
133 -1
134 -2
135 0
136 1
137 -1
138 -2
139 -1
140 0
141 0
142 2
143 2
144 2
145 1
146 1
147 -1
148 -2
149 -1
150 -2
151 -1
152 -1
153 -1
154 -1
155 -2
156 -1
157 1
158 -1
159 1
160 0
161 0
162 0
163 -1
164 -1
165 -1
166 -1
167 -1
168 0
169 -1
170 1
171 1
172 0
173 0
174 0
175 1
176 0
177 2
178 0
179 2
180 2
181 1
182 0
183 0
184 0
185 0
186 1
187 -1
188 -3
189 -3
190 -5
191 -4
192 -3
193 -4
194 -4
195 -2
196 0
197 1
198 -1
199 -1
200 1
201 0
202 3
203 3
204 2
205 3
206 2
207 1
208 0
209 1
210 0
211 1
212 1
213 1
214 -1
215 0
216 -2
217 -2
218 -2
219 -3
220 -3
221 -2
222 -2
223 0
224 0
225 1
226 2
227 1
228 1
229 1
230 0
231 1
232 -3
233 -2
234 -2
235 -1
236 -1
237 0
238 -1
239 -1
240 -2
241 -1
242 -1
243 -2
244 -1
245 1
246 1
247 2
248 2
249 1
250 1
251 -2
252 -3
253 -2
254 0
255 0
