0 2
1 -1
2 0
3 0
4 0
5 -1
6 -2
7 -3
8 -3
9 -2
10 -3
11 -2
12 -2
13 0
14 -2
15 -1
16 -1
17 -1
18 -1
19 -1
20 -2
21 -3
22 -2
23 -1
24 -1
25 -1
26 -1
27 -3
28 -2
29 0
30 1
31 2
32 0
33 0
34 -1
35 0
36 0
37 0
38 0
39 -1
40 1
41 0
42 0
43 -1
44 -1
45 0
46 -1
47 0
48 1
49 1
50 0
51 -1
52 0
53 0
54 -1
55 -1
56 0
57 0
58 1
59 0
60 -1
61 0
62 1
63 1
64 1
65 0
66 3
67 2
68 1
69 1
70 2
71 2
72 0
73 -1
74 -1
75 0
76 0
77 1
78 0
79 -1
80 -2
81 -1
82 -2
83 -1
84 -2
85 -2
86 -1
87 0
88 0
89 1
90 -1
91 -1
92 -1
93 -1
94 -2
95 -1
96 -2
97 -2
98 -1
99 -1
100 0
101 0
102 1
103 0
104 -1
105 0
106 0
107 -1
108 1
109 2
110 3
111 3
112 2
113 1
114 0
115 2
116 0
117 0
118 -1
119 0
120 0
121 0
122 0
123 0
124 0
125 0
126 0
127 0
128 0
129 2
130 1
131 0
132 1
133 0
134 0
135 1
136 2
137 2
138 2
139 1
140 0
141 1
142 0
143 -1
144 0
145 0
146 2
147 2
148 1
149 1
150 2
151 0
152 0
153 -1
154 0
155 1
156 1
157 2
158 2
159 2
160 2
161 0
162 0
163 0
164 -1
165 -1
166 -1
167 -1
168 -1
169 -1
170 -1
171 0
172 1
173 1
174 1
175 1
176 2
177 0
178 0
179 0
180 1
181 0
182 0
183 0
184 1
185 1
186 1
187 1
188 1
189 1
190 0
191 -1
192 -1
193 -1
194 -1
195 0
196 -3
197 -3
198 -1
199 -2
200 -2
201 -3
202 -2
203 -1
204 0
205 -2
206 -2
207 -1
208 -1
209 0
210 0
211 -3
212 -3
213 -1
214 -1
215 -3
216 -2
217 -1
218 -2
219 0
220 -1
221 -1
222 -1
223 -1
224 0
225 0
226 0
227 0
228 0
229 1
230 -1
231 -2
232 -1
233 -2
234 -1
235 -1
236 -1
237 -2
238 -1
239 0
240 0
241 -1
242 2
243 2
244 1
245 1
246 1
247 2
248 2
249 4
250 3
251 3
252 3
253 3
254 3
255 2
