0 0
1 -2
2 -2
3 -1
4 -1
5 -1
6 -1
7 0
8 1
9 0
10 -1
11 -2
12 -3
13 -4
14 -6
15 -6
16 -5
17 -7
18 -6
19 -7
20 -6
21 -6
22 -6
23 -5
24 -6
25 -5
26 -6
27 -6
28 -5
29 -6
30 -6
31 -7
32 -7
33 -7
34 -6
35 -6
36 -3
37 -4
38 -6
39 -5
40 -6
41 -6
42 -6
43 -8
44 -8
45 -10
46 -7
47 -5
48 -2
49 -1
50 -1
51 -1
52 2
53 2
54 1
55 1
56 0
57 1
58 1
59 2
60 2
61 2
62 4
63 4
64 5
65 3
66 2
67 1
68 2
69 1
70 2
71 1
72 -1
73 -2
74 -3
75 -2
76 -2
77 -2
78 -4
79 -3
80 -2
81 -4
82 -3
83 -3
84 0
85 -2
86 -2
87 -3
88 -1
89 -3
90 -6
91 -4
92 -3
93 -3
94 -5
95 -4
96 -3
97 -1
98 -1
99 -2
100 -1
101 0
102 0
103 -2
104 -2
105 0
106 -1
107 -5
108 -5
109 -5
110 -4
111 -5
112 -4
113 -3
114 -3
115 -2
116 1
117 3
118 3
119 3
120 3
121 3
122 2
123 0
124 -1
125 -1
126 -1
127 -1
128 0
129 0
130 1
131 0
132 -2
133 -4
134 -6
135 -4
136 -4
137 -5
138 -6
139 -7
140 -8
141 -10
142 -10
143 -11
144 -13
145 -14
146 -14
147 -13
148 -12
149 -12
150 -10
151 -10
152 -10
153 -11
154 -11
155 -8
156 -9
157 -12
158 -10
159 -6
160 -4
161 -6
162 -7
163 -5
164 -7
165 -8
166 -9
167 -8
168 -7
169 -7
170 -5
171 -5
172 -4
173 -3
174 -1
175 -1
176 -4
177 -5
178 -7
179 -7
180 -6
181 -8
182 -7
183 -7
184 -2
185 -2
186 -1
187 -1
188 1
189 1
190 3
191 0
192 -2
193 -1
194 1
195 1
196 -1
197 -1
198 -2
199 -2
200 0
201 1
202 2
203 3
204 3
205 2
206 3
207 6
208 7
209 8
210 8
211 8
212 7
213 8
214 8
215 6
216 7
217 6
218 6
219 9
220 7
221 7
222 7
223 8
224 9
225 10
226 9
227 7
228 10
229 10
230 11
231 11
232 13
233 11
234 10
235 7
236 7
237 6
238 4
239 5
240 4
241 3
242 4
243 5
244 5
245 4
246 3
247 5
248 6
249 6
250 6
251 4
252 3
253 2
254 0
255 1
