0 16
1 18
2 17
3 20
4 16
5 17
6 15
7 16
8 18
9 17
10 19
11 21
12 20
13 19
14 21
15 20
16 22
17 23
18 24
19 23
20 24
21 26
22 27
23 24
24 26
25 25
26 23
27 22
28 21
29 21
30 23
31 23
32 21
33 23
34 23
35 23
36 22
37 24
38 22
39 22
40 24
41 23
42 20
43 18
44 19
45 20
46 17
47 14
48 15
49 16
50 16
51 16
52 16
53 16
54 18
55 19
56 19
57 18
58 17
59 18
60 19
61 18
62 18
63 19
64 19
65 19
66 21
67 23
68 23
69 23
70 22
71 20
72 18
73 15
74 15
75 12
76 15
77 17
78 17
79 15
80 16
81 16
82 17
83 16
84 14
85 12
86 13
87 16
88 16
89 18
90 17
91 18
92 18
93 19
94 19
95 20
96 18
97 18
98 19
99 19
100 18
101 17
102 15
103 14
104 15
105 16
106 14
107 10
108 9
109 8
110 10
111 8
112 7
113 7
114 7
115 7
116 7
117 7
118 7
119 8
120 9
121 7
122 6
123 7
124 7
125 7
126 6
127 4
128 6
129 7
130 6
131 5
132 10
133 10
134 8
135 6
136 7
137 7
138 9
139 10
140 10
141 14
142 15
143 16
144 16
145 15
146 16
147 14
148 14
149 14
150 13
151 13
152 11
153 13
154 14
155 14
156 17
157 16
158 16
159 17
160 19
161 20
162 19
163 18
164 18
165 21
166 21
167 17
168 17
169 17
170 17
171 17
172 18
173 17
174 17
175 17
176 18
177 15
178 16
179 15
180 15
181 16
182 14
183 16
184 15
185 15
186 19
187 20
188 17
189 14
190 14
191 14
192 13
193 13
194 12
195 12
196 14
197 15
198 17
199 15
200 13
201 12
202 12
203 12
204 12
205 12
206 12
207 11
208 10
209 11
210 10
211 12
212 13
213 12
214 14
215 13
216 14
217 10
218 8
219 8
220 10
221 10
222 11
223 12
224 13
225 14
226 15
227 17
228 16
229 17
230 16
231 15
232 14
233 17
234 13
235 13
236 13
237 12
238 12
239 13
240 12
241 12
242 12
243 14
244 13
245 13
246 15
247 14
248 14
249 16
250 18
251 18
252 16
253 16
254 17
255 16
