0 -2
1 -2
2 -2
3 -3
4 -1
5 0
6 0
7 0
8 0
9 0
10 1
11 0
12 -2
13 1
14 0
15 -1
16 -1
17 0
18 0
19 1
20 1
21 0
22 1
23 0
24 -1
25 -1
26 0
27 0
28 2
29 2
30 1
31 1
32 0
33 1
34 1
35 1
36 2
37 1
38 1
39 0
40 0
41 0
42 -1
43 -1
44 1
45 1
46 0
47 -1
48 0
49 -1
50 0
51 0
52 0
53 1
54 1
55 2
56 0
57 -2
58 -1
59 -1
60 -1
61 0
62 0
63 1
64 0
65 0
66 -1
67 1
68 1
69 0
70 2
71 1
72 1
73 1
74 1
75 0
76 -1
77 -1
78 -1
79 -2
80 -1
81 1
82 0
83 1
84 0
85 1
86 1
87 1
88 1
89 0
90 1
91 0
92 0
93 0
94 1
95 1
96 1
97 2
98 2
99 2
100 1
101 1
102 -1
103 -1
104 0
105 -1
106 -1
107 -1
108 0
109 0
110 0
111 1
112 0
113 -1
114 0
115 -2
116 -4
117 -3
118 -2
119 0
120 1
121 1
122 1
123 1
124 0
125 -1
126 0
127 -1
128 -1
129 0
130 0
131 -1
132 0
133 -1
134 0
135 -1
136 -1
137 -1
138 1
139 3
140 1
141 1
142 1
143 1
144 2
145 0
146 2
147 1
148 1
149 0
150 2
151 2
152 2
153 0
154 -1
155 -1
156 1
157 1
158 0
159 -2
160 -1
161 0
162 -2
163 -3
164 -1
165 0
166 1
167 0
168 0
169 -1
170 -1
171 0
172 0
173 -2
174 0
175 0
176 1
177 0
178 0
179 0
180 0
181 0
182 0
183 0
184 1
185 2
186 1
187 0
188 0
189 0
190 0
191 0
192 1
193 0
194 0
195 0
196 0
197 0
198 0
199 0
200 -1
201 0
202 0
203 0
204 -1
205 -1
206 1
207 1
208 2
209 2
210 1
211 1
212 0
213 0
214 0
215 -1
216 -2
217 -2
218 -1
219 -1
220 -1
221 -1
222 -3
223 -2
224 -3
225 -3
226 -4
227 -3
228 0
229 0
230 1
231 0
232 -1
233 -1
234 -2
235 0
236 0
237 0
238 -1
239 -1
240 -2
241 -3
242 -2
243 -1
244 0
245 -1
246 0
247 -1
248 -1
249 1
250 -1
251 0
252 1
253 0
254 0
255 -1
