0 87
1 86
2 85
3 82
4 83
5 83
6 83
7 83
8 83
9 82
10 82
11 84
12 83
13 80
14 82
15 81
16 84
17 84
18 85
19 87
20 85
21 87
22 89
23 87
24 88
25 87
26 85
27 83
28 82
29 82
30 81
31 82
32 80
33 77
34 75
35 70
36 72
37 73
38 75
39 74
40 75
41 76
42 80
43 80
44 82
45 82
46 81
47 82
48 84
49 82
50 81
51 81
52 82
53 84
54 82
55 82
56 82
57 82
58 83
59 82
60 82
61 83
62 83
63 83
64 82
65 81
66 77
67 74
68 74
69 74
70 76
71 77
72 79
73 77
74 77
75 76
76 75
77 77
78 75
79 74
80 72
81 72
82 70
83 71
84 71
85 70
86 71
87 72
88 71
89 71
90 70
91 72
92 74
93 77
94 78
95 75
96 78
97 79
98 79
99 81
100 81
101 82
102 80
103 81
104 82
105 82
106 80
107 81
108 81
109 80
110 80
111 78
112 74
113 78
114 77
115 75
116 76
117 77
118 78
119 74
120 74
121 74
122 75
123 74
124 74
125 74
126 77
127 77
128 76
129 75
130 74
131 71
132 70
133 67
134 68
135 69
136 70
137 68
138 66
139 67
140 66
141 66
142 67
143 68
144 69
145 67
146 67
147 69
148 68
149 68
150 68
151 69
152 69
153 70
154 72
155 71
156 71
157 69
158 70
159 69
160 70
161 69
162 69
163 72
164 70
165 70
166 72
167 72
168 70
169 71
170 70
171 71
172 69
173 68
174 69
175 74
176 72
177 73
178 70
179 69
180 71
181 72
182 73
183 73
184 72
185 73
186 71
187 70
188 71
189 70
190 70
191 72
192 72
193 75
194 75
195 75
196 75
197 74
198 72
199 70
200 71
201 70
202 67
203 66
204 66
205 68
206 66
207 65
208 64
209 62
210 63
211 62
212 61
213 61
214 60
215 64
216 66
217 66
218 68
219 68
220 69
221 70
222 67
223 67
224 66
225 68
226 68
227 70
228 73
229 75
230 74
231 74
232 72
233 72
234 73
235 74
236 77
237 78
238 80
239 82
240 81
241 81
242 81
243 79
244 79
245 79
246 77
247 77
248 78
249 79
250 79
251 78
252 81
253 84
254 84
255 86
