0 1
1 0
2 0
3 0
4 1
5 1
6 0
7 -1
8 0
9 1
10 1
11 2
12 1
13 -1
14 -2
15 -1
16 -1
17 -2
18 -2
19 -1
20 0
21 0
22 0
23 0
24 0
25 -1
26 -1
27 0
28 1
29 0
30 0
31 0
32 0
33 2
34 2
35 1
36 1
37 2
38 2
39 2
40 2
41 1
42 0
43 0
44 0
45 0
46 0
47 0
48 2
49 1
50 2
51 2
52 3
53 2
54 2
55 2
56 2
57 1
58 1
59 1
60 1
61 1
62 1
63 1
64 1
65 1
66 0
67 0
68 -1
69 -1
70 -1
71 -1
72 -2
73 -1
74 -1
75 -1
76 -1
77 -2
78 0
79 1
80 1
81 1
82 0
83 0
84 -1
85 0
86 1
87 0
88 0
89 0
90 0
91 0
92 1
93 0
94 0
95 -1
96 -1
97 0
98 0
99 1
100 3
101 2
102 2
103 1
104 0
105 0
106 0
107 0
108 0
109 0
110 0
111 -1
112 -2
113 -2
114 -1
115 -1
116 -1
117 -2
118 -1
119 -1
120 -1
121 0
122 0
123 0
124 0
125 1
126 2
127 3
128 3
129 3
130 3
131 3
132 2
133 2
134 2
135 2
136 2
137 2
138 2
139 1
140 3
141 3
142 2
143 2
144 2
145 1
146 1
147 1
148 1
149 1
150 0
151 1
152 0
153 -1
154 -1
155 -1
156 -1
157 -1
158 0
159 0
160 1
161 2
162 2
163 3
164 1
165 1
166 0
167 0
168 0
169 1
170 2
171 2
172 0
173 -1
174 -1
175 -2
176 -2
177 -1
178 0
179 0
180 0
181 -1
182 -2
183 -2
184 -2
185 -2
186 -1
187 -2
188 -2
189 -2
190 -2
191 -3
192 -2
193 -2
194 -1
195 0
196 -1
197 -1
198 -1
199 -1
200 -1
201 -1
202 -1
203 0
204 -1
205 -1
206 0
207 -1
208 1
209 1
210 1
211 0
212 1
213 2
214 2
215 2
216 1
217 1
218 0
219 -1
220 -1
221 -1
222 0
223 1
224 2
225 3
226 3
227 2
228 1
229 2
230 2
231 2
232 1
233 1
234 1
235 1
236 1
237 2
238 2
239 1
240 1
241 1
242 1
243 1
244 1
245 0
246 -1
247 -1
248 -1
249 -1
250 -1
251 0
252 0
253 0
254 1
255 1
