0 0
1 -1
2 0
3 0
4 0
5 0
6 1
7 0
8 0
9 0
10 0
11 0
12 0
13 0
14 0
15 1
16 1
17 1
18 1
19 2
20 2
21 2
22 1
23 1
24 2
25 3
26 3
27 2
28 2
29 2
30 0
31 0
32 0
33 1
34 1
35 1
36 2
37 1
38 1
39 1
40 0
41 0
42 0
43 0
44 0
45 0
46 -1
47 -1
48 0
49 0
50 0
51 0
52 0
53 0
54 0
55 1
56 0
57 0
58 0
59 0
60 0
61 -1
62 0
63 1
64 0
65 -1
66 1
67 1
68 1
69 0
70 0
71 1
72 1
73 2
74 1
75 2
76 2
77 0
78 1
79 0
80 0
81 1
82 1
83 0
84 0
85 -1
86 -1
87 -2
88 -1
89 -1
90 -1
91 -3
92 -2
93 -2
94 -2
95 -2
96 -1
97 0
98 0
99 0
100 1
101 0
102 1
103 0
104 0
105 1
106 0
107 0
108 1
109 1
110 1
111 1
112 2
113 1
114 1
115 1
116 1
117 -1
118 0
119 1
120 1
121 1
122 0
123 -1
124 0
125 -2
126 0
127 0
128 1
129 0
130 1
131 1
132 1
133 0
134 -1
135 -2
136 -2
137 -1
138 -1
139 0
140 1
141 1
142 0
143 0
144 1
145 1
146 0
147 1
148 1
149 1
150 2
151 3
152 2
153 2
154 2
155 2
156 2
157 3
158 2
159 1
160 2
161 3
162 3
163 3
164 3
165 2
166 2
167 1
168 0
169 0
170 -1
171 -1
172 0
173 0
174 0
175 0
176 0
177 1
178 -1
179 -1
180 -2
181 -2
182 -2
183 -1
184 0
185 -1
186 0
187 0
188 0
189 0
190 -1
191 0
192 0
193 -1
194 0
195 1
196 2
197 2
198 1
199 0
200 -1
201 -1
202 -1
203 0
204 0
205 0
206 0
207 0
208 1
209 0
210 0
211 0
212 0
213 -1
214 0
215 1
216 1
217 0
218 1
219 0
220 0
221 0
222 -1
223 -1
224 0
225 0
226 0
227 0
228 1
229 1
230 1
231 1
232 1
233 0
234 -1
235 -1
236 -1
237 -1
238 0
239 2
240 2
241 2
242 1
243 1
244 1
245 2
246 2
247 4
248 3
249 3
250 3
251 2
252 1
253 1
254 2
255 1
