0 1
1 1
2 -1
3 -1
4 -1
5 0
6 0
7 0
8 -1
9 -1
10 0
11 0
12 -1
13 -2
14 -1
15 -1
16 -2
17 -2
18 -3
19 -3
20 -4
21 -3
22 -2
23 -2
24 -2
25 -2
26 -1
27 -1
28 -2
29 -1
30 -1
31 -1
32 -1
33 -1
34 -1
35 -1
36 -1
37 -2
38 -2
39 -2
40 -3
41 -3
42 -2
43 -2
44 -3
45 -3
46 -2
47 -1
48 -1
49 -2
50 -1
51 0
52 2
53 3
54 3
55 3
56 1
57 0
58 1
59 1
60 1
61 0
62 -1
63 -3
64 -2
65 -3
66 -4
67 -4
68 -3
69 -2
70 -2
71 -1
72 -2
73 -1
74 -2
75 -2
76 -1
77 0
78 0
79 1
80 0
81 -1
82 1
83 2
84 3
85 3
86 2
87 2
88 1
89 2
90 2
91 2
92 2
93 1
94 1
95 1
96 0
97 0
98 -1
99 0
100 1
101 1
102 1
103 1
104 2
105 4
106 4
107 5
108 4
109 5
110 6
111 6
112 6
113 6
114 5
115 5
116 5
117 5
118 5
119 6
120 5
121 5
122 4
123 4
124 5
125 4
126 4
127 4
128 5
129 6
130 5
131 5
132 4
133 5
134 4
135 4
136 4
137 4
138 5
139 5
140 5
141 4
142 4
143 5
144 4
145 3
146 5
147 5
148 4
149 3
150 3
151 3
152 2
153 2
154 2
155 2
156 2
157 2
158 1
159 1
160 2
161 2
162 2
163 3
164 2
165 2
166 3
167 2
168 1
169 1
170 1
171 0
172 0
173 1
174 0
175 0
176 0
177 1
178 0
179 0
180 -1
181 -1
182 -2
183 -2
184 -2
185 -1
186 -1
187 -1
188 -1
189 0
190 0
191 0
192 0
193 0
194 0
195 0
196 0
197 -1
198 -2
199 -3
200 -3
201 -2
202 0
203 2
204 2
205 2
206 2
207 1
208 1
209 1
210 0
211 0
212 0
213 1
214 2
215 2
216 2
217 1
218 1
219 1
220 2
221 2
222 2
223 3
224 3
225 3
226 2
227 1
228 0
229 0
230 -1
231 -1
232 0
233 -1
234 0
235 0
236 0
237 0
238 -1
239 -1
240 -1
241 -1
242 0
243 0
244 1
245 1
246 1
247 1
248 0
249 0
250 0
251 1
252 1
253 2
254 2
255 2
