0 1
1 2
2 2
3 1
4 3
5 4
6 3
7 3
8 3
9 3
10 3
11 3
12 4
13 3
14 3
15 1
16 0
17 -1
18 -1
19 0
20 0
21 0
22 -1
23 -3
24 -2
25 -1
26 -2
27 -3
28 -4
29 -3
30 -3
31 -2
32 -3
33 -2
34 -3
35 -3
36 -2
37 -5
38 -5
39 -5
40 -5
41 -4
42 -3
43 -3
44 -3
45 -4
46 -2
47 -2
48 -2
49 -2
50 -1
51 -2
52 -2
53 -2
54 -3
55 -4
56 -3
57 -3
58 -3
59 -3
60 -2
61 -3
62 -3
63 -3
64 -3
65 -3
66 -3
67 -1
68 -2
69 -2
70 -2
71 -1
72 -2
73 -1
74 -1
75 -2
76 -1
77 -1
78 0
79 -1
80 0
81 -2
82 0
83 -2
84 -4
85 -4
86 -2
87 -2
88 -1
89 -2
90 -2
91 -1
92 0
93 0
94 0
95 0
96 0
97 0
98 1
99 0
100 0
101 -1
102 1
103 1
104 1
105 1
106 2
107 3
108 4
109 2
110 3
111 4
112 5
113 5
114 4
115 4
116 4
117 3
118 1
119 0
120 0
121 1
122 0
123 1
124 1
125 1
126 0
127 2
128 2
129 3
130 1
131 2
132 0
133 0
134 0
135 1
136 1
137 0
138 1
139 1
140 -1
141 -1
142 -3
143 -4
144 -4
145 -6
146 -6
147 -7
148 -6
149 -6
150 -5
151 -5
152 -6
153 -6
154 -7
155 -6
156 -5
157 -5
158 -4
159 -4
160 -4
161 -4
162 -2
163 -2
164 -2
165 0
166 0
167 -2
168 -2
169 -2
170 0
171 2
172 1
173 1
174 0
175 0
176 2
177 1
178 0
179 -1
180 -3
181 -2
182 -3
183 -3
184 -2
185 -1
186 -1
187 -3
188 -3
189 -5
190 -4
191 -3
192 -4
193 -4
194 -4
195 -4
196 -3
197 -3
198 -2
199 -2
200 -3
201 -3
202 -3
203 -2
204 -4
205 -3
206 -3
207 -3
208 -2
209 -4
210 -4
211 -4
212 -2
213 -2
214 -2
215 -1
216 -1
217 0
218 1
219 -1
220 1
221 2
222 3
223 3
224 5
225 4
226 5
227 6
228 6
229 7
230 6
231 6
232 6
233 6
234 6
235 5
236 5
237 5
238 5
239 6
240 6
241 7
242 5
243 6
244 4
245 4
246 5
247 4
248 4
249 3
250 4
251 4
252 3
253 3
254 2
255 3
