0 -1
1 1
2 0
3 0
4 1
5 3
6 2
7 3
8 5
9 5
10 5
11 6
12 6
13 6
14 6
15 6
16 6
17 6
18 6
19 4
20 3
21 2
22 1
23 1
24 -1
25 0
26 1
27 2
28 3
29 4
30 3
31 2
32 1
33 2
34 4
35 3
36 4
37 4
38 5
39 5
40 2
41 1
42 2
43 2
44 0
45 1
46 2
47 2
48 3
49 3
50 3
51 2
52 1
53 -1
54 -2
55 -2
56 -4
57 -3
58 -1
59 1
60 1
61 1
62 1
63 0
64 -1
65 -1
66 -2
67 -1
68 -1
69 0
70 0
71 0
72 0
73 -2
74 -2
75 -2
76 0
77 0
78 -1
79 -2
80 -2
81 -3
82 -4
83 -4
84 -3
85 -4
86 -3
87 -2
88 -2
89 -3
90 -3
91 -3
92 -1
93 -2
94 -2
95 -4
96 -4
97 -5
98 -6
99 -7
100 -9
101 -9
102 -9
103 -8
104 -7
105 -5
106 -3
107 -4
108 -4
109 -5
110 -6
111 -5
112 -6
113 -5
114 -4
115 -5
116 -5
117 -6
118 -7
119 -7
120 -8
121 -7
122 -7
123 -6
124 -7
125 -8
126 -10
127 -10
128 -9
129 -8
130 -9
131 -9
132 -10
133 -10
134 -10
135 -8
136 -8
137 -7
138 -8
139 -8
140 -8
141 -8
142 -6
143 -6
144 -7
145 -6
146 -5
147 -5
148 -4
149 -4
150 -4
151 -4
152 -6
153 -5
154 -5
155 -6
156 -6
157 -7
158 -7
159 -9
160 -6
161 -7
162 -8
163 -9
164 -9
165 -10
166 -9
167 -6
168 -5
169 -4
170 -3
171 -4
172 -3
173 -1
174 0
175 1
176 1
177 -1
178 0
179 1
180 1
181 1
182 2
183 0
184 1
185 0
186 2
187 2
188 2
189 2
190 3
191 3
192 3
193 3
194 3
195 4
196 3
197 3
198 3
199 4
200 4
201 4
202 2
203 1
204 0
205 1
206 0
207 -1
208 0
209 0
210 0
211 1
212 0
213 -1
214 -3
215 -1
216 0
217 1
218 1
219 2
220 1
221 2
222 2
223 4
224 3
225 3
226 2
227 1
228 0
229 0
230 0
231 -1
232 0
233 -3
234 -4
235 -5
236 -4
237 -4
238 -3
239 -3
240 -3
241 -4
242 -4
243 -4
244 -4
245 -3
246 -1
247 -1
248 0
249 0
250 -1
251 -1
252 -1
253 -2
254 -3
255 -2
