0 4
1 3
2 2
3 2
4 3
5 3
6 3
7 3
8 3
9 4
10 3
11 3
12 3
13 3
14 2
15 2
16 2
17 2
18 2
19 1
20 1
21 0
22 0
23 0
24 -1
25 -1
26 0
27 0
28 -1
29 0
30 0
31 1
32 2
33 2
34 2
35 1
36 2
37 2
38 2
39 3
40 3
41 2
42 1
43 2
44 2
45 2
46 2
47 3
48 2
49 2
50 2
51 2
52 2
53 2
54 3
55 3
56 3
57 3
58 3
59 2
60 2
61 1
62 1
63 1
64 1
65 2
66 3
67 4
68 3
69 3
70 2
71 2
72 2
73 1
74 2
75 2
76 2
77 1
78 1
79 1
80 1
81 0
82 1
83 1
84 1
85 1
86 1
87 2
88 2
89 1
90 1
91 0
92 1
93 1
94 1
95 1
96 0
97 -1
98 0
99 0
100 0
101 1
102 1
103 1
104 1
105 0
106 0
107 0
108 0
109 0
110 1
111 2
112 3
113 3
114 3
115 3
116 2
117 2
118 2
119 3
120 3
121 4
122 4
123 4
124 4
125 3
126 2
127 3
128 4
129 4
130 4
131 4
132 4
133 3
134 3
135 2
136 2
137 3
138 3
139 3
140 2
141 2
142 2
143 1
144 0
145 -1
146 -1
147 -1
148 -1
149 -2
150 -2
151 -2
152 -1
153 -1
154 -1
155 -1
156 -1
157 0
158 -1
159 0
160 -2
161 -2
162 -2
163 -1
164 -1
165 -2
166 -1
167 -1
168 -1
169 -1
170 -2
171 -2
172 -2
173 -2
174 -3
175 -3
176 -3
177 -3
178 -3
179 -2
180 -2
181 0
182 -1
183 -1
184 0
185 -1
186 -1
187 0
188 1
189 1
190 1
191 1
192 0
193 0
194 0
195 1
196 1
197 0
198 0
199 -1
200 0
201 0
202 -1
203 0
204 0
205 0
206 0
207 0
208 0
209 0
210 0
211 -1
212 -1
213 -1
214 -1
215 -1
216 -1
217 -1
218 -3
219 -3
220 -2
221 -1
222 0
223 -1
224 -1
225 -1
226 0
227 1
228 1
229 0
230 -1
231 1
232 2
233 3
234 3
235 3
236 3
237 4
238 3
239 3
240 3
241 4
242 4
243 5
244 5
245 5
246 5
247 6
248 6
249 6
250 5
251 6
252 6
253 6
254 5
255 5
