0 0
1 -2
2 -2
3 -3
4 -2
5 0
6 1
7 1
8 1
9 2
10 2
11 0
12 0
13 0
14 -2
15 -1
16 -2
17 0
18 0
19 -3
20 -3
21 -2
22 0
23 1
24 1
25 0
26 1
27 2
28 3
29 0
30 0
31 0
32 1
33 0
34 1
35 2
36 2
37 1
38 2
39 5
40 2
41 1
42 -1
43 -1
44 1
45 -1
46 1
47 1
48 1
49 3
50 2
51 1
52 1
53 0
54 0
55 1
56 2
57 2
58 2
59 2
60 1
61 1
62 3
63 3
64 5
65 5
66 6
67 7
68 4
69 1
70 1
71 0
72 1
73 2
74 3
75 2
76 1
77 2
78 0
79 3
80 2
81 3
82 3
83 0
84 0
85 -1
86 0
87 0
88 1
89 1
90 0
91 -1
92 2
93 2
94 0
95 0
96 -1
97 -3
98 -1
99 -1
100 -1
101 -3
102 -1
103 1
104 0
105 0
106 -1
107 -1
108 1
109 3
110 1
111 2
112 3
113 4
114 4
115 5
116 6
117 6
118 6
119 5
120 4
121 4
122 3
123 5
124 3
125 2
126 2
127 1
128 1
129 1
130 0
131 -1
132 -3
133 -2
134 -3
135 -1
136 -2
137 -1
138 0
139 0
140 -1
141 -1
142 2
143 3
144 3
145 4
146 6
147 7
148 7
149 7
150 5
151 3
152 3
153 3
154 4
155 2
156 2
157 2
158 2
159 0
160 1
161 0
162 1
163 2
164 2
165 3
166 3
167 2
168 0
169 -1
170 -1
171 0
172 -1
173 0
174 1
175 0
176 2
177 1
178 0
179 0
180 1
181 0
182 2
183 1
184 2
185 2
186 1
187 0
188 -1
189 -2
190 -1
191 -2
192 -4
193 -3
194 -2
195 -1
196 0
197 0
198 -1
199 -1
200 -1
201 0
202 -1
203 0
204 1
205 2
206 1
207 0
208 -1
209 -1
210 -1
211 -3
212 -4
213 -2
214 -3
215 -1
216 -3
217 -4
218 -2
219 -1
220 -1
221 -1
222 1
223 -1
224 0
225 0
226 -2
227 -3
228 0
229 0
230 0
231 -1
232 -2
233 -1
234 -2
235 -2
236 -3
237 -3
238 -3
239 -3
240 -2
241 -1
242 -1
243 0
244 -1
245 -1
246 1
247 0
248 0
249 0
250 -1
251 -1
252 -2
253 -1
254 -1
255 0
