0 22
1 21
2 20
3 20
4 21
5 21
6 20
7 20
8 21
9 21
10 19
11 22
12 22
13 22
14 21
15 20
16 18
17 19
18 18
19 17
20 18
21 19
22 19
23 20
24 18
25 18
26 17
27 16
28 15
29 17
30 15
31 14
32 14
33 13
34 14
35 16
36 16
37 14
38 14
39 15
40 14
41 14
42 14
43 13
44 13
45 14
46 13
47 15
48 17
49 17
50 16
51 14
52 13
53 14
54 13
55 12
56 13
57 14
58 14
59 14
60 15
61 18
62 18
63 18
64 19
65 19
66 20
67 18
68 18
69 19
70 17
71 18
72 20
73 20
74 19
75 18
76 19
77 19
78 18
79 18
80 19
81 21
82 20
83 20
84 21
85 19
86 20
87 20
88 19
89 19
90 18
91 18
92 18
93 19
94 18
95 17
96 19
97 18
98 18
99 17
100 18
101 18
102 18
103 17
104 17
105 18
106 20
107 20
108 22
109 22
110 22
111 22
112 24
113 24
114 25
115 26
116 26
117 26
118 25
119 26
120 26
121 27
122 27
123 29
124 27
125 27
126 28
127 28
128 28
129 27
130 26
131 26
132 25
133 26
134 25
135 27
136 28
137 25
138 26
139 25
140 22
141 21
142 20
143 22
144 21
145 21
146 20
147 20
148 20
149 19
150 19
151 19
152 20
153 22
154 21
155 20
156 20
157 19
158 18
159 18
160 18
161 17
162 17
163 17
164 15
165 13
166 13
167 14
168 15
169 14
170 16
171 15
172 14
173 13
174 13
175 13
176 14
177 15
178 14
179 14
180 13
181 13
182 13
183 13
184 12
185 11
186 12
187 12
188 12
189 11
190 12
191 12
192 13
193 12
194 13
195 13
196 13
197 15
198 14
199 15
200 16
201 15
202 14
203 14
204 14
205 15
206 16
207 17
208 17
209 18
210 18
211 19
212 20
213 21
214 21
215 20
216 21
217 22
218 21
219 22
220 22
221 22
222 20
223 21
224 21
225 20
226 20
227 20
228 19
229 20
230 21
231 21
232 23
233 22
234 23
235 22
236 24
237 22
238 20
239 22
240 23
241 23
242 21
243 22
244 22
245 19
246 19
247 19
248 19
249 19
250 20
251 21
252 22
253 21
254 22
255 22
