0 -4
1 -3
2 -3
3 -3
4 -3
5 -1
6 0
7 0
8 -1
9 0
10 0
11 1
12 2
13 2
14 2
15 1
16 0
17 1
18 3
19 1
20 1
21 0
22 -1
23 -3
24 -2
25 -2
26 -2
27 -4
28 -4
29 -5
30 -2
31 1
32 1
33 3
34 2
35 0
36 0
37 0
38 2
39 2
40 2
41 1
42 0
43 1
44 -1
45 0
46 0
47 0
48 1
49 -1
50 -1
51 0
52 0
53 0
54 0
55 0
56 -2
57 -3
58 -1
59 -2
60 0
61 0
62 0
63 1
64 -1
65 0
66 0
67 2
68 2
69 2
70 2
71 2
72 4
73 5
74 5
75 4
76 5
77 3
78 4
79 4
80 6
81 4
82 3
83 2
84 0
85 0
86 1
87 0
88 1
89 5
90 9
91 9
92 10
93 9
94 8
95 6
96 6
97 6
98 7
99 6
100 5
101 3
102 2
103 3
104 2
105 1
106 0
107 0
108 2
109 1
110 4
111 3
112 2
113 3
114 2
115 0
116 2
117 2
118 3
119 5
120 5
121 4
122 4
123 2
124 1
125 2
126 4
127 2
128 2
129 3
130 2
131 3
132 2
133 1
134 0
135 -2
136 0
137 0
138 1
139 2
140 3
141 5
142 5
143 4
144 4
145 7
146 6
147 6
148 4
149 4
150 2
151 1
152 0
153 1
154 0
155 2
156 3
157 3
158 5
159 6
160 2
161 2
162 2
163 -1
164 -1
165 1
166 -1
167 -2
168 -3
169 -1
170 0
171 0
172 1
173 0
174 -1
175 -3
176 -5
177 -3
178 -1
179 1
180 2
181 2
182 1
183 2
184 3
185 0
186 0
187 -2
188 -1
189 -1
190 1
191 2
192 2
193 2
194 3
195 2
196 1
197 1
198 0
199 1
200 2
201 0
202 0
203 2
204 0
205 1
206 -1
207 2
208 1
209 3
210 5
211 6
212 5
213 4
214 4
215 2
216 0
217 0
218 -1
219 0
220 0
221 2
222 0
223 1
224 -3
225 -3
226 -6
227 -4
228 -5
229 -4
230 -2
231 -1
232 1
233 1
234 1
235 1
236 0
237 0
238 0
239 -2
240 -1
241 -1
242 0
243 -1
244 -1
245 0
246 1
247 1
248 0
249 -1
250 -2
251 -3
252 -5
253 -5
254 -4
255 -2
