0 0
1 0
2 0
3 -1
4 -3
5 -2
6 -3
7 -3
8 -4
9 -2
10 -1
11 0
12 0
13 -1
14 1
15 0
16 2
17 2
18 1
19 1
20 2
21 0
22 -1
23 -1
24 1
25 0
26 0
27 -2
28 -3
29 -4
30 -4
31 -2
32 -2
33 0
34 3
35 1
36 1
37 1
38 2
39 1
40 1
41 0
42 0
43 -2
44 1
45 0
46 1
47 0
48 -1
49 0
50 0
51 -1
52 -1
53 -1
54 0
55 0
56 1
57 1
58 0
59 -2
60 -2
61 -2
62 0
63 1
64 1
65 1
66 0
67 -1
68 1
69 3
70 3
71 3
72 2
73 2
74 1
75 0
76 1
77 1
78 0
79 2
80 0
81 0
82 2
83 2
84 3
85 3
86 2
87 1
88 -1
89 -1
90 -1
91 -1
92 -2
93 -1
94 1
95 0
96 0
97 1
98 0
99 0
100 1
101 2
102 1
103 2
104 2
105 0
106 2
107 1
108 5
109 3
110 1
111 2
112 2
113 3
114 4
115 3
116 4
117 1
118 1
119 0
120 0
121 0
122 -1
123 1
124 4
125 2
126 2
127 0
128 -2
129 -2
130 -1
131 -1
132 -3
133 -2
134 -2
135 -2
136 -3
137 -4
138 -3
139 -4
140 -4
141 -4
142 -3
143 -2
144 -2
145 -1
146 -1
147 -1
148 -2
149 -2
150 0
151 0
152 -2
153 -3
154 -3
155 -2
156 0
157 0
158 -1
159 -2
160 -1
161 -2
162 0
163 0
164 0
165 1
166 1
167 3
168 -1
169 -1
170 0
171 0
172 0
173 1
174 1
175 0
176 0
177 -2
178 -2
179 0
180 -1
181 -1
182 -2
183 -1
184 0
185 1
186 0
187 2
188 2
189 1
190 0
191 -1
192 -1
193 0
194 -1
195 1
196 0
197 1
198 1
199 1
200 1
201 1
202 1
203 1
204 1
205 3
206 2
207 1
208 1
209 1
210 1
211 1
212 1
213 2
214 2
215 2
216 1
217 2
218 3
219 1
220 2
221 5
222 4
223 5
224 3
225 2
226 1
227 0
228 -1
229 0
230 0
231 1
232 1
233 1
234 0
235 0
236 1
237 0
238 -2
239 -2
240 -1
241 0
242 -1
243 -1
244 -1
245 -3
246 -6
247 -5
248 -5
249 -6
250 -3
251 0
252 0
253 1
254 1
255 1
