0 -24
1 -25
2 -22
3 -23
4 -21
5 -20
6 -20
7 -21
8 -22
9 -19
10 -18
11 -19
12 -18
13 -22
14 -23
15 -22
16 -24
17 -24
18 -24
19 -23
20 -25
21 -25
22 -25
23 -24
24 -24
25 -26
26 -28
27 -31
28 -32
29 -33
30 -33
31 -35
32 -32
33 -31
34 -31
35 -32
36 -33
37 -32
38 -33
39 -30
40 -31
41 -34
42 -35
43 -38
44 -36
45 -36
46 -40
47 -40
48 -38
49 -37
50 -38
51 -37
52 -37
53 -38
54 -40
55 -38
56 -41
57 -42
58 -45
59 -45
60 -44
61 -44
62 -43
63 -40
64 -39
65 -38
66 -38
67 -37
68 -40
69 -39
70 -37
71 -36
72 -36
73 -35
74 -36
75 -34
76 -34
77 -37
78 -36
79 -36
80 -36
81 -37
82 -38
83 -35
84 -35
85 -37
86 -35
87 -35
88 -37
89 -41
90 -40
91 -40
92 -38
93 -38
94 -37
95 -37
96 -36
97 -35
98 -35
99 -37
100 -36
101 -33
102 -33
103 -30
104 -30
105 -30
106 -27
107 -27
108 -28
109 -26
110 -24
111 -24
112 -25
113 -25
114 -25
115 -23
116 -25
117 -24
118 -23
119 -23
120 -24
121 -21
122 -22
123 -22
124 -21
125 -20
126 -20
127 -22
128 -23
129 -22
130 -21
131 -22
132 -19
133 -19
134 -19
135 -20
136 -20
137 -20
138 -19
139 -20
140 -21
141 -22
142 -21
143 -23
144 -23
145 -22
146 -24
147 -24
148 -27
149 -27
150 -27
151 -25
152 -29
153 -29
154 -29
155 -26
156 -26
157 -26
158 -29
159 -32
160 -33
161 -34
162 -34
163 -36
164 -36
165 -36
166 -37
167 -35
168 -36
169 -39
170 -38
171 -38
172 -38
173 -40
174 -39
175 -41
176 -41
177 -41
178 -39
179 -39
180 -41
181 -38
182 -37
183 -38
184 -37
185 -35
186 -34
187 -36
188 -36
189 -35
190 -36
191 -32
192 -33
193 -33
194 -35
195 -33
196 -33
197 -31
198 -28
199 -31
200 -30
201 -29
202 -27
203 -30
204 -29
205 -30
206 -31
207 -32
208 -30
209 -29
210 -28
211 -27
212 -28
213 -27
214 -28
215 -28
216 -27
217 -26
218 -26
219 -28
220 -25
221 -26
222 -23
223 -22
224 -20
225 -23
226 -21
227 -22
228 -20
229 -18
230 -16
231 -16
232 -15
233 -16
234 -13
235 -16
236 -13
237 -14
238 -15
239 -15
240 -14
241 -13
242 -14
243 -17
244 -17
245 -19
246 -20
247 -22
248 -21
249 -20
250 -21
251 -21
252 -22
253 -26
254 -27
255 -25
