0 0
1 -1
2 -1
3 -3
4 -2
5 -2
6 -3
7 -4
8 -4
9 -4
10 -3
11 -3
12 -3
13 -3
14 -2
15 0
16 0
17 -1
18 -1
19 1
20 2
21 2
22 4
23 4
24 4
25 4
26 5
27 5
28 5
29 4
30 4
31 4
32 5
33 3
34 2
35 3
36 4
37 5
38 3
39 4
40 3
41 3
42 1
43 -3
44 -4
45 -4
46 -4
47 -1
48 0
49 -2
50 -2
51 -3
52 -2
53 0
54 1
55 0
56 -2
57 -3
58 -3
59 -3
60 -3
61 -1
62 -1
63 0
64 0
65 1
66 1
67 2
68 4
69 4
70 4
71 3
72 2
73 2
74 2
75 2
76 1
77 0
78 -1
79 0
80 -1
81 -1
82 0
83 -1
84 -1
85 -2
86 -2
87 -3
88 -1
89 -3
90 -2
91 -2
92 -2
93 -1
94 -2
95 -1
96 -2
97 -1
98 2
99 2
100 1
101 -1
102 -2
103 -3
104 -4
105 -4
106 -4
107 -5
108 -4
109 -5
110 -3
111 -1
112 -2
113 -3
114 -4
115 -5
116 -6
117 -4
118 -2
119 -2
120 -2
121 0
122 0
123 1
124 0
125 1
126 2
127 2
128 3
129 2
130 2
131 4
132 4
133 1
134 -1
135 0
136 0
137 2
138 1
139 0
140 -1
141 -1
142 -2
143 -3
144 -1
145 0
146 -2
147 -1
148 -2
149 -2
150 -4
151 -2
152 -1
153 0
154 1
155 1
156 1
157 -1
158 -3
159 -2
160 1
161 1
162 -1
163 0
164 0
165 0
166 -1
167 -1
168 -1
169 -2
170 0
171 1
172 1
173 0
174 -1
175 0
176 0
177 1
178 0
179 1
180 2
181 0
182 1
183 0
184 -1
185 -3
186 -3
187 -5
188 -2
189 -3
190 -4
191 -4
192 -2
193 -2
194 -2
195 -1
196 -2
197 -3
198 -2
199 -4
200 -2
201 -3
202 -2
203 -1
204 1
205 2
206 2
207 1
208 1
209 2
210 1
211 2
212 0
213 0
214 -1
215 -3
216 -3
217 -5
218 -5
219 -2
220 -2
221 -2
222 -1
223 -4
224 -4
225 -6
226 -5
227 -4
228 -4
229 -3
230 -1
231 -2
232 -1
233 1
234 0
235 0
236 0
237 1
238 0
239 -1
240 1
241 -1
242 -2
243 -1
244 -3
245 -4
246 -3
247 -2
248 -1
249 0
250 -1
251 -1
252 -1
253 0
254 1
255 2
