0 -82
1 -80
2 -77
3 -77
4 -78
5 -76
6 -77
7 -78
8 -78
9 -78
10 -77
11 -78
12 -79
13 -78
14 -79
15 -78
16 -80
17 -81
18 -82
19 -80
20 -80
21 -78
22 -78
23 -78
24 -79
25 -80
26 -79
27 -79
28 -79
29 -79
30 -79
31 -80
32 -79
33 -79
34 -80
35 -80
36 -78
37 -77
38 -77
39 -75
40 -77
41 -77
42 -79
43 -78
44 -78
45 -80
46 -79
47 -81
48 -82
49 -84
50 -85
51 -85
52 -82
53 -80
54 -81
55 -83
56 -83
57 -81
58 -83
59 -83
60 -83
61 -83
62 -82
63 -82
64 -81
65 -82
66 -82
67 -82
68 -81
69 -81
70 -82
71 -81
72 -82
73 -83
74 -81
75 -82
76 -83
77 -82
78 -80
79 -79
80 -78
81 -81
82 -79
83 -76
84 -76
85 -76
86 -76
87 -76
88 -77
89 -78
90 -80
91 -78
92 -75
93 -75
94 -76
95 -76
96 -76
97 -77
98 -78
99 -78
100 -78
101 -74
102 -71
103 -71
104 -73
105 -71
106 -72
107 -74
108 -75
109 -74
110 -75
111 -77
112 -77
113 -77
114 -75
115 -77
116 -78
117 -79
118 -82
119 -84
120 -84
121 -85
122 -84
123 -82
124 -83
125 -83
126 -82
127 -82
128 -83
129 -83
130 -83
131 -83
132 -85
133 -86
134 -86
135 -88
136 -88
137 -89
138 -87
139 -87
140 -88
141 -88
142 -86
143 -85
144 -85
145 -84
146 -84
147 -85
148 -85
149 -85
150 -83
151 -84
152 -84
153 -85
154 -85
155 -86
156 -85
157 -85
158 -84
159 -84
160 -85
161 -84
162 -82
163 -79
164 -79
165 -81
166 -84
167 -84
168 -86
169 -89
170 -88
171 -89
172 -89
173 -88
174 -87
175 -87
176 -87
177 -87
178 -87
179 -86
180 -84
181 -82
182 -81
183 -83
184 -84
185 -85
186 -87
187 -85
188 -84
189 -82
190 -81
191 -81
192 -81
193 -80
194 -81
195 -79
196 -80
197 -78
198 -74
199 -74
200 -74
201 -75
202 -76
203 -76
204 -76
205 -77
206 -78
207 -78
208 -78
209 -76
210 -75
211 -74
212 -75
213 -77
214 -78
215 -78
216 -78
217 -78
218 -79
219 -81
220 -83
221 -83
222 -84
223 -83
224 -81
225 -80
226 -79
227 -79
228 -79
229 -81
230 -81
231 -84
232 -86
233 -88
234 -88
235 -89
236 -89
237 -89
238 -89
239 -89
240 -92
241 -91
242 -89
243 -90
244 -91
245 -91
246 -90
247 -89
248 -89
249 -89
250 -87
251 -88
252 -85
253 -86
254 -85
255 -82
