0 -200
1 -202
2 -204
3 -204
4 -205
5 -204
6 -203
7 -202
8 -202
9 -203
10 -205
11 -205
12 -206
13 -204
14 -204
15 -206
16 -207
17 -205
18 -207
19 -208
20 -206
21 -206
22 -207
23 -208
24 -208
25 -210
26 -209
27 -208
28 -211
29 -210
30 -210
31 -210
32 -209
33 -211
34 -211
35 -209
36 -209
37 -206
38 -206
39 -206
40 -205
41 -203
42 -204
43 -207
44 -206
45 -205
46 -204
47 -206
48 -209
49 -207
50 -208
51 -208
52 -206
53 -206
54 -206
55 -207
56 -205
57 -207
58 -205
59 -206
60 -207
61 -208
62 -209
63 -207
64 -207
65 -208
66 -209
67 -209
68 -208
69 -205
70 -204
71 -205
72 -204
73 -204
74 -204
75 -203
76 -203
77 -204
78 -202
79 -203
80 -201
81 -201
82 -201
83 -200
84 -203
85 -199
86 -200
87 -200
88 -199
89 -200
90 -200
91 -199
92 -198
93 -197
94 -199
95 -200
96 -201
97 -201
98 -201
99 -200
100 -201
101 -200
102 -200
103 -201
104 -199
105 -196
106 -195
107 -193
108 -195
109 -194
110 -194
111 -190
112 -189
113 -189
114 -190
115 -191
116 -191
117 -192
118 -193
119 -191
120 -190
121 -192
122 -192
123 -192
124 -192
125 -194
126 -195
127 -197
128 -196
129 -196
130 -196
131 -196
132 -196
133 -197
134 -196
135 -197
136 -196
137 -195
138 -199
139 -199
140 -200
141 -200
142 -200
143 -199
144 -199
145 -200
146 -198
147 -198
148 -196
149 -194
150 -193
151 -193
152 -193
153 -193
154 -193
155 -192
156 -194
157 -195
158 -200
159 -200
160 -200
161 -199
162 -200
163 -200
164 -201
165 -201
166 -202
167 -205
168 -204
169 -206
170 -206
171 -207
172 -206
173 -207
174 -205
175 -205
176 -205
177 -203
178 -204
179 -203
180 -202
181 -201
182 -200
183 -200
184 -201
185 -202
186 -203
187 -201
188 -201
189 -201
190 -202
191 -199
192 -198
193 -198
194 -194
195 -192
196 -191
197 -193
198 -192
199 -193
200 -195
201 -198
202 -197
203 -197
204 -199
205 -199
206 -197
207 -200
208 -201
209 -200
210 -198
211 -198
212 -196
213 -199
214 -199
215 -197
216 -198
217 -199
218 -201
219 -205
220 -203
221 -203
222 -205
223 -207
224 -209
225 -211
226 -210
227 -209
228 -212
229 -210
230 -208
231 -208
232 -211
233 -211
234 -211
235 -209
236 -208
237 -210
238 -209
239 -207
240 -206
241 -206
242 -206
243 -209
244 -210
245 -209
246 -208
247 -209
248 -205
249 -205
250 -204
251 -201
252 -202
253 -201
254 -201
255 -201
