0 -1
1 -2
2 -3
3 -3
4 -2
5 -2
6 -2
7 -2
8 -3
9 -3
10 -4
11 -3
12 -2
13 -2
14 -1
15 -1
16 0
17 -1
18 -2
19 -2
20 -3
21 -4
22 -5
23 -5
24 -4
25 -5
26 -5
27 -5
28 -6
29 -6
30 -7
31 -7
32 -7
33 -6
34 -7
35 -8
36 -8
37 -8
38 -8
39 -8
40 -8
41 -9
42 -8
43 -8
44 -8
45 -7
46 -7
47 -7
48 -8
49 -7
50 -7
51 -7
52 -7
53 -6
54 -6
55 -6
56 -7
57 -7
58 -6
59 -7
60 -8
61 -7
62 -7
63 -8
64 -7
65 -7
66 -6
67 -7
68 -7
69 -7
70 -8
71 -9
72 -9
73 -9
74 -9
75 -9
76 -10
77 -10
78 -8
79 -8
80 -9
81 -9
82 -8
83 -9
84 -9
85 -9
86 -9
87 -8
88 -9
89 -10
90 -10
91 -10
92 -10
93 -11
94 -11
95 -11
96 -11
97 -11
98 -12
99 -11
100 -12
101 -12
102 -11
103 -11
104 -9
105 -9
106 -9
107 -8
108 -7
109 -7
110 -6
111 -6
112 -5
113 -5
114 -4
115 -5
116 -4
117 -6
118 -6
119 -5
120 -4
121 -4
122 -5
123 -4
124 -4
125 -4
126 -5
127 -4
128 -4
129 -3
130 -4
131 -4
132 -3
133 -2
134 -1
135 -1
136 -1
137 0
138 1
139 1
140 0
141 0
142 0
143 -1
144 -2
145 -2
146 -1
147 -1
148 -1
149 -2
150 -2
151 -2
152 -1
153 -2
154 -3
155 -3
156 -4
157 -4
158 -4
159 -3
160 -3
161 -3
162 -4
163 -5
164 -5
165 -5
166 -5
167 -5
168 -4
169 -3
170 -2
171 -1
172 -2
173 -1
174 -1
175 0
176 0
177 1
178 1
179 3
180 2
181 2
182 3
183 2
184 3
185 3
186 4
187 4
188 3
189 3
190 4
191 5
192 5
193 4
194 3
195 3
196 3
197 2
198 2
199 2
200 3
201 3
202 2
203 2
204 2
205 2
206 2
207 2
208 2
209 1
210 1
211 1
212 1
213 1
214 1
215 2
216 2
217 2
218 1
219 1
220 1
221 1
222 2
223 3
224 2
225 3
226 2
227 2
228 2
229 2
230 2
231 1
232 1
233 2
234 2
235 2
236 2
237 1
238 1
239 0
240 0
241 0
242 0
243 1
244 0
245 0
246 0
247 -2
248 -2
249 -1
250 0
251 0
252 0
253 -1
254 -1
255 -1
