0 29
1 29
2 29
3 28
4 28
5 27
6 26
7 26
8 27
9 27
10 26
11 26
12 25
13 26
14 25
15 26
16 26
17 26
18 26
19 26
20 26
21 27
22 27
23 26
24 27
25 29
26 28
27 29
28 29
29 30
30 30
31 31
32 31
33 32
34 31
35 32
36 32
37 31
38 31
39 30
40 30
41 29
42 29
43 29
44 30
45 30
46 30
47 30
48 30
49 31
50 31
51 32
52 31
53 33
54 33
55 34
56 33
57 34
58 35
59 36
60 36
61 35
62 36
63 37
64 37
65 37
66 36
67 36
68 36
69 34
70 34
71 34
72 34
73 34
74 34
75 34
76 33
77 33
78 33
79 33
80 33
81 33
82 33
83 33
84 34
85 35
86 34
87 32
88 32
89 31
90 31
91 31
92 31
93 31
94 31
95 31
96 31
97 31
98 29
99 29
100 29
101 28
102 28
103 28
104 29
105 28
106 28
107 28
108 29
109 30
110 30
111 30
112 29
113 28
114 28
115 28
116 27
117 26
118 27
119 27
120 28
121 28
122 27
123 27
124 26
125 25
126 25
127 24
128 24
129 25
130 25
131 24
132 24
133 24
134 22
135 24
136 25
137 26
138 27
139 26
140 26
141 26
142 27
143 27
144 27
145 27
146 26
147 26
148 27
149 26
150 27
151 26
152 26
153 25
154 25
155 25
156 26
157 27
158 28
159 29
160 29
161 30
162 30
163 29
164 30
165 30
166 30
167 30
168 30
169 31
170 31
171 31
172 30
173 31
174 31
175 31
176 31
177 32
178 33
179 32
180 32
181 32
182 34
183 34
184 34
185 34
186 34
187 34
188 34
189 34
190 34
191 34
192 33
193 34
194 33
195 33
196 33
197 33
198 33
199 33
200 32
201 31
202 32
203 33
204 33
205 33
206 33
207 32
208 34
209 35
210 35
211 36
212 35
213 35
214 34
215 33
216 32
217 31
218 31
219 31
220 31
221 32
222 32
223 32
224 33
225 33
226 32
227 31
228 32
229 32
230 33
231 32
232 32
233 31
234 32
235 31
236 31
237 30
238 29
239 28
240 27
241 28
242 29
243 28
244 30
245 29
246 29
247 30
248 30
249 30
250 30
251 30
252 30
253 30
254 29
255 29
