0 130
1 130
2 129
3 129
4 129
5 129
6 130
7 130
8 130
9 130
10 130
11 131
12 131
13 129
14 130
15 130
16 130
17 130
18 130
19 130
20 130
21 129
22 129
23 130
24 130
25 130
26 131
27 130
28 129
29 128
30 127
31 126
32 127
33 127
34 129
35 129
36 130
37 130
38 130
39 130
40 130
41 131
42 130
43 131
44 129
45 129
46 128
47 128
48 129
49 128
50 127
51 127
52 127
53 127
54 126
55 124
56 124
57 124
58 124
59 124
60 124
61 124
62 124
63 124
64 124
65 124
66 123
67 123
68 124
69 124
70 124
71 123
72 124
73 124
74 125
75 125
76 125
77 124
78 124
79 124
80 124
81 124
82 125
83 126
84 125
85 126
86 126
87 125
88 125
89 125
90 125
91 126
92 126
93 126
94 126
95 126
96 126
97 125
98 123
99 123
100 123
101 123
102 123
103 122
104 121
105 122
106 123
107 123
108 124
109 123
110 124
111 125
112 125
113 125
114 125
115 125
116 124
117 125
118 126
119 127
120 128
121 128
122 129
123 129
124 129
125 129
126 127
127 127
128 127
129 127
130 127
131 128
132 128
133 128
134 127
135 127
136 128
137 128
138 128
139 127
140 128
141 127
142 127
143 127
144 128
145 129
146 130
147 131
148 132
149 133
150 133
151 133
152 133
153 133
154 134
155 134
156 135
157 136
158 137
159 138
160 138
161 137
162 136
163 136
164 137
165 137
166 138
167 137
168 138
169 138
170 138
171 136
172 137
173 137
174 136
175 137
176 137
177 138
178 137
179 137
180 138
181 138
182 138
183 138
184 138
185 139
186 138
187 137
188 135
189 136
190 136
191 138
192 137
193 138
194 136
195 137
196 137
197 137
198 137
199 137
200 137
201 137
202 137
203 137
204 137
205 136
206 136
207 136
208 136
209 135
210 135
211 135
212 135
213 135
214 135
215 134
216 134
217 134
218 134
219 134
220 134
221 134
222 134
223 135
224 135
225 135
226 135
227 135
228 134
229 134
230 134
231 134
232 134
233 133
234 132
235 132
236 133
237 132
238 132
239 133
240 134
241 133
242 133
243 133
244 134
245 135
246 135
247 135
248 134
249 133
250 132
251 130
252 130
253 129
254 129
255 130
