0 67
1 68
2 68
3 67
4 67
5 67
6 68
7 68
8 69
9 70
10 67
11 69
12 68
13 66
14 65
15 67
16 65
17 64
18 63
19 61
20 60
21 58
22 60
23 61
24 64
25 66
26 67
27 65
28 66
29 65
30 64
31 63
32 64
33 63
34 64
35 63
36 62
37 63
38 65
39 61
40 61
41 60
42 62
43 60
44 59
45 59
46 60
47 62
48 65
49 64
50 64
51 62
52 63
53 61
54 59
55 58
56 58
57 58
58 56
59 58
60 59
61 60
62 59
63 58
64 56
65 57
66 56
67 57
68 58
69 57
70 56
71 57
72 58
73 59
74 58
75 58
76 60
77 60
78 58
79 57
80 57
81 55
82 55
83 57
84 57
85 56
86 58
87 56
88 54
89 52
90 52
91 51
92 50
93 49
94 52
95 50
96 49
97 52
98 55
99 55
100 55
101 56
102 57
103 57
104 58
105 59
106 62
107 62
108 60
109 60
110 58
111 57
112 57
113 61
114 61
115 60
116 60
117 61
118 60
119 59
120 57
121 57
122 55
123 54
124 55
125 56
126 58
127 58
128 57
129 54
130 53
131 56
132 54
133 57
134 56
135 55
136 55
137 56
138 58
139 60
140 59
141 58
142 58
143 55
144 56
145 56
146 55
147 57
148 57
149 56
150 54
151 53
152 55
153 55
154 54
155 57
156 59
157 58
158 60
159 61
160 61
161 61
162 61
163 58
164 57
165 57
166 58
167 59
168 60
169 61
170 60
171 59
172 61
173 60
174 61
175 60
176 63
177 63
178 64
179 64
180 64
181 63
182 63
183 62
184 61
185 61
186 61
187 61
188 59
189 58
190 56
191 55
192 55
193 53
194 51
195 48
196 48
197 47
198 47
199 48
200 47
201 46
202 48
203 47
204 48
205 52
206 54
207 54
208 51
209 49
210 50
211 50
212 51
213 52
214 52
215 51
216 53
217 54
218 54
219 55
220 56
221 56
222 57
223 56
224 56
225 57
226 57
227 56
228 54
229 56
230 59
231 58
232 59
233 62
234 64
235 64
236 63
237 62
238 60
239 63
240 63
241 63
242 64
243 61
244 63
245 65
246 69
247 71
248 70
249 70
250 71
251 68
252 69
253 69
254 68
255 68
