0 -5
1 -4
2 -3
3 -4
4 -5
5 -4
6 -4
7 -4
8 -4
9 -3
10 -3
11 -5
12 -5
13 -6
14 -6
15 -6
16 -6
17 -6
18 -7
19 -7
20 -6
21 -5
22 -3
23 -4
24 -4
25 -4
26 -4
27 -3
28 -4
29 -4
30 -4
31 -4
32 -4
33 -4
34 -3
35 -3
36 -3
37 -3
38 -3
39 -4
40 -5
41 -4
42 -4
43 -4
44 -3
45 -2
46 -2
47 -2
48 -1
49 1
50 1
51 0
52 0
53 0
54 -1
55 -1
56 -1
57 -2
58 -3
59 -3
60 -3
61 -3
62 -3
63 -3
64 -4
65 -4
66 -4
67 -3
68 -2
69 -1
70 -2
71 -3
72 -4
73 -4
74 -4
75 -3
76 -3
77 -2
78 -1
79 -2
80 -2
81 -2
82 -1
83 -1
84 -2
85 -3
86 -2
87 -2
88 -2
89 -2
90 -3
91 -2
92 -2
93 -1
94 -1
95 -1
96 0
97 1
98 2
99 2
100 1
101 2
102 1
103 1
104 1
105 1
106 1
107 1
108 2
109 2
110 3
111 3
112 4
113 4
114 5
115 4
116 5
117 5
118 5
119 4
120 4
121 4
122 4
123 4
124 4
125 3
126 3
127 4
128 4
129 4
130 4
131 2
132 4
133 4
134 4
135 4
136 4
137 5
138 4
139 5
140 5
141 5
142 4
143 4
144 3
145 3
146 3
147 4
148 4
149 5
150 4
151 4
152 4
153 3
154 1
155 1
156 1
157 0
158 0
159 1
160 -1
161 -1
162 -1
163 -1
164 -1
165 -1
166 -2
167 -2
168 -3
169 -4
170 -5
171 -5
172 -3
173 -4
174 -5
175 -6
176 -6
177 -6
178 -4
179 -4
180 -4
181 -3
182 -3
183 -3
184 -4
185 -5
186 -5
187 -5
188 -4
189 -4
190 -6
191 -6
192 -6
193 -7
194 -7
195 -7
196 -6
197 -6
198 -6
199 -6
200 -5
201 -4
202 -4
203 -5
204 -4
205 -4
206 -4
207 -4
208 -4
209 -5
210 -4
211 -3
212 -3
213 -3
214 -4
215 -5
216 -6
217 -6
218 -6
219 -6
220 -6
221 -7
222 -7
223 -7
224 -7
225 -7
226 -8
227 -8
228 -8
229 -6
230 -6
231 -7
232 -7
233 -7
234 -7
235 -8
236 -6
237 -6
238 -7
239 -9
240 -8
241 -9
242 -9
243 -9
244 -9
245 -9
246 -9
247 -8
248 -8
249 -7
250 -7
251 -7
252 -6
253 -6
254 -7
255 -6
