0 -20
1 -19
2 -19
3 -21
4 -21
5 -21
6 -21
7 -20
8 -19
9 -18
10 -18
11 -19
12 -18
13 -20
14 -18
15 -21
16 -21
17 -21
18 -21
19 -23
20 -24
21 -23
22 -22
23 -21
24 -23
25 -21
26 -20
27 -19
28 -20
29 -22
30 -23
31 -25
32 -26
33 -25
34 -27
35 -25
36 -25
37 -26
38 -26
39 -29
40 -28
41 -27
42 -27
43 -27
44 -26
45 -24
46 -23
47 -23
48 -23
49 -22
50 -24
51 -26
52 -27
53 -27
54 -27
55 -26
56 -26
57 -26
58 -27
59 -27
60 -28
61 -28
62 -27
63 -27
64 -29
65 -29
66 -28
67 -29
68 -29
69 -29
70 -28
71 -28
72 -27
73 -27
74 -27
75 -27
76 -26
77 -26
78 -27
79 -25
80 -24
81 -25
82 -24
83 -23
84 -23
85 -22
86 -22
87 -21
88 -22
89 -20
90 -19
91 -20
92 -20
93 -19
94 -21
95 -22
96 -22
97 -23
98 -20
99 -21
100 -20
101 -19
102 -18
103 -19
104 -16
105 -15
106 -15
107 -15
108 -14
109 -13
110 -13
111 -13
112 -14
113 -13
114 -12
115 -12
116 -12
117 -14
118 -14
119 -13
120 -14
121 -14
122 -14
123 -14
124 -14
125 -12
126 -9
127 -10
128 -9
129 -9
130 -8
131 -8
132 -7
133 -9
134 -8
135 -8
136 -10
137 -10
138 -10
139 -11
140 -13
141 -13
142 -17
143 -16
144 -16
145 -18
146 -18
147 -18
148 -19
149 -18
150 -20
151 -19
152 -19
153 -18
154 -17
155 -18
156 -19
157 -17
158 -16
159 -17
160 -17
161 -21
162 -22
163 -23
164 -22
165 -22
166 -21
167 -21
168 -21
169 -20
170 -21
171 -21
172 -21
173 -22
174 -22
175 -21
176 -23
177 -24
178 -21
179 -20
180 -19
181 -20
182 -20
183 -20
184 -19
185 -16
186 -15
187 -14
188 -15
189 -15
190 -14
191 -15
192 -14
193 -15
194 -13
195 -15
196 -15
197 -16
198 -16
199 -16
200 -15
201 -15
202 -15
203 -16
204 -15
205 -15
206 -14
207 -13
208 -11
209 -13
210 -15
211 -15
212 -17
213 -19
214 -20
215 -20
216 -21
217 -21
218 -22
219 -23
220 -23
221 -21
222 -21
223 -22
224 -21
225 -21
226 -23
227 -23
228 -23
229 -22
230 -21
231 -22
232 -22
233 -23
234 -21
235 -21
236 -21
237 -21
238 -22
239 -22
240 -22
241 -23
242 -21
243 -22
244 -21
245 -19
246 -17
247 -18
248 -17
249 -17
250 -18
251 -18
252 -19
253 -20
254 -21
255 -20
