0 2
1 2
2 0
3 0
4 -1
5 -1
6 -2
7 -2
8 -1
9 -3
10 -1
11 -1
12 0
13 3
14 2
15 1
16 2
17 2
18 1
19 0
20 0
21 0
22 -1
23 -1
24 -2
25 -1
26 -3
27 -6
28 -6
29 -7
30 -6
31 -6
32 -3
33 -2
34 -2
35 -2
36 -3
37 -2
38 0
39 2
40 1
41 1
42 0
43 0
44 0
45 0
46 0
47 0
48 -2
49 0
50 -1
51 0
52 1
53 1
54 2
55 0
56 -1
57 -1
58 0
59 -1
60 0
61 1
62 1
63 0
64 -1
65 1
66 1
67 1
68 -1
69 -1
70 -2
71 -4
72 -5
73 -3
74 -4
75 -5
76 -2
77 -2
78 -3
79 -1
80 -1
81 -1
82 -1
83 -2
84 -2
85 0
86 -2
87 0
88 2
89 2
90 0
91 1
92 0
93 0
94 1
95 0
96 1
97 1
98 0
99 0
100 -1
101 0
102 -1
103 -3
104 -1
105 -2
106 -2
107 0
108 0
109 2
110 2
111 4
112 2
113 0
114 -1
115 0
116 1
117 0
118 0
119 3
120 3
121 3
122 3
123 3
124 3
125 3
126 3
127 1
128 1
129 0
130 0
131 0
132 2
133 2
134 1
135 0
136 1
137 1
138 0
139 0
140 -2
141 -3
142 -5
143 -5
144 -5
145 -4
146 -4
147 -3
148 -3
149 -2
150 -3
151 -2
152 -2
153 0
154 1
155 2
156 3
157 1
158 1
159 0
160 -2
161 -1
162 -1
163 -1
164 -2
165 1
166 1
167 0
168 0
169 2
170 0
171 1
172 2
173 3
174 3
175 2
176 0
177 1
178 1
179 2
180 -1
181 -2
182 -2
183 -1
184 0
185 0
186 1
187 2
188 1
189 2
190 1
191 2
192 1
193 1
194 0
195 -1
196 0
197 0
198 0
199 -2
200 -2
201 -1
202 2
203 2
204 3
205 1
206 1
207 -1
208 -1
209 0
210 0
211 0
212 0
213 -2
214 0
215 0
216 2
217 2
218 3
219 2
220 3
221 4
222 3
223 0
224 0
225 0
226 1
227 1
228 1
229 -1
230 -2
231 -1
232 0
233 -1
234 0
235 0
236 -1
237 0
238 3
239 5
240 4
241 3
242 2
243 1
244 3
245 2
246 2
247 3
248 2
249 1
250 1
251 1
252 3
253 2
254 2
255 2
