0 1
1 0
2 0
3 -1
4 -1
5 -2
6 -1
7 -1
8 -3
9 -3
10 -2
11 -3
12 -5
13 -4
14 -4
15 -2
16 -3
17 -3
18 -3
19 -2
20 -2
21 -3
22 -3
23 -3
24 -5
25 -4
26 -1
27 -2
28 -3
29 -1
30 -2
31 -2
32 -2
33 -2
34 -2
35 -2
36 -1
37 -4
38 -4
39 -4
40 -5
41 -7
42 -6
43 -5
44 -4
45 -3
46 -2
47 1
48 0
49 -1
50 -1
51 -1
52 -2
53 0
54 1
55 2
56 3
57 3
58 4
59 3
60 2
61 0
62 0
63 -1
64 0
65 1
66 2
67 1
68 1
69 1
70 -1
71 0
72 -2
73 0
74 1
75 1
76 0
77 0
78 1
79 0
80 0
81 0
82 1
83 3
84 3
85 3
86 1
87 1
88 -1
89 -3
90 -2
91 -1
92 1
93 1
94 0
95 -1
96 -2
97 -1
98 0
99 2
100 1
101 3
102 1
103 -1
104 -1
105 -1
106 -2
107 -1
108 -2
109 -1
110 0
111 1
112 0
113 1
114 0
115 1
116 0
117 -2
118 -3
119 -2
120 -3
121 -2
122 -1
123 -1
124 -1
125 -1
126 -3
127 -2
128 -2
129 -1
130 -1
131 1
132 1
133 0
134 -1
135 -1
136 0
137 1
138 0
139 0
140 -1
141 0
142 0
143 0
144 1
145 0
146 1
147 0
148 1
149 0
150 0
151 2
152 -1
153 -2
154 0
155 0
156 -2
157 -1
158 0
159 1
160 0
161 0
162 -2
163 0
164 2
165 2
166 2
167 3
168 4
169 4
170 5
171 3
172 2
173 1
174 2
175 3
176 4
177 3
178 3
179 2
180 2
181 2
182 2
183 3
184 1
185 -1
186 -1
187 0
188 -1
189 -2
190 -1
191 1
192 1
193 1
194 1
195 2
196 0
197 0
198 0
199 0
200 1
201 2
202 1
203 1
204 2
205 4
206 4
207 2
208 3
209 3
210 3
211 2
212 2
213 -2
214 -3
215 -2
216 -1
217 -2
218 -3
219 -3
220 -2
221 -2
222 -1
223 0
224 -1
225 0
226 -1
227 -2
228 -1
229 1
230 2
231 1
232 -1
233 -2
234 -2
235 -1
236 1
237 0
238 -1
239 -1
240 0
241 1
242 3
243 3
244 2
245 1
246 1
247 1
248 1
249 0
250 -1
251 1
252 0
253 -1
254 -1
255 -2
