0 0
1 0
2 3
3 5
4 3
5 2
6 3
7 2
8 3
9 2
10 3
11 2
12 2
13 -1
14 -2
15 -2
16 0
17 0
18 1
19 0
20 3
21 2
22 2
23 2
24 0
25 1
26 3
27 3
28 3
29 4
30 4
31 4
32 3
33 3
34 3
35 4
36 4
37 5
38 4
39 3
40 2
41 2
42 2
43 4
44 3
45 4
46 6
47 4
48 3
49 0
50 -2
51 -1
52 0
53 -1
54 -2
55 -2
56 -3
57 -3
58 -2
59 -4
60 -3
61 -4
62 -2
63 -2
64 0
65 0
66 0
67 0
68 1
69 0
70 -1
71 -1
72 1
73 1
74 2
75 1
76 1
77 2
78 3
79 4
80 4
81 2
82 2
83 3
84 3
85 5
86 4
87 6
88 5
89 6
90 6
91 6
92 8
93 8
94 8
95 9
96 10
97 10
98 11
99 13
100 11
101 12
102 15
103 14
104 14
105 14
106 15
107 16
108 15
109 15
110 14
111 14
112 14
113 12
114 12
115 13
116 12
117 14
118 14
119 13
120 14
121 14
122 13
123 14
124 14
125 13
126 15
127 16
128 13
129 13
130 13
131 13
132 16
133 15
134 15
135 15
136 13
137 11
138 8
139 8
140 8
141 8
142 7
143 7
144 7
145 8
146 8
147 7
148 6
149 5
150 4
151 7
152 6
153 9
154 10
155 9
156 9
157 7
158 6
159 7
160 5
161 5
162 4
163 3
164 3
165 3
166 2
167 3
168 4
169 4
170 4
171 6
172 7
173 7
174 7
175 7
176 8
177 9
178 9
179 11
180 11
181 11
182 11
183 10
184 10
185 9
186 8
187 9
188 11
189 12
190 12
191 14
192 12
193 12
194 11
195 11
196 10
197 11
198 12
199 12
200 13
201 11
202 13
203 14
204 14
205 14
206 15
207 15
208 17
209 17
210 17
211 18
212 15
213 15
214 13
215 13
216 14
217 14
218 15
219 17
220 17
221 14
222 13
223 14
224 13
225 12
226 14
227 16
228 16
229 15
230 13
231 13
232 12
233 9
234 8
235 8
236 6
237 4
238 5
239 5
240 4
241 4
242 5
243 5
244 6
245 4
246 4
247 4
248 2
249 0
250 0
251 0
252 2
253 1
254 2
255 1
