0 9
1 11
2 12
3 12
4 12
5 12
6 13
7 14
8 15
9 15
10 16
11 16
12 16
13 15
14 17
15 16
16 16
17 15
18 14
19 15
20 14
21 14
22 14
23 14
24 15
25 16
26 14
27 14
28 16
29 17
30 17
31 16
32 14
33 14
34 13
35 14
36 14
37 14
38 17
39 18
40 18
41 17
42 18
43 18
44 17
45 18
46 18
47 18
48 17
49 18
50 18
51 16
52 15
53 14
54 15
55 15
56 15
57 14
58 14
59 15
60 15
61 15
62 14
63 14
64 14
65 13
66 13
67 13
68 12
69 13
70 14
71 15
72 15
73 15
74 16
75 16
76 16
77 16
78 16
79 15
80 15
81 14
82 13
83 14
84 13
85 10
86 12
87 11
88 12
89 13
90 13
91 12
92 11
93 12
94 12
95 13
96 14
97 13
98 12
99 14
100 15
101 17
102 17
103 16
104 16
105 18
106 20
107 21
108 21
109 20
110 21
111 21
112 23
113 23
114 25
115 24
116 25
117 25
118 24
119 25
120 25
121 26
122 23
123 23
124 23
125 24
126 24
127 23
128 22
129 24
130 25
131 24
132 23
133 21
134 21
135 21
136 23
137 23
138 24
139 23
140 23
141 21
142 21
143 21
144 20
145 20
146 22
147 22
148 23
149 23
150 23
151 24
152 24
153 23
154 23
155 23
156 25
157 23
158 24
159 26
160 24
161 23
162 24
163 24
164 25
165 25
166 23
167 21
168 21
169 22
170 23
171 23
172 23
173 21
174 20
175 20
176 19
177 18
178 18
179 19
180 20
181 20
182 20
183 19
184 20
185 20
186 19
187 19
188 19
189 19
190 19
191 19
192 18
193 17
194 17
195 18
196 16
197 16
198 16
199 17
200 16
201 15
202 14
203 14
204 14
205 15
206 13
207 12
208 12
209 11
210 9
211 10
212 11
213 11
214 11
215 10
216 8
217 8
218 8
219 8
220 8
221 8
222 8
223 9
224 8
225 7
226 8
227 9
228 10
229 10
230 11
231 11
232 13
233 14
234 14
235 14
236 13
237 12
238 12
239 11
240 12
241 13
242 12
243 13
244 12
245 10
246 11
247 11
248 11
249 12
250 11
251 12
252 12
253 11
254 11
255 9
