0 2
1 1
2 2
3 2
4 2
5 3
6 3
7 5
8 5
9 6
10 5
11 5
12 5
13 3
14 4
15 4
16 4
17 6
18 6
19 4
20 4
21 5
22 6
23 8
24 7
25 8
26 8
27 6
28 4
29 3
30 2
31 3
32 5
33 6
34 4
35 4
36 4
37 3
38 3
39 3
40 3
41 3
42 1
43 3
44 4
45 4
46 5
47 6
48 3
49 0
50 1
51 2
52 3
53 3
54 4
55 2
56 1
57 -1
58 0
59 -1
60 0
61 1
62 0
63 0
64 0
65 0
66 -1
67 0
68 -3
69 -5
70 -4
71 -4
72 -6
73 -6
74 -5
75 -5
76 -3
77 -1
78 -2
79 -1
80 -1
81 0
82 -1
83 0
84 0
85 -3
86 -4
87 -4
88 -2
89 -1
90 1
91 1
92 2
93 0
94 0
95 1
96 0
97 1
98 1
99 0
100 -1
101 -3
102 -3
103 0
104 -1
105 -2
106 -2
107 -1
108 -1
109 -2
110 -1
111 -2
112 0
113 1
114 2
115 1
116 1
117 2
118 2
119 1
120 0
121 2
122 1
123 2
124 2
125 2
126 2
127 1
128 2
129 1
130 0
131 -2
132 -3
133 -3
134 -2
135 0
136 -2
137 -2
138 0
139 3
140 1
141 3
142 3
143 4
144 2
145 3
146 3
147 3
148 3
149 0
150 -1
151 -2
152 -2
153 -1
154 -2
155 -2
156 -2
157 0
158 -1
159 -1
160 -3
161 -4
162 -2
163 -1
164 2
165 3
166 5
167 6
168 5
169 3
170 3
171 4
172 2
173 2
174 0
175 -1
176 1
177 1
178 0
179 0
180 0
181 0
182 0
183 0
184 -1
185 2
186 0
187 0
188 0
189 1
190 2
191 1
192 3
193 3
194 4
195 5
196 3
197 3
198 3
199 4
200 3
201 1
202 1
203 1
204 -1
205 -1
206 -2
207 -4
208 -2
209 -1
210 1
211 -1
212 2
213 1
214 2
215 3
216 2
217 1
218 2
219 1
220 1
221 1
222 1
223 1
224 0
225 1
226 -1
227 -2
228 -2
229 -2
230 -2
231 -3
232 -1
233 -1
234 -1
235 0
236 1
237 0
238 -1
239 -3
240 -2
241 2
242 1
243 2
244 2
245 5
246 5
247 5
248 6
249 6
250 5
251 3
252 2
253 2
254 1
255 2
