0 -2
1 -2
2 -3
3 -5
4 -5
5 -4
6 -7
7 -6
8 -7
9 -5
10 -4
11 -1
12 -2
13 2
14 -1
15 -3
16 -5
17 -4
18 -3
19 -5
20 -5
21 -7
22 -9
23 -10
24 -10
25 -10
26 -10
27 -9
28 -10
29 -9
30 -10
31 -9
32 -10
33 -9
34 -7
35 -5
36 -5
37 -5
38 -4
39 -5
40 -7
41 -8
42 -4
43 -4
44 -3
45 -3
46 -2
47 -4
48 -4
49 -5
50 -7
51 -8
52 -11
53 -11
54 -12
55 -11
56 -11
57 -11
58 -7
59 -8
60 -9
61 -9
62 -10
63 -8
64 -8
65 -6
66 -5
67 -4
68 -4
69 -3
70 -3
71 -5
72 -5
73 -6
74 -7
75 -7
76 -4
77 -3
78 -2
79 0
80 0
81 -1
82 -1
83 0
84 -2
85 -2
86 -1
87 0
88 0
89 1
90 1
91 -1
92 -2
93 -2
94 1
95 2
96 2
97 2
98 3
99 1
100 1
101 1
102 1
103 -1
104 -4
105 -4
106 -3
107 -4
108 -4
109 -3
110 -3
111 -2
112 0
113 2
114 1
115 1
116 0
117 0
118 -2
119 -1
120 -2
121 -2
122 -1
123 0
124 -2
125 0
126 -2
127 -1
128 -3
129 -2
130 -1
131 -2
132 -4
133 -3
134 -3
135 -4
136 -4
137 -3
138 -1
139 -4
140 -2
141 -4
142 -4
143 -5
144 -3
145 -3
146 -5
147 -6
148 -5
149 -3
150 -1
151 -1
152 -3
153 -3
154 -3
155 -3
156 -5
157 -5
158 -3
159 -6
160 -6
161 -7
162 -7
163 -8
164 -10
165 -11
166 -11
167 -12
168 -12
169 -10
170 -12
171 -12
172 -14
173 -12
174 -12
175 -10
176 -11
177 -11
178 -10
179 -10
180 -11
181 -12
182 -11
183 -12
184 -12
185 -12
186 -12
187 -9
188 -10
189 -11
190 -8
191 -10
192 -10
193 -13
194 -13
195 -12
196 -13
197 -14
198 -15
199 -14
200 -13
201 -9
202 -8
203 -9
204 -10
205 -14
206 -13
207 -15
208 -14
209 -14
210 -14
211 -16
212 -13
213 -12
214 -11
215 -11
216 -10
217 -10
218 -12
219 -11
220 -12
221 -11
222 -10
223 -7
224 -8
225 -10
226 -8
227 -6
228 -5
229 -8
230 -7
231 -7
232 -8
233 -7
234 -7
235 -7
236 -7
237 -7
238 -6
239 -5
240 -6
241 -5
242 -7
243 -5
244 -6
245 -6
246 -5
247 -7
248 -6
249 -5
250 -5
251 -5
252 -7
253 -5
254 -5
255 -2
