0 -1
1 -1
2 0
3 0
4 -1
5 -2
6 -2
7 -1
8 0
9 1
10 1
11 0
12 -1
13 -1
14 -1
15 -1
16 -1
17 -2
18 0
19 1
20 1
21 -2
22 -2
23 0
24 0
25 1
26 -1
27 1
28 3
29 2
30 2
31 1
32 0
33 -1
34 -2
35 0
36 1
37 2
38 0
39 0
40 0
41 0
42 2
43 2
44 2
45 1
46 1
47 1
48 0
49 -1
50 0
51 2
52 1
53 1
54 1
55 -1
56 0
57 0
58 0
59 0
60 1
61 1
62 3
63 1
64 0
65 0
66 1
67 1
68 2
69 3
70 3
71 3
72 1
73 1
74 1
75 1
76 -1
77 -2
78 1
79 0
80 -1
81 -4
82 -3
83 -1
84 0
85 -1
86 -1
87 2
88 3
89 1
90 1
91 2
92 2
93 2
94 3
95 1
96 -1
97 2
98 4
99 3
100 -1
101 -1
102 -1
103 -4
104 -5
105 -6
106 -4
107 -3
108 -3
109 0
110 -1
111 0
112 -1
113 -2
114 -1
115 -1
116 0
117 -1
118 1
119 1
120 -1
121 -3
122 -1
123 -1
124 -1
125 -2
126 -1
127 -1
128 -1
129 -3
130 -4
131 -2
132 -2
133 -1
134 -4
135 -3
136 0
137 0
138 -1
139 -1
140 0
141 1
142 1
143 -1
144 -2
145 1
146 0
147 0
148 2
149 1
150 1
151 0
152 0
153 -1
154 0
155 1
156 0
157 0
158 0
159 0
160 0
161 0
162 1
163 -2
164 -1
165 -1
166 1
167 -1
168 1
169 1
170 0
171 0
172 -1
173 -2
174 -2
175 1
176 2
177 3
178 3
179 4
180 4
181 3
182 4
183 3
184 1
185 2
186 1
187 -1
188 -1
189 -1
190 0
191 1
192 2
193 0
194 1
195 1
196 2
197 3
198 2
199 1
200 0
201 0
202 0
203 0
204 -1
205 -1
206 -1
207 0
208 1
209 0
210 -2
211 -1
212 -3
213 0
214 1
215 0
216 2
217 1
218 1
219 2
220 3
221 2
222 2
223 1
224 1
225 1
226 0
227 -1
228 -1
229 -1
230 -1
231 1
232 2
233 1
234 0
235 1
236 1
237 0
238 -1
239 2
240 2
241 2
242 3
243 2
244 1
245 0
246 1
247 0
248 -1
249 0
250 -3
251 -2
252 -4
253 -5
254 -4
255 -3
