0 5
1 5
2 5
3 5
4 6
5 5
6 5
7 5
8 5
9 4
10 4
11 4
12 3
13 3
14 2
15 2
16 2
17 4
18 4
19 3
20 4
21 4
22 4
23 4
24 3
25 2
26 1
27 1
28 2
29 2
30 3
31 2
32 2
33 2
34 1
35 1
36 1
37 1
38 1
39 2
40 2
41 2
42 3
43 2
44 2
45 2
46 2
47 1
48 1
49 1
50 1
51 1
52 1
53 1
54 1
55 1
56 2
57 2
58 3
59 4
60 3
61 3
62 3
63 2
64 2
65 2
66 2
67 3
68 3
69 3
70 2
71 2
72 1
73 1
74 1
75 2
76 3
77 2
78 1
79 0
80 1
81 1
82 1
83 1
84 1
85 1
86 1
87 1
88 1
89 2
90 1
91 1
92 0
93 0
94 0
95 0
96 1
97 1
98 0
99 -1
100 -2
101 -3
102 -2
103 -2
104 -2
105 -1
106 -2
107 -2
108 -3
109 -3
110 -2
111 -2
112 -3
113 -2
114 -2
115 -2
116 -2
117 -2
118 -3
119 -4
120 -4
121 -4
122 -4
123 -4
124 -3
125 -2
126 -1
127 -1
128 0
129 0
130 -1
131 -1
132 0
133 -1
134 0
135 0
136 0
137 0
138 1
139 1
140 1
141 1
142 2
143 2
144 1
145 0
146 -1
147 -2
148 -3
149 -3
150 -2
151 -3
152 -4
153 -4
154 -4
155 -4
156 -3
157 -4
158 -3
159 -4
160 -3
161 -5
162 -5
163 -5
164 -5
165 -4
166 -4
167 -5
168 -5
169 -5
170 -4
171 -4
172 -3
173 -2
174 -2
175 -3
176 -3
177 -4
178 -4
179 -4
180 -4
181 -4
182 -4
183 -3
184 -2
185 -1
186 -2
187 -3
188 -3
189 -2
190 -2
191 -2
192 -1
193 -2
194 -1
195 0
196 0
197 -2
198 -3
199 -2
200 -3
201 -4
202 -3
203 -3
204 -3
205 -2
206 -2
207 -3
208 -3
209 -3
210 -3
211 -4
212 -4
213 -4
214 -3
215 -3
216 -3
217 -3
218 -3
219 -4
220 -3
221 -3
222 -2
223 0
224 0
225 1
226 2
227 3
228 2
229 2
230 3
231 4
232 3
233 2
234 2
235 0
236 1
237 1
238 1
239 2
240 4
241 4
242 5
243 4
244 4
245 4
246 4
247 4
248 4
249 5
250 4
251 4
252 4
253 4
254 4
255 4
