0 -356
1 -355
2 -356
3 -358
4 -359
5 -358
6 -359
7 -359
8 -358
9 -357
10 -356
11 -355
12 -354
13 -354
14 -355
15 -355
16 -356
17 -355
18 -356
19 -354
20 -353
21 -353
22 -352
23 -353
24 -352
25 -352
26 -353
27 -354
28 -354
29 -354
30 -354
31 -354
32 -355
33 -357
34 -356
35 -356
36 -355
37 -356
38 -356
39 -356
40 -355
41 -354
42 -352
43 -353
44 -354
45 -355
46 -357
47 -357
48 -357
49 -356
50 -355
51 -356
52 -358
53 -359
54 -358
55 -358
56 -358
57 -359
58 -358
59 -360
60 -359
61 -360
62 -359
63 -358
64 -357
65 -358
66 -358
67 -358
68 -359
69 -360
70 -361
71 -359
72 -360
73 -360
74 -360
75 -361
76 -361
77 -362
78 -362
79 -361
80 -361
81 -361
82 -360
83 -361
84 -361
85 -360
86 -362
87 -363
88 -362
89 -363
90 -362
91 -362
92 -362
93 -361
94 -362
95 -364
96 -365
97 -364
98 -365
99 -364
100 -365
101 -366
102 -366
103 -367
104 -367
105 -368
106 -368
107 -367
108 -366
109 -366
110 -367
111 -368
112 -367
113 -367
114 -369
115 -369
116 -369
117 -368
118 -370
119 -370
120 -368
121 -370
122 -369
123 -368
124 -366
125 -366
126 -366
127 -366
128 -365
129 -365
130 -365
131 -366
132 -366
133 -365
134 -363
135 -364
136 -362
137 -361
138 -361
139 -361
140 -362
141 -362
142 -363
143 -364
144 -363
145 -362
146 -361
147 -361
148 -361
149 -360
150 -360
151 -360
152 -361
153 -362
154 -362
155 -362
156 -361
157 -360
158 -358
159 -358
160 -358
161 -359
162 -357
163 -358
164 -359
165 -360
166 -361
167 -360
168 -360
169 -359
170 -358
171 -357
172 -359
173 -358
174 -356
175 -356
176 -355
177 -355
178 -355
179 -357
180 -359
181 -359
182 -360
183 -361
184 -360
185 -358
186 -359
187 -360
188 -359
189 -359
190 -358
191 -357
192 -356
193 -356
194 -357
195 -358
196 -358
197 -359
198 -360
199 -359
200 -359
201 -360
202 -363
203 -362
204 -361
205 -361
206 -359
207 -359
208 -360
209 -358
210 -359
211 -359
212 -358
213 -359
214 -358
215 -358
216 -358
217 -357
218 -357
219 -358
220 -358
221 -359
222 -360
223 -358
224 -355
225 -355
226 -357
227 -358
228 -358
229 -360
230 -360
231 -360
232 -359
233 -358
234 -357
235 -357
236 -357
237 -356
238 -355
239 -356
240 -356
241 -357
242 -356
243 -354
244 -355
245 -355
246 -356
247 -354
248 -354
249 -352
250 -352
251 -352
252 -351
253 -353
254 -354
255 -355
