0 1
1 3
2 2
3 2
4 2
5 3
6 2
7 2
8 1
9 0
10 1
11 2
12 3
13 0
14 1
15 0
16 1
17 0
18 0
19 1
20 0
21 1
22 0
23 0
24 -1
25 -2
26 -2
27 -2
28 0
29 0
30 1
31 1
32 1
33 1
34 2
35 2
36 1
37 0
38 0
39 -2
40 -1
41 -1
42 0
43 0
44 0
45 0
46 1
47 2
48 1
49 0
50 0
51 0
52 -2
53 0
54 1
55 1
56 1
57 0
58 1
59 1
60 1
61 0
62 2
63 2
64 0
65 -1
66 0
67 1
68 1
69 0
70 1
71 0
72 0
73 0
74 0
75 1
76 -1
77 -3
78 -3
79 -3
80 -4
81 -4
82 -4
83 -4
84 -6
85 -4
86 -3
87 -3
88 -3
89 -4
90 -3
91 -4
92 -2
93 -2
94 -1
95 -1
96 0
97 -1
98 1
99 1
100 1
101 1
102 0
103 0
104 0
105 1
106 2
107 2
108 2
109 2
110 0
111 -1
112 -1
113 -1
114 -3
115 -3
116 -3
117 -2
118 -2
119 -2
120 0
121 0
122 -1
123 0
124 -2
125 -3
126 -2
127 -2
128 -3
129 -3
130 -2
131 -1
132 -2
133 -1
134 -3
135 -3
136 -4
137 -5
138 -3
139 -2
140 0
141 0
142 0
143 0
144 1
145 -1
146 -1
147 -1
148 -1
149 0
150 1
151 1
152 0
153 1
154 1
155 -2
156 1
157 1
158 -1
159 0
160 0
161 0
162 0
163 0
164 0
165 0
166 0
167 0
168 -1
169 -1
170 0
171 1
172 0
173 2
174 1
175 0
176 0
177 1
178 1
179 2
180 0
181 -1
182 -1
183 -1
184 -1
185 -2
186 -2
187 0
188 0
189 1
190 -1
191 0
192 0
193 2
194 2
195 2
196 2
197 1
198 0
199 1
200 1
201 0
202 1
203 2
204 3
205 1
206 1
207 1
208 1
209 0
210 2
211 3
212 3
213 3
214 2
215 1
216 0
217 0
218 0
219 0
220 0
221 -2
222 0
223 0
224 -1
225 0
226 -1
227 0
228 -1
229 1
230 0
231 0
232 0
233 0
234 -1
235 -1
236 0
237 0
238 0
239 2
240 3
241 2
242 1
243 0
244 0
245 1
246 1
247 -2
248 -1
249 2
250 1
251 2
252 1
253 1
254 -1
255 -2
