0 2
1 2
2 3
3 4
4 4
5 4
6 5
7 6
8 6
9 7
10 8
11 9
12 10
13 10
14 7
15 7
16 6
17 7
18 7
19 7
20 6
21 5
22 4
23 4
24 4
25 3
26 3
27 3
28 3
29 3
30 4
31 4
32 4
33 4
34 5
35 6
36 6
37 6
38 7
39 8
40 8
41 7
42 6
43 5
44 7
45 5
46 4
47 2
48 2
49 2
50 1
51 1
52 1
53 0
54 0
55 1
56 1
57 1
58 -1
59 -2
60 -1
61 0
62 0
63 1
64 2
65 1
66 4
67 6
68 7
69 6
70 6
71 5
72 6
73 6
74 5
75 4
76 3
77 2
78 1
79 3
80 4
81 3
82 4
83 2
84 2
85 2
86 3
87 2
88 0
89 1
90 1
91 0
92 0
93 0
94 0
95 1
96 1
97 0
98 1
99 2
100 3
101 3
102 3
103 2
104 1
105 2
106 3
107 4
108 3
109 4
110 5
111 4
112 3
113 4
114 4
115 6
116 8
117 8
118 8
119 9
120 8
121 8
122 7
123 6
124 5
125 4
126 3
127 3
128 3
129 4
130 3
131 3
132 1
133 2
134 2
135 3
136 3
137 3
138 4
139 3
140 1
141 0
142 0
143 1
144 3
145 1
146 2
147 2
148 2
149 1
150 1
151 1
152 3
153 3
154 3
155 2
156 3
157 3
158 5
159 3
160 4
161 4
162 4
163 4
164 5
165 5
166 3
167 4
168 4
169 4
170 4
171 3
172 3
173 3
174 3
175 2
176 2
177 3
178 3
179 2
180 2
181 3
182 4
183 3
184 3
185 2
186 3
187 5
188 7
189 7
190 6
191 8
192 8
193 8
194 8
195 8
196 9
197 7
198 6
199 5
200 6
201 5
202 6
203 6
204 8
205 6
206 6
207 7
208 6
209 6
210 5
211 3
212 3
213 4
214 4
215 4
216 5
217 4
218 4
219 3
220 4
221 3
222 4
223 3
224 3
225 3
226 3
227 3
228 4
229 4
230 4
231 3
232 4
233 3
234 4
235 6
236 6
237 5
238 3
239 4
240 5
241 6
242 5
243 5
244 6
245 5
246 4
247 3
248 3
249 4
250 3
251 2
252 3
253 3
254 2
255 2
