0 7
1 8
2 7
3 6
4 6
5 5
6 4
7 2
8 4
9 4
10 4
11 3
12 4
13 3
14 3
15 2
16 1
17 1
18 2
19 2
20 3
21 2
22 3
23 3
24 4
25 3
26 2
27 0
28 1
29 1
30 0
31 -1
32 -1
33 -2
34 -1
35 0
36 -2
37 -1
38 0
39 1
40 1
41 2
42 1
43 3
44 4
45 5
46 6
47 5
48 7
49 8
50 10
51 12
52 12
53 14
54 14
55 13
56 11
57 11
58 13
59 11
60 12
61 13
62 13
63 16
64 17
65 16
66 16
67 15
68 14
69 14
70 14
71 13
72 12
73 12
74 11
75 12
76 11
77 12
78 12
79 14
80 15
81 15
82 13
83 13
84 13
85 13
86 12
87 10
88 9
89 10
90 11
91 11
92 11
93 10
94 10
95 11
96 11
97 12
98 12
99 13
100 15
101 16
102 15
103 14
104 13
105 12
106 13
107 13
108 13
109 12
110 13
111 13
112 13
113 14
114 15
115 15
116 15
117 15
118 15
119 15
120 16
121 15
122 15
123 15
124 15
125 15
126 15
127 15
128 16
129 16
130 16
131 15
132 16
133 17
134 17
135 18
136 18
137 18
138 17
139 17
140 16
141 17
142 17
143 17
144 16
145 17
146 18
147 19
148 19
149 19
150 18
151 18
152 19
153 19
154 18
155 18
156 20
157 18
158 18
159 19
160 17
161 17
162 17
163 17
164 17
165 19
166 18
167 16
168 16
169 15
170 15
171 13
172 13
173 13
174 12
175 12
176 11
177 11
178 9
179 9
180 8
181 7
182 8
183 7
184 7
185 6
186 7
187 6
188 5
189 5
190 7
191 8
192 8
193 9
194 10
195 8
196 9
197 8
198 10
199 10
200 11
201 12
202 12
203 11
204 10
205 9
206 9
207 8
208 6
209 5
210 5
211 5
212 5
213 7
214 7
215 9
216 9
217 8
218 9
219 9
220 8
221 9
222 9
223 10
224 10
225 11
226 12
227 14
228 15
229 16
230 14
231 13
232 13
233 13
234 13
235 14
236 13
237 13
238 12
239 11
240 10
241 9
242 8
243 8
244 8
245 8
246 8
247 8
248 9
249 9
250 9
251 9
252 8
253 7
254 7
255 6
