0 -16
1 -18
2 -17
3 -17
4 -17
5 -16
6 -17
7 -17
8 -16
9 -16
10 -14
11 -16
12 -15
13 -13
14 -13
15 -15
16 -13
17 -14
18 -13
19 -12
20 -9
21 -9
22 -11
23 -12
24 -12
25 -11
26 -11
27 -11
28 -10
29 -9
30 -9
31 -10
32 -10
33 -8
34 -8
35 -5
36 -5
37 -4
38 -5
39 -4
40 -6
41 -5
42 -7
43 -5
44 -5
45 -6
46 -7
47 -6
48 -7
49 -6
50 -7
51 -6
52 -5
53 -7
54 -9
55 -9
56 -10
57 -7
58 -6
59 -5
60 -3
61 -3
62 -2
63 -5
64 -6
65 -2
66 -1
67 -1
68 -1
69 -2
70 -3
71 -2
72 -3
73 -1
74 1
75 2
76 2
77 0
78 2
79 2
80 3
81 3
82 0
83 0
84 -1
85 0
86 -1
87 -1
88 -2
89 -1
90 -2
91 -4
92 -5
93 -6
94 -5
95 -4
96 -2
97 -2
98 -1
99 0
100 0
101 -1
102 -2
103 -2
104 -1
105 -2
106 -3
107 -2
108 -3
109 -3
110 -1
111 -1
112 -2
113 -3
114 -3
115 -1
116 0
117 -1
118 -1
119 -2
120 -2
121 -1
122 -2
123 0
124 0
125 0
126 -2
127 -1
128 1
129 0
130 1
131 1
132 -1
133 -2
134 -4
135 -3
136 -1
137 -1
138 -2
139 -2
140 -2
141 -2
142 -3
143 -1
144 -1
145 -1
146 -1
147 -2
148 -1
149 -2
150 -1
151 0
152 0
153 -1
154 -1
155 -2
156 -5
157 -6
158 -4
159 -5
160 -6
161 -6
162 -7
163 -8
164 -9
165 -8
166 -9
167 -10
168 -11
169 -11
170 -11
171 -11
172 -8
173 -8
174 -7
175 -8
176 -7
177 -6
178 -7
179 -6
180 -5
181 -4
182 -4
183 -5
184 -7
185 -8
186 -8
187 -9
188 -11
189 -14
190 -14
191 -12
192 -14
193 -16
194 -15
195 -16
196 -13
197 -13
198 -13
199 -15
200 -14
201 -16
202 -15
203 -14
204 -14
205 -15
206 -15
207 -14
208 -14
209 -14
210 -13
211 -13
212 -13
213 -12
214 -11
215 -11
216 -10
217 -9
218 -9
219 -10
220 -9
221 -9
222 -9
223 -9
224 -10
225 -9
226 -9
227 -9
228 -7
229 -8
230 -10
231 -10
232 -7
233 -6
234 -7
235 -7
236 -9
237 -10
238 -10
239 -10
240 -12
241 -10
242 -10
243 -12
244 -11
245 -12
246 -12
247 -14
248 -13
249 -16
250 -16
251 -16
252 -17
253 -17
254 -18
255 -17
