0 2
1 2
2 2
3 -1
4 -2
5 -3
6 0
7 1
8 3
9 2
10 0
11 0
12 2
13 1
14 3
15 3
16 4
17 4
18 3
19 4
20 5
21 5
22 6
23 5
24 4
25 5
26 4
27 3
28 3
29 2
30 4
31 3
32 2
33 1
34 0
35 1
36 1
37 -1
38 1
39 1
40 2
41 2
42 2
43 2
44 1
45 0
46 0
47 2
48 2
49 0
50 -1
51 -2
52 -1
53 -2
54 -2
55 -1
56 -3
57 -2
58 -3
59 -6
60 -6
61 -4
62 -4
63 -3
64 -3
65 -3
66 -2
67 -2
68 -2
69 -2
70 -2
71 -2
72 0
73 -1
74 -2
75 -2
76 -1
77 0
78 2
79 2
80 2
81 3
82 1
83 3
84 4
85 3
86 3
87 1
88 0
89 1
90 -1
91 -2
92 -1
93 0
94 -1
95 0
96 -1
97 -2
98 0
99 0
100 -1
101 -3
102 -1
103 1
104 1
105 0
106 -2
107 -1
108 -2
109 -3
110 -3
111 -1
112 -3
113 -3
114 -1
115 -1
116 0
117 2
118 0
119 -2
120 -2
121 -2
122 -2
123 -3
124 -4
125 -6
126 -9
127 -7
128 -8
129 -7
130 -7
131 -6
132 -5
133 -6
134 -6
135 -5
136 -5
137 -3
138 -1
139 0
140 -1
141 -2
142 -2
143 -3
144 0
145 1
146 2
147 2
148 3
149 3
150 2
151 2
152 1
153 4
154 4
155 4
156 4
157 4
158 2
159 2
160 4
161 4
162 5
163 6
164 6
165 7
166 4
167 3
168 2
169 2
170 3
171 2
172 1
173 0
174 -2
175 -1
176 0
177 0
178 -2
179 -2
180 -1
181 0
182 -2
183 -1
184 1
185 1
186 1
187 0
188 2
189 3
190 2
191 2
192 0
193 -2
194 -1
195 0
196 1
197 -1
198 -2
199 -3
200 -1
201 0
202 2
203 -1
204 0
205 1
206 0
207 0
208 2
209 3
210 3
211 2
212 1
213 1
214 2
215 2
216 4
217 4
218 4
219 3
220 3
221 2
222 2
223 2
224 0
225 2
226 3
227 4
228 3
229 3
230 2
231 4
232 3
233 1
234 0
235 -1
236 -1
237 0
238 1
239 -1
240 -2
241 -1
242 -2
243 -1
244 -1
245 -2
246 -3
247 0
248 -1
249 -2
250 0
251 1
252 0
253 1
254 1
255 1
