0 0
1 0
2 0
3 -1
4 -1
5 -3
6 -2
7 -3
8 -3
9 -1
10 0
11 1
12 1
13 2
14 3
15 4
16 4
17 4
18 4
19 1
20 1
21 1
22 2
23 2
24 2
25 2
26 2
27 1
28 3
29 2
30 2
31 1
32 1
33 5
34 3
35 2
36 2
37 1
38 -1
39 0
40 0
41 0
42 1
43 0
44 0
45 0
46 1
47 1
48 1
49 0
50 0
51 0
52 1
53 0
54 1
55 2
56 1
57 1
58 0
59 1
60 0
61 -1
62 -1
63 -3
64 -3
65 -4
66 -3
67 -2
68 -2
69 -1
70 -1
71 1
72 1
73 0
74 1
75 1
76 -2
77 -1
78 -1
79 -1
80 -1
81 0
82 2
83 2
84 3
85 3
86 3
87 3
88 0
89 -2
90 -2
91 -1
92 -1
93 -1
94 0
95 -1
96 -1
97 1
98 -1
99 1
100 3
101 2
102 4
103 3
104 3
105 1
106 -2
107 0
108 1
109 0
110 0
111 0
112 -1
113 -1
114 2
115 2
116 2
117 0
118 0
119 -1
120 -1
121 -1
122 -3
123 -1
124 -2
125 -1
126 1
127 -1
128 1
129 2
130 3
131 3
132 1
133 1
134 2
135 3
136 4
137 3
138 1
139 0
140 1
141 0
142 0
143 -1
144 1
145 3
146 3
147 4
148 3
149 4
150 5
151 5
152 5
153 4
154 2
155 0
156 -1
157 1
158 3
159 3
160 3
161 1
162 1
163 0
164 -1
165 -1
166 0
167 -1
168 0
169 -1
170 0
171 2
172 3
173 3
174 2
175 1
176 1
177 -1
178 0
179 -1
180 2
181 4
182 3
183 3
184 1
185 2
186 0
187 1
188 1
189 3
190 3
191 3
192 3
193 2
194 0
195 -2
196 -3
197 -2
198 -2
199 -2
200 0
201 0
202 1
203 0
204 0
205 2
206 0
207 -1
208 -3
209 -1
210 0
211 -2
212 -3
213 -1
214 -3
215 -5
216 -6
217 -4
218 -3
219 -2
220 -2
221 0
222 0
223 -2
224 -3
225 -3
226 -3
227 -4
228 -4
229 -3
230 -1
231 -3
232 -3
233 -2
234 -2
235 -1
236 -1
237 -1
238 -2
239 -2
240 -2
241 -2
242 -1
243 -1
244 0
245 1
246 2
247 5
248 5
249 4
250 4
251 6
252 5
253 2
254 0
255 0
