0 4
1 4
2 2
3 2
4 2
5 2
6 2
7 2
8 5
9 4
10 4
11 3
12 4
13 4
14 5
15 6
16 5
17 3
18 3
19 4
20 3
21 5
22 5
23 5
24 6
25 6
26 7
27 8
28 9
29 6
30 4
31 5
32 3
33 3
34 4
35 3
36 3
37 4
38 4
39 2
40 1
41 1
42 2
43 5
44 7
45 6
46 6
47 4
48 2
49 2
50 2
51 3
52 3
53 2
54 5
55 4
56 4
57 5
58 3
59 0
60 2
61 1
62 1
63 0
64 -1
65 -1
66 -2
67 -3
68 -4
69 -5
70 -5
71 -5
72 -4
73 -4
74 -3
75 -6
76 -6
77 -7
78 -6
79 -7
80 -7
81 -9
82 -8
83 -8
84 -9
85 -10
86 -9
87 -11
88 -11
89 -11
90 -12
91 -13
92 -13
93 -12
94 -14
95 -14
96 -15
97 -16
98 -16
99 -15
100 -15
101 -15
102 -15
103 -14
104 -14
105 -13
106 -13
107 -12
108 -12
109 -12
110 -9
111 -7
112 -7
113 -6
114 -7
115 -5
116 -5
117 -5
118 -8
119 -9
120 -9
121 -8
122 -8
123 -7
124 -7
125 -8
126 -7
127 -5
128 -4
129 -2
130 -1
131 0
132 0
133 1
134 -2
135 -2
136 -3
137 -5
138 -3
139 -1
140 -2
141 -2
142 -3
143 -4
144 -3
145 -3
146 -5
147 -3
148 -3
149 -2
150 -5
151 -4
152 -4
153 -2
154 -3
155 -2
156 -3
157 -3
158 -4
159 -4
160 -3
161 -3
162 -3
163 -2
164 -1
165 -2
166 -2
167 -2
168 -1
169 -2
170 -3
171 -3
172 -5
173 -4
174 -6
175 -7
176 -6
177 -5
178 -4
179 -4
180 -4
181 -5
182 -2
183 -4
184 -4
185 -4
186 -4
187 -3
188 -2
189 -1
190 0
191 0
192 -1
193 -2
194 -1
195 -2
196 -1
197 -1
198 -2
199 0
200 1
201 1
202 3
203 3
204 2
205 1
206 2
207 3
208 4
209 6
210 6
211 4
212 5
213 4
214 4
215 4
216 3
217 2
218 2
219 2
220 3
221 5
222 3
223 4
224 5
225 4
226 4
227 1
228 2
229 2
230 2
231 1
232 1
233 0
234 3
235 5
236 5
237 4
238 5
239 4
240 4
241 4
242 5
243 4
244 2
245 3
246 2
247 1
248 1
249 3
250 2
251 3
252 4
253 6
254 6
255 4
