0 -1
1 1
2 2
3 2
4 1
5 1
6 -1
7 -1
8 2
9 1
10 1
11 1
12 0
13 1
14 1
15 3
16 1
17 0
18 0
19 1
20 1
21 2
22 1
23 -1
24 -1
25 -2
26 -3
27 -1
28 -2
29 1
30 0
31 -1
32 -2
33 -1
34 0
35 0
36 -1
37 0
38 -2
39 -1
40 -1
41 0
42 0
43 -1
44 -1
45 -2
46 -1
47 0
48 1
49 0
50 1
51 0
52 0
53 -1
54 0
55 1
56 0
57 1
58 -1
59 -2
60 -1
61 0
62 0
63 1
64 1
65 0
66 1
67 1
68 2
69 1
70 1
71 3
72 1
73 2
74 1
75 2
76 3
77 3
78 4
79 4
80 5
81 4
82 4
83 4
84 3
85 1
86 0
87 0
88 0
89 0
90 -1
91 -2
92 -2
93 -1
94 1
95 1
96 -1
97 -1
98 -2
99 -2
100 -2
101 -3
102 -4
103 -3
104 -1
105 0
106 1
107 2
108 2
109 3
110 3
111 1
112 2
113 1
114 1
115 -1
116 -2
117 -1
118 -2
119 -2
120 -3
121 -2
122 -1
123 -2
124 -1
125 -1
126 -1
127 0
128 0
129 0
130 2
131 2
132 2
133 2
134 1
135 0
136 2
137 2
138 1
139 0
140 1
141 0
142 -1
143 -3
144 -1
145 1
146 0
147 -1
148 -1
149 1
150 0
151 -1
152 0
153 1
154 -1
155 -2
156 0
157 0
158 0
159 -1
160 -2
161 -2
162 -3
163 -2
164 1
165 1
166 1
167 0
168 0
169 -1
170 -2
171 -2
172 -1
173 -2
174 -1
175 -1
176 0
177 0
178 0
179 1
180 1
181 -1
182 -2
183 -4
184 -4
185 -3
186 -2
187 -1
188 -1
189 -1
190 -1
191 -1
192 -2
193 -2
194 -1
195 -2
196 -2
197 -3
198 -3
199 1
200 0
201 1
202 2
203 3
204 3
205 2
206 2
207 3
208 4
209 3
210 3
211 3
212 4
213 3
214 1
215 3
216 4
217 4
218 2
219 1
220 2
221 0
222 -1
223 0
224 -1
225 0
226 1
227 1
228 -2
229 -1
230 -1
231 -1
232 0
233 -1
234 -2
235 -3
236 -3
237 -1
238 -2
239 -2
240 -1
241 -2
242 -1
243 -1
244 -1
245 -3
246 -2
247 -4
248 -5
249 -3
250 -3
251 -2
252 -3
253 -3
254 -4
255 -4
