0 1
1 -1
2 1
3 2
4 0
5 3
6 4
7 5
8 5
9 5
10 6
11 6
12 8
13 8
14 10
15 9
16 9
17 9
18 8
19 7
20 7
21 8
22 8
23 6
24 5
25 6
26 5
27 4
28 5
29 4
30 5
31 7
32 6
33 4
34 3
35 3
36 3
37 3
38 4
39 5
40 7
41 6
42 5
43 5
44 5
45 6
46 6
47 7
48 5
49 4
50 7
51 6
52 4
53 1
54 -1
55 0
56 -2
57 -5
58 -5
59 -3
60 -3
61 -3
62 -4
63 -5
64 -6
65 -8
66 -10
67 -10
68 -9
69 -10
70 -8
71 -8
72 -7
73 -7
74 -6
75 -6
76 -6
77 -5
78 -4
79 -4
80 -5
81 -5
82 -5
83 -8
84 -6
85 -7
86 -7
87 -6
88 -6
89 -5
90 -4
91 -2
92 -2
93 -2
94 0
95 0
96 -1
97 -1
98 0
99 -2
100 -1
101 -1
102 -1
103 -1
104 -3
105 -2
106 0
107 1
108 1
109 1
110 0
111 2
112 1
113 0
114 1
115 -1
116 -3
117 -3
118 -4
119 -4
120 -4
121 -6
122 -4
123 -4
124 -7
125 -7
126 -10
127 -9
128 -9
129 -9
130 -6
131 -4
132 -5
133 -5
134 -6
135 -6
136 -1
137 -1
138 -2
139 -2
140 1
141 0
142 -1
143 -1
144 -3
145 -2
146 -2
147 -2
148 -1
149 -1
150 -3
151 -3
152 -4
153 -2
154 0
155 0
156 -1
157 -2
158 -3
159 -4
160 -5
161 -5
162 -4
163 -4
164 -3
165 -2
166 0
167 1
168 1
169 -1
170 0
171 -2
172 -1
173 -1
174 -1
175 -1
176 0
177 0
178 -1
179 -3
180 -5
181 -6
182 -5
183 -3
184 -3
185 -2
186 -2
187 -3
188 -3
189 -3
190 -4
191 -4
192 -5
193 -3
194 -2
195 -1
196 -2
197 0
198 -2
199 -3
200 -3
201 -3
202 -1
203 1
204 0
205 0
206 1
207 1
208 2
209 2
210 2
211 2
212 -1
213 -1
214 1
215 0
216 2
217 0
218 1
219 0
220 1
221 1
222 2
223 5
224 1
225 0
226 2
227 4
228 2
229 2
230 1
231 0
232 4
233 3
234 3
235 3
236 3
237 3
238 3
239 3
240 1
241 0
242 1
243 3
244 -1
245 -1
246 -1
247 -2
248 -2
249 -1
250 -1
251 1
252 2
253 3
254 2
255 1
