0 -3
1 -3
2 -4
3 -5
4 -6
5 -7
6 -6
7 -7
8 -7
9 -8
10 -8
11 -7
12 -5
13 -6
14 -8
15 -7
16 -6
17 -5
18 -5
19 -6
20 -7
21 -7
22 -5
23 -6
24 -6
25 -6
26 -3
27 -5
28 -5
29 -5
30 -6
31 -5
32 -2
33 -3
34 -2
35 -2
36 -2
37 -4
38 -5
39 -5
40 -4
41 -3
42 -4
43 -2
44 -3
45 -3
46 -5
47 -5
48 -6
49 -9
50 -10
51 -9
52 -9
53 -7
54 -6
55 -8
56 -8
57 -7
58 -7
59 -6
60 -4
61 -3
62 -6
63 -6
64 -7
65 -7
66 -7
67 -8
68 -8
69 -11
70 -9
71 -7
72 -4
73 -4
74 -5
75 -5
76 -4
77 -5
78 -2
79 -3
80 -1
81 -2
82 -1
83 0
84 -3
85 -2
86 -3
87 -3
88 1
89 1
90 -2
91 -1
92 -2
93 -1
94 -1
95 0
96 -1
97 1
98 0
99 0
100 2
101 0
102 0
103 2
104 3
105 3
106 3
107 5
108 4
109 3
110 1
111 2
112 0
113 0
114 0
115 1
116 0
117 0
118 1
119 1
120 -1
121 -2
122 -2
123 -3
124 -2
125 -4
126 -4
127 -4
128 -5
129 -4
130 -3
131 -3
132 -2
133 -1
134 -2
135 -5
136 -6
137 -4
138 -3
139 -4
140 -4
141 -6
142 -5
143 -5
144 -2
145 -1
146 -1
147 1
148 0
149 0
150 -1
151 -2
152 -4
153 -4
154 -3
155 -4
156 -2
157 -3
158 -3
159 -5
160 -4
161 -4
162 -2
163 -2
164 0
165 -1
166 1
167 3
168 2
169 1
170 1
171 -1
172 -1
173 -2
174 -2
175 -3
176 -5
177 -5
178 -3
179 -3
180 -3
181 -1
182 -2
183 -1
184 -1
185 -2
186 -3
187 -1
188 0
189 0
190 3
191 2
192 2
193 1
194 2
195 1
196 0
197 -2
198 -2
199 -1
200 0
201 -2
202 -5
203 -5
204 -4
205 -5
206 -5
207 -7
208 -6
209 -5
210 -6
211 -6
212 -5
213 -4
214 -1
215 -4
216 -5
217 -6
218 -8
219 -7
220 -7
221 -5
222 -9
223 -10
224 -11
225 -11
226 -10
227 -10
228 -11
229 -11
230 -13
231 -12
232 -9
233 -10
234 -7
235 -6
236 -6
237 -5
238 -6
239 -5
240 -8
241 -10
242 -9
243 -7
244 -9
245 -8
246 -5
247 -5
248 -5
249 -2
250 -1
251 1
252 1
253 -1
254 -3
255 -4
