0 5
1 6
2 5
3 4
4 5
5 4
6 3
7 3
8 3
9 3
10 3
11 3
12 1
13 0
14 -1
15 -2
16 -2
17 -2
18 -2
19 -2
20 -2
21 -3
22 -4
23 -3
24 -3
25 -4
26 -4
27 -3
28 -4
29 -4
30 -4
31 -5
32 -6
33 -6
34 -7
35 -8
36 -8
37 -8
38 -9
39 -10
40 -10
41 -11
42 -11
43 -11
44 -11
45 -11
46 -11
47 -10
48 -11
49 -11
50 -11
51 -10
52 -9
53 -9
54 -8
55 -8
56 -7
57 -6
58 -6
59 -5
60 -5
61 -5
62 -6
63 -5
64 -5
65 -6
66 -6
67 -6
68 -5
69 -6
70 -6
71 -5
72 -4
73 -4
74 -5
75 -6
76 -6
77 -5
78 -5
79 -4
80 -3
81 -3
82 -3
83 -4
84 -3
85 -3
86 -2
87 -3
88 -4
89 -3
90 -2
91 -3
92 -3
93 -3
94 -3
95 -4
96 -4
97 -4
98 -4
99 -5
100 -5
101 -4
102 -4
103 -3
104 -4
105 -3
106 -3
107 -3
108 -3
109 -3
110 -3
111 -4
112 -3
113 -3
114 -3
115 -3
116 -3
117 -4
118 -4
119 -5
120 -5
121 -5
122 -5
123 -4
124 -4
125 -3
126 -2
127 -2
128 -3
129 -3
130 -3
131 -2
132 -3
133 -4
134 -4
135 -4
136 -3
137 -3
138 -3
139 -3
140 -3
141 -2
142 -2
143 -1
144 -1
145 -1
146 -1
147 -1
148 0
149 -1
150 -2
151 -2
152 -1
153 -2
154 -2
155 -2
156 -2
157 -2
158 -3
159 -2
160 -4
161 -4
162 -4
163 -4
164 -3
165 -3
166 -3
167 -2
168 -2
169 -1
170 -1
171 -1
172 -1
173 -1
174 -2
175 -1
176 -1
177 -2
178 -2
179 -2
180 -2
181 -2
182 -1
183 -2
184 -3
185 -4
186 -5
187 -4
188 -5
189 -6
190 -7
191 -7
192 -8
193 -8
194 -7
195 -8
196 -8
197 -8
198 -8
199 -7
200 -6
201 -6
202 -6
203 -6
204 -5
205 -5
206 -4
207 -4
208 -3
209 -2
210 -1
211 -1
212 -2
213 -2
214 -1
215 0
216 2
217 3
218 3
219 3
220 2
221 2
222 2
223 3
224 1
225 2
226 1
227 0
228 0
229 -1
230 -1
231 -1
232 0
233 0
234 1
235 0
236 1
237 1
238 1
239 1
240 1
241 0
242 1
243 1
244 1
245 1
246 0
247 0
248 -1
249 0
250 2
251 3
252 4
253 4
254 4
255 4
