0 164
1 162
2 163
3 164
4 163
5 163
6 162
7 161
8 163
9 164
10 166
11 167
12 166
13 165
14 164
15 164
16 165
17 165
18 164
19 165
20 164
21 164
22 166
23 169
24 169
25 169
26 169
27 169
28 168
29 169
30 166
31 165
32 165
33 164
34 166
35 167
36 165
37 165
38 165
39 164
40 164
41 164
42 164
43 164
44 165
45 164
46 164
47 165
48 164
49 164
50 164
51 166
52 166
53 166
54 167
55 167
56 166
57 166
58 165
59 164
60 166
61 167
62 169
63 168
64 167
65 168
66 171
67 172
68 173
69 175
70 175
71 176
72 176
73 176
74 174
75 174
76 174
77 172
78 171
79 170
80 170
81 171
82 171
83 170
84 171
85 171
86 172
87 173
88 170
89 169
90 169
91 170
92 170
93 171
94 171
95 169
96 167
97 167
98 168
99 170
100 172
101 173
102 173
103 175
104 176
105 176
106 174
107 174
108 173
109 172
110 172
111 173
112 173
113 172
114 173
115 175
116 174
117 175
118 174
119 173
120 172
121 175
122 176
123 175
124 174
125 173
126 175
127 175
128 172
129 171
130 172
131 172
132 172
133 172
134 171
135 170
136 168
137 170
138 172
139 172
140 171
141 170
142 172
143 172
144 173
145 172
146 172
147 172
148 172
149 172
150 170
151 170
152 169
153 171
154 173
155 173
156 174
157 173
158 174
159 174
160 176
161 174
162 173
163 172
164 172
165 173
166 173
167 173
168 175
169 177
170 177
171 177
172 176
173 178
174 178
175 178
176 179
177 177
178 177
179 178
180 177
181 178
182 177
183 178
184 177
185 177
186 176
187 176
188 176
189 177
190 180
191 180
192 179
193 178
194 178
195 179
196 176
197 174
198 173
199 173
200 171
201 171
202 172
203 172
204 170
205 169
206 169
207 170
208 171
209 174
210 174
211 172
212 172
213 171
214 172
215 171
216 169
217 168
218 168
219 168
220 166
221 166
222 166
223 167
224 167
225 167
226 169
227 168
228 168
229 168
230 170
231 173
232 174
233 173
234 173
235 174
236 175
237 173
238 172
239 174
240 173
241 172
242 171
243 171
244 171
245 170
246 170
247 168
248 168
249 167
250 167
251 167
252 165
253 164
254 165
255 164
