0 1
1 1
2 2
3 2
4 1
5 2
6 3
7 2
8 3
9 4
10 3
11 4
12 5
13 6
14 6
15 7
16 9
17 8
18 9
19 10
20 10
21 10
22 9
23 9
24 9
25 10
26 10
27 10
28 9
29 10
30 9
31 8
32 8
33 8
34 10
35 10
36 9
37 10
38 10
39 9
40 8
41 8
42 8
43 9
44 8
45 7
46 7
47 8
48 8
49 9
50 10
51 10
52 10
53 11
54 10
55 10
56 10
57 10
58 10
59 9
60 9
61 9
62 8
63 7
64 9
65 10
66 10
67 9
68 9
69 8
70 9
71 8
72 7
73 7
74 7
75 7
76 8
77 8
78 8
79 7
80 6
81 6
82 7
83 8
84 8
85 9
86 8
87 9
88 9
89 9
90 9
91 9
92 8
93 8
94 8
95 7
96 8
97 8
98 8
99 8
100 7
101 7
102 7
103 6
104 5
105 4
106 4
107 4
108 5
109 6
110 6
111 6
112 6
113 6
114 5
115 4
116 3
117 3
118 3
119 3
120 4
121 4
122 3
123 4
124 4
125 4
126 5
127 5
128 5
129 4
130 3
131 3
132 3
133 3
134 4
135 4
136 4
137 4
138 3
139 2
140 2
141 1
142 3
143 3
144 3
145 3
146 3
147 3
148 3
149 2
150 2
151 2
152 2
153 2
154 2
155 3
156 3
157 3
158 2
159 1
160 1
161 1
162 1
163 2
164 1
165 2
166 3
167 3
168 1
169 0
170 0
171 0
172 0
173 1
174 2
175 3
176 2
177 1
178 1
179 1
180 1
181 1
182 1
183 0
184 -1
185 -1
186 -1
187 0
188 0
189 0
190 -1
191 -1
192 0
193 0
194 0
195 0
196 -1
197 -1
198 1
199 1
200 1
201 2
202 1
203 0
204 0
205 -1
206 0
207 0
208 0
209 1
210 1
211 1
212 0
213 -1
214 -2
215 -3
216 -3
217 -3
218 -3
219 -4
220 -4
221 -4
222 -4
223 -3
224 -3
225 -4
226 -4
227 -3
228 -3
229 -3
230 -2
231 -2
232 -1
233 0
234 0
235 1
236 1
237 0
238 0
239 0
240 0
241 0
242 0
243 1
244 1
245 1
246 1
247 2
248 0
249 0
250 0
251 1
252 1
253 0
254 1
255 1
