0 3
1 2
2 0
3 1
4 0
5 -1
6 0
7 0
8 1
9 1
10 1
11 0
12 0
13 1
14 0
15 0
16 0
17 0
18 0
19 1
20 0
21 0
22 0
23 -1
24 0
25 0
26 0
27 0
28 1
29 0
30 0
31 0
32 0
33 0
34 1
35 0
36 0
37 0
38 0
39 1
40 0
41 1
42 1
43 0
44 1
45 1
46 0
47 0
48 -1
49 -1
50 -1
51 0
52 0
53 0
54 -1
55 -1
56 0
57 0
58 0
59 0
60 -1
61 -1
62 -1
63 0
64 0
65 0
66 1
67 1
68 0
69 -1
70 -1
71 -1
72 -1
73 -2
74 -2
75 -2
76 -1
77 0
78 0
79 0
80 0
81 0
82 1
83 1
84 0
85 -1
86 0
87 1
88 1
89 1
90 1
91 1
92 1
93 1
94 0
95 -1
96 0
97 0
98 1
99 1
100 0
101 0
102 1
103 -1
104 -1
105 0
106 -1
107 -1
108 0
109 0
110 -1
111 0
112 1
113 1
114 0
115 0
116 0
117 0
118 0
119 0
120 0
121 0
122 0
123 0
124 0
125 0
126 -1
127 -1
128 0
129 0
130 -1
131 -1
132 -1
133 1
134 1
135 0
136 1
137 1
138 1
139 0
140 0
141 0
142 0
143 1
144 0
145 0
146 1
147 0
148 0
149 -1
150 0
151 1
152 0
153 0
154 0
155 0
156 0
157 0
158 0
159 1
160 1
161 0
162 0
163 0
164 0
165 0
166 0
167 0
168 0
169 0
170 0
171 0
172 0
173 0
174 0
175 -1
176 -1
177 -1
178 -1
179 0
180 1
181 1
182 1
183 1
184 1
185 1
186 0
187 0
188 0
189 1
190 0
191 -2
192 -2
193 -1
194 -1
195 -1
196 0
197 1
198 -1
199 -1
200 -1
201 -1
202 -1
203 0
204 -1
205 -1
206 0
207 1
208 0
209 1
210 1
211 0
212 1
213 1
214 1
215 0
216 0
217 0
218 0
219 0
220 0
221 0
222 0
223 1
224 0
225 0
226 0
227 -1
228 0
229 0
230 1
231 0
232 0
233 -1
234 -1
235 -1
236 -2
237 -3
238 -2
239 -2
240 -1
241 0
242 0
243 0
244 0
245 0
246 0
247 0
248 0
249 0
250 0
251 0
252 0
253 0
254 0
255 1
