0 -1
1 -1
2 -1
3 0
4 0
5 1
6 0
7 1
8 1
9 0
10 0
11 0
12 0
13 0
14 0
15 0
16 0
17 -1
18 0
19 1
20 1
21 1
22 1
23 0
24 0
25 0
26 0
27 1
28 0
29 0
30 0
31 -1
32 -1
33 0
34 -1
35 -1
36 0
37 1
38 1
39 0
40 1
41 1
42 1
43 0
44 1
45 0
46 0
47 0
48 1
49 0
50 0
51 -1
52 -1
53 0
54 0
55 0
56 -1
57 -1
58 -1
59 0
60 0
61 0
62 0
63 0
64 0
65 0
66 0
67 0
68 0
69 0
70 0
71 0
72 -1
73 0
74 0
75 0
76 0
77 0
78 0
79 1
80 0
81 0
82 0
83 1
84 0
85 0
86 0
87 -1
88 -1
89 0
90 -1
91 -1
92 0
93 -1
94 -1
95 0
96 0
97 0
98 0
99 0
100 0
101 1
102 1
103 0
104 1
105 2
106 1
107 2
108 0
109 0
110 -1
111 0
112 0
113 0
114 0
115 0
116 0
117 0
118 0
119 0
120 1
121 0
122 0
123 0
124 0
125 0
126 -1
127 0
128 0
129 0
130 1
131 0
132 0
133 0
134 1
135 0
136 1
137 0
138 0
139 1
140 1
141 0
142 1
143 0
144 0
145 0
146 1
147 0
148 0
149 0
150 0
151 0
152 0
153 0
154 -1
155 0
156 0
157 0
158 1
159 0
160 0
161 0
162 1
163 1
164 0
165 0
166 0
167 0
168 0
169 0
170 1
171 1
172 1
173 0
174 0
175 0
176 0
177 0
178 0
179 0
180 -1
181 0
182 0
183 0
184 -1
185 -1
186 0
187 0
188 0
189 -1
190 -1
191 -1
192 0
193 0
194 0
195 0
196 0
197 0
198 0
199 0
200 -1
201 0
202 0
203 0
204 0
205 -1
206 -1
207 0
208 0
209 1
210 0
211 0
212 1
213 1
214 0
215 0
216 -1
217 -1
218 -1
219 0
220 0
221 1
222 1
223 0
224 0
225 1
226 1
227 0
228 1
229 0
230 1
231 2
232 1
233 1
234 1
235 1
236 1
237 1
238 1
239 0
240 -1
241 -1
242 0
243 2
244 1
245 0
246 0
247 0
248 0
249 0
250 -1
251 -1
252 0
253 -1
254 -1
255 0
