0 4
1 4
2 4
3 3
4 2
5 2
6 2
7 3
8 3
9 3
10 2
11 2
12 2
13 2
14 2
15 1
16 3
17 2
18 2
19 1
20 2
21 3
22 3
23 3
24 4
25 4
26 5
27 5
28 5
29 4
30 4
31 4
32 2
33 1
34 0
35 0
36 -1
37 -1
38 0
39 0
40 1
41 1
42 0
43 -1
44 -1
45 0
46 0
47 -1
48 -1
49 0
50 1
51 -1
52 -2
53 -2
54 -1
55 -1
56 -1
57 -1
58 -1
59 -1
60 -1
61 -1
62 -2
63 -2
64 -2
65 -2
66 -3
67 -2
68 -2
69 -1
70 -1
71 -1
72 -2
73 -2
74 -2
75 -2
76 -2
77 -4
78 -5
79 -4
80 -4
81 -4
82 -4
83 -3
84 -4
85 -3
86 -2
87 -2
88 -2
89 -1
90 -1
91 -1
92 -1
93 -1
94 -1
95 -1
96 -1
97 -3
98 -3
99 -2
100 -2
101 -1
102 0
103 0
104 0
105 0
106 -1
107 -1
108 -1
109 -1
110 -1
111 0
112 0
113 2
114 2
115 3
116 3
117 3
118 3
119 1
120 2
121 2
122 2
123 2
124 3
125 3
126 2
127 1
128 1
129 1
130 0
131 -1
132 0
133 0
134 1
135 1
136 1
137 1
138 1
139 1
140 2
141 1
142 1
143 1
144 0
145 0
146 0
147 1
148 0
149 1
150 1
151 1
152 1
153 2
154 3
155 4
156 3
157 3
158 3
159 3
160 3
161 4
162 4
163 3
164 2
165 1
166 0
167 1
168 1
169 1
170 1
171 1
172 2
173 1
174 2
175 3
176 3
177 3
178 3
179 2
180 1
181 1
182 2
183 2
184 2
185 1
186 2
187 2
188 1
189 0
190 0
191 -1
192 0
193 1
194 1
195 1
196 2
197 2
198 2
199 2
200 2
201 2
202 3
203 3
204 4
205 4
206 4
207 3
208 3
209 4
210 5
211 5
212 4
213 3
214 2
215 2
216 2
217 2
218 2
219 2
220 3
221 3
222 3
223 3
224 3
225 5
226 5
227 4
228 4
229 3
230 4
231 4
232 3
233 3
234 2
235 1
236 1
237 1
238 1
239 1
240 1
241 0
242 1
243 1
244 1
245 1
246 1
247 0
248 0
249 1
250 2
251 1
252 2
253 4
254 4
255 3
