0 16
1 16
2 14
3 14
4 13
5 16
6 17
7 16
8 12
9 14
10 13
11 11
12 12
13 11
14 10
15 9
16 9
17 11
18 10
19 10
20 10
21 8
22 8
23 10
24 11
25 11
26 14
27 14
28 15
29 16
30 11
31 12
32 11
33 11
34 11
35 10
36 9
37 9
38 10
39 9
40 9
41 7
42 5
43 6
44 2
45 1
46 2
47 2
48 2
49 4
50 5
51 3
52 4
53 4
54 2
55 2
56 2
57 2
58 1
59 1
60 1
61 1
62 3
63 2
64 2
65 1
66 1
67 -1
68 0
69 1
70 2
71 5
72 6
73 5
74 4
75 4
76 5
77 2
78 2
79 3
80 5
81 8
82 9
83 8
84 7
85 8
86 11
87 15
88 14
89 17
90 15
91 15
92 14
93 13
94 14
95 14
96 14
97 15
98 16
99 18
100 18
101 17
102 16
103 16
104 13
105 11
106 11
107 12
108 11
109 8
110 8
111 8
112 5
113 4
114 4
115 5
116 6
117 7
118 5
119 4
120 6
121 6
122 5
123 5
124 4
125 4
126 3
127 4
128 6
129 6
130 5
131 4
132 5
133 8
134 7
135 6
136 6
137 4
138 3
139 4
140 4
141 6
142 6
143 8
144 9
145 9
146 9
147 6
148 5
149 3
150 4
151 5
152 5
153 6
154 7
155 7
156 6
157 4
158 2
159 1
160 3
161 4
162 7
163 6
164 8
165 9
166 11
167 9
168 8
169 5
170 4
171 2
172 1
173 0
174 -1
175 0
176 2
177 2
178 3
179 3
180 4
181 5
182 4
183 4
184 3
185 2
186 3
187 3
188 3
189 2
190 2
191 0
192 0
193 1
194 2
195 0
196 0
197 1
198 2
199 3
200 2
201 2
202 1
203 1
204 1
205 2
206 2
207 4
208 6
209 6
210 5
211 6
212 6
213 5
214 7
215 7
216 6
217 6
218 8
219 4
220 2
221 3
222 2
223 2
224 3
225 2
226 3
227 6
228 6
229 6
230 6
231 6
232 9
233 8
234 10
235 10
236 9
237 9
238 12
239 11
240 12
241 16
242 19
243 16
244 16
245 13
246 14
247 12
248 13
249 13
250 15
251 15
252 16
253 14
254 13
255 15
