0 3
1 4
2 3
3 2
4 2
5 2
6 3
7 3
8 3
9 3
10 1
11 2
12 1
13 1
14 1
15 1
16 -1
17 0
18 1
19 -1
20 -1
21 0
22 -1
23 -2
24 -3
25 -2
26 -3
27 -1
28 0
29 1
30 1
31 1
32 1
33 0
34 -1
35 -1
36 -1
37 -1
38 0
39 0
40 -2
41 -2
42 -2
43 -2
44 -2
45 -4
46 -3
47 -3
48 -3
49 -2
50 -4
51 -3
52 -3
53 -3
54 -2
55 -1
56 -1
57 0
58 -1
59 0
60 0
61 1
62 1
63 1
64 1
65 1
66 1
67 2
68 1
69 2
70 0
71 -1
72 -1
73 0
74 -1
75 -1
76 -1
77 -1
78 0
79 0
80 -1
81 -2
82 -2
83 -3
84 -2
85 -3
86 -3
87 -3
88 -3
89 -4
90 -4
91 -2
92 -2
93 -1
94 -3
95 -3
96 -3
97 -3
98 -2
99 -2
100 -2
101 -3
102 -5
103 -3
104 -3
105 -3
106 -3
107 -2
108 -1
109 -2
110 -1
111 -1
112 -1
113 -1
114 -1
115 -3
116 -3
117 -2
118 -1
119 -2
120 -2
121 -1
122 0
123 1
124 0
125 -1
126 0
127 -1
128 -1
129 -2
130 -2
131 -1
132 0
133 0
134 -2
135 -2
136 -1
137 -2
138 -2
139 -2
140 -2
141 -3
142 -1
143 -1
144 0
145 0
146 -1
147 -2
148 -2
149 -2
150 -1
151 -1
152 -1
153 1
154 0
155 0
156 0
157 0
158 2
159 1
160 2
161 3
162 3
163 3
164 2
165 2
166 3
167 3
168 3
169 2
170 0
171 -1
172 -1
173 -2
174 -3
175 -4
176 -3
177 -2
178 -1
179 -1
180 -3
181 -3
182 -3
183 -2
184 -1
185 -2
186 0
187 -1
188 -1
189 -1
190 1
191 3
192 2
193 3
194 4
195 3
196 3
197 2
198 2
199 1
200 2
201 3
202 5
203 4
204 4
205 3
206 3
207 4
208 3
209 2
210 2
211 1
212 0
213 0
214 -2
215 -2
216 -2
217 -2
218 -2
219 0
220 0
221 1
222 -1
223 -2
224 -2
225 -1
226 -2
227 -2
228 -3
229 -5
230 -6
231 -7
232 -8
233 -6
234 -4
235 -2
236 -3
237 -3
238 -3
239 -4
240 -5
241 -4
242 -3
243 -1
244 0
245 0
246 1
247 4
248 4
249 3
250 2
251 1
252 2
253 2
254 2
255 3
