0 1
1 2
2 2
3 3
4 3
5 4
6 3
7 4
8 6
9 4
10 5
11 4
12 4
13 3
14 5
15 2
16 1
17 0
18 0
19 0
20 2
21 2
22 -1
23 -2
24 -1
25 1
26 0
27 1
28 1
29 2
30 3
31 3
32 3
33 4
34 3
35 0
36 -2
37 -2
38 -2
39 -3
40 -5
41 -5
42 -4
43 -2
44 -5
45 -4
46 -4
47 -5
48 -5
49 -4
50 -3
51 -2
52 -3
53 0
54 0
55 0
56 -1
57 -2
58 -4
59 -4
60 -5
61 -4
62 -3
63 -3
64 -1
65 -1
66 0
67 0
68 -3
69 -3
70 -3
71 -3
72 -4
73 -3
74 -4
75 -4
76 -3
77 -4
78 -4
79 -3
80 -4
81 -5
82 -5
83 -5
84 -5
85 -4
86 -1
87 -2
88 -1
89 -2
90 -3
91 -3
92 -5
93 -5
94 -4
95 -2
96 1
97 3
98 3
99 4
100 3
101 2
102 3
103 2
104 5
105 4
106 5
107 2
108 3
109 4
110 4
111 3
112 2
113 2
114 4
115 4
116 3
117 6
118 7
119 5
120 5
121 3
122 2
123 1
124 0
125 1
126 0
127 1
128 3
129 4
130 3
131 3
132 4
133 2
134 1
135 0
136 0
137 1
138 0
139 0
140 0
141 0
142 2
143 0
144 1
145 2
146 0
147 0
148 1
149 -2
150 -2
151 -1
152 1
153 1
154 1
155 2
156 1
157 0
158 3
159 2
160 2
161 3
162 1
163 0
164 0
165 -1
166 -4
167 -3
168 -3
169 0
170 0
171 -2
172 -3
173 0
174 1
175 0
176 0
177 1
178 0
179 0
180 0
181 0
182 1
183 2
184 1
185 2
186 3
187 2
188 4
189 6
190 4
191 4
192 3
193 3
194 1
195 1
196 0
197 0
198 -1
199 -4
200 -5
201 -3
202 -2
203 -1
204 -1
205 -3
206 -3
207 -3
208 -4
209 -2
210 -2
211 -4
212 -4
213 -3
214 0
215 -1
216 -1
217 1
218 0
219 1
220 1
221 2
222 0
223 -2
224 0
225 -2
226 -2
227 0
228 -1
229 -1
230 0
231 1
232 2
233 1
234 1
235 1
236 0
237 0
238 2
239 2
240 1
241 0
242 -1
243 -1
244 -2
245 -1
246 -1
247 -1
248 -2
249 -2
250 -1
251 -1
252 1
253 0
254 1
255 2
