0 1
1 1
2 2
3 2
4 1
5 1
6 2
7 1
8 2
9 3
10 4
11 5
12 4
13 4
14 3
15 3
16 3
17 3
18 3
19 2
20 1
21 1
22 2
23 1
24 0
25 1
26 2
27 5
28 5
29 5
30 6
31 4
32 2
33 2
34 2
35 3
36 1
37 1
38 1
39 2
40 2
41 -1
42 0
43 -2
44 -1
45 -1
46 -2
47 -2
48 -1
49 -1
50 0
51 2
52 2
53 1
54 1
55 1
56 0
57 -1
58 0
59 -1
60 1
61 -1
62 -1
63 -1
64 -1
65 0
66 0
67 -1
68 -1
69 -2
70 -2
71 -1
72 -1
73 0
74 0
75 -1
76 0
77 0
78 1
79 2
80 0
81 0
82 1
83 0
84 0
85 0
86 0
87 1
88 0
89 -1
90 0
91 -1
92 0
93 0
94 2
95 3
96 3
97 2
98 2
99 4
100 3
101 3
102 3
103 1
104 0
105 2
106 1
107 -1
108 -1
109 0
110 -1
111 -2
112 -3
113 -2
114 -1
115 0
116 2
117 3
118 4
119 2
120 2
121 3
122 4
123 4
124 4
125 3
126 2
127 2
128 2
129 3
130 2
131 1
132 1
133 0
134 1
135 0
136 0
137 1
138 1
139 1
140 3
141 2
142 2
143 4
144 3
145 2
146 1
147 2
148 1
149 0
150 -1
151 0
152 1
153 1
154 0
155 -3
156 -1
157 -2
158 -2
159 -3
160 -2
161 -2
162 -1
163 0
164 1
165 1
166 0
167 1
168 0
169 -2
170 -3
171 -3
172 -3
173 -3
174 -3
175 -2
176 -1
177 -2
178 0
179 -1
180 -1
181 -2
182 -2
183 0
184 -1
185 -1
186 -2
187 -2
188 -3
189 -3
190 -3
191 -1
192 1
193 3
194 4
195 4
196 5
197 5
198 5
199 5
200 5
201 4
202 2
203 2
204 2
205 2
206 2
207 1
208 0
209 0
210 2
211 1
212 1
213 2
214 1
215 0
216 -2
217 -1
218 -3
219 -1
220 -1
221 -1
222 -1
223 -1
224 -2
225 -2
226 -1
227 0
228 -2
229 -1
230 -1
231 -1
232 0
233 2
234 2
235 3
236 3
237 3
238 3
239 3
240 3
241 3
242 3
243 2
244 2
245 2
246 1
247 2
248 1
249 2
250 2
251 4
252 3
253 2
254 2
255 1
