0 -9
1 -9
2 -9
3 -10
4 -9
5 -9
6 -9
7 -9
8 -9
9 -9
10 -9
11 -7
12 -6
13 -7
14 -8
15 -9
16 -8
17 -8
18 -7
19 -7
20 -6
21 -6
22 -6
23 -7
24 -7
25 -7
26 -7
27 -8
28 -7
29 -8
30 -9
31 -8
32 -7
33 -7
34 -8
35 -8
36 -8
37 -8
38 -7
39 -7
40 -7
41 -7
42 -8
43 -9
44 -8
45 -7
46 -7
47 -6
48 -6
49 -6
50 -6
51 -7
52 -7
53 -7
54 -8
55 -9
56 -9
57 -9
58 -10
59 -9
60 -9
61 -9
62 -9
63 -9
64 -8
65 -9
66 -9
67 -9
68 -8
69 -7
70 -8
71 -8
72 -9
73 -8
74 -7
75 -7
76 -7
77 -6
78 -5
79 -5
80 -6
81 -7
82 -7
83 -7
84 -7
85 -8
86 -9
87 -9
88 -9
89 -9
90 -9
91 -10
92 -9
93 -9
94 -10
95 -9
96 -9
97 -8
98 -9
99 -10
100 -10
101 -10
102 -10
103 -10
104 -11
105 -11
106 -11
107 -10
108 -10
109 -10
110 -10
111 -10
112 -11
113 -10
114 -10
115 -10
116 -9
117 -9
118 -8
119 -8
120 -9
121 -8
122 -9
123 -9
124 -8
125 -8
126 -7
127 -8
128 -8
129 -9
130 -10
131 -9
132 -9
133 -10
134 -10
135 -9
136 -8
137 -9
138 -9
139 -8
140 -8
141 -7
142 -6
143 -5
144 -5
145 -4
146 -4
147 -5
148 -5
149 -5
150 -5
151 -6
152 -6
153 -7
154 -6
155 -6
156 -6
157 -5
158 -4
159 -5
160 -5
161 -5
162 -5
163 -4
164 -3
165 -2
166 -2
167 -2
168 -1
169 -1
170 0
171 0
172 -1
173 -1
174 -2
175 -2
176 -2
177 -2
178 -2
179 -2
180 -2
181 -1
182 -1
183 -1
184 -2
185 -1
186 -2
187 -2
188 -1
189 -1
190 0
191 0
192 -2
193 -2
194 -2
195 -2
196 -3
197 -4
198 -5
199 -5
200 -5
201 -5
202 -5
203 -6
204 -6
205 -7
206 -7
207 -7
208 -6
209 -6
210 -6
211 -7
212 -6
213 -6
214 -7
215 -6
216 -6
217 -6
218 -7
219 -7
220 -8
221 -7
222 -8
223 -8
224 -8
225 -7
226 -7
227 -7
228 -7
229 -7
230 -7
231 -7
232 -8
233 -8
234 -9
235 -9
236 -9
237 -9
238 -9
239 -8
240 -8
241 -9
242 -9
243 -9
244 -9
245 -9
246 -10
247 -11
248 -9
249 -10
250 -9
251 -10
252 -10
253 -9
254 -9
255 -9
