0 5
1 6
2 5
3 3
4 3
5 3
6 4
7 3
8 3
9 4
10 3
11 1
12 3
13 2
14 1
15 -1
16 -1
17 0
18 1
19 1
20 -1
21 0
22 2
23 2
24 3
25 0
26 -1
27 2
28 -1
29 -1
30 -2
31 -1
32 1
33 1
34 0
35 0
36 1
37 0
38 -1
39 0
40 -1
41 -2
42 -1
43 2
44 2
45 1
46 1
47 -1
48 1
49 0
50 1
51 2
52 2
53 2
54 2
55 1
56 1
57 0
58 0
59 0
60 0
61 3
62 1
63 1
64 2
65 1
66 0
67 2
68 0
69 0
70 0
71 4
72 5
73 4
74 5
75 4
76 4
77 5
78 3
79 1
80 -1
81 -1
82 0
83 2
84 1
85 0
86 -1
87 -1
88 -2
89 -1
90 -1
91 -1
92 -1
93 1
94 -2
95 -4
96 -2
97 -2
98 -1
99 -2
100 -4
101 -4
102 -4
103 -3
104 -2
105 0
106 -1
107 -1
108 0
109 1
110 0
111 0
112 2
113 2
114 1
115 1
116 3
117 1
118 1
119 2
120 3
121 3
122 1
123 0
124 1
125 1
126 4
127 5
128 3
129 4
130 3
131 4
132 4
133 6
134 6
135 4
136 3
137 3
138 1
139 2
140 3
141 3
142 2
143 2
144 3
145 5
146 6
147 6
148 6
149 6
150 7
151 5
152 5
153 2
154 2
155 3
156 2
157 3
158 2
159 3
160 3
161 4
162 3
163 3
164 2
165 4
166 5
167 2
168 3
169 3
170 1
171 3
172 4
173 3
174 4
175 5
176 4
177 4
178 2
179 2
180 3
181 5
182 6
183 5
184 3
185 3
186 3
187 1
188 1
189 0
190 1
191 -1
192 -1
193 0
194 1
195 -1
196 -1
197 -2
198 -1
199 -3
200 -2
201 0
202 -1
203 -2
204 -4
205 -4
206 -4
207 -5
208 -4
209 -3
210 -3
211 -4
212 -5
213 -4
214 -7
215 -5
216 -4
217 -4
218 -4
219 -4
220 -3
221 -3
222 -2
223 -3
224 -3
225 -4
226 -3
227 -1
228 1
229 2
230 2
231 1
232 0
233 0
234 -1
235 -1
236 1
237 2
238 1
239 1
240 2
241 4
242 4
243 5
244 4
245 3
246 2
247 1
248 1
249 3
250 3
251 2
252 2
253 4
254 6
255 5
