0 0
1 -2
2 0
3 -2
4 0
5 -2
6 -2
7 -5
8 -7
9 -9
10 -9
11 -9
12 -10
13 -10
14 -10
15 -8
16 -9
17 -8
18 -10
19 -8
20 -8
21 -8
22 -8
23 -10
24 -10
25 -10
26 -12
27 -10
28 -11
29 -13
30 -14
31 -12
32 -10
33 -9
34 -9
35 -11
36 -11
37 -9
38 -7
39 -9
40 -6
41 -5
42 -7
43 -6
44 -11
45 -9
46 -6
47 -4
48 -3
49 -3
50 -5
51 -6
52 -8
53 -7
54 -8
55 -6
56 -5
57 -6
58 -5
59 -7
60 -7
61 -5
62 -5
63 -4
64 -6
65 -8
66 -7
67 -8
68 -7
69 -9
70 -9
71 -9
72 -10
73 -10
74 -14
75 -16
76 -15
77 -17
78 -16
79 -14
80 -16
81 -16
82 -15
83 -12
84 -9
85 -10
86 -9
87 -9
88 -7
89 -5
90 -5
91 -4
92 -2
93 -5
94 -6
95 -7
96 -6
97 -7
98 -7
99 -7
100 -4
101 -3
102 -4
103 -5
104 -5
105 -6
106 -9
107 -9
108 -7
109 -5
110 -3
111 -2
112 -4
113 -3
114 -3
115 -3
116 -2
117 -1
118 -1
119 -1
120 -1
121 0
122 0
123 1
124 2
125 2
126 0
127 0
128 -1
129 -1
130 -2
131 -4
132 -4
133 -5
134 -5
135 -5
136 -5
137 -4
138 -2
139 -1
140 -2
141 -4
142 0
143 0
144 0
145 -2
146 -2
147 -4
148 -3
149 -3
150 -6
151 -3
152 -3
153 -5
154 -4
155 -4
156 -5
157 -6
158 -7
159 -6
160 -5
161 -5
162 -4
163 -1
164 0
165 0
166 -2
167 -2
168 -2
169 -2
170 0
171 -5
172 -6
173 -4
174 -2
175 -2
176 -2
177 1
178 1
179 -2
180 -1
181 0
182 0
183 1
184 1
185 -1
186 1
187 1
188 -1
189 1
190 2
191 4
192 6
193 7
194 7
195 7
196 8
197 9
198 10
199 8
200 9
201 10
202 11
203 10
204 11
205 11
206 12
207 11
208 12
209 10
210 12
211 12
212 11
213 10
214 10
215 13
216 15
217 14
218 15
219 13
220 14
221 15
222 14
223 15
224 14
225 14
226 12
227 12
228 12
229 10
230 7
231 6
232 3
233 2
234 2
235 2
236 1
237 2
238 4
239 3
240 3
241 2
242 4
243 4
244 1
245 0
246 2
247 1
248 0
249 0
250 -2
251 -1
252 -1
253 -1
254 1
255 2
