0 -35
1 -38
2 -39
3 -39
4 -40
5 -39
6 -40
7 -40
8 -38
9 -37
10 -36
11 -38
12 -36
13 -36
14 -37
15 -34
16 -31
17 -31
18 -31
19 -30
20 -29
21 -31
22 -32
23 -33
24 -32
25 -35
26 -34
27 -35
28 -36
29 -37
30 -35
31 -36
32 -37
33 -37
34 -37
35 -38
36 -37
37 -40
38 -40
39 -39
40 -37
41 -36
42 -34
43 -34
44 -33
45 -35
46 -36
47 -35
48 -34
49 -34
50 -35
51 -37
52 -39
53 -38
54 -39
55 -38
56 -37
57 -35
58 -34
59 -32
60 -31
61 -33
62 -30
63 -32
64 -35
65 -33
66 -33
67 -32
68 -30
69 -31
70 -30
71 -29
72 -26
73 -25
74 -25
75 -22
76 -21
77 -22
78 -23
79 -24
80 -24
81 -24
82 -26
83 -27
84 -24
85 -24
86 -24
87 -26
88 -27
89 -28
90 -28
91 -29
92 -30
93 -29
94 -29
95 -26
96 -25
97 -24
98 -24
99 -26
100 -27
101 -26
102 -26
103 -28
104 -27
105 -27
106 -25
107 -27
108 -28
109 -29
110 -31
111 -30
112 -28
113 -29
114 -28
115 -28
116 -25
117 -24
118 -23
119 -23
120 -20
121 -18
122 -17
123 -19
124 -20
125 -17
126 -16
127 -20
128 -20
129 -21
130 -20
131 -21
132 -20
133 -24
134 -24
135 -25
136 -25
137 -27
138 -26
139 -25
140 -26
141 -29
142 -30
143 -30
144 -30
145 -29
146 -29
147 -28
148 -28
149 -27
150 -29
151 -29
152 -28
153 -26
154 -23
155 -24
156 -25
157 -25
158 -26
159 -28
160 -26
161 -29
162 -31
163 -31
164 -30
165 -30
166 -32
167 -32
168 -29
169 -30
170 -32
171 -30
172 -28
173 -30
174 -33
175 -36
176 -40
177 -40
178 -40
179 -41
180 -40
181 -41
182 -40
183 -39
184 -40
185 -41
186 -41
187 -41
188 -40
189 -39
190 -39
191 -41
192 -40
193 -41
194 -41
195 -41
196 -42
197 -44
198 -45
199 -48
200 -48
201 -47
202 -47
203 -47
204 -46
205 -44
206 -45
207 -45
208 -47
209 -47
210 -47
211 -46
212 -45
213 -45
214 -44
215 -46
216 -47
217 -47
218 -48
219 -46
220 -45
221 -42
222 -43
223 -45
224 -42
225 -41
226 -40
227 -39
228 -39
229 -39
230 -40
231 -40
232 -40
233 -38
234 -38
235 -38
236 -39
237 -37
238 -35
239 -37
240 -38
241 -37
242 -34
243 -35
244 -34
245 -34
246 -33
247 -35
248 -32
249 -33
250 -32
251 -32
252 -34
253 -34
254 -35
255 -33
