0 3
1 5
2 7
3 7
4 6
5 5
6 3
7 4
8 5
9 4
10 3
11 5
12 4
13 4
14 5
15 5
16 5
17 6
18 7
19 6
20 7
21 6
22 7
23 7
24 4
25 5
26 5
27 4
28 5
29 5
30 5
31 5
32 7
33 9
34 10
35 9
36 8
37 7
38 8
39 8
40 9
41 10
42 10
43 11
44 11
45 11
46 12
47 10
48 10
49 8
50 10
51 9
52 10
53 9
54 11
55 12
56 12
57 13
58 14
59 13
60 13
61 12
62 12
63 13
64 14
65 12
66 10
67 9
68 11
69 12
70 12
71 11
72 12
73 11
74 13
75 13
76 14
77 14
78 15
79 13
80 11
81 9
82 8
83 8
84 8
85 7
86 7
87 8
88 8
89 10
90 10
91 10
92 11
93 11
94 12
95 10
96 10
97 9
98 10
99 11
100 11
101 10
102 9
103 11
104 13
105 14
106 13
107 12
108 11
109 11
110 10
111 8
112 9
113 6
114 6
115 5
116 4
117 5
118 6
119 5
120 3
121 2
122 -1
123 0
124 0
125 1
126 0
127 0
128 0
129 -1
130 -2
131 -3
132 -1
133 -1
134 -1
135 -2
136 -1
137 -1
138 -1
139 -1
140 -2
141 0
142 -1
143 2
144 1
145 3
146 2
147 1
148 -2
149 -1
150 -3
151 -1
152 -1
153 -1
154 -1
155 -2
156 -3
157 -2
158 -2
159 0
160 -1
161 -1
162 -2
163 -1
164 0
165 -1
166 0
167 1
168 1
169 1
170 1
171 0
172 2
173 0
174 -3
175 -4
176 -5
177 -4
178 -5
179 -5
180 -5
181 -6
182 -6
183 -2
184 -2
185 -4
186 -4
187 -4
188 -4
189 -4
190 -3
191 -1
192 0
193 0
194 -1
195 1
196 0
197 0
198 -2
199 1
200 1
201 0
202 0
203 1
204 3
205 2
206 1
207 2
208 2
209 2
210 0
211 2
212 1
213 1
214 2
215 -1
216 -1
217 -1
218 -3
219 -1
220 -2
221 -2
222 -5
223 -4
224 -4
225 -7
226 -8
227 -7
228 -6
229 -5
230 -5
231 -4
232 -6
233 -5
234 -6
235 -4
236 -5
237 -4
238 -5
239 -5
240 -6
241 -6
242 -2
243 -1
244 0
245 1
246 2
247 1
248 -1
249 0
250 -2
251 -3
252 -3
253 -3
254 -1
255 0
