0 16
1 17
2 15
3 13
4 13
5 14
6 15
7 17
8 18
9 18
10 17
11 17
12 17
13 14
14 13
15 13
16 13
17 16
18 16
19 16
20 16
21 17
22 18
23 18
24 17
25 16
26 15
27 14
28 17
29 17
30 15
31 12
32 12
33 11
34 11
35 10
36 10
37 11
38 15
39 15
40 17
41 17
42 17
43 14
44 15
45 14
46 12
47 12
48 10
49 10
50 10
51 10
52 10
53 11
54 11
55 11
56 7
57 7
58 7
59 6
60 6
61 8
62 7
63 7
64 7
65 6
66 5
67 7
68 7
69 8
70 6
71 7
72 7
73 6
74 9
75 10
76 10
77 11
78 11
79 11
80 11
81 11
82 8
83 9
84 7
85 7
86 7
87 9
88 12
89 12
90 12
91 9
92 8
93 7
94 6
95 5
96 4
97 5
98 4
99 6
100 7
101 7
102 9
103 9
104 10
105 10
106 10
107 9
108 7
109 5
110 5
111 5
112 6
113 8
114 8
115 7
116 7
117 7
118 5
119 5
120 6
121 5
122 4
123 3
124 4
125 5
126 4
127 5
128 7
129 8
130 6
131 5
132 6
133 6
134 6
135 4
136 3
137 2
138 0
139 -1
140 -1
141 2
142 0
143 0
144 1
145 2
146 7
147 7
148 7
149 6
150 8
151 9
152 8
153 7
154 8
155 9
156 6
157 6
158 6
159 6
160 7
161 8
162 8
163 9
164 9
165 10
166 9
167 10
168 10
169 8
170 9
171 7
172 9
173 10
174 10
175 9
176 7
177 7
178 6
179 7
180 7
181 5
182 5
183 4
184 5
185 4
186 2
187 1
188 1
189 2
190 3
191 3
192 2
193 1
194 2
195 3
196 3
197 3
198 5
199 4
200 5
201 4
202 5
203 6
204 6
205 6
206 8
207 9
208 10
209 11
210 9
211 8
212 7
213 7
214 8
215 8
216 8
217 7
218 8
219 7
220 7
221 7
222 8
223 7
224 7
225 7
226 9
227 10
228 9
229 7
230 8
231 9
232 11
233 13
234 11
235 11
236 9
237 7
238 9
239 8
240 7
241 7
242 7
243 8
244 9
245 10
246 11
247 12
248 11
249 13
250 14
251 15
252 16
253 15
254 16
255 16
