1 -0.963108
2 -0.955676
3 -0.953679
4 -0.953043
5 -0.952932
6 -0.95281
7 -0.952713
8 -0.952643
9 -0.952343
10 -0.951759
11 -0.951189
12 -0.950591
13 -0.948598
14 -0.943027
15 -0.931379
16 -0.909134
17 -0.874356
18 -0.824973
19 -0.761639
20 -0.679449
21 -0.575923
22 -0.448245
23 -0.295833
24 -0.11885
25 0.0753494
26 0.265685
27 0.43645
28 0.579755
29 0.696216
30 0.788377
31 0.853532
32 0.894371
33 0.919466
34 0.934339
35 0.943278
36 0.947874
37 0.949961
38 0.950655
39 0.950973
40 0.950891
41 0.950695
42 0.950421
43 0.950248
44 0.950309
45 0.950252
46 0.950798
47 0.952967
48 0.961448
