0 0 
1 0 
2 0 
3 0 
4 0 
5 0 
6 0 
7 0 
8 0 
9 0 
10 0 
11 0 
12 0 
13 0 
14 0 
15 0 
16 0 
17 0 
18 0 
19 0 
20 0 
21 0 
22 0 
23 0 
24 0 
25 0 
26 0 
27 0 
28 0 
29 0 
30 0 
31 0 
32 0 
33 0 
34 0 
35 0 
36 0 
37 0 
38 0 
39 0 
40 0 
41 0 
42 0 
43 0 
44 0 
45 0 
46 0 
47 0 
48 0 
49 0 
50 0 
51 0 
52 0 
53 0 
54 0 
55 0 
56 0 
57 0 
58 0 
59 0 
60 0 
61 0 
62 0 
63 0 
64 0 
65 0 
66 0 
67 0 
68 0 
69 0 
70 0 
71 0 
72 0 
73 0 
74 0 
75 0 
76 0 
77 0 
78 0 
79 0 
80 0 
81 0 
82 0 
83 0 
84 0 
85 0 
86 0 
87 0 
88 0 
89 0 
90 0 
91 0 
92 0 
93 0 
94 0 
95 0 
96 0 
97 0 
98 0 
99 0 
100 0 
101 0 
102 0 
103 0 
104 0 
105 0 
106 0 
107 0 
108 0 
109 0 
110 0 
111 0 
112 0 
113 0 
114 0 
115 0 
116 0 
117 0 
118 0 
119 0 
120 0 
121 0 
122 0 
123 0 
124 0 
125 0 
126 0 
127 0 
128 0 
129 0 
130 0 
131 0 
132 0 
133 0 
134 0 
135 0 
136 0 
137 0 
138 0 
139 0 
140 0 
141 0 
142 0 
143 0 
144 0 
145 0 
146 0 
147 0 
148 0 
149 0 
150 0 
151 0 
152 0 
153 0 
154 0 
155 0 
156 0 
157 0 
158 0 
159 0 
160 0 
161 0 
162 0 
163 0 
164 0 
165 0 
166 0 
167 0 
168 0 
169 0 
170 0 
171 0 
172 0 
173 0 
174 0 
175 0 
176 0 
177 0 
178 0 
179 0 
180 0 
181 0 
182 0 
183 0 
184 0 
185 0 
186 0 
187 0 
188 0 
189 0 
190 0 
191 0 
192 0 
193 0 
194 0 
195 0 
196 0 
197 0 
198 0 
199 0 
200 0 
201 0 
202 0 
203 0 
204 0 
205 0 
206 0 
207 0 
208 0 
209 0 
210 0 
211 0 
212 0 
213 0 
214 0 
215 0 
216 0 
217 0 
218 0 
219 0 
220 0 
221 0 
222 0 
223 0 
224 0 
225 0 
226 0 
227 0 
228 0 
229 0 
230 0 
231 0 
232 0 
233 0 
234 0 
235 0 
236 0 
237 0 
238 0 
239 0 
240 0 
241 0 
242 0 
243 0 
244 0 
245 0 
246 0 
247 0 
248 0 
249 0 
250 0 
251 0 
252 0 
253 0 
254 0 
255 0 
256 0 
257 0 
258 0 
259 0 
260 0 
261 0 
262 0 
263 0 
264 0 
265 0 
266 0 
267 0 
268 0 
269 0 
270 0 
271 0 
272 0 
273 0 
274 0 
275 0 
276 0 
277 0 
278 0 
279 0 
280 0 
281 0 
282 0 
283 0 
284 0 
285 0 
286 0 
287 0 
288 0 
289 0 
290 0 
291 0 
292 0 
293 0 
294 0 
295 0 
296 0 
297 0 
298 0 
299 0 
300 0 
301 0 
302 0 
303 0 
304 0 
305 0 
306 0 
307 0 
308 0 
309 0 
310 0 
311 0 
312 0 
313 0 
314 0 
315 0 
316 0 
317 0 
318 0 
319 0 
320 0 
321 0 
322 0 
323 0 
324 0 
325 0 
326 0 
327 0 
328 0 
329 0 
330 0 
331 0 
332 0 
333 0 
334 0 
335 0 
336 0 
337 0 
338 0 
339 0 
340 0 
341 0 
342 0 
343 0 
344 0 
345 0 
346 0 
347 0 
348 0 
349 0 
350 0 
351 0 
352 0 
353 0 
354 0 
355 0 
356 0 
357 0 
358 0 
359 0 
360 0 
361 0 
362 0 
363 0 
364 12 
365 20 
366 21 
367 55 
368 99 
369 199 
370 297 
371 470 
372 825 
373 1353 
374 2238 
375 3458 
376 5548 
377 8903 
378 14167 
379 22842 
380 36571 
381 55430 
382 83822 
383 123138 
384 177662 
385 252051 
386 350576 
387 479887 
388 646695 
389 863785 
390 1.13831e+06 
391 1.47687e+06 
392 1.89282e+06 
393 2.40519e+06 
394 3.02177e+06 
395 3.75828e+06 
396 4.64746e+06 
397 5.68647e+06 
398 6.92184e+06 
399 8.37156e+06 
400 1.00652e+07 
401 1.20314e+07 
402 1.43042e+07 
403 1.6906e+07 
404 1.98675e+07 
405 2.32451e+07 
406 2.70296e+07 
407 3.13418e+07 
408 3.61869e+07 
409 4.16104e+07 
410 4.76792e+07 
411 5.4471e+07 
412 6.19906e+07 
413 7.02409e+07 
414 7.9321e+07 
415 8.92997e+07 
416 1.00144e+08 
417 1.11979e+08 
418 1.2476e+08 
419 1.38499e+08 
420 1.53213e+08 
421 1.68832e+08 
422 1.8532e+08 
423 2.02715e+08 
424 2.20839e+08 
425 2.3971e+08 
426 2.59087e+08 
427 2.78992e+08 
428 2.9931e+08 
429 3.19866e+08 
430 3.40571e+08 
431 3.61291e+08 
432 3.82136e+08 
433 4.03126e+08 
434 4.2402e+08 
435 4.44699e+08 
436 4.65329e+08 
437 4.85455e+08 
438 5.0536e+08 
439 5.24768e+08 
440 5.43383e+08 
441 5.60887e+08 
442 5.77172e+08 
443 5.91951e+08 
444 6.04847e+08 
445 6.15841e+08 
446 6.24672e+08 
447 6.31136e+08 
448 6.34984e+08 
449 6.36253e+08 
450 6.34913e+08 
451 6.30933e+08 
452 6.24162e+08 
453 6.14646e+08 
454 6.02316e+08 
455 5.87456e+08 
456 5.70158e+08 
457 5.50766e+08 
458 5.2957e+08 
459 5.06679e+08 
460 4.82642e+08 
461 4.57613e+08 
462 4.32034e+08 
463 4.06204e+08 
464 3.80428e+08 
465 3.54941e+08 
466 3.29956e+08 
467 3.05667e+08 
468 2.82242e+08 
469 2.59763e+08 
470 2.38345e+08 
471 2.17903e+08 
472 1.98614e+08 
473 1.80331e+08 
474 1.63232e+08 
475 1.47299e+08 
476 1.32443e+08 
477 1.18738e+08 
478 1.06067e+08 
479 9.44797e+07 
480 8.38605e+07 
481 7.42398e+07 
482 6.54573e+07 
483 5.7511e+07 
484 5.03489e+07 
485 4.39385e+07 
486 3.81392e+07 
487 3.29592e+07 
488 2.8377e+07 
489 2.43399e+07 
490 2.07867e+07 
491 1.76756e+07 
492 1.49574e+07 
493 1.25799e+07 
494 1.05071e+07 
495 8.73085e+06 
496 7.20574e+06 
497 5.90887e+06 
498 4.82162e+06 
499 3.90363e+06 
500 3.13433e+06 
501 2.4967e+06 
502 1.97463e+06 
503 1.552e+06 
504 1.20939e+06 
505 928632 
506 706129 
507 533421 
508 399417 
509 296176 
510 219332 
511 161977 
512 119397 
513 88617 
514 64180 
515 45349 
516 31654 
517 21203 
518 14273 
519 9383 
520 6181 
521 3689 
522 2238 
523 1329 
524 778 
525 366 
526 251 
527 154 
528 72 
529 39 
530 22 
531 14 
532 4 
533 9 
534 3 
535 1 
536 0 
537 0 
538 0 
539 0 
540 0 
541 0 
542 0 
543 0 
544 0 
545 0 
546 0 
547 0 
548 0 
549 0 
550 0 
551 0 
552 0 
553 0 
554 0 
555 0 
556 0 
557 0 
558 0 
559 0 
560 0 
561 0 
562 0 
563 0 
564 0 
565 0 
566 0 
567 0 
568 0 
569 0 
570 0 
571 0 
572 0 
573 0 
574 0 
575 0 
576 0 
577 0 
578 0 
579 0 
580 0 
581 0 
582 0 
583 0 
584 0 
585 0 
586 0 
587 0 
588 0 
589 0 
590 0 
591 0 
592 0 
593 0 
594 0 
595 0 
596 0 
597 0 
598 0 
599 0 
600 0 
601 0 
602 0 
603 0 
604 0 
605 0 
606 0 
607 0 
608 0 
609 0 
610 0 
611 0 
612 0 
613 0 
614 0 
615 0 
616 0 
617 0 
618 0 
619 0 
620 0 
621 0 
622 0 
623 0 
624 0 
625 0 
626 0 
627 0 
628 0 
629 0 
630 0 
631 0 
632 0 
633 0 
634 0 
635 0 
636 0 
637 0 
638 0 
639 0 
640 0 
641 0 
642 0 
643 0 
644 0 
645 0 
646 0 
647 0 
648 0 
649 0 
650 0 
651 0 
652 0 
653 0 
654 0 
655 0 
656 0 
657 0 
658 0 
659 0 
660 0 
661 0 
662 0 
663 0 
664 0 
665 0 
666 0 
667 0 
668 0 
669 0 
670 0 
671 0 
672 0 
673 0 
674 0 
675 0 
676 0 
677 0 
678 0 
679 0 
680 0 
681 0 
682 0 
683 0 
684 0 
685 0 
686 0 
687 0 
688 0 
689 0 
690 0 
691 0 
692 0 
693 0 
694 0 
695 0 
696 0 
697 0 
698 0 
699 0 
700 0 
701 0 
702 0 
703 0 
704 0 
705 0 
706 0 
707 0 
708 0 
709 0 
710 0 
711 0 
712 0 
713 0 
714 0 
715 0 
716 0 
717 0 
718 0 
719 0 
720 0 
721 0 
722 0 
723 0 
724 0 
725 0 
726 0 
727 0 
728 0 
729 0 
730 0 
731 0 
732 0 
733 0 
734 0 
735 0 
736 0 
737 0 
738 0 
739 0 
740 0 
741 0 
742 0 
743 0 
744 0 
745 0 
746 0 
747 0 
748 0 
749 0 
750 0 
751 0 
752 0 
753 0 
754 0 
755 0 
756 0 
757 0 
758 0 
759 0 
760 0 
761 0 
762 0 
763 0 
764 0 
765 0 
766 0 
767 0 
768 0 
769 0 
770 0 
771 0 
772 0 
773 0 
774 0 
775 0 
776 0 
777 0 
778 0 
779 0 
780 0 
781 0 
782 0 
783 0 
784 0 
785 0 
786 0 
787 0 
788 0 
789 0 
790 0 
791 0 
792 0 
793 0 
794 0 
795 0 
796 0 
797 0 
798 0 
799 0 
