0 0 
1 0 
2 0 
3 0 
4 0 
5 0 
6 0 
7 0 
8 0 
9 0 
10 0 
11 0 
12 0 
13 0 
14 0 
15 0 
16 0 
17 0 
18 0 
19 0 
20 0 
21 0 
22 0 
23 0 
24 0 
25 0 
26 0 
27 0 
28 0 
29 0 
30 0 
31 0 
32 0 
33 0 
34 0 
35 0 
36 0 
37 0 
38 0 
39 0 
40 0 
41 0 
42 0 
43 0 
44 0 
45 0 
46 0 
47 0 
48 0 
49 0 
50 0 
51 0 
52 0 
53 0 
54 0 
55 0 
56 0 
57 0 
58 0 
59 0 
60 0 
61 0 
62 0 
63 0 
64 0 
65 0 
66 0 
67 0 
68 0 
69 0 
70 0 
71 0 
72 0 
73 0 
74 0 
75 0 
76 0 
77 0 
78 0 
79 0 
80 0 
81 0 
82 0 
83 0 
84 0 
85 0 
86 0 
87 0 
88 0 
89 0 
90 0 
91 0 
92 0 
93 0 
94 0 
95 0 
96 0 
97 0 
98 0 
99 0 
100 0 
101 0 
102 0 
103 0 
104 0 
105 0 
106 0 
107 0 
108 0 
109 0 
110 0 
111 0 
112 0 
113 0 
114 0 
115 0 
116 0 
117 0 
118 0 
119 0 
120 0 
121 0 
122 0 
123 0 
124 0 
125 0 
126 0 
127 0 
128 0 
129 0 
130 0 
131 0 
132 0 
133 0 
134 0 
135 0 
136 0 
137 0 
138 0 
139 0 
140 0 
141 0 
142 0 
143 0 
144 0 
145 0 
146 0 
147 0 
148 0 
149 0 
150 0 
151 0 
152 0 
153 0 
154 0 
155 0 
156 0 
157 0 
158 0 
159 0 
160 0 
161 0 
162 0 
163 0 
164 0 
165 0 
166 0 
167 0 
168 0 
169 0 
170 0 
171 0 
172 0 
173 0 
174 0 
175 0 
176 0 
177 0 
178 0 
179 0 
180 0 
181 0 
182 0 
183 0 
184 0 
185 0 
186 0 
187 0 
188 0 
189 0 
190 0 
191 0 
192 0 
193 0 
194 0 
195 0 
196 0 
197 0 
198 0 
199 0 
200 0 
201 0 
202 0 
203 0 
204 0 
205 0 
206 0 
207 0 
208 0 
209 0 
210 0 
211 0 
212 0 
213 0 
214 0 
215 0 
216 0 
217 0 
218 0 
219 0 
220 0 
221 0 
222 0 
223 0 
224 0 
225 0 
226 0 
227 0 
228 0 
229 0 
230 0 
231 0 
232 0 
233 0 
234 0 
235 0 
236 0 
237 0 
238 0 
239 0 
240 0 
241 0 
242 0 
243 0 
244 0 
245 0 
246 0 
247 0 
248 0 
249 0 
250 0 
251 0 
252 0 
253 0 
254 0 
255 0 
256 0 
257 0 
258 0 
259 0 
260 0 
261 0 
262 0 
263 0 
264 0 
265 0 
266 0 
267 0 
268 0 
269 0 
270 0 
271 0 
272 0 
273 0 
274 0 
275 0 
276 0 
277 0 
278 0 
279 0 
280 0 
281 0 
282 0 
283 0 
284 0 
285 0 
286 0 
287 0 
288 0 
289 0 
290 0 
291 0 
292 0 
293 0 
294 0 
295 0 
296 0 
297 0 
298 0 
299 0 
300 0 
301 0 
302 0 
303 0 
304 0 
305 0 
306 0 
307 0 
308 0 
309 0 
310 0 
311 0 
312 0 
313 0 
314 0 
315 0 
316 0 
317 0 
318 0 
319 0 
320 1 
321 0 
322 2 
323 8 
324 2 
325 5 
326 5 
327 10 
328 23 
329 42 
330 56 
331 76 
332 140 
333 205 
334 336 
335 534 
336 738 
337 1130 
338 1863 
339 2629 
340 3708 
341 5410 
342 7428 
343 10193 
344 13837 
345 19334 
346 25134 
347 33057 
348 42740 
349 55140 
350 71281 
351 91708 
352 117047 
353 148116 
354 186785 
355 235017 
356 295638 
357 370911 
358 469185 
359 588936 
360 738038 
361 925064 
362 1.15817e+06 
363 1.44407e+06 
364 1.80252e+06 
365 2.23008e+06 
366 2.75528e+06 
367 3.37742e+06 
368 4.12342e+06 
369 5.01598e+06 
370 6.07352e+06 
371 7.32439e+06 
372 8.79265e+06 
373 1.0507e+07 
374 1.24971e+07 
375 1.48112e+07 
376 1.74926e+07 
377 2.0588e+07 
378 2.41352e+07 
379 2.81885e+07 
380 3.27881e+07 
381 3.80377e+07 
382 4.39667e+07 
383 5.0618e+07 
384 5.80976e+07 
385 6.64388e+07 
386 7.5714e+07 
387 8.60135e+07 
388 9.73728e+07 
389 1.09851e+08 
390 1.23443e+08 
391 1.38211e+08 
392 1.54085e+08 
393 1.71142e+08 
394 1.89258e+08 
395 2.0826e+08 
396 2.28247e+08 
397 2.48992e+08 
398 2.70288e+08 
399 2.91993e+08 
400 3.14064e+08 
401 3.34529e+08 
402 3.54693e+08 
403 3.74491e+08 
404 3.93669e+08 
405 4.12183e+08 
406 4.29963e+08 
407 4.46839e+08 
408 4.62733e+08 
409 4.77583e+08 
410 4.9115e+08 
411 5.03543e+08 
412 5.14506e+08 
413 5.24079e+08 
414 5.32219e+08 
415 5.39037e+08 
416 5.44292e+08 
417 5.4831e+08 
418 5.50928e+08 
419 5.5225e+08 
420 5.52187e+08 
421 5.50889e+08 
422 5.48264e+08 
423 5.44406e+08 
424 5.39269e+08 
425 5.3291e+08 
426 5.25324e+08 
427 5.16525e+08 
428 5.06564e+08 
429 4.95523e+08 
430 4.83429e+08 
431 4.70491e+08 
432 4.56691e+08 
433 4.42129e+08 
434 4.26825e+08 
435 4.10891e+08 
436 3.94483e+08 
437 3.7771e+08 
438 3.60636e+08 
439 3.43316e+08 
440 3.25965e+08 
441 3.08493e+08 
442 2.91037e+08 
443 2.73634e+08 
444 2.56446e+08 
445 2.39537e+08 
446 2.22921e+08 
447 2.06647e+08 
448 1.90841e+08 
449 1.75611e+08 
450 1.60927e+08 
451 1.46934e+08 
452 1.33706e+08 
453 1.21137e+08 
454 1.09336e+08 
455 9.8289e+07 
456 8.79711e+07 
457 7.84456e+07 
458 6.96862e+07 
459 6.17126e+07 
460 5.44863e+07 
461 4.79517e+07 
462 4.20573e+07 
463 3.67705e+07 
464 3.20513e+07 
465 2.78699e+07 
466 2.41553e+07 
467 2.0875e+07 
468 1.80006e+07 
469 1.54765e+07 
470 1.32742e+07 
471 1.13419e+07 
472 9.65272e+06 
473 8.20553e+06 
474 6.95349e+06 
475 5.87105e+06 
476 4.94534e+06 
477 4.13427e+06 
478 3.44423e+06 
479 2.84347e+06 
480 2.33762e+06 
481 1.90846e+06 
482 1.53865e+06 
483 1.23658e+06 
484 982330 
485 775082 
486 603485 
487 469756 
488 361213 
489 276028 
490 207668 
491 155682 
492 114050 
493 82659 
494 58707 
495 42126 
496 29849 
497 20612 
498 14469 
499 9925 
500 6647 
501 4447 
502 2974 
503 1961 
504 1247 
505 849 
506 531 
507 347 
508 230 
509 174 
510 113 
511 66 
512 73 
513 41 
514 29 
515 14 
516 14 
517 6 
518 0 
519 0 
520 0 
521 0 
522 0 
523 0 
524 0 
525 0 
526 0 
527 0 
528 0 
529 0 
530 0 
531 0 
532 0 
533 0 
534 0 
535 0 
536 0 
537 0 
538 0 
539 0 
540 0 
541 0 
542 0 
543 0 
544 0 
545 0 
546 0 
547 0 
548 0 
549 0 
550 0 
551 0 
552 0 
553 0 
554 0 
555 0 
556 0 
557 0 
558 0 
559 0 
560 0 
561 0 
562 0 
563 0 
564 0 
565 0 
566 0 
567 0 
568 0 
569 0 
570 0 
571 0 
572 0 
573 0 
574 0 
575 0 
576 0 
577 0 
578 0 
579 0 
580 0 
581 0 
582 0 
583 0 
584 0 
585 0 
586 0 
587 0 
588 0 
589 0 
590 0 
591 0 
592 0 
593 0 
594 0 
595 0 
596 0 
597 0 
598 0 
599 0 
600 0 
601 0 
602 0 
603 0 
604 0 
605 0 
606 0 
607 0 
608 0 
609 0 
610 0 
611 0 
612 0 
613 0 
614 0 
615 0 
616 0 
617 0 
618 0 
619 0 
620 0 
621 0 
622 0 
623 0 
624 0 
625 0 
626 0 
627 0 
628 0 
629 0 
630 0 
631 0 
632 0 
633 0 
634 0 
635 0 
636 0 
637 0 
638 0 
639 0 
640 0 
641 0 
642 0 
643 0 
644 0 
645 0 
646 0 
647 0 
648 0 
649 0 
650 0 
651 0 
652 0 
653 0 
654 0 
655 0 
656 0 
657 0 
658 0 
659 0 
660 0 
661 0 
662 0 
663 0 
664 0 
665 0 
666 0 
667 0 
668 0 
669 0 
670 0 
671 0 
672 0 
673 0 
674 0 
675 0 
676 0 
677 0 
678 0 
679 0 
680 0 
681 0 
682 0 
683 0 
684 0 
685 0 
686 0 
687 0 
688 0 
689 0 
690 0 
691 0 
692 0 
693 0 
694 0 
695 0 
696 0 
697 0 
698 0 
699 0 
700 0 
701 0 
702 0 
703 0 
704 0 
705 0 
706 0 
707 0 
708 0 
709 0 
710 0 
711 0 
712 0 
713 0 
714 0 
715 0 
716 0 
717 0 
718 0 
719 0 
720 0 
721 0 
722 0 
723 0 
724 0 
725 0 
726 0 
727 0 
728 0 
729 0 
730 0 
731 0 
732 0 
733 0 
734 0 
735 0 
736 0 
737 0 
738 0 
739 0 
740 0 
741 0 
742 0 
743 0 
744 0 
745 0 
746 0 
747 0 
748 0 
749 0 
750 0 
751 0 
752 0 
753 0 
754 0 
755 0 
756 0 
757 0 
758 0 
759 0 
760 0 
761 0 
762 0 
763 0 
764 0 
765 0 
766 0 
767 0 
768 0 
769 0 
770 0 
771 0 
772 0 
773 0 
774 0 
775 0 
776 0 
777 0 
778 0 
779 0 
780 0 
781 0 
782 0 
783 0 
784 0 
785 0 
786 0 
787 0 
788 0 
789 0 
790 0 
791 0 
792 0 
793 0 
794 0 
795 0 
796 0 
797 0 
798 0 
799 0 
