0 0 
1 0 
2 0 
3 0 
4 0 
5 0 
6 0 
7 0 
8 0 
9 0 
10 0 
11 0 
12 0 
13 0 
14 0 
15 0 
16 0 
17 0 
18 0 
19 0 
20 0 
21 0 
22 0 
23 0 
24 0 
25 0 
26 0 
27 0 
28 0 
29 0 
30 0 
31 0 
32 0 
33 0 
34 0 
35 0 
36 0 
37 0 
38 0 
39 0 
40 0 
41 0 
42 0 
43 0 
44 0 
45 0 
46 0 
47 0 
48 0 
49 0 
50 0 
51 0 
52 0 
53 0 
54 0 
55 0 
56 0 
57 0 
58 0 
59 0 
60 0 
61 0 
62 0 
63 0 
64 0 
65 0 
66 0 
67 0 
68 0 
69 0 
70 0 
71 0 
72 0 
73 0 
74 0 
75 0 
76 0 
77 0 
78 0 
79 0 
80 0 
81 0 
82 0 
83 0 
84 0 
85 0 
86 0 
87 0 
88 0 
89 0 
90 0 
91 0 
92 0 
93 0 
94 0 
95 0 
96 0 
97 0 
98 0 
99 0 
100 0 
101 0 
102 0 
103 0 
104 0 
105 0 
106 0 
107 0 
108 0 
109 0 
110 0 
111 0 
112 0 
113 0 
114 0 
115 0 
116 0 
117 0 
118 0 
119 0 
120 0 
121 0 
122 0 
123 0 
124 0 
125 0 
126 0 
127 0 
128 0 
129 0 
130 0 
131 0 
132 0 
133 0 
134 0 
135 0 
136 0 
137 0 
138 0 
139 0 
140 0 
141 0 
142 0 
143 0 
144 0 
145 0 
146 0 
147 0 
148 0 
149 0 
150 0 
151 0 
152 0 
153 0 
154 0 
155 0 
156 0 
157 0 
158 0 
159 0 
160 0 
161 0 
162 0 
163 0 
164 0 
165 0 
166 0 
167 0 
168 0 
169 0 
170 0 
171 0 
172 0 
173 0 
174 0 
175 0 
176 0 
177 0 
178 0 
179 0 
180 0 
181 0 
182 0 
183 0 
184 0 
185 0 
186 0 
187 0 
188 0 
189 0 
190 0 
191 0 
192 0 
193 0 
194 0 
195 0 
196 0 
197 0 
198 0 
199 0 
200 0 
201 0 
202 0 
203 0 
204 0 
205 0 
206 0 
207 0 
208 0 
209 0 
210 0 
211 0 
212 0 
213 0 
214 0 
215 0 
216 0 
217 0 
218 0 
219 0 
220 0 
221 0 
222 0 
223 0 
224 0 
225 0 
226 0 
227 0 
228 0 
229 0 
230 0 
231 0 
232 0 
233 0 
234 0 
235 0 
236 0 
237 0 
238 0 
239 0 
240 0 
241 0 
242 0 
243 0 
244 0 
245 0 
246 0 
247 0 
248 0 
249 0 
250 0 
251 0 
252 0 
253 0 
254 0 
255 0 
256 0 
257 0 
258 0 
259 0 
260 0 
261 0 
262 0 
263 0 
264 0 
265 0 
266 0 
267 0 
268 0 
269 0 
270 0 
271 0 
272 0 
273 0 
274 0 
275 0 
276 0 
277 0 
278 0 
279 0 
280 0 
281 0 
282 0 
283 0 
284 0 
285 0 
286 0 
287 0 
288 0 
289 0 
290 0 
291 0 
292 0 
293 0 
294 0 
295 0 
296 0 
297 0 
298 0 
299 0 
300 0 
301 0 
302 0 
303 0 
304 0 
305 0 
306 0 
307 0 
308 0 
309 0 
310 0 
311 0 
312 0 
313 0 
314 0 
315 0 
316 0 
317 0 
318 0 
319 0 
320 0 
321 0 
322 0 
323 0 
324 0 
325 0 
326 0 
327 0 
328 0 
329 0 
330 0 
331 0 
332 0 
333 0 
334 3 
335 12 
336 6 
337 18 
338 29 
339 49 
340 129 
341 211 
342 279 
343 478 
344 757 
345 1078 
346 1613 
347 2368 
348 3123 
349 4356 
350 5685 
351 7389 
352 9313 
353 11298 
354 14146 
355 17605 
356 21201 
357 26417 
358 32760 
359 40370 
360 50080 
361 62654 
362 79430 
363 100411 
364 126890 
365 160752 
366 203532 
367 256470 
368 322706 
369 403645 
370 504482 
371 625692 
372 769042 
373 945075 
374 1.15258e+06 
375 1.3993e+06 
376 1.68633e+06 
377 2.01938e+06 
378 2.40239e+06 
379 2.83857e+06 
380 3.3419e+06 
381 3.90151e+06 
382 4.53212e+06 
383 5.23798e+06 
384 6.02843e+06 
385 6.89358e+06 
386 7.86494e+06 
387 8.92883e+06 
388 1.00892e+07 
389 1.13659e+07 
390 1.27638e+07 
391 1.4297e+07 
392 1.59627e+07 
393 1.77671e+07 
394 1.97457e+07 
395 2.1862e+07 
396 2.41669e+07 
397 2.66551e+07 
398 2.93245e+07 
399 3.21887e+07 
400 3.52372e+07 
401 3.8479e+07 
402 4.19414e+07 
403 4.56279e+07 
404 4.95697e+07 
405 5.37802e+07 
406 5.83264e+07 
407 6.31507e+07 
408 6.83427e+07 
409 7.38787e+07 
410 7.98175e+07 
411 8.60996e+07 
412 9.28188e+07 
413 9.98792e+07 
414 1.0734e+08 
415 1.15211e+08 
416 1.23389e+08 
417 1.31968e+08 
418 1.40798e+08 
419 1.49982e+08 
420 1.59414e+08 
421 1.6918e+08 
422 1.7916e+08 
423 1.89365e+08 
424 1.99825e+08 
425 2.10508e+08 
426 2.21432e+08 
427 2.32619e+08 
428 2.43938e+08 
429 2.55436e+08 
430 2.67055e+08 
431 2.78704e+08 
432 2.90467e+08 
433 3.02202e+08 
434 3.13949e+08 
435 3.25587e+08 
436 3.37212e+08 
437 3.48694e+08 
438 3.59895e+08 
439 3.70814e+08 
440 3.81299e+08 
441 3.91298e+08 
442 4.00744e+08 
443 4.09508e+08 
444 4.17598e+08 
445 4.24914e+08 
446 4.3131e+08 
447 4.36836e+08 
448 4.41345e+08 
449 4.44981e+08 
450 4.47501e+08 
451 4.48954e+08 
452 4.49403e+08 
453 4.48713e+08 
454 4.4697e+08 
455 4.44043e+08 
456 4.40108e+08 
457 4.35035e+08 
458 4.29037e+08 
459 4.22048e+08 
460 4.14184e+08 
461 4.05509e+08 
462 3.96109e+08 
463 3.86089e+08 
464 3.75587e+08 
465 3.64603e+08 
466 3.53322e+08 
467 3.41888e+08 
468 3.30244e+08 
469 3.18564e+08 
470 3.07022e+08 
471 2.95554e+08 
472 2.84303e+08 
473 2.73261e+08 
474 2.62462e+08 
475 2.51905e+08 
476 2.41596e+08 
477 2.31565e+08 
478 2.21852e+08 
479 2.12416e+08 
480 2.03274e+08 
481 1.94411e+08 
482 1.85816e+08 
483 1.77458e+08 
484 1.69428e+08 
485 1.61672e+08 
486 1.5418e+08 
487 1.46909e+08 
488 1.39912e+08 
489 1.33128e+08 
490 1.26606e+08 
491 1.20281e+08 
492 1.1415e+08 
493 1.08152e+08 
494 1.02339e+08 
495 9.66864e+07 
496 9.11779e+07 
497 8.57969e+07 
498 8.05988e+07 
499 7.55531e+07 
500 7.0667e+07 
501 6.59531e+07 
502 6.14181e+07 
503 5.7055e+07 
504 5.2914e+07 
505 4.89778e+07 
506 4.52283e+07 
507 4.16809e+07 
508 3.83463e+07 
509 3.52334e+07 
510 3.23421e+07 
511 2.96798e+07 
512 2.72177e+07 
513 2.49551e+07 
514 2.28877e+07 
515 2.09739e+07 
516 1.91992e+07 
517 1.75551e+07 
518 1.60263e+07 
519 1.46042e+07 
520 1.32825e+07 
521 1.20665e+07 
522 1.09326e+07 
523 9.87481e+06 
524 8.89308e+06 
525 7.98984e+06 
526 7.14327e+06 
527 6.3561e+06 
528 5.64449e+06 
529 4.99931e+06 
530 4.40546e+06 
531 3.87126e+06 
532 3.39243e+06 
533 2.96228e+06 
534 2.57819e+06 
535 2.23668e+06 
536 1.93042e+06 
537 1.66278e+06 
538 1.42485e+06 
539 1.22004e+06 
540 1.04494e+06 
541 894675 
542 762547 
543 648954 
544 552928 
545 470012 
546 399943 
547 339358 
548 286329 
549 240108 
550 200178 
551 166538 
552 137473 
553 114411 
554 93713 
555 76405 
556 61586 
557 48524 
558 38056 
559 29142 
560 21715 
561 16495 
562 12050 
563 8688 
564 6187 
565 4398 
566 3188 
567 2277 
568 1476 
569 1014 
570 607 
571 416 
572 270 
573 179 
574 139 
575 89 
576 50 
577 27 
578 11 
579 6 
580 6 
581 5 
582 2 
583 0 
584 0 
585 0 
586 0 
587 0 
588 0 
589 0 
590 0 
591 0 
592 0 
593 0 
594 0 
595 0 
596 0 
597 0 
598 0 
599 0 
600 0 
601 0 
602 0 
603 0 
604 0 
605 0 
606 0 
607 0 
608 0 
609 0 
610 0 
611 0 
612 0 
613 0 
614 0 
615 0 
616 0 
617 0 
618 0 
619 0 
620 0 
621 0 
622 0 
623 0 
624 0 
625 0 
626 0 
627 0 
628 0 
629 0 
630 0 
631 0 
632 0 
633 0 
634 0 
635 0 
636 0 
637 0 
638 0 
639 0 
640 0 
641 0 
642 0 
643 0 
644 0 
645 0 
646 0 
647 0 
648 0 
649 0 
650 0 
651 0 
652 0 
653 0 
654 0 
655 0 
656 0 
657 0 
658 0 
659 0 
660 0 
661 0 
662 0 
663 0 
664 0 
665 0 
666 0 
667 0 
668 0 
669 0 
670 0 
671 0 
672 0 
673 0 
674 0 
675 0 
676 0 
677 0 
678 0 
679 0 
680 0 
681 0 
682 0 
683 0 
684 0 
685 0 
686 0 
687 0 
688 0 
689 0 
690 0 
691 0 
692 0 
693 0 
694 0 
695 0 
696 0 
697 0 
698 0 
699 0 
700 0 
701 0 
702 0 
703 0 
704 0 
705 0 
706 0 
707 0 
708 0 
709 0 
710 0 
711 0 
712 0 
713 0 
714 0 
715 0 
716 0 
717 0 
718 0 
719 0 
720 0 
721 0 
722 0 
723 0 
724 0 
725 0 
726 0 
727 0 
728 0 
729 0 
730 0 
731 0 
732 0 
733 0 
734 0 
735 0 
736 0 
737 0 
738 0 
739 0 
740 0 
741 0 
742 0 
743 0 
744 0 
745 0 
746 0 
747 0 
748 0 
749 0 
750 0 
751 0 
752 0 
753 0 
754 0 
755 0 
756 0 
757 0 
758 0 
759 0 
760 0 
761 0 
762 0 
763 0 
764 0 
765 0 
766 0 
767 0 
768 0 
769 0 
770 0 
771 0 
772 0 
773 0 
774 0 
775 0 
776 0 
777 0 
778 0 
779 0 
780 0 
781 0 
782 0 
783 0 
784 0 
785 0 
786 0 
787 0 
788 0 
789 0 
790 0 
791 0 
792 0 
793 0 
794 0 
795 0 
796 0 
797 0 
798 0 
799 0 
