0 0 
1 0 
2 0 
3 0 
4 0 
5 0 
6 0 
7 0 
8 0 
9 0 
10 0 
11 0 
12 0 
13 0 
14 0 
15 0 
16 0 
17 0 
18 0 
19 0 
20 0 
21 0 
22 0 
23 0 
24 0 
25 0 
26 0 
27 0 
28 0 
29 0 
30 0 
31 0 
32 0 
33 0 
34 0 
35 0 
36 0 
37 0 
38 0 
39 0 
40 0 
41 0 
42 0 
43 0 
44 0 
45 0 
46 0 
47 0 
48 0 
49 0 
50 0 
51 0 
52 0 
53 0 
54 0 
55 0 
56 0 
57 0 
58 0 
59 0 
60 0 
61 0 
62 0 
63 0 
64 0 
65 0 
66 0 
67 0 
68 0 
69 0 
70 0 
71 0 
72 0 
73 0 
74 0 
75 0 
76 0 
77 0 
78 0 
79 0 
80 0 
81 0 
82 0 
83 0 
84 0 
85 0 
86 0 
87 0 
88 0 
89 0 
90 0 
91 0 
92 0 
93 0 
94 0 
95 0 
96 0 
97 0 
98 0 
99 0 
100 0 
101 0 
102 0 
103 0 
104 0 
105 0 
106 0 
107 0 
108 0 
109 0 
110 0 
111 0 
112 0 
113 0 
114 0 
115 0 
116 0 
117 0 
118 0 
119 0 
120 0 
121 0 
122 0 
123 0 
124 0 
125 0 
126 0 
127 0 
128 0 
129 0 
130 0 
131 0 
132 0 
133 0 
134 0 
135 0 
136 0 
137 0 
138 0 
139 0 
140 0 
141 0 
142 0 
143 0 
144 0 
145 0 
146 0 
147 0 
148 0 
149 0 
150 0 
151 0 
152 0 
153 0 
154 0 
155 0 
156 0 
157 0 
158 0 
159 0 
160 0 
161 0 
162 0 
163 0 
164 0 
165 0 
166 0 
167 0 
168 0 
169 0 
170 0 
171 0 
172 0 
173 0 
174 0 
175 0 
176 0 
177 0 
178 0 
179 0 
180 0 
181 0 
182 0 
183 0 
184 0 
185 0 
186 0 
187 0 
188 0 
189 0 
190 0 
191 0 
192 0 
193 0 
194 0 
195 0 
196 0 
197 0 
198 0 
199 0 
200 0 
201 0 
202 0 
203 0 
204 0 
205 0 
206 0 
207 0 
208 0 
209 0 
210 0 
211 0 
212 0 
213 0 
214 0 
215 0 
216 0 
217 0 
218 0 
219 0 
220 0 
221 0 
222 0 
223 0 
224 0 
225 0 
226 0 
227 0 
228 0 
229 0 
230 0 
231 0 
232 0 
233 0 
234 0 
235 0 
236 0 
237 0 
238 0 
239 0 
240 0 
241 0 
242 0 
243 0 
244 0 
245 0 
246 0 
247 0 
248 0 
249 0 
250 0 
251 0 
252 0 
253 0 
254 0 
255 0 
256 0 
257 0 
258 0 
259 0 
260 0 
261 0 
262 0 
263 0 
264 0 
265 0 
266 0 
267 0 
268 0 
269 0 
270 0 
271 0 
272 0 
273 0 
274 0 
275 0 
276 0 
277 0 
278 0 
279 0 
280 0 
281 0 
282 0 
283 0 
284 0 
285 0 
286 0 
287 0 
288 0 
289 0 
290 0 
291 0 
292 0 
293 0 
294 0 
295 0 
296 0 
297 0 
298 0 
299 0 
300 0 
301 0 
302 0 
303 0 
304 0 
305 0 
306 0 
307 0 
308 0 
309 0 
310 0 
311 0 
312 0 
313 0 
314 0 
315 0 
316 0 
317 0 
318 0 
319 0 
320 0 
321 0 
322 0 
323 0 
324 0 
325 0 
326 2 
327 7 
328 3 
329 23 
330 34 
331 52 
332 68 
333 118 
334 174 
335 306 
336 316 
337 396 
338 544 
339 747 
340 1090 
341 1596 
342 2259 
343 2941 
344 3936 
345 5163 
346 6673 
347 8955 
348 11739 
349 15702 
350 20946 
351 27421 
352 35301 
353 44482 
354 56361 
355 71625 
356 91432 
357 115689 
358 146542 
359 184609 
360 229690 
361 285254 
362 351805 
363 431685 
364 526463 
365 638056 
366 768274 
367 924356 
368 1.10635e+06 
369 1.32198e+06 
370 1.56511e+06 
371 1.84799e+06 
372 2.16976e+06 
373 2.54038e+06 
374 2.9695e+06 
375 3.47162e+06 
376 4.05348e+06 
377 4.72634e+06 
378 5.51354e+06 
379 6.42203e+06 
380 7.45676e+06 
381 8.65362e+06 
382 1.00108e+07 
383 1.15442e+07 
384 1.32572e+07 
385 1.51924e+07 
386 1.73327e+07 
387 1.97124e+07 
388 2.23564e+07 
389 2.52574e+07 
390 2.83969e+07 
391 3.17868e+07 
392 3.54312e+07 
393 3.93248e+07 
394 4.34857e+07 
395 4.78889e+07 
396 5.25335e+07 
397 5.74562e+07 
398 6.26379e+07 
399 6.80252e+07 
400 7.36208e+07 
401 7.94411e+07 
402 8.54519e+07 
403 9.16243e+07 
404 9.79386e+07 
405 1.04306e+08 
406 1.10787e+08 
407 1.17362e+08 
408 1.24061e+08 
409 1.30804e+08 
410 1.37674e+08 
411 1.4457e+08 
412 1.51604e+08 
413 1.58708e+08 
414 1.659e+08 
415 1.73222e+08 
416 1.8067e+08 
417 1.88258e+08 
418 1.96095e+08 
419 2.04085e+08 
420 2.12245e+08 
421 2.2062e+08 
422 2.29203e+08 
423 2.37958e+08 
424 2.46901e+08 
425 2.56134e+08 
426 2.65574e+08 
427 2.75112e+08 
428 2.84889e+08 
429 2.94739e+08 
430 3.04669e+08 
431 3.14574e+08 
432 3.24444e+08 
433 3.34287e+08 
434 3.43997e+08 
435 3.53469e+08 
436 3.62698e+08 
437 3.71668e+08 
438 3.80182e+08 
439 3.88366e+08 
440 3.95806e+08 
441 4.02708e+08 
442 4.08916e+08 
443 4.14443e+08 
444 4.19322e+08 
445 4.23547e+08 
446 4.27018e+08 
447 4.29752e+08 
448 4.31734e+08 
449 4.32867e+08 
450 4.33251e+08 
451 4.32881e+08 
452 4.31718e+08 
453 4.29858e+08 
454 4.27175e+08 
455 4.23688e+08 
456 4.1942e+08 
457 4.14335e+08 
458 4.08551e+08 
459 4.02022e+08 
460 3.94822e+08 
461 3.86989e+08 
462 3.78431e+08 
463 3.69268e+08 
464 3.59579e+08 
465 3.49182e+08 
466 3.38242e+08 
467 3.26878e+08 
468 3.1508e+08 
469 3.0285e+08 
470 2.90333e+08 
471 2.77588e+08 
472 2.64726e+08 
473 2.51785e+08 
474 2.38805e+08 
475 2.25957e+08 
476 2.13227e+08 
477 2.00752e+08 
478 1.88528e+08 
479 1.76646e+08 
480 1.65224e+08 
481 1.54262e+08 
482 1.43747e+08 
483 1.33766e+08 
484 1.24202e+08 
485 1.15088e+08 
486 1.06444e+08 
487 9.82747e+07 
488 9.05462e+07 
489 8.32139e+07 
490 7.63263e+07 
491 6.98502e+07 
492 6.37925e+07 
493 5.81093e+07 
494 5.28481e+07 
495 4.79204e+07 
496 4.33664e+07 
497 3.91651e+07 
498 3.52692e+07 
499 3.16896e+07 
500 2.83798e+07 
501 2.53584e+07 
502 2.25712e+07 
503 2.00189e+07 
504 1.7703e+07 
505 1.56228e+07 
506 1.37271e+07 
507 1.20396e+07 
508 1.05399e+07 
509 9.19464e+06 
510 8.0082e+06 
511 6.95733e+06 
512 6.03401e+06 
513 5.21609e+06 
514 4.49199e+06 
515 3.85507e+06 
516 3.30651e+06 
517 2.82518e+06 
518 2.39837e+06 
519 2.02165e+06 
520 1.70093e+06 
521 1.42037e+06 
522 1.18069e+06 
523 977964 
524 806312 
525 663405 
526 542186 
527 440300 
528 357121 
529 290196 
530 237028 
531 193283 
532 158433 
533 128243 
534 103867 
535 84644 
536 67476 
537 53937 
538 41810 
539 32470 
540 24874 
541 18568 
542 14170 
543 10599 
544 7842 
545 5665 
546 3887 
547 2786 
548 2158 
549 1510 
550 1063 
551 679 
552 442 
553 269 
554 172 
555 94 
556 71 
557 32 
558 23 
559 8 
560 1 
561 1 
562 0 
563 0 
564 0 
565 0 
566 0 
567 0 
568 0 
569 0 
570 0 
571 0 
572 0 
573 0 
574 0 
575 0 
576 0 
577 0 
578 0 
579 0 
580 0 
581 0 
582 0 
583 0 
584 0 
585 0 
586 0 
587 0 
588 0 
589 0 
590 0 
591 0 
592 0 
593 0 
594 0 
595 0 
596 0 
597 0 
598 0 
599 0 
600 0 
601 0 
602 0 
603 0 
604 0 
605 0 
606 0 
607 0 
608 0 
609 0 
610 0 
611 0 
612 0 
613 0 
614 0 
615 0 
616 0 
617 0 
618 0 
619 0 
620 0 
621 0 
622 0 
623 0 
624 0 
625 0 
626 0 
627 0 
628 0 
629 0 
630 0 
631 0 
632 0 
633 0 
634 0 
635 0 
636 0 
637 0 
638 0 
639 0 
640 0 
641 0 
642 0 
643 0 
644 0 
645 0 
646 0 
647 0 
648 0 
649 0 
650 0 
651 0 
652 0 
653 0 
654 0 
655 0 
656 0 
657 0 
658 0 
659 0 
660 0 
661 0 
662 0 
663 0 
664 0 
665 0 
666 0 
667 0 
668 0 
669 0 
670 0 
671 0 
672 0 
673 0 
674 0 
675 0 
676 0 
677 0 
678 0 
679 0 
680 0 
681 0 
682 0 
683 0 
684 0 
685 0 
686 0 
687 0 
688 0 
689 0 
690 0 
691 0 
692 0 
693 0 
694 0 
695 0 
696 0 
697 0 
698 0 
699 0 
700 0 
701 0 
702 0 
703 0 
704 0 
705 0 
706 0 
707 0 
708 0 
709 0 
710 0 
711 0 
712 0 
713 0 
714 0 
715 0 
716 0 
717 0 
718 0 
719 0 
720 0 
721 0 
722 0 
723 0 
724 0 
725 0 
726 0 
727 0 
728 0 
729 0 
730 0 
731 0 
732 0 
733 0 
734 0 
735 0 
736 0 
737 0 
738 0 
739 0 
740 0 
741 0 
742 0 
743 0 
744 0 
745 0 
746 0 
747 0 
748 0 
749 0 
750 0 
751 0 
752 0 
753 0 
754 0 
755 0 
756 0 
757 0 
758 0 
759 0 
760 0 
761 0 
762 0 
763 0 
764 0 
765 0 
766 0 
767 0 
768 0 
769 0 
770 0 
771 0 
772 0 
773 0 
774 0 
775 0 
776 0 
777 0 
778 0 
779 0 
780 0 
781 0 
782 0 
783 0 
784 0 
785 0 
786 0 
787 0 
788 0 
789 0 
790 0 
791 0 
792 0 
793 0 
794 0 
795 0 
796 0 
797 0 
798 0 
799 0 
