0 0 
1 0 
2 0 
3 0 
4 0 
5 0 
6 0 
7 0 
8 0 
9 0 
10 0 
11 0 
12 0 
13 0 
14 0 
15 0 
16 0 
17 0 
18 0 
19 0 
20 0 
21 0 
22 0 
23 0 
24 0 
25 0 
26 0 
27 0 
28 0 
29 0 
30 0 
31 0 
32 0 
33 0 
34 0 
35 0 
36 0 
37 0 
38 0 
39 0 
40 0 
41 0 
42 0 
43 0 
44 0 
45 0 
46 0 
47 0 
48 0 
49 0 
50 0 
51 0 
52 0 
53 0 
54 0 
55 0 
56 0 
57 0 
58 0 
59 0 
60 0 
61 0 
62 0 
63 0 
64 0 
65 0 
66 0 
67 0 
68 0 
69 0 
70 0 
71 0 
72 0 
73 0 
74 0 
75 0 
76 0 
77 0 
78 0 
79 0 
80 0 
81 0 
82 0 
83 0 
84 0 
85 0 
86 0 
87 0 
88 0 
89 0 
90 0 
91 0 
92 0 
93 0 
94 0 
95 0 
96 0 
97 0 
98 0 
99 0 
100 0 
101 0 
102 0 
103 0 
104 0 
105 0 
106 0 
107 0 
108 0 
109 0 
110 0 
111 0 
112 0 
113 0 
114 0 
115 0 
116 0 
117 0 
118 0 
119 0 
120 0 
121 0 
122 0 
123 0 
124 0 
125 0 
126 0 
127 0 
128 0 
129 0 
130 0 
131 0 
132 0 
133 0 
134 0 
135 0 
136 0 
137 0 
138 0 
139 0 
140 0 
141 0 
142 0 
143 0 
144 0 
145 0 
146 0 
147 0 
148 0 
149 0 
150 0 
151 0 
152 0 
153 0 
154 0 
155 0 
156 0 
157 0 
158 0 
159 0 
160 0 
161 0 
162 0 
163 0 
164 0 
165 0 
166 0 
167 0 
168 0 
169 0 
170 0 
171 0 
172 0 
173 0 
174 0 
175 0 
176 0 
177 0 
178 0 
179 0 
180 0 
181 0 
182 0 
183 0 
184 0 
185 0 
186 0 
187 0 
188 0 
189 0 
190 0 
191 0 
192 0 
193 0 
194 0 
195 0 
196 0 
197 0 
198 0 
199 0 
200 0 
201 0 
202 0 
203 0 
204 0 
205 0 
206 0 
207 0 
208 0 
209 0 
210 0 
211 0 
212 0 
213 0 
214 0 
215 0 
216 0 
217 0 
218 0 
219 0 
220 0 
221 0 
222 0 
223 0 
224 0 
225 0 
226 0 
227 0 
228 0 
229 0 
230 0 
231 0 
232 0 
233 0 
234 0 
235 0 
236 0 
237 0 
238 0 
239 0 
240 0 
241 0 
242 0 
243 0 
244 0 
245 0 
246 0 
247 0 
248 0 
249 0 
250 0 
251 0 
252 0 
253 0 
254 0 
255 0 
256 0 
257 0 
258 0 
259 0 
260 0 
261 0 
262 0 
263 0 
264 0 
265 0 
266 0 
267 0 
268 0 
269 0 
270 0 
271 0 
272 0 
273 0 
274 0 
275 0 
276 0 
277 0 
278 0 
279 0 
280 0 
281 0 
282 0 
283 0 
284 0 
285 0 
286 0 
287 0 
288 0 
289 0 
290 0 
291 0 
292 0 
293 0 
294 0 
295 0 
296 0 
297 0 
298 0 
299 0 
300 0 
301 0 
302 0 
303 0 
304 0 
305 0 
306 0 
307 0 
308 0 
309 0 
310 0 
311 0 
312 0 
313 0 
314 0 
315 8 
316 11 
317 11 
318 12 
319 8 
320 14 
321 13 
322 17 
323 39 
324 50 
325 83 
326 144 
327 197 
328 316 
329 435 
330 594 
331 817 
332 1174 
333 1663 
334 2317 
335 3208 
336 4613 
337 6274 
338 8899 
339 12100 
340 16561 
341 22880 
342 31616 
343 43056 
344 57849 
345 78931 
346 105869 
347 140238 
348 184412 
349 239149 
350 308157 
351 389750 
352 488560 
353 603318 
354 745086 
355 908812 
356 1.10566e+06 
357 1.33207e+06 
358 1.59755e+06 
359 1.90302e+06 
360 2.25748e+06 
361 2.65978e+06 
362 3.1254e+06 
363 3.66409e+06 
364 4.2801e+06 
365 5.0007e+06 
366 5.83494e+06 
367 6.81007e+06 
368 7.91575e+06 
369 9.18216e+06 
370 1.0627e+07 
371 1.22814e+07 
372 1.41567e+07 
373 1.62794e+07 
374 1.86564e+07 
375 2.13483e+07 
376 2.43525e+07 
377 2.77029e+07 
378 3.14206e+07 
379 3.55309e+07 
380 4.00281e+07 
381 4.49419e+07 
382 5.02439e+07 
383 5.59456e+07 
384 6.20831e+07 
385 6.86294e+07 
386 7.56121e+07 
387 8.29822e+07 
388 9.07651e+07 
389 9.89352e+07 
390 1.07466e+08 
391 1.16379e+08 
392 1.25518e+08 
393 1.3496e+08 
394 1.44666e+08 
395 1.54495e+08 
396 1.64487e+08 
397 1.74578e+08 
398 1.84662e+08 
399 1.94673e+08 
400 2.04605e+08 
401 2.14043e+08 
402 2.2324e+08 
403 2.32169e+08 
404 2.40788e+08 
405 2.49068e+08 
406 2.57045e+08 
407 2.64724e+08 
408 2.72006e+08 
409 2.79012e+08 
410 2.85795e+08 
411 2.92337e+08 
412 2.98585e+08 
413 3.04645e+08 
414 3.10555e+08 
415 3.16288e+08 
416 3.21909e+08 
417 3.27246e+08 
418 3.32313e+08 
419 3.37167e+08 
420 3.41739e+08 
421 3.46101e+08 
422 3.50216e+08 
423 3.54041e+08 
424 3.5762e+08 
425 3.61022e+08 
426 3.64198e+08 
427 3.67024e+08 
428 3.69495e+08 
429 3.71589e+08 
430 3.73279e+08 
431 3.74659e+08 
432 3.75714e+08 
433 3.76357e+08 
434 3.76724e+08 
435 3.76719e+08 
436 3.76219e+08 
437 3.75395e+08 
438 3.7416e+08 
439 3.72384e+08 
440 3.70006e+08 
441 3.67266e+08 
442 3.6388e+08 
443 3.59946e+08 
444 3.55418e+08 
445 3.50299e+08 
446 3.4449e+08 
447 3.38122e+08 
448 3.31177e+08 
449 3.23586e+08 
450 3.15493e+08 
451 3.06871e+08 
452 2.97853e+08 
453 2.88468e+08 
454 2.78956e+08 
455 2.69165e+08 
456 2.59402e+08 
457 2.49774e+08 
458 2.40261e+08 
459 2.30983e+08 
460 2.21896e+08 
461 2.13025e+08 
462 2.04448e+08 
463 1.96128e+08 
464 1.88057e+08 
465 1.80275e+08 
466 1.72767e+08 
467 1.65514e+08 
468 1.58471e+08 
469 1.51644e+08 
470 1.44985e+08 
471 1.38473e+08 
472 1.32041e+08 
473 1.25791e+08 
474 1.19602e+08 
475 1.13588e+08 
476 1.07617e+08 
477 1.01748e+08 
478 9.59921e+07 
479 9.03557e+07 
480 8.48901e+07 
481 7.95381e+07 
482 7.436e+07 
483 6.9379e+07 
484 6.46241e+07 
485 6.00387e+07 
486 5.56765e+07 
487 5.15259e+07 
488 4.75728e+07 
489 4.37516e+07 
490 4.01047e+07 
491 3.6615e+07 
492 3.3285e+07 
493 3.01243e+07 
494 2.71366e+07 
495 2.43554e+07 
496 2.17613e+07 
497 1.93558e+07 
498 1.71399e+07 
499 1.51143e+07 
500 1.32954e+07 
501 1.16409e+07 
502 1.01514e+07 
503 8.82668e+06 
504 7.65601e+06 
505 6.62169e+06 
506 5.72702e+06 
507 4.94632e+06 
508 4.26745e+06 
509 3.66382e+06 
510 3.13289e+06 
511 2.67197e+06 
512 2.27288e+06 
513 1.92612e+06 
514 1.6206e+06 
515 1.36004e+06 
516 1.13631e+06 
517 947942 
518 784783 
519 649339 
520 535329 
521 440951 
522 359851 
523 292154 
524 236871 
525 192006 
526 156245 
527 126049 
528 102455 
529 83181 
530 66512 
531 52684 
532 42000 
533 33180 
534 26230 
535 21206 
536 16734 
537 13187 
538 10559 
539 8492 
540 6131 
541 4413 
542 3145 
543 2302 
544 1638 
545 1196 
546 894 
547 656 
548 441 
549 279 
550 173 
551 108 
552 61 
553 28 
554 20 
555 4 
556 5 
557 0 
558 0 
559 0 
560 0 
561 0 
562 0 
563 0 
564 0 
565 0 
566 0 
567 0 
568 0 
569 0 
570 0 
571 0 
572 0 
573 0 
574 0 
575 0 
576 0 
577 0 
578 0 
579 0 
580 0 
581 0 
582 0 
583 0 
584 0 
585 0 
586 0 
587 0 
588 0 
589 0 
590 0 
591 0 
592 0 
593 0 
594 0 
595 0 
596 0 
597 0 
598 0 
599 0 
600 0 
601 0 
602 0 
603 0 
604 0 
605 0 
606 0 
607 0 
608 0 
609 0 
610 0 
611 0 
612 0 
613 0 
614 0 
615 0 
616 0 
617 0 
618 0 
619 0 
620 0 
621 0 
622 0 
623 0 
624 0 
625 0 
626 0 
627 0 
628 0 
629 0 
630 0 
631 0 
632 0 
633 0 
634 0 
635 0 
636 0 
637 0 
638 0 
639 0 
640 0 
641 0 
642 0 
643 0 
644 0 
645 0 
646 0 
647 0 
648 0 
649 0 
650 0 
651 0 
652 0 
653 0 
654 0 
655 0 
656 0 
657 0 
658 0 
659 0 
660 0 
661 0 
662 0 
663 0 
664 0 
665 0 
666 0 
667 0 
668 0 
669 0 
670 0 
671 0 
672 0 
673 0 
674 0 
675 0 
676 0 
677 0 
678 0 
679 0 
680 0 
681 0 
682 0 
683 0 
684 0 
685 0 
686 0 
687 0 
688 0 
689 0 
690 0 
691 0 
692 0 
693 0 
694 0 
695 0 
696 0 
697 0 
698 0 
699 0 
700 0 
701 0 
702 0 
703 0 
704 0 
705 0 
706 0 
707 0 
708 0 
709 0 
710 0 
711 0 
712 0 
713 0 
714 0 
715 0 
716 0 
717 0 
718 0 
719 0 
720 0 
721 0 
722 0 
723 0 
724 0 
725 0 
726 0 
727 0 
728 0 
729 0 
730 0 
731 0 
732 0 
733 0 
734 0 
735 0 
736 0 
737 0 
738 0 
739 0 
740 0 
741 0 
742 0 
743 0 
744 0 
745 0 
746 0 
747 0 
748 0 
749 0 
750 0 
751 0 
752 0 
753 0 
754 0 
755 0 
756 0 
757 0 
758 0 
759 0 
760 0 
761 0 
762 0 
763 0 
764 0 
765 0 
766 0 
767 0 
768 0 
769 0 
770 0 
771 0 
772 0 
773 0 
774 0 
775 0 
776 0 
777 0 
778 0 
779 0 
780 0 
781 0 
782 0 
783 0 
784 0 
785 0 
786 0 
787 0 
788 0 
789 0 
790 0 
791 0 
792 0 
793 0 
794 0 
795 0 
796 0 
797 0 
798 0 
799 0 
