0 0 
1 0 
2 0 
3 0 
4 0 
5 0 
6 0 
7 0 
8 0 
9 0 
10 0 
11 0 
12 0 
13 0 
14 0 
15 0 
16 0 
17 0 
18 0 
19 0 
20 0 
21 0 
22 0 
23 0 
24 0 
25 0 
26 0 
27 0 
28 0 
29 0 
30 0 
31 0 
32 0 
33 0 
34 0 
35 0 
36 0 
37 0 
38 0 
39 0 
40 0 
41 0 
42 0 
43 0 
44 0 
45 0 
46 0 
47 0 
48 0 
49 0 
50 0 
51 0 
52 0 
53 0 
54 0 
55 0 
56 0 
57 0 
58 0 
59 0 
60 0 
61 0 
62 0 
63 0 
64 0 
65 0 
66 0 
67 0 
68 0 
69 0 
70 0 
71 0 
72 0 
73 0 
74 0 
75 0 
76 0 
77 0 
78 0 
79 0 
80 0 
81 0 
82 0 
83 0 
84 0 
85 0 
86 0 
87 0 
88 0 
89 0 
90 0 
91 0 
92 0 
93 0 
94 0 
95 0 
96 0 
97 0 
98 0 
99 0 
100 0 
101 0 
102 0 
103 0 
104 0 
105 0 
106 0 
107 0 
108 0 
109 0 
110 0 
111 0 
112 0 
113 0 
114 0 
115 0 
116 0 
117 0 
118 0 
119 0 
120 0 
121 0 
122 0 
123 0 
124 0 
125 0 
126 0 
127 0 
128 0 
129 0 
130 0 
131 0 
132 0 
133 0 
134 0 
135 0 
136 0 
137 0 
138 0 
139 0 
140 0 
141 0 
142 0 
143 0 
144 0 
145 0 
146 0 
147 0 
148 0 
149 0 
150 0 
151 0 
152 0 
153 0 
154 0 
155 0 
156 0 
157 0 
158 0 
159 0 
160 0 
161 0 
162 0 
163 0 
164 0 
165 0 
166 0 
167 0 
168 0 
169 0 
170 0 
171 0 
172 0 
173 0 
174 0 
175 0 
176 0 
177 0 
178 0 
179 0 
180 0 
181 0 
182 0 
183 0 
184 0 
185 0 
186 0 
187 0 
188 0 
189 0 
190 0 
191 0 
192 0 
193 0 
194 0 
195 0 
196 0 
197 0 
198 0 
199 0 
200 0 
201 0 
202 0 
203 0 
204 0 
205 0 
206 0 
207 0 
208 0 
209 0 
210 0 
211 0 
212 0 
213 0 
214 0 
215 0 
216 0 
217 0 
218 0 
219 0 
220 0 
221 0 
222 0 
223 0 
224 0 
225 0 
226 0 
227 0 
228 0 
229 0 
230 0 
231 0 
232 0 
233 0 
234 0 
235 0 
236 0 
237 0 
238 0 
239 0 
240 0 
241 0 
242 0 
243 0 
244 0 
245 0 
246 0 
247 0 
248 0 
249 0 
250 0 
251 0 
252 0 
253 0 
254 0 
255 0 
256 0 
257 0 
258 0 
259 0 
260 0 
261 0 
262 0 
263 0 
264 0 
265 0 
266 0 
267 0 
268 0 
269 0 
270 0 
271 0 
272 0 
273 0 
274 0 
275 0 
276 0 
277 0 
278 0 
279 0 
280 0 
281 0 
282 0 
283 0 
284 0 
285 0 
286 0 
287 0 
288 0 
289 0 
290 0 
291 0 
292 0 
293 0 
294 0 
295 0 
296 0 
297 0 
298 0 
299 0 
300 0 
301 0 
302 0 
303 0 
304 0 
305 0 
306 0 
307 0 
308 0 
309 0 
310 0 
311 0 
312 0 
313 0 
314 0 
315 0 
316 0 
317 0 
318 0 
319 0 
320 0 
321 0 
322 0 
323 0 
324 0 
325 0 
326 0 
327 0 
328 0 
329 0 
330 0 
331 0 
332 0 
333 0 
334 0 
335 0 
336 0 
337 0 
338 0 
339 0 
340 0 
341 0 
342 3 
343 7 
344 17 
345 34 
346 55 
347 105 
348 145 
349 269 
350 431 
351 631 
352 718 
353 1040 
354 1337 
355 1842 
356 2665 
357 3855 
358 5903 
359 8904 
360 13687 
361 21661 
362 34292 
363 52190 
364 79119 
365 116863 
366 167943 
367 238999 
368 334958 
369 462764 
370 634953 
371 864117 
372 1.16084e+06 
373 1.55684e+06 
374 2.06876e+06 
375 2.71464e+06 
376 3.51896e+06 
377 4.51828e+06 
378 5.74666e+06 
379 7.23785e+06 
380 9.04674e+06 
381 1.1193e+07 
382 1.37131e+07 
383 1.66426e+07 
384 2.00334e+07 
385 2.39021e+07 
386 2.83529e+07 
387 3.34094e+07 
388 3.90908e+07 
389 4.54941e+07 
390 5.26817e+07 
391 6.06648e+07 
392 6.95463e+07 
393 7.93568e+07 
394 9.01346e+07 
395 1.02033e+08 
396 1.1502e+08 
397 1.29183e+08 
398 1.44559e+08 
399 1.61172e+08 
400 1.78974e+08 
401 1.97686e+08 
402 2.17462e+08 
403 2.3821e+08 
404 2.59821e+08 
405 2.82161e+08 
406 3.05227e+08 
407 3.28573e+08 
408 3.52055e+08 
409 3.75384e+08 
410 3.98283e+08 
411 4.20664e+08 
412 4.42266e+08 
413 4.62845e+08 
414 4.82313e+08 
415 5.00511e+08 
416 5.17434e+08 
417 5.32964e+08 
418 5.46839e+08 
419 5.59255e+08 
420 5.69914e+08 
421 5.78854e+08 
422 5.85954e+08 
423 5.91325e+08 
424 5.94802e+08 
425 5.96374e+08 
426 5.96045e+08 
427 5.93933e+08 
428 5.89798e+08 
429 5.83893e+08 
430 5.76163e+08 
431 5.66661e+08 
432 5.55388e+08 
433 5.42507e+08 
434 5.27931e+08 
435 5.11923e+08 
436 4.94703e+08 
437 4.76226e+08 
438 4.56819e+08 
439 4.36654e+08 
440 4.15972e+08 
441 3.95113e+08 
442 3.74132e+08 
443 3.53155e+08 
444 3.32379e+08 
445 3.11892e+08 
446 2.91855e+08 
447 2.72366e+08 
448 2.53532e+08 
449 2.35532e+08 
450 2.18426e+08 
451 2.02209e+08 
452 1.86809e+08 
453 1.72294e+08 
454 1.5861e+08 
455 1.45682e+08 
456 1.33575e+08 
457 1.22276e+08 
458 1.11742e+08 
459 1.01978e+08 
460 9.29549e+07 
461 8.46708e+07 
462 7.70515e+07 
463 7.00603e+07 
464 6.36199e+07 
465 5.77617e+07 
466 5.24183e+07 
467 4.7535e+07 
468 4.29942e+07 
469 3.87592e+07 
470 3.48289e+07 
471 3.11893e+07 
472 2.78084e+07 
473 2.47023e+07 
474 2.18631e+07 
475 1.92726e+07 
476 1.69165e+07 
477 1.48082e+07 
478 1.29351e+07 
479 1.12828e+07 
480 9.81346e+06 
481 8.54226e+06 
482 7.40037e+06 
483 6.39914e+06 
484 5.51407e+06 
485 4.74006e+06 
486 4.05903e+06 
487 3.4524e+06 
488 2.91991e+06 
489 2.45117e+06 
490 2.03587e+06 
491 1.66488e+06 
492 1.34942e+06 
493 1.07903e+06 
494 855320 
495 676283 
496 532433 
497 419301 
498 327226 
499 257682 
500 202096 
501 160021 
502 127632 
503 100428 
504 80195 
505 62589 
506 49333 
507 38283 
508 29962 
509 23394 
510 18542 
511 14762 
512 11584 
513 9377 
514 6971 
515 5260 
516 3758 
517 2765 
518 1957 
519 1515 
520 1201 
521 937 
522 649 
523 582 
524 453 
525 318 
526 200 
527 78 
528 33 
529 23 
530 16 
531 2 
532 4 
533 0 
534 0 
535 0 
536 0 
537 0 
538 0 
539 0 
540 0 
541 0 
542 0 
543 0 
544 0 
545 0 
546 0 
547 0 
548 0 
549 0 
550 0 
551 0 
552 0 
553 0 
554 0 
555 0 
556 0 
557 0 
558 0 
559 0 
560 0 
561 0 
562 0 
563 0 
564 0 
565 0 
566 0 
567 0 
568 0 
569 0 
570 0 
571 0 
572 0 
573 0 
574 0 
575 0 
576 0 
577 0 
578 0 
579 0 
580 0 
581 0 
582 0 
583 0 
584 0 
585 0 
586 0 
587 0 
588 0 
589 0 
590 0 
591 0 
592 0 
593 0 
594 0 
595 0 
596 0 
597 0 
598 0 
599 0 
600 0 
601 0 
602 0 
603 0 
604 0 
605 0 
606 0 
607 0 
608 0 
609 0 
610 0 
611 0 
612 0 
613 0 
614 0 
615 0 
616 0 
617 0 
618 0 
619 0 
620 0 
621 0 
622 0 
623 0 
624 0 
625 0 
626 0 
627 0 
628 0 
629 0 
630 0 
631 0 
632 0 
633 0 
634 0 
635 0 
636 0 
637 0 
638 0 
639 0 
640 0 
641 0 
642 0 
643 0 
644 0 
645 0 
646 0 
647 0 
648 0 
649 0 
650 0 
651 0 
652 0 
653 0 
654 0 
655 0 
656 0 
657 0 
658 0 
659 0 
660 0 
661 0 
662 0 
663 0 
664 0 
665 0 
666 0 
667 0 
668 0 
669 0 
670 0 
671 0 
672 0 
673 0 
674 0 
675 0 
676 0 
677 0 
678 0 
679 0 
680 0 
681 0 
682 0 
683 0 
684 0 
685 0 
686 0 
687 0 
688 0 
689 0 
690 0 
691 0 
692 0 
693 0 
694 0 
695 0 
696 0 
697 0 
698 0 
699 0 
700 0 
701 0 
702 0 
703 0 
704 0 
705 0 
706 0 
707 0 
708 0 
709 0 
710 0 
711 0 
712 0 
713 0 
714 0 
715 0 
716 0 
717 0 
718 0 
719 0 
720 0 
721 0 
722 0 
723 0 
724 0 
725 0 
726 0 
727 0 
728 0 
729 0 
730 0 
731 0 
732 0 
733 0 
734 0 
735 0 
736 0 
737 0 
738 0 
739 0 
740 0 
741 0 
742 0 
743 0 
744 0 
745 0 
746 0 
747 0 
748 0 
749 0 
750 0 
751 0 
752 0 
753 0 
754 0 
755 0 
756 0 
757 0 
758 0 
759 0 
760 0 
761 0 
762 0 
763 0 
764 0 
765 0 
766 0 
767 0 
768 0 
769 0 
770 0 
771 0 
772 0 
773 0 
774 0 
775 0 
776 0 
777 0 
778 0 
779 0 
780 0 
781 0 
782 0 
783 0 
784 0 
785 0 
786 0 
787 0 
788 0 
789 0 
790 0 
791 0 
792 0 
793 0 
794 0 
795 0 
796 0 
797 0 
798 0 
799 0 
