0 0 
1 0 
2 0 
3 0 
4 0 
5 0 
6 0 
7 0 
8 0 
9 0 
10 0 
11 0 
12 0 
13 0 
14 0 
15 0 
16 0 
17 0 
18 0 
19 0 
20 0 
21 0 
22 0 
23 0 
24 0 
25 0 
26 0 
27 0 
28 0 
29 0 
30 0 
31 0 
32 0 
33 0 
34 0 
35 0 
36 0 
37 0 
38 0 
39 0 
40 0 
41 0 
42 0 
43 0 
44 0 
45 0 
46 0 
47 0 
48 0 
49 0 
50 0 
51 0 
52 0 
53 0 
54 0 
55 0 
56 0 
57 0 
58 0 
59 0 
60 0 
61 0 
62 0 
63 0 
64 0 
65 0 
66 0 
67 0 
68 0 
69 0 
70 0 
71 0 
72 0 
73 0 
74 0 
75 0 
76 0 
77 0 
78 0 
79 0 
80 0 
81 0 
82 0 
83 0 
84 0 
85 0 
86 0 
87 0 
88 0 
89 0 
90 0 
91 0 
92 0 
93 0 
94 0 
95 0 
96 0 
97 0 
98 0 
99 0 
100 0 
101 0 
102 0 
103 0 
104 0 
105 0 
106 0 
107 0 
108 0 
109 0 
110 0 
111 0 
112 0 
113 0 
114 0 
115 0 
116 0 
117 0 
118 0 
119 0 
120 0 
121 0 
122 0 
123 0 
124 0 
125 0 
126 0 
127 0 
128 0 
129 0 
130 0 
131 0 
132 0 
133 0 
134 0 
135 0 
136 0 
137 0 
138 0 
139 0 
140 0 
141 0 
142 0 
143 0 
144 0 
145 0 
146 0 
147 0 
148 0 
149 0 
150 0 
151 0 
152 0 
153 0 
154 0 
155 0 
156 0 
157 0 
158 0 
159 0 
160 0 
161 0 
162 0 
163 0 
164 0 
165 0 
166 0 
167 0 
168 0 
169 0 
170 0 
171 0 
172 0 
173 0 
174 0 
175 0 
176 0 
177 0 
178 0 
179 0 
180 0 
181 0 
182 0 
183 0 
184 0 
185 0 
186 0 
187 0 
188 0 
189 0 
190 0 
191 0 
192 0 
193 0 
194 0 
195 0 
196 0 
197 0 
198 0 
199 0 
200 0 
201 0 
202 0 
203 0 
204 0 
205 0 
206 0 
207 0 
208 0 
209 0 
210 0 
211 0 
212 0 
213 0 
214 0 
215 0 
216 0 
217 0 
218 0 
219 0 
220 0 
221 0 
222 0 
223 0 
224 0 
225 0 
226 0 
227 0 
228 0 
229 0 
230 0 
231 0 
232 0 
233 0 
234 0 
235 0 
236 0 
237 0 
238 0 
239 0 
240 0 
241 0 
242 0 
243 0 
244 0 
245 0 
246 0 
247 0 
248 0 
249 0 
250 0 
251 0 
252 0 
253 0 
254 0 
255 0 
256 0 
257 0 
258 0 
259 0 
260 0 
261 0 
262 0 
263 0 
264 0 
265 0 
266 0 
267 0 
268 0 
269 0 
270 0 
271 0 
272 0 
273 0 
274 0 
275 0 
276 0 
277 0 
278 0 
279 0 
280 0 
281 0 
282 0 
283 0 
284 0 
285 0 
286 0 
287 0 
288 0 
289 0 
290 0 
291 0 
292 0 
293 0 
294 0 
295 0 
296 0 
297 0 
298 0 
299 0 
300 0 
301 0 
302 0 
303 0 
304 0 
305 1 
306 2 
307 2 
308 4 
309 1 
310 3 
311 3 
312 6 
313 8 
314 14 
315 21 
316 22 
317 37 
318 36 
319 55 
320 94 
321 112 
322 151 
323 195 
324 311 
325 387 
326 497 
327 726 
328 801 
329 945 
330 1099 
331 1307 
332 1550 
333 1752 
334 1825 
335 2153 
336 2489 
337 2984 
338 4102 
339 5326 
340 7303 
341 9508 
342 12393 
343 15780 
344 20691 
345 26468 
346 33759 
347 44129 
348 57048 
349 71857 
350 93047 
351 119573 
352 152675 
353 195440 
354 250593 
355 319462 
356 403372 
357 509495 
358 638660 
359 798262 
360 993960 
361 1.23026e+06 
362 1.52326e+06 
363 1.87886e+06 
364 2.3153e+06 
365 2.84341e+06 
366 3.48476e+06 
367 4.24833e+06 
368 5.1544e+06 
369 6.23105e+06 
370 7.50491e+06 
371 9.00345e+06 
372 1.07446e+07 
373 1.27774e+07 
374 1.51465e+07 
375 1.78966e+07 
376 2.1062e+07 
377 2.47059e+07 
378 2.88629e+07 
379 3.35983e+07 
380 3.89823e+07 
381 4.50925e+07 
382 5.20152e+07 
383 5.97833e+07 
384 6.8479e+07 
385 7.81395e+07 
386 8.88745e+07 
387 1.00695e+08 
388 1.13697e+08 
389 1.279e+08 
390 1.43373e+08 
391 1.60157e+08 
392 1.78302e+08 
393 1.9772e+08 
394 2.185e+08 
395 2.40516e+08 
396 2.63615e+08 
397 2.87758e+08 
398 3.12656e+08 
399 3.38004e+08 
400 3.6369e+08 
401 3.87106e+08 
402 4.101e+08 
403 4.32526e+08 
404 4.54282e+08 
405 4.75181e+08 
406 4.95058e+08 
407 5.13801e+08 
408 5.31458e+08 
409 5.47652e+08 
410 5.62368e+08 
411 5.75397e+08 
412 5.8669e+08 
413 5.96117e+08 
414 6.03606e+08 
415 6.09093e+08 
416 6.12364e+08 
417 6.13664e+08 
418 6.12862e+08 
419 6.09895e+08 
420 6.0478e+08 
421 5.97673e+08 
422 5.88366e+08 
423 5.77116e+08 
424 5.63914e+08 
425 5.49034e+08 
426 5.32395e+08 
427 5.14182e+08 
428 4.94792e+08 
429 4.7435e+08 
430 4.53108e+08 
431 4.31296e+08 
432 4.09076e+08 
433 3.86808e+08 
434 3.64584e+08 
435 3.42764e+08 
436 3.21283e+08 
437 3.00348e+08 
438 2.80077e+08 
439 2.60534e+08 
440 2.41822e+08 
441 2.23945e+08 
442 2.06938e+08 
443 1.90789e+08 
444 1.75527e+08 
445 1.61105e+08 
446 1.47508e+08 
447 1.34763e+08 
448 1.22773e+08 
449 1.11621e+08 
450 1.01273e+08 
451 9.16312e+07 
452 8.27648e+07 
453 7.45598e+07 
454 6.69901e+07 
455 6.00546e+07 
456 5.37379e+07 
457 4.79597e+07 
458 4.27151e+07 
459 3.79527e+07 
460 3.36552e+07 
461 2.9776e+07 
462 2.62555e+07 
463 2.30801e+07 
464 2.02355e+07 
465 1.76806e+07 
466 1.53993e+07 
467 1.33634e+07 
468 1.15565e+07 
469 9.97735e+06 
470 8.58461e+06 
471 7.35194e+06 
472 6.28403e+06 
473 5.34518e+06 
474 4.52845e+06 
475 3.82559e+06 
476 3.21457e+06 
477 2.69369e+06 
478 2.24394e+06 
479 1.86854e+06 
480 1.55113e+06 
481 1.2796e+06 
482 1.04741e+06 
483 854196 
484 693781 
485 559255 
486 449484 
487 359415 
488 284160 
489 222919 
490 173314 
491 131962 
492 100102 
493 74562 
494 55099 
495 40638 
496 29910 
497 21792 
498 15779 
499 11594 
500 8416 
501 6125 
502 4363 
503 3145 
504 2233 
505 1464 
506 1112 
507 801 
508 588 
509 414 
510 279 
511 244 
512 187 
513 158 
514 102 
515 61 
516 56 
517 33 
518 19 
519 16 
520 5 
521 1 
522 3 
523 2 
524 1 
525 0 
526 0 
527 0 
528 0 
529 0 
530 0 
531 0 
532 0 
533 0 
534 0 
535 0 
536 0 
537 0 
538 0 
539 0 
540 0 
541 0 
542 0 
543 0 
544 0 
545 0 
546 0 
547 0 
548 0 
549 0 
550 0 
551 0 
552 0 
553 0 
554 0 
555 0 
556 0 
557 0 
558 0 
559 0 
560 0 
561 0 
562 0 
563 0 
564 0 
565 0 
566 0 
567 0 
568 0 
569 0 
570 0 
571 0 
572 0 
573 0 
574 0 
575 0 
576 0 
577 0 
578 0 
579 0 
580 0 
581 0 
582 0 
583 0 
584 0 
585 0 
586 0 
587 0 
588 0 
589 0 
590 0 
591 0 
592 0 
593 0 
594 0 
595 0 
596 0 
597 0 
598 0 
599 0 
600 0 
601 0 
602 0 
603 0 
604 0 
605 0 
606 0 
607 0 
608 0 
609 0 
610 0 
611 0 
612 0 
613 0 
614 0 
615 0 
616 0 
617 0 
618 0 
619 0 
620 0 
621 0 
622 0 
623 0 
624 0 
625 0 
626 0 
627 0 
628 0 
629 0 
630 0 
631 0 
632 0 
633 0 
634 0 
635 0 
636 0 
637 0 
638 0 
639 0 
640 0 
641 0 
642 0 
643 0 
644 0 
645 0 
646 0 
647 0 
648 0 
649 0 
650 0 
651 0 
652 0 
653 0 
654 0 
655 0 
656 0 
657 0 
658 0 
659 0 
660 0 
661 0 
662 0 
663 0 
664 0 
665 0 
666 0 
667 0 
668 0 
669 0 
670 0 
671 0 
672 0 
673 0 
674 0 
675 0 
676 0 
677 0 
678 0 
679 0 
680 0 
681 0 
682 0 
683 0 
684 0 
685 0 
686 0 
687 0 
688 0 
689 0 
690 0 
691 0 
692 0 
693 0 
694 0 
695 0 
696 0 
697 0 
698 0 
699 0 
700 0 
701 0 
702 0 
703 0 
704 0 
705 0 
706 0 
707 0 
708 0 
709 0 
710 0 
711 0 
712 0 
713 0 
714 0 
715 0 
716 0 
717 0 
718 0 
719 0 
720 0 
721 0 
722 0 
723 0 
724 0 
725 0 
726 0 
727 0 
728 0 
729 0 
730 0 
731 0 
732 0 
733 0 
734 0 
735 0 
736 0 
737 0 
738 0 
739 0 
740 0 
741 0 
742 0 
743 0 
744 0 
745 0 
746 0 
747 0 
748 0 
749 0 
750 0 
751 0 
752 0 
753 0 
754 0 
755 0 
756 0 
757 0 
758 0 
759 0 
760 0 
761 0 
762 0 
763 0 
764 0 
765 0 
766 0 
767 0 
768 0 
769 0 
770 0 
771 0 
772 0 
773 0 
774 0 
775 0 
776 0 
777 0 
778 0 
779 0 
780 0 
781 0 
782 0 
783 0 
784 0 
785 0 
786 0 
787 0 
788 0 
789 0 
790 0 
791 0 
792 0 
793 0 
794 0 
795 0 
796 0 
797 0 
798 0 
799 0 
