0 0 
1 0 
2 0 
3 0 
4 0 
5 0 
6 0 
7 0 
8 0 
9 0 
10 0 
11 0 
12 0 
13 0 
14 0 
15 0 
16 0 
17 0 
18 0 
19 0 
20 0 
21 0 
22 0 
23 0 
24 0 
25 0 
26 0 
27 0 
28 0 
29 0 
30 0 
31 0 
32 0 
33 0 
34 0 
35 0 
36 0 
37 0 
38 0 
39 0 
40 0 
41 0 
42 0 
43 0 
44 0 
45 0 
46 0 
47 0 
48 0 
49 0 
50 0 
51 0 
52 0 
53 0 
54 0 
55 0 
56 0 
57 0 
58 0 
59 0 
60 0 
61 0 
62 0 
63 0 
64 0 
65 0 
66 0 
67 0 
68 0 
69 0 
70 0 
71 0 
72 0 
73 0 
74 0 
75 0 
76 0 
77 0 
78 0 
79 0 
80 0 
81 0 
82 0 
83 0 
84 0 
85 0 
86 0 
87 0 
88 0 
89 0 
90 0 
91 0 
92 0 
93 0 
94 0 
95 0 
96 0 
97 0 
98 0 
99 0 
100 0 
101 0 
102 0 
103 0 
104 0 
105 0 
106 0 
107 0 
108 0 
109 0 
110 0 
111 0 
112 0 
113 0 
114 0 
115 0 
116 0 
117 0 
118 0 
119 0 
120 0 
121 0 
122 0 
123 0 
124 0 
125 0 
126 0 
127 0 
128 0 
129 0 
130 0 
131 0 
132 0 
133 0 
134 0 
135 0 
136 0 
137 0 
138 0 
139 0 
140 0 
141 0 
142 0 
143 0 
144 0 
145 0 
146 0 
147 0 
148 0 
149 0 
150 0 
151 0 
152 0 
153 0 
154 0 
155 0 
156 0 
157 0 
158 0 
159 0 
160 0 
161 0 
162 0 
163 0 
164 0 
165 0 
166 0 
167 0 
168 0 
169 0 
170 0 
171 0 
172 0 
173 0 
174 0 
175 0 
176 0 
177 0 
178 0 
179 0 
180 0 
181 0 
182 0 
183 0 
184 0 
185 0 
186 0 
187 0 
188 0 
189 0 
190 0 
191 0 
192 0 
193 0 
194 0 
195 0 
196 0 
197 0 
198 0 
199 0 
200 0 
201 0 
202 0 
203 0 
204 0 
205 0 
206 0 
207 0 
208 0 
209 0 
210 0 
211 0 
212 0 
213 0 
214 0 
215 0 
216 0 
217 0 
218 0 
219 0 
220 0 
221 0 
222 0 
223 0 
224 0 
225 0 
226 0 
227 0 
228 0 
229 0 
230 0 
231 0 
232 0 
233 0 
234 0 
235 0 
236 0 
237 0 
238 0 
239 0 
240 0 
241 0 
242 0 
243 0 
244 0 
245 0 
246 0 
247 0 
248 0 
249 0 
250 0 
251 0 
252 0 
253 0 
254 0 
255 0 
256 0 
257 0 
258 0 
259 0 
260 0 
261 0 
262 0 
263 0 
264 0 
265 0 
266 0 
267 0 
268 0 
269 0 
270 0 
271 0 
272 0 
273 0 
274 0 
275 0 
276 0 
277 0 
278 0 
279 0 
280 0 
281 0 
282 0 
283 0 
284 0 
285 0 
286 0 
287 0 
288 0 
289 0 
290 0 
291 0 
292 0 
293 0 
294 0 
295 0 
296 0 
297 0 
298 0 
299 0 
300 0 
301 0 
302 0 
303 0 
304 0 
305 0 
306 0 
307 0 
308 0 
309 0 
310 0 
311 0 
312 0 
313 0 
314 0 
315 0 
316 0 
317 0 
318 0 
319 0 
320 0 
321 0 
322 0 
323 0 
324 0 
325 0 
326 0 
327 0 
328 0 
329 0 
330 0 
331 0 
332 0 
333 0 
334 0 
335 0 
336 0 
337 0 
338 0 
339 2 
340 1 
341 7 
342 19 
343 34 
344 60 
345 77 
346 126 
347 203 
348 352 
349 574 
350 816 
351 1335 
352 1962 
353 2799 
354 4390 
355 6548 
356 9603 
357 13839 
358 20213 
359 28478 
360 40739 
361 57363 
362 78039 
363 106339 
364 142267 
365 188616 
366 248086 
367 321606 
368 412132 
369 525056 
370 663041 
371 832544 
372 1.03727e+06 
373 1.28306e+06 
374 1.58225e+06 
375 1.93695e+06 
376 2.35492e+06 
377 2.85367e+06 
378 3.44272e+06 
379 4.13169e+06 
380 4.92889e+06 
381 5.86156e+06 
382 6.93582e+06 
383 8.1737e+06 
384 9.59752e+06 
385 1.12192e+07 
386 1.3048e+07 
387 1.51302e+07 
388 1.74601e+07 
389 2.00397e+07 
390 2.28992e+07 
391 2.60355e+07 
392 2.94841e+07 
393 3.32149e+07 
394 3.72788e+07 
395 4.1621e+07 
396 4.63515e+07 
397 5.13694e+07 
398 5.67685e+07 
399 6.24968e+07 
400 6.86234e+07 
401 7.50162e+07 
402 8.17962e+07 
403 8.8952e+07 
404 9.64864e+07 
405 1.04379e+08 
406 1.12634e+08 
407 1.21286e+08 
408 1.30346e+08 
409 1.39804e+08 
410 1.4965e+08 
411 1.59896e+08 
412 1.70576e+08 
413 1.81687e+08 
414 1.93168e+08 
415 2.05024e+08 
416 2.17272e+08 
417 2.29812e+08 
418 2.42711e+08 
419 2.55808e+08 
420 2.6921e+08 
421 2.82777e+08 
422 2.96454e+08 
423 3.10211e+08 
424 3.23974e+08 
425 3.37712e+08 
426 3.51327e+08 
427 3.64776e+08 
428 3.77843e+08 
429 3.90518e+08 
430 4.02621e+08 
431 4.14249e+08 
432 4.25248e+08 
433 4.35569e+08 
434 4.45179e+08 
435 4.54001e+08 
436 4.62062e+08 
437 4.69297e+08 
438 4.75589e+08 
439 4.80954e+08 
440 4.85365e+08 
441 4.88846e+08 
442 4.91392e+08 
443 4.92841e+08 
444 4.93112e+08 
445 4.92252e+08 
446 4.90195e+08 
447 4.86984e+08 
448 4.82493e+08 
449 4.769e+08 
450 4.70069e+08 
451 4.62048e+08 
452 4.53015e+08 
453 4.43036e+08 
454 4.32192e+08 
455 4.20479e+08 
456 4.08031e+08 
457 3.94968e+08 
458 3.81303e+08 
459 3.67082e+08 
460 3.52457e+08 
461 3.37461e+08 
462 3.22265e+08 
463 3.0677e+08 
464 2.91213e+08 
465 2.75643e+08 
466 2.60206e+08 
467 2.45014e+08 
468 2.30032e+08 
469 2.15417e+08 
470 2.01194e+08 
471 1.87434e+08 
472 1.74277e+08 
473 1.61627e+08 
474 1.4957e+08 
475 1.38093e+08 
476 1.27189e+08 
477 1.16914e+08 
478 1.07255e+08 
479 9.81567e+07 
480 8.96764e+07 
481 8.17053e+07 
482 7.42502e+07 
483 6.73653e+07 
484 6.09665e+07 
485 5.50522e+07 
486 4.96133e+07 
487 4.46197e+07 
488 4.00487e+07 
489 3.58736e+07 
490 3.20633e+07 
491 2.85913e+07 
492 2.54446e+07 
493 2.25605e+07 
494 1.99467e+07 
495 1.75692e+07 
496 1.54304e+07 
497 1.3495e+07 
498 1.17531e+07 
499 1.01996e+07 
500 8.82348e+06 
501 7.59514e+06 
502 6.51042e+06 
503 5.56281e+06 
504 4.73632e+06 
505 4.00742e+06 
506 3.38242e+06 
507 2.83989e+06 
508 2.37442e+06 
509 1.97407e+06 
510 1.63723e+06 
511 1.35067e+06 
512 1.10216e+06 
513 897490 
514 727711 
515 584023 
516 468260 
517 373876 
518 295757 
519 233481 
520 183538 
521 142250 
522 111065 
523 86479 
524 65529 
525 48658 
526 35353 
527 25985 
528 18847 
529 13681 
530 9704 
531 7029 
532 4880 
533 3482 
534 2539 
535 1664 
536 1118 
537 733 
538 489 
539 375 
540 247 
541 180 
542 99 
543 76 
544 58 
545 20 
546 14 
547 2 
548 0 
549 0 
550 0 
551 0 
552 0 
553 0 
554 0 
555 0 
556 0 
557 0 
558 0 
559 0 
560 0 
561 0 
562 0 
563 0 
564 0 
565 0 
566 0 
567 0 
568 0 
569 0 
570 0 
571 0 
572 0 
573 0 
574 0 
575 0 
576 0 
577 0 
578 0 
579 0 
580 0 
581 0 
582 0 
583 0 
584 0 
585 0 
586 0 
587 0 
588 0 
589 0 
590 0 
591 0 
592 0 
593 0 
594 0 
595 0 
596 0 
597 0 
598 0 
599 0 
600 0 
601 0 
602 0 
603 0 
604 0 
605 0 
606 0 
607 0 
608 0 
609 0 
610 0 
611 0 
612 0 
613 0 
614 0 
615 0 
616 0 
617 0 
618 0 
619 0 
620 0 
621 0 
622 0 
623 0 
624 0 
625 0 
626 0 
627 0 
628 0 
629 0 
630 0 
631 0 
632 0 
633 0 
634 0 
635 0 
636 0 
637 0 
638 0 
639 0 
640 0 
641 0 
642 0 
643 0 
644 0 
645 0 
646 0 
647 0 
648 0 
649 0 
650 0 
651 0 
652 0 
653 0 
654 0 
655 0 
656 0 
657 0 
658 0 
659 0 
660 0 
661 0 
662 0 
663 0 
664 0 
665 0 
666 0 
667 0 
668 0 
669 0 
670 0 
671 0 
672 0 
673 0 
674 0 
675 0 
676 0 
677 0 
678 0 
679 0 
680 0 
681 0 
682 0 
683 0 
684 0 
685 0 
686 0 
687 0 
688 0 
689 0 
690 0 
691 0 
692 0 
693 0 
694 0 
695 0 
696 0 
697 0 
698 0 
699 0 
700 0 
701 0 
702 0 
703 0 
704 0 
705 0 
706 0 
707 0 
708 0 
709 0 
710 0 
711 0 
712 0 
713 0 
714 0 
715 0 
716 0 
717 0 
718 0 
719 0 
720 0 
721 0 
722 0 
723 0 
724 0 
725 0 
726 0 
727 0 
728 0 
729 0 
730 0 
731 0 
732 0 
733 0 
734 0 
735 0 
736 0 
737 0 
738 0 
739 0 
740 0 
741 0 
742 0 
743 0 
744 0 
745 0 
746 0 
747 0 
748 0 
749 0 
750 0 
751 0 
752 0 
753 0 
754 0 
755 0 
756 0 
757 0 
758 0 
759 0 
760 0 
761 0 
762 0 
763 0 
764 0 
765 0 
766 0 
767 0 
768 0 
769 0 
770 0 
771 0 
772 0 
773 0 
774 0 
775 0 
776 0 
777 0 
778 0 
779 0 
780 0 
781 0 
782 0 
783 0 
784 0 
785 0 
786 0 
787 0 
788 0 
789 0 
790 0 
791 0 
792 0 
793 0 
794 0 
795 0 
796 0 
797 0 
798 0 
799 0 
