0 0 
1 0 
2 0 
3 0 
4 0 
5 0 
6 0 
7 0 
8 0 
9 0 
10 0 
11 0 
12 0 
13 0 
14 0 
15 0 
16 0 
17 0 
18 0 
19 0 
20 0 
21 0 
22 0 
23 0 
24 0 
25 0 
26 0 
27 0 
28 0 
29 0 
30 0 
31 0 
32 0 
33 0 
34 0 
35 0 
36 0 
37 0 
38 0 
39 0 
40 0 
41 0 
42 0 
43 0 
44 0 
45 0 
46 0 
47 0 
48 0 
49 0 
50 0 
51 0 
52 0 
53 0 
54 0 
55 0 
56 0 
57 0 
58 0 
59 0 
60 0 
61 0 
62 0 
63 0 
64 0 
65 0 
66 0 
67 0 
68 0 
69 0 
70 0 
71 0 
72 0 
73 0 
74 0 
75 0 
76 0 
77 0 
78 0 
79 0 
80 0 
81 0 
82 0 
83 0 
84 0 
85 0 
86 0 
87 0 
88 0 
89 0 
90 0 
91 0 
92 0 
93 0 
94 0 
95 0 
96 0 
97 0 
98 0 
99 0 
100 0 
101 0 
102 0 
103 0 
104 0 
105 0 
106 0 
107 0 
108 0 
109 0 
110 0 
111 0 
112 0 
113 0 
114 0 
115 0 
116 0 
117 0 
118 0 
119 0 
120 0 
121 0 
122 0 
123 0 
124 0 
125 0 
126 0 
127 0 
128 0 
129 0 
130 0 
131 0 
132 0 
133 0 
134 0 
135 0 
136 0 
137 0 
138 0 
139 0 
140 0 
141 0 
142 0 
143 0 
144 0 
145 0 
146 0 
147 0 
148 0 
149 0 
150 0 
151 0 
152 0 
153 0 
154 0 
155 0 
156 0 
157 0 
158 0 
159 0 
160 0 
161 0 
162 0 
163 0 
164 0 
165 0 
166 0 
167 0 
168 0 
169 0 
170 0 
171 0 
172 0 
173 0 
174 0 
175 0 
176 0 
177 0 
178 0 
179 0 
180 0 
181 0 
182 0 
183 0 
184 0 
185 0 
186 0 
187 0 
188 0 
189 0 
190 0 
191 0 
192 0 
193 0 
194 0 
195 0 
196 0 
197 0 
198 0 
199 0 
200 0 
201 0 
202 0 
203 0 
204 0 
205 0 
206 0 
207 0 
208 0 
209 0 
210 0 
211 0 
212 0 
213 0 
214 0 
215 0 
216 0 
217 0 
218 0 
219 0 
220 0 
221 0 
222 0 
223 0 
224 0 
225 0 
226 0 
227 0 
228 0 
229 0 
230 0 
231 0 
232 0 
233 0 
234 0 
235 0 
236 0 
237 0 
238 0 
239 0 
240 0 
241 0 
242 0 
243 0 
244 0 
245 0 
246 0 
247 0 
248 0 
249 0 
250 0 
251 0 
252 0 
253 0 
254 0 
255 0 
256 0 
257 0 
258 0 
259 0 
260 0 
261 0 
262 0 
263 0 
264 0 
265 0 
266 0 
267 0 
268 0 
269 0 
270 0 
271 0 
272 0 
273 0 
274 0 
275 0 
276 0 
277 0 
278 0 
279 0 
280 0 
281 0 
282 0 
283 0 
284 0 
285 0 
286 0 
287 0 
288 0 
289 0 
290 0 
291 0 
292 0 
293 0 
294 0 
295 0 
296 0 
297 0 
298 0 
299 0 
300 0 
301 0 
302 0 
303 0 
304 0 
305 0 
306 0 
307 0 
308 0 
309 0 
310 0 
311 0 
312 0 
313 0 
314 0 
315 0 
316 0 
317 0 
318 0 
319 0 
320 0 
321 0 
322 0 
323 0 
324 0 
325 0 
326 0 
327 0 
328 0 
329 0 
330 0 
331 0 
332 0 
333 0 
334 0 
335 0 
336 0 
337 0 
338 0 
339 0 
340 0 
341 0 
342 0 
343 2 
344 8 
345 24 
346 45 
347 111 
348 237 
349 418 
350 663 
351 1066 
352 1753 
353 2815 
354 4659 
355 6993 
356 10488 
357 15313 
358 21530 
359 30358 
360 42553 
361 58974 
362 80529 
363 109176 
364 146667 
365 196429 
366 262365 
367 350190 
368 462275 
369 604808 
370 786012 
371 1.01524e+06 
372 1.30446e+06 
373 1.66057e+06 
374 2.10849e+06 
375 2.64934e+06 
376 3.32568e+06 
377 4.1529e+06 
378 5.15585e+06 
379 6.36567e+06 
380 7.8164e+06 
381 9.53626e+06 
382 1.15707e+07 
383 1.3961e+07 
384 1.67296e+07 
385 1.99475e+07 
386 2.36227e+07 
387 2.77758e+07 
388 3.24633e+07 
389 3.76966e+07 
390 4.34633e+07 
391 4.98449e+07 
392 5.67738e+07 
393 6.42934e+07 
394 7.23977e+07 
395 8.1022e+07 
396 9.0175e+07 
397 9.9887e+07 
398 1.10176e+08 
399 1.21008e+08 
400 1.32449e+08 
401 1.44225e+08 
402 1.56393e+08 
403 1.69025e+08 
404 1.8205e+08 
405 1.95427e+08 
406 2.09038e+08 
407 2.22847e+08 
408 2.36844e+08 
409 2.50921e+08 
410 2.65085e+08 
411 2.79266e+08 
412 2.93501e+08 
413 3.07698e+08 
414 3.21815e+08 
415 3.36093e+08 
416 3.50274e+08 
417 3.64474e+08 
418 3.78575e+08 
419 3.92552e+08 
420 4.06306e+08 
421 4.19847e+08 
422 4.3308e+08 
423 4.45824e+08 
424 4.58212e+08 
425 4.7004e+08 
426 4.81306e+08 
427 4.91932e+08 
428 5.01964e+08 
429 5.11389e+08 
430 5.19957e+08 
431 5.27695e+08 
432 5.34382e+08 
433 5.3991e+08 
434 5.44294e+08 
435 5.47233e+08 
436 5.48755e+08 
437 5.4891e+08 
438 5.47669e+08 
439 5.44918e+08 
440 5.40442e+08 
441 5.34331e+08 
442 5.26369e+08 
443 5.16572e+08 
444 5.04846e+08 
445 4.91314e+08 
446 4.76172e+08 
447 4.59415e+08 
448 4.4121e+08 
449 4.21737e+08 
450 4.01171e+08 
451 3.79762e+08 
452 3.5775e+08 
453 3.35402e+08 
454 3.12951e+08 
455 2.90473e+08 
456 2.68243e+08 
457 2.46455e+08 
458 2.25316e+08 
459 2.04892e+08 
460 1.85344e+08 
461 1.6684e+08 
462 1.4935e+08 
463 1.32936e+08 
464 1.17673e+08 
465 1.0348e+08 
466 9.04921e+07 
467 7.86375e+07 
468 6.7902e+07 
469 5.82652e+07 
470 4.96492e+07 
471 4.20195e+07 
472 3.53236e+07 
473 2.94842e+07 
474 2.44491e+07 
475 2.01275e+07 
476 1.64626e+07 
477 1.33511e+07 
478 1.07557e+07 
479 8.60887e+06 
480 6.84017e+06 
481 5.39748e+06 
482 4.23541e+06 
483 3.31361e+06 
484 2.57736e+06 
485 1.99866e+06 
486 1.54662e+06 
487 1.19294e+06 
488 914267 
489 696053 
490 530573 
491 402113 
492 302359 
493 223638 
494 165195 
495 120915 
496 87969 
497 63438 
498 45386 
499 31337 
500 21963 
501 15479 
502 10365 
503 6986 
504 4721 
505 3142 
506 2114 
507 1514 
508 1079 
509 708 
510 535 
511 400 
512 286 
513 177 
514 91 
515 55 
516 34 
517 9 
518 0 
519 0 
520 0 
521 0 
522 0 
523 0 
524 0 
525 0 
526 0 
527 0 
528 0 
529 0 
530 0 
531 0 
532 0 
533 0 
534 0 
535 0 
536 0 
537 0 
538 0 
539 0 
540 0 
541 0 
542 0 
543 0 
544 0 
545 0 
546 0 
547 0 
548 0 
549 0 
550 0 
551 0 
552 0 
553 0 
554 0 
555 0 
556 0 
557 0 
558 0 
559 0 
560 0 
561 0 
562 0 
563 0 
564 0 
565 0 
566 0 
567 0 
568 0 
569 0 
570 0 
571 0 
572 0 
573 0 
574 0 
575 0 
576 0 
577 0 
578 0 
579 0 
580 0 
581 0 
582 0 
583 0 
584 0 
585 0 
586 0 
587 0 
588 0 
589 0 
590 0 
591 0 
592 0 
593 0 
594 0 
595 0 
596 0 
597 0 
598 0 
599 0 
600 0 
601 0 
602 0 
603 0 
604 0 
605 0 
606 0 
607 0 
608 0 
609 0 
610 0 
611 0 
612 0 
613 0 
614 0 
615 0 
616 0 
617 0 
618 0 
619 0 
620 0 
621 0 
622 0 
623 0 
624 0 
625 0 
626 0 
627 0 
628 0 
629 0 
630 0 
631 0 
632 0 
633 0 
634 0 
635 0 
636 0 
637 0 
638 0 
639 0 
640 0 
641 0 
642 0 
643 0 
644 0 
645 0 
646 0 
647 0 
648 0 
649 0 
650 0 
651 0 
652 0 
653 0 
654 0 
655 0 
656 0 
657 0 
658 0 
659 0 
660 0 
661 0 
662 0 
663 0 
664 0 
665 0 
666 0 
667 0 
668 0 
669 0 
670 0 
671 0 
672 0 
673 0 
674 0 
675 0 
676 0 
677 0 
678 0 
679 0 
680 0 
681 0 
682 0 
683 0 
684 0 
685 0 
686 0 
687 0 
688 0 
689 0 
690 0 
691 0 
692 0 
693 0 
694 0 
695 0 
696 0 
697 0 
698 0 
699 0 
700 0 
701 0 
702 0 
703 0 
704 0 
705 0 
706 0 
707 0 
708 0 
709 0 
710 0 
711 0 
712 0 
713 0 
714 0 
715 0 
716 0 
717 0 
718 0 
719 0 
720 0 
721 0 
722 0 
723 0 
724 0 
725 0 
726 0 
727 0 
728 0 
729 0 
730 0 
731 0 
732 0 
733 0 
734 0 
735 0 
736 0 
737 0 
738 0 
739 0 
740 0 
741 0 
742 0 
743 0 
744 0 
745 0 
746 0 
747 0 
748 0 
749 0 
750 0 
751 0 
752 0 
753 0 
754 0 
755 0 
756 0 
757 0 
758 0 
759 0 
760 0 
761 0 
762 0 
763 0 
764 0 
765 0 
766 0 
767 0 
768 0 
769 0 
770 0 
771 0 
772 0 
773 0 
774 0 
775 0 
776 0 
777 0 
778 0 
779 0 
780 0 
781 0 
782 0 
783 0 
784 0 
785 0 
786 0 
787 0 
788 0 
789 0 
790 0 
791 0 
792 0 
793 0 
794 0 
795 0 
796 0 
797 0 
798 0 
799 0 
