0 0 
1 0 
2 0 
3 0 
4 0 
5 0 
6 0 
7 0 
8 0 
9 0 
10 0 
11 0 
12 0 
13 0 
14 0 
15 0 
16 0 
17 0 
18 0 
19 0 
20 0 
21 0 
22 0 
23 0 
24 0 
25 0 
26 0 
27 0 
28 0 
29 0 
30 0 
31 0 
32 0 
33 0 
34 0 
35 0 
36 0 
37 0 
38 0 
39 0 
40 0 
41 0 
42 0 
43 0 
44 0 
45 0 
46 0 
47 0 
48 0 
49 0 
50 0 
51 0 
52 0 
53 0 
54 0 
55 0 
56 0 
57 0 
58 0 
59 0 
60 0 
61 0 
62 0 
63 0 
64 0 
65 0 
66 0 
67 0 
68 0 
69 0 
70 0 
71 0 
72 0 
73 0 
74 0 
75 0 
76 0 
77 0 
78 0 
79 0 
80 0 
81 0 
82 0 
83 0 
84 0 
85 0 
86 0 
87 0 
88 0 
89 0 
90 0 
91 0 
92 0 
93 0 
94 0 
95 0 
96 0 
97 0 
98 0 
99 0 
100 0 
101 0 
102 0 
103 0 
104 0 
105 0 
106 0 
107 0 
108 0 
109 0 
110 0 
111 0 
112 0 
113 0 
114 0 
115 0 
116 0 
117 0 
118 0 
119 0 
120 0 
121 0 
122 0 
123 0 
124 0 
125 0 
126 0 
127 0 
128 0 
129 0 
130 0 
131 0 
132 0 
133 0 
134 0 
135 0 
136 0 
137 0 
138 0 
139 0 
140 0 
141 0 
142 0 
143 0 
144 0 
145 0 
146 0 
147 0 
148 0 
149 0 
150 0 
151 0 
152 0 
153 0 
154 0 
155 0 
156 0 
157 0 
158 0 
159 0 
160 0 
161 0 
162 0 
163 0 
164 0 
165 0 
166 0 
167 0 
168 0 
169 0 
170 0 
171 0 
172 0 
173 0 
174 0 
175 0 
176 0 
177 0 
178 0 
179 0 
180 0 
181 0 
182 0 
183 0 
184 0 
185 0 
186 0 
187 0 
188 0 
189 0 
190 0 
191 0 
192 0 
193 0 
194 0 
195 0 
196 0 
197 0 
198 0 
199 0 
200 0 
201 0 
202 0 
203 0 
204 0 
205 0 
206 0 
207 0 
208 0 
209 0 
210 0 
211 0 
212 0 
213 0 
214 0 
215 0 
216 0 
217 0 
218 0 
219 0 
220 0 
221 0 
222 0 
223 0 
224 0 
225 0 
226 0 
227 0 
228 0 
229 0 
230 0 
231 0 
232 0 
233 0 
234 0 
235 0 
236 0 
237 0 
238 0 
239 0 
240 0 
241 0 
242 0 
243 0 
244 0 
245 0 
246 0 
247 0 
248 0 
249 0 
250 0 
251 0 
252 0 
253 0 
254 0 
255 0 
256 0 
257 0 
258 0 
259 0 
260 0 
261 0 
262 0 
263 0 
264 0 
265 0 
266 0 
267 0 
268 0 
269 0 
270 0 
271 0 
272 0 
273 0 
274 0 
275 0 
276 0 
277 0 
278 0 
279 0 
280 0 
281 0 
282 0 
283 0 
284 0 
285 0 
286 0 
287 0 
288 0 
289 0 
290 0 
291 0 
292 0 
293 0 
294 0 
295 0 
296 0 
297 0 
298 0 
299 0 
300 0 
301 0 
302 0 
303 0 
304 0 
305 0 
306 0 
307 0 
308 0 
309 0 
310 0 
311 0 
312 0 
313 0 
314 0 
315 0 
316 0 
317 0 
318 0 
319 0 
320 0 
321 0 
322 2 
323 6 
324 3 
325 3 
326 12 
327 18 
328 48 
329 56 
330 167 
331 218 
332 356 
333 419 
334 516 
335 701 
336 894 
337 1215 
338 1684 
339 2349 
340 3105 
341 4227 
342 5668 
343 7367 
344 9641 
345 11943 
346 15668 
347 19808 
348 25302 
349 33085 
350 43678 
351 56558 
352 72155 
353 92194 
354 117310 
355 147906 
356 187743 
357 235144 
358 293840 
359 365942 
360 455884 
361 565013 
362 699283 
363 864484 
364 1.06327e+06 
365 1.30186e+06 
366 1.58723e+06 
367 1.93158e+06 
368 2.33594e+06 
369 2.81354e+06 
370 3.37935e+06 
371 4.02878e+06 
372 4.78863e+06 
373 5.67457e+06 
374 6.69616e+06 
375 7.87438e+06 
376 9.24974e+06 
377 1.08132e+07 
378 1.26183e+07 
379 1.46776e+07 
380 1.70185e+07 
381 1.96624e+07 
382 2.26474e+07 
383 2.59778e+07 
384 2.9703e+07 
385 3.38502e+07 
386 3.84296e+07 
387 4.35029e+07 
388 4.90446e+07 
389 5.50613e+07 
390 6.15562e+07 
391 6.86135e+07 
392 7.61716e+07 
393 8.4283e+07 
394 9.29646e+07 
395 1.02174e+08 
396 1.11909e+08 
397 1.22106e+08 
398 1.32863e+08 
399 1.44001e+08 
400 1.55539e+08 
401 1.67189e+08 
402 1.79092e+08 
403 1.91253e+08 
404 2.03625e+08 
405 2.16211e+08 
406 2.28966e+08 
407 2.41758e+08 
408 2.54656e+08 
409 2.6757e+08 
410 2.80466e+08 
411 2.93191e+08 
412 3.05802e+08 
413 3.18076e+08 
414 3.30055e+08 
415 3.41672e+08 
416 3.52864e+08 
417 3.63538e+08 
418 3.73698e+08 
419 3.83114e+08 
420 3.92096e+08 
421 4.00405e+08 
422 4.07913e+08 
423 4.14733e+08 
424 4.20879e+08 
425 4.26329e+08 
426 4.3106e+08 
427 4.35147e+08 
428 4.38591e+08 
429 4.41373e+08 
430 4.43401e+08 
431 4.44713e+08 
432 4.45174e+08 
433 4.44864e+08 
434 4.43661e+08 
435 4.41592e+08 
436 4.38708e+08 
437 4.34849e+08 
438 4.30155e+08 
439 4.24673e+08 
440 4.18431e+08 
441 4.11512e+08 
442 4.0407e+08 
443 3.96044e+08 
444 3.87578e+08 
445 3.78663e+08 
446 3.69472e+08 
447 3.59961e+08 
448 3.50345e+08 
449 3.40491e+08 
450 3.30463e+08 
451 3.20382e+08 
452 3.1021e+08 
453 2.99972e+08 
454 2.89744e+08 
455 2.79531e+08 
456 2.69285e+08 
457 2.59197e+08 
458 2.49194e+08 
459 2.39341e+08 
460 2.29559e+08 
461 2.19875e+08 
462 2.10315e+08 
463 2.00869e+08 
464 1.91529e+08 
465 1.82219e+08 
466 1.73022e+08 
467 1.63816e+08 
468 1.54766e+08 
469 1.4585e+08 
470 1.37037e+08 
471 1.2843e+08 
472 1.20016e+08 
473 1.1182e+08 
474 1.03894e+08 
475 9.63179e+07 
476 8.90649e+07 
477 8.21457e+07 
478 7.55439e+07 
479 6.92934e+07 
480 6.3388e+07 
481 5.78027e+07 
482 5.25529e+07 
483 4.76256e+07 
484 4.30853e+07 
485 3.88319e+07 
486 3.48716e+07 
487 3.12258e+07 
488 2.78698e+07 
489 2.47664e+07 
490 2.19162e+07 
491 1.93076e+07 
492 1.69051e+07 
493 1.47307e+07 
494 1.27679e+07 
495 1.10112e+07 
496 9.44707e+06 
497 8.06581e+06 
498 6.84504e+06 
499 5.76899e+06 
500 4.83098e+06 
501 4.02942e+06 
502 3.34092e+06 
503 2.75884e+06 
504 2.26716e+06 
505 1.85498e+06 
506 1.51182e+06 
507 1.22692e+06 
508 990000 
509 797816 
510 640014 
511 509166 
512 404632 
513 317406 
514 248075 
515 195349 
516 151762 
517 118826 
518 92077 
519 72206 
520 55676 
521 42511 
522 32692 
523 24194 
524 18518 
525 13740 
526 9846 
527 7117 
528 5145 
529 3485 
530 2303 
531 1609 
532 1106 
533 721 
534 573 
535 390 
536 240 
537 153 
538 77 
539 80 
540 50 
541 36 
542 17 
543 7 
544 4 
545 3 
546 2 
547 1 
548 1 
549 2 
550 1 
551 5 
552 0 
553 0 
554 0 
555 0 
556 0 
557 0 
558 0 
559 0 
560 0 
561 0 
562 0 
563 0 
564 0 
565 0 
566 0 
567 0 
568 0 
569 0 
570 0 
571 0 
572 0 
573 0 
574 0 
575 0 
576 0 
577 0 
578 0 
579 0 
580 0 
581 0 
582 0 
583 0 
584 0 
585 0 
586 0 
587 0 
588 0 
589 0 
590 0 
591 0 
592 0 
593 0 
594 0 
595 0 
596 0 
597 0 
598 0 
599 0 
600 0 
601 0 
602 0 
603 0 
604 0 
605 0 
606 0 
607 0 
608 0 
609 0 
610 0 
611 0 
612 0 
613 0 
614 0 
615 0 
616 0 
617 0 
618 0 
619 0 
620 0 
621 0 
622 0 
623 0 
624 0 
625 0 
626 0 
627 0 
628 0 
629 0 
630 0 
631 0 
632 0 
633 0 
634 0 
635 0 
636 0 
637 0 
638 0 
639 0 
640 0 
641 0 
642 0 
643 0 
644 0 
645 0 
646 0 
647 0 
648 0 
649 0 
650 0 
651 0 
652 0 
653 0 
654 0 
655 0 
656 0 
657 0 
658 0 
659 0 
660 0 
661 0 
662 0 
663 0 
664 0 
665 0 
666 0 
667 0 
668 0 
669 0 
670 0 
671 0 
672 0 
673 0 
674 0 
675 0 
676 0 
677 0 
678 0 
679 0 
680 0 
681 0 
682 0 
683 0 
684 0 
685 0 
686 0 
687 0 
688 0 
689 0 
690 0 
691 0 
692 0 
693 0 
694 0 
695 0 
696 0 
697 0 
698 0 
699 0 
700 0 
701 0 
702 0 
703 0 
704 0 
705 0 
706 0 
707 0 
708 0 
709 0 
710 0 
711 0 
712 0 
713 0 
714 0 
715 0 
716 0 
717 0 
718 0 
719 0 
720 0 
721 0 
722 0 
723 0 
724 0 
725 0 
726 0 
727 0 
728 0 
729 0 
730 0 
731 0 
732 0 
733 0 
734 0 
735 0 
736 0 
737 0 
738 0 
739 0 
740 0 
741 0 
742 0 
743 0 
744 0 
745 0 
746 0 
747 0 
748 0 
749 0 
750 0 
751 0 
752 0 
753 0 
754 0 
755 0 
756 0 
757 0 
758 0 
759 0 
760 0 
761 0 
762 0 
763 0 
764 0 
765 0 
766 0 
767 0 
768 0 
769 0 
770 0 
771 0 
772 0 
773 0 
774 0 
775 0 
776 0 
777 0 
778 0 
779 0 
780 0 
781 0 
782 0 
783 0 
784 0 
785 0 
786 0 
787 0 
788 0 
789 0 
790 0 
791 0 
792 0 
793 0 
794 0 
795 0 
796 0 
797 0 
798 0 
799 0 
