0 0 
1 0 
2 0 
3 0 
4 0 
5 0 
6 0 
7 0 
8 0 
9 0 
10 0 
11 0 
12 0 
13 0 
14 0 
15 0 
16 0 
17 0 
18 0 
19 0 
20 0 
21 0 
22 0 
23 0 
24 0 
25 0 
26 0 
27 0 
28 0 
29 0 
30 0 
31 0 
32 0 
33 0 
34 0 
35 0 
36 0 
37 0 
38 0 
39 0 
40 0 
41 0 
42 0 
43 0 
44 0 
45 0 
46 0 
47 0 
48 0 
49 0 
50 0 
51 0 
52 0 
53 0 
54 0 
55 0 
56 0 
57 0 
58 0 
59 0 
60 0 
61 0 
62 0 
63 0 
64 0 
65 0 
66 0 
67 0 
68 0 
69 0 
70 0 
71 0 
72 0 
73 0 
74 0 
75 0 
76 0 
77 0 
78 0 
79 0 
80 0 
81 0 
82 0 
83 0 
84 0 
85 0 
86 0 
87 0 
88 0 
89 0 
90 0 
91 0 
92 0 
93 0 
94 0 
95 0 
96 0 
97 0 
98 0 
99 0 
100 0 
101 0 
102 0 
103 0 
104 0 
105 0 
106 0 
107 0 
108 0 
109 0 
110 0 
111 0 
112 0 
113 0 
114 0 
115 0 
116 0 
117 0 
118 0 
119 0 
120 0 
121 0 
122 0 
123 0 
124 0 
125 0 
126 0 
127 0 
128 0 
129 0 
130 0 
131 0 
132 0 
133 0 
134 0 
135 0 
136 0 
137 0 
138 0 
139 0 
140 0 
141 0 
142 0 
143 0 
144 0 
145 0 
146 0 
147 0 
148 0 
149 0 
150 0 
151 0 
152 0 
153 0 
154 0 
155 0 
156 0 
157 0 
158 0 
159 0 
160 0 
161 0 
162 0 
163 0 
164 0 
165 0 
166 0 
167 0 
168 0 
169 0 
170 0 
171 0 
172 0 
173 0 
174 0 
175 0 
176 0 
177 0 
178 0 
179 0 
180 0 
181 0 
182 0 
183 0 
184 0 
185 0 
186 0 
187 0 
188 0 
189 0 
190 0 
191 0 
192 0 
193 0 
194 0 
195 0 
196 0 
197 0 
198 0 
199 0 
200 0 
201 0 
202 0 
203 0 
204 0 
205 0 
206 0 
207 0 
208 0 
209 0 
210 0 
211 0 
212 0 
213 0 
214 0 
215 0 
216 0 
217 0 
218 0 
219 0 
220 0 
221 0 
222 0 
223 0 
224 0 
225 0 
226 0 
227 0 
228 0 
229 0 
230 0 
231 0 
232 0 
233 0 
234 0 
235 0 
236 0 
237 0 
238 0 
239 0 
240 0 
241 0 
242 0 
243 0 
244 0 
245 0 
246 0 
247 0 
248 0 
249 0 
250 0 
251 0 
252 0 
253 0 
254 0 
255 0 
256 0 
257 0 
258 0 
259 0 
260 0 
261 0 
262 0 
263 0 
264 0 
265 0 
266 0 
267 0 
268 0 
269 0 
270 0 
271 0 
272 0 
273 0 
274 0 
275 0 
276 0 
277 0 
278 0 
279 0 
280 0 
281 0 
282 0 
283 0 
284 0 
285 0 
286 0 
287 0 
288 0 
289 0 
290 0 
291 0 
292 0 
293 0 
294 0 
295 0 
296 0 
297 0 
298 0 
299 0 
300 0 
301 0 
302 0 
303 0 
304 0 
305 0 
306 0 
307 0 
308 0 
309 0 
310 0 
311 0 
312 0 
313 0 
314 0 
315 0 
316 0 
317 0 
318 0 
319 0 
320 0 
321 0 
322 0 
323 0 
324 0 
325 1 
326 7 
327 6 
328 10 
329 18 
330 32 
331 34 
332 46 
333 68 
334 117 
335 180 
336 319 
337 535 
338 864 
339 1187 
340 1698 
341 2573 
342 3624 
343 5092 
344 7252 
345 10043 
346 13501 
347 17704 
348 23427 
349 30789 
350 40909 
351 53639 
352 69624 
353 89060 
354 115688 
355 147422 
356 187448 
357 238911 
358 300938 
359 376745 
360 469843 
361 583945 
362 722086 
363 889457 
364 1.09701e+06 
365 1.35029e+06 
366 1.65463e+06 
367 2.01712e+06 
368 2.44588e+06 
369 2.95861e+06 
370 3.55586e+06 
371 4.26171e+06 
372 5.07087e+06 
373 6.01483e+06 
374 7.11403e+06 
375 8.37642e+06 
376 9.8212e+06 
377 1.14962e+07 
378 1.33989e+07 
379 1.55912e+07 
380 1.808e+07 
381 2.09219e+07 
382 2.41179e+07 
383 2.7706e+07 
384 3.17152e+07 
385 3.61778e+07 
386 4.11225e+07 
387 4.65634e+07 
388 5.25581e+07 
389 5.91222e+07 
390 6.62831e+07 
391 7.40536e+07 
392 8.24759e+07 
393 9.15054e+07 
394 1.01177e+08 
395 1.11449e+08 
396 1.22364e+08 
397 1.33825e+08 
398 1.45759e+08 
399 1.58148e+08 
400 1.70926e+08 
401 1.83818e+08 
402 1.96994e+08 
403 2.10454e+08 
404 2.24061e+08 
405 2.37877e+08 
406 2.5172e+08 
407 2.65591e+08 
408 2.79576e+08 
409 2.9349e+08 
410 3.07287e+08 
411 3.20965e+08 
412 3.34437e+08 
413 3.47616e+08 
414 3.60515e+08 
415 3.73046e+08 
416 3.85177e+08 
417 3.96698e+08 
418 4.07751e+08 
419 4.18187e+08 
420 4.27779e+08 
421 4.3669e+08 
422 4.44676e+08 
423 4.51808e+08 
424 4.5809e+08 
425 4.63416e+08 
426 4.67882e+08 
427 4.71448e+08 
428 4.7417e+08 
429 4.75901e+08 
430 4.76749e+08 
431 4.76644e+08 
432 4.75451e+08 
433 4.73252e+08 
434 4.70113e+08 
435 4.66025e+08 
436 4.61106e+08 
437 4.553e+08 
438 4.48883e+08 
439 4.41734e+08 
440 4.33872e+08 
441 4.25534e+08 
442 4.16514e+08 
443 4.06853e+08 
444 3.9671e+08 
445 3.86008e+08 
446 3.74753e+08 
447 3.63107e+08 
448 3.5102e+08 
449 3.38531e+08 
450 3.25655e+08 
451 3.12531e+08 
452 2.99086e+08 
453 2.85527e+08 
454 2.71879e+08 
455 2.58206e+08 
456 2.44554e+08 
457 2.31006e+08 
458 2.17609e+08 
459 2.04475e+08 
460 1.91606e+08 
461 1.79129e+08 
462 1.67015e+08 
463 1.55366e+08 
464 1.44231e+08 
465 1.3361e+08 
466 1.23547e+08 
467 1.14021e+08 
468 1.04997e+08 
469 9.64997e+07 
470 8.85345e+07 
471 8.1141e+07 
472 7.42142e+07 
473 6.78303e+07 
474 6.19261e+07 
475 5.64481e+07 
476 5.14458e+07 
477 4.67986e+07 
478 4.25053e+07 
479 3.8588e+07 
480 3.49688e+07 
481 3.16259e+07 
482 2.85313e+07 
483 2.5678e+07 
484 2.30513e+07 
485 2.06465e+07 
486 1.84137e+07 
487 1.63759e+07 
488 1.45279e+07 
489 1.28629e+07 
490 1.13623e+07 
491 1.00053e+07 
492 8.78431e+06 
493 7.69387e+06 
494 6.71855e+06 
495 5.84724e+06 
496 5.06664e+06 
497 4.37159e+06 
498 3.7475e+06 
499 3.2032e+06 
500 2.70898e+06 
501 2.27226e+06 
502 1.89763e+06 
503 1.5685e+06 
504 1.28707e+06 
505 1.04782e+06 
506 843511 
507 674772 
508 531990 
509 417978 
510 324077 
511 247527 
512 188935 
513 142394 
514 106985 
515 81584 
516 60914 
517 45991 
518 34267 
519 25561 
520 18985 
521 13442 
522 9747 
523 6841 
524 4998 
525 3521 
526 2416 
527 1774 
528 1148 
529 764 
530 498 
531 311 
532 180 
533 155 
534 90 
535 64 
536 40 
537 20 
538 14 
539 4 
540 3 
541 2 
542 0 
543 0 
544 0 
545 0 
546 0 
547 0 
548 0 
549 0 
550 0 
551 0 
552 0 
553 0 
554 0 
555 0 
556 0 
557 0 
558 0 
559 0 
560 0 
561 0 
562 0 
563 0 
564 0 
565 0 
566 0 
567 0 
568 0 
569 0 
570 0 
571 0 
572 0 
573 0 
574 0 
575 0 
576 0 
577 0 
578 0 
579 0 
580 0 
581 0 
582 0 
583 0 
584 0 
585 0 
586 0 
587 0 
588 0 
589 0 
590 0 
591 0 
592 0 
593 0 
594 0 
595 0 
596 0 
597 0 
598 0 
599 0 
600 0 
601 0 
602 0 
603 0 
604 0 
605 0 
606 0 
607 0 
608 0 
609 0 
610 0 
611 0 
612 0 
613 0 
614 0 
615 0 
616 0 
617 0 
618 0 
619 0 
620 0 
621 0 
622 0 
623 0 
624 0 
625 0 
626 0 
627 0 
628 0 
629 0 
630 0 
631 0 
632 0 
633 0 
634 0 
635 0 
636 0 
637 0 
638 0 
639 0 
640 0 
641 0 
642 0 
643 0 
644 0 
645 0 
646 0 
647 0 
648 0 
649 0 
650 0 
651 0 
652 0 
653 0 
654 0 
655 0 
656 0 
657 0 
658 0 
659 0 
660 0 
661 0 
662 0 
663 0 
664 0 
665 0 
666 0 
667 0 
668 0 
669 0 
670 0 
671 0 
672 0 
673 0 
674 0 
675 0 
676 0 
677 0 
678 0 
679 0 
680 0 
681 0 
682 0 
683 0 
684 0 
685 0 
686 0 
687 0 
688 0 
689 0 
690 0 
691 0 
692 0 
693 0 
694 0 
695 0 
696 0 
697 0 
698 0 
699 0 
700 0 
701 0 
702 0 
703 0 
704 0 
705 0 
706 0 
707 0 
708 0 
709 0 
710 0 
711 0 
712 0 
713 0 
714 0 
715 0 
716 0 
717 0 
718 0 
719 0 
720 0 
721 0 
722 0 
723 0 
724 0 
725 0 
726 0 
727 0 
728 0 
729 0 
730 0 
731 0 
732 0 
733 0 
734 0 
735 0 
736 0 
737 0 
738 0 
739 0 
740 0 
741 0 
742 0 
743 0 
744 0 
745 0 
746 0 
747 0 
748 0 
749 0 
750 0 
751 0 
752 0 
753 0 
754 0 
755 0 
756 0 
757 0 
758 0 
759 0 
760 0 
761 0 
762 0 
763 0 
764 0 
765 0 
766 0 
767 0 
768 0 
769 0 
770 0 
771 0 
772 0 
773 0 
774 0 
775 0 
776 0 
777 0 
778 0 
779 0 
780 0 
781 0 
782 0 
783 0 
784 0 
785 0 
786 0 
787 0 
788 0 
789 0 
790 0 
791 0 
792 0 
793 0 
794 0 
795 0 
796 0 
797 0 
798 0 
799 0 
