0 0 
1 0 
2 0 
3 0 
4 0 
5 0 
6 0 
7 0 
8 0 
9 0 
10 0 
11 0 
12 0 
13 0 
14 0 
15 0 
16 0 
17 0 
18 0 
19 0 
20 0 
21 0 
22 0 
23 0 
24 0 
25 0 
26 0 
27 0 
28 0 
29 0 
30 0 
31 0 
32 0 
33 0 
34 0 
35 0 
36 0 
37 0 
38 0 
39 0 
40 0 
41 0 
42 0 
43 0 
44 0 
45 0 
46 0 
47 0 
48 0 
49 0 
50 0 
51 0 
52 0 
53 0 
54 0 
55 0 
56 0 
57 0 
58 0 
59 0 
60 0 
61 0 
62 0 
63 0 
64 0 
65 0 
66 0 
67 0 
68 0 
69 0 
70 0 
71 0 
72 0 
73 0 
74 0 
75 0 
76 0 
77 0 
78 0 
79 0 
80 0 
81 0 
82 0 
83 0 
84 0 
85 0 
86 0 
87 0 
88 0 
89 0 
90 0 
91 0 
92 0 
93 0 
94 0 
95 0 
96 0 
97 0 
98 0 
99 0 
100 0 
101 0 
102 0 
103 0 
104 0 
105 0 
106 0 
107 0 
108 0 
109 0 
110 0 
111 0 
112 0 
113 0 
114 0 
115 0 
116 0 
117 0 
118 0 
119 0 
120 0 
121 0 
122 0 
123 0 
124 0 
125 0 
126 0 
127 0 
128 0 
129 0 
130 0 
131 0 
132 0 
133 0 
134 0 
135 0 
136 0 
137 0 
138 0 
139 0 
140 0 
141 0 
142 0 
143 0 
144 0 
145 0 
146 0 
147 0 
148 0 
149 0 
150 0 
151 0 
152 0 
153 0 
154 0 
155 0 
156 0 
157 0 
158 0 
159 0 
160 0 
161 0 
162 0 
163 0 
164 0 
165 0 
166 0 
167 0 
168 0 
169 0 
170 0 
171 0 
172 0 
173 0 
174 0 
175 0 
176 0 
177 0 
178 0 
179 0 
180 0 
181 0 
182 0 
183 0 
184 0 
185 0 
186 0 
187 0 
188 0 
189 0 
190 0 
191 0 
192 0 
193 0 
194 0 
195 0 
196 0 
197 0 
198 0 
199 0 
200 0 
201 0 
202 0 
203 0 
204 0 
205 0 
206 0 
207 0 
208 0 
209 0 
210 0 
211 0 
212 0 
213 0 
214 0 
215 0 
216 0 
217 0 
218 0 
219 0 
220 0 
221 0 
222 0 
223 0 
224 0 
225 0 
226 0 
227 0 
228 0 
229 0 
230 0 
231 0 
232 0 
233 0 
234 0 
235 0 
236 0 
237 0 
238 0 
239 0 
240 0 
241 0 
242 0 
243 0 
244 0 
245 0 
246 0 
247 0 
248 0 
249 0 
250 0 
251 0 
252 0 
253 0 
254 0 
255 0 
256 0 
257 0 
258 0 
259 0 
260 0 
261 0 
262 0 
263 0 
264 0 
265 0 
266 0 
267 0 
268 0 
269 0 
270 0 
271 0 
272 0 
273 0 
274 0 
275 0 
276 0 
277 0 
278 0 
279 0 
280 0 
281 0 
282 0 
283 0 
284 0 
285 0 
286 0 
287 0 
288 0 
289 0 
290 0 
291 0 
292 0 
293 0 
294 0 
295 0 
296 0 
297 0 
298 0 
299 0 
300 0 
301 0 
302 0 
303 0 
304 0 
305 0 
306 0 
307 0 
308 0 
309 0 
310 0 
311 0 
312 0 
313 0 
314 0 
315 0 
316 0 
317 0 
318 0 
319 0 
320 0 
321 0 
322 0 
323 0 
324 0 
325 0 
326 0 
327 0 
328 0 
329 0 
330 0 
331 0 
332 0 
333 0 
334 0 
335 0 
336 0 
337 0 
338 0 
339 0 
340 0 
341 0 
342 0 
343 0 
344 0 
345 0 
346 0 
347 1 
348 4 
349 11 
350 17 
351 14 
352 17 
353 22 
354 43 
355 53 
356 45 
357 93 
358 130 
359 234 
360 421 
361 654 
362 1029 
363 1689 
364 2665 
365 4286 
366 6606 
367 10422 
368 16025 
369 23840 
370 35764 
371 51115 
372 73685 
373 105213 
374 150535 
375 212237 
376 300131 
377 420732 
378 581205 
379 795447 
380 1.08219e+06 
381 1.44883e+06 
382 1.92174e+06 
383 2.51944e+06 
384 3.27435e+06 
385 4.2091e+06 
386 5.35711e+06 
387 6.76722e+06 
388 8.46721e+06 
389 1.05132e+07 
390 1.29732e+07 
391 1.58973e+07 
392 1.9401e+07 
393 2.35664e+07 
394 2.85091e+07 
395 3.43066e+07 
396 4.10613e+07 
397 4.88814e+07 
398 5.78817e+07 
399 6.81347e+07 
400 7.97128e+07 
401 9.25763e+07 
402 1.06801e+08 
403 1.22398e+08 
404 1.39366e+08 
405 1.57666e+08 
406 1.77396e+08 
407 1.98482e+08 
408 2.21029e+08 
409 2.44923e+08 
410 2.69916e+08 
411 2.95829e+08 
412 3.22358e+08 
413 3.49309e+08 
414 3.76451e+08 
415 4.03569e+08 
416 4.3053e+08 
417 4.57022e+08 
418 4.82846e+08 
419 5.07622e+08 
420 5.3131e+08 
421 5.53734e+08 
422 5.74579e+08 
423 5.93612e+08 
424 6.1053e+08 
425 6.2499e+08 
426 6.36892e+08 
427 6.45941e+08 
428 6.52051e+08 
429 6.55288e+08 
430 6.55697e+08 
431 6.53327e+08 
432 6.48193e+08 
433 6.40433e+08 
434 6.30298e+08 
435 6.17776e+08 
436 6.03328e+08 
437 5.86846e+08 
438 5.68724e+08 
439 5.49151e+08 
440 5.2836e+08 
441 5.06597e+08 
442 4.84073e+08 
443 4.61015e+08 
444 4.3756e+08 
445 4.14011e+08 
446 3.90496e+08 
447 3.6718e+08 
448 3.4427e+08 
449 3.21863e+08 
450 3.0002e+08 
451 2.78868e+08 
452 2.58439e+08 
453 2.38748e+08 
454 2.19808e+08 
455 2.01776e+08 
456 1.84691e+08 
457 1.68644e+08 
458 1.53632e+08 
459 1.39687e+08 
460 1.26786e+08 
461 1.14891e+08 
462 1.03894e+08 
463 9.37755e+07 
464 8.44848e+07 
465 7.59498e+07 
466 6.81315e+07 
467 6.09466e+07 
468 5.43755e+07 
469 4.83602e+07 
470 4.28517e+07 
471 3.78312e+07 
472 3.32698e+07 
473 2.91105e+07 
474 2.53728e+07 
475 2.2e+07 
476 1.89606e+07 
477 1.62271e+07 
478 1.37838e+07 
479 1.1626e+07 
480 9.72725e+06 
481 8.06834e+06 
482 6.62432e+06 
483 5.39549e+06 
484 4.36122e+06 
485 3.50332e+06 
486 2.78645e+06 
487 2.20677e+06 
488 1.73454e+06 
489 1.3553e+06 
490 1.05057e+06 
491 810417 
492 622038 
493 475254 
494 362331 
495 276071 
496 209184 
497 157388 
498 117798 
499 87228 
500 63614 
501 46582 
502 33464 
503 24573 
504 17836 
505 13102 
506 9696 
507 6975 
508 5048 
509 3345 
510 2032 
511 1276 
512 759 
513 458 
514 257 
515 172 
516 92 
517 60 
518 27 
519 5 
520 6 
521 2 
522 1 
523 0 
524 0 
525 0 
526 0 
527 0 
528 0 
529 0 
530 0 
531 0 
532 0 
533 0 
534 0 
535 0 
536 0 
537 0 
538 0 
539 0 
540 0 
541 0 
542 0 
543 0 
544 0 
545 0 
546 0 
547 0 
548 0 
549 0 
550 0 
551 0 
552 0 
553 0 
554 0 
555 0 
556 0 
557 0 
558 0 
559 0 
560 0 
561 0 
562 0 
563 0 
564 0 
565 0 
566 0 
567 0 
568 0 
569 0 
570 0 
571 0 
572 0 
573 0 
574 0 
575 0 
576 0 
577 0 
578 0 
579 0 
580 0 
581 0 
582 0 
583 0 
584 0 
585 0 
586 0 
587 0 
588 0 
589 0 
590 0 
591 0 
592 0 
593 0 
594 0 
595 0 
596 0 
597 0 
598 0 
599 0 
600 0 
601 0 
602 0 
603 0 
604 0 
605 0 
606 0 
607 0 
608 0 
609 0 
610 0 
611 0 
612 0 
613 0 
614 0 
615 0 
616 0 
617 0 
618 0 
619 0 
620 0 
621 0 
622 0 
623 0 
624 0 
625 0 
626 0 
627 0 
628 0 
629 0 
630 0 
631 0 
632 0 
633 0 
634 0 
635 0 
636 0 
637 0 
638 0 
639 0 
640 0 
641 0 
642 0 
643 0 
644 0 
645 0 
646 0 
647 0 
648 0 
649 0 
650 0 
651 0 
652 0 
653 0 
654 0 
655 0 
656 0 
657 0 
658 0 
659 0 
660 0 
661 0 
662 0 
663 0 
664 0 
665 0 
666 0 
667 0 
668 0 
669 0 
670 0 
671 0 
672 0 
673 0 
674 0 
675 0 
676 0 
677 0 
678 0 
679 0 
680 0 
681 0 
682 0 
683 0 
684 0 
685 0 
686 0 
687 0 
688 0 
689 0 
690 0 
691 0 
692 0 
693 0 
694 0 
695 0 
696 0 
697 0 
698 0 
699 0 
700 0 
701 0 
702 0 
703 0 
704 0 
705 0 
706 0 
707 0 
708 0 
709 0 
710 0 
711 0 
712 0 
713 0 
714 0 
715 0 
716 0 
717 0 
718 0 
719 0 
720 0 
721 0 
722 0 
723 0 
724 0 
725 0 
726 0 
727 0 
728 0 
729 0 
730 0 
731 0 
732 0 
733 0 
734 0 
735 0 
736 0 
737 0 
738 0 
739 0 
740 0 
741 0 
742 0 
743 0 
744 0 
745 0 
746 0 
747 0 
748 0 
749 0 
750 0 
751 0 
752 0 
753 0 
754 0 
755 0 
756 0 
757 0 
758 0 
759 0 
760 0 
761 0 
762 0 
763 0 
764 0 
765 0 
766 0 
767 0 
768 0 
769 0 
770 0 
771 0 
772 0 
773 0 
774 0 
775 0 
776 0 
777 0 
778 0 
779 0 
780 0 
781 0 
782 0 
783 0 
784 0 
785 0 
786 0 
787 0 
788 0 
789 0 
790 0 
791 0 
792 0 
793 0 
794 0 
795 0 
796 0 
797 0 
798 0 
799 0 
