0 0 
1 0 
2 0 
3 0 
4 0 
5 0 
6 0 
7 0 
8 0 
9 0 
10 0 
11 0 
12 0 
13 0 
14 0 
15 0 
16 0 
17 0 
18 0 
19 0 
20 0 
21 0 
22 0 
23 0 
24 0 
25 0 
26 0 
27 0 
28 0 
29 0 
30 0 
31 0 
32 0 
33 0 
34 0 
35 0 
36 0 
37 0 
38 0 
39 0 
40 0 
41 0 
42 0 
43 0 
44 0 
45 0 
46 0 
47 0 
48 0 
49 0 
50 0 
51 0 
52 0 
53 0 
54 0 
55 0 
56 0 
57 0 
58 0 
59 0 
60 0 
61 0 
62 0 
63 0 
64 0 
65 0 
66 0 
67 0 
68 0 
69 0 
70 0 
71 0 
72 0 
73 0 
74 0 
75 0 
76 0 
77 0 
78 0 
79 0 
80 0 
81 0 
82 0 
83 0 
84 0 
85 0 
86 0 
87 0 
88 0 
89 0 
90 0 
91 0 
92 0 
93 0 
94 0 
95 0 
96 0 
97 0 
98 0 
99 0 
100 0 
101 0 
102 0 
103 0 
104 0 
105 0 
106 0 
107 0 
108 0 
109 0 
110 0 
111 0 
112 0 
113 0 
114 0 
115 0 
116 0 
117 0 
118 0 
119 0 
120 0 
121 0 
122 0 
123 0 
124 0 
125 0 
126 0 
127 0 
128 0 
129 0 
130 0 
131 0 
132 0 
133 0 
134 0 
135 0 
136 0 
137 0 
138 0 
139 0 
140 0 
141 0 
142 0 
143 0 
144 0 
145 0 
146 0 
147 0 
148 0 
149 0 
150 0 
151 0 
152 0 
153 0 
154 0 
155 0 
156 0 
157 0 
158 0 
159 0 
160 0 
161 0 
162 0 
163 0 
164 0 
165 0 
166 0 
167 0 
168 0 
169 0 
170 0 
171 0 
172 0 
173 0 
174 0 
175 0 
176 0 
177 0 
178 0 
179 0 
180 0 
181 0 
182 0 
183 0 
184 0 
185 0 
186 0 
187 0 
188 0 
189 0 
190 0 
191 0 
192 0 
193 0 
194 0 
195 0 
196 0 
197 0 
198 0 
199 0 
200 0 
201 0 
202 0 
203 0 
204 0 
205 0 
206 0 
207 0 
208 0 
209 0 
210 0 
211 0 
212 0 
213 0 
214 0 
215 0 
216 0 
217 0 
218 0 
219 0 
220 0 
221 0 
222 0 
223 0 
224 0 
225 0 
226 0 
227 0 
228 0 
229 0 
230 0 
231 0 
232 0 
233 0 
234 0 
235 0 
236 0 
237 0 
238 0 
239 0 
240 0 
241 0 
242 0 
243 0 
244 0 
245 0 
246 0 
247 0 
248 0 
249 0 
250 0 
251 0 
252 0 
253 0 
254 0 
255 0 
256 0 
257 0 
258 0 
259 0 
260 0 
261 0 
262 0 
263 0 
264 0 
265 0 
266 0 
267 0 
268 0 
269 0 
270 0 
271 0 
272 0 
273 0 
274 0 
275 0 
276 0 
277 0 
278 0 
279 0 
280 0 
281 0 
282 0 
283 0 
284 0 
285 0 
286 0 
287 0 
288 0 
289 0 
290 0 
291 0 
292 0 
293 0 
294 0 
295 0 
296 0 
297 0 
298 0 
299 0 
300 0 
301 0 
302 0 
303 0 
304 0 
305 0 
306 0 
307 0 
308 0 
309 0 
310 0 
311 0 
312 0 
313 0 
314 0 
315 0 
316 0 
317 0 
318 0 
319 0 
320 0 
321 0 
322 0 
323 0 
324 0 
325 0 
326 0 
327 0 
328 0 
329 2 
330 8 
331 15 
332 21 
333 34 
334 73 
335 111 
336 163 
337 232 
338 383 
339 571 
340 853 
341 1450 
342 2114 
343 3179 
344 4353 
345 6165 
346 8482 
347 11065 
348 14748 
349 19793 
350 25561 
351 33154 
352 42559 
353 55206 
354 71441 
355 91908 
356 116901 
357 147671 
358 183672 
359 228025 
360 281604 
361 344093 
362 421726 
363 511849 
364 624548 
365 761836 
366 928972 
367 1.13207e+06 
368 1.37708e+06 
369 1.66718e+06 
370 2.00739e+06 
371 2.40828e+06 
372 2.86781e+06 
373 3.40165e+06 
374 4.008e+06 
375 4.69703e+06 
376 5.47054e+06 
377 6.33994e+06 
378 7.3157e+06 
379 8.40274e+06 
380 9.6003e+06 
381 1.09188e+07 
382 1.23351e+07 
383 1.38747e+07 
384 1.55105e+07 
385 1.72742e+07 
386 1.9147e+07 
387 2.11109e+07 
388 2.31992e+07 
389 2.54162e+07 
390 2.77426e+07 
391 3.01781e+07 
392 3.27611e+07 
393 3.54665e+07 
394 3.82963e+07 
395 4.12207e+07 
396 4.42428e+07 
397 4.73938e+07 
398 5.06474e+07 
399 5.40325e+07 
400 5.7495e+07 
401 6.10666e+07 
402 6.46863e+07 
403 6.83879e+07 
404 7.21887e+07 
405 7.60199e+07 
406 7.98637e+07 
407 8.36911e+07 
408 8.753e+07 
409 9.13982e+07 
410 9.52905e+07 
411 9.92202e+07 
412 1.0321e+08 
413 1.07265e+08 
414 1.11431e+08 
415 1.15663e+08 
416 1.20037e+08 
417 1.24562e+08 
418 1.2919e+08 
419 1.3394e+08 
420 1.38812e+08 
421 1.43857e+08 
422 1.48966e+08 
423 1.54153e+08 
424 1.59478e+08 
425 1.64879e+08 
426 1.704e+08 
427 1.76041e+08 
428 1.81726e+08 
429 1.87589e+08 
430 1.93583e+08 
431 1.99656e+08 
432 2.05869e+08 
433 2.12143e+08 
434 2.18515e+08 
435 2.24915e+08 
436 2.31267e+08 
437 2.37604e+08 
438 2.43989e+08 
439 2.50313e+08 
440 2.56584e+08 
441 2.62776e+08 
442 2.68847e+08 
443 2.74826e+08 
444 2.80598e+08 
445 2.86274e+08 
446 2.91782e+08 
447 2.97118e+08 
448 3.02336e+08 
449 3.07408e+08 
450 3.12197e+08 
451 3.16826e+08 
452 3.21167e+08 
453 3.25268e+08 
454 3.29144e+08 
455 3.32764e+08 
456 3.36027e+08 
457 3.38919e+08 
458 3.41373e+08 
459 3.4341e+08 
460 3.44987e+08 
461 3.4616e+08 
462 3.46899e+08 
463 3.47221e+08 
464 3.47131e+08 
465 3.46536e+08 
466 3.45552e+08 
467 3.44115e+08 
468 3.42273e+08 
469 3.40139e+08 
470 3.37588e+08 
471 3.34728e+08 
472 3.31613e+08 
473 3.28126e+08 
474 3.24311e+08 
475 3.20217e+08 
476 3.15779e+08 
477 3.10997e+08 
478 3.05934e+08 
479 3.0053e+08 
480 2.95003e+08 
481 2.89142e+08 
482 2.8302e+08 
483 2.76742e+08 
484 2.70231e+08 
485 2.63565e+08 
486 2.56668e+08 
487 2.49645e+08 
488 2.42412e+08 
489 2.35067e+08 
490 2.27602e+08 
491 2.19926e+08 
492 2.12174e+08 
493 2.04232e+08 
494 1.96149e+08 
495 1.88054e+08 
496 1.79896e+08 
497 1.71532e+08 
498 1.63217e+08 
499 1.54959e+08 
500 1.46825e+08 
501 1.3877e+08 
502 1.30795e+08 
503 1.22955e+08 
504 1.15273e+08 
505 1.07757e+08 
506 1.00529e+08 
507 9.35358e+07 
508 8.68263e+07 
509 8.04107e+07 
510 7.42618e+07 
511 6.8456e+07 
512 6.29519e+07 
513 5.77106e+07 
514 5.27682e+07 
515 4.80964e+07 
516 4.36573e+07 
517 3.94941e+07 
518 3.55922e+07 
519 3.19755e+07 
520 2.86242e+07 
521 2.55284e+07 
522 2.27067e+07 
523 2.01667e+07 
524 1.78736e+07 
525 1.5805e+07 
526 1.39765e+07 
527 1.23302e+07 
528 1.08768e+07 
529 9.58795e+06 
530 8.4362e+06 
531 7.41842e+06 
532 6.51442e+06 
533 5.7218e+06 
534 5.01909e+06 
535 4.39968e+06 
536 3.86333e+06 
537 3.38445e+06 
538 2.97109e+06 
539 2.60215e+06 
540 2.27789e+06 
541 1.99277e+06 
542 1.73806e+06 
543 1.5083e+06 
544 1.30059e+06 
545 1.11634e+06 
546 951761 
547 806857 
548 682258 
549 570865 
550 478271 
551 399743 
552 328781 
553 270001 
554 220796 
555 179606 
556 146319 
557 118591 
558 95519 
559 77431 
560 61615 
561 48164 
562 38489 
563 30407 
564 23804 
565 18848 
566 14392 
567 11113 
568 8390 
569 6080 
570 4620 
571 3194 
572 2409 
573 1720 
574 1280 
575 952 
576 685 
577 554 
578 426 
579 244 
580 156 
581 110 
582 62 
583 65 
584 51 
585 26 
586 10 
587 9 
588 5 
589 2 
590 0 
591 0 
592 0 
593 0 
594 0 
595 0 
596 0 
597 0 
598 0 
599 0 
600 0 
601 0 
602 0 
603 0 
604 0 
605 0 
606 0 
607 0 
608 0 
609 0 
610 0 
611 0 
612 0 
613 0 
614 0 
615 0 
616 0 
617 0 
618 0 
619 0 
620 0 
621 0 
622 0 
623 0 
624 0 
625 0 
626 0 
627 0 
628 0 
629 0 
630 0 
631 0 
632 0 
633 0 
634 0 
635 0 
636 0 
637 0 
638 0 
639 0 
640 0 
641 0 
642 0 
643 0 
644 0 
645 0 
646 0 
647 0 
648 0 
649 0 
650 0 
651 0 
652 0 
653 0 
654 0 
655 0 
656 0 
657 0 
658 0 
659 0 
660 0 
661 0 
662 0 
663 0 
664 0 
665 0 
666 0 
667 0 
668 0 
669 0 
670 0 
671 0 
672 0 
673 0 
674 0 
675 0 
676 0 
677 0 
678 0 
679 0 
680 0 
681 0 
682 0 
683 0 
684 0 
685 0 
686 0 
687 0 
688 0 
689 0 
690 0 
691 0 
692 0 
693 0 
694 0 
695 0 
696 0 
697 0 
698 0 
699 0 
700 0 
701 0 
702 0 
703 0 
704 0 
705 0 
706 0 
707 0 
708 0 
709 0 
710 0 
711 0 
712 0 
713 0 
714 0 
715 0 
716 0 
717 0 
718 0 
719 0 
720 0 
721 0 
722 0 
723 0 
724 0 
725 0 
726 0 
727 0 
728 0 
729 0 
730 0 
731 0 
732 0 
733 0 
734 0 
735 0 
736 0 
737 0 
738 0 
739 0 
740 0 
741 0 
742 0 
743 0 
744 0 
745 0 
746 0 
747 0 
748 0 
749 0 
750 0 
751 0 
752 0 
753 0 
754 0 
755 0 
756 0 
757 0 
758 0 
759 0 
760 0 
761 0 
762 0 
763 0 
764 0 
765 0 
766 0 
767 0 
768 0 
769 0 
770 0 
771 0 
772 0 
773 0 
774 0 
775 0 
776 0 
777 0 
778 0 
779 0 
780 0 
781 0 
782 0 
783 0 
784 0 
785 0 
786 0 
787 0 
788 0 
789 0 
790 0 
791 0 
792 0 
793 0 
794 0 
795 0 
796 0 
797 0 
798 0 
799 0 
