0 0 
1 0 
2 0 
3 0 
4 0 
5 0 
6 0 
7 0 
8 0 
9 0 
10 0 
11 0 
12 0 
13 0 
14 0 
15 0 
16 0 
17 0 
18 0 
19 0 
20 0 
21 0 
22 0 
23 0 
24 0 
25 0 
26 0 
27 0 
28 0 
29 0 
30 0 
31 0 
32 0 
33 0 
34 0 
35 0 
36 0 
37 0 
38 0 
39 0 
40 0 
41 0 
42 0 
43 0 
44 0 
45 0 
46 0 
47 0 
48 0 
49 0 
50 0 
51 0 
52 0 
53 0 
54 0 
55 0 
56 0 
57 0 
58 0 
59 0 
60 0 
61 0 
62 0 
63 0 
64 0 
65 0 
66 0 
67 0 
68 0 
69 0 
70 0 
71 0 
72 0 
73 0 
74 0 
75 0 
76 0 
77 0 
78 0 
79 0 
80 0 
81 0 
82 0 
83 0 
84 0 
85 0 
86 0 
87 0 
88 0 
89 0 
90 0 
91 0 
92 0 
93 0 
94 0 
95 0 
96 0 
97 0 
98 0 
99 0 
100 0 
101 0 
102 0 
103 0 
104 0 
105 0 
106 0 
107 0 
108 0 
109 0 
110 0 
111 0 
112 0 
113 0 
114 0 
115 0 
116 0 
117 0 
118 0 
119 0 
120 0 
121 0 
122 0 
123 0 
124 0 
125 0 
126 0 
127 0 
128 0 
129 0 
130 0 
131 0 
132 0 
133 0 
134 0 
135 0 
136 0 
137 0 
138 0 
139 0 
140 0 
141 0 
142 0 
143 0 
144 0 
145 0 
146 0 
147 0 
148 0 
149 0 
150 0 
151 0 
152 0 
153 0 
154 0 
155 0 
156 0 
157 0 
158 0 
159 0 
160 0 
161 0 
162 0 
163 0 
164 0 
165 0 
166 0 
167 0 
168 0 
169 0 
170 0 
171 0 
172 0 
173 0 
174 0 
175 0 
176 0 
177 0 
178 0 
179 0 
180 0 
181 0 
182 0 
183 0 
184 0 
185 0 
186 0 
187 0 
188 0 
189 0 
190 0 
191 0 
192 0 
193 0 
194 0 
195 0 
196 0 
197 0 
198 0 
199 0 
200 0 
201 0 
202 0 
203 0 
204 0 
205 0 
206 0 
207 0 
208 0 
209 0 
210 0 
211 0 
212 0 
213 0 
214 0 
215 0 
216 0 
217 0 
218 0 
219 0 
220 0 
221 0 
222 0 
223 0 
224 0 
225 0 
226 0 
227 0 
228 0 
229 0 
230 0 
231 0 
232 0 
233 0 
234 0 
235 0 
236 0 
237 0 
238 0 
239 0 
240 0 
241 0 
242 0 
243 0 
244 0 
245 0 
246 0 
247 0 
248 0 
249 0 
250 0 
251 0 
252 0 
253 0 
254 0 
255 0 
256 0 
257 0 
258 0 
259 0 
260 0 
261 0 
262 0 
263 0 
264 0 
265 0 
266 0 
267 0 
268 0 
269 0 
270 0 
271 0 
272 0 
273 0 
274 0 
275 0 
276 0 
277 0 
278 0 
279 0 
280 0 
281 0 
282 0 
283 0 
284 0 
285 0 
286 0 
287 0 
288 0 
289 0 
290 0 
291 0 
292 0 
293 0 
294 0 
295 0 
296 0 
297 0 
298 0 
299 0 
300 0 
301 0 
302 0 
303 0 
304 0 
305 0 
306 0 
307 0 
308 0 
309 0 
310 0 
311 0 
312 0 
313 0 
314 0 
315 0 
316 0 
317 0 
318 0 
319 0 
320 0 
321 0 
322 0 
323 0 
324 0 
325 0 
326 0 
327 0 
328 0 
329 0 
330 0 
331 0 
332 0 
333 0 
334 0 
335 0 
336 0 
337 0 
338 0 
339 0 
340 0 
341 0 
342 1 
343 3 
344 5 
345 1 
346 2 
347 7 
348 4 
349 3 
350 16 
351 23 
352 22 
353 15 
354 15 
355 33 
356 31 
357 67 
358 135 
359 185 
360 360 
361 589 
362 1026 
363 1462 
364 2161 
365 2790 
366 4086 
367 5818 
368 8059 
369 11282 
370 15565 
371 21983 
372 30102 
373 41284 
374 55439 
375 73408 
376 96380 
377 125922 
378 163201 
379 211221 
380 268109 
381 338285 
382 420663 
383 518633 
384 637462 
385 784297 
386 955837 
387 1.15735e+06 
388 1.38493e+06 
389 1.6561e+06 
390 1.96918e+06 
391 2.3287e+06 
392 2.75324e+06 
393 3.23381e+06 
394 3.79127e+06 
395 4.4238e+06 
396 5.15247e+06 
397 5.97845e+06 
398 6.92477e+06 
399 7.99257e+06 
400 9.2112e+06 
401 1.05849e+07 
402 1.21328e+07 
403 1.38589e+07 
404 1.57825e+07 
405 1.78917e+07 
406 2.02247e+07 
407 2.27874e+07 
408 2.55833e+07 
409 2.86481e+07 
410 3.19709e+07 
411 3.55935e+07 
412 3.94837e+07 
413 4.37393e+07 
414 4.83574e+07 
415 5.33511e+07 
416 5.87576e+07 
417 6.45225e+07 
418 7.07412e+07 
419 7.73518e+07 
420 8.43457e+07 
421 9.17536e+07 
422 9.95397e+07 
423 1.07764e+08 
424 1.16412e+08 
425 1.25448e+08 
426 1.34871e+08 
427 1.44677e+08 
428 1.54809e+08 
429 1.65248e+08 
430 1.75922e+08 
431 1.86836e+08 
432 1.9792e+08 
433 2.09198e+08 
434 2.20606e+08 
435 2.32331e+08 
436 2.44152e+08 
437 2.56173e+08 
438 2.68306e+08 
439 2.80528e+08 
440 2.92773e+08 
441 3.05135e+08 
442 3.17501e+08 
443 3.29869e+08 
444 3.42196e+08 
445 3.54462e+08 
446 3.66483e+08 
447 3.78278e+08 
448 3.89647e+08 
449 4.00617e+08 
450 4.1119e+08 
451 4.21296e+08 
452 4.30584e+08 
453 4.39304e+08 
454 4.47398e+08 
455 4.54728e+08 
456 4.61191e+08 
457 4.66705e+08 
458 4.71276e+08 
459 4.75007e+08 
460 4.77567e+08 
461 4.79083e+08 
462 4.79505e+08 
463 4.78795e+08 
464 4.76864e+08 
465 4.7387e+08 
466 4.69657e+08 
467 4.64237e+08 
468 4.57713e+08 
469 4.50007e+08 
470 4.41318e+08 
471 4.31601e+08 
472 4.21108e+08 
473 4.09811e+08 
474 3.97765e+08 
475 3.85167e+08 
476 3.72051e+08 
477 3.58506e+08 
478 3.44707e+08 
479 3.30611e+08 
480 3.16438e+08 
481 3.02215e+08 
482 2.8798e+08 
483 2.73877e+08 
484 2.59964e+08 
485 2.46267e+08 
486 2.32866e+08 
487 2.19699e+08 
488 2.06846e+08 
489 1.9431e+08 
490 1.82176e+08 
491 1.70463e+08 
492 1.59182e+08 
493 1.48247e+08 
494 1.37751e+08 
495 1.27714e+08 
496 1.18186e+08 
497 1.09147e+08 
498 1.00607e+08 
499 9.25241e+07 
500 8.49438e+07 
501 7.78402e+07 
502 7.12688e+07 
503 6.51602e+07 
504 5.95435e+07 
505 5.43725e+07 
506 4.96194e+07 
507 4.52557e+07 
508 4.12526e+07 
509 3.75683e+07 
510 3.41846e+07 
511 3.1075e+07 
512 2.81883e+07 
513 2.5565e+07 
514 2.31716e+07 
515 2.09653e+07 
516 1.89167e+07 
517 1.70488e+07 
518 1.53272e+07 
519 1.37521e+07 
520 1.2306e+07 
521 1.09647e+07 
522 9.74058e+06 
523 8.60455e+06 
524 7.56486e+06 
525 6.60953e+06 
526 5.73532e+06 
527 4.95444e+06 
528 4.24557e+06 
529 3.61484e+06 
530 3.05278e+06 
531 2.56844e+06 
532 2.14821e+06 
533 1.79094e+06 
534 1.48027e+06 
535 1.22334e+06 
536 1.00278e+06 
537 820106 
538 671028 
539 549188 
540 445881 
541 362876 
542 295564 
543 239473 
544 194687 
545 159030 
546 129808 
547 103609 
548 82934 
549 66566 
550 53284 
551 42128 
552 33942 
553 26621 
554 20889 
555 16495 
556 13034 
557 10275 
558 8457 
559 6480 
560 5119 
561 4070 
562 3173 
563 2516 
564 2113 
565 1734 
566 1354 
567 923 
568 675 
569 456 
570 322 
571 196 
572 105 
573 69 
574 38 
575 19 
576 20 
577 12 
578 6 
579 0 
580 0 
581 0 
582 0 
583 0 
584 0 
585 0 
586 0 
587 0 
588 0 
589 0 
590 0 
591 0 
592 0 
593 0 
594 0 
595 0 
596 0 
597 0 
598 0 
599 0 
600 0 
601 0 
602 0 
603 0 
604 0 
605 0 
606 0 
607 0 
608 0 
609 0 
610 0 
611 0 
612 0 
613 0 
614 0 
615 0 
616 0 
617 0 
618 0 
619 0 
620 0 
621 0 
622 0 
623 0 
624 0 
625 0 
626 0 
627 0 
628 0 
629 0 
630 0 
631 0 
632 0 
633 0 
634 0 
635 0 
636 0 
637 0 
638 0 
639 0 
640 0 
641 0 
642 0 
643 0 
644 0 
645 0 
646 0 
647 0 
648 0 
649 0 
650 0 
651 0 
652 0 
653 0 
654 0 
655 0 
656 0 
657 0 
658 0 
659 0 
660 0 
661 0 
662 0 
663 0 
664 0 
665 0 
666 0 
667 0 
668 0 
669 0 
670 0 
671 0 
672 0 
673 0 
674 0 
675 0 
676 0 
677 0 
678 0 
679 0 
680 0 
681 0 
682 0 
683 0 
684 0 
685 0 
686 0 
687 0 
688 0 
689 0 
690 0 
691 0 
692 0 
693 0 
694 0 
695 0 
696 0 
697 0 
698 0 
699 0 
700 0 
701 0 
702 0 
703 0 
704 0 
705 0 
706 0 
707 0 
708 0 
709 0 
710 0 
711 0 
712 0 
713 0 
714 0 
715 0 
716 0 
717 0 
718 0 
719 0 
720 0 
721 0 
722 0 
723 0 
724 0 
725 0 
726 0 
727 0 
728 0 
729 0 
730 0 
731 0 
732 0 
733 0 
734 0 
735 0 
736 0 
737 0 
738 0 
739 0 
740 0 
741 0 
742 0 
743 0 
744 0 
745 0 
746 0 
747 0 
748 0 
749 0 
750 0 
751 0 
752 0 
753 0 
754 0 
755 0 
756 0 
757 0 
758 0 
759 0 
760 0 
761 0 
762 0 
763 0 
764 0 
765 0 
766 0 
767 0 
768 0 
769 0 
770 0 
771 0 
772 0 
773 0 
774 0 
775 0 
776 0 
777 0 
778 0 
779 0 
780 0 
781 0 
782 0 
783 0 
784 0 
785 0 
786 0 
787 0 
788 0 
789 0 
790 0 
791 0 
792 0 
793 0 
794 0 
795 0 
796 0 
797 0 
798 0 
799 0 
