0 0 
1 0 
2 0 
3 0 
4 0 
5 0 
6 0 
7 0 
8 0 
9 0 
10 0 
11 0 
12 0 
13 0 
14 0 
15 0 
16 0 
17 0 
18 0 
19 0 
20 0 
21 0 
22 0 
23 0 
24 0 
25 0 
26 0 
27 0 
28 0 
29 0 
30 0 
31 0 
32 0 
33 0 
34 0 
35 0 
36 0 
37 0 
38 0 
39 0 
40 0 
41 0 
42 0 
43 0 
44 0 
45 0 
46 0 
47 0 
48 0 
49 0 
50 0 
51 0 
52 0 
53 0 
54 0 
55 0 
56 0 
57 0 
58 0 
59 0 
60 0 
61 0 
62 0 
63 0 
64 0 
65 0 
66 0 
67 0 
68 0 
69 0 
70 0 
71 0 
72 0 
73 0 
74 0 
75 0 
76 0 
77 0 
78 0 
79 0 
80 0 
81 0 
82 0 
83 0 
84 0 
85 0 
86 0 
87 0 
88 0 
89 0 
90 0 
91 0 
92 0 
93 0 
94 0 
95 0 
96 0 
97 0 
98 0 
99 0 
100 0 
101 0 
102 0 
103 0 
104 0 
105 0 
106 0 
107 0 
108 0 
109 0 
110 0 
111 0 
112 0 
113 0 
114 0 
115 0 
116 0 
117 0 
118 0 
119 0 
120 0 
121 0 
122 0 
123 0 
124 0 
125 0 
126 0 
127 0 
128 0 
129 0 
130 0 
131 0 
132 0 
133 0 
134 0 
135 0 
136 0 
137 0 
138 0 
139 0 
140 0 
141 0 
142 0 
143 0 
144 0 
145 0 
146 0 
147 0 
148 0 
149 0 
150 0 
151 0 
152 0 
153 0 
154 0 
155 0 
156 0 
157 0 
158 0 
159 0 
160 0 
161 0 
162 0 
163 0 
164 0 
165 0 
166 0 
167 0 
168 0 
169 0 
170 0 
171 0 
172 0 
173 0 
174 0 
175 0 
176 0 
177 0 
178 0 
179 0 
180 0 
181 0 
182 0 
183 0 
184 0 
185 0 
186 0 
187 0 
188 0 
189 0 
190 0 
191 0 
192 0 
193 0 
194 0 
195 0 
196 0 
197 0 
198 0 
199 0 
200 0 
201 0 
202 0 
203 0 
204 0 
205 0 
206 0 
207 0 
208 0 
209 0 
210 0 
211 0 
212 0 
213 0 
214 0 
215 0 
216 0 
217 0 
218 0 
219 0 
220 0 
221 0 
222 0 
223 0 
224 0 
225 0 
226 0 
227 0 
228 0 
229 0 
230 0 
231 0 
232 0 
233 0 
234 0 
235 0 
236 0 
237 0 
238 0 
239 0 
240 0 
241 0 
242 0 
243 0 
244 0 
245 0 
246 0 
247 0 
248 0 
249 0 
250 0 
251 0 
252 0 
253 0 
254 0 
255 0 
256 0 
257 0 
258 0 
259 0 
260 0 
261 0 
262 0 
263 0 
264 0 
265 0 
266 0 
267 0 
268 0 
269 0 
270 0 
271 0 
272 0 
273 0 
274 0 
275 0 
276 0 
277 0 
278 0 
279 0 
280 0 
281 0 
282 0 
283 0 
284 0 
285 0 
286 0 
287 0 
288 0 
289 0 
290 0 
291 0 
292 0 
293 0 
294 0 
295 0 
296 0 
297 0 
298 0 
299 0 
300 0 
301 0 
302 0 
303 0 
304 0 
305 0 
306 0 
307 0 
308 0 
309 0 
310 0 
311 0 
312 0 
313 0 
314 0 
315 0 
316 0 
317 0 
318 0 
319 0 
320 0 
321 0 
322 0 
323 0 
324 0 
325 0 
326 0 
327 0 
328 0 
329 0 
330 0 
331 0 
332 0 
333 0 
334 0 
335 0 
336 3 
337 10 
338 11 
339 26 
340 26 
341 33 
342 38 
343 33 
344 20 
345 28 
346 28 
347 33 
348 71 
349 130 
350 200 
351 385 
352 725 
353 1426 
354 2421 
355 4040 
356 6477 
357 10288 
358 15425 
359 22495 
360 32161 
361 47522 
362 69132 
363 97300 
364 137347 
365 193023 
366 269567 
367 375074 
368 517070 
369 708686 
370 967702 
371 1.32381e+06 
372 1.79496e+06 
373 2.42885e+06 
374 3.27125e+06 
375 4.39485e+06 
376 5.88267e+06 
377 7.82954e+06 
378 1.03323e+07 
379 1.35428e+07 
380 1.76264e+07 
381 2.27927e+07 
382 2.92647e+07 
383 3.73078e+07 
384 4.71743e+07 
385 5.92011e+07 
386 7.36558e+07 
387 9.08513e+07 
388 1.11129e+08 
389 1.34698e+08 
390 1.6198e+08 
391 1.93072e+08 
392 2.28131e+08 
393 2.67131e+08 
394 3.10102e+08 
395 3.56519e+08 
396 4.06093e+08 
397 4.58123e+08 
398 5.11481e+08 
399 5.65183e+08 
400 6.17489e+08 
401 6.60419e+08 
402 6.98886e+08 
403 7.32205e+08 
404 7.60096e+08 
405 7.82401e+08 
406 7.98846e+08 
407 8.09542e+08 
408 8.14629e+08 
409 8.14305e+08 
410 8.08859e+08 
411 7.98434e+08 
412 7.83696e+08 
413 7.64856e+08 
414 7.42472e+08 
415 7.17116e+08 
416 6.89098e+08 
417 6.58913e+08 
418 6.27136e+08 
419 5.94199e+08 
420 5.60616e+08 
421 5.26855e+08 
422 4.93311e+08 
423 4.60351e+08 
424 4.28217e+08 
425 3.97061e+08 
426 3.67079e+08 
427 3.3827e+08 
428 3.10795e+08 
429 2.84714e+08 
430 2.60067e+08 
431 2.36867e+08 
432 2.1518e+08 
433 1.9493e+08 
434 1.76119e+08 
435 1.58931e+08 
436 1.43179e+08 
437 1.28883e+08 
438 1.15922e+08 
439 1.04296e+08 
440 9.38553e+07 
441 8.45176e+07 
442 7.61024e+07 
443 6.85555e+07 
444 6.17698e+07 
445 5.56777e+07 
446 5.02201e+07 
447 4.52713e+07 
448 4.08059e+07 
449 3.67869e+07 
450 3.31145e+07 
451 2.97834e+07 
452 2.6738e+07 
453 2.39643e+07 
454 2.14344e+07 
455 1.91403e+07 
456 1.70233e+07 
457 1.50839e+07 
458 1.33017e+07 
459 1.1678e+07 
460 1.02064e+07 
461 8.87212e+06 
462 7.67172e+06 
463 6.59545e+06 
464 5.62394e+06 
465 4.75773e+06 
466 3.9879e+06 
467 3.31106e+06 
468 2.72813e+06 
469 2.22896e+06 
470 1.81059e+06 
471 1.45693e+06 
472 1.16388e+06 
473 917683 
474 719042 
475 555845 
476 423658 
477 316514 
478 233497 
479 170245 
480 122101 
481 86764 
482 60849 
483 41323 
484 27702 
485 17888 
486 11697 
487 7219 
488 4520 
489 2907 
490 1788 
491 1100 
492 653 
493 407 
494 243 
495 154 
496 70 
497 39 
498 11 
499 10 
500 2 
501 0 
502 0 
503 0 
504 0 
505 0 
506 0 
507 0 
508 0 
509 0 
510 0 
511 0 
512 0 
513 0 
514 0 
515 0 
516 0 
517 0 
518 0 
519 0 
520 0 
521 0 
522 0 
523 0 
524 0 
525 0 
526 0 
527 0 
528 0 
529 0 
530 0 
531 0 
532 0 
533 0 
534 0 
535 0 
536 0 
537 0 
538 0 
539 0 
540 0 
541 0 
542 0 
543 0 
544 0 
545 0 
546 0 
547 0 
548 0 
549 0 
550 0 
551 0 
552 0 
553 0 
554 0 
555 0 
556 0 
557 0 
558 0 
559 0 
560 0 
561 0 
562 0 
563 0 
564 0 
565 0 
566 0 
567 0 
568 0 
569 0 
570 0 
571 0 
572 0 
573 0 
574 0 
575 0 
576 0 
577 0 
578 0 
579 0 
580 0 
581 0 
582 0 
583 0 
584 0 
585 0 
586 0 
587 0 
588 0 
589 0 
590 0 
591 0 
592 0 
593 0 
594 0 
595 0 
596 0 
597 0 
598 0 
599 0 
600 0 
601 0 
602 0 
603 0 
604 0 
605 0 
606 0 
607 0 
608 0 
609 0 
610 0 
611 0 
612 0 
613 0 
614 0 
615 0 
616 0 
617 0 
618 0 
619 0 
620 0 
621 0 
622 0 
623 0 
624 0 
625 0 
626 0 
627 0 
628 0 
629 0 
630 0 
631 0 
632 0 
633 0 
634 0 
635 0 
636 0 
637 0 
638 0 
639 0 
640 0 
641 0 
642 0 
643 0 
644 0 
645 0 
646 0 
647 0 
648 0 
649 0 
650 0 
651 0 
652 0 
653 0 
654 0 
655 0 
656 0 
657 0 
658 0 
659 0 
660 0 
661 0 
662 0 
663 0 
664 0 
665 0 
666 0 
667 0 
668 0 
669 0 
670 0 
671 0 
672 0 
673 0 
674 0 
675 0 
676 0 
677 0 
678 0 
679 0 
680 0 
681 0 
682 0 
683 0 
684 0 
685 0 
686 0 
687 0 
688 0 
689 0 
690 0 
691 0 
692 0 
693 0 
694 0 
695 0 
696 0 
697 0 
698 0 
699 0 
700 0 
701 0 
702 0 
703 0 
704 0 
705 0 
706 0 
707 0 
708 0 
709 0 
710 0 
711 0 
712 0 
713 0 
714 0 
715 0 
716 0 
717 0 
718 0 
719 0 
720 0 
721 0 
722 0 
723 0 
724 0 
725 0 
726 0 
727 0 
728 0 
729 0 
730 0 
731 0 
732 0 
733 0 
734 0 
735 0 
736 0 
737 0 
738 0 
739 0 
740 0 
741 0 
742 0 
743 0 
744 0 
745 0 
746 0 
747 0 
748 0 
749 0 
750 0 
751 0 
752 0 
753 0 
754 0 
755 0 
756 0 
757 0 
758 0 
759 0 
760 0 
761 0 
762 0 
763 0 
764 0 
765 0 
766 0 
767 0 
768 0 
769 0 
770 0 
771 0 
772 0 
773 0 
774 0 
775 0 
776 0 
777 0 
778 0 
779 0 
780 0 
781 0 
782 0 
783 0 
784 0 
785 0 
786 0 
787 0 
788 0 
789 0 
790 0 
791 0 
792 0 
793 0 
794 0 
795 0 
796 0 
797 0 
798 0 
799 0 
