0 0 
1 0 
2 0 
3 0 
4 0 
5 0 
6 0 
7 0 
8 0 
9 0 
10 0 
11 0 
12 0 
13 0 
14 0 
15 0 
16 0 
17 0 
18 0 
19 0 
20 0 
21 0 
22 0 
23 0 
24 0 
25 0 
26 0 
27 0 
28 0 
29 0 
30 0 
31 0 
32 0 
33 0 
34 0 
35 0 
36 0 
37 0 
38 0 
39 0 
40 0 
41 0 
42 0 
43 0 
44 0 
45 0 
46 0 
47 0 
48 0 
49 0 
50 0 
51 0 
52 0 
53 0 
54 0 
55 0 
56 0 
57 0 
58 0 
59 0 
60 0 
61 0 
62 0 
63 0 
64 0 
65 0 
66 0 
67 0 
68 0 
69 0 
70 0 
71 0 
72 0 
73 0 
74 0 
75 0 
76 0 
77 0 
78 0 
79 0 
80 0 
81 0 
82 0 
83 0 
84 0 
85 0 
86 0 
87 0 
88 0 
89 0 
90 0 
91 0 
92 0 
93 0 
94 0 
95 0 
96 0 
97 0 
98 0 
99 0 
100 0 
101 0 
102 0 
103 0 
104 0 
105 0 
106 0 
107 0 
108 0 
109 0 
110 0 
111 0 
112 0 
113 0 
114 0 
115 0 
116 0 
117 0 
118 0 
119 0 
120 0 
121 0 
122 0 
123 0 
124 0 
125 0 
126 0 
127 0 
128 0 
129 0 
130 0 
131 0 
132 0 
133 0 
134 0 
135 0 
136 0 
137 0 
138 0 
139 0 
140 0 
141 0 
142 0 
143 0 
144 0 
145 0 
146 0 
147 0 
148 0 
149 0 
150 0 
151 0 
152 0 
153 0 
154 0 
155 0 
156 0 
157 0 
158 0 
159 0 
160 0 
161 0 
162 0 
163 0 
164 0 
165 0 
166 0 
167 0 
168 0 
169 0 
170 0 
171 0 
172 0 
173 0 
174 0 
175 0 
176 0 
177 0 
178 0 
179 0 
180 0 
181 0 
182 0 
183 0 
184 0 
185 0 
186 0 
187 0 
188 0 
189 0 
190 0 
191 0 
192 0 
193 0 
194 0 
195 0 
196 0 
197 0 
198 0 
199 0 
200 0 
201 0 
202 0 
203 0 
204 0 
205 0 
206 0 
207 0 
208 0 
209 0 
210 0 
211 0 
212 0 
213 0 
214 0 
215 0 
216 0 
217 0 
218 0 
219 0 
220 0 
221 0 
222 0 
223 0 
224 0 
225 0 
226 0 
227 0 
228 0 
229 0 
230 0 
231 0 
232 0 
233 0 
234 0 
235 0 
236 0 
237 0 
238 0 
239 0 
240 0 
241 0 
242 0 
243 0 
244 0 
245 0 
246 0 
247 0 
248 0 
249 0 
250 0 
251 0 
252 0 
253 0 
254 0 
255 0 
256 0 
257 0 
258 0 
259 0 
260 0 
261 0 
262 0 
263 0 
264 0 
265 0 
266 0 
267 0 
268 0 
269 0 
270 0 
271 0 
272 0 
273 0 
274 0 
275 0 
276 0 
277 0 
278 0 
279 0 
280 0 
281 0 
282 0 
283 0 
284 0 
285 0 
286 0 
287 0 
288 0 
289 0 
290 0 
291 0 
292 0 
293 0 
294 0 
295 0 
296 0 
297 0 
298 0 
299 0 
300 0 
301 0 
302 0 
303 0 
304 0 
305 0 
306 0 
307 0 
308 0 
309 0 
310 0 
311 0 
312 0 
313 0 
314 0 
315 0 
316 0 
317 0 
318 0 
319 0 
320 0 
321 0 
322 1 
323 8 
324 5 
325 8 
326 4 
327 9 
328 6 
329 11 
330 17 
331 25 
332 60 
333 80 
334 116 
335 164 
336 285 
337 461 
338 702 
339 1122 
340 1669 
341 2421 
342 3389 
343 4603 
344 6183 
345 8332 
346 11248 
347 14761 
348 19025 
349 23813 
350 28898 
351 36005 
352 42862 
353 51454 
354 60625 
355 70803 
356 83961 
357 101042 
358 121046 
359 145213 
360 177387 
361 219102 
362 271706 
363 337249 
364 420235 
365 522316 
366 651927 
367 817206 
368 1.01488e+06 
369 1.25873e+06 
370 1.55699e+06 
371 1.91839e+06 
372 2.35679e+06 
373 2.87487e+06 
374 3.48764e+06 
375 4.19922e+06 
376 5.01884e+06 
377 5.95504e+06 
378 7.01929e+06 
379 8.21667e+06 
380 9.54583e+06 
381 1.10418e+07 
382 1.269e+07 
383 1.44978e+07 
384 1.65199e+07 
385 1.87186e+07 
386 2.10907e+07 
387 2.36801e+07 
388 2.64373e+07 
389 2.93842e+07 
390 3.25149e+07 
391 3.58303e+07 
392 3.93382e+07 
393 4.30638e+07 
394 4.6959e+07 
395 5.10428e+07 
396 5.53289e+07 
397 5.97713e+07 
398 6.44014e+07 
399 6.91899e+07 
400 7.41572e+07 
401 7.92488e+07 
402 8.44554e+07 
403 8.97857e+07 
404 9.52784e+07 
405 1.0092e+08 
406 1.06665e+08 
407 1.12595e+08 
408 1.18736e+08 
409 1.25099e+08 
410 1.31746e+08 
411 1.38678e+08 
412 1.45883e+08 
413 1.53417e+08 
414 1.61225e+08 
415 1.69322e+08 
416 1.77815e+08 
417 1.86581e+08 
418 1.95605e+08 
419 2.04911e+08 
420 2.14539e+08 
421 2.24384e+08 
422 2.34497e+08 
423 2.44797e+08 
424 2.55306e+08 
425 2.65894e+08 
426 2.76694e+08 
427 2.87567e+08 
428 2.98457e+08 
429 3.09361e+08 
430 3.20142e+08 
431 3.30782e+08 
432 3.41134e+08 
433 3.51173e+08 
434 3.60902e+08 
435 3.7032e+08 
436 3.79327e+08 
437 3.87868e+08 
438 3.96e+08 
439 4.03645e+08 
440 4.10762e+08 
441 4.17284e+08 
442 4.2334e+08 
443 4.28808e+08 
444 4.33702e+08 
445 4.37995e+08 
446 4.41658e+08 
447 4.44577e+08 
448 4.46823e+08 
449 4.48219e+08 
450 4.48763e+08 
451 4.48459e+08 
452 4.47376e+08 
453 4.45318e+08 
454 4.42417e+08 
455 4.38541e+08 
456 4.33725e+08 
457 4.28052e+08 
458 4.21538e+08 
459 4.14049e+08 
460 4.05784e+08 
461 3.96691e+08 
462 3.86768e+08 
463 3.76072e+08 
464 3.64759e+08 
465 3.52846e+08 
466 3.40379e+08 
467 3.27439e+08 
468 3.1419e+08 
469 3.00605e+08 
470 2.86737e+08 
471 2.72677e+08 
472 2.58454e+08 
473 2.44241e+08 
474 2.30096e+08 
475 2.1609e+08 
476 2.02287e+08 
477 1.88819e+08 
478 1.75657e+08 
479 1.62871e+08 
480 1.50511e+08 
481 1.38604e+08 
482 1.27205e+08 
483 1.16448e+08 
484 1.0621e+08 
485 9.65187e+07 
486 8.7446e+07 
487 7.89429e+07 
488 7.10338e+07 
489 6.36912e+07 
490 5.68793e+07 
491 5.0569e+07 
492 4.47982e+07 
493 3.94879e+07 
494 3.46562e+07 
495 3.02779e+07 
496 2.63207e+07 
497 2.27563e+07 
498 1.95689e+07 
499 1.67397e+07 
500 1.42455e+07 
501 1.20554e+07 
502 1.01248e+07 
503 8.45826e+06 
504 7.01969e+06 
505 5.79192e+06 
506 4.74908e+06 
507 3.87574e+06 
508 3.14566e+06 
509 2.54139e+06 
510 2.03785e+06 
511 1.62436e+06 
512 1.2889e+06 
513 1.01697e+06 
514 795183 
515 619003 
516 482714 
517 375324 
518 286780 
519 219375 
520 165965 
521 123997 
522 93475 
523 68662 
524 50171 
525 36633 
526 25986 
527 17829 
528 12735 
529 8880 
530 5940 
531 4080 
532 2766 
533 1914 
534 1280 
535 906 
536 591 
537 392 
538 250 
539 235 
540 116 
541 49 
542 22 
543 8 
544 2 
545 0 
546 0 
547 0 
548 0 
549 0 
550 0 
551 0 
552 0 
553 0 
554 0 
555 0 
556 0 
557 0 
558 0 
559 0 
560 0 
561 0 
562 0 
563 0 
564 0 
565 0 
566 0 
567 0 
568 0 
569 0 
570 0 
571 0 
572 0 
573 0 
574 0 
575 0 
576 0 
577 0 
578 0 
579 0 
580 0 
581 0 
582 0 
583 0 
584 0 
585 0 
586 0 
587 0 
588 0 
589 0 
590 0 
591 0 
592 0 
593 0 
594 0 
595 0 
596 0 
597 0 
598 0 
599 0 
600 0 
601 0 
602 0 
603 0 
604 0 
605 0 
606 0 
607 0 
608 0 
609 0 
610 0 
611 0 
612 0 
613 0 
614 0 
615 0 
616 0 
617 0 
618 0 
619 0 
620 0 
621 0 
622 0 
623 0 
624 0 
625 0 
626 0 
627 0 
628 0 
629 0 
630 0 
631 0 
632 0 
633 0 
634 0 
635 0 
636 0 
637 0 
638 0 
639 0 
640 0 
641 0 
642 0 
643 0 
644 0 
645 0 
646 0 
647 0 
648 0 
649 0 
650 0 
651 0 
652 0 
653 0 
654 0 
655 0 
656 0 
657 0 
658 0 
659 0 
660 0 
661 0 
662 0 
663 0 
664 0 
665 0 
666 0 
667 0 
668 0 
669 0 
670 0 
671 0 
672 0 
673 0 
674 0 
675 0 
676 0 
677 0 
678 0 
679 0 
680 0 
681 0 
682 0 
683 0 
684 0 
685 0 
686 0 
687 0 
688 0 
689 0 
690 0 
691 0 
692 0 
693 0 
694 0 
695 0 
696 0 
697 0 
698 0 
699 0 
700 0 
701 0 
702 0 
703 0 
704 0 
705 0 
706 0 
707 0 
708 0 
709 0 
710 0 
711 0 
712 0 
713 0 
714 0 
715 0 
716 0 
717 0 
718 0 
719 0 
720 0 
721 0 
722 0 
723 0 
724 0 
725 0 
726 0 
727 0 
728 0 
729 0 
730 0 
731 0 
732 0 
733 0 
734 0 
735 0 
736 0 
737 0 
738 0 
739 0 
740 0 
741 0 
742 0 
743 0 
744 0 
745 0 
746 0 
747 0 
748 0 
749 0 
750 0 
751 0 
752 0 
753 0 
754 0 
755 0 
756 0 
757 0 
758 0 
759 0 
760 0 
761 0 
762 0 
763 0 
764 0 
765 0 
766 0 
767 0 
768 0 
769 0 
770 0 
771 0 
772 0 
773 0 
774 0 
775 0 
776 0 
777 0 
778 0 
779 0 
780 0 
781 0 
782 0 
783 0 
784 0 
785 0 
786 0 
787 0 
788 0 
789 0 
790 0 
791 0 
792 0 
793 0 
794 0 
795 0 
796 0 
797 0 
798 0 
799 0 
