0 0 
1 0 
2 0 
3 0 
4 0 
5 0 
6 0 
7 0 
8 0 
9 0 
10 0 
11 0 
12 0 
13 0 
14 0 
15 0 
16 0 
17 0 
18 0 
19 0 
20 0 
21 0 
22 0 
23 0 
24 0 
25 0 
26 0 
27 0 
28 0 
29 0 
30 0 
31 0 
32 0 
33 0 
34 0 
35 0 
36 0 
37 0 
38 0 
39 0 
40 0 
41 0 
42 0 
43 0 
44 0 
45 0 
46 0 
47 0 
48 0 
49 0 
50 0 
51 0 
52 0 
53 0 
54 0 
55 0 
56 0 
57 0 
58 0 
59 0 
60 0 
61 0 
62 0 
63 0 
64 0 
65 0 
66 0 
67 0 
68 0 
69 0 
70 0 
71 0 
72 0 
73 0 
74 0 
75 0 
76 0 
77 0 
78 0 
79 0 
80 0 
81 0 
82 0 
83 0 
84 0 
85 0 
86 0 
87 0 
88 0 
89 0 
90 0 
91 0 
92 0 
93 0 
94 0 
95 0 
96 0 
97 0 
98 0 
99 0 
100 0 
101 0 
102 0 
103 0 
104 0 
105 0 
106 0 
107 0 
108 0 
109 0 
110 0 
111 0 
112 0 
113 0 
114 0 
115 0 
116 0 
117 0 
118 0 
119 0 
120 0 
121 0 
122 0 
123 0 
124 0 
125 0 
126 0 
127 0 
128 0 
129 0 
130 0 
131 0 
132 0 
133 0 
134 0 
135 0 
136 0 
137 0 
138 0 
139 0 
140 0 
141 0 
142 0 
143 0 
144 0 
145 0 
146 0 
147 0 
148 0 
149 0 
150 0 
151 0 
152 0 
153 0 
154 0 
155 0 
156 0 
157 0 
158 0 
159 0 
160 0 
161 0 
162 0 
163 0 
164 0 
165 0 
166 0 
167 0 
168 0 
169 0 
170 0 
171 0 
172 0 
173 0 
174 0 
175 0 
176 0 
177 0 
178 0 
179 0 
180 0 
181 0 
182 0 
183 0 
184 0 
185 0 
186 0 
187 0 
188 0 
189 0 
190 0 
191 0 
192 0 
193 0 
194 0 
195 0 
196 0 
197 0 
198 0 
199 0 
200 0 
201 0 
202 0 
203 0 
204 0 
205 0 
206 0 
207 0 
208 0 
209 0 
210 0 
211 0 
212 0 
213 0 
214 0 
215 0 
216 0 
217 0 
218 0 
219 0 
220 0 
221 0 
222 0 
223 0 
224 0 
225 0 
226 0 
227 0 
228 0 
229 0 
230 0 
231 0 
232 0 
233 0 
234 0 
235 0 
236 0 
237 0 
238 0 
239 0 
240 0 
241 0 
242 0 
243 0 
244 0 
245 0 
246 0 
247 0 
248 0 
249 0 
250 0 
251 0 
252 0 
253 0 
254 0 
255 0 
256 0 
257 0 
258 0 
259 0 
260 0 
261 0 
262 0 
263 0 
264 0 
265 0 
266 0 
267 0 
268 0 
269 0 
270 0 
271 0 
272 0 
273 0 
274 0 
275 0 
276 0 
277 0 
278 0 
279 0 
280 0 
281 0 
282 0 
283 0 
284 0 
285 0 
286 0 
287 0 
288 0 
289 0 
290 0 
291 0 
292 0 
293 0 
294 0 
295 0 
296 0 
297 0 
298 0 
299 0 
300 0 
301 0 
302 0 
303 0 
304 0 
305 0 
306 0 
307 0 
308 0 
309 0 
310 0 
311 0 
312 0 
313 0 
314 0 
315 0 
316 0 
317 0 
318 0 
319 0 
320 0 
321 0 
322 0 
323 0 
324 0 
325 0 
326 0 
327 0 
328 0 
329 0 
330 1 
331 1 
332 5 
333 10 
334 3 
335 3 
336 11 
337 18 
338 26 
339 27 
340 39 
341 64 
342 73 
343 105 
344 140 
345 259 
346 425 
347 682 
348 955 
349 1500 
350 2160 
351 3200 
352 4540 
353 6692 
354 10010 
355 14271 
356 20070 
357 28235 
358 39376 
359 53035 
360 73409 
361 100912 
362 139367 
363 191278 
364 263774 
365 362947 
366 493575 
367 668799 
368 907906 
369 1.2242e+06 
370 1.64345e+06 
371 2.19894e+06 
372 2.92573e+06 
373 3.87777e+06 
374 5.10888e+06 
375 6.69291e+06 
376 8.71501e+06 
377 1.13036e+07 
378 1.45397e+07 
379 1.85811e+07 
380 2.35876e+07 
381 2.97573e+07 
382 3.7333e+07 
383 4.65213e+07 
384 5.76471e+07 
385 7.09412e+07 
386 8.67465e+07 
387 1.05419e+08 
388 1.27256e+08 
389 1.52613e+08 
390 1.81893e+08 
391 2.1521e+08 
392 2.52846e+08 
393 2.94881e+08 
394 3.41201e+08 
395 3.91689e+08 
396 4.45756e+08 
397 5.02769e+08 
398 5.61669e+08 
399 6.20949e+08 
400 6.79102e+08 
401 7.21101e+08 
402 7.57568e+08 
403 7.87971e+08 
404 8.12211e+08 
405 8.29915e+08 
406 8.41339e+08 
407 8.46546e+08 
408 8.45728e+08 
409 8.39457e+08 
410 8.27997e+08 
411 8.11737e+08 
412 7.91309e+08 
413 7.67217e+08 
414 7.3994e+08 
415 7.09923e+08 
416 6.77886e+08 
417 6.44282e+08 
418 6.09398e+08 
419 5.73705e+08 
420 5.37771e+08 
421 5.02037e+08 
422 4.66824e+08 
423 4.32381e+08 
424 3.98797e+08 
425 3.66539e+08 
426 3.35534e+08 
427 3.06094e+08 
428 2.78253e+08 
429 2.52115e+08 
430 2.27741e+08 
431 2.051e+08 
432 1.84135e+08 
433 1.64854e+08 
434 1.47227e+08 
435 1.31186e+08 
436 1.1662e+08 
437 1.03344e+08 
438 9.13885e+07 
439 8.06834e+07 
440 7.10082e+07 
441 6.23744e+07 
442 5.46311e+07 
443 4.77494e+07 
444 4.16479e+07 
445 3.62452e+07 
446 3.14598e+07 
447 2.7258e+07 
448 2.35328e+07 
449 2.0294e+07 
450 1.74553e+07 
451 1.49811e+07 
452 1.28146e+07 
453 1.09459e+07 
454 9.33036e+06 
455 7.91535e+06 
456 6.69318e+06 
457 5.64948e+06 
458 4.74462e+06 
459 3.97911e+06 
460 3.33274e+06 
461 2.78268e+06 
462 2.31627e+06 
463 1.92855e+06 
464 1.60218e+06 
465 1.32957e+06 
466 1.10455e+06 
467 915221 
468 755594 
469 623429 
470 515255 
471 424676 
472 351389 
473 290106 
474 238649 
475 196252 
476 158554 
477 128640 
478 103097 
479 81152 
480 63915 
481 49614 
482 38801 
483 30014 
484 22809 
485 17504 
486 13123 
487 9577 
488 7171 
489 5549 
490 4002 
491 3028 
492 2269 
493 1755 
494 1236 
495 992 
496 751 
497 506 
498 312 
499 235 
500 140 
501 82 
502 51 
503 22 
504 14 
505 3 
506 3 
507 1 
508 0 
509 0 
510 0 
511 0 
512 0 
513 0 
514 0 
515 0 
516 0 
517 0 
518 0 
519 0 
520 0 
521 0 
522 0 
523 0 
524 0 
525 0 
526 0 
527 0 
528 0 
529 0 
530 0 
531 0 
532 0 
533 0 
534 0 
535 0 
536 0 
537 0 
538 0 
539 0 
540 0 
541 0 
542 0 
543 0 
544 0 
545 0 
546 0 
547 0 
548 0 
549 0 
550 0 
551 0 
552 0 
553 0 
554 0 
555 0 
556 0 
557 0 
558 0 
559 0 
560 0 
561 0 
562 0 
563 0 
564 0 
565 0 
566 0 
567 0 
568 0 
569 0 
570 0 
571 0 
572 0 
573 0 
574 0 
575 0 
576 0 
577 0 
578 0 
579 0 
580 0 
581 0 
582 0 
583 0 
584 0 
585 0 
586 0 
587 0 
588 0 
589 0 
590 0 
591 0 
592 0 
593 0 
594 0 
595 0 
596 0 
597 0 
598 0 
599 0 
600 0 
601 0 
602 0 
603 0 
604 0 
605 0 
606 0 
607 0 
608 0 
609 0 
610 0 
611 0 
612 0 
613 0 
614 0 
615 0 
616 0 
617 0 
618 0 
619 0 
620 0 
621 0 
622 0 
623 0 
624 0 
625 0 
626 0 
627 0 
628 0 
629 0 
630 0 
631 0 
632 0 
633 0 
634 0 
635 0 
636 0 
637 0 
638 0 
639 0 
640 0 
641 0 
642 0 
643 0 
644 0 
645 0 
646 0 
647 0 
648 0 
649 0 
650 0 
651 0 
652 0 
653 0 
654 0 
655 0 
656 0 
657 0 
658 0 
659 0 
660 0 
661 0 
662 0 
663 0 
664 0 
665 0 
666 0 
667 0 
668 0 
669 0 
670 0 
671 0 
672 0 
673 0 
674 0 
675 0 
676 0 
677 0 
678 0 
679 0 
680 0 
681 0 
682 0 
683 0 
684 0 
685 0 
686 0 
687 0 
688 0 
689 0 
690 0 
691 0 
692 0 
693 0 
694 0 
695 0 
696 0 
697 0 
698 0 
699 0 
700 0 
701 0 
702 0 
703 0 
704 0 
705 0 
706 0 
707 0 
708 0 
709 0 
710 0 
711 0 
712 0 
713 0 
714 0 
715 0 
716 0 
717 0 
718 0 
719 0 
720 0 
721 0 
722 0 
723 0 
724 0 
725 0 
726 0 
727 0 
728 0 
729 0 
730 0 
731 0 
732 0 
733 0 
734 0 
735 0 
736 0 
737 0 
738 0 
739 0 
740 0 
741 0 
742 0 
743 0 
744 0 
745 0 
746 0 
747 0 
748 0 
749 0 
750 0 
751 0 
752 0 
753 0 
754 0 
755 0 
756 0 
757 0 
758 0 
759 0 
760 0 
761 0 
762 0 
763 0 
764 0 
765 0 
766 0 
767 0 
768 0 
769 0 
770 0 
771 0 
772 0 
773 0 
774 0 
775 0 
776 0 
777 0 
778 0 
779 0 
780 0 
781 0 
782 0 
783 0 
784 0 
785 0 
786 0 
787 0 
788 0 
789 0 
790 0 
791 0 
792 0 
793 0 
794 0 
795 0 
796 0 
797 0 
798 0 
799 0 
