0 0 
1 0 
2 0 
3 0 
4 0 
5 0 
6 0 
7 0 
8 0 
9 0 
10 0 
11 0 
12 0 
13 0 
14 0 
15 0 
16 0 
17 0 
18 0 
19 0 
20 0 
21 0 
22 0 
23 0 
24 0 
25 0 
26 0 
27 0 
28 0 
29 0 
30 0 
31 0 
32 0 
33 0 
34 0 
35 0 
36 0 
37 0 
38 0 
39 0 
40 0 
41 0 
42 0 
43 0 
44 0 
45 0 
46 0 
47 0 
48 0 
49 0 
50 0 
51 0 
52 0 
53 0 
54 0 
55 0 
56 0 
57 0 
58 0 
59 0 
60 0 
61 0 
62 0 
63 0 
64 0 
65 0 
66 0 
67 0 
68 0 
69 0 
70 0 
71 0 
72 0 
73 0 
74 0 
75 0 
76 0 
77 0 
78 0 
79 0 
80 0 
81 0 
82 0 
83 0 
84 0 
85 0 
86 0 
87 0 
88 0 
89 0 
90 0 
91 0 
92 0 
93 0 
94 0 
95 0 
96 0 
97 0 
98 0 
99 0 
100 0 
101 0 
102 0 
103 0 
104 0 
105 0 
106 0 
107 0 
108 0 
109 0 
110 0 
111 0 
112 0 
113 0 
114 0 
115 0 
116 0 
117 0 
118 0 
119 0 
120 0 
121 0 
122 0 
123 0 
124 0 
125 0 
126 0 
127 0 
128 0 
129 0 
130 0 
131 0 
132 0 
133 0 
134 0 
135 0 
136 0 
137 0 
138 0 
139 0 
140 0 
141 0 
142 0 
143 0 
144 0 
145 0 
146 0 
147 0 
148 0 
149 0 
150 0 
151 0 
152 0 
153 0 
154 0 
155 0 
156 0 
157 0 
158 0 
159 0 
160 0 
161 0 
162 0 
163 0 
164 0 
165 0 
166 0 
167 0 
168 0 
169 0 
170 0 
171 0 
172 0 
173 0 
174 0 
175 0 
176 0 
177 0 
178 0 
179 0 
180 0 
181 0 
182 0 
183 0 
184 0 
185 0 
186 0 
187 0 
188 0 
189 0 
190 0 
191 0 
192 0 
193 0 
194 0 
195 0 
196 0 
197 0 
198 0 
199 0 
200 0 
201 0 
202 0 
203 0 
204 0 
205 0 
206 0 
207 0 
208 0 
209 0 
210 0 
211 0 
212 0 
213 0 
214 0 
215 0 
216 0 
217 0 
218 0 
219 0 
220 0 
221 0 
222 0 
223 0 
224 0 
225 0 
226 0 
227 0 
228 0 
229 0 
230 0 
231 0 
232 0 
233 0 
234 0 
235 0 
236 0 
237 0 
238 0 
239 0 
240 0 
241 0 
242 0 
243 0 
244 0 
245 0 
246 0 
247 0 
248 0 
249 0 
250 0 
251 0 
252 0 
253 0 
254 0 
255 0 
256 0 
257 0 
258 0 
259 0 
260 0 
261 0 
262 0 
263 0 
264 0 
265 0 
266 0 
267 0 
268 0 
269 0 
270 0 
271 0 
272 0 
273 0 
274 0 
275 0 
276 0 
277 0 
278 0 
279 0 
280 0 
281 0 
282 0 
283 0 
284 0 
285 0 
286 0 
287 0 
288 0 
289 0 
290 0 
291 0 
292 0 
293 0 
294 0 
295 0 
296 0 
297 0 
298 0 
299 0 
300 0 
301 0 
302 0 
303 0 
304 0 
305 0 
306 0 
307 0 
308 0 
309 0 
310 0 
311 0 
312 0 
313 0 
314 0 
315 0 
316 0 
317 0 
318 0 
319 0 
320 0 
321 0 
322 0 
323 0 
324 0 
325 0 
326 0 
327 0 
328 0 
329 0 
330 0 
331 0 
332 0 
333 0 
334 0 
335 0 
336 0 
337 0 
338 0 
339 5 
340 6 
341 9 
342 11 
343 14 
344 24 
345 52 
346 125 
347 226 
348 383 
349 594 
350 898 
351 1405 
352 1931 
353 3042 
354 4398 
355 6112 
356 8270 
357 11312 
358 15088 
359 19875 
360 26524 
361 35291 
362 45090 
363 58061 
364 73809 
365 93320 
366 116669 
367 146829 
368 183655 
369 227155 
370 276165 
371 336435 
372 406878 
373 488622 
374 584965 
375 696765 
376 822832 
377 970589 
378 1.14088e+06 
379 1.33753e+06 
380 1.5623e+06 
381 1.8184e+06 
382 2.10909e+06 
383 2.4378e+06 
384 2.81173e+06 
385 3.23742e+06 
386 3.72046e+06 
387 4.26475e+06 
388 4.89241e+06 
389 5.61671e+06 
390 6.43336e+06 
391 7.3636e+06 
392 8.42962e+06 
393 9.62197e+06 
394 1.09812e+07 
395 1.25217e+07 
396 1.42457e+07 
397 1.61555e+07 
398 1.82825e+07 
399 2.06558e+07 
400 2.32881e+07 
401 2.61842e+07 
402 2.94056e+07 
403 3.29666e+07 
404 3.69214e+07 
405 4.12711e+07 
406 4.60433e+07 
407 5.11762e+07 
408 5.67256e+07 
409 6.26719e+07 
410 6.90329e+07 
411 7.57708e+07 
412 8.29236e+07 
413 9.04967e+07 
414 9.84884e+07 
415 1.06883e+08 
416 1.15671e+08 
417 1.24891e+08 
418 1.34498e+08 
419 1.44501e+08 
420 1.54854e+08 
421 1.65613e+08 
422 1.76722e+08 
423 1.88176e+08 
424 1.999e+08 
425 2.11938e+08 
426 2.24243e+08 
427 2.36767e+08 
428 2.49436e+08 
429 2.62005e+08 
430 2.74622e+08 
431 2.87042e+08 
432 2.99283e+08 
433 3.11298e+08 
434 3.2292e+08 
435 3.34297e+08 
436 3.45135e+08 
437 3.55503e+08 
438 3.65309e+08 
439 3.74437e+08 
440 3.82826e+08 
441 3.9046e+08 
442 3.9739e+08 
443 4.03457e+08 
444 4.08769e+08 
445 4.13266e+08 
446 4.16884e+08 
447 4.19723e+08 
448 4.21838e+08 
449 4.23037e+08 
450 4.23527e+08 
451 4.23163e+08 
452 4.22061e+08 
453 4.20224e+08 
454 4.1767e+08 
455 4.14331e+08 
456 4.10345e+08 
457 4.05631e+08 
458 4.00406e+08 
459 3.94668e+08 
460 3.88468e+08 
461 3.8195e+08 
462 3.751e+08 
463 3.68102e+08 
464 3.60898e+08 
465 3.53603e+08 
466 3.46268e+08 
467 3.38857e+08 
468 3.31411e+08 
469 3.23993e+08 
470 3.16457e+08 
471 3.08893e+08 
472 3.01276e+08 
473 2.93744e+08 
474 2.86184e+08 
475 2.78685e+08 
476 2.71206e+08 
477 2.63651e+08 
478 2.56093e+08 
479 2.48582e+08 
480 2.40988e+08 
481 2.33363e+08 
482 2.25612e+08 
483 2.17743e+08 
484 2.09666e+08 
485 2.01427e+08 
486 1.93026e+08 
487 1.8449e+08 
488 1.75859e+08 
489 1.67129e+08 
490 1.58397e+08 
491 1.49632e+08 
492 1.40841e+08 
493 1.32168e+08 
494 1.23619e+08 
495 1.15269e+08 
496 1.07116e+08 
497 9.91956e+07 
498 9.15785e+07 
499 8.4288e+07 
500 7.73618e+07 
501 7.08233e+07 
502 6.46773e+07 
503 5.89254e+07 
504 5.35352e+07 
505 4.85555e+07 
506 4.39623e+07 
507 3.97294e+07 
508 3.58607e+07 
509 3.2323e+07 
510 2.91213e+07 
511 2.61806e+07 
512 2.35336e+07 
513 2.11334e+07 
514 1.89384e+07 
515 1.69389e+07 
516 1.51305e+07 
517 1.34993e+07 
518 1.2035e+07 
519 1.07198e+07 
520 9.55216e+06 
521 8.48712e+06 
522 7.53906e+06 
523 6.68448e+06 
524 5.92228e+06 
525 5.24725e+06 
526 4.64163e+06 
527 4.10185e+06 
528 3.61908e+06 
529 3.19651e+06 
530 2.81069e+06 
531 2.46943e+06 
532 2.15913e+06 
533 1.87586e+06 
534 1.61912e+06 
535 1.38753e+06 
536 1.18536e+06 
537 1.00384e+06 
538 840872 
539 700573 
540 578472 
541 473371 
542 384662 
543 310683 
544 249108 
545 197657 
546 155967 
547 121398 
548 93835 
549 72136 
550 55553 
551 42298 
552 31381 
553 23189 
554 17067 
555 12231 
556 8917 
557 6716 
558 5078 
559 3947 
560 2793 
561 2285 
562 1728 
563 1308 
564 913 
565 670 
566 506 
567 355 
568 216 
569 148 
570 117 
571 60 
572 52 
573 41 
574 50 
575 40 
576 36 
577 17 
578 16 
579 10 
580 4 
581 3 
582 0 
583 0 
584 0 
585 0 
586 0 
587 0 
588 0 
589 0 
590 0 
591 0 
592 0 
593 0 
594 0 
595 0 
596 0 
597 0 
598 0 
599 0 
600 0 
601 0 
602 0 
603 0 
604 0 
605 0 
606 0 
607 0 
608 0 
609 0 
610 0 
611 0 
612 0 
613 0 
614 0 
615 0 
616 0 
617 0 
618 0 
619 0 
620 0 
621 0 
622 0 
623 0 
624 0 
625 0 
626 0 
627 0 
628 0 
629 0 
630 0 
631 0 
632 0 
633 0 
634 0 
635 0 
636 0 
637 0 
638 0 
639 0 
640 0 
641 0 
642 0 
643 0 
644 0 
645 0 
646 0 
647 0 
648 0 
649 0 
650 0 
651 0 
652 0 
653 0 
654 0 
655 0 
656 0 
657 0 
658 0 
659 0 
660 0 
661 0 
662 0 
663 0 
664 0 
665 0 
666 0 
667 0 
668 0 
669 0 
670 0 
671 0 
672 0 
673 0 
674 0 
675 0 
676 0 
677 0 
678 0 
679 0 
680 0 
681 0 
682 0 
683 0 
684 0 
685 0 
686 0 
687 0 
688 0 
689 0 
690 0 
691 0 
692 0 
693 0 
694 0 
695 0 
696 0 
697 0 
698 0 
699 0 
700 0 
701 0 
702 0 
703 0 
704 0 
705 0 
706 0 
707 0 
708 0 
709 0 
710 0 
711 0 
712 0 
713 0 
714 0 
715 0 
716 0 
717 0 
718 0 
719 0 
720 0 
721 0 
722 0 
723 0 
724 0 
725 0 
726 0 
727 0 
728 0 
729 0 
730 0 
731 0 
732 0 
733 0 
734 0 
735 0 
736 0 
737 0 
738 0 
739 0 
740 0 
741 0 
742 0 
743 0 
744 0 
745 0 
746 0 
747 0 
748 0 
749 0 
750 0 
751 0 
752 0 
753 0 
754 0 
755 0 
756 0 
757 0 
758 0 
759 0 
760 0 
761 0 
762 0 
763 0 
764 0 
765 0 
766 0 
767 0 
768 0 
769 0 
770 0 
771 0 
772 0 
773 0 
774 0 
775 0 
776 0 
777 0 
778 0 
779 0 
780 0 
781 0 
782 0 
783 0 
784 0 
785 0 
786 0 
787 0 
788 0 
789 0 
790 0 
791 0 
792 0 
793 0 
794 0 
795 0 
796 0 
797 0 
798 0 
799 0 
