0 0 
1 0 
2 0 
3 0 
4 0 
5 0 
6 0 
7 0 
8 0 
9 0 
10 0 
11 0 
12 0 
13 0 
14 0 
15 0 
16 0 
17 0 
18 0 
19 0 
20 0 
21 0 
22 0 
23 0 
24 0 
25 0 
26 0 
27 0 
28 0 
29 0 
30 0 
31 0 
32 0 
33 0 
34 0 
35 0 
36 0 
37 0 
38 0 
39 0 
40 0 
41 0 
42 0 
43 0 
44 0 
45 0 
46 0 
47 0 
48 0 
49 0 
50 0 
51 0 
52 0 
53 0 
54 0 
55 0 
56 0 
57 0 
58 0 
59 0 
60 0 
61 0 
62 0 
63 0 
64 0 
65 0 
66 0 
67 0 
68 0 
69 0 
70 0 
71 0 
72 0 
73 0 
74 0 
75 0 
76 0 
77 0 
78 0 
79 0 
80 0 
81 0 
82 0 
83 0 
84 0 
85 0 
86 0 
87 0 
88 0 
89 0 
90 0 
91 0 
92 0 
93 0 
94 0 
95 0 
96 0 
97 0 
98 0 
99 0 
100 0 
101 0 
102 0 
103 0 
104 0 
105 0 
106 0 
107 0 
108 0 
109 0 
110 0 
111 0 
112 0 
113 0 
114 0 
115 0 
116 0 
117 0 
118 0 
119 0 
120 0 
121 0 
122 0 
123 0 
124 0 
125 0 
126 0 
127 0 
128 0 
129 0 
130 0 
131 0 
132 0 
133 0 
134 0 
135 0 
136 0 
137 0 
138 0 
139 0 
140 0 
141 0 
142 0 
143 0 
144 0 
145 0 
146 0 
147 0 
148 0 
149 0 
150 0 
151 0 
152 0 
153 0 
154 0 
155 0 
156 0 
157 0 
158 0 
159 0 
160 0 
161 0 
162 0 
163 0 
164 0 
165 0 
166 0 
167 0 
168 0 
169 0 
170 0 
171 0 
172 0 
173 0 
174 0 
175 0 
176 0 
177 0 
178 0 
179 0 
180 0 
181 0 
182 0 
183 0 
184 0 
185 0 
186 0 
187 0 
188 0 
189 0 
190 0 
191 0 
192 0 
193 0 
194 0 
195 0 
196 0 
197 0 
198 0 
199 0 
200 0 
201 0 
202 0 
203 0 
204 0 
205 0 
206 0 
207 0 
208 0 
209 0 
210 0 
211 0 
212 0 
213 0 
214 0 
215 0 
216 0 
217 0 
218 0 
219 0 
220 0 
221 0 
222 0 
223 0 
224 0 
225 0 
226 0 
227 0 
228 0 
229 0 
230 0 
231 0 
232 0 
233 0 
234 0 
235 0 
236 0 
237 0 
238 0 
239 0 
240 0 
241 0 
242 0 
243 0 
244 0 
245 0 
246 0 
247 0 
248 0 
249 0 
250 0 
251 0 
252 0 
253 0 
254 0 
255 0 
256 0 
257 0 
258 0 
259 0 
260 0 
261 0 
262 0 
263 0 
264 0 
265 0 
266 0 
267 0 
268 0 
269 0 
270 0 
271 0 
272 0 
273 0 
274 0 
275 0 
276 0 
277 0 
278 0 
279 0 
280 0 
281 0 
282 0 
283 0 
284 0 
285 0 
286 0 
287 0 
288 0 
289 0 
290 0 
291 0 
292 0 
293 0 
294 0 
295 0 
296 0 
297 0 
298 0 
299 0 
300 0 
301 0 
302 0 
303 0 
304 0 
305 0 
306 0 
307 0 
308 0 
309 0 
310 0 
311 0 
312 0 
313 0 
314 0 
315 0 
316 0 
317 0 
318 0 
319 0 
320 0 
321 0 
322 0 
323 0 
324 0 
325 0 
326 0 
327 0 
328 0 
329 0 
330 0 
331 0 
332 0 
333 3 
334 9 
335 37 
336 88 
337 164 
338 246 
339 431 
340 586 
341 793 
342 1088 
343 1457 
344 2055 
345 2718 
346 3872 
347 5055 
348 6656 
349 8895 
350 11303 
351 14815 
352 19046 
353 23968 
354 30603 
355 37474 
356 47441 
357 59300 
358 74779 
359 95603 
360 120344 
361 151734 
362 190117 
363 237866 
364 293462 
365 361381 
366 438981 
367 535956 
368 647192 
369 784299 
370 939886 
371 1.12289e+06 
372 1.33467e+06 
373 1.58052e+06 
374 1.86396e+06 
375 2.19331e+06 
376 2.567e+06 
377 2.99699e+06 
378 3.49933e+06 
379 4.07202e+06 
380 4.73239e+06 
381 5.47486e+06 
382 6.32263e+06 
383 7.2747e+06 
384 8.34494e+06 
385 9.52444e+06 
386 1.08439e+07 
387 1.23142e+07 
388 1.39448e+07 
389 1.57318e+07 
390 1.76819e+07 
391 1.98025e+07 
392 2.21019e+07 
393 2.46125e+07 
394 2.73437e+07 
395 3.03161e+07 
396 3.35224e+07 
397 3.7008e+07 
398 4.07249e+07 
399 4.47212e+07 
400 4.9009e+07 
401 5.35934e+07 
402 5.84818e+07 
403 6.36973e+07 
404 6.92073e+07 
405 7.50752e+07 
406 8.12418e+07 
407 8.77429e+07 
408 9.45938e+07 
409 1.01775e+08 
410 1.09315e+08 
411 1.17187e+08 
412 1.25406e+08 
413 1.33981e+08 
414 1.42877e+08 
415 1.52159e+08 
416 1.61831e+08 
417 1.71943e+08 
418 1.8241e+08 
419 1.93204e+08 
420 2.04328e+08 
421 2.15776e+08 
422 2.27557e+08 
423 2.39482e+08 
424 2.5163e+08 
425 2.63764e+08 
426 2.75846e+08 
427 2.87803e+08 
428 2.99636e+08 
429 3.11111e+08 
430 3.22189e+08 
431 3.32793e+08 
432 3.42869e+08 
433 3.52365e+08 
434 3.61314e+08 
435 3.69703e+08 
436 3.77449e+08 
437 3.84504e+08 
438 3.90789e+08 
439 3.96312e+08 
440 4.01118e+08 
441 4.05177e+08 
442 4.08541e+08 
443 4.11368e+08 
444 4.13674e+08 
445 4.15463e+08 
446 4.16673e+08 
447 4.174e+08 
448 4.17466e+08 
449 4.17007e+08 
450 4.15937e+08 
451 4.14337e+08 
452 4.12052e+08 
453 4.09225e+08 
454 4.05763e+08 
455 4.0174e+08 
456 3.97203e+08 
457 3.92232e+08 
458 3.86818e+08 
459 3.81189e+08 
460 3.75056e+08 
461 3.68646e+08 
462 3.61946e+08 
463 3.54978e+08 
464 3.47637e+08 
465 3.39918e+08 
466 3.31821e+08 
467 3.23319e+08 
468 3.14572e+08 
469 3.05596e+08 
470 2.96262e+08 
471 2.8674e+08 
472 2.76967e+08 
473 2.67012e+08 
474 2.56957e+08 
475 2.46838e+08 
476 2.3669e+08 
477 2.2648e+08 
478 2.16272e+08 
479 2.06086e+08 
480 1.95981e+08 
481 1.8594e+08 
482 1.76034e+08 
483 1.6623e+08 
484 1.56676e+08 
485 1.47338e+08 
486 1.38258e+08 
487 1.29417e+08 
488 1.20839e+08 
489 1.12574e+08 
490 1.04682e+08 
491 9.70985e+07 
492 8.98775e+07 
493 8.29806e+07 
494 7.64633e+07 
495 7.02722e+07 
496 6.44304e+07 
497 5.89615e+07 
498 5.38005e+07 
499 4.89637e+07 
500 4.44816e+07 
501 4.02863e+07 
502 3.64033e+07 
503 3.27629e+07 
504 2.93838e+07 
505 2.62884e+07 
506 2.34668e+07 
507 2.08755e+07 
508 1.85119e+07 
509 1.63541e+07 
510 1.4395e+07 
511 1.26483e+07 
512 1.10736e+07 
513 9.66234e+06 
514 8.40373e+06 
515 7.28272e+06 
516 6.27739e+06 
517 5.38374e+06 
518 4.59096e+06 
519 3.90009e+06 
520 3.29517e+06 
521 2.77083e+06 
522 2.32244e+06 
523 1.94032e+06 
524 1.61416e+06 
525 1.3443e+06 
526 1.11405e+06 
527 924596 
528 771548 
529 643054 
530 537307 
531 450370 
532 378231 
533 319113 
534 267605 
535 223675 
536 185531 
537 152401 
538 125540 
539 102750 
540 83620 
541 67666 
542 54653 
543 43483 
544 35383 
545 29074 
546 23358 
547 18512 
548 14589 
549 11293 
550 8672 
551 6423 
552 4867 
553 4031 
554 3279 
555 2666 
556 2107 
557 1486 
558 1150 
559 826 
560 620 
561 433 
562 278 
563 198 
564 118 
565 88 
566 59 
567 31 
568 20 
569 13 
570 14 
571 11 
572 6 
573 6 
574 1 
575 1 
576 4 
577 0 
578 0 
579 0 
580 0 
581 0 
582 0 
583 0 
584 0 
585 0 
586 0 
587 0 
588 0 
589 0 
590 0 
591 0 
592 0 
593 0 
594 0 
595 0 
596 0 
597 0 
598 0 
599 0 
600 0 
601 0 
602 0 
603 0 
604 0 
605 0 
606 0 
607 0 
608 0 
609 0 
610 0 
611 0 
612 0 
613 0 
614 0 
615 0 
616 0 
617 0 
618 0 
619 0 
620 0 
621 0 
622 0 
623 0 
624 0 
625 0 
626 0 
627 0 
628 0 
629 0 
630 0 
631 0 
632 0 
633 0 
634 0 
635 0 
636 0 
637 0 
638 0 
639 0 
640 0 
641 0 
642 0 
643 0 
644 0 
645 0 
646 0 
647 0 
648 0 
649 0 
650 0 
651 0 
652 0 
653 0 
654 0 
655 0 
656 0 
657 0 
658 0 
659 0 
660 0 
661 0 
662 0 
663 0 
664 0 
665 0 
666 0 
667 0 
668 0 
669 0 
670 0 
671 0 
672 0 
673 0 
674 0 
675 0 
676 0 
677 0 
678 0 
679 0 
680 0 
681 0 
682 0 
683 0 
684 0 
685 0 
686 0 
687 0 
688 0 
689 0 
690 0 
691 0 
692 0 
693 0 
694 0 
695 0 
696 0 
697 0 
698 0 
699 0 
700 0 
701 0 
702 0 
703 0 
704 0 
705 0 
706 0 
707 0 
708 0 
709 0 
710 0 
711 0 
712 0 
713 0 
714 0 
715 0 
716 0 
717 0 
718 0 
719 0 
720 0 
721 0 
722 0 
723 0 
724 0 
725 0 
726 0 
727 0 
728 0 
729 0 
730 0 
731 0 
732 0 
733 0 
734 0 
735 0 
736 0 
737 0 
738 0 
739 0 
740 0 
741 0 
742 0 
743 0 
744 0 
745 0 
746 0 
747 0 
748 0 
749 0 
750 0 
751 0 
752 0 
753 0 
754 0 
755 0 
756 0 
757 0 
758 0 
759 0 
760 0 
761 0 
762 0 
763 0 
764 0 
765 0 
766 0 
767 0 
768 0 
769 0 
770 0 
771 0 
772 0 
773 0 
774 0 
775 0 
776 0 
777 0 
778 0 
779 0 
780 0 
781 0 
782 0 
783 0 
784 0 
785 0 
786 0 
787 0 
788 0 
789 0 
790 0 
791 0 
792 0 
793 0 
794 0 
795 0 
796 0 
797 0 
798 0 
799 0 
