0 0 
1 0 
2 0 
3 0 
4 0 
5 0 
6 0 
7 0 
8 0 
9 0 
10 0 
11 0 
12 0 
13 0 
14 0 
15 0 
16 0 
17 0 
18 0 
19 0 
20 0 
21 0 
22 0 
23 0 
24 0 
25 0 
26 0 
27 0 
28 0 
29 0 
30 0 
31 0 
32 0 
33 0 
34 0 
35 0 
36 0 
37 0 
38 0 
39 0 
40 0 
41 0 
42 0 
43 0 
44 0 
45 0 
46 0 
47 0 
48 0 
49 0 
50 0 
51 0 
52 0 
53 0 
54 0 
55 0 
56 0 
57 0 
58 0 
59 0 
60 0 
61 0 
62 0 
63 0 
64 0 
65 0 
66 0 
67 0 
68 0 
69 0 
70 0 
71 0 
72 0 
73 0 
74 0 
75 0 
76 0 
77 0 
78 0 
79 0 
80 0 
81 0 
82 0 
83 0 
84 0 
85 0 
86 0 
87 0 
88 0 
89 0 
90 0 
91 0 
92 0 
93 0 
94 0 
95 0 
96 0 
97 0 
98 0 
99 0 
100 0 
101 0 
102 0 
103 0 
104 0 
105 0 
106 0 
107 0 
108 0 
109 0 
110 0 
111 0 
112 0 
113 0 
114 0 
115 0 
116 0 
117 0 
118 0 
119 0 
120 0 
121 0 
122 0 
123 0 
124 0 
125 0 
126 0 
127 0 
128 0 
129 0 
130 0 
131 0 
132 0 
133 0 
134 0 
135 0 
136 0 
137 0 
138 0 
139 0 
140 0 
141 0 
142 0 
143 0 
144 0 
145 0 
146 0 
147 0 
148 0 
149 0 
150 0 
151 0 
152 0 
153 0 
154 0 
155 0 
156 0 
157 0 
158 0 
159 0 
160 0 
161 0 
162 0 
163 0 
164 0 
165 0 
166 0 
167 0 
168 0 
169 0 
170 0 
171 0 
172 0 
173 0 
174 0 
175 0 
176 0 
177 0 
178 0 
179 0 
180 0 
181 0 
182 0 
183 0 
184 0 
185 0 
186 0 
187 0 
188 0 
189 0 
190 0 
191 0 
192 0 
193 0 
194 0 
195 0 
196 0 
197 0 
198 0 
199 0 
200 0 
201 0 
202 0 
203 0 
204 0 
205 0 
206 0 
207 0 
208 0 
209 0 
210 0 
211 0 
212 0 
213 0 
214 0 
215 0 
216 0 
217 0 
218 0 
219 0 
220 0 
221 0 
222 0 
223 0 
224 0 
225 0 
226 0 
227 0 
228 0 
229 0 
230 0 
231 0 
232 0 
233 0 
234 0 
235 0 
236 0 
237 0 
238 0 
239 0 
240 0 
241 0 
242 0 
243 0 
244 0 
245 0 
246 0 
247 0 
248 0 
249 0 
250 0 
251 0 
252 0 
253 0 
254 0 
255 0 
256 0 
257 0 
258 0 
259 0 
260 0 
261 0 
262 0 
263 0 
264 0 
265 0 
266 0 
267 0 
268 0 
269 0 
270 0 
271 0 
272 0 
273 0 
274 0 
275 0 
276 0 
277 0 
278 0 
279 0 
280 0 
281 0 
282 0 
283 0 
284 0 
285 0 
286 0 
287 0 
288 0 
289 0 
290 0 
291 0 
292 0 
293 0 
294 0 
295 0 
296 0 
297 0 
298 0 
299 0 
300 0 
301 0 
302 0 
303 0 
304 0 
305 0 
306 0 
307 0 
308 0 
309 0 
310 0 
311 0 
312 0 
313 0 
314 0 
315 0 
316 0 
317 0 
318 0 
319 0 
320 0 
321 0 
322 0 
323 0 
324 0 
325 0 
326 0 
327 0 
328 0 
329 0 
330 0 
331 0 
332 0 
333 0 
334 0 
335 0 
336 0 
337 2 
338 4 
339 19 
340 23 
341 50 
342 76 
343 95 
344 157 
345 247 
346 421 
347 676 
348 1021 
349 1587 
350 2317 
351 3275 
352 4626 
353 6349 
354 8510 
355 11240 
356 15169 
357 20174 
358 27013 
359 35800 
360 47045 
361 62499 
362 82284 
363 107720 
364 140906 
365 182474 
366 234082 
367 296765 
368 371773 
369 462306 
370 570393 
371 700177 
372 850680 
373 1.03195e+06 
374 1.2424e+06 
375 1.48164e+06 
376 1.76607e+06 
377 2.08877e+06 
378 2.46079e+06 
379 2.87182e+06 
380 3.33144e+06 
381 3.84316e+06 
382 4.41262e+06 
383 5.03202e+06 
384 5.71742e+06 
385 6.45869e+06 
386 7.2589e+06 
387 8.11153e+06 
388 9.02691e+06 
389 9.99408e+06 
390 1.10054e+07 
391 1.20809e+07 
392 1.32257e+07 
393 1.44285e+07 
394 1.57031e+07 
395 1.70332e+07 
396 1.84097e+07 
397 1.98571e+07 
398 2.13729e+07 
399 2.29508e+07 
400 2.46185e+07 
401 2.63555e+07 
402 2.81952e+07 
403 3.01414e+07 
404 3.21991e+07 
405 3.44048e+07 
406 3.67748e+07 
407 3.93471e+07 
408 4.21242e+07 
409 4.51384e+07 
410 4.84076e+07 
411 5.19433e+07 
412 5.57873e+07 
413 5.98908e+07 
414 6.43111e+07 
415 6.90927e+07 
416 7.4187e+07 
417 7.97212e+07 
418 8.56498e+07 
419 9.19693e+07 
420 9.87138e+07 
421 1.05913e+08 
422 1.13607e+08 
423 1.21756e+08 
424 1.30421e+08 
425 1.39593e+08 
426 1.49324e+08 
427 1.59545e+08 
428 1.70255e+08 
429 1.8145e+08 
430 1.92986e+08 
431 2.04957e+08 
432 2.17306e+08 
433 2.2997e+08 
434 2.42986e+08 
435 2.56228e+08 
436 2.6976e+08 
437 2.83567e+08 
438 2.97537e+08 
439 3.11663e+08 
440 3.25782e+08 
441 3.39831e+08 
442 3.53819e+08 
443 3.67566e+08 
444 3.81099e+08 
445 3.94159e+08 
446 4.06744e+08 
447 4.18675e+08 
448 4.29963e+08 
449 4.40437e+08 
450 4.50021e+08 
451 4.58627e+08 
452 4.66183e+08 
453 4.72574e+08 
454 4.77726e+08 
455 4.81732e+08 
456 4.84355e+08 
457 4.85777e+08 
458 4.85877e+08 
459 4.84662e+08 
460 4.8206e+08 
461 4.78112e+08 
462 4.72789e+08 
463 4.66213e+08 
464 4.58452e+08 
465 4.49467e+08 
466 4.3949e+08 
467 4.28582e+08 
468 4.17004e+08 
469 4.04842e+08 
470 3.92182e+08 
471 3.79115e+08 
472 3.65738e+08 
473 3.52266e+08 
474 3.38601e+08 
475 3.24862e+08 
476 3.11026e+08 
477 2.97235e+08 
478 2.8357e+08 
479 2.69927e+08 
480 2.56447e+08 
481 2.43235e+08 
482 2.30303e+08 
483 2.17698e+08 
484 2.05463e+08 
485 1.93636e+08 
486 1.82218e+08 
487 1.7125e+08 
488 1.60737e+08 
489 1.50715e+08 
490 1.41244e+08 
491 1.32347e+08 
492 1.23942e+08 
493 1.16074e+08 
494 1.08698e+08 
495 1.01806e+08 
496 9.54271e+07 
497 8.94863e+07 
498 8.40138e+07 
499 7.89191e+07 
500 7.4158e+07 
501 6.96977e+07 
502 6.55021e+07 
503 6.15525e+07 
504 5.78211e+07 
505 5.42854e+07 
506 5.09261e+07 
507 4.7719e+07 
508 4.46583e+07 
509 4.16876e+07 
510 3.8818e+07 
511 3.60661e+07 
512 3.33957e+07 
513 3.08485e+07 
514 2.83891e+07 
515 2.60125e+07 
516 2.37305e+07 
517 2.156e+07 
518 1.94853e+07 
519 1.74958e+07 
520 1.56255e+07 
521 1.38484e+07 
522 1.22209e+07 
523 1.07152e+07 
524 9.34228e+06 
525 8.08996e+06 
526 6.96153e+06 
527 5.95583e+06 
528 5.06545e+06 
529 4.27378e+06 
530 3.58249e+06 
531 2.98416e+06 
532 2.47029e+06 
533 2.0349e+06 
534 1.66792e+06 
535 1.35368e+06 
536 1.09125e+06 
537 871434 
538 691055 
539 545489 
540 426554 
541 330020 
542 254910 
543 193645 
544 146904 
545 110194 
546 81067 
547 60080 
548 43229 
549 30917 
550 22427 
551 16112 
552 11654 
553 8341 
554 5963 
555 4228 
556 3086 
557 2210 
558 1565 
559 1036 
560 687 
561 436 
562 290 
563 205 
564 104 
565 63 
566 52 
567 45 
568 29 
569 25 
570 1 
571 4 
572 2 
573 0 
574 0 
575 0 
576 0 
577 0 
578 0 
579 0 
580 0 
581 0 
582 0 
583 0 
584 0 
585 0 
586 0 
587 0 
588 0 
589 0 
590 0 
591 0 
592 0 
593 0 
594 0 
595 0 
596 0 
597 0 
598 0 
599 0 
600 0 
601 0 
602 0 
603 0 
604 0 
605 0 
606 0 
607 0 
608 0 
609 0 
610 0 
611 0 
612 0 
613 0 
614 0 
615 0 
616 0 
617 0 
618 0 
619 0 
620 0 
621 0 
622 0 
623 0 
624 0 
625 0 
626 0 
627 0 
628 0 
629 0 
630 0 
631 0 
632 0 
633 0 
634 0 
635 0 
636 0 
637 0 
638 0 
639 0 
640 0 
641 0 
642 0 
643 0 
644 0 
645 0 
646 0 
647 0 
648 0 
649 0 
650 0 
651 0 
652 0 
653 0 
654 0 
655 0 
656 0 
657 0 
658 0 
659 0 
660 0 
661 0 
662 0 
663 0 
664 0 
665 0 
666 0 
667 0 
668 0 
669 0 
670 0 
671 0 
672 0 
673 0 
674 0 
675 0 
676 0 
677 0 
678 0 
679 0 
680 0 
681 0 
682 0 
683 0 
684 0 
685 0 
686 0 
687 0 
688 0 
689 0 
690 0 
691 0 
692 0 
693 0 
694 0 
695 0 
696 0 
697 0 
698 0 
699 0 
700 0 
701 0 
702 0 
703 0 
704 0 
705 0 
706 0 
707 0 
708 0 
709 0 
710 0 
711 0 
712 0 
713 0 
714 0 
715 0 
716 0 
717 0 
718 0 
719 0 
720 0 
721 0 
722 0 
723 0 
724 0 
725 0 
726 0 
727 0 
728 0 
729 0 
730 0 
731 0 
732 0 
733 0 
734 0 
735 0 
736 0 
737 0 
738 0 
739 0 
740 0 
741 0 
742 0 
743 0 
744 0 
745 0 
746 0 
747 0 
748 0 
749 0 
750 0 
751 0 
752 0 
753 0 
754 0 
755 0 
756 0 
757 0 
758 0 
759 0 
760 0 
761 0 
762 0 
763 0 
764 0 
765 0 
766 0 
767 0 
768 0 
769 0 
770 0 
771 0 
772 0 
773 0 
774 0 
775 0 
776 0 
777 0 
778 0 
779 0 
780 0 
781 0 
782 0 
783 0 
784 0 
785 0 
786 0 
787 0 
788 0 
789 0 
790 0 
791 0 
792 0 
793 0 
794 0 
795 0 
796 0 
797 0 
798 0 
799 0 
