0 0 
1 0 
2 0 
3 0 
4 0 
5 0 
6 0 
7 0 
8 0 
9 0 
10 0 
11 0 
12 0 
13 0 
14 0 
15 0 
16 0 
17 0 
18 0 
19 0 
20 0 
21 0 
22 0 
23 0 
24 0 
25 0 
26 0 
27 0 
28 0 
29 0 
30 0 
31 0 
32 0 
33 0 
34 0 
35 0 
36 0 
37 0 
38 0 
39 0 
40 0 
41 0 
42 0 
43 0 
44 0 
45 0 
46 0 
47 0 
48 0 
49 0 
50 0 
51 0 
52 0 
53 0 
54 0 
55 0 
56 0 
57 0 
58 0 
59 0 
60 0 
61 0 
62 0 
63 0 
64 0 
65 0 
66 0 
67 0 
68 0 
69 0 
70 0 
71 0 
72 0 
73 0 
74 0 
75 0 
76 0 
77 0 
78 0 
79 0 
80 0 
81 0 
82 0 
83 0 
84 0 
85 0 
86 0 
87 0 
88 0 
89 0 
90 0 
91 0 
92 0 
93 0 
94 0 
95 0 
96 0 
97 0 
98 0 
99 0 
100 0 
101 0 
102 0 
103 0 
104 0 
105 0 
106 0 
107 0 
108 0 
109 0 
110 0 
111 0 
112 0 
113 0 
114 0 
115 0 
116 0 
117 0 
118 0 
119 0 
120 0 
121 0 
122 0 
123 0 
124 0 
125 0 
126 0 
127 0 
128 0 
129 0 
130 0 
131 0 
132 0 
133 0 
134 0 
135 0 
136 0 
137 0 
138 0 
139 0 
140 0 
141 0 
142 0 
143 0 
144 0 
145 0 
146 0 
147 0 
148 0 
149 0 
150 0 
151 0 
152 0 
153 0 
154 0 
155 0 
156 0 
157 0 
158 0 
159 0 
160 0 
161 0 
162 0 
163 0 
164 0 
165 0 
166 0 
167 0 
168 0 
169 0 
170 0 
171 0 
172 0 
173 0 
174 0 
175 0 
176 0 
177 0 
178 0 
179 0 
180 0 
181 0 
182 0 
183 0 
184 0 
185 0 
186 0 
187 0 
188 0 
189 0 
190 0 
191 0 
192 0 
193 0 
194 0 
195 0 
196 0 
197 0 
198 0 
199 0 
200 0 
201 0 
202 0 
203 0 
204 0 
205 0 
206 0 
207 0 
208 0 
209 0 
210 0 
211 0 
212 0 
213 0 
214 0 
215 0 
216 0 
217 0 
218 0 
219 0 
220 0 
221 0 
222 0 
223 0 
224 0 
225 0 
226 0 
227 0 
228 0 
229 0 
230 0 
231 0 
232 0 
233 0 
234 0 
235 0 
236 0 
237 0 
238 0 
239 0 
240 0 
241 0 
242 0 
243 0 
244 0 
245 0 
246 0 
247 0 
248 0 
249 0 
250 0 
251 0 
252 0 
253 0 
254 0 
255 0 
256 0 
257 0 
258 0 
259 0 
260 0 
261 0 
262 0 
263 0 
264 0 
265 0 
266 0 
267 0 
268 0 
269 0 
270 0 
271 0 
272 0 
273 0 
274 0 
275 0 
276 0 
277 0 
278 0 
279 0 
280 0 
281 0 
282 0 
283 0 
284 0 
285 0 
286 0 
287 0 
288 0 
289 0 
290 0 
291 0 
292 0 
293 0 
294 0 
295 0 
296 0 
297 0 
298 0 
299 0 
300 0 
301 0 
302 0 
303 0 
304 0 
305 0 
306 0 
307 0 
308 0 
309 0 
310 0 
311 0 
312 0 
313 0 
314 0 
315 0 
316 0 
317 0 
318 0 
319 0 
320 0 
321 0 
322 0 
323 0 
324 0 
325 0 
326 0 
327 0 
328 0 
329 0 
330 0 
331 0 
332 0 
333 0 
334 0 
335 0 
336 0 
337 0 
338 0 
339 0 
340 0 
341 0 
342 2 
343 1 
344 2 
345 1 
346 7 
347 8 
348 12 
349 16 
350 16 
351 35 
352 44 
353 63 
354 107 
355 192 
356 303 
357 413 
358 654 
359 991 
360 1473 
361 2143 
362 2984 
363 4173 
364 5891 
365 7978 
366 10510 
367 14805 
368 20240 
369 27189 
370 37209 
371 50228 
372 67606 
373 90334 
374 120670 
375 159076 
376 207761 
377 266662 
378 340972 
379 435734 
380 550890 
381 695226 
382 872461 
383 1.08707e+06 
384 1.34383e+06 
385 1.65374e+06 
386 2.01867e+06 
387 2.46947e+06 
388 2.99771e+06 
389 3.63752e+06 
390 4.38993e+06 
391 5.26853e+06 
392 6.29943e+06 
393 7.48491e+06 
394 8.83879e+06 
395 1.03937e+07 
396 1.2157e+07 
397 1.41422e+07 
398 1.63908e+07 
399 1.89026e+07 
400 2.16811e+07 
401 2.47418e+07 
402 2.80918e+07 
403 3.17556e+07 
404 3.57325e+07 
405 4.00669e+07 
406 4.47341e+07 
407 4.97417e+07 
408 5.51151e+07 
409 6.08731e+07 
410 6.70355e+07 
411 7.35925e+07 
412 8.05417e+07 
413 8.78739e+07 
414 9.56161e+07 
415 1.03736e+08 
416 1.1223e+08 
417 1.21113e+08 
418 1.30225e+08 
419 1.39645e+08 
420 1.4927e+08 
421 1.59173e+08 
422 1.692e+08 
423 1.79444e+08 
424 1.89848e+08 
425 2.00316e+08 
426 2.10872e+08 
427 2.21459e+08 
428 2.32133e+08 
429 2.42765e+08 
430 2.53464e+08 
431 2.6409e+08 
432 2.74646e+08 
433 2.84979e+08 
434 2.95048e+08 
435 3.04847e+08 
436 3.1429e+08 
437 3.23482e+08 
438 3.3236e+08 
439 3.40732e+08 
440 3.48765e+08 
441 3.56326e+08 
442 3.63422e+08 
443 3.70024e+08 
444 3.76086e+08 
445 3.81544e+08 
446 3.86431e+08 
447 3.90718e+08 
448 3.94485e+08 
449 3.97685e+08 
450 4.00394e+08 
451 4.02647e+08 
452 4.04295e+08 
453 4.05488e+08 
454 4.06314e+08 
455 4.06774e+08 
456 4.0674e+08 
457 4.06301e+08 
458 4.0548e+08 
459 4.04085e+08 
460 4.02264e+08 
461 3.99902e+08 
462 3.97026e+08 
463 3.93651e+08 
464 3.89766e+08 
465 3.85432e+08 
466 3.80594e+08 
467 3.75197e+08 
468 3.69305e+08 
469 3.629e+08 
470 3.56006e+08 
471 3.48606e+08 
472 3.40835e+08 
473 3.3257e+08 
474 3.23897e+08 
475 3.14797e+08 
476 3.05404e+08 
477 2.95575e+08 
478 2.85549e+08 
479 2.7526e+08 
480 2.64861e+08 
481 2.54341e+08 
482 2.43794e+08 
483 2.33209e+08 
484 2.22676e+08 
485 2.12227e+08 
486 2.01832e+08 
487 1.91607e+08 
488 1.81567e+08 
489 1.71789e+08 
490 1.62247e+08 
491 1.52975e+08 
492 1.4394e+08 
493 1.35182e+08 
494 1.26723e+08 
495 1.18563e+08 
496 1.10688e+08 
497 1.03124e+08 
498 9.58308e+07 
499 8.88642e+07 
500 8.21637e+07 
501 7.57572e+07 
502 6.96912e+07 
503 6.38928e+07 
504 5.8453e+07 
505 5.33513e+07 
506 4.85602e+07 
507 4.40946e+07 
508 3.99282e+07 
509 3.60737e+07 
510 3.25179e+07 
511 2.92486e+07 
512 2.63007e+07 
513 2.36227e+07 
514 2.11782e+07 
515 1.89562e+07 
516 1.69404e+07 
517 1.51317e+07 
518 1.34855e+07 
519 1.19955e+07 
520 1.06529e+07 
521 9.45676e+06 
522 8.3878e+06 
523 7.41641e+06 
524 6.5486e+06 
525 5.76034e+06 
526 5.0577e+06 
527 4.43263e+06 
528 3.87687e+06 
529 3.38607e+06 
530 2.94606e+06 
531 2.55319e+06 
532 2.19849e+06 
533 1.88211e+06 
534 1.60785e+06 
535 1.36897e+06 
536 1.15798e+06 
537 973069 
538 813863 
539 677706 
540 563375 
541 465698 
542 381525 
543 313178 
544 253145 
545 201611 
546 161038 
547 126382 
548 100623 
549 78659 
550 60743 
551 46988 
552 35362 
553 27025 
554 20061 
555 15362 
556 11525 
557 8341 
558 6018 
559 4285 
560 2866 
561 1944 
562 1430 
563 917 
564 663 
565 478 
566 258 
567 121 
568 74 
569 48 
570 25 
571 20 
572 25 
573 10 
574 6 
575 0 
576 0 
577 0 
578 0 
579 0 
580 0 
581 0 
582 0 
583 0 
584 0 
585 0 
586 0 
587 0 
588 0 
589 0 
590 0 
591 0 
592 0 
593 0 
594 0 
595 0 
596 0 
597 0 
598 0 
599 0 
600 0 
601 0 
602 0 
603 0 
604 0 
605 0 
606 0 
607 0 
608 0 
609 0 
610 0 
611 0 
612 0 
613 0 
614 0 
615 0 
616 0 
617 0 
618 0 
619 0 
620 0 
621 0 
622 0 
623 0 
624 0 
625 0 
626 0 
627 0 
628 0 
629 0 
630 0 
631 0 
632 0 
633 0 
634 0 
635 0 
636 0 
637 0 
638 0 
639 0 
640 0 
641 0 
642 0 
643 0 
644 0 
645 0 
646 0 
647 0 
648 0 
649 0 
650 0 
651 0 
652 0 
653 0 
654 0 
655 0 
656 0 
657 0 
658 0 
659 0 
660 0 
661 0 
662 0 
663 0 
664 0 
665 0 
666 0 
667 0 
668 0 
669 0 
670 0 
671 0 
672 0 
673 0 
674 0 
675 0 
676 0 
677 0 
678 0 
679 0 
680 0 
681 0 
682 0 
683 0 
684 0 
685 0 
686 0 
687 0 
688 0 
689 0 
690 0 
691 0 
692 0 
693 0 
694 0 
695 0 
696 0 
697 0 
698 0 
699 0 
700 0 
701 0 
702 0 
703 0 
704 0 
705 0 
706 0 
707 0 
708 0 
709 0 
710 0 
711 0 
712 0 
713 0 
714 0 
715 0 
716 0 
717 0 
718 0 
719 0 
720 0 
721 0 
722 0 
723 0 
724 0 
725 0 
726 0 
727 0 
728 0 
729 0 
730 0 
731 0 
732 0 
733 0 
734 0 
735 0 
736 0 
737 0 
738 0 
739 0 
740 0 
741 0 
742 0 
743 0 
744 0 
745 0 
746 0 
747 0 
748 0 
749 0 
750 0 
751 0 
752 0 
753 0 
754 0 
755 0 
756 0 
757 0 
758 0 
759 0 
760 0 
761 0 
762 0 
763 0 
764 0 
765 0 
766 0 
767 0 
768 0 
769 0 
770 0 
771 0 
772 0 
773 0 
774 0 
775 0 
776 0 
777 0 
778 0 
779 0 
780 0 
781 0 
782 0 
783 0 
784 0 
785 0 
786 0 
787 0 
788 0 
789 0 
790 0 
791 0 
792 0 
793 0 
794 0 
795 0 
796 0 
797 0 
798 0 
799 0 
