0 0 
1 0 
2 0 
3 0 
4 0 
5 0 
6 0 
7 0 
8 0 
9 0 
10 0 
11 0 
12 0 
13 0 
14 0 
15 0 
16 0 
17 0 
18 0 
19 0 
20 0 
21 0 
22 0 
23 0 
24 0 
25 0 
26 0 
27 0 
28 0 
29 0 
30 0 
31 0 
32 0 
33 0 
34 0 
35 0 
36 0 
37 0 
38 0 
39 0 
40 0 
41 0 
42 0 
43 0 
44 0 
45 0 
46 0 
47 0 
48 0 
49 0 
50 0 
51 0 
52 0 
53 0 
54 0 
55 0 
56 0 
57 0 
58 0 
59 0 
60 0 
61 0 
62 0 
63 0 
64 0 
65 0 
66 0 
67 0 
68 0 
69 0 
70 0 
71 0 
72 0 
73 0 
74 0 
75 0 
76 0 
77 0 
78 0 
79 0 
80 0 
81 0 
82 0 
83 0 
84 0 
85 0 
86 0 
87 0 
88 0 
89 0 
90 0 
91 0 
92 0 
93 0 
94 0 
95 0 
96 0 
97 0 
98 0 
99 0 
100 0 
101 0 
102 0 
103 0 
104 0 
105 0 
106 0 
107 0 
108 0 
109 0 
110 0 
111 0 
112 0 
113 0 
114 0 
115 0 
116 0 
117 0 
118 0 
119 0 
120 0 
121 0 
122 0 
123 0 
124 0 
125 0 
126 0 
127 0 
128 0 
129 0 
130 0 
131 0 
132 0 
133 0 
134 0 
135 0 
136 0 
137 0 
138 0 
139 0 
140 0 
141 0 
142 0 
143 0 
144 0 
145 0 
146 0 
147 0 
148 0 
149 0 
150 0 
151 0 
152 0 
153 0 
154 0 
155 0 
156 0 
157 0 
158 0 
159 0 
160 0 
161 0 
162 0 
163 0 
164 0 
165 0 
166 0 
167 0 
168 0 
169 0 
170 0 
171 0 
172 0 
173 0 
174 0 
175 0 
176 0 
177 0 
178 0 
179 0 
180 0 
181 0 
182 0 
183 0 
184 0 
185 0 
186 0 
187 0 
188 0 
189 0 
190 0 
191 0 
192 0 
193 0 
194 0 
195 0 
196 0 
197 0 
198 0 
199 0 
200 0 
201 0 
202 0 
203 0 
204 0 
205 0 
206 0 
207 0 
208 0 
209 0 
210 0 
211 0 
212 0 
213 0 
214 0 
215 0 
216 0 
217 0 
218 0 
219 0 
220 0 
221 0 
222 0 
223 0 
224 0 
225 0 
226 0 
227 0 
228 0 
229 0 
230 0 
231 0 
232 0 
233 0 
234 0 
235 0 
236 0 
237 0 
238 0 
239 0 
240 0 
241 0 
242 0 
243 0 
244 0 
245 0 
246 0 
247 0 
248 0 
249 0 
250 0 
251 0 
252 0 
253 0 
254 0 
255 0 
256 0 
257 0 
258 0 
259 0 
260 0 
261 0 
262 0 
263 0 
264 0 
265 0 
266 0 
267 0 
268 0 
269 0 
270 0 
271 0 
272 0 
273 0 
274 0 
275 0 
276 0 
277 0 
278 0 
279 0 
280 0 
281 0 
282 0 
283 0 
284 0 
285 0 
286 0 
287 0 
288 0 
289 0 
290 0 
291 0 
292 0 
293 0 
294 0 
295 0 
296 0 
297 0 
298 0 
299 0 
300 0 
301 0 
302 0 
303 0 
304 0 
305 0 
306 0 
307 0 
308 0 
309 0 
310 0 
311 0 
312 0 
313 0 
314 0 
315 0 
316 0 
317 0 
318 0 
319 0 
320 0 
321 0 
322 0 
323 0 
324 0 
325 0 
326 0 
327 0 
328 0 
329 0 
330 0 
331 0 
332 0 
333 0 
334 0 
335 0 
336 0 
337 0 
338 0 
339 0 
340 0 
341 0 
342 0 
343 0 
344 0 
345 0 
346 0 
347 0 
348 0 
349 0 
350 0 
351 0 
352 0 
353 0 
354 0 
355 0 
356 0 
357 1 
358 1 
359 5 
360 5 
361 5 
362 9 
363 9 
364 11 
365 25 
366 57 
367 86 
368 124 
369 194 
370 319 
371 492 
372 827 
373 1385 
374 2154 
375 3177 
376 4671 
377 6611 
378 9260 
379 12970 
380 17763 
381 23788 
382 31232 
383 41553 
384 55535 
385 72555 
386 94654 
387 122370 
388 157741 
389 198998 
390 250245 
391 312924 
392 390273 
393 485589 
394 599222 
395 735230 
396 896972 
397 1.09087e+06 
398 1.32613e+06 
399 1.60453e+06 
400 1.92694e+06 
401 2.31195e+06 
402 2.76081e+06 
403 3.29521e+06 
404 3.91514e+06 
405 4.6442e+06 
406 5.48036e+06 
407 6.44583e+06 
408 7.55614e+06 
409 8.82285e+06 
410 1.02652e+07 
411 1.1899e+07 
412 1.37535e+07 
413 1.5836e+07 
414 1.81909e+07 
415 2.08021e+07 
416 2.37167e+07 
417 2.69871e+07 
418 3.06369e+07 
419 3.47082e+07 
420 3.9222e+07 
421 4.42231e+07 
422 4.97144e+07 
423 5.57535e+07 
424 6.23295e+07 
425 6.95017e+07 
426 7.73453e+07 
427 8.58483e+07 
428 9.50523e+07 
429 1.04975e+08 
430 1.15667e+08 
431 1.27102e+08 
432 1.39307e+08 
433 1.52259e+08 
434 1.65909e+08 
435 1.80233e+08 
436 1.95216e+08 
437 2.10858e+08 
438 2.27039e+08 
439 2.43794e+08 
440 2.61015e+08 
441 2.78614e+08 
442 2.96503e+08 
443 3.14688e+08 
444 3.3299e+08 
445 3.51357e+08 
446 3.69744e+08 
447 3.88076e+08 
448 4.06272e+08 
449 4.24181e+08 
450 4.41799e+08 
451 4.58813e+08 
452 4.75212e+08 
453 4.9089e+08 
454 5.05612e+08 
455 5.1929e+08 
456 5.31802e+08 
457 5.4302e+08 
458 5.52844e+08 
459 5.61213e+08 
460 5.67878e+08 
461 5.72667e+08 
462 5.75664e+08 
463 5.76661e+08 
464 5.75652e+08 
465 5.72564e+08 
466 5.6752e+08 
467 5.60465e+08 
468 5.51461e+08 
469 5.40684e+08 
470 5.28188e+08 
471 5.14035e+08 
472 4.98512e+08 
473 4.81587e+08 
474 4.6379e+08 
475 4.45144e+08 
476 4.25944e+08 
477 4.06309e+08 
478 3.86409e+08 
479 3.66244e+08 
480 3.46094e+08 
481 3.26145e+08 
482 3.06357e+08 
483 2.86922e+08 
484 2.67913e+08 
485 2.49545e+08 
486 2.31708e+08 
487 2.1452e+08 
488 1.98082e+08 
489 1.82305e+08 
490 1.67297e+08 
491 1.53086e+08 
492 1.39715e+08 
493 1.27102e+08 
494 1.15288e+08 
495 1.0429e+08 
496 9.40119e+07 
497 8.45215e+07 
498 7.57347e+07 
499 6.76554e+07 
500 6.02999e+07 
501 5.35873e+07 
502 4.75327e+07 
503 4.20535e+07 
504 3.71249e+07 
505 3.26822e+07 
506 2.87249e+07 
507 2.51669e+07 
508 2.20096e+07 
509 1.91995e+07 
510 1.66793e+07 
511 1.44459e+07 
512 1.24672e+07 
513 1.07175e+07 
514 9.17129e+06 
515 7.80662e+06 
516 6.61162e+06 
517 5.56487e+06 
518 4.65275e+06 
519 3.8729e+06 
520 3.19783e+06 
521 2.61795e+06 
522 2.13023e+06 
523 1.7243e+06 
524 1.38034e+06 
525 1.0992e+06 
526 871454 
527 686709 
528 540768 
529 424070 
530 332629 
531 258847 
532 202307 
533 158851 
534 124430 
535 97464 
536 76196 
537 59736 
538 46687 
539 35879 
540 27504 
541 20649 
542 15489 
543 10946 
544 7919 
545 5318 
546 3652 
547 2553 
548 1528 
549 1055 
550 699 
551 454 
552 293 
553 174 
554 110 
555 84 
556 57 
557 37 
558 32 
559 24 
560 13 
561 8 
562 2 
563 1 
564 0 
565 0 
566 0 
567 0 
568 0 
569 0 
570 0 
571 0 
572 0 
573 0 
574 0 
575 0 
576 0 
577 0 
578 0 
579 0 
580 0 
581 0 
582 0 
583 0 
584 0 
585 0 
586 0 
587 0 
588 0 
589 0 
590 0 
591 0 
592 0 
593 0 
594 0 
595 0 
596 0 
597 0 
598 0 
599 0 
600 0 
601 0 
602 0 
603 0 
604 0 
605 0 
606 0 
607 0 
608 0 
609 0 
610 0 
611 0 
612 0 
613 0 
614 0 
615 0 
616 0 
617 0 
618 0 
619 0 
620 0 
621 0 
622 0 
623 0 
624 0 
625 0 
626 0 
627 0 
628 0 
629 0 
630 0 
631 0 
632 0 
633 0 
634 0 
635 0 
636 0 
637 0 
638 0 
639 0 
640 0 
641 0 
642 0 
643 0 
644 0 
645 0 
646 0 
647 0 
648 0 
649 0 
650 0 
651 0 
652 0 
653 0 
654 0 
655 0 
656 0 
657 0 
658 0 
659 0 
660 0 
661 0 
662 0 
663 0 
664 0 
665 0 
666 0 
667 0 
668 0 
669 0 
670 0 
671 0 
672 0 
673 0 
674 0 
675 0 
676 0 
677 0 
678 0 
679 0 
680 0 
681 0 
682 0 
683 0 
684 0 
685 0 
686 0 
687 0 
688 0 
689 0 
690 0 
691 0 
692 0 
693 0 
694 0 
695 0 
696 0 
697 0 
698 0 
699 0 
700 0 
701 0 
702 0 
703 0 
704 0 
705 0 
706 0 
707 0 
708 0 
709 0 
710 0 
711 0 
712 0 
713 0 
714 0 
715 0 
716 0 
717 0 
718 0 
719 0 
720 0 
721 0 
722 0 
723 0 
724 0 
725 0 
726 0 
727 0 
728 0 
729 0 
730 0 
731 0 
732 0 
733 0 
734 0 
735 0 
736 0 
737 0 
738 0 
739 0 
740 0 
741 0 
742 0 
743 0 
744 0 
745 0 
746 0 
747 0 
748 0 
749 0 
750 0 
751 0 
752 0 
753 0 
754 0 
755 0 
756 0 
757 0 
758 0 
759 0 
760 0 
761 0 
762 0 
763 0 
764 0 
765 0 
766 0 
767 0 
768 0 
769 0 
770 0 
771 0 
772 0 
773 0 
774 0 
775 0 
776 0 
777 0 
778 0 
779 0 
780 0 
781 0 
782 0 
783 0 
784 0 
785 0 
786 0 
787 0 
788 0 
789 0 
790 0 
791 0 
792 0 
793 0 
794 0 
795 0 
796 0 
797 0 
798 0 
799 0 
