0 0 
1 0 
2 0 
3 0 
4 0 
5 0 
6 0 
7 0 
8 0 
9 0 
10 0 
11 0 
12 0 
13 0 
14 0 
15 0 
16 0 
17 0 
18 0 
19 0 
20 0 
21 0 
22 0 
23 0 
24 0 
25 0 
26 0 
27 0 
28 0 
29 0 
30 0 
31 0 
32 0 
33 0 
34 0 
35 0 
36 0 
37 0 
38 0 
39 0 
40 0 
41 0 
42 0 
43 0 
44 0 
45 0 
46 0 
47 0 
48 0 
49 0 
50 0 
51 0 
52 0 
53 0 
54 0 
55 0 
56 0 
57 0 
58 0 
59 0 
60 0 
61 0 
62 0 
63 0 
64 0 
65 0 
66 0 
67 0 
68 0 
69 0 
70 0 
71 0 
72 0 
73 0 
74 0 
75 0 
76 0 
77 0 
78 0 
79 0 
80 0 
81 0 
82 0 
83 0 
84 0 
85 0 
86 0 
87 0 
88 0 
89 0 
90 0 
91 0 
92 0 
93 0 
94 0 
95 0 
96 0 
97 0 
98 0 
99 0 
100 0 
101 0 
102 0 
103 0 
104 0 
105 0 
106 0 
107 0 
108 0 
109 0 
110 0 
111 0 
112 0 
113 0 
114 0 
115 0 
116 0 
117 0 
118 0 
119 0 
120 0 
121 0 
122 0 
123 0 
124 0 
125 0 
126 0 
127 0 
128 0 
129 0 
130 0 
131 0 
132 0 
133 0 
134 0 
135 0 
136 0 
137 0 
138 0 
139 0 
140 0 
141 0 
142 0 
143 0 
144 0 
145 0 
146 0 
147 0 
148 0 
149 0 
150 0 
151 0 
152 0 
153 0 
154 0 
155 0 
156 0 
157 0 
158 0 
159 0 
160 0 
161 0 
162 0 
163 0 
164 0 
165 0 
166 0 
167 0 
168 0 
169 0 
170 0 
171 0 
172 0 
173 0 
174 0 
175 0 
176 0 
177 0 
178 0 
179 0 
180 0 
181 0 
182 0 
183 0 
184 0 
185 0 
186 0 
187 0 
188 0 
189 0 
190 0 
191 0 
192 0 
193 0 
194 0 
195 0 
196 0 
197 0 
198 0 
199 0 
200 0 
201 0 
202 0 
203 0 
204 0 
205 0 
206 0 
207 0 
208 0 
209 0 
210 0 
211 0 
212 0 
213 0 
214 0 
215 0 
216 0 
217 0 
218 0 
219 0 
220 0 
221 0 
222 0 
223 0 
224 0 
225 0 
226 0 
227 0 
228 0 
229 0 
230 0 
231 0 
232 0 
233 0 
234 0 
235 0 
236 0 
237 0 
238 0 
239 0 
240 0 
241 0 
242 0 
243 0 
244 0 
245 0 
246 0 
247 0 
248 0 
249 0 
250 0 
251 0 
252 0 
253 0 
254 0 
255 0 
256 0 
257 0 
258 0 
259 0 
260 0 
261 0 
262 0 
263 0 
264 0 
265 0 
266 0 
267 0 
268 0 
269 0 
270 0 
271 0 
272 0 
273 0 
274 0 
275 0 
276 0 
277 0 
278 0 
279 0 
280 0 
281 0 
282 0 
283 0 
284 0 
285 0 
286 0 
287 0 
288 0 
289 0 
290 0 
291 0 
292 0 
293 0 
294 0 
295 0 
296 0 
297 0 
298 0 
299 0 
300 0 
301 0 
302 0 
303 0 
304 0 
305 0 
306 0 
307 0 
308 0 
309 0 
310 0 
311 0 
312 0 
313 0 
314 0 
315 0 
316 0 
317 0 
318 0 
319 0 
320 0 
321 0 
322 0 
323 0 
324 0 
325 0 
326 1 
327 2 
328 0 
329 5 
330 14 
331 10 
332 27 
333 13 
334 34 
335 51 
336 118 
337 210 
338 315 
339 402 
340 582 
341 908 
342 1387 
343 2001 
344 2880 
345 4163 
346 5759 
347 8158 
348 11770 
349 16779 
350 23364 
351 32070 
352 43704 
353 61104 
354 82588 
355 110030 
356 147532 
357 192743 
358 251509 
359 324903 
360 416530 
361 533238 
362 673225 
363 848353 
364 1.06288e+06 
365 1.31592e+06 
366 1.61999e+06 
367 1.98424e+06 
368 2.41124e+06 
369 2.92237e+06 
370 3.53467e+06 
371 4.243e+06 
372 5.07818e+06 
373 6.04739e+06 
374 7.16435e+06 
375 8.44776e+06 
376 9.93788e+06 
377 1.16437e+07 
378 1.35614e+07 
379 1.57247e+07 
380 1.81655e+07 
381 2.08668e+07 
382 2.38613e+07 
383 2.71885e+07 
384 3.08221e+07 
385 3.47779e+07 
386 3.90831e+07 
387 4.36874e+07 
388 4.86648e+07 
389 5.3965e+07 
390 5.96554e+07 
391 6.5698e+07 
392 7.21274e+07 
393 7.89174e+07 
394 8.61165e+07 
395 9.36847e+07 
396 1.01629e+08 
397 1.09946e+08 
398 1.18577e+08 
399 1.27571e+08 
400 1.36909e+08 
401 1.46366e+08 
402 1.56016e+08 
403 1.65831e+08 
404 1.75819e+08 
405 1.859e+08 
406 1.96113e+08 
407 2.06353e+08 
408 2.1677e+08 
409 2.27111e+08 
410 2.37431e+08 
411 2.47581e+08 
412 2.57724e+08 
413 2.6768e+08 
414 2.7752e+08 
415 2.87251e+08 
416 2.96865e+08 
417 3.06309e+08 
418 3.15473e+08 
419 3.24468e+08 
420 3.33178e+08 
421 3.4163e+08 
422 3.49708e+08 
423 3.57422e+08 
424 3.64671e+08 
425 3.714e+08 
426 3.77595e+08 
427 3.83256e+08 
428 3.88124e+08 
429 3.92353e+08 
430 3.9569e+08 
431 3.98279e+08 
432 3.99966e+08 
433 4.00906e+08 
434 4.00967e+08 
435 4.00267e+08 
436 3.98812e+08 
437 3.9664e+08 
438 3.93846e+08 
439 3.90427e+08 
440 3.86434e+08 
441 3.8195e+08 
442 3.77019e+08 
443 3.71722e+08 
444 3.65996e+08 
445 3.59958e+08 
446 3.53617e+08 
447 3.46927e+08 
448 3.40036e+08 
449 3.32845e+08 
450 3.25499e+08 
451 3.17832e+08 
452 3.10068e+08 
453 3.02098e+08 
454 2.94186e+08 
455 2.86231e+08 
456 2.78314e+08 
457 2.70437e+08 
458 2.62583e+08 
459 2.54901e+08 
460 2.47316e+08 
461 2.39852e+08 
462 2.32562e+08 
463 2.25363e+08 
464 2.18284e+08 
465 2.11363e+08 
466 2.04567e+08 
467 1.97879e+08 
468 1.91333e+08 
469 1.84902e+08 
470 1.78633e+08 
471 1.72501e+08 
472 1.66521e+08 
473 1.60742e+08 
474 1.55108e+08 
475 1.4957e+08 
476 1.44138e+08 
477 1.38797e+08 
478 1.33511e+08 
479 1.28232e+08 
480 1.22984e+08 
481 1.17732e+08 
482 1.12434e+08 
483 1.0713e+08 
484 1.01808e+08 
485 9.65384e+07 
486 9.12731e+07 
487 8.60767e+07 
488 8.09184e+07 
489 7.58545e+07 
490 7.08744e+07 
491 6.59935e+07 
492 6.12136e+07 
493 5.6628e+07 
494 5.2192e+07 
495 4.79462e+07 
496 4.39221e+07 
497 4.01131e+07 
498 3.6517e+07 
499 3.31724e+07 
500 3.0044e+07 
501 2.71525e+07 
502 2.44977e+07 
503 2.20657e+07 
504 1.98466e+07 
505 1.78377e+07 
506 1.60123e+07 
507 1.43533e+07 
508 1.2838e+07 
509 1.14666e+07 
510 1.02184e+07 
511 9.08578e+06 
512 8.06671e+06 
513 7.14218e+06 
514 6.29856e+06 
515 5.54507e+06 
516 4.87299e+06 
517 4.26774e+06 
518 3.70998e+06 
519 3.23787e+06 
520 2.80357e+06 
521 2.41741e+06 
522 2.07322e+06 
523 1.77136e+06 
524 1.50705e+06 
525 1.2762e+06 
526 1.08083e+06 
527 911620 
528 768883 
529 643390 
530 535785 
531 448978 
532 372658 
533 309878 
534 252077 
535 205222 
536 166862 
537 133709 
538 107325 
539 84438 
540 66722 
541 51587 
542 40130 
543 31673 
544 24641 
545 18806 
546 14362 
547 10954 
548 8171 
549 6208 
550 4798 
551 3725 
552 2885 
553 2253 
554 1561 
555 1183 
556 818 
557 588 
558 357 
559 215 
560 108 
561 57 
562 52 
563 19 
564 19 
565 11 
566 1 
567 0 
568 0 
569 0 
570 0 
571 0 
572 0 
573 0 
574 0 
575 0 
576 0 
577 0 
578 0 
579 0 
580 0 
581 0 
582 0 
583 0 
584 0 
585 0 
586 0 
587 0 
588 0 
589 0 
590 0 
591 0 
592 0 
593 0 
594 0 
595 0 
596 0 
597 0 
598 0 
599 0 
600 0 
601 0 
602 0 
603 0 
604 0 
605 0 
606 0 
607 0 
608 0 
609 0 
610 0 
611 0 
612 0 
613 0 
614 0 
615 0 
616 0 
617 0 
618 0 
619 0 
620 0 
621 0 
622 0 
623 0 
624 0 
625 0 
626 0 
627 0 
628 0 
629 0 
630 0 
631 0 
632 0 
633 0 
634 0 
635 0 
636 0 
637 0 
638 0 
639 0 
640 0 
641 0 
642 0 
643 0 
644 0 
645 0 
646 0 
647 0 
648 0 
649 0 
650 0 
651 0 
652 0 
653 0 
654 0 
655 0 
656 0 
657 0 
658 0 
659 0 
660 0 
661 0 
662 0 
663 0 
664 0 
665 0 
666 0 
667 0 
668 0 
669 0 
670 0 
671 0 
672 0 
673 0 
674 0 
675 0 
676 0 
677 0 
678 0 
679 0 
680 0 
681 0 
682 0 
683 0 
684 0 
685 0 
686 0 
687 0 
688 0 
689 0 
690 0 
691 0 
692 0 
693 0 
694 0 
695 0 
696 0 
697 0 
698 0 
699 0 
700 0 
701 0 
702 0 
703 0 
704 0 
705 0 
706 0 
707 0 
708 0 
709 0 
710 0 
711 0 
712 0 
713 0 
714 0 
715 0 
716 0 
717 0 
718 0 
719 0 
720 0 
721 0 
722 0 
723 0 
724 0 
725 0 
726 0 
727 0 
728 0 
729 0 
730 0 
731 0 
732 0 
733 0 
734 0 
735 0 
736 0 
737 0 
738 0 
739 0 
740 0 
741 0 
742 0 
743 0 
744 0 
745 0 
746 0 
747 0 
748 0 
749 0 
750 0 
751 0 
752 0 
753 0 
754 0 
755 0 
756 0 
757 0 
758 0 
759 0 
760 0 
761 0 
762 0 
763 0 
764 0 
765 0 
766 0 
767 0 
768 0 
769 0 
770 0 
771 0 
772 0 
773 0 
774 0 
775 0 
776 0 
777 0 
778 0 
779 0 
780 0 
781 0 
782 0 
783 0 
784 0 
785 0 
786 0 
787 0 
788 0 
789 0 
790 0 
791 0 
792 0 
793 0 
794 0 
795 0 
796 0 
797 0 
798 0 
799 0 
