0 0 
1 0 
2 0 
3 0 
4 0 
5 0 
6 0 
7 0 
8 0 
9 0 
10 0 
11 0 
12 0 
13 0 
14 0 
15 0 
16 0 
17 0 
18 0 
19 0 
20 0 
21 0 
22 0 
23 0 
24 0 
25 0 
26 0 
27 0 
28 0 
29 0 
30 0 
31 0 
32 0 
33 0 
34 0 
35 0 
36 0 
37 0 
38 0 
39 0 
40 0 
41 0 
42 0 
43 0 
44 0 
45 0 
46 0 
47 0 
48 0 
49 0 
50 0 
51 0 
52 0 
53 0 
54 0 
55 0 
56 0 
57 0 
58 0 
59 0 
60 0 
61 0 
62 0 
63 0 
64 0 
65 0 
66 0 
67 0 
68 0 
69 0 
70 0 
71 0 
72 0 
73 0 
74 0 
75 0 
76 0 
77 0 
78 0 
79 0 
80 0 
81 0 
82 0 
83 0 
84 0 
85 0 
86 0 
87 0 
88 0 
89 0 
90 0 
91 0 
92 0 
93 0 
94 0 
95 0 
96 0 
97 0 
98 0 
99 0 
100 0 
101 0 
102 0 
103 0 
104 0 
105 0 
106 0 
107 0 
108 0 
109 0 
110 0 
111 0 
112 0 
113 0 
114 0 
115 0 
116 0 
117 0 
118 0 
119 0 
120 0 
121 0 
122 0 
123 0 
124 0 
125 0 
126 0 
127 0 
128 0 
129 0 
130 0 
131 0 
132 0 
133 0 
134 0 
135 0 
136 0 
137 0 
138 0 
139 0 
140 0 
141 0 
142 0 
143 0 
144 0 
145 0 
146 0 
147 0 
148 0 
149 0 
150 0 
151 0 
152 0 
153 0 
154 0 
155 0 
156 0 
157 0 
158 0 
159 0 
160 0 
161 0 
162 0 
163 0 
164 0 
165 0 
166 0 
167 0 
168 0 
169 0 
170 0 
171 0 
172 0 
173 0 
174 0 
175 0 
176 0 
177 0 
178 0 
179 0 
180 0 
181 0 
182 0 
183 0 
184 0 
185 0 
186 0 
187 0 
188 0 
189 0 
190 0 
191 0 
192 0 
193 0 
194 0 
195 0 
196 0 
197 0 
198 0 
199 0 
200 0 
201 0 
202 0 
203 0 
204 0 
205 0 
206 0 
207 0 
208 0 
209 0 
210 0 
211 0 
212 0 
213 0 
214 0 
215 0 
216 0 
217 0 
218 0 
219 0 
220 0 
221 0 
222 0 
223 0 
224 0 
225 0 
226 0 
227 0 
228 0 
229 0 
230 0 
231 0 
232 0 
233 0 
234 0 
235 0 
236 0 
237 0 
238 0 
239 0 
240 0 
241 0 
242 0 
243 0 
244 0 
245 0 
246 0 
247 0 
248 0 
249 0 
250 0 
251 0 
252 0 
253 0 
254 0 
255 0 
256 0 
257 0 
258 0 
259 0 
260 0 
261 0 
262 0 
263 0 
264 0 
265 0 
266 0 
267 0 
268 0 
269 0 
270 0 
271 0 
272 0 
273 0 
274 0 
275 0 
276 0 
277 0 
278 0 
279 0 
280 0 
281 0 
282 0 
283 0 
284 0 
285 0 
286 0 
287 0 
288 0 
289 0 
290 0 
291 0 
292 0 
293 0 
294 0 
295 0 
296 0 
297 0 
298 0 
299 0 
300 0 
301 0 
302 0 
303 0 
304 0 
305 0 
306 0 
307 0 
308 0 
309 0 
310 0 
311 0 
312 0 
313 0 
314 0 
315 0 
316 0 
317 0 
318 0 
319 0 
320 0 
321 0 
322 0 
323 0 
324 0 
325 0 
326 0 
327 0 
328 0 
329 0 
330 0 
331 0 
332 0 
333 0 
334 0 
335 0 
336 0 
337 0 
338 0 
339 0 
340 0 
341 0 
342 0 
343 1 
344 5 
345 13 
346 21 
347 27 
348 29 
349 65 
350 118 
351 96 
352 184 
353 285 
354 388 
355 560 
356 792 
357 1112 
358 1625 
359 2130 
360 2956 
361 3831 
362 5144 
363 7255 
364 9682 
365 13330 
366 18469 
367 24703 
368 34455 
369 47023 
370 62808 
371 84375 
372 111103 
373 146367 
374 191231 
375 249423 
376 323154 
377 418352 
378 536455 
379 682905 
380 864803 
381 1.08931e+06 
382 1.35327e+06 
383 1.67259e+06 
384 2.05447e+06 
385 2.50084e+06 
386 3.0239e+06 
387 3.62688e+06 
388 4.32246e+06 
389 5.12458e+06 
390 6.04316e+06 
391 7.07118e+06 
392 8.23695e+06 
393 9.5328e+06 
394 1.09812e+07 
395 1.26023e+07 
396 1.43765e+07 
397 1.6359e+07 
398 1.85543e+07 
399 2.09914e+07 
400 2.36447e+07 
401 2.65338e+07 
402 2.96762e+07 
403 3.31055e+07 
404 3.68497e+07 
405 4.08795e+07 
406 4.52812e+07 
407 5.00904e+07 
408 5.5288e+07 
409 6.09635e+07 
410 6.70721e+07 
411 7.36533e+07 
412 8.07484e+07 
413 8.8327e+07 
414 9.64775e+07 
415 1.0517e+08 
416 1.14465e+08 
417 1.24442e+08 
418 1.35109e+08 
419 1.46405e+08 
420 1.58314e+08 
421 1.70813e+08 
422 1.83812e+08 
423 1.9733e+08 
424 2.11323e+08 
425 2.25678e+08 
426 2.40436e+08 
427 2.55468e+08 
428 2.70746e+08 
429 2.86208e+08 
430 3.01805e+08 
431 3.17319e+08 
432 3.32735e+08 
433 3.47955e+08 
434 3.62929e+08 
435 3.77585e+08 
436 3.91737e+08 
437 4.05391e+08 
438 4.1834e+08 
439 4.30575e+08 
440 4.41921e+08 
441 4.52277e+08 
442 4.61698e+08 
443 4.70103e+08 
444 4.77445e+08 
445 4.83601e+08 
446 4.88552e+08 
447 4.92358e+08 
448 4.9502e+08 
449 4.9654e+08 
450 4.96916e+08 
451 4.9618e+08 
452 4.94391e+08 
453 4.91673e+08 
454 4.8799e+08 
455 4.83395e+08 
456 4.77944e+08 
457 4.71681e+08 
458 4.64624e+08 
459 4.56773e+08 
460 4.48193e+08 
461 4.38917e+08 
462 4.28932e+08 
463 4.18272e+08 
464 4.06921e+08 
465 3.94999e+08 
466 3.82411e+08 
467 3.69403e+08 
468 3.55902e+08 
469 3.41991e+08 
470 3.2772e+08 
471 3.1322e+08 
472 2.98534e+08 
473 2.83801e+08 
474 2.69065e+08 
475 2.54364e+08 
476 2.39758e+08 
477 2.25348e+08 
478 2.11252e+08 
479 1.97506e+08 
480 1.84138e+08 
481 1.71195e+08 
482 1.58652e+08 
483 1.466e+08 
484 1.34989e+08 
485 1.23838e+08 
486 1.13247e+08 
487 1.03172e+08 
488 9.36256e+07 
489 8.46734e+07 
490 7.62612e+07 
491 6.84373e+07 
492 6.11874e+07 
493 5.44812e+07 
494 4.83334e+07 
495 4.27104e+07 
496 3.76254e+07 
497 3.3035e+07 
498 2.88853e+07 
499 2.51764e+07 
500 2.18812e+07 
501 1.89606e+07 
502 1.63701e+07 
503 1.40924e+07 
504 1.20962e+07 
505 1.0354e+07 
506 8.82997e+06 
507 7.51246e+06 
508 6.37206e+06 
509 5.3943e+06 
510 4.55607e+06 
511 3.83863e+06 
512 3.22301e+06 
513 2.69746e+06 
514 2.24781e+06 
515 1.87186e+06 
516 1.54893e+06 
517 1.27632e+06 
518 1.04662e+06 
519 850840 
520 687193 
521 548682 
522 434324 
523 340950 
524 263990 
525 203088 
526 155913 
527 117894 
528 89355 
529 66441 
530 48826 
531 35804 
532 26197 
533 18960 
534 13593 
535 9551 
536 7052 
537 4946 
538 3513 
539 2355 
540 1726 
541 1071 
542 726 
543 463 
544 319 
545 232 
546 135 
547 83 
548 50 
549 25 
550 27 
551 16 
552 3 
553 3 
554 9 
555 6 
556 5 
557 0 
558 0 
559 1 
560 0 
561 0 
562 0 
563 0 
564 0 
565 0 
566 0 
567 0 
568 0 
569 0 
570 0 
571 0 
572 0 
573 0 
574 0 
575 0 
576 0 
577 0 
578 0 
579 0 
580 0 
581 0 
582 0 
583 0 
584 0 
585 0 
586 0 
587 0 
588 0 
589 0 
590 0 
591 0 
592 0 
593 0 
594 0 
595 0 
596 0 
597 0 
598 0 
599 0 
600 0 
601 0 
602 0 
603 0 
604 0 
605 0 
606 0 
607 0 
608 0 
609 0 
610 0 
611 0 
612 0 
613 0 
614 0 
615 0 
616 0 
617 0 
618 0 
619 0 
620 0 
621 0 
622 0 
623 0 
624 0 
625 0 
626 0 
627 0 
628 0 
629 0 
630 0 
631 0 
632 0 
633 0 
634 0 
635 0 
636 0 
637 0 
638 0 
639 0 
640 0 
641 0 
642 0 
643 0 
644 0 
645 0 
646 0 
647 0 
648 0 
649 0 
650 0 
651 0 
652 0 
653 0 
654 0 
655 0 
656 0 
657 0 
658 0 
659 0 
660 0 
661 0 
662 0 
663 0 
664 0 
665 0 
666 0 
667 0 
668 0 
669 0 
670 0 
671 0 
672 0 
673 0 
674 0 
675 0 
676 0 
677 0 
678 0 
679 0 
680 0 
681 0 
682 0 
683 0 
684 0 
685 0 
686 0 
687 0 
688 0 
689 0 
690 0 
691 0 
692 0 
693 0 
694 0 
695 0 
696 0 
697 0 
698 0 
699 0 
700 0 
701 0 
702 0 
703 0 
704 0 
705 0 
706 0 
707 0 
708 0 
709 0 
710 0 
711 0 
712 0 
713 0 
714 0 
715 0 
716 0 
717 0 
718 0 
719 0 
720 0 
721 0 
722 0 
723 0 
724 0 
725 0 
726 0 
727 0 
728 0 
729 0 
730 0 
731 0 
732 0 
733 0 
734 0 
735 0 
736 0 
737 0 
738 0 
739 0 
740 0 
741 0 
742 0 
743 0 
744 0 
745 0 
746 0 
747 0 
748 0 
749 0 
750 0 
751 0 
752 0 
753 0 
754 0 
755 0 
756 0 
757 0 
758 0 
759 0 
760 0 
761 0 
762 0 
763 0 
764 0 
765 0 
766 0 
767 0 
768 0 
769 0 
770 0 
771 0 
772 0 
773 0 
774 0 
775 0 
776 0 
777 0 
778 0 
779 0 
780 0 
781 0 
782 0 
783 0 
784 0 
785 0 
786 0 
787 0 
788 0 
789 0 
790 0 
791 0 
792 0 
793 0 
794 0 
795 0 
796 0 
797 0 
798 0 
799 0 
