0 0 
1 0 
2 0 
3 0 
4 0 
5 0 
6 0 
7 0 
8 0 
9 0 
10 0 
11 0 
12 0 
13 0 
14 0 
15 0 
16 0 
17 0 
18 0 
19 0 
20 0 
21 0 
22 0 
23 0 
24 0 
25 0 
26 0 
27 0 
28 0 
29 0 
30 0 
31 0 
32 0 
33 0 
34 0 
35 0 
36 0 
37 0 
38 0 
39 0 
40 0 
41 0 
42 0 
43 0 
44 0 
45 0 
46 0 
47 0 
48 0 
49 0 
50 0 
51 0 
52 0 
53 0 
54 0 
55 0 
56 0 
57 0 
58 0 
59 0 
60 0 
61 0 
62 0 
63 0 
64 0 
65 0 
66 0 
67 0 
68 0 
69 0 
70 0 
71 0 
72 0 
73 0 
74 0 
75 0 
76 0 
77 0 
78 0 
79 0 
80 0 
81 0 
82 0 
83 0 
84 0 
85 0 
86 0 
87 0 
88 0 
89 0 
90 0 
91 0 
92 0 
93 0 
94 0 
95 0 
96 0 
97 0 
98 0 
99 0 
100 0 
101 0 
102 0 
103 0 
104 0 
105 0 
106 0 
107 0 
108 0 
109 0 
110 0 
111 0 
112 0 
113 0 
114 0 
115 0 
116 0 
117 0 
118 0 
119 0 
120 0 
121 0 
122 0 
123 0 
124 0 
125 0 
126 0 
127 0 
128 0 
129 0 
130 0 
131 0 
132 0 
133 0 
134 0 
135 0 
136 0 
137 0 
138 0 
139 0 
140 0 
141 0 
142 0 
143 0 
144 0 
145 0 
146 0 
147 0 
148 0 
149 0 
150 0 
151 0 
152 0 
153 0 
154 0 
155 0 
156 0 
157 0 
158 0 
159 0 
160 0 
161 0 
162 0 
163 0 
164 0 
165 0 
166 0 
167 0 
168 0 
169 0 
170 0 
171 0 
172 0 
173 0 
174 0 
175 0 
176 0 
177 0 
178 0 
179 0 
180 0 
181 0 
182 0 
183 0 
184 0 
185 0 
186 0 
187 0 
188 0 
189 0 
190 0 
191 0 
192 0 
193 0 
194 0 
195 0 
196 0 
197 0 
198 0 
199 0 
200 0 
201 0 
202 0 
203 0 
204 0 
205 0 
206 0 
207 0 
208 0 
209 0 
210 0 
211 0 
212 0 
213 0 
214 0 
215 0 
216 0 
217 0 
218 0 
219 0 
220 0 
221 0 
222 0 
223 0 
224 0 
225 0 
226 0 
227 0 
228 0 
229 0 
230 0 
231 0 
232 0 
233 0 
234 0 
235 0 
236 0 
237 0 
238 0 
239 0 
240 0 
241 0 
242 0 
243 0 
244 0 
245 0 
246 0 
247 0 
248 0 
249 0 
250 0 
251 0 
252 0 
253 0 
254 0 
255 0 
256 0 
257 0 
258 0 
259 0 
260 0 
261 0 
262 0 
263 0 
264 0 
265 0 
266 0 
267 0 
268 0 
269 0 
270 0 
271 0 
272 0 
273 0 
274 0 
275 0 
276 0 
277 0 
278 0 
279 0 
280 0 
281 0 
282 0 
283 0 
284 0 
285 0 
286 0 
287 0 
288 0 
289 0 
290 0 
291 0 
292 0 
293 0 
294 0 
295 0 
296 0 
297 0 
298 0 
299 0 
300 0 
301 0 
302 0 
303 0 
304 0 
305 0 
306 0 
307 0 
308 0 
309 0 
310 0 
311 0 
312 0 
313 0 
314 0 
315 0 
316 0 
317 0 
318 0 
319 0 
320 0 
321 0 
322 0 
323 0 
324 0 
325 0 
326 0 
327 0 
328 0 
329 0 
330 0 
331 0 
332 0 
333 0 
334 0 
335 3 
336 4 
337 11 
338 5 
339 9 
340 15 
341 14 
342 40 
343 67 
344 59 
345 102 
346 149 
347 165 
348 293 
349 485 
350 659 
351 983 
352 1501 
353 2194 
354 3420 
355 5084 
356 7523 
357 11128 
358 17044 
359 25758 
360 38436 
361 58245 
362 88131 
363 130517 
364 193275 
365 280178 
366 400563 
367 561485 
368 773281 
369 1.05139e+06 
370 1.41506e+06 
371 1.88041e+06 
372 2.48166e+06 
373 3.25436e+06 
374 4.22361e+06 
375 5.44475e+06 
376 6.95313e+06 
377 8.80004e+06 
378 1.10607e+07 
379 1.38167e+07 
380 1.71281e+07 
381 2.11398e+07 
382 2.59129e+07 
383 3.15835e+07 
384 3.82857e+07 
385 4.61277e+07 
386 5.52163e+07 
387 6.57186e+07 
388 7.77168e+07 
389 9.13479e+07 
390 1.06539e+08 
391 1.23417e+08 
392 1.41939e+08 
393 1.62178e+08 
394 1.83955e+08 
395 2.07197e+08 
396 2.31778e+08 
397 2.57398e+08 
398 2.83864e+08 
399 3.10859e+08 
400 3.38064e+08 
401 3.64049e+08 
402 3.89453e+08 
403 4.14153e+08 
404 4.37975e+08 
405 4.60684e+08 
406 4.82237e+08 
407 5.02509e+08 
408 5.21227e+08 
409 5.38256e+08 
410 5.53627e+08 
411 5.67288e+08 
412 5.79125e+08 
413 5.89262e+08 
414 5.97591e+08 
415 6.0392e+08 
416 6.0861e+08 
417 6.11346e+08 
418 6.12202e+08 
419 6.11045e+08 
420 6.08156e+08 
421 6.03472e+08 
422 5.97239e+08 
423 5.89602e+08 
424 5.80603e+08 
425 5.7027e+08 
426 5.58781e+08 
427 5.4597e+08 
428 5.3177e+08 
429 5.163e+08 
430 4.9962e+08 
431 4.81675e+08 
432 4.62814e+08 
433 4.42995e+08 
434 4.22576e+08 
435 4.01527e+08 
436 3.80128e+08 
437 3.58529e+08 
438 3.36771e+08 
439 3.15093e+08 
440 2.93621e+08 
441 2.72396e+08 
442 2.515e+08 
443 2.31256e+08 
444 2.1162e+08 
445 1.92746e+08 
446 1.74679e+08 
447 1.57627e+08 
448 1.41567e+08 
449 1.26636e+08 
450 1.12713e+08 
451 9.98815e+07 
452 8.80606e+07 
453 7.73029e+07 
454 6.75331e+07 
455 5.87198e+07 
456 5.07473e+07 
457 4.36335e+07 
458 3.72984e+07 
459 3.17015e+07 
460 2.67774e+07 
461 2.25066e+07 
462 1.883e+07 
463 1.56761e+07 
464 1.29823e+07 
465 1.07031e+07 
466 8.78257e+06 
467 7.15734e+06 
468 5.80998e+06 
469 4.68455e+06 
470 3.74866e+06 
471 2.96914e+06 
472 2.32935e+06 
473 1.80807e+06 
474 1.38788e+06 
475 1.0528e+06 
476 786811 
477 580733 
478 423143 
479 303243 
480 215386 
481 149839 
482 102797 
483 69373 
484 45727 
485 29954 
486 19226 
487 12018 
488 7611 
489 4740 
490 2791 
491 1606 
492 998 
493 480 
494 311 
495 171 
496 90 
497 39 
498 9 
499 6 
500 0 
501 0 
502 0 
503 0 
504 0 
505 0 
506 0 
507 0 
508 0 
509 0 
510 0 
511 0 
512 0 
513 0 
514 0 
515 0 
516 0 
517 0 
518 0 
519 0 
520 0 
521 0 
522 0 
523 0 
524 0 
525 0 
526 0 
527 0 
528 0 
529 0 
530 0 
531 0 
532 0 
533 0 
534 0 
535 0 
536 0 
537 0 
538 0 
539 0 
540 0 
541 0 
542 0 
543 0 
544 0 
545 0 
546 0 
547 0 
548 0 
549 0 
550 0 
551 0 
552 0 
553 0 
554 0 
555 0 
556 0 
557 0 
558 0 
559 0 
560 0 
561 0 
562 0 
563 0 
564 0 
565 0 
566 0 
567 0 
568 0 
569 0 
570 0 
571 0 
572 0 
573 0 
574 0 
575 0 
576 0 
577 0 
578 0 
579 0 
580 0 
581 0 
582 0 
583 0 
584 0 
585 0 
586 0 
587 0 
588 0 
589 0 
590 0 
591 0 
592 0 
593 0 
594 0 
595 0 
596 0 
597 0 
598 0 
599 0 
600 0 
601 0 
602 0 
603 0 
604 0 
605 0 
606 0 
607 0 
608 0 
609 0 
610 0 
611 0 
612 0 
613 0 
614 0 
615 0 
616 0 
617 0 
618 0 
619 0 
620 0 
621 0 
622 0 
623 0 
624 0 
625 0 
626 0 
627 0 
628 0 
629 0 
630 0 
631 0 
632 0 
633 0 
634 0 
635 0 
636 0 
637 0 
638 0 
639 0 
640 0 
641 0 
642 0 
643 0 
644 0 
645 0 
646 0 
647 0 
648 0 
649 0 
650 0 
651 0 
652 0 
653 0 
654 0 
655 0 
656 0 
657 0 
658 0 
659 0 
660 0 
661 0 
662 0 
663 0 
664 0 
665 0 
666 0 
667 0 
668 0 
669 0 
670 0 
671 0 
672 0 
673 0 
674 0 
675 0 
676 0 
677 0 
678 0 
679 0 
680 0 
681 0 
682 0 
683 0 
684 0 
685 0 
686 0 
687 0 
688 0 
689 0 
690 0 
691 0 
692 0 
693 0 
694 0 
695 0 
696 0 
697 0 
698 0 
699 0 
700 0 
701 0 
702 0 
703 0 
704 0 
705 0 
706 0 
707 0 
708 0 
709 0 
710 0 
711 0 
712 0 
713 0 
714 0 
715 0 
716 0 
717 0 
718 0 
719 0 
720 0 
721 0 
722 0 
723 0 
724 0 
725 0 
726 0 
727 0 
728 0 
729 0 
730 0 
731 0 
732 0 
733 0 
734 0 
735 0 
736 0 
737 0 
738 0 
739 0 
740 0 
741 0 
742 0 
743 0 
744 0 
745 0 
746 0 
747 0 
748 0 
749 0 
750 0 
751 0 
752 0 
753 0 
754 0 
755 0 
756 0 
757 0 
758 0 
759 0 
760 0 
761 0 
762 0 
763 0 
764 0 
765 0 
766 0 
767 0 
768 0 
769 0 
770 0 
771 0 
772 0 
773 0 
774 0 
775 0 
776 0 
777 0 
778 0 
779 0 
780 0 
781 0 
782 0 
783 0 
784 0 
785 0 
786 0 
787 0 
788 0 
789 0 
790 0 
791 0 
792 0 
793 0 
794 0 
795 0 
796 0 
797 0 
798 0 
799 0 
