0 0 
1 0 
2 0 
3 0 
4 0 
5 0 
6 0 
7 0 
8 0 
9 0 
10 0 
11 0 
12 0 
13 0 
14 0 
15 0 
16 0 
17 0 
18 0 
19 0 
20 0 
21 0 
22 0 
23 0 
24 0 
25 0 
26 0 
27 0 
28 0 
29 0 
30 0 
31 0 
32 0 
33 0 
34 0 
35 0 
36 0 
37 0 
38 0 
39 0 
40 0 
41 0 
42 0 
43 0 
44 0 
45 0 
46 0 
47 0 
48 0 
49 0 
50 0 
51 0 
52 0 
53 0 
54 0 
55 0 
56 0 
57 0 
58 0 
59 0 
60 0 
61 0 
62 0 
63 0 
64 0 
65 0 
66 0 
67 0 
68 0 
69 0 
70 0 
71 0 
72 0 
73 0 
74 0 
75 0 
76 0 
77 0 
78 0 
79 0 
80 0 
81 0 
82 0 
83 0 
84 0 
85 0 
86 0 
87 0 
88 0 
89 0 
90 0 
91 0 
92 0 
93 0 
94 0 
95 0 
96 0 
97 0 
98 0 
99 0 
100 0 
101 0 
102 0 
103 0 
104 0 
105 0 
106 0 
107 0 
108 0 
109 0 
110 0 
111 0 
112 0 
113 0 
114 0 
115 0 
116 0 
117 0 
118 0 
119 0 
120 0 
121 0 
122 0 
123 0 
124 0 
125 0 
126 0 
127 0 
128 0 
129 0 
130 0 
131 0 
132 0 
133 0 
134 0 
135 0 
136 0 
137 0 
138 0 
139 0 
140 0 
141 0 
142 0 
143 0 
144 0 
145 0 
146 0 
147 0 
148 0 
149 0 
150 0 
151 0 
152 0 
153 0 
154 0 
155 0 
156 0 
157 0 
158 0 
159 0 
160 0 
161 0 
162 0 
163 0 
164 0 
165 0 
166 0 
167 0 
168 0 
169 0 
170 0 
171 0 
172 0 
173 0 
174 0 
175 0 
176 0 
177 0 
178 0 
179 0 
180 0 
181 0 
182 0 
183 0 
184 0 
185 0 
186 0 
187 0 
188 0 
189 0 
190 0 
191 0 
192 0 
193 0 
194 0 
195 0 
196 0 
197 0 
198 0 
199 0 
200 0 
201 0 
202 0 
203 0 
204 0 
205 0 
206 0 
207 0 
208 0 
209 0 
210 0 
211 0 
212 0 
213 0 
214 0 
215 0 
216 0 
217 0 
218 0 
219 0 
220 0 
221 0 
222 0 
223 0 
224 0 
225 0 
226 0 
227 0 
228 0 
229 0 
230 0 
231 0 
232 0 
233 0 
234 0 
235 0 
236 0 
237 0 
238 0 
239 0 
240 0 
241 0 
242 0 
243 0 
244 0 
245 0 
246 0 
247 0 
248 0 
249 0 
250 0 
251 0 
252 0 
253 0 
254 0 
255 0 
256 0 
257 0 
258 0 
259 0 
260 0 
261 0 
262 0 
263 0 
264 0 
265 0 
266 0 
267 0 
268 0 
269 0 
270 0 
271 0 
272 0 
273 0 
274 0 
275 0 
276 0 
277 0 
278 0 
279 0 
280 0 
281 0 
282 0 
283 0 
284 0 
285 0 
286 0 
287 0 
288 0 
289 0 
290 0 
291 0 
292 0 
293 0 
294 0 
295 0 
296 0 
297 0 
298 0 
299 0 
300 0 
301 0 
302 0 
303 0 
304 0 
305 0 
306 0 
307 0 
308 0 
309 0 
310 0 
311 0 
312 0 
313 0 
314 0 
315 0 
316 0 
317 0 
318 0 
319 0 
320 0 
321 0 
322 0 
323 0 
324 0 
325 5 
326 14 
327 11 
328 15 
329 24 
330 30 
331 56 
332 88 
333 118 
334 134 
335 229 
336 309 
337 367 
338 513 
339 667 
340 849 
341 1324 
342 1809 
343 2650 
344 3862 
345 5301 
346 7451 
347 10418 
348 14550 
349 19860 
350 27191 
351 37177 
352 50524 
353 68134 
354 91021 
355 120307 
356 159693 
357 210142 
358 275470 
359 359668 
360 465890 
361 601367 
362 771494 
363 982825 
364 1.24753e+06 
365 1.57139e+06 
366 1.96168e+06 
367 2.43776e+06 
368 3.01312e+06 
369 3.70587e+06 
370 4.54408e+06 
371 5.54586e+06 
372 6.72465e+06 
373 8.12697e+06 
374 9.75797e+06 
375 1.16634e+07 
376 1.38848e+07 
377 1.64402e+07 
378 1.93783e+07 
379 2.27477e+07 
380 2.65795e+07 
381 3.0927e+07 
382 3.58373e+07 
383 4.13697e+07 
384 4.75687e+07 
385 5.44792e+07 
386 6.2178e+07 
387 7.07275e+07 
388 8.01748e+07 
389 9.05834e+07 
390 1.0201e+08 
391 1.14418e+08 
392 1.27789e+08 
393 1.42223e+08 
394 1.57628e+08 
395 1.73989e+08 
396 1.91241e+08 
397 2.09303e+08 
398 2.28162e+08 
399 2.47584e+08 
400 2.67559e+08 
401 2.86828e+08 
402 3.06118e+08 
403 3.25356e+08 
404 3.44392e+08 
405 3.6295e+08 
406 3.81217e+08 
407 3.98971e+08 
408 4.16169e+08 
409 4.32708e+08 
410 4.48623e+08 
411 4.63659e+08 
412 4.77926e+08 
413 4.91153e+08 
414 5.03465e+08 
415 5.14714e+08 
416 5.24779e+08 
417 5.33627e+08 
418 5.41119e+08 
419 5.47355e+08 
420 5.52171e+08 
421 5.55698e+08 
422 5.57776e+08 
423 5.58435e+08 
424 5.5756e+08 
425 5.55132e+08 
426 5.51152e+08 
427 5.45651e+08 
428 5.38695e+08 
429 5.303e+08 
430 5.20452e+08 
431 5.09339e+08 
432 4.96866e+08 
433 4.83282e+08 
434 4.68598e+08 
435 4.52959e+08 
436 4.36524e+08 
437 4.19297e+08 
438 4.01455e+08 
439 3.83136e+08 
440 3.64418e+08 
441 3.45538e+08 
442 3.26514e+08 
443 3.07654e+08 
444 2.88874e+08 
445 2.70435e+08 
446 2.52395e+08 
447 2.34915e+08 
448 2.17956e+08 
449 2.01555e+08 
450 1.85795e+08 
451 1.70756e+08 
452 1.56429e+08 
453 1.42806e+08 
454 1.29971e+08 
455 1.1787e+08 
456 1.06511e+08 
457 9.59254e+07 
458 8.60601e+07 
459 7.69708e+07 
460 6.85547e+07 
461 6.08223e+07 
462 5.37125e+07 
463 4.72206e+07 
464 4.13345e+07 
465 3.60318e+07 
466 3.12763e+07 
467 2.69898e+07 
468 2.31736e+07 
469 1.97911e+07 
470 1.68176e+07 
471 1.42153e+07 
472 1.19544e+07 
473 9.99883e+06 
474 8.30945e+06 
475 6.87436e+06 
476 5.66099e+06 
477 4.63076e+06 
478 3.7709e+06 
479 3.05652e+06 
480 2.46653e+06 
481 1.97652e+06 
482 1.58046e+06 
483 1.257e+06 
484 990630 
485 774449 
486 601083 
487 463135 
488 352930 
489 266775 
490 200148 
491 148844 
492 110217 
493 81655 
494 59548 
495 43518 
496 31257 
497 22161 
498 15617 
499 10644 
500 7209 
501 4720 
502 3367 
503 2219 
504 1433 
505 1012 
506 672 
507 460 
508 223 
509 117 
510 70 
511 47 
512 32 
513 29 
514 16 
515 18 
516 3 
517 7 
518 6 
519 2 
520 1 
521 0 
522 0 
523 0 
524 0 
525 0 
526 0 
527 0 
528 0 
529 0 
530 0 
531 0 
532 0 
533 0 
534 0 
535 0 
536 0 
537 0 
538 0 
539 0 
540 0 
541 0 
542 0 
543 0 
544 0 
545 0 
546 0 
547 0 
548 0 
549 0 
550 0 
551 0 
552 0 
553 0 
554 0 
555 0 
556 0 
557 0 
558 0 
559 0 
560 0 
561 0 
562 0 
563 0 
564 0 
565 0 
566 0 
567 0 
568 0 
569 0 
570 0 
571 0 
572 0 
573 0 
574 0 
575 0 
576 0 
577 0 
578 0 
579 0 
580 0 
581 0 
582 0 
583 0 
584 0 
585 0 
586 0 
587 0 
588 0 
589 0 
590 0 
591 0 
592 0 
593 0 
594 0 
595 0 
596 0 
597 0 
598 0 
599 0 
600 0 
601 0 
602 0 
603 0 
604 0 
605 0 
606 0 
607 0 
608 0 
609 0 
610 0 
611 0 
612 0 
613 0 
614 0 
615 0 
616 0 
617 0 
618 0 
619 0 
620 0 
621 0 
622 0 
623 0 
624 0 
625 0 
626 0 
627 0 
628 0 
629 0 
630 0 
631 0 
632 0 
633 0 
634 0 
635 0 
636 0 
637 0 
638 0 
639 0 
640 0 
641 0 
642 0 
643 0 
644 0 
645 0 
646 0 
647 0 
648 0 
649 0 
650 0 
651 0 
652 0 
653 0 
654 0 
655 0 
656 0 
657 0 
658 0 
659 0 
660 0 
661 0 
662 0 
663 0 
664 0 
665 0 
666 0 
667 0 
668 0 
669 0 
670 0 
671 0 
672 0 
673 0 
674 0 
675 0 
676 0 
677 0 
678 0 
679 0 
680 0 
681 0 
682 0 
683 0 
684 0 
685 0 
686 0 
687 0 
688 0 
689 0 
690 0 
691 0 
692 0 
693 0 
694 0 
695 0 
696 0 
697 0 
698 0 
699 0 
700 0 
701 0 
702 0 
703 0 
704 0 
705 0 
706 0 
707 0 
708 0 
709 0 
710 0 
711 0 
712 0 
713 0 
714 0 
715 0 
716 0 
717 0 
718 0 
719 0 
720 0 
721 0 
722 0 
723 0 
724 0 
725 0 
726 0 
727 0 
728 0 
729 0 
730 0 
731 0 
732 0 
733 0 
734 0 
735 0 
736 0 
737 0 
738 0 
739 0 
740 0 
741 0 
742 0 
743 0 
744 0 
745 0 
746 0 
747 0 
748 0 
749 0 
750 0 
751 0 
752 0 
753 0 
754 0 
755 0 
756 0 
757 0 
758 0 
759 0 
760 0 
761 0 
762 0 
763 0 
764 0 
765 0 
766 0 
767 0 
768 0 
769 0 
770 0 
771 0 
772 0 
773 0 
774 0 
775 0 
776 0 
777 0 
778 0 
779 0 
780 0 
781 0 
782 0 
783 0 
784 0 
785 0 
786 0 
787 0 
788 0 
789 0 
790 0 
791 0 
792 0 
793 0 
794 0 
795 0 
796 0 
797 0 
798 0 
799 0 
