0 0 
1 0 
2 0 
3 0 
4 0 
5 0 
6 0 
7 0 
8 0 
9 0 
10 0 
11 0 
12 0 
13 0 
14 0 
15 0 
16 0 
17 0 
18 0 
19 0 
20 0 
21 0 
22 0 
23 0 
24 0 
25 0 
26 0 
27 0 
28 0 
29 0 
30 0 
31 0 
32 0 
33 0 
34 0 
35 0 
36 0 
37 0 
38 0 
39 0 
40 0 
41 0 
42 0 
43 0 
44 0 
45 0 
46 0 
47 0 
48 0 
49 0 
50 0 
51 0 
52 0 
53 0 
54 0 
55 0 
56 0 
57 0 
58 0 
59 0 
60 0 
61 0 
62 0 
63 0 
64 0 
65 0 
66 0 
67 0 
68 0 
69 0 
70 0 
71 0 
72 0 
73 0 
74 0 
75 0 
76 0 
77 0 
78 0 
79 0 
80 0 
81 0 
82 0 
83 0 
84 0 
85 0 
86 0 
87 0 
88 0 
89 0 
90 0 
91 0 
92 0 
93 0 
94 0 
95 0 
96 0 
97 0 
98 0 
99 0 
100 0 
101 0 
102 0 
103 0 
104 0 
105 0 
106 0 
107 0 
108 0 
109 0 
110 0 
111 0 
112 0 
113 0 
114 0 
115 0 
116 0 
117 0 
118 0 
119 0 
120 0 
121 0 
122 0 
123 0 
124 0 
125 0 
126 0 
127 0 
128 0 
129 0 
130 0 
131 0 
132 0 
133 0 
134 0 
135 0 
136 0 
137 0 
138 0 
139 0 
140 0 
141 0 
142 0 
143 0 
144 0 
145 0 
146 0 
147 0 
148 0 
149 0 
150 0 
151 0 
152 0 
153 0 
154 0 
155 0 
156 0 
157 0 
158 0 
159 0 
160 0 
161 0 
162 0 
163 0 
164 0 
165 0 
166 0 
167 0 
168 0 
169 0 
170 0 
171 0 
172 0 
173 0 
174 0 
175 0 
176 0 
177 0 
178 0 
179 0 
180 0 
181 0 
182 0 
183 0 
184 0 
185 0 
186 0 
187 0 
188 0 
189 0 
190 0 
191 0 
192 0 
193 0 
194 0 
195 0 
196 0 
197 0 
198 0 
199 0 
200 0 
201 0 
202 0 
203 0 
204 0 
205 0 
206 0 
207 0 
208 0 
209 0 
210 0 
211 0 
212 0 
213 0 
214 0 
215 0 
216 0 
217 0 
218 0 
219 0 
220 0 
221 0 
222 0 
223 0 
224 0 
225 0 
226 0 
227 0 
228 0 
229 0 
230 0 
231 0 
232 0 
233 0 
234 0 
235 0 
236 0 
237 0 
238 0 
239 0 
240 0 
241 0 
242 0 
243 0 
244 0 
245 0 
246 0 
247 0 
248 0 
249 0 
250 0 
251 0 
252 0 
253 0 
254 0 
255 0 
256 0 
257 0 
258 0 
259 0 
260 0 
261 0 
262 0 
263 0 
264 0 
265 0 
266 0 
267 0 
268 0 
269 0 
270 0 
271 0 
272 0 
273 0 
274 0 
275 0 
276 0 
277 0 
278 0 
279 0 
280 0 
281 0 
282 0 
283 0 
284 0 
285 0 
286 0 
287 0 
288 0 
289 0 
290 0 
291 0 
292 0 
293 0 
294 0 
295 0 
296 0 
297 0 
298 0 
299 0 
300 0 
301 0 
302 0 
303 0 
304 0 
305 0 
306 0 
307 0 
308 0 
309 0 
310 0 
311 0 
312 0 
313 0 
314 0 
315 0 
316 0 
317 0 
318 0 
319 0 
320 0 
321 0 
322 0 
323 0 
324 0 
325 0 
326 0 
327 1 
328 4 
329 9 
330 5 
331 6 
332 19 
333 11 
334 14 
335 19 
336 31 
337 37 
338 46 
339 127 
340 180 
341 275 
342 421 
343 630 
344 1054 
345 1506 
346 2149 
347 3293 
348 4712 
349 6577 
350 9162 
351 12175 
352 16782 
353 22474 
354 28969 
355 36847 
356 47509 
357 59710 
358 75483 
359 95183 
360 119781 
361 150746 
362 187941 
363 233060 
364 290937 
365 360665 
366 444240 
367 554332 
368 685530 
369 843877 
370 1.03716e+06 
371 1.27297e+06 
372 1.55388e+06 
373 1.89155e+06 
374 2.29071e+06 
375 2.75902e+06 
376 3.30091e+06 
377 3.93392e+06 
378 4.65452e+06 
379 5.48609e+06 
380 6.45007e+06 
381 7.53992e+06 
382 8.78784e+06 
383 1.01821e+07 
384 1.17589e+07 
385 1.3525e+07 
386 1.55092e+07 
387 1.76902e+07 
388 2.00737e+07 
389 2.26918e+07 
390 2.55693e+07 
391 2.87045e+07 
392 3.21061e+07 
393 3.57787e+07 
394 3.97109e+07 
395 4.3929e+07 
396 4.84083e+07 
397 5.31585e+07 
398 5.81653e+07 
399 6.34019e+07 
400 6.88631e+07 
401 7.45324e+07 
402 8.04731e+07 
403 8.66215e+07 
404 9.3114e+07 
405 9.99538e+07 
406 1.07197e+08 
407 1.14867e+08 
408 1.22939e+08 
409 1.315e+08 
410 1.40556e+08 
411 1.5007e+08 
412 1.60119e+08 
413 1.7066e+08 
414 1.81768e+08 
415 1.93348e+08 
416 2.05478e+08 
417 2.18145e+08 
418 2.31323e+08 
419 2.45019e+08 
420 2.59136e+08 
421 2.73707e+08 
422 2.88595e+08 
423 3.03867e+08 
424 3.19358e+08 
425 3.35105e+08 
426 3.5102e+08 
427 3.66988e+08 
428 3.82961e+08 
429 3.98775e+08 
430 4.14338e+08 
431 4.29532e+08 
432 4.44274e+08 
433 4.58529e+08 
434 4.72046e+08 
435 4.84796e+08 
436 4.96533e+08 
437 5.07299e+08 
438 5.16885e+08 
439 5.25142e+08 
440 5.32021e+08 
441 5.37323e+08 
442 5.40925e+08 
443 5.42868e+08 
444 5.43112e+08 
445 5.41671e+08 
446 5.38508e+08 
447 5.33681e+08 
448 5.27308e+08 
449 5.19263e+08 
450 5.09751e+08 
451 4.98772e+08 
452 4.86495e+08 
453 4.72942e+08 
454 4.58033e+08 
455 4.42165e+08 
456 4.25344e+08 
457 4.07831e+08 
458 3.89625e+08 
459 3.7085e+08 
460 3.51653e+08 
461 3.32126e+08 
462 3.12653e+08 
463 2.93234e+08 
464 2.7405e+08 
465 2.55179e+08 
466 2.36877e+08 
467 2.19182e+08 
468 2.0212e+08 
469 1.85765e+08 
470 1.70131e+08 
471 1.55332e+08 
472 1.41387e+08 
473 1.28298e+08 
474 1.16105e+08 
475 1.04751e+08 
476 9.41945e+07 
477 8.45048e+07 
478 7.56148e+07 
479 6.74599e+07 
480 6.00576e+07 
481 5.33174e+07 
482 4.72026e+07 
483 4.1717e+07 
484 3.67939e+07 
485 3.23525e+07 
486 2.84127e+07 
487 2.4881e+07 
488 2.17381e+07 
489 1.89585e+07 
490 1.64892e+07 
491 1.43242e+07 
492 1.24086e+07 
493 1.0717e+07 
494 9.23113e+06 
495 7.92838e+06 
496 6.79818e+06 
497 5.79049e+06 
498 4.92041e+06 
499 4.16705e+06 
500 3.51931e+06 
501 2.96516e+06 
502 2.49711e+06 
503 2.09554e+06 
504 1.75221e+06 
505 1.46811e+06 
506 1.23072e+06 
507 1.02831e+06 
508 859505 
509 712688 
510 591001 
511 489418 
512 404709 
513 336290 
514 280088 
515 233569 
516 196720 
517 165656 
518 139993 
519 118227 
520 100020 
521 83696 
522 70277 
523 58684 
524 48791 
525 40575 
526 33330 
527 27135 
528 21590 
529 16911 
530 13380 
531 10541 
532 8104 
533 6458 
534 4753 
535 3504 
536 2503 
537 1754 
538 1235 
539 882 
540 568 
541 385 
542 271 
543 200 
544 157 
545 117 
546 83 
547 45 
548 21 
549 29 
550 19 
551 17 
552 5 
553 1 
554 0 
555 0 
556 0 
557 0 
558 0 
559 0 
560 0 
561 0 
562 0 
563 0 
564 0 
565 0 
566 0 
567 0 
568 0 
569 0 
570 0 
571 0 
572 0 
573 0 
574 0 
575 0 
576 0 
577 0 
578 0 
579 0 
580 0 
581 0 
582 0 
583 0 
584 0 
585 0 
586 0 
587 0 
588 0 
589 0 
590 0 
591 0 
592 0 
593 0 
594 0 
595 0 
596 0 
597 0 
598 0 
599 0 
600 0 
601 0 
602 0 
603 0 
604 0 
605 0 
606 0 
607 0 
608 0 
609 0 
610 0 
611 0 
612 0 
613 0 
614 0 
615 0 
616 0 
617 0 
618 0 
619 0 
620 0 
621 0 
622 0 
623 0 
624 0 
625 0 
626 0 
627 0 
628 0 
629 0 
630 0 
631 0 
632 0 
633 0 
634 0 
635 0 
636 0 
637 0 
638 0 
639 0 
640 0 
641 0 
642 0 
643 0 
644 0 
645 0 
646 0 
647 0 
648 0 
649 0 
650 0 
651 0 
652 0 
653 0 
654 0 
655 0 
656 0 
657 0 
658 0 
659 0 
660 0 
661 0 
662 0 
663 0 
664 0 
665 0 
666 0 
667 0 
668 0 
669 0 
670 0 
671 0 
672 0 
673 0 
674 0 
675 0 
676 0 
677 0 
678 0 
679 0 
680 0 
681 0 
682 0 
683 0 
684 0 
685 0 
686 0 
687 0 
688 0 
689 0 
690 0 
691 0 
692 0 
693 0 
694 0 
695 0 
696 0 
697 0 
698 0 
699 0 
700 0 
701 0 
702 0 
703 0 
704 0 
705 0 
706 0 
707 0 
708 0 
709 0 
710 0 
711 0 
712 0 
713 0 
714 0 
715 0 
716 0 
717 0 
718 0 
719 0 
720 0 
721 0 
722 0 
723 0 
724 0 
725 0 
726 0 
727 0 
728 0 
729 0 
730 0 
731 0 
732 0 
733 0 
734 0 
735 0 
736 0 
737 0 
738 0 
739 0 
740 0 
741 0 
742 0 
743 0 
744 0 
745 0 
746 0 
747 0 
748 0 
749 0 
750 0 
751 0 
752 0 
753 0 
754 0 
755 0 
756 0 
757 0 
758 0 
759 0 
760 0 
761 0 
762 0 
763 0 
764 0 
765 0 
766 0 
767 0 
768 0 
769 0 
770 0 
771 0 
772 0 
773 0 
774 0 
775 0 
776 0 
777 0 
778 0 
779 0 
780 0 
781 0 
782 0 
783 0 
784 0 
785 0 
786 0 
787 0 
788 0 
789 0 
790 0 
791 0 
792 0 
793 0 
794 0 
795 0 
796 0 
797 0 
798 0 
799 0 
