0 -1
1 -6
2 -4
3 -6
4 -9
5 -6
6 -1
7 -6
8 -5
9 -4
10 -5
11 -5
12 12
13 9
14 6
15 1
16 1
17 1
18 -4
19 -5
20 -3
21 -3
22 4
23 6
24 15
25 15
26 1
27 6
28 7
29 1
30 8
31 10
32 17
33 15
34 16
35 23
36 13
37 13
38 15
39 22
40 18
41 14
42 21
43 21
44 16
45 17
46 16
47 18
48 28
49 28
50 24
51 24
52 28
53 26
54 25
55 21
56 20
57 19
58 18
59 8
60 11
61 13
62 9
63 11
64 -8
65 -6
66 2
67 9
68 5
69 4
70 4
71 0
72 12
73 23
74 24
75 28
76 5
77 2
78 -1
79 4
80 6
81 1
82 2
83 -1
84 1
85 4
86 6
87 5
88 4
89 0
90 3
91 14
92 8
93 5
94 6
95 5
96 12
97 10
98 11
99 3
100 0
101 -1
102 5
103 13
104 14
105 1
106 8
107 9
108 8
109 8
110 7
111 9
112 10
113 0
114 0
115 -1
116 15
117 13
118 17
119 19
120 29
121 17
122 10
123 11
124 9
125 7
126 9
127 21
128 15
129 15
130 -3
131 10
132 9
133 12
134 1
135 -1
136 9
137 -4
138 1
139 15
140 4
141 4
142 4
143 12
144 -9
145 -10
146 2
147 2
148 -2
149 3
150 -2
151 -5
152 6
153 6
154 6
155 6
156 8
157 7
158 6
159 5
160 0
161 1
162 5
163 -6
164 -3
165 5
166 8
167 10
168 8
169 8
170 7
171 6
172 1
173 -5
174 -3
175 0
176 8
177 7
178 2
179 7
180 10
181 17
182 22
183 22
184 12
185 15
186 17
187 21
188 23
189 22
190 22
191 27
192 16
193 18
194 19
195 17
196 18
197 7
198 7
199 10
200 10
201 9
202 6
203 8
204 1
205 12
206 17
207 8
208 5
209 16
210 16
211 9
212 12
213 15
214 16
215 25
216 1
217 -1
218 9
219 -4
220 -4
221 -2
222 10
223 12
224 4
225 31
226 9
227 9
228 20
229 19
230 15
231 4
232 6
233 15
234 18
235 13
236 13
237 5
238 13
239 15
240 12
241 12
242 6
243 6
244 5
245 -3
246 3
247 -3
248 -5
249 11
250 10
251 11
252 12
253 5
254 0
255 0
