0 1
1 -2
2 0
3 0
4 1
5 1
6 0
7 0
8 0
9 0
10 0
11 1
12 3
13 2
14 2
15 0
16 0
17 0
18 0
19 -2
20 0
21 -1
22 -1
23 0
24 1
25 3
26 3
27 0
28 2
29 0
30 0
31 0
32 0
33 2
34 0
35 0
36 2
37 1
38 0
39 0
40 -1
41 1
42 1
43 1
44 1
45 0
46 0
47 0
48 0
49 0
50 -2
51 3
52 2
53 -1
54 -1
55 0
56 -1
57 0
58 -1
59 -1
60 0
61 -1
62 0
63 1
64 0
65 1
66 1
67 1
68 1
69 1
70 -1
71 0
72 -2
73 0
74 0
75 -1
76 -2
77 -3
78 -2
79 -2
80 -1
81 1
82 1
83 2
84 -1
85 -1
86 -3
87 0
88 1
89 3
90 1
91 2
92 2
93 2
94 2
95 2
96 2
97 3
98 0
99 0
100 0
101 1
102 0
103 0
104 0
105 -1
106 -2
107 2
108 2
109 1
110 0
111 0
112 0
113 0
114 0
115 0
116 -1
117 0
118 0
119 0
120 -1
121 0
122 1
123 1
124 1
125 1
126 1
127 0
128 2
129 1
130 0
131 0
132 0
133 0
134 -1
135 0
136 -2
137 -1
138 -1
139 -2
140 -1
141 0
142 1
143 2
144 2
145 0
146 1
147 0
148 -1
149 -1
150 1
151 0
152 -1
153 0
154 0
155 2
156 2
157 3
158 2
159 0
160 1
161 1
162 1
163 0
164 0
165 0
166 0
167 0
168 1
169 -2
170 -1
171 -2
172 -2
173 0
174 1
175 1
176 1
177 2
178 2
179 0
180 0
181 0
182 1
183 -1
184 -1
185 -1
186 0
187 0
188 0
189 0
190 0
191 -2
192 -1
193 -1
194 0
195 0
196 0
197 0
198 0
199 0
200 0
201 0
202 0
203 0
204 0
205 0
206 0
207 1
208 2
209 1
210 2
211 1
212 1
213 1
214 0
215 0
216 0
217 1
218 0
219 2
220 1
221 1
222 2
223 1
224 3
225 2
226 1
227 1
228 1
229 0
230 -1
231 0
232 2
233 3
234 3
235 3
236 2
237 -1
238 -1
239 0
240 0
241 0
242 0
243 0
244 0
245 0
246 1
247 1
248 1
249 0
250 0
251 0
252 1
253 1
254 1
255 -1
