0 16
1 15
2 17
3 15
4 17
5 16
6 19
7 18
8 11
9 8
10 7
11 8
12 8
13 9
14 9
15 16
16 19
17 20
18 24
19 24
20 26
21 25
22 25
23 22
24 19
25 21
26 21
27 25
28 26
29 42
30 41
31 36
32 37
33 47
34 46
35 45
36 46
37 42
38 40
39 43
40 47
41 48
42 47
43 53
44 50
45 52
46 50
47 51
48 51
49 50
50 52
51 51
52 46
53 48
54 47
55 47
56 47
57 46
58 45
59 44
60 46
61 42
62 48
63 49
64 48
65 48
66 48
67 52
68 48
69 47
70 50
71 50
72 49
73 48
74 44
75 44
76 39
77 38
78 42
79 46
80 44
81 41
82 39
83 40
84 40
85 43
86 45
87 46
88 39
89 43
90 43
91 42
92 42
93 41
94 41
95 42
96 39
97 40
98 40
99 37
100 36
101 30
102 25
103 24
104 16
105 25
106 24
107 24
108 23
109 21
110 25
111 18
112 14
113 21
114 21
115 23
116 23
117 23
118 23
119 21
120 21
121 20
122 19
123 19
124 20
125 23
126 30
127 31
128 31
129 28
130 28
131 26
132 27
133 29
134 27
135 28
136 26
137 29
138 30
139 29
140 28
141 30
142 30
143 31
144 30
145 29
146 27
147 21
148 21
149 21
150 22
151 19
152 20
153 22
154 24
155 21
156 21
157 20
158 3
159 4
160 3
161 14
162 10
163 13
164 14
165 16
166 15
167 14
168 13
169 12
170 9
171 12
172 11
173 16
174 9
175 6
176 6
177 4
178 -11
179 -6
180 -14
181 -13
182 -13
183 -10
184 -7
185 -5
186 -6
187 -7
188 -7
189 -10
190 -10
191 -8
192 -9
193 -3
194 -2
195 -3
196 -4
197 -4
198 0
199 0
200 4
201 3
202 5
203 4
204 4
205 4
206 5
207 1
208 -4
209 2
210 11
211 12
212 12
213 18
214 18
215 17
216 18
217 20
218 17
219 17
220 11
221 11
222 7
223 7
224 5
225 0
226 5
227 8
228 4
229 4
230 4
231 0
232 3
233 3
234 3
235 0
236 0
237 1
238 1
239 1
240 0
241 7
242 6
243 6
244 6
245 9
246 13
247 10
248 11
249 13
250 12
251 13
252 9
253 14
254 14
255 14
