0 4
1 2
2 2
3 2
4 2
5 2
6 2
7 2
8 3
9 2
10 4
11 3
12 4
13 4
14 0
15 3
16 4
17 2
18 1
19 0
20 -1
21 -1
22 0
23 1
24 2
25 2
26 2
27 3
28 1
29 0
30 -1
31 0
32 1
33 1
34 2
35 2
36 0
37 0
38 2
39 2
40 2
41 1
42 1
43 1
44 2
45 2
46 2
47 2
48 2
49 1
50 1
51 1
52 1
53 1
54 1
55 -1
56 -1
57 -1
58 0
59 1
60 0
61 0
62 -2
63 -1
64 -2
65 -2
66 -2
67 -1
68 -1
69 0
70 -1
71 1
72 1
73 1
74 0
75 -2
76 1
77 1
78 0
79 0
80 -3
81 -1
82 -1
83 -2
84 0
85 0
86 1
87 1
88 1
89 1
90 1
91 1
92 4
93 3
94 5
95 5
96 6
97 4
98 4
99 4
100 2
101 4
102 3
103 1
104 0
105 0
106 0
107 0
108 1
109 -1
110 -2
111 2
112 2
113 3
114 1
115 2
116 0
117 -1
118 -1
119 1
120 1
121 1
122 1
123 3
124 1
125 2
126 3
127 3
128 3
129 3
130 2
131 3
132 3
133 3
134 3
135 2
136 1
137 0
138 2
139 2
140 3
141 3
142 3
143 2
144 2
145 2
146 4
147 3
148 3
149 3
150 5
151 3
152 8
153 8
154 6
155 7
156 8
157 7
158 7
159 7
160 6
161 6
162 6
163 1
164 0
165 1
166 1
167 -1
168 -2
169 -1
170 -1
171 -1
172 -1
173 -1
174 0
175 1
176 1
177 2
178 2
179 2
180 2
181 3
182 3
183 3
184 3
185 2
186 1
187 1
188 1
189 1
190 1
191 0
192 0
193 2
194 2
195 2
196 1
197 0
198 1
199 1
200 0
201 3
202 3
203 3
204 4
205 2
206 2
207 3
208 3
209 2
210 3
211 3
212 0
213 0
214 -4
215 -4
216 -6
217 -6
218 -3
219 -4
220 -4
221 -3
222 -1
223 0
224 0
225 0
226 0
227 1
228 4
229 5
230 3
231 3
232 3
233 3
234 3
235 5
236 4
237 4
238 2
239 3
240 3
241 0
242 3
243 1
244 2
245 2
246 2
247 3
248 3
249 -1
250 -1
251 -1
252 2
253 2
254 3
255 3
