0 10
1 9
2 9
3 4
4 4
5 12
6 25
7 26
8 27
9 27
10 27
11 24
12 28
13 27
14 27
15 29
16 36
17 38
18 38
19 37
20 39
21 38
22 27
23 26
24 26
25 30
26 30
27 27
28 20
29 20
30 22
31 23
32 22
33 23
34 21
35 18
36 16
37 15
38 19
39 17
40 18
41 18
42 15
43 26
44 27
45 23
46 23
47 24
48 26
49 27
50 28
51 27
52 24
53 21
54 20
55 19
56 21
57 23
58 13
59 14
60 15
61 12
62 13
63 13
64 13
65 10
66 11
67 10
68 8
69 6
70 1
71 -1
72 3
73 8
74 8
75 5
76 6
77 7
78 7
79 14
80 12
81 10
82 12
83 9
84 2
85 -1
86 7
87 15
88 21
89 21
90 21
91 19
92 18
93 19
94 22
95 24
96 16
97 17
98 22
99 16
100 13
101 14
102 2
103 4
104 1
105 7
106 7
107 6
108 7
109 6
110 7
111 16
112 11
113 10
114 13
115 20
116 20
117 20
118 23
119 19
120 16
121 17
122 18
123 11
124 12
125 10
126 7
127 6
128 10
129 10
130 9
131 20
132 21
133 21
134 20
135 22
136 15
137 19
138 16
139 10
140 9
141 15
142 6
143 9
144 -6
145 4
146 7
147 7
148 6
149 12
150 7
151 9
152 5
153 18
154 23
155 22
156 21
157 20
158 20
159 18
160 12
161 11
162 10
163 -1
164 -7
165 -12
166 -12
167 -4
168 -1
169 -4
170 1
171 -3
172 -5
173 -5
174 0
175 -2
176 -8
177 -10
178 -9
179 -7
180 -6
181 -1
182 -5
183 -3
184 -4
185 0
186 1
187 -1
188 -2
189 -4
190 -2
191 -2
192 -8
193 -5
194 -3
195 5
196 4
197 10
198 10
199 13
200 12
201 5
202 4
203 5
204 5
205 9
206 8
207 10
208 12
209 9
210 9
211 0
212 -1
213 -1
214 1
215 1
216 -3
217 -9
218 -8
219 -9
220 -5
221 -7
222 -4
223 2
224 5
225 6
226 -5
227 -3
228 -2
229 13
230 11
231 8
232 15
233 12
234 19
235 21
236 20
237 19
238 17
239 17
240 16
241 14
242 13
243 11
244 13
245 11
246 9
247 8
248 9
249 9
250 8
251 8
252 11
253 12
254 12
255 12
