0 4
1 -3
2 -1
3 -5
4 -6
5 -4
6 -5
7 -3
8 -4
9 -8
10 -8
11 -10
12 -10
13 -8
14 -5
15 -3
16 -3
17 3
18 7
19 9
20 8
21 10
22 9
23 9
24 5
25 9
26 15
27 14
28 22
29 22
30 22
31 20
32 21
33 22
34 24
35 25
36 23
37 23
38 23
39 23
40 26
41 32
42 28
43 26
44 28
45 31
46 29
47 28
48 30
49 27
50 23
51 22
52 22
53 20
54 16
55 8
56 5
57 4
58 1
59 1
60 0
61 1
62 5
63 6
64 7
65 4
66 16
67 15
68 15
69 14
70 15
71 15
72 15
73 12
74 9
75 13
76 11
77 11
78 8
79 7
80 7
81 13
82 15
83 15
84 16
85 19
86 14
87 18
88 19
89 24
90 24
91 17
92 17
93 22
94 21
95 22
96 20
97 13
98 11
99 8
100 6
101 8
102 6
103 5
104 6
105 10
106 7
107 12
108 10
109 13
110 5
111 7
112 10
113 10
114 9
115 4
116 3
117 9
118 9
119 9
120 10
121 10
122 6
123 6
124 11
125 11
126 11
127 16
128 28
129 26
130 27
131 32
132 32
133 37
134 36
135 36
136 42
137 40
138 41
139 40
140 40
141 36
142 36
143 38
144 38
145 41
146 45
147 46
148 50
149 48
150 45
151 46
152 48
153 53
154 54
155 56
156 56
157 55
158 55
159 55
160 51
161 51
162 47
163 47
164 38
165 39
166 40
167 37
168 36
169 34
170 34
171 33
172 31
173 31
174 31
175 30
176 29
177 28
178 30
179 24
180 22
181 25
182 20
183 20
184 18
185 18
186 18
187 17
188 15
189 10
190 1
191 2
192 3
193 0
194 3
195 2
196 6
197 7
198 8
199 10
200 8
201 11
202 13
203 13
204 14
205 23
206 24
207 24
208 22
209 23
210 26
211 33
212 39
213 40
214 38
215 38
216 25
217 26
218 20
219 14
220 9
221 12
222 14
223 17
224 17
225 19
226 19
227 16
228 13
229 14
230 13
231 13
232 10
233 9
234 10
235 10
236 12
237 10
238 10
239 9
240 8
241 8
242 6
243 7
244 5
245 13
246 14
247 14
248 16
249 11
250 9
251 3
252 1
253 3
254 4
255 7
