0 -4
1 2
2 -1
3 -1
4 2
5 0
6 0
7 2
8 8
9 7
10 8
11 -4
12 1
13 -2
14 -1
15 -1
16 -2
17 -5
18 -3
19 -2
20 0
21 0
22 2
23 2
24 1
25 11
26 12
27 12
28 15
29 7
30 4
31 3
32 4
33 2
34 2
35 -3
36 0
37 2
38 2
39 1
40 8
41 4
42 2
43 0
44 0
45 -1
46 -6
47 2
48 4
49 16
50 7
51 7
52 5
53 -3
54 -4
55 4
56 2
57 4
58 1
59 0
60 -13
61 -8
62 -3
63 2
64 2
65 -1
66 3
67 -6
68 2
69 3
70 3
71 5
72 5
73 8
74 5
75 10
76 10
77 7
78 1
79 0
80 5
81 3
82 2
83 -1
84 0
85 -2
86 8
87 6
88 10
89 8
90 5
91 0
92 0
93 9
94 -9
95 -6
96 -9
97 -4
98 -6
99 -8
100 -3
101 3
102 3
103 4
104 4
105 -3
106 4
107 3
108 1
109 0
110 4
111 4
112 2
113 1
114 -2
115 -5
116 4
117 3
118 3
119 0
120 1
121 4
122 10
123 9
124 2
125 1
126 0
127 7
128 6
129 -4
130 0
131 1
132 8
133 -3
134 -1
135 2
136 -2
137 -6
138 -5
139 -2
140 -2
141 1
142 2
143 -4
144 -10
145 0
146 -2
147 5
148 4
149 3
150 4
151 10
152 4
153 9
154 12
155 4
156 3
157 5
158 2
159 1
160 2
161 4
162 0
163 1
164 2
165 5
166 8
167 7
168 4
169 3
170 -1
171 -1
172 0
173 2
174 -6
175 0
176 0
177 1
178 2
179 5
180 4
181 5
182 4
183 4
184 5
185 5
186 6
187 6
188 5
189 2
190 1
191 3
192 0
193 2
194 -1
195 4
196 4
197 -2
198 -1
199 2
200 9
201 3
202 0
203 2
204 5
205 2
206 1
207 5
208 8
209 -1
210 0
211 2
212 3
213 2
214 4
215 2
216 1
217 2
218 0
219 6
220 -2
221 2
222 0
223 4
224 2
225 8
226 2
227 4
228 4
229 3
230 4
231 9
232 8
233 15
234 16
235 17
236 11
237 0
238 1
239 -6
240 2
241 1
242 3
243 3
244 6
245 8
246 -2
247 1
248 1
249 0
250 -5
251 -7
252 0
253 -1
254 1
255 1
