0 3
1 8
2 4
3 5
4 3
5 5
6 -2
7 5
8 13
9 11
10 1
11 1
12 -3
13 -1
14 11
15 13
16 9
17 7
18 -1
19 5
20 8
21 7
22 9
23 7
24 9
25 16
26 22
27 13
28 19
29 21
30 19
31 20
32 20
33 21
34 17
35 34
36 32
37 31
38 22
39 19
40 11
41 10
42 9
43 0
44 10
45 0
46 -5
47 10
48 7
49 15
50 13
51 6
52 8
53 8
54 9
55 2
56 5
57 -2
58 1
59 1
60 -3
61 -1
62 6
63 11
64 8
65 -5
66 -5
67 -5
68 2
69 2
70 -4
71 2
72 -1
73 0
74 -2
75 5
76 5
77 7
78 7
79 6
80 8
81 5
82 4
83 0
84 2
85 -10
86 -7
87 -6
88 -4
89 -1
90 -1
91 5
92 0
93 -5
94 -6
95 -2
96 -2
97 0
98 -1
99 5
100 5
101 4
102 4
103 14
104 13
105 1
106 4
107 3
108 7
109 16
110 21
111 24
112 21
113 19
114 17
115 19
116 10
117 9
118 1
119 -3
120 -2
121 7
122 13
123 11
124 8
125 10
126 5
127 10
128 9
129 9
130 10
131 13
132 11
133 10
134 8
135 9
136 4
137 7
138 9
139 13
140 -2
141 -2
142 -1
143 1
144 1
145 8
146 12
147 5
148 5
149 -2
150 2
151 -3
152 -2
153 -3
154 1
155 3
156 10
157 11
158 10
159 6
160 5
161 11
162 4
163 8
164 9
165 14
166 17
167 15
168 14
169 13
170 12
171 9
172 21
173 14
174 22
175 16
176 13
177 5
178 12
179 6
180 5
181 8
182 4
183 6
184 17
185 21
186 15
187 13
188 17
189 7
190 8
191 -5
192 -5
193 7
194 8
195 13
196 14
197 13
198 11
199 14
200 8
201 8
202 3
203 5
204 9
205 5
206 2
207 5
208 22
209 11
210 9
211 8
212 10
213 15
214 12
215 -3
216 -2
217 -4
218 -3
219 -3
220 5
221 3
222 7
223 4
224 0
225 2
226 -1
227 -3
228 0
229 -1
230 7
231 9
232 8
233 15
234 16
235 6
236 15
237 13
238 14
239 16
240 16
241 17
242 12
243 7
244 11
245 7
246 11
247 10
248 9
249 11
250 26
251 7
252 18
253 13
254 1
255 0
