0 36
1 39
2 37
3 36
4 34
5 34
6 34
7 37
8 43
9 38
10 40
11 36
12 37
13 34
14 35
15 22
16 28
17 32
18 28
19 34
20 34
21 30
22 13
23 12
24 16
25 11
26 11
27 8
28 7
29 5
30 10
31 15
32 10
33 -3
34 3
35 1
36 4
37 7
38 10
39 15
40 11
41 8
42 7
43 9
44 5
45 -1
46 2
47 -1
48 -2
49 5
50 12
51 12
52 14
53 19
54 24
55 11
56 11
57 12
58 13
59 17
60 14
61 16
62 14
63 12
64 2
65 1
66 2
67 12
68 14
69 12
70 12
71 13
72 17
73 15
74 15
75 17
76 9
77 2
78 -4
79 -4
80 -9
81 -10
82 -3
83 -8
84 -4
85 -2
86 -3
87 -4
88 18
89 25
90 31
91 28
92 20
93 12
94 12
95 10
96 6
97 12
98 13
99 1
100 2
101 2
102 4
103 10
104 11
105 -1
106 8
107 8
108 7
109 15
110 8
111 10
112 19
113 26
114 32
115 23
116 39
117 35
118 35
119 23
120 25
121 18
122 21
123 18
124 11
125 11
126 1
127 6
128 -3
129 -1
130 -2
131 2
132 3
133 9
134 9
135 9
136 -8
137 -6
138 0
139 -2
140 -2
141 11
142 11
143 9
144 10
145 14
146 -4
147 6
148 3
149 8
150 5
151 4
152 4
153 4
154 5
155 9
156 10
157 10
158 3
159 2
160 9
161 17
162 18
163 21
164 20
165 22
166 22
167 18
168 12
169 11
170 12
171 11
172 11
173 8
174 -2
175 -3
176 0
177 14
178 18
179 24
180 22
181 20
182 14
183 21
184 15
185 10
186 9
187 7
188 1
189 -3
190 -5
191 -9
192 -20
193 -11
194 1
195 0
196 -9
197 -8
198 -11
199 -6
200 -2
201 5
202 9
203 -4
204 -5
205 -1
206 -1
207 -3
208 -3
209 -11
210 -6
211 -7
212 -10
213 -7
214 -8
215 -8
216 -3
217 -4
218 7
219 5
220 0
221 1
222 2
223 6
224 3
225 14
226 21
227 18
228 13
229 13
230 9
231 13
232 13
233 12
234 5
235 5
236 2
237 4
238 1
239 -3
240 -4
241 1
242 13
243 16
244 11
245 2
246 2
247 9
248 5
249 21
250 22
251 2
252 3
253 8
254 27
255 33
