0 31
1 39
2 41
3 36
4 28
5 29
6 27
7 27
8 27
9 30
10 31
11 30
12 18
13 22
14 26
15 31
16 39
17 41
18 41
19 48
20 46
21 51
22 52
23 53
24 56
25 57
26 55
27 53
28 51
29 51
30 44
31 47
32 49
33 48
34 44
35 42
36 41
37 42
38 70
39 70
40 70
41 68
42 62
43 54
44 52
45 53
46 56
47 52
48 42
49 47
50 48
51 48
52 48
53 45
54 49
55 50
56 47
57 47
58 50
59 49
60 50
61 47
62 47
63 52
64 54
65 54
66 46
67 46
68 45
69 40
70 38
71 26
72 25
73 23
74 22
75 22
76 23
77 26
78 32
79 31
80 29
81 28
82 27
83 30
84 34
85 34
86 33
87 30
88 35
89 26
90 20
91 20
92 20
93 17
94 22
95 25
96 20
97 21
98 19
99 15
100 9
101 15
102 18
103 19
104 16
105 18
106 24
107 26
108 31
109 37
110 36
111 36
112 37
113 41
114 38
115 25
116 33
117 38
118 35
119 34
120 38
121 35
122 38
123 29
124 42
125 46
126 45
127 42
128 53
129 54
130 43
131 46
132 52
133 46
134 48
135 48
136 48
137 47
138 44
139 53
140 50
141 49
142 49
143 48
144 49
145 51
146 49
147 52
148 56
149 58
150 62
151 62
152 61
153 60
154 60
155 58
156 57
157 60
158 56
159 60
160 55
161 48
162 46
163 49
164 48
165 46
166 50
167 50
168 50
169 50
170 50
171 48
172 52
173 46
174 38
175 28
176 31
177 32
178 31
179 35
180 35
181 34
182 36
183 40
184 42
185 40
186 41
187 41
188 38
189 39
190 42
191 41
192 44
193 42
194 46
195 47
196 46
197 33
198 32
199 32
200 48
201 50
202 57
203 54
204 51
205 53
206 53
207 54
208 53
209 47
210 48
211 44
212 53
213 49
214 42
215 40
216 42
217 42
218 43
219 32
220 31
221 32
222 33
223 29
224 31
225 23
226 23
227 28
228 30
229 29
230 31
231 38
232 36
233 27
234 32
235 33
236 27
237 31
238 31
239 31
240 31
241 26
242 25
243 29
244 28
245 18
246 22
247 14
248 15
249 29
250 30
251 34
252 37
253 27
254 31
255 26
