0 11
1 10
2 10
3 9
4 8
5 9
6 9
7 9
8 11
9 11
10 10
11 11
12 9
13 9
14 7
15 4
16 2
17 2
18 4
19 5
20 5
21 6
22 7
23 10
24 11
25 11
26 11
27 11
28 11
29 11
30 10
31 9
32 10
33 7
34 7
35 8
36 7
37 7
38 7
39 6
40 6
41 5
42 5
43 7
44 9
45 12
46 11
47 11
48 8
49 9
50 9
51 9
52 9
53 11
54 11
55 11
56 14
57 14
58 14
59 16
60 20
61 19
62 23
63 23
64 25
65 25
66 24
67 24
68 25
69 24
70 23
71 23
72 24
73 24
74 28
75 28
76 28
77 27
78 27
79 25
80 26
81 26
82 23
83 27
84 27
85 28
86 27
87 26
88 25
89 26
90 26
91 22
92 22
93 22
94 22
95 23
96 23
97 25
98 26
99 27
100 26
101 26
102 26
103 27
104 27
105 27
106 26
107 20
108 23
109 27
110 27
111 26
112 26
113 26
114 27
115 27
116 27
117 27
118 27
119 26
120 25
121 26
122 26
123 24
124 23
125 22
126 21
127 18
128 18
129 18
130 19
131 19
132 19
133 19
134 20
135 19
136 19
137 20
138 19
139 17
140 18
141 17
142 16
143 16
144 16
145 17
146 16
147 17
148 17
149 17
150 18
151 18
152 18
153 19
154 19
155 19
156 15
157 16
158 17
159 17
160 17
161 15
162 16
163 16
164 16
165 16
166 16
167 16
168 16
169 17
170 17
171 17
172 16
173 14
174 14
175 11
176 11
177 9
178 3
179 3
180 6
181 6
182 6
183 8
184 8
185 6
186 5
187 5
188 4
189 4
190 2
191 6
192 7
193 5
194 5
195 5
196 5
197 5
198 -1
199 0
200 0
201 0
202 -1
203 -2
204 -4
205 -3
206 -4
207 -3
208 -4
209 -4
210 -3
211 -4
212 -4
213 -4
214 -4
215 -5
216 -5
217 -5
218 -6
219 -6
220 -4
221 -6
222 -4
223 -5
224 -5
225 -3
226 -4
227 -6
228 -7
229 -5
230 -5
231 -2
232 -3
233 -4
234 -3
235 -1
236 1
237 1
238 1
239 5
240 5
241 4
242 5
243 6
244 6
245 7
246 7
247 5
248 4
249 5
250 5
251 6
252 8
253 7
254 8
255 8
