0 15
1 8
2 11
3 12
4 12
5 10
6 11
7 5
8 12
9 13
10 11
11 12
12 10
13 10
14 13
15 13
16 14
17 14
18 6
19 3
20 8
21 8
22 10
23 7
24 3
25 -1
26 0
27 1
28 -2
29 -3
30 0
31 -5
32 -6
33 -10
34 -9
35 0
36 -3
37 -4
38 -9
39 -10
40 -8
41 -12
42 -8
43 -9
44 -6
45 -3
46 -4
47 -6
48 -2
49 -2
50 0
51 1
52 1
53 7
54 8
55 12
56 7
57 9
58 4
59 4
60 2
61 4
62 8
63 9
64 5
65 2
66 1
67 1
68 3
69 3
70 6
71 6
72 8
73 8
74 6
75 9
76 9
77 6
78 7
79 8
80 7
81 10
82 13
83 6
84 2
85 6
86 7
87 3
88 3
89 9
90 10
91 13
92 8
93 6
94 7
95 7
96 10
97 11
98 12
99 8
100 5
101 4
102 4
103 4
104 5
105 5
106 3
107 5
108 4
109 4
110 4
111 6
112 9
113 8
114 8
115 9
116 8
117 6
118 1
119 -10
120 -6
121 -5
122 -6
123 -9
124 -12
125 -9
126 -6
127 -8
128 -3
129 -4
130 -4
131 -4
132 -1
133 -1
134 6
135 8
136 9
137 9
138 12
139 15
140 17
141 18
142 18
143 13
144 -1
145 -1
146 0
147 6
148 5
149 6
150 4
151 2
152 5
153 9
154 12
155 12
156 13
157 11
158 10
159 11
160 12
161 11
162 11
163 11
164 9
165 7
166 6
167 4
168 0
169 0
170 2
171 0
172 -2
173 -8
174 0
175 7
176 9
177 13
178 16
179 16
180 15
181 12
182 15
183 18
184 19
185 18
186 14
187 12
188 12
189 12
190 11
191 11
192 12
193 11
194 6
195 6
196 11
197 11
198 13
199 11
200 15
201 15
202 14
203 10
204 13
205 12
206 13
207 12
208 11
209 10
210 10
211 9
212 7
213 8
214 9
215 10
216 7
217 7
218 10
219 11
220 11
221 10
222 10
223 7
224 5
225 5
226 5
227 5
228 2
229 -1
230 7
231 7
232 4
233 4
234 6
235 7
236 12
237 12
238 13
239 11
240 9
241 5
242 -1
243 -3
244 3
245 3
246 3
247 3
248 7
249 6
250 14
251 14
252 17
253 16
254 15
255 14
