0 2
1 0
2 -2
3 -1
4 -1
5 0
6 -1
7 0
8 0
9 1
10 0
11 1
12 -1
13 -1
14 -1
15 2
16 1
17 0
18 1
19 0
20 0
21 0
22 0
23 1
24 0
25 -1
26 -2
27 -2
28 -2
29 1
30 1
31 1
32 0
33 -1
34 -2
35 -1
36 2
37 1
38 1
39 1
40 2
41 3
42 3
43 2
44 0
45 2
46 2
47 3
48 2
49 3
50 0
51 0
52 0
53 0
54 -3
55 -2
56 0
57 0
58 -1
59 0
60 1
61 1
62 3
63 2
64 1
65 1
66 1
67 1
68 2
69 0
70 0
71 2
72 3
73 3
74 3
75 3
76 2
77 1
78 -1
79 -1
80 -2
81 -2
82 -2
83 -2
84 1
85 2
86 3
87 3
88 1
89 3
90 3
91 2
92 2
93 3
94 4
95 4
96 5
97 5
98 5
99 3
100 3
101 3
102 2
103 1
104 1
105 1
106 2
107 1
108 1
109 2
110 0
111 0
112 -1
113 -1
114 0
115 0
116 0
117 1
118 2
119 0
120 1
121 0
122 0
123 1
124 1
125 1
126 0
127 0
128 0
129 0
130 0
131 -2
132 -1
133 0
134 1
135 2
136 3
137 2
138 1
139 1
140 3
141 3
142 2
143 2
144 2
145 1
146 1
147 1
148 0
149 2
150 2
151 3
152 2
153 -2
154 -1
155 -2
156 -2
157 -2
158 1
159 0
160 0
161 -1
162 0
163 0
164 -1
165 -1
166 -1
167 0
168 0
169 0
170 -2
171 -1
172 0
173 1
174 0
175 1
176 1
177 0
178 1
179 0
180 -2
181 -2
182 0
183 3
184 1
185 1
186 1
187 1
188 2
189 2
190 1
191 2
192 3
193 3
194 3
195 -2
196 -1
197 -1
198 2
199 2
200 1
201 0
202 0
203 2
204 1
205 1
206 1
207 2
208 1
209 1
210 -3
211 0
212 -1
213 -3
214 0
215 -1
216 0
217 -1
218 -1
219 -1
220 -2
221 -1
222 -2
223 -1
224 -1
225 0
226 0
227 0
228 0
229 1
230 0
231 0
232 0
233 0
234 0
235 1
236 0
237 0
238 1
239 1
240 2
241 2
242 0
243 -1
244 -1
245 -1
246 0
247 1
248 1
249 1
250 2
251 2
252 3
253 3
254 4
255 4
