0 49
1 50
2 51
3 52
4 44
5 51
6 55
7 59
8 54
9 55
10 55
11 57
12 57
13 53
14 46
15 51
16 43
17 42
18 45
19 32
20 22
21 18
22 18
23 21
24 21
25 2
26 3
27 3
28 2
29 9
30 -4
31 4
32 12
33 13
34 12
35 2
36 3
37 5
38 4
39 4
40 -3
41 -11
42 -13
43 -17
44 -15
45 -15
46 -18
47 -18
48 -17
49 -13
50 -17
51 -23
52 -20
53 -17
54 -19
55 -19
56 -18
57 -5
58 -4
59 -5
60 -16
61 -9
62 -8
63 -2
64 -2
65 -4
66 -7
67 5
68 -6
69 -13
70 -7
71 1
72 -4
73 -6
74 -5
75 -20
76 -19
77 -21
78 -11
79 3
80 6
81 12
82 6
83 -1
84 5
85 1
86 -5
87 -11
88 -11
89 -9
90 -6
91 -10
92 -8
93 -2
94 2
95 4
96 7
97 6
98 6
99 11
100 31
101 42
102 39
103 43
104 11
105 12
106 12
107 11
108 9
109 0
110 2
111 4
112 3
113 7
114 11
115 6
116 1
117 -9
118 -8
119 -5
120 -1
121 -2
122 3
123 2
124 7
125 7
126 11
127 12
128 11
129 6
130 4
131 16
132 17
133 33
134 32
135 33
136 38
137 40
138 39
139 39
140 44
141 51
142 48
143 50
144 38
145 37
146 52
147 55
148 60
149 67
150 61
151 55
152 48
153 47
154 32
155 28
156 31
157 31
158 36
159 41
160 49
161 43
162 42
163 43
164 37
165 43
166 42
167 42
168 41
169 44
170 43
171 43
172 33
173 33
174 31
175 34
176 34
177 35
178 26
179 33
180 31
181 34
182 26
183 28
184 31
185 57
186 53
187 62
188 64
189 58
190 58
191 55
192 66
193 51
194 44
195 53
196 46
197 45
198 49
199 50
200 50
201 47
202 45
203 45
204 48
205 30
206 32
207 32
208 27
209 29
210 25
211 23
212 24
213 33
214 33
215 33
216 21
217 25
218 25
219 22
220 17
221 12
222 25
223 36
224 36
225 34
226 28
227 29
228 35
229 31
230 35
231 34
232 32
233 34
234 36
235 44
236 44
237 34
238 32
239 35
240 42
241 36
242 44
243 50
244 47
245 44
246 45
247 40
248 33
249 39
250 39
251 37
252 36
253 31
254 36
255 37
