0 -3
1 -4
2 -4
3 -3
4 -3
5 -3
6 -3
7 -3
8 -1
9 3
10 0
11 2
12 -1
13 -1
14 -1
15 -1
16 -1
17 -1
18 -1
19 2
20 3
21 5
22 9
23 11
24 11
25 11
26 11
27 10
28 10
29 11
30 11
31 8
32 7
33 8
34 7
35 7
36 6
37 5
38 5
39 4
40 4
41 4
42 4
43 4
44 4
45 4
46 4
47 4
48 3
49 1
50 2
51 2
52 4
53 3
54 4
55 4
56 2
57 2
58 1
59 -3
60 -2
61 -3
62 -3
63 -4
64 -4
65 -3
66 -2
67 -1
68 -1
69 -1
70 1
71 1
72 1
73 0
74 0
75 -1
76 -1
77 -2
78 -1
79 -3
80 -3
81 -3
82 -3
83 -3
84 -3
85 -3
86 -2
87 -2
88 -3
89 -2
90 0
91 0
92 3
93 4
94 4
95 9
96 9
97 9
98 8
99 8
100 8
101 8
102 8
103 9
104 7
105 7
106 7
107 10
108 9
109 9
110 9
111 10
112 10
113 9
114 11
115 12
116 9
117 8
118 7
119 11
120 13
121 12
122 12
123 12
124 13
125 13
126 13
127 12
128 13
129 13
130 12
131 13
132 13
133 10
134 12
135 12
136 9
137 9
138 12
139 13
140 13
141 13
142 10
143 9
144 8
145 6
146 6
147 4
148 3
149 3
150 3
151 3
152 1
153 1
154 1
155 1
156 0
157 0
158 0
159 1
160 1
161 3
162 2
163 1
164 0
165 1
166 3
167 3
168 3
169 5
170 5
171 3
172 3
173 5
174 2
175 2
176 2
177 2
178 2
179 6
180 7
181 7
182 6
183 5
184 6
185 6
186 6
187 5
188 5
189 3
190 3
191 4
192 4
193 4
194 4
195 2
196 3
197 3
198 4
199 5
200 5
201 4
202 4
203 4
204 4
205 3
206 3
207 3
208 4
209 4
210 6
211 5
212 4
213 4
214 5
215 5
216 1
217 0
218 -1
219 3
220 2
221 3
222 3
223 4
224 5
225 6
226 4
227 4
228 5
229 6
230 4
231 4
232 3
233 3
234 3
235 4
236 0
237 0
238 -2
239 -2
240 -1
241 1
242 -2
243 -1
244 -1
245 -2
246 -1
247 1
248 1
249 0
250 -2
251 -4
252 -4
253 -4
254 -3
255 -3
