0 -2
1 3
2 6
3 8
4 1
5 1
6 3
7 2
8 10
9 16
10 13
11 14
12 2
13 2
14 -3
15 -1
16 -1
17 11
18 -2
19 0
20 -1
21 -1
22 2
23 2
24 3
25 6
26 4
27 3
28 -5
29 -2
30 -2
31 -2
32 -2
33 7
34 8
35 8
36 10
37 18
38 7
39 8
40 5
41 9
42 1
43 -2
44 -1
45 -11
46 -11
47 -19
48 -9
49 -1
50 -1
51 2
52 0
53 -5
54 -1
55 -2
56 -3
57 1
58 2
59 5
60 14
61 14
62 11
63 8
64 9
65 7
66 7
67 1
68 0
69 1
70 3
71 1
72 3
73 3
74 9
75 5
76 3
77 7
78 6
79 6
80 3
81 6
82 2
83 4
84 6
85 7
86 4
87 5
88 5
89 12
90 12
91 10
92 2
93 -3
94 1
95 7
96 6
97 6
98 9
99 12
100 7
101 4
102 -4
103 3
104 -4
105 4
106 12
107 13
108 16
109 17
110 15
111 13
112 15
113 11
114 13
115 22
116 18
117 21
118 19
119 18
120 19
121 17
122 15
123 9
124 7
125 7
126 7
127 0
128 -3
129 6
130 10
131 19
132 18
133 15
134 12
135 11
136 7
137 4
138 6
139 6
140 15
141 14
142 16
143 16
144 17
145 17
146 20
147 18
148 16
149 18
150 10
151 10
152 15
153 13
154 19
155 12
156 1
157 3
158 6
159 -1
160 5
161 4
162 1
163 -2
164 -6
165 -3
166 0
167 1
168 -2
169 -6
170 -5
171 -6
172 -7
173 -3
174 -1
175 -3
176 -3
177 -4
178 -5
179 -1
180 -2
181 0
182 0
183 3
184 13
185 16
186 9
187 3
188 5
189 9
190 11
191 9
192 5
193 8
194 11
195 11
196 1
197 8
198 12
199 14
200 16
201 20
202 16
203 15
204 13
205 14
206 10
207 16
208 15
209 18
210 13
211 16
212 17
213 8
214 12
215 6
216 8
217 2
218 -9
219 -13
220 -14
221 -15
222 -1
223 -1
224 -3
225 1
226 1
227 -2
228 0
229 -1
230 6
231 5
232 -2
233 0
234 10
235 10
236 7
237 6
238 13
239 10
240 9
241 6
242 2
243 4
244 4
245 8
246 8
247 12
248 11
249 7
250 7
251 3
252 4
253 0
254 -3
255 -7
