0 8
1 6
2 5
3 6
4 4
5 -7
6 1
7 0
8 -3
9 -2
10 -2
11 1
12 2
13 2
14 3
15 2
16 7
17 6
18 6
19 -3
20 -3
21 -7
22 -7
23 -7
24 -4
25 -2
26 -3
27 -4
28 -5
29 -1
30 -2
31 1
32 2
33 3
34 4
35 3
36 2
37 1
38 1
39 -1
40 2
41 1
42 0
43 2
44 3
45 4
46 7
47 6
48 6
49 7
50 7
51 7
52 2
53 3
54 5
55 0
56 1
57 3
58 1
59 2
60 2
61 -2
62 -2
63 -3
64 4
65 4
66 7
67 4
68 4
69 2
70 -5
71 -4
72 -5
73 -5
74 -2
75 -4
76 -1
77 3
78 -1
79 2
80 3
81 8
82 10
83 8
84 8
85 8
86 7
87 6
88 4
89 11
90 16
91 15
92 16
93 17
94 12
95 7
96 7
97 10
98 14
99 14
100 10
101 9
102 8
103 8
104 9
105 9
106 10
107 19
108 18
109 19
110 20
111 10
112 10
113 12
114 6
115 6
116 6
117 10
118 12
119 14
120 9
121 10
122 5
123 2
124 4
125 -1
126 3
127 5
128 6
129 15
130 16
131 15
132 14
133 14
134 12
135 11
136 9
137 10
138 12
139 17
140 14
141 14
142 10
143 17
144 16
145 18
146 17
147 18
148 15
149 15
150 14
151 17
152 17
153 16
154 16
155 13
156 17
157 17
158 28
159 28
160 25
161 26
162 26
163 22
164 26
165 26
166 29
167 27
168 24
169 24
170 20
171 15
172 10
173 8
174 5
175 4
176 4
177 2
178 -1
179 2
180 2
181 2
182 2
183 0
184 -3
185 -2
186 -3
187 -1
188 -1
189 0
190 3
191 2
192 3
193 0
194 -3
195 -3
196 -1
197 7
198 6
199 9
200 10
201 11
202 7
203 7
204 5
205 3
206 4
207 5
208 8
209 6
210 10
211 13
212 13
213 13
214 14
215 18
216 16
217 12
218 12
219 12
220 12
221 12
222 12
223 13
224 13
225 15
226 16
227 17
228 17
229 15
230 16
231 16
232 17
233 19
234 21
235 24
236 22
237 25
238 24
239 22
240 19
241 16
242 17
243 18
244 17
245 24
246 32
247 25
248 21
249 19
250 21
251 25
252 18
253 16
254 12
255 11
