0 32
1 32
2 32
3 35
4 37
5 38
6 42
7 42
8 42
9 41
10 41
11 34
12 34
13 33
14 29
15 32
16 29
17 29
18 30
19 24
20 27
21 25
22 25
23 22
24 25
25 26
26 25
27 28
28 26
29 21
30 22
31 21
32 16
33 14
34 12
35 15
36 19
37 26
38 48
39 48
40 53
41 52
42 53
43 49
44 52
45 59
46 63
47 65
48 65
49 64
50 66
51 64
52 54
53 50
54 43
55 36
56 27
57 25
58 26
59 24
60 30
61 30
62 28
63 16
64 18
65 17
66 21
67 21
68 23
69 27
70 27
71 27
72 21
73 15
74 22
75 15
76 22
77 23
78 20
79 22
80 26
81 26
82 56
83 41
84 41
85 43
86 45
87 45
88 38
89 38
90 37
91 29
92 29
93 29
94 29
95 26
96 26
97 19
98 22
99 22
100 23
101 24
102 34
103 32
104 32
105 31
106 35
107 37
108 39
109 35
110 37
111 40
112 44
113 42
114 39
115 46
116 47
117 40
118 46
119 44
120 40
121 44
122 45
123 39
124 39
125 39
126 42
127 36
128 27
129 26
130 29
131 31
132 24
133 24
134 30
135 24
136 35
137 38
138 40
139 28
140 26
141 26
142 30
143 30
144 31
145 23
146 22
147 20
148 17
149 4
150 5
151 -2
152 4
153 2
154 -1
155 -10
156 -10
157 -10
158 -7
159 -7
160 -13
161 -8
162 -5
163 -5
164 -7
165 -6
166 -3
167 -5
168 -6
169 -12
170 0
171 -7
172 -7
173 -10
174 -8
175 -5
176 -5
177 -5
178 3
179 4
180 18
181 24
182 22
183 18
184 22
185 21
186 20
187 23
188 25
189 35
190 36
191 31
192 34
193 25
194 31
195 34
196 34
197 32
198 33
199 25
200 20
201 14
202 17
203 18
204 18
205 17
206 12
207 11
208 15
209 13
210 14
211 15
212 12
213 14
214 11
215 16
216 20
217 20
218 21
219 28
220 18
221 18
222 13
223 11
224 9
225 13
226 16
227 22
228 22
229 31
230 33
231 35
232 32
233 24
234 24
235 26
236 29
237 28
238 17
239 16
240 21
241 20
242 21
243 21
244 25
245 30
246 34
247 25
248 24
249 25
250 21
251 23
252 24
253 23
254 27
255 28
