0 -1
1 -2
2 13
3 9
4 6
5 8
6 0
7 4
8 5
9 2
10 8
11 5
12 3
13 -3
14 0
15 1
16 1
17 3
18 4
19 4
20 3
21 1
22 1
23 4
24 6
25 8
26 7
27 8
28 3
29 1
30 3
31 6
32 6
33 5
34 11
35 0
36 1
37 7
38 7
39 13
40 13
41 11
42 3
43 2
44 0
45 3
46 9
47 4
48 1
49 -1
50 -3
51 0
52 5
53 1
54 1
55 2
56 1
57 -4
58 2
59 0
60 3
61 5
62 5
63 6
64 1
65 -3
66 -5
67 -6
68 4
69 3
70 0
71 -2
72 -1
73 -1
74 -2
75 6
76 3
77 2
78 -1
79 -1
80 1
81 2
82 1
83 4
84 4
85 8
86 6
87 16
88 6
89 7
90 -1
91 1
92 6
93 2
94 0
95 1
96 1
97 4
98 5
99 0
100 1
101 -1
102 -5
103 -5
104 -3
105 -3
106 -1
107 -3
108 -4
109 -5
110 2
111 4
112 7
113 2
114 3
115 14
116 13
117 22
118 28
119 17
120 20
121 21
122 21
123 13
124 7
125 1
126 1
127 2
128 1
129 2
130 1
131 6
132 5
133 10
134 2
135 1
136 6
137 2
138 1
139 -3
140 -2
141 -1
142 2
143 10
144 5
145 7
146 5
147 2
148 0
149 -3
150 -3
151 -1
152 3
153 6
154 4
155 4
156 1
157 8
158 5
159 -5
160 -1
161 -3
162 0
163 1
164 -3
165 0
166 0
167 -2
168 2
169 2
170 -2
171 3
172 3
173 5
174 4
175 4
176 0
177 -5
178 -10
179 -9
180 -6
181 -7
182 -5
183 -10
184 -5
185 -1
186 0
187 3
188 0
189 1
190 2
191 2
192 8
193 6
194 1
195 6
196 3
197 4
198 5
199 5
200 5
201 0
202 -4
203 2
204 1
205 3
206 1
207 6
208 1
209 1
210 1
211 3
212 8
213 3
214 1
215 2
216 6
217 17
218 11
219 12
220 10
221 7
222 8
223 5
224 6
225 6
226 0
227 -3
228 -4
229 2
230 2
231 9
232 7
233 4
234 4
235 3
236 0
237 2
238 2
239 3
240 -5
241 -2
242 -2
243 -5
244 -6
245 -7
246 -6
247 -4
248 -11
249 -9
250 -9
251 -4
252 -3
253 0
254 -1
255 0
