0 0
1 0
2 -1
3 0
4 1
5 1
6 0
7 0
8 -2
9 -1
10 0
11 0
12 0
13 1
14 1
15 1
16 4
17 4
18 1
19 1
20 0
21 1
22 1
23 1
24 1
25 1
26 1
27 2
28 2
29 0
30 -1
31 -1
32 1
33 1
34 -1
35 -1
36 -1
37 -2
38 -2
39 -2
40 -2
41 0
42 4
43 2
44 2
45 1
46 -1
47 -1
48 -1
49 0
50 0
51 -2
52 0
53 -1
54 -1
55 -1
56 0
57 -1
58 -1
59 4
60 4
61 0
62 -2
63 1
64 0
65 3
66 0
67 0
68 0
69 0
70 2
71 2
72 2
73 2
74 2
75 2
76 3
77 1
78 1
79 3
80 3
81 2
82 3
83 1
84 1
85 0
86 -3
87 -3
88 -1
89 -1
90 -2
91 -2
92 -2
93 -2
94 1
95 0
96 0
97 0
98 0
99 -1
100 -1
101 0
102 1
103 0
104 0
105 0
106 1
107 2
108 2
109 1
110 3
111 4
112 5
113 3
114 6
115 6
116 6
117 5
118 2
119 2
120 4
121 4
122 3
123 4
124 5
125 5
126 5
127 3
128 3
129 3
130 2
131 1
132 3
133 2
134 1
135 0
136 0
137 1
138 2
139 1
140 1
141 1
142 0
143 0
144 1
145 0
146 -2
147 -1
148 -1
149 0
150 1
151 3
152 3
153 3
154 2
155 3
156 4
157 5
158 5
159 4
160 4
161 0
162 -2
163 0
164 1
165 1
166 -1
167 -1
168 -1
169 -1
170 -1
171 0
172 2
173 1
174 1
175 1
176 1
177 2
178 2
179 1
180 -1
181 1
182 3
183 4
184 3
185 3
186 2
187 3
188 3
189 3
190 0
191 -1
192 0
193 0
194 0
195 0
196 1
197 1
198 1
199 2
200 3
201 2
202 3
203 3
204 -2
205 -1
206 -1
207 0
208 -1
209 0
210 0
211 -1
212 -1
213 1
214 1
215 2
216 -1
217 0
218 0
219 -2
220 -2
221 -1
222 -1
223 3
224 3
225 4
226 5
227 4
228 5
229 7
230 7
231 7
232 7
233 5
234 3
235 2
236 1
237 1
238 1
239 0
240 0
241 2
242 0
243 1
244 2
245 1
246 3
247 1
248 1
249 3
250 3
251 1
252 1
253 2
254 0
255 0
