0 7
1 7
2 -1
3 4
4 -3
5 -3
6 -5
7 -6
8 -5
9 -2
10 6
11 -3
12 -3
13 1
14 6
15 8
16 4
17 5
18 4
19 7
20 10
21 11
22 8
23 3
24 3
25 3
26 2
27 2
28 2
29 1
30 1
31 2
32 0
33 8
34 9
35 11
36 12
37 12
38 13
39 14
40 13
41 13
42 12
43 14
44 13
45 11
46 7
47 7
48 5
49 2
50 4
51 6
52 6
53 3
54 7
55 8
56 9
57 5
58 4
59 5
60 4
61 1
62 1
63 1
64 2
65 3
66 2
67 7
68 7
69 3
70 1
71 2
72 5
73 2
74 3
75 5
76 3
77 5
78 5
79 1
80 3
81 2
82 3
83 6
84 6
85 5
86 4
87 3
88 5
89 4
90 5
91 6
92 8
93 15
94 12
95 16
96 21
97 31
98 28
99 30
100 28
101 29
102 29
103 29
104 32
105 21
106 18
107 15
108 20
109 28
110 28
111 29
112 26
113 14
114 5
115 2
116 4
117 -2
118 10
119 10
120 9
121 8
122 10
123 7
124 5
125 3
126 13
127 15
128 12
129 15
130 13
131 8
132 10
133 12
134 8
135 5
136 2
137 1
138 14
139 16
140 13
141 14
142 13
143 7
144 6
145 -2
146 -3
147 0
148 -1
149 -3
150 9
151 0
152 2
153 1
154 -1
155 -2
156 3
157 3
158 5
159 6
160 3
161 7
162 7
163 10
164 13
165 15
166 16
167 20
168 19
169 22
170 21
171 16
172 11
173 11
174 17
175 17
176 19
177 20
178 21
179 14
180 13
181 5
182 5
183 1
184 9
185 9
186 10
187 4
188 9
189 8
190 6
191 6
192 4
193 3
194 -1
195 0
196 0
197 4
198 6
199 4
200 11
201 13
202 16
203 14
204 16
205 17
206 20
207 21
208 11
209 10
210 0
211 10
212 15
213 18
214 9
215 10
216 6
217 5
218 6
219 -2
220 2
221 4
222 5
223 8
224 16
225 18
226 25
227 29
228 33
229 29
230 5
231 3
232 1
233 0
234 -6
235 0
236 -3
237 -15
238 -10
239 2
240 3
241 3
242 4
243 7
244 7
245 5
246 7
247 9
248 16
249 20
250 8
251 7
252 6
253 5
254 0
255 -2
