0 0
1 0
2 2
3 1
4 4
5 2
6 3
7 2
8 2
9 -3
10 -1
11 8
12 0
13 3
14 5
15 2
16 1
17 -6
18 -6
19 -4
20 -6
21 -6
22 -5
23 -4
24 10
25 7
26 7
27 5
28 2
29 3
30 4
31 5
32 6
33 8
34 4
35 4
36 6
37 7
38 9
39 11
40 10
41 8
42 2
43 1
44 0
45 -1
46 5
47 5
48 0
49 0
50 2
51 5
52 5
53 13
54 13
55 15
56 18
57 18
58 15
59 17
60 17
61 9
62 9
63 9
64 8
65 9
66 10
67 12
68 13
69 13
70 16
71 14
72 11
73 11
74 12
75 10
76 5
77 4
78 5
79 5
80 10
81 9
82 3
83 4
84 3
85 3
86 4
87 6
88 17
89 17
90 15
91 16
92 16
93 13
94 14
95 18
96 22
97 21
98 20
99 24
100 23
101 23
102 21
103 20
104 24
105 24
106 24
107 23
108 31
109 37
110 35
111 34
112 24
113 20
114 17
115 16
116 26
117 25
118 23
119 21
120 21
121 22
122 19
123 21
124 22
125 22
126 19
127 18
128 17
129 19
130 21
131 23
132 24
133 21
134 22
135 13
136 18
137 18
138 14
139 15
140 14
141 9
142 8
143 8
144 7
145 11
146 11
147 7
148 12
149 13
150 15
151 17
152 20
153 13
154 14
155 18
156 18
157 19
158 21
159 20
160 21
161 21
162 21
163 22
164 23
165 23
166 23
167 21
168 18
169 19
170 22
171 22
172 24
173 30
174 33
175 25
176 24
177 24
178 22
179 23
180 25
181 29
182 34
183 28
184 29
185 29
186 29
187 30
188 31
189 26
190 28
191 26
192 23
193 24
194 23
195 22
196 25
197 24
198 22
199 22
200 17
201 17
202 15
203 17
204 18
205 18
206 16
207 17
208 16
209 15
210 15
211 18
212 16
213 15
214 14
215 17
216 15
217 15
218 19
219 22
220 20
221 23
222 24
223 29
224 29
225 31
226 29
227 27
228 24
229 19
230 21
231 20
232 18
233 11
234 11
235 8
236 7
237 2
238 3
239 2
240 3
241 4
242 3
243 6
244 5
245 8
246 10
247 14
248 10
249 6
250 4
251 1
252 -2
253 -2
254 -3
255 0
