0 19
1 16
2 15
3 14
4 14
5 20
6 21
7 21
8 20
9 21
10 22
11 21
12 20
13 20
14 13
15 15
16 12
17 12
18 2
19 2
20 2
21 1
22 1
23 1
24 -1
25 1
26 3
27 2
28 2
29 3
30 3
31 3
32 3
33 5
34 5
35 6
36 9
37 12
38 14
39 10
40 12
41 12
42 9
43 12
44 14
45 13
46 15
47 15
48 9
49 9
50 7
51 2
52 -3
53 -1
54 -1
55 -1
56 1
57 2
58 -1
59 -2
60 -1
61 -3
62 -4
63 -4
64 -6
65 -3
66 -9
67 -8
68 -9
69 -10
70 -4
71 -4
72 -4
73 -4
74 4
75 5
76 6
77 10
78 16
79 17
80 16
81 17
82 18
83 17
84 10
85 9
86 7
87 7
88 9
89 10
90 12
91 8
92 9
93 12
94 11
95 12
96 12
97 10
98 12
99 11
100 15
101 16
102 15
103 14
104 14
105 12
106 13
107 14
108 21
109 27
110 26
111 24
112 23
113 21
114 22
115 22
116 20
117 22
118 21
119 16
120 14
121 14
122 13
123 10
124 9
125 10
126 13
127 -4
128 -1
129 0
130 0
131 1
132 0
133 4
134 8
135 8
136 12
137 10
138 10
139 14
140 15
141 11
142 12
143 11
144 3
145 -1
146 -3
147 -2
148 -2
149 -1
150 2
151 2
152 1
153 3
154 3
155 2
156 2
157 4
158 8
159 8
160 12
161 9
162 3
163 3
164 1
165 -2
166 -2
167 -3
168 -3
169 -3
170 -3
171 -2
172 -3
173 4
174 3
175 2
176 2
177 -2
178 6
179 5
180 5
181 5
182 2
183 2
184 6
185 8
186 6
187 5
188 0
189 1
190 -2
191 -2
192 1
193 3
194 6
195 12
196 10
197 10
198 13
199 13
200 14
201 16
202 16
203 21
204 21
205 23
206 23
207 27
208 22
209 23
210 20
211 22
212 21
213 25
214 27
215 30
216 31
217 27
218 32
219 32
220 39
221 42
222 41
223 40
224 41
225 41
226 36
227 32
228 30
229 31
230 32
231 35
232 33
233 29
234 32
235 29
236 29
237 20
238 24
239 25
240 25
241 25
242 28
243 29
244 29
245 24
246 17
247 15
248 16
249 16
250 16
251 18
252 18
253 18
254 18
255 19
