0 6
1 6
2 7
3 5
4 5
5 5
6 5
7 5
8 3
9 3
10 3
11 2
12 2
13 6
14 5
15 5
16 3
17 4
18 4
19 1
20 1
21 1
22 3
23 4
24 4
25 3
26 4
27 4
28 3
29 1
30 -1
31 -2
32 -2
33 -2
34 -2
35 -2
36 -4
37 -3
38 -3
39 -3
40 -4
41 -2
42 1
43 1
44 -1
45 0
46 0
47 2
48 1
49 1
50 1
51 0
52 1
53 0
54 0
55 0
56 0
57 -1
58 -2
59 -3
60 -4
61 -3
62 -3
63 -4
64 -5
65 -6
66 -5
67 1
68 3
69 5
70 4
71 5
72 5
73 4
74 4
75 1
76 -1
77 -2
78 -2
79 -3
80 -2
81 -3
82 -1
83 -1
84 -2
85 -1
86 -1
87 -1
88 -1
89 -3
90 -3
91 -3
92 0
93 0
94 -1
95 -1
96 1
97 1
98 1
99 1
100 1
101 -1
102 0
103 0
104 1
105 1
106 -1
107 -1
108 -1
109 -2
110 -1
111 2
112 2
113 2
114 -1
115 -1
116 1
117 1
118 3
119 1
120 1
121 2
122 2
123 3
124 3
125 6
126 7
127 6
128 6
129 6
130 6
131 4
132 2
133 2
134 2
135 3
136 6
137 4
138 4
139 4
140 4
141 0
142 0
143 1
144 1
145 1
146 -1
147 1
148 2
149 2
150 3
151 1
152 1
153 1
154 0
155 3
156 4
157 4
158 2
159 2
160 -1
161 -2
162 -1
163 -1
164 -2
165 0
166 0
167 0
168 1
169 1
170 2
171 2
172 5
173 6
174 8
175 9
176 11
177 11
178 11
179 11
180 10
181 10
182 11
183 10
184 10
185 8
186 4
187 4
188 3
189 4
190 4
191 4
192 4
193 4
194 3
195 2
196 2
197 3
198 2
199 5
200 5
201 5
202 4
203 3
204 3
205 2
206 2
207 1
208 2
209 2
210 5
211 5
212 6
213 7
214 5
215 6
216 5
217 4
218 4
219 5
220 5
221 5
222 4
223 4
224 6
225 8
226 8
227 7
228 7
229 4
230 4
231 5
232 6
233 6
234 7
235 8
236 4
237 3
238 3
239 3
240 4
241 4
242 4
243 4
244 3
245 3
246 3
247 3
248 4
249 5
250 5
251 2
252 2
253 1
254 3
255 6
