0 6
1 8
2 8
3 4
4 0
5 2
6 -1
7 2
8 5
9 2
10 -2
11 4
12 4
13 4
14 -2
15 -3
16 -3
17 -2
18 7
19 5
20 2
21 4
22 4
23 3
24 3
25 1
26 -4
27 -5
28 -2
29 -4
30 1
31 -1
32 0
33 2
34 2
35 5
36 4
37 0
38 0
39 0
40 3
41 2
42 1
43 1
44 4
45 5
46 2
47 5
48 5
49 6
50 10
51 -2
52 -3
53 2
54 3
55 7
56 1
57 -2
58 -6
59 -6
60 1
61 1
62 3
63 5
64 8
65 9
66 9
67 3
68 2
69 -2
70 -2
71 1
72 0
73 1
74 2
75 1
76 1
77 5
78 3
79 2
80 -1
81 6
82 -7
83 2
84 1
85 -1
86 -5
87 -5
88 -1
89 -3
90 -4
91 -1
92 1
93 -1
94 6
95 8
96 4
97 8
98 9
99 0
100 0
101 2
102 1
103 3
104 0
105 -2
106 -4
107 4
108 4
109 4
110 4
111 5
112 6
113 8
114 8
115 7
116 7
117 4
118 6
119 7
120 11
121 10
122 9
123 8
124 3
125 3
126 6
127 11
128 5
129 7
130 8
131 5
132 2
133 -1
134 -3
135 -4
136 -4
137 -1
138 1
139 1
140 -7
141 -4
142 -4
143 -1
144 3
145 5
146 5
147 7
148 9
149 7
150 8
151 7
152 5
153 7
154 3
155 2
156 5
157 7
158 5
159 1
160 0
161 5
162 1
163 -1
164 1
165 -1
166 -8
167 -3
168 -2
169 -4
170 7
171 11
172 7
173 6
174 7
175 8
176 2
177 1
178 -3
179 -3
180 -1
181 -3
182 -4
183 -3
184 -5
185 -6
186 -10
187 1
188 1
189 1
190 1
191 6
192 11
193 10
194 4
195 1
196 -1
197 5
198 4
199 2
200 3
201 3
202 4
203 4
204 1
205 -5
206 -5
207 -2
208 5
209 5
210 6
211 6
212 9
213 5
214 6
215 -1
216 0
217 1
218 3
219 6
220 6
221 7
222 2
223 5
224 7
225 11
226 11
227 2
228 6
229 6
230 6
231 8
232 7
233 12
234 15
235 14
236 15
237 8
238 6
239 5
240 5
241 7
242 6
243 5
244 6
245 7
246 8
247 8
248 12
249 13
250 13
251 17
252 13
253 10
254 3
255 2
