0 13
1 11
2 13
3 12
4 13
5 11
6 11
7 11
8 10
9 11
10 11
11 11
12 11
13 11
14 9
15 10
16 9
17 9
18 10
19 12
20 15
21 16
22 17
23 21
24 23
25 25
26 27
27 27
28 26
29 23
30 24
31 24
32 23
33 24
34 24
35 24
36 25
37 25
38 25
39 26
40 26
41 26
42 25
43 25
44 24
45 23
46 23
47 24
48 26
49 26
50 26
51 29
52 28
53 28
54 28
55 25
56 24
57 23
58 23
59 23
60 24
61 28
62 29
63 29
64 29
65 28
66 28
67 28
68 28
69 28
70 27
71 26
72 26
73 24
74 24
75 23
76 23
77 23
78 22
79 20
80 21
81 21
82 23
83 23
84 23
85 24
86 25
87 18
88 15
89 15
90 16
91 17
92 16
93 20
94 20
95 19
96 19
97 19
98 19
99 18
100 18
101 19
102 19
103 18
104 19
105 19
106 19
107 18
108 14
109 14
110 15
111 15
112 14
113 14
114 16
115 15
116 16
117 16
118 16
119 17
120 16
121 16
122 16
123 16
124 16
125 11
126 10
127 10
128 10
129 10
130 8
131 10
132 9
133 10
134 10
135 10
136 9
137 9
138 9
139 9
140 9
141 7
142 7
143 9
144 9
145 9
146 7
147 7
148 6
149 5
150 4
151 4
152 2
153 3
154 3
155 4
156 -2
157 -3
158 -3
159 -3
160 -2
161 -3
162 -4
163 -4
164 -4
165 -1
166 -1
167 0
168 1
169 2
170 2
171 3
172 2
173 2
174 2
175 4
176 4
177 3
178 4
179 5
180 5
181 7
182 9
183 9
184 9
185 12
186 11
187 11
188 9
189 9
190 9
191 10
192 11
193 11
194 11
195 12
196 11
197 11
198 11
199 12
200 11
201 11
202 10
203 10
204 8
205 7
206 5
207 8
208 9
209 8
210 8
211 13
212 12
213 11
214 10
215 11
216 11
217 13
218 15
219 14
220 16
221 17
222 15
223 15
224 15
225 15
226 13
227 14
228 14
229 15
230 15
231 15
232 15
233 11
234 13
235 14
236 12
237 10
238 8
239 7
240 8
241 5
242 5
243 8
244 9
245 9
246 9
247 9
248 12
249 12
250 12
251 10
252 11
253 12
254 13
255 12
