0 3
1 4
2 1
3 0
4 3
5 3
6 -1
7 -2
8 -1
9 -3
10 -4
11 -3
12 0
13 -2
14 0
15 -2
16 0
17 -1
18 -1
19 -1
20 -1
21 -1
22 -2
23 0
24 -1
25 1
26 1
27 1
28 -3
29 0
30 -2
31 -3
32 -2
33 -1
34 0
35 0
36 0
37 0
38 -1
39 3
40 3
41 -1
42 0
43 0
44 -1
45 -2
46 1
47 0
48 0
49 -3
50 -2
51 4
52 2
53 3
54 1
55 3
56 3
57 8
58 8
59 2
60 3
61 1
62 3
63 -1
64 0
65 0
66 0
67 1
68 2
69 3
70 -4
71 0
72 0
73 0
74 1
75 1
76 4
77 6
78 5
79 5
80 1
81 -4
82 -4
83 -1
84 0
85 1
86 -1
87 -3
88 3
89 7
90 7
91 6
92 -1
93 -1
94 -1
95 -1
96 -3
97 -2
98 -1
99 -1
100 2
101 3
102 0
103 -1
104 0
105 2
106 -1
107 -2
108 2
109 1
110 2
111 -1
112 2
113 1
114 3
115 3
116 3
117 4
118 2
119 1
120 1
121 0
122 -1
123 -1
124 0
125 0
126 0
127 4
128 4
129 5
130 0
131 2
132 -4
133 -1
134 0
135 0
136 1
137 1
138 4
139 4
140 5
141 4
142 6
143 4
144 3
145 3
146 0
147 5
148 7
149 5
150 0
151 0
152 2
153 1
154 1
155 2
156 0
157 2
158 0
159 -1
160 -1
161 0
162 0
163 4
164 3
165 1
166 0
167 0
168 0
169 1
170 2
171 -2
172 -2
173 0
174 3
175 4
176 4
177 2
178 3
179 1
180 2
181 2
182 3
183 3
184 2
185 5
186 1
187 3
188 5
189 0
190 0
191 1
192 1
193 0
194 0
195 -1
196 -1
197 1
198 3
199 3
200 2
201 4
202 0
203 1
204 2
205 2
206 2
207 2
208 1
209 -3
210 0
211 2
212 1
213 0
214 0
215 0
216 0
217 1
218 -3
219 4
220 2
221 1
222 1
223 1
224 1
225 1
226 -1
227 1
228 1
229 2
230 1
231 2
232 0
233 -1
234 2
235 2
236 1
237 -2
238 1
239 6
240 6
241 7
242 0
243 0
244 -3
245 -2
246 -1
247 3
248 2
249 3
250 0
251 0
252 -1
253 0
254 5
255 7
