0 11
1 12
2 11
3 9
4 9
5 10
6 10
7 10
8 9
9 8
10 9
11 9
12 9
13 8
14 10
15 12
16 11
17 12
18 14
19 16
20 17
21 15
22 12
23 12
24 12
25 12
26 12
27 12
28 14
29 9
30 7
31 7
32 6
33 5
34 5
35 7
36 6
37 3
38 3
39 4
40 5
41 5
42 6
43 7
44 7
45 11
46 11
47 12
48 12
49 8
50 7
51 7
52 5
53 5
54 6
55 4
56 4
57 5
58 4
59 4
60 7
61 6
62 6
63 6
64 7
65 7
66 8
67 8
68 7
69 8
70 7
71 8
72 8
73 8
74 9
75 8
76 7
77 8
78 9
79 12
80 15
81 12
82 13
83 13
84 14
85 20
86 23
87 24
88 25
89 21
90 22
91 19
92 17
93 17
94 16
95 16
96 16
97 14
98 17
99 19
100 19
101 20
102 19
103 19
104 19
105 17
106 17
107 18
108 18
109 18
110 19
111 18
112 18
113 18
114 18
115 18
116 17
117 16
118 18
119 18
120 18
121 17
122 18
123 18
124 16
125 16
126 16
127 15
128 15
129 16
130 16
131 15
132 15
133 16
134 17
135 17
136 19
137 22
138 18
139 18
140 18
141 13
142 16
143 16
144 17
145 17
146 18
147 19
148 19
149 21
150 22
151 22
152 23
153 25
154 22
155 23
156 21
157 21
158 21
159 22
160 19
161 18
162 18
163 17
164 16
165 16
166 16
167 16
168 15
169 15
170 11
171 11
172 12
173 10
174 15
175 16
176 16
177 16
178 16
179 15
180 17
181 19
182 18
183 18
184 14
185 14
186 13
187 14
188 14
189 13
190 13
191 12
192 12
193 13
194 14
195 12
196 12
197 12
198 13
199 13
200 11
201 11
202 11
203 11
204 10
205 10
206 9
207 11
208 11
209 16
210 15
211 21
212 19
213 21
214 21
215 23
216 23
217 24
218 24
219 24
220 22
221 22
222 23
223 26
224 25
225 25
226 23
227 22
228 20
229 21
230 23
231 21
232 21
233 20
234 19
235 18
236 18
237 18
238 18
239 18
240 18
241 18
242 16
243 15
244 15
245 13
246 13
247 13
248 12
249 12
250 12
251 12
252 12
253 12
254 11
255 11
