0 10
1 3
2 2
3 1
4 10
5 10
6 8
7 5
8 6
9 6
10 -1
11 0
12 2
13 7
14 5
15 6
16 0
17 2
18 3
19 15
20 16
21 14
22 11
23 8
24 3
25 4
26 -3
27 -3
28 -4
29 -2
30 7
31 11
32 14
33 13
34 16
35 7
36 8
37 7
38 7
39 6
40 6
41 12
42 10
43 -2
44 1
45 8
46 8
47 4
48 4
49 7
50 5
51 8
52 12
53 12
54 5
55 -1
56 -1
57 -3
58 -3
59 5
60 6
61 15
62 10
63 14
64 13
65 10
66 11
67 9
68 9
69 9
70 17
71 15
72 0
73 4
74 1
75 1
76 0
77 1
78 3
79 2
80 0
81 -7
82 -7
83 -7
84 -7
85 -3
86 0
87 -4
88 -1
89 -1
90 0
91 4
92 2
93 3
94 7
95 10
96 7
97 7
98 8
99 10
100 14
101 13
102 14
103 9
104 2
105 0
106 3
107 3
108 3
109 1
110 2
111 1
112 -1
113 4
114 -1
115 0
116 1
117 1
118 1
119 10
120 5
121 9
122 5
123 8
124 13
125 11
126 19
127 24
128 19
129 13
130 12
131 20
132 16
133 16
134 9
135 1
136 0
137 -2
138 2
139 5
140 0
141 0
142 -4
143 -6
144 -6
145 -2
146 2
147 4
148 10
149 13
150 15
151 15
152 12
153 5
154 5
155 5
156 4
157 4
158 2
159 2
160 1
161 -8
162 -3
163 -10
164 -7
165 9
166 7
167 8
168 2
169 -2
170 -5
171 -1
172 -2
173 7
174 7
175 15
176 21
177 25
178 24
179 23
180 21
181 13
182 17
183 17
184 7
185 7
186 2
187 3
188 6
189 1
190 -7
191 -1
192 4
193 6
194 5
195 1
196 3
197 4
198 8
199 7
200 6
201 5
202 -3
203 -3
204 -1
205 2
206 3
207 0
208 -5
209 -1
210 3
211 2
212 -1
213 -1
214 -4
215 -2
216 2
217 -5
218 -3
219 -3
220 -3
221 -2
222 -2
223 3
224 0
225 3
226 0
227 4
228 6
229 5
230 4
231 3
232 8
233 6
234 4
235 1
236 1
237 -10
238 -9
239 -5
240 -2
241 -3
242 4
243 4
244 4
245 3
246 6
247 9
248 11
249 11
250 10
251 8
252 7
253 9
254 17
255 15
