0 49
1 51
2 57
3 56
4 55
5 53
6 55
7 57
8 53
9 41
10 40
11 41
12 56
13 67
14 65
15 63
16 60
17 57
18 57
19 41
20 41
21 38
22 58
23 62
24 63
25 49
26 55
27 55
28 54
29 54
30 47
31 48
32 48
33 31
34 40
35 39
36 38
37 37
38 46
39 42
40 34
41 32
42 30
43 39
44 37
45 38
46 37
47 34
48 35
49 34
50 32
51 18
52 17
53 15
54 2
55 0
56 -4
57 -6
58 0
59 -1
60 -2
61 -3
62 1
63 6
64 3
65 1
66 6
67 20
68 17
69 33
70 33
71 31
72 30
73 33
74 18
75 15
76 18
77 21
78 27
79 33
80 38
81 37
82 40
83 42
84 48
85 46
86 43
87 36
88 32
89 35
90 31
91 38
92 31
93 32
94 35
95 33
96 27
97 33
98 33
99 32
100 33
101 24
102 22
103 22
104 29
105 20
106 29
107 20
108 15
109 19
110 11
111 13
112 12
113 9
114 8
115 9
116 12
117 18
118 16
119 17
120 19
121 14
122 14
123 11
124 15
125 15
126 8
127 1
128 9
129 11
130 19
131 20
132 17
133 18
134 27
135 23
136 34
137 31
138 33
139 32
140 28
141 21
142 20
143 26
144 28
145 34
146 34
147 35
148 38
149 55
150 53
151 53
152 66
153 74
154 71
155 74
156 73
157 73
158 70
159 73
160 70
161 61
162 68
163 74
164 71
165 75
166 71
167 71
168 70
169 69
170 57
171 55
172 59
173 40
174 51
175 47
176 45
177 41
178 31
179 23
180 31
181 29
182 25
183 22
184 30
185 43
186 34
187 34
188 27
189 17
190 9
191 6
192 5
193 3
194 18
195 15
196 9
197 8
198 8
199 11
200 5
201 12
202 10
203 12
204 21
205 21
206 21
207 32
208 30
209 37
210 36
211 47
212 46
213 53
214 53
215 57
216 51
217 38
218 33
219 34
220 42
221 43
222 35
223 34
224 30
225 32
226 41
227 44
228 51
229 53
230 45
231 47
232 55
233 58
234 54
235 48
236 53
237 53
238 73
239 62
240 60
241 60
242 52
243 34
244 37
245 42
246 53
247 53
248 52
249 54
250 53
251 53
252 57
253 58
254 54
255 54
