0 38
1 55
2 54
3 47
4 42
5 42
6 42
7 43
8 48
9 47
10 46
11 45
12 46
13 36
14 35
15 33
16 32
17 30
18 31
19 29
20 25
21 19
22 17
23 18
24 15
25 11
26 11
27 12
28 14
29 22
30 22
31 21
32 18
33 20
34 19
35 22
36 24
37 19
38 7
39 8
40 6
41 7
42 14
43 19
44 39
45 40
46 49
47 41
48 38
49 41
50 42
51 54
52 51
53 47
54 44
55 45
56 34
57 30
58 29
59 25
60 26
61 27
62 25
63 18
64 18
65 25
66 29
67 25
68 21
69 25
70 31
71 35
72 34
73 33
74 34
75 32
76 36
77 36
78 34
79 35
80 36
81 40
82 41
83 40
84 40
85 37
86 37
87 36
88 39
89 45
90 44
91 44
92 54
93 58
94 57
95 54
96 58
97 60
98 66
99 54
100 55
101 54
102 54
103 50
104 54
105 53
106 59
107 62
108 60
109 62
110 53
111 60
112 59
113 60
114 56
115 58
116 58
117 66
118 70
119 69
120 71
121 70
122 62
123 63
124 51
125 50
126 54
127 54
128 51
129 45
130 43
131 44
132 45
133 45
134 47
135 43
136 39
137 39
138 36
139 36
140 43
141 31
142 30
143 30
144 29
145 23
146 24
147 29
148 28
149 23
150 22
151 21
152 19
153 24
154 23
155 24
156 19
157 7
158 7
159 7
160 6
161 7
162 16
163 5
164 12
165 10
166 15
167 24
168 25
169 26
170 41
171 41
172 49
173 52
174 49
175 54
176 51
177 32
178 31
179 33
180 32
181 30
182 36
183 38
184 41
185 41
186 31
187 31
188 29
189 29
190 15
191 16
192 16
193 18
194 20
195 19
196 19
197 21
198 18
199 14
200 13
201 15
202 14
203 10
204 0
205 3
206 5
207 9
208 18
209 26
210 24
211 25
212 23
213 29
214 28
215 32
216 44
217 43
218 44
219 42
220 42
221 42
222 43
223 37
224 38
225 38
226 30
227 36
228 46
229 45
230 32
231 30
232 31
233 28
234 34
235 30
236 28
237 32
238 36
239 36
240 36
241 34
242 35
243 37
244 41
245 47
246 48
247 48
248 48
249 47
250 46
251 47
252 44
253 41
254 44
255 43
