0 64
1 61
2 62
3 69
4 70
5 68
6 70
7 68
8 53
9 53
10 52
11 46
12 49
13 44
14 39
15 33
16 41
17 35
18 30
19 35
20 33
21 31
22 31
23 33
24 28
25 28
26 24
27 24
28 29
29 29
30 18
31 17
32 15
33 14
34 29
35 29
36 25
37 25
38 23
39 23
40 26
41 28
42 28
43 25
44 29
45 29
46 38
47 39
48 37
49 37
50 38
51 44
52 46
53 43
54 36
55 36
56 36
57 38
58 34
59 34
60 31
61 26
62 23
63 23
64 20
65 21
66 46
67 49
68 46
69 46
70 49
71 50
72 50
73 53
74 49
75 49
76 50
77 44
78 44
79 44
80 42
81 41
82 40
83 39
84 35
85 35
86 40
87 40
88 44
89 39
90 38
91 33
92 32
93 31
94 33
95 31
96 28
97 17
98 16
99 18
100 18
101 18
102 28
103 30
104 41
105 45
106 25
107 26
108 25
109 19
110 23
111 23
112 25
113 24
114 20
115 22
116 31
117 31
118 31
119 39
120 38
121 37
122 46
123 43
124 41
125 44
126 44
127 44
128 46
129 49
130 53
131 51
132 50
133 35
134 36
135 37
136 37
137 37
138 30
139 27
140 29
141 26
142 28
143 21
144 23
145 16
146 26
147 29
148 30
149 30
150 32
151 33
152 33
153 30
154 33
155 36
156 37
157 39
158 37
159 38
160 38
161 42
162 42
163 47
164 40
165 37
166 34
167 32
168 33
169 41
170 41
171 41
172 41
173 42
174 43
175 50
176 51
177 51
178 49
179 49
180 47
181 33
182 31
183 27
184 32
185 33
186 39
187 33
188 36
189 23
190 35
191 34
192 44
193 40
194 34
195 30
196 36
197 37
198 38
199 37
200 38
201 35
202 27
203 31
204 27
205 23
206 26
207 25
208 26
209 32
210 22
211 19
212 24
213 25
214 20
215 14
216 13
217 11
218 20
219 20
220 20
221 17
222 -1
223 3
224 5
225 11
226 10
227 7
228 9
229 6
230 6
231 7
232 6
233 0
234 -3
235 -4
236 -10
237 -7
238 -9
239 -20
240 -19
241 1
242 7
243 7
244 30
245 29
246 33
247 31
248 34
249 34
250 40
251 48
252 50
253 46
254 51
255 57
