0 43
1 40
2 40
3 38
4 45
5 47
6 50
7 50
8 45
9 45
10 43
11 43
12 44
13 35
14 35
15 36
16 18
17 27
18 27
19 27
20 30
21 37
22 37
23 16
24 16
25 16
26 26
27 26
28 26
29 32
30 33
31 33
32 34
33 34
34 33
35 36
36 41
37 42
38 43
39 46
40 34
41 38
42 32
43 32
44 36
45 34
46 33
47 31
48 29
49 24
50 22
51 27
52 26
53 18
54 21
55 23
56 22
57 23
58 17
59 17
60 26
61 18
62 19
63 13
64 3
65 1
66 -8
67 -6
68 -14
69 -5
70 -3
71 -8
72 -5
73 -3
74 -6
75 -7
76 -6
77 -9
78 -11
79 -10
80 -9
81 -6
82 -8
83 -5
84 -3
85 -3
86 -9
87 -1
88 -4
89 1
90 2
91 0
92 2
93 11
94 6
95 6
96 9
97 8
98 6
99 7
100 6
101 6
102 6
103 24
104 20
105 19
106 7
107 7
108 5
109 6
110 9
111 12
112 2
113 2
114 2
115 2
116 1
117 8
118 10
119 3
120 -1
121 0
122 -2
123 -1
124 -1
125 2
126 2
127 3
128 11
129 13
130 14
131 12
132 13
133 14
134 15
135 21
136 21
137 21
138 27
139 24
140 20
141 10
142 9
143 6
144 6
145 10
146 10
147 5
148 5
149 3
150 -1
151 0
152 -2
153 0
154 0
155 0
156 5
157 9
158 10
159 5
160 9
161 10
162 8
163 5
164 16
165 15
166 15
167 16
168 17
169 13
170 7
171 7
172 7
173 9
174 13
175 15
176 12
177 13
178 8
179 12
180 18
181 17
182 10
183 10
184 23
185 23
186 23
187 19
188 25
189 27
190 27
191 23
192 35
193 35
194 32
195 33
196 32
197 28
198 18
199 7
200 7
201 4
202 3
203 14
204 15
205 9
206 10
207 8
208 5
209 5
210 4
211 13
212 14
213 10
214 10
215 9
216 10
217 10
218 8
219 5
220 13
221 11
222 15
223 7
224 10
225 8
226 2
227 6
228 2
229 5
230 5
231 2
232 5
233 1
234 17
235 23
236 22
237 21
238 21
239 23
240 20
241 18
242 12
243 10
244 12
245 21
246 23
247 29
248 30
249 26
250 27
251 28
252 32
253 31
254 30
255 29
