0 -10
1 -6
2 -6
3 -2
4 6
5 4
6 0
7 1
8 2
9 -1
10 10
11 11
12 5
13 7
14 7
15 7
16 10
17 14
18 15
19 9
20 6
21 4
22 6
23 6
24 10
25 9
26 10
27 13
28 7
29 0
30 -3
31 -6
32 -6
33 -6
34 0
35 -1
36 6
37 6
38 -1
39 0
40 7
41 3
42 6
43 6
44 7
45 6
46 8
47 9
48 7
49 6
50 1
51 7
52 12
53 13
54 7
55 10
56 11
57 11
58 11
59 13
60 8
61 3
62 6
63 18
64 9
65 15
66 13
67 12
68 4
69 12
70 7
71 7
72 11
73 11
74 10
75 11
76 5
77 3
78 8
79 4
80 7
81 -3
82 1
83 8
84 10
85 7
86 4
87 -7
88 -17
89 1
90 0
91 2
92 1
93 5
94 5
95 -2
96 3
97 3
98 2
99 2
100 3
101 -1
102 -1
103 0
104 2
105 2
106 5
107 7
108 16
109 15
110 16
111 7
112 2
113 5
114 8
115 7
116 6
117 5
118 -3
119 -1
120 -2
121 -1
122 -1
123 -2
124 5
125 7
126 8
127 7
128 4
129 5
130 1
131 0
132 2
133 7
134 9
135 11
136 13
137 17
138 16
139 16
140 16
141 19
142 12
143 18
144 12
145 12
146 12
147 6
148 7
149 6
150 9
151 15
152 11
153 8
154 9
155 6
156 13
157 1
158 7
159 15
160 12
161 17
162 15
163 17
164 17
165 16
166 17
167 18
168 22
169 22
170 24
171 27
172 27
173 30
174 25
175 23
176 25
177 18
178 16
179 17
180 13
181 14
182 13
183 15
184 22
185 21
186 22
187 5
188 1
189 0
190 1
191 1
192 6
193 10
194 12
195 21
196 22
197 21
198 20
199 21
200 20
201 33
202 34
203 29
204 26
205 13
206 13
207 13
208 1
209 0
210 -2
211 -2
212 11
213 8
214 6
215 8
216 7
217 9
218 11
219 11
220 5
221 1
222 -8
223 -6
224 -9
225 -7
226 -9
227 -14
228 -15
229 -11
230 -8
231 -6
232 -4
233 -8
234 -7
235 -2
236 -3
237 -5
238 -8
239 -7
240 6
241 5
242 14
243 15
244 13
245 19
246 20
247 20
248 20
249 16
250 13
251 12
252 4
253 -9
254 -9
255 -8
