0 0
1 1
2 1
3 1
4 -4
5 5
6 11
7 9
8 0
9 -5
10 1
11 9
12 14
13 12
14 10
15 8
16 6
17 3
18 5
19 5
20 12
21 1
22 1
23 -5
24 -11
25 -8
26 -13
27 6
28 -3
29 -4
30 4
31 9
32 3
33 7
34 3
35 10
36 8
37 7
38 9
39 7
40 12
41 11
42 8
43 13
44 10
45 6
46 5
47 4
48 4
49 4
50 9
51 7
52 7
53 12
54 18
55 15
56 20
57 16
58 14
59 17
60 -4
61 -8
62 -5
63 -12
64 -16
65 -15
66 -8
67 -8
68 -1
69 1
70 2
71 2
72 2
73 4
74 2
75 2
76 3
77 3
78 0
79 -3
80 -3
81 -2
82 -2
83 -3
84 0
85 -12
86 1
87 -5
88 -2
89 -1
90 0
91 0
92 0
93 10
94 10
95 9
96 10
97 12
98 9
99 18
100 21
101 23
102 16
103 20
104 21
105 17
106 18
107 22
108 19
109 22
110 25
111 21
112 27
113 25
114 25
115 28
116 24
117 22
118 18
119 12
120 26
121 30
122 33
123 31
124 19
125 14
126 8
127 8
128 9
129 2
130 4
131 -1
132 0
133 -9
134 -10
135 8
136 5
137 22
138 21
139 12
140 14
141 24
142 10
143 9
144 15
145 -5
146 1
147 1
148 2
149 2
150 -1
151 2
152 7
153 7
154 14
155 1
156 8
157 4
158 0
159 22
160 22
161 31
162 30
163 35
164 34
165 5
166 6
167 2
168 -7
169 -7
170 -8
171 -11
172 -12
173 5
174 5
175 17
176 17
177 11
178 7
179 13
180 12
181 10
182 19
183 15
184 19
185 19
186 14
187 11
188 20
189 32
190 39
191 36
192 39
193 37
194 39
195 39
196 44
197 41
198 39
199 37
200 24
201 26
202 26
203 18
204 13
205 12
206 12
207 14
208 12
209 13
210 13
211 10
212 9
213 0
214 8
215 11
216 13
217 13
218 15
219 16
220 13
221 18
222 12
223 -6
224 4
225 1
226 2
227 -10
228 -5
229 -5
230 1
231 8
232 8
233 9
234 9
235 13
236 19
237 15
238 20
239 13
240 0
241 -8
242 -1
243 1
244 4
245 9
246 12
247 13
248 -6
249 -7
250 -11
251 -4
252 -2
253 -2
254 -2
255 -2
