0 1
1 5
2 5
3 0
4 6
5 10
6 9
7 17
8 11
9 18
10 18
11 14
12 8
13 3
14 8
15 -1
16 1
17 8
18 -8
19 -10
20 -1
21 1
22 2
23 6
24 8
25 15
26 15
27 14
28 8
29 14
30 15
31 11
32 7
33 4
34 5
35 3
36 0
37 1
38 4
39 5
40 8
41 -1
42 1
43 2
44 5
45 5
46 6
47 12
48 7
49 0
50 3
51 7
52 2
53 3
54 2
55 7
56 3
57 6
58 1
59 1
60 7
61 16
62 17
63 9
64 8
65 4
66 -3
67 -3
68 1
69 -4
70 12
71 15
72 0
73 0
74 -2
75 -1
76 -1
77 4
78 2
79 1
80 1
81 -9
82 -5
83 5
84 6
85 6
86 2
87 2
88 8
89 7
90 6
91 6
92 4
93 -1
94 -5
95 8
96 10
97 9
98 -1
99 -5
100 -6
101 -1
102 5
103 3
104 3
105 0
106 3
107 0
108 0
109 -1
110 -2
111 -3
112 0
113 -4
114 -4
115 -4
116 -1
117 2
118 10
119 12
120 11
121 13
122 17
123 9
124 7
125 6
126 7
127 0
128 2
129 -4
130 2
131 2
132 2
133 2
134 0
135 2
136 -1
137 6
138 2
139 3
140 4
141 5
142 -1
143 -1
144 1
145 6
146 4
147 -1
148 -1
149 0
150 -1
151 -3
152 -6
153 -5
154 -1
155 -1
156 1
157 7
158 10
159 6
160 3
161 0
162 1
163 2
164 2
165 2
166 0
167 -6
168 -3
169 -1
170 2
171 7
172 0
173 4
174 2
175 -2
176 2
177 2
178 1
179 2
180 1
181 1
182 4
183 3
184 5
185 -2
186 -4
187 0
188 1
189 -5
190 2
191 -1
192 0
193 5
194 3
195 5
196 6
197 1
198 -2
199 7
200 6
201 12
202 4
203 3
204 4
205 8
206 -2
207 0
208 1
209 2
210 4
211 9
212 10
213 7
214 7
215 0
216 2
217 2
218 -4
219 -3
220 8
221 0
222 -1
223 -5
224 3
225 7
226 -1
227 -1
228 0
229 -1
230 0
231 -2
232 -5
233 -7
234 -8
235 -4
236 0
237 5
238 1
239 4
240 3
241 3
242 4
243 -2
244 5
245 5
246 5
247 -6
248 6
249 3
250 10
251 7
252 5
253 3
254 5
255 5
