0 5
1 6
2 9
3 9
4 9
5 10
6 10
7 11
8 19
9 17
10 16
11 15
12 13
13 13
14 18
15 19
16 20
17 20
18 18
19 21
20 22
21 22
22 22
23 22
24 20
25 21
26 23
27 25
28 25
29 25
30 21
31 15
32 15
33 15
34 15
35 12
36 13
37 9
38 10
39 8
40 4
41 4
42 6
43 6
44 7
45 7
46 7
47 7
48 7
49 8
50 4
51 1
52 2
53 2
54 -1
55 4
56 2
57 2
58 9
59 8
60 4
61 0
62 0
63 5
64 2
65 2
66 5
67 4
68 2
69 0
70 1
71 4
72 2
73 2
74 2
75 1
76 0
77 0
78 -1
79 -3
80 -3
81 -3
82 -4
83 -2
84 -4
85 0
86 0
87 0
88 0
89 -3
90 -1
91 0
92 1
93 0
94 0
95 -3
96 0
97 -1
98 -1
99 2
100 4
101 3
102 7
103 8
104 11
105 10
106 11
107 11
108 12
109 5
110 2
111 1
112 2
113 2
114 2
115 3
116 -3
117 -4
118 -1
119 -1
120 -2
121 5
122 2
123 2
124 3
125 2
126 1
127 2
128 -6
129 -6
130 -7
131 -8
132 -8
133 -9
134 -9
135 -9
136 -8
137 -6
138 -8
139 -4
140 2
141 0
142 2
143 -3
144 1
145 0
146 0
147 2
148 6
149 6
150 6
151 6
152 5
153 17
154 17
155 17
156 16
157 26
158 18
159 16
160 17
161 18
162 17
163 22
164 25
165 21
166 18
167 18
168 12
169 10
170 7
171 6
172 0
173 7
174 6
175 2
176 2
177 2
178 3
179 9
180 3
181 3
182 1
183 3
184 3
185 -3
186 -1
187 1
188 2
189 2
190 0
191 2
192 2
193 1
194 -2
195 0
196 -1
197 2
198 3
199 5
200 4
201 1
202 -1
203 3
204 5
205 5
206 4
207 3
208 4
209 0
210 1
211 1
212 5
213 2
214 1
215 0
216 0
217 4
218 2
219 2
220 1
221 3
222 2
223 3
224 3
225 1
226 1
227 -1
228 -1
229 3
230 -2
231 -4
232 -5
233 -5
234 -5
235 1
236 7
237 3
238 3
239 4
240 1
241 1
242 2
243 6
244 5
245 5
246 7
247 6
248 3
249 2
250 19
251 18
252 29
253 7
254 5
255 5
