0 -2
1 -3
2 -1
3 -4
4 0
5 0
6 3
7 2
8 5
9 -1
10 -3
11 -3
12 -7
13 -3
14 -2
15 0
16 4
17 3
18 1
19 4
20 4
21 5
22 2
23 1
24 1
25 1
26 0
27 1
28 5
29 11
30 10
31 11
32 9
33 9
34 4
35 4
36 0
37 1
38 1
39 1
40 6
41 0
42 3
43 2
44 -2
45 0
46 1
47 -1
48 3
49 0
50 6
51 8
52 5
53 3
54 2
55 1
56 4
57 4
58 4
59 1
60 0
61 2
62 1
63 0
64 5
65 0
66 0
67 4
68 2
69 1
70 -1
71 -1
72 -1
73 1
74 1
75 0
76 0
77 -2
78 1
79 -2
80 -2
81 0
82 0
83 -2
84 -2
85 -1
86 1
87 1
88 1
89 3
90 2
91 4
92 3
93 4
94 -1
95 -1
96 4
97 3
98 1
99 7
100 6
101 5
102 4
103 3
104 6
105 3
106 1
107 1
108 -1
109 -4
110 -1
111 0
112 1
113 1
114 1
115 -1
116 0
117 3
118 4
119 3
120 4
121 1
122 2
123 1
124 1
125 0
126 -1
127 1
128 1
129 1
130 6
131 5
132 5
133 4
134 1
135 3
136 3
137 1
138 0
139 -4
140 1
141 5
142 2
143 7
144 6
145 2
146 3
147 -5
148 -2
149 0
150 0
151 -2
152 -1
153 0
154 1
155 3
156 4
157 4
158 6
159 8
160 8
161 9
162 9
163 7
164 4
165 5
166 -2
167 1
168 -1
169 0
170 3
171 4
172 8
173 7
174 1
175 0
176 1
177 3
178 3
179 1
180 2
181 0
182 0
183 0
184 -2
185 -2
186 -1
187 0
188 0
189 -2
190 0
191 0
192 2
193 4
194 0
195 1
196 0
197 1
198 4
199 1
200 0
201 3
202 1
203 -1
204 -3
205 -4
206 -2
207 -2
208 -4
209 -3
210 -3
211 -1
212 6
213 2
214 3
215 4
216 3
217 3
218 3
219 3
220 1
221 7
222 6
223 4
224 3
225 7
226 7
227 6
228 2
229 5
230 5
231 7
232 6
233 10
234 6
235 5
236 6
237 5
238 5
239 3
240 4
241 2
242 2
243 -1
244 -1
245 -2
246 2
247 4
248 3
249 2
250 2
251 1
252 -2
253 -2
254 -4
255 -4
