0 6
1 5
2 5
3 5
4 3
5 2
6 3
7 1
8 1
9 2
10 1
11 1
12 3
13 3
14 2
15 4
16 0
17 -3
18 0
19 1
20 0
21 1
22 -3
23 -2
24 0
25 1
26 2
27 1
28 0
29 1
30 0
31 0
32 -3
33 -5
34 -7
35 -7
36 -1
37 1
38 1
39 0
40 0
41 1
42 1
43 1
44 4
45 1
46 3
47 1
48 0
49 -2
50 -2
51 -1
52 2
53 2
54 0
55 -1
56 -2
57 -2
58 -2
59 -1
60 -1
61 1
62 2
63 1
64 -1
65 1
66 2
67 2
68 2
69 3
70 5
71 6
72 3
73 3
74 4
75 3
76 0
77 4
78 -2
79 0
80 0
81 0
82 -1
83 -1
84 -1
85 -1
86 -1
87 -3
88 -3
89 0
90 8
91 2
92 1
93 4
94 6
95 7
96 6
97 0
98 1
99 3
100 2
101 3
102 3
103 2
104 8
105 5
106 1
107 0
108 1
109 1
110 2
111 0
112 0
113 0
114 0
115 -1
116 -2
117 -2
118 1
119 0
120 3
121 1
122 2
123 0
124 -1
125 -1
126 -2
127 -2
128 1
129 2
130 4
131 3
132 1
133 4
134 3
135 1
136 1
137 2
138 -1
139 0
140 4
141 5
142 0
143 2
144 3
145 2
146 1
147 1
148 0
149 2
150 2
151 -1
152 -1
153 1
154 2
155 2
156 0
157 2
158 2
159 3
160 5
161 5
162 4
163 3
164 9
165 3
166 2
167 6
168 9
169 8
170 5
171 2
172 1
173 0
174 3
175 1
176 -2
177 0
178 2
179 2
180 0
181 1
182 1
183 -1
184 -3
185 0
186 0
187 0
188 2
189 4
190 6
191 6
192 3
193 3
194 2
195 -1
196 -2
197 -2
198 -2
199 -2
200 0
201 1
202 2
203 3
204 3
205 3
206 2
207 2
208 -2
209 -1
210 -1
211 -1
212 3
213 0
214 0
215 0
216 0
217 1
218 2
219 2
220 2
221 2
222 0
223 2
224 0
225 -5
226 -2
227 -2
228 0
229 1
230 1
231 2
232 1
233 1
234 3
235 3
236 3
237 3
238 4
239 1
240 8
241 1
242 1
243 1
244 0
245 0
246 3
247 3
248 6
249 8
250 8
251 4
252 0
253 1
254 -1
255 -1
