0 11
1 10
2 12
3 10
4 16
5 12
6 12
7 13
8 5
9 5
10 11
11 16
12 13
13 12
14 12
15 10
16 13
17 12
18 16
19 16
20 14
21 15
22 13
23 9
24 16
25 16
26 19
27 19
28 22
29 22
30 25
31 27
32 22
33 23
34 25
35 26
36 22
37 23
38 22
39 25
40 27
41 28
42 28
43 29
44 29
45 25
46 33
47 35
48 35
49 32
50 32
51 30
52 30
53 31
54 31
55 32
56 32
57 34
58 34
59 34
60 34
61 37
62 39
63 31
64 33
65 32
66 32
67 30
68 35
69 35
70 36
71 35
72 36
73 39
74 39
75 35
76 35
77 34
78 33
79 33
80 34
81 34
82 33
83 34
84 29
85 28
86 28
87 27
88 32
89 32
90 30
91 30
92 28
93 26
94 29
95 34
96 34
97 36
98 36
99 34
100 36
101 33
102 29
103 25
104 28
105 37
106 34
107 33
108 38
109 37
110 39
111 39
112 40
113 35
114 33
115 32
116 31
117 31
118 34
119 25
120 23
121 23
122 23
123 25
124 24
125 22
126 23
127 22
128 22
129 22
130 27
131 28
132 28
133 26
134 29
135 22
136 21
137 21
138 20
139 23
140 24
141 25
142 23
143 12
144 12
145 16
146 19
147 14
148 15
149 21
150 24
151 23
152 24
153 22
154 20
155 24
156 23
157 22
158 9
159 8
160 8
161 3
162 -2
163 0
164 -1
165 1
166 -5
167 -5
168 6
169 10
170 9
171 10
172 9
173 9
174 12
175 15
176 15
177 16
178 19
179 18
180 17
181 18
182 19
183 15
184 10
185 13
186 14
187 7
188 7
189 12
190 5
191 6
192 4
193 5
194 9
195 15
196 17
197 17
198 13
199 13
200 12
201 11
202 11
203 11
204 16
205 8
206 9
207 9
208 8
209 7
210 12
211 12
212 12
213 20
214 19
215 21
216 29
217 30
218 29
219 27
220 29
221 30
222 27
223 43
224 43
225 42
226 40
227 41
228 40
229 40
230 31
231 27
232 27
233 27
234 26
235 25
236 26
237 20
238 18
239 17
240 21
241 20
242 25
243 26
244 25
245 31
246 29
247 27
248 17
249 16
250 16
251 13
252 13
253 13
254 13
255 12
