0 57
1 58
2 57
3 57
4 60
5 59
6 57
7 54
8 53
9 50
10 51
11 43
12 43
13 44
14 60
15 62
16 63
17 53
18 57
19 50
20 59
21 51
22 52
23 48
24 51
25 47
26 41
27 33
28 38
29 50
30 49
31 52
32 46
33 45
34 40
35 32
36 30
37 31
38 30
39 27
40 21
41 9
42 8
43 8
44 12
45 10
46 12
47 17
48 19
49 17
50 13
51 11
52 13
53 28
54 28
55 24
56 22
57 17
58 15
59 -7
60 -10
61 -11
62 3
63 7
64 6
65 6
66 -3
67 -7
68 -11
69 3
70 0
71 -12
72 -13
73 -15
74 -13
75 -23
76 -28
77 -17
78 -20
79 -16
80 -17
81 -15
82 -15
83 -15
84 -14
85 -21
86 -23
87 -25
88 -21
89 -21
90 -1
91 -4
92 -7
93 -12
94 -5
95 -8
96 -15
97 -16
98 -16
99 -19
100 -25
101 -19
102 -11
103 -25
104 -15
105 -16
106 -14
107 -5
108 -4
109 6
110 -14
111 -19
112 1
113 -3
114 8
115 6
116 10
117 9
118 7
119 16
120 15
121 16
122 15
123 15
124 17
125 7
126 3
127 -1
128 0
129 -3
130 -5
131 4
132 9
133 17
134 24
135 23
136 20
137 22
138 22
139 34
140 35
141 34
142 36
143 59
144 65
145 65
146 61
147 72
148 59
149 54
150 47
151 47
152 46
153 42
154 53
155 62
156 58
157 60
158 62
159 61
160 62
161 63
162 61
163 60
164 57
165 62
166 53
167 57
168 55
169 50
170 36
171 42
172 46
173 47
174 32
175 29
176 29
177 28
178 34
179 38
180 47
181 46
182 47
183 53
184 66
185 70
186 67
187 73
188 71
189 55
190 44
191 47
192 46
193 50
194 50
195 50
196 48
197 53
198 50
199 53
200 52
201 59
202 52
203 56
204 56
205 59
206 60
207 64
208 47
209 43
210 34
211 39
212 44
213 44
214 46
215 46
216 46
217 43
218 36
219 35
220 42
221 47
222 48
223 45
224 47
225 50
226 44
227 38
228 37
229 44
230 49
231 41
232 41
233 40
234 43
235 43
236 38
237 39
238 39
239 36
240 33
241 40
242 40
243 39
244 54
245 38
246 49
247 50
248 49
249 52
250 55
251 53
252 52
253 47
254 47
255 58
