0 12
1 10
2 10
3 14
4 14
5 9
6 9
7 5
8 2
9 4
10 3
11 3
12 2
13 1
14 4
15 9
16 9
17 5
18 7
19 7
20 12
21 10
22 8
23 5
24 8
25 8
26 8
27 8
28 8
29 11
30 14
31 13
32 8
33 0
34 -1
35 0
36 0
37 -3
38 -8
39 -7
40 -8
41 -8
42 -9
43 -8
44 -5
45 -4
46 -3
47 -4
48 -5
49 -5
50 -5
51 -6
52 6
53 6
54 6
55 7
56 5
57 5
58 8
59 0
60 -1
61 4
62 6
63 5
64 6
65 7
66 6
67 9
68 11
69 5
70 6
71 2
72 0
73 0
74 1
75 0
76 -2
77 -3
78 2
79 12
80 12
81 14
82 20
83 21
84 22
85 22
86 19
87 21
88 20
89 18
90 17
91 16
92 16
93 16
94 12
95 13
96 13
97 13
98 14
99 13
100 10
101 8
102 15
103 14
104 14
105 14
106 16
107 12
108 13
109 11
110 10
111 6
112 7
113 2
114 0
115 0
116 6
117 10
118 10
119 14
120 8
121 9
122 8
123 10
124 9
125 12
126 8
127 7
128 6
129 5
130 2
131 1
132 1
133 3
134 2
135 1
136 1
137 7
138 4
139 7
140 7
141 7
142 7
143 8
144 7
145 8
146 8
147 7
148 5
149 3
150 1
151 1
152 3
153 3
154 1
155 -5
156 -2
157 -2
158 -7
159 -3
160 0
161 -4
162 -5
163 0
164 1
165 5
166 -1
167 -3
168 -5
169 4
170 8
171 8
172 9
173 11
174 12
175 13
176 14
177 14
178 12
179 5
180 3
181 2
182 2
183 2
184 2
185 -3
186 -1
187 -4
188 -1
189 0
190 -1
191 0
192 2
193 2
194 7
195 7
196 7
197 3
198 4
199 2
200 1
201 -1
202 -1
203 -2
204 -9
205 -7
206 -2
207 -2
208 -3
209 -4
210 -6
211 -6
212 -3
213 -1
214 -1
215 -2
216 -1
217 5
218 6
219 5
220 6
221 6
222 6
223 6
224 2
225 6
226 5
227 6
228 6
229 4
230 3
231 1
232 -2
233 1
234 3
235 0
236 -4
237 -2
238 -1
239 2
240 3
241 2
242 5
243 3
244 3
245 2
246 1
247 5
248 5
249 10
250 11
251 12
252 10
253 12
254 14
255 14
