0 12
1 13
2 10
3 10
4 2
5 1
6 4
7 5
8 11
9 10
10 9
11 12
12 14
13 13
14 13
15 12
16 11
17 12
18 12
19 13
20 13
21 13
22 12
23 12
24 12
25 13
26 9
27 9
28 10
29 9
30 9
31 9
32 10
33 10
34 10
35 10
36 9
37 11
38 11
39 11
40 12
41 12
42 12
43 14
44 15
45 14
46 14
47 13
48 13
49 14
50 10
51 10
52 10
53 8
54 6
55 6
56 5
57 6
58 6
59 6
60 6
61 6
62 6
63 7
64 7
65 7
66 7
67 6
68 6
69 12
70 10
71 8
72 8
73 8
74 7
75 8
76 7
77 7
78 6
79 4
80 5
81 7
82 8
83 7
84 9
85 8
86 7
87 6
88 6
89 4
90 6
91 6
92 8
93 8
94 8
95 9
96 9
97 7
98 5
99 3
100 3
101 1
102 0
103 1
104 1
105 3
106 2
107 2
108 1
109 0
110 0
111 1
112 1
113 0
114 1
115 1
116 1
117 1
118 1
119 2
120 1
121 3
122 2
123 2
124 2
125 1
126 1
127 7
128 5
129 7
130 6
131 9
132 9
133 9
134 11
135 12
136 12
137 15
138 16
139 17
140 17
141 16
142 19
143 18
144 16
145 16
146 14
147 14
148 15
149 12
150 9
151 10
152 11
153 12
154 10
155 9
156 9
157 7
158 9
159 9
160 8
161 9
162 8
163 8
164 9
165 11
166 11
167 11
168 10
169 10
170 10
171 11
172 11
173 12
174 11
175 10
176 11
177 11
178 12
179 11
180 13
181 13
182 13
183 13
184 13
185 14
186 14
187 14
188 14
189 14
190 13
191 11
192 10
193 10
194 10
195 10
196 10
197 9
198 9
199 9
200 9
201 8
202 9
203 8
204 8
205 7
206 7
207 8
208 9
209 10
210 12
211 12
212 13
213 14
214 17
215 19
216 19
217 18
218 15
219 15
220 16
221 13
222 10
223 10
224 10
225 10
226 11
227 11
228 12
229 11
230 12
231 12
232 10
233 10
234 11
235 10
236 11
237 11
238 11
239 12
240 12
241 12
242 11
243 11
244 12
245 8
246 8
247 8
248 10
249 11
250 11
251 10
252 10
253 10
254 10
255 11
