0 1
1 0
2 0
3 0
4 1
5 0
6 -1
7 1
8 1
9 -1
10 0
11 1
12 1
13 0
14 0
15 1
16 2
17 2
18 -1
19 1
20 2
21 2
22 2
23 1
24 0
25 -1
26 -1
27 -1
28 0
29 0
30 0
31 -1
32 1
33 0
34 1
35 3
36 4
37 4
38 2
39 2
40 2
41 2
42 2
43 2
44 1
45 -2
46 -1
47 -1
48 0
49 1
50 1
51 1
52 1
53 1
54 1
55 2
56 1
57 -2
58 -1
59 0
60 -1
61 0
62 0
63 0
64 -1
65 0
66 0
67 -2
68 0
69 0
70 0
71 1
72 1
73 1
74 1
75 0
76 2
77 2
78 1
79 0
80 -1
81 -1
82 0
83 -2
84 -3
85 -2
86 -2
87 -3
88 -3
89 -3
90 1
91 1
92 2
93 2
94 0
95 1
96 -1
97 -1
98 -2
99 -1
100 -1
101 -2
102 -2
103 1
104 0
105 0
106 0
107 0
108 0
109 0
110 0
111 0
112 0
113 0
114 0
115 0
116 1
117 2
118 1
119 2
120 0
121 -4
122 1
123 1
124 1
125 2
126 3
127 1
128 1
129 0
130 0
131 0
132 0
133 0
134 1
135 0
136 0
137 2
138 2
139 1
140 1
141 1
142 0
143 0
144 -1
145 1
146 0
147 2
148 3
149 2
150 3
151 1
152 3
153 1
154 1
155 1
156 1
157 0
158 -1
159 -1
160 0
161 0
162 0
163 0
164 -1
165 -1
166 2
167 1
168 1
169 0
170 0
171 0
172 1
173 0
174 -1
175 0
176 1
177 1
178 1
179 1
180 4
181 2
182 3
183 2
184 2
185 1
186 1
187 1
188 -2
189 -2
190 -2
191 1
192 1
193 0
194 0
195 0
196 0
197 1
198 1
199 1
200 0
201 0
202 -1
203 -1
204 -1
205 0
206 0
207 0
208 3
209 3
210 5
211 1
212 0
213 0
214 0
215 0
216 0
217 0
218 1
219 1
220 1
221 1
222 1
223 -2
224 -2
225 -2
226 -1
227 0
228 0
229 0
230 0
231 0
232 0
233 -1
234 -1
235 -1
236 1
237 1
238 3
239 3
240 3
241 3
242 0
243 0
244 0
245 1
246 1
247 0
248 0
249 0
250 1
251 1
252 -1
253 0
254 0
255 -2
