0 0
1 1
2 0
3 3
4 1
5 1
6 3
7 -1
8 1
9 2
10 4
11 2
12 0
13 2
14 1
15 1
16 -1
17 -1
18 1
19 -2
20 -3
21 -1
22 -1
23 -1
24 0
25 -1
26 1
27 0
28 0
29 0
30 1
31 1
32 0
33 -1
34 -1
35 -1
36 -2
37 -2
38 -2
39 -1
40 0
41 1
42 0
43 1
44 1
45 -2
46 2
47 2
48 3
49 1
50 2
51 1
52 -1
53 1
54 1
55 0
56 2
57 1
58 -1
59 -1
60 2
61 2
62 1
63 3
64 2
65 -1
66 -2
67 2
68 2
69 1
70 5
71 4
72 3
73 2
74 -2
75 5
76 5
77 2
78 0
79 0
80 -1
81 -2
82 4
83 4
84 2
85 -1
86 -4
87 -1
88 -2
89 1
90 1
91 4
92 2
93 4
94 4
95 1
96 1
97 -2
98 -1
99 0
100 4
101 0
102 0
103 1
104 2
105 1
106 1
107 1
108 3
109 -1
110 1
111 1
112 -1
113 -1
114 4
115 5
116 5
117 7
118 7
119 5
120 3
121 0
122 0
123 6
124 7
125 7
126 7
127 4
128 2
129 0
130 1
131 1
132 0
133 0
134 0
135 2
136 4
137 1
138 1
139 -1
140 2
141 1
142 0
143 0
144 0
145 4
146 3
147 5
148 2
149 2
150 2
151 2
152 3
153 3
154 1
155 1
156 2
157 1
158 5
159 4
160 2
161 1
162 1
163 -2
164 -2
165 1
166 -1
167 0
168 0
169 0
170 2
171 4
172 5
173 3
174 1
175 2
176 2
177 2
178 0
179 -2
180 1
181 1
182 0
183 0
184 2
185 1
186 0
187 1
188 2
189 2
190 1
191 -2
192 -3
193 -1
194 -2
195 -1
196 -1
197 3
198 4
199 1
200 -1
201 1
202 1
203 -1
204 -1
205 4
206 3
207 2
208 1
209 1
210 2
211 3
212 -1
213 -3
214 -2
215 -4
216 0
217 0
218 -1
219 2
220 2
221 3
222 -1
223 0
224 -2
225 0
226 0
227 -1
228 -2
229 1
230 -1
231 -2
232 -1
233 2
234 1
235 0
236 2
237 -1
238 -1
239 0
240 3
241 2
242 2
243 5
244 4
245 5
246 7
247 6
248 9
249 7
250 3
251 3
252 2
253 1
254 2
255 0
