0 12
1 9
2 9
3 9
4 7
5 9
6 9
7 6
8 15
9 15
10 14
11 9
12 9
13 7
14 11
15 15
16 15
17 15
18 15
19 9
20 11
21 12
22 15
23 23
24 23
25 23
26 26
27 27
28 12
29 13
30 5
31 5
32 5
33 5
34 9
35 9
36 9
37 8
38 9
39 6
40 13
41 10
42 8
43 8
44 11
45 6
46 7
47 7
48 0
49 0
50 4
51 0
52 1
53 2
54 3
55 3
56 -3
57 -3
58 -4
59 -4
60 -4
61 -4
62 -1
63 -2
64 2
65 8
66 6
67 5
68 4
69 4
70 3
71 -1
72 -1
73 -1
74 3
75 1
76 -2
77 -1
78 -1
79 0
80 4
81 4
82 -5
83 -3
84 -3
85 -4
86 -2
87 -2
88 -1
89 -1
90 0
91 2
92 2
93 0
94 0
95 2
96 1
97 1
98 0
99 -2
100 -1
101 0
102 -2
103 -1
104 -7
105 -6
106 -5
107 -4
108 -6
109 -6
110 -3
111 0
112 1
113 4
114 6
115 4
116 1
117 5
118 3
119 4
120 4
121 2
122 2
123 3
124 0
125 2
126 -1
127 -1
128 4
129 3
130 5
131 8
132 5
133 9
134 10
135 15
136 5
137 5
138 7
139 11
140 9
141 7
142 8
143 6
144 4
145 5
146 2
147 -2
148 -1
149 -8
150 -11
151 -8
152 0
153 0
154 0
155 0
156 0
157 -7
158 -7
159 0
160 1
161 2
162 4
163 4
164 10
165 12
166 12
167 13
168 10
169 12
170 12
171 10
172 7
173 7
174 8
175 10
176 2
177 0
178 8
179 10
180 2
181 1
182 1
183 -2
184 -2
185 -2
186 0
187 -1
188 -2
189 -4
190 -4
191 1
192 0
193 -2
194 -2
195 5
196 6
197 10
198 10
199 10
200 4
201 0
202 2
203 3
204 4
205 5
206 10
207 11
208 15
209 13
210 11
211 3
212 1
213 -1
214 4
215 4
216 6
217 1
218 7
219 9
220 10
221 11
222 12
223 12
224 15
225 15
226 15
227 15
228 12
229 12
230 10
231 12
232 12
233 14
234 14
235 11
236 13
237 15
238 12
239 13
240 12
241 12
242 12
243 11
244 10
245 15
246 10
247 13
248 15
249 12
250 15
251 14
252 15
253 15
254 15
255 14
