0 6
1 6
2 8
3 8
4 2
5 2
6 3
7 5
8 7
9 4
10 4
11 -1
12 0
13 -3
14 0
15 5
16 5
17 18
18 19
19 21
20 22
21 22
22 15
23 11
24 11
25 10
26 8
27 6
28 7
29 2
30 3
31 2
32 1
33 4
34 2
35 2
36 0
37 0
38 -1
39 -2
40 4
41 6
42 4
43 4
44 8
45 7
46 4
47 3
48 5
49 4
50 1
51 2
52 -2
53 5
54 4
55 6
56 6
57 3
58 7
59 5
60 7
61 4
62 8
63 7
64 10
65 13
66 12
67 12
68 11
69 9
70 11
71 10
72 10
73 11
74 10
75 9
76 14
77 13
78 6
79 5
80 2
81 1
82 0
83 7
84 13
85 14
86 17
87 15
88 15
89 11
90 12
91 13
92 12
93 12
94 12
95 4
96 3
97 0
98 -1
99 -5
100 -1
101 3
102 5
103 2
104 14
105 12
106 17
107 8
108 7
109 5
110 8
111 9
112 10
113 8
114 10
115 10
116 13
117 15
118 12
119 18
120 18
121 19
122 18
123 18
124 18
125 16
126 16
127 16
128 15
129 14
130 12
131 15
132 15
133 15
134 15
135 5
136 5
137 2
138 2
139 2
140 4
141 5
142 12
143 12
144 9
145 10
146 10
147 13
148 10
149 14
150 16
151 16
152 15
153 7
154 8
155 9
156 6
157 8
158 4
159 4
160 4
161 5
162 3
163 2
164 8
165 3
166 -9
167 -9
168 -3
169 3
170 4
171 -7
172 -10
173 -12
174 -1
175 4
176 8
177 8
178 11
179 11
180 11
181 11
182 11
183 11
184 12
185 6
186 11
187 11
188 9
189 6
190 5
191 5
192 6
193 10
194 9
195 10
196 14
197 16
198 16
199 16
200 17
201 13
202 11
203 10
204 6
205 14
206 16
207 16
208 9
209 8
210 6
211 1
212 1
213 6
214 5
215 5
216 6
217 2
218 1
219 1
220 0
221 0
222 4
223 4
224 3
225 1
226 3
227 -3
228 -3
229 -4
230 -6
231 -5
232 -4
233 -7
234 -6
235 -5
236 -2
237 3
238 1
239 2
240 1
241 3
242 2
243 3
244 4
245 5
246 7
247 5
248 3
249 2
250 -1
251 0
252 -1
253 3
254 5
255 6
