0 43
1 46
2 52
3 46
4 56
5 56
6 50
7 50
8 52
9 47
10 48
11 56
12 47
13 43
14 39
15 54
16 48
17 52
18 55
19 53
20 49
21 53
22 53
23 53
24 53
25 35
26 33
27 27
28 20
29 14
30 17
31 20
32 21
33 18
34 29
35 38
36 34
37 32
38 36
39 36
40 37
41 38
42 42
43 39
44 39
45 41
46 44
47 34
48 34
49 33
50 31
51 25
52 26
53 31
54 29
55 36
56 33
57 33
58 35
59 40
60 52
61 60
62 67
63 63
64 65
65 67
66 50
67 47
68 51
69 53
70 42
71 39
72 47
73 47
74 56
75 61
76 63
77 60
78 57
79 57
80 63
81 60
82 61
83 57
84 53
85 50
86 50
87 51
88 52
89 47
90 50
91 57
92 58
93 57
94 60
95 64
96 74
97 72
98 58
99 58
100 60
101 61
102 61
103 74
104 72
105 76
106 80
107 80
108 82
109 82
110 79
111 79
112 84
113 83
114 87
115 89
116 88
117 92
118 86
119 92
120 94
121 97
122 99
123 95
124 98
125 105
126 106
127 108
128 107
129 117
130 123
131 125
132 129
133 124
134 125
135 124
136 128
137 123
138 118
139 117
140 114
141 90
142 87
143 86
144 92
145 88
146 87
147 79
148 90
149 80
150 77
151 73
152 69
153 71
154 72
155 68
156 68
157 64
158 69
159 76
160 76
161 70
162 66
163 65
164 67
165 66
166 62
167 40
168 38
169 45
170 46
171 42
172 42
173 39
174 29
175 28
176 30
177 24
178 18
179 16
180 16
181 20
182 22
183 25
184 25
185 15
186 23
187 28
188 28
189 43
190 42
191 39
192 38
193 37
194 37
195 36
196 31
197 28
198 32
199 31
200 32
201 33
202 35
203 42
204 47
205 58
206 58
207 55
208 35
209 30
210 25
211 30
212 33
213 22
214 20
215 19
216 17
217 18
218 20
219 15
220 17
221 17
222 18
223 23
224 29
225 31
226 32
227 35
228 39
229 38
230 45
231 46
232 45
233 45
234 36
235 33
236 40
237 47
238 43
239 27
240 39
241 41
242 36
243 35
244 40
245 42
246 48
247 44
248 49
249 53
250 53
251 49
252 52
253 53
254 45
255 56
