0 7
1 9
2 8
3 9
4 9
5 9
6 9
7 7
8 6
9 6
10 6
11 5
12 5
13 6
14 5
15 4
16 2
17 -1
18 1
19 0
20 0
21 2
22 4
23 4
24 5
25 4
26 2
27 2
28 2
29 0
30 -2
31 -1
32 -1
33 -2
34 -2
35 2
36 2
37 1
38 1
39 -3
40 -3
41 1
42 1
43 1
44 1
45 -2
46 -2
47 0
48 -1
49 -1
50 -1
51 2
52 2
53 1
54 1
55 2
56 2
57 -4
58 -4
59 -4
60 -3
61 0
62 -1
63 0
64 1
65 3
66 3
67 5
68 4
69 5
70 6
71 4
72 5
73 7
74 7
75 5
76 6
77 8
78 8
79 11
80 6
81 6
82 6
83 6
84 8
85 7
86 5
87 6
88 6
89 6
90 5
91 4
92 4
93 4
94 4
95 2
96 2
97 5
98 6
99 3
100 3
101 3
102 3
103 -1
104 -1
105 -1
106 1
107 0
108 -1
109 -1
110 -3
111 -3
112 -3
113 -2
114 -2
115 -1
116 0
117 0
118 1
119 2
120 1
121 2
122 3
123 2
124 1
125 3
126 2
127 1
128 1
129 3
130 2
131 1
132 4
133 2
134 3
135 4
136 5
137 2
138 3
139 4
140 5
141 5
142 8
143 8
144 6
145 7
146 8
147 8
148 7
149 9
150 9
151 11
152 12
153 11
154 10
155 10
156 9
157 9
158 10
159 9
160 9
161 9
162 7
163 9
164 7
165 8
166 7
167 8
168 5
169 5
170 6
171 6
172 11
173 11
174 11
175 11
176 11
177 8
178 8
179 8
180 6
181 8
182 8
183 8
184 7
185 4
186 5
187 5
188 9
189 6
190 9
191 11
192 12
193 11
194 11
195 11
196 10
197 9
198 11
199 11
200 9
201 9
202 9
203 9
204 9
205 9
206 10
207 10
208 10
209 8
210 6
211 6
212 2
213 3
214 6
215 7
216 6
217 6
218 6
219 2
220 2
221 3
222 1
223 -2
224 -4
225 1
226 1
227 1
228 2
229 2
230 2
231 2
232 3
233 2
234 6
235 5
236 6
237 5
238 4
239 1
240 1
241 4
242 4
243 4
244 4
245 4
246 4
247 4
248 4
249 4
250 4
251 4
252 7
253 8
254 7
255 7
