0 0
1 -2
2 -2
3 -2
4 -2
5 -2
6 -1
7 0
8 -1
9 0
10 -1
11 -2
12 -2
13 -2
14 -1
15 0
16 0
17 0
18 2
19 7
20 4
21 2
22 0
23 1
24 1
25 5
26 4
27 4
28 4
29 4
30 6
31 5
32 6
33 5
34 5
35 1
36 1
37 0
38 0
39 0
40 0
41 0
42 2
43 2
44 2
45 2
46 1
47 5
48 2
49 2
50 2
51 1
52 -3
53 -2
54 -2
55 -4
56 -1
57 0
58 0
59 1
60 1
61 0
62 0
63 0
64 -1
65 -1
66 -2
67 -3
68 -3
69 -1
70 -1
71 0
72 0
73 1
74 2
75 1
76 0
77 1
78 1
79 0
80 0
81 1
82 1
83 2
84 -2
85 -2
86 0
87 -1
88 0
89 1
90 1
91 1
92 1
93 1
94 1
95 2
96 0
97 0
98 1
99 1
100 2
101 1
102 2
103 2
104 2
105 2
106 1
107 2
108 2
109 2
110 2
111 1
112 0
113 0
114 0
115 0
116 0
117 2
118 2
119 2
120 2
121 3
122 1
123 0
124 0
125 0
126 0
127 0
128 1
129 1
130 1
131 0
132 4
133 4
134 2
135 3
136 2
137 2
138 -1
139 -1
140 2
141 3
142 3
143 3
144 2
145 5
146 5
147 5
148 4
149 4
150 3
151 3
152 3
153 3
154 2
155 2
156 1
157 2
158 2
159 2
160 2
161 2
162 2
163 2
164 1
165 -1
166 0
167 1
168 4
169 3
170 2
171 2
172 3
173 3
174 3
175 2
176 1
177 1
178 1
179 2
180 0
181 -1
182 -1
183 -2
184 -2
185 -2
186 -1
187 -1
188 2
189 0
190 0
191 0
192 0
193 0
194 1
195 1
196 1
197 1
198 0
199 0
200 0
201 -2
202 -1
203 0
204 1
205 2
206 1
207 0
208 -1
209 0
210 0
211 -1
212 -1
213 -1
214 2
215 1
216 1
217 1
218 1
219 2
220 2
221 2
222 3
223 3
224 4
225 4
226 4
227 1
228 2
229 1
230 1
231 2
232 2
233 2
234 1
235 1
236 1
237 1
238 1
239 0
240 0
241 0
242 1
243 1
244 1
245 0
246 -4
247 0
248 0
249 -2
250 -1
251 0
252 0
253 0
254 1
255 0
