0 9
1 9
2 7
3 8
4 7
5 8
6 8
7 5
8 4
9 5
10 6
11 6
12 6
13 5
14 5
15 5
16 4
17 4
18 9
19 11
20 12
21 9
22 10
23 10
24 9
25 9
26 9
27 9
28 3
29 3
30 3
31 -1
32 0
33 1
34 -1
35 -1
36 -1
37 3
38 4
39 5
40 6
41 5
42 7
43 7
44 6
45 6
46 8
47 8
48 14
49 14
50 15
51 12
52 12
53 10
54 9
55 9
56 6
57 7
58 6
59 7
60 2
61 1
62 1
63 1
64 0
65 0
66 3
67 5
68 5
69 4
70 4
71 0
72 1
73 1
74 0
75 -6
76 -7
77 -9
78 -8
79 -7
80 -6
81 -4
82 -5
83 -6
84 -4
85 -6
86 -7
87 -7
88 -7
89 -4
90 -5
91 -4
92 -2
93 -4
94 -4
95 -6
96 -5
97 -4
98 -6
99 -5
100 -4
101 -3
102 -3
103 -2
104 -3
105 -3
106 -3
107 -4
108 -4
109 -2
110 -1
111 -3
112 -5
113 -6
114 -8
115 -8
116 -8
117 -8
118 -7
119 -8
120 -2
121 -2
122 -4
123 -4
124 -4
125 -4
126 -1
127 1
128 1
129 3
130 3
131 3
132 3
133 3
134 5
135 5
136 8
137 8
138 8
139 9
140 10
141 10
142 9
143 10
144 10
145 9
146 10
147 11
148 7
149 5
150 5
151 5
152 6
153 6
154 5
155 8
156 7
157 7
158 7
159 8
160 8
161 8
162 10
163 9
164 10
165 11
166 12
167 12
168 13
169 13
170 11
171 14
172 12
173 14
174 14
175 16
176 17
177 20
178 18
179 20
180 18
181 17
182 17
183 17
184 17
185 19
186 21
187 21
188 19
189 20
190 22
191 22
192 21
193 20
194 20
195 19
196 19
197 20
198 20
199 20
200 20
201 20
202 20
203 18
204 20
205 19
206 15
207 15
208 16
209 16
210 16
211 16
212 14
213 15
214 15
215 14
216 15
217 13
218 12
219 11
220 12
221 12
222 10
223 10
224 7
225 7
226 8
227 9
228 8
229 12
230 12
231 13
232 13
233 14
234 13
235 14
236 16
237 17
238 16
239 16
240 15
241 14
242 13
243 12
244 13
245 13
246 14
247 11
248 11
249 11
250 12
251 10
252 11
253 9
254 9
255 10
