0 2
1 1
2 1
3 0
4 0
5 0
6 0
7 0
8 0
9 0
10 2
11 2
12 1
13 1
14 1
15 0
16 2
17 1
18 0
19 0
20 1
21 0
22 1
23 1
24 2
25 1
26 2
27 1
28 0
29 -1
30 -1
31 -1
32 -2
33 0
34 0
35 0
36 0
37 0
38 2
39 2
40 2
41 1
42 1
43 0
44 -1
45 1
46 2
47 0
48 1
49 2
50 1
51 1
52 0
53 -1
54 -1
55 -2
56 -1
57 -1
58 -1
59 -1
60 0
61 0
62 0
63 0
64 2
65 3
66 2
67 2
68 2
69 -1
70 -1
71 0
72 -1
73 1
74 0
75 0
76 -1
77 0
78 0
79 0
80 0
81 0
82 3
83 2
84 5
85 2
86 2
87 1
88 0
89 1
90 -1
91 -1
92 -2
93 0
94 1
95 1
96 1
97 1
98 3
99 4
100 4
101 4
102 3
103 0
104 -2
105 -1
106 0
107 1
108 3
109 3
110 2
111 2
112 2
113 0
114 0
115 1
116 4
117 4
118 3
119 2
120 0
121 -1
122 -3
123 -2
124 0
125 0
126 0
127 0
128 0
129 1
130 0
131 0
132 0
133 0
134 0
135 1
136 2
137 0
138 -1
139 -1
140 -1
141 -1
142 0
143 0
144 1
145 2
146 4
147 4
148 2
149 1
150 1
151 1
152 1
153 2
154 3
155 3
156 3
157 1
158 0
159 -2
160 0
161 1
162 1
163 1
164 1
165 0
166 3
167 3
168 4
169 4
170 3
171 3
172 5
173 3
174 3
175 3
176 4
177 3
178 0
179 1
180 0
181 1
182 -1
183 -2
184 -2
185 -1
186 0
187 -2
188 1
189 1
190 0
191 -2
192 -1
193 -1
194 -1
195 0
196 1
197 1
198 1
199 0
200 2
201 0
202 1
203 0
204 1
205 1
206 2
207 2
208 1
209 1
210 -1
211 -1
212 -1
213 -1
214 1
215 1
216 1
217 0
218 0
219 -1
220 0
221 0
222 0
223 0
224 0
225 1
226 1
227 0
228 0
229 0
230 0
231 0
232 3
233 3
234 3
235 2
236 2
237 0
238 -1
239 -1
240 0
241 0
242 0
243 -2
244 1
245 0
246 -1
247 0
248 -1
249 0
250 1
251 0
252 0
253 1
254 0
255 2
