0 14
1 18
2 19
3 15
4 11
5 13
6 14
7 20
8 20
9 20
10 18
11 18
12 19
13 18
14 18
15 17
16 17
17 19
18 21
19 21
20 21
21 21
22 20
23 16
24 15
25 17
26 20
27 18
28 25
29 25
30 25
31 29
32 31
33 33
34 30
35 32
36 31
37 31
38 30
39 31
40 32
41 32
42 32
43 32
44 33
45 35
46 29
47 28
48 29
49 29
50 28
51 26
52 25
53 25
54 32
55 32
56 33
57 32
58 33
59 30
60 29
61 28
62 26
63 25
64 25
65 26
66 32
67 32
68 34
69 35
70 21
71 20
72 19
73 19
74 22
75 20
76 19
77 21
78 23
79 26
80 28
81 28
82 22
83 24
84 19
85 19
86 23
87 21
88 20
89 25
90 23
91 26
92 28
93 26
94 28
95 28
96 20
97 20
98 19
99 20
100 18
101 18
102 20
103 19
104 21
105 20
106 20
107 14
108 14
109 11
110 11
111 10
112 14
113 12
114 11
115 10
116 10
117 20
118 19
119 19
120 19
121 19
122 22
123 18
124 20
125 24
126 22
127 23
128 22
129 23
130 23
131 23
132 24
133 27
134 26
135 28
136 29
137 24
138 24
139 22
140 26
141 31
142 23
143 25
144 27
145 27
146 33
147 31
148 30
149 33
150 35
151 39
152 39
153 40
154 36
155 35
156 34
157 36
158 36
159 36
160 33
161 35
162 36
163 32
164 32
165 26
166 25
167 18
168 18
169 22
170 22
171 23
172 21
173 21
174 25
175 22
176 23
177 24
178 22
179 21
180 23
181 23
182 25
183 30
184 29
185 30
186 31
187 31
188 30
189 31
190 33
191 27
192 27
193 26
194 23
195 22
196 22
197 24
198 24
199 22
200 22
201 24
202 21
203 13
204 12
205 13
206 9
207 9
208 8
209 12
210 11
211 10
212 10
213 11
214 15
215 10
216 13
217 14
218 14
219 14
220 14
221 13
222 13
223 14
224 15
225 16
226 16
227 13
228 12
229 11
230 11
231 9
232 6
233 3
234 2
235 5
236 6
237 9
238 12
239 12
240 9
241 10
242 9
243 7
244 7
245 5
246 5
247 1
248 5
249 5
250 4
251 3
252 4
253 1
254 2
255 2
