0 40
1 38
2 42
3 43
4 45
5 44
6 43
7 53
8 50
9 61
10 61
11 62
12 71
13 65
14 69
15 70
16 67
17 66
18 68
19 70
20 74
21 70
22 67
23 62
24 66
25 66
26 65
27 68
28 66
29 64
30 63
31 55
32 57
33 58
34 51
35 43
36 38
37 37
38 28
39 33
40 28
41 29
42 28
43 20
44 18
45 17
46 10
47 9
48 35
49 40
50 40
51 48
52 43
53 48
54 50
55 40
56 37
57 45
58 44
59 43
60 55
61 53
62 63
63 56
64 52
65 34
66 41
67 42
68 40
69 41
70 48
71 48
72 48
73 55
74 52
75 59
76 56
77 63
78 57
79 51
80 58
81 61
82 59
83 60
84 64
85 63
86 62
87 54
88 52
89 53
90 51
91 50
92 56
93 57
94 68
95 67
96 65
97 65
98 64
99 64
100 57
101 66
102 62
103 63
104 62
105 64
106 67
107 83
108 92
109 92
110 86
111 90
112 80
113 72
114 67
115 67
116 66
117 69
118 70
119 69
120 68
121 69
122 70
123 71
124 70
125 68
126 64
127 66
128 75
129 76
130 74
131 81
132 72
133 67
134 66
135 66
136 62
137 61
138 64
139 70
140 74
141 78
142 79
143 80
144 79
145 78
146 76
147 75
148 76
149 76
150 53
151 52
152 56
153 59
154 60
155 66
156 68
157 64
158 60
159 67
160 71
161 67
162 73
163 76
164 81
165 61
166 73
167 79
168 78
169 88
170 91
171 82
172 80
173 77
174 70
175 71
176 75
177 73
178 73
179 75
180 66
181 60
182 58
183 57
184 54
185 60
186 68
187 67
188 68
189 65
190 67
191 60
192 62
193 70
194 75
195 68
196 70
197 71
198 70
199 62
200 64
201 68
202 78
203 78
204 85
205 83
206 78
207 82
208 82
209 84
210 86
211 85
212 87
213 92
214 87
215 81
216 87
217 110
218 109
219 110
220 108
221 110
222 107
223 105
224 100
225 103
226 92
227 88
228 83
229 75
230 85
231 78
232 83
233 83
234 83
235 83
236 82
237 66
238 67
239 67
240 69
241 58
242 54
243 42
244 43
245 46
246 46
247 45
248 43
249 39
250 38
251 37
252 29
253 32
254 31
255 37
