0 1
1 5
2 4
3 4
4 4
5 4
6 3
7 4
8 4
9 4
10 4
11 4
12 2
13 0
14 0
15 0
16 2
17 2
18 2
19 2
20 2
21 2
22 4
23 2
24 2
25 2
26 2
27 1
28 1
29 2
30 2
31 2
32 -2
33 -2
34 -2
35 -2
36 -2
37 -1
38 1
39 2
40 2
41 3
42 3
43 2
44 2
45 1
46 1
47 1
48 0
49 0
50 2
51 2
52 0
53 1
54 1
55 1
56 2
57 3
58 4
59 4
60 5
61 5
62 5
63 5
64 4
65 3
66 0
67 0
68 2
69 2
70 2
71 5
72 4
73 2
74 2
75 2
76 -1
77 -1
78 0
79 0
80 2
81 5
82 5
83 6
84 5
85 3
86 3
87 2
88 3
89 3
90 -1
91 -1
92 -1
93 -1
94 4
95 4
96 4
97 5
98 5
99 8
100 7
101 6
102 7
103 8
104 8
105 8
106 7
107 5
108 4
109 2
110 2
111 1
112 3
113 1
114 0
115 -1
116 -1
117 -1
118 -1
119 -1
120 -1
121 -1
122 0
123 0
124 0
125 -1
126 -1
127 -1
128 -1
129 -1
130 -1
131 1
132 -1
133 0
134 0
135 -1
136 0
137 1
138 0
139 1
140 0
141 0
142 -1
143 -1
144 -3
145 -3
146 -3
147 -3
148 -4
149 -1
150 -3
151 -3
152 -1
153 0
154 0
155 0
156 1
157 1
158 1
159 2
160 1
161 1
162 1
163 1
164 1
165 1
166 1
167 1
168 1
169 2
170 2
171 3
172 1
173 2
174 3
175 1
176 1
177 1
178 4
179 1
180 1
181 0
182 0
183 0
184 -2
185 -3
186 -2
187 -1
188 0
189 1
190 2
191 1
192 -1
193 1
194 1
195 1
196 3
197 3
198 3
199 1
200 1
201 2
202 4
203 4
204 5
205 6
206 6
207 6
208 6
209 6
210 6
211 5
212 5
213 4
214 4
215 4
216 4
217 5
218 3
219 2
220 2
221 4
222 6
223 6
224 6
225 6
226 5
227 5
228 5
229 5
230 5
231 4
232 1
233 1
234 1
235 0
236 -1
237 0
238 -2
239 -2
240 -3
241 -4
242 -1
243 -1
244 1
245 3
246 3
247 3
248 5
249 6
250 4
251 2
252 3
253 1
254 2
255 1
