0 9
1 11
2 10
3 12
4 11
5 14
6 12
7 7
8 7
9 2
10 1
11 -1
12 -1
13 0
14 0
15 -1
16 -1
17 5
18 5
19 6
20 6
21 1
22 -3
23 -4
24 1
25 1
26 5
27 6
28 6
29 11
30 10
31 12
32 12
33 12
34 10
35 11
36 11
37 12
38 11
39 13
40 13
41 4
42 3
43 4
44 4
45 8
46 10
47 9
48 9
49 10
50 14
51 12
52 8
53 8
54 6
55 4
56 3
57 3
58 2
59 4
60 0
61 4
62 2
63 5
64 8
65 7
66 5
67 4
68 4
69 6
70 5
71 7
72 7
73 8
74 3
75 2
76 5
77 7
78 8
79 8
80 8
81 8
82 8
83 7
84 9
85 7
86 8
87 15
88 14
89 15
90 15
91 12
92 11
93 16
94 15
95 14
96 11
97 14
98 12
99 12
100 10
101 9
102 8
103 9
104 11
105 9
106 14
107 13
108 13
109 2
110 2
111 4
112 3
113 9
114 8
115 6
116 6
117 6
118 9
119 8
120 8
121 9
122 10
123 7
124 1
125 3
126 2
127 3
128 0
129 -1
130 0
131 -2
132 3
133 4
134 9
135 0
136 -3
137 3
138 8
139 6
140 5
141 4
142 7
143 8
144 7
145 5
146 4
147 6
148 3
149 2
150 0
151 1
152 2
153 3
154 2
155 1
156 -1
157 -3
158 -4
159 -9
160 -8
161 -6
162 2
163 3
164 3
165 3
166 3
167 3
168 2
169 4
170 3
171 6
172 6
173 6
174 2
175 2
176 2
177 -1
178 -3
179 -2
180 -2
181 -4
182 -6
183 5
184 3
185 4
186 2
187 1
188 1
189 0
190 -3
191 -3
192 -2
193 -2
194 -3
195 -6
196 -3
197 -4
198 -2
199 1
200 1
201 0
202 1
203 0
204 1
205 2
206 2
207 2
208 0
209 -1
210 -3
211 -4
212 -5
213 -5
214 -4
215 0
216 11
217 7
218 7
219 11
220 11
221 13
222 13
223 8
224 8
225 -1
226 10
227 11
228 12
229 12
230 11
231 11
232 11
233 15
234 16
235 17
236 14
237 12
238 13
239 9
240 9
241 -1
242 -2
243 0
244 5
245 6
246 0
247 0
248 -1
249 -1
250 1
251 5
252 5
253 4
254 4
255 6
