0 0
1 1
2 0
3 -2
4 -3
5 -7
6 -4
7 -3
8 -1
9 0
10 -1
11 0
12 0
13 0
14 0
15 2
16 2
17 3
18 2
19 2
20 4
21 3
22 3
23 4
24 0
25 0
26 0
27 0
28 0
29 2
30 3
31 2
32 2
33 4
34 4
35 3
36 3
37 3
38 4
39 3
40 2
41 2
42 2
43 1
44 2
45 4
46 4
47 5
48 5
49 5
50 8
51 7
52 7
53 8
54 8
55 7
56 6
57 7
58 6
59 6
60 9
61 9
62 8
63 6
64 6
65 6
66 5
67 4
68 1
69 1
70 4
71 4
72 3
73 3
74 1
75 4
76 5
77 1
78 2
79 2
80 2
81 2
82 2
83 1
84 1
85 0
86 -1
87 0
88 0
89 1
90 1
91 1
92 1
93 3
94 3
95 3
96 3
97 3
98 3
99 0
100 4
101 4
102 4
103 4
104 2
105 1
106 2
107 4
108 1
109 1
110 1
111 5
112 5
113 3
114 4
115 6
116 7
117 6
118 7
119 7
120 7
121 7
122 5
123 6
124 6
125 3
126 3
127 4
128 5
129 6
130 7
131 8
132 6
133 4
134 4
135 4
136 4
137 6
138 5
139 4
140 2
141 1
142 1
143 1
144 2
145 2
146 4
147 6
148 6
149 6
150 6
151 8
152 6
153 5
154 5
155 4
156 4
157 5
158 4
159 3
160 3
161 3
162 3
163 3
164 4
165 4
166 4
167 2
168 3
169 3
170 4
171 6
172 5
173 3
174 1
175 -1
176 -4
177 -3
178 -3
179 -3
180 -2
181 -2
182 0
183 0
184 0
185 0
186 -2
187 -2
188 4
189 8
190 6
191 4
192 3
193 5
194 5
195 5
196 5
197 5
198 4
199 3
200 3
201 3
202 4
203 8
204 3
205 3
206 -1
207 -2
208 -2
209 -2
210 -1
211 0
212 0
213 -1
214 0
215 1
216 0
217 -1
218 -1
219 -1
220 -2
221 2
222 3
223 3
224 3
225 3
226 2
227 2
228 3
229 5
230 4
231 2
232 1
233 -2
234 -4
235 -4
236 -2
237 -1
238 -1
239 -1
240 0
241 0
242 0
243 -1
244 -2
245 -2
246 0
247 0
248 0
249 2
250 -1
251 -1
252 -2
253 -2
254 0
255 0
