0 8
1 7
2 10
3 10
4 10
5 10
6 11
7 9
8 8
9 8
10 11
11 11
12 8
13 8
14 8
15 7
16 5
17 7
18 7
19 7
20 8
21 9
22 9
23 7
24 7
25 8
26 9
27 7
28 7
29 6
30 7
31 7
32 7
33 7
34 1
35 3
36 3
37 3
38 3
39 3
40 2
41 2
42 3
43 3
44 4
45 3
46 2
47 1
48 1
49 4
50 5
51 4
52 1
53 1
54 2
55 2
56 3
57 3
58 3
59 5
60 9
61 8
62 8
63 7
64 8
65 4
66 4
67 3
68 4
69 4
70 3
71 3
72 3
73 3
74 5
75 5
76 6
77 10
78 7
79 7
80 8
81 7
82 5
83 5
84 6
85 6
86 6
87 4
88 4
89 1
90 2
91 5
92 5
93 4
94 4
95 5
96 5
97 5
98 5
99 4
100 0
101 0
102 -1
103 -1
104 -1
105 -1
106 -1
107 0
108 2
109 6
110 6
111 9
112 9
113 10
114 10
115 10
116 8
117 5
118 4
119 4
120 1
121 -2
122 -2
123 -1
124 0
125 2
126 2
127 1
128 1
129 1
130 2
131 2
132 3
133 2
134 3
135 4
136 3
137 2
138 3
139 4
140 3
141 4
142 4
143 4
144 3
145 3
146 3
147 3
148 2
149 2
150 3
151 2
152 3
153 1
154 3
155 4
156 3
157 5
158 5
159 5
160 7
161 5
162 7
163 8
164 8
165 5
166 5
167 5
168 5
169 7
170 8
171 9
172 9
173 6
174 5
175 6
176 6
177 7
178 7
179 8
180 8
181 8
182 6
183 5
184 8
185 6
186 6
187 6
188 6
189 6
190 8
191 7
192 5
193 5
194 3
195 3
196 5
197 5
198 5
199 4
200 4
201 4
202 2
203 2
204 -1
205 -2
206 4
207 6
208 4
209 5
210 5
211 5
212 6
213 4
214 2
215 1
216 -1
217 -3
218 -2
219 -2
220 -1
221 2
222 2
223 2
224 4
225 3
226 4
227 4
228 3
229 2
230 1
231 3
232 2
233 1
234 1
235 3
236 3
237 1
238 0
239 0
240 1
241 1
242 0
243 -1
244 -1
245 -1
246 0
247 1
248 2
249 2
250 2
251 2
252 2
253 3
254 6
255 6
