0 1
1 2
2 2
3 -1
4 5
5 4
6 4
7 3
8 3
9 -8
10 -4
11 -1
12 1
13 -1
14 -2
15 -3
16 -1
17 4
18 -8
19 -2
20 -1
21 0
22 -2
23 -3
24 12
25 17
26 19
27 12
28 2
29 2
30 4
31 6
32 -4
33 2
34 -3
35 -2
36 -1
37 0
38 3
39 2
40 1
41 -1
42 1
43 8
44 -3
45 -4
46 0
47 -7
48 1
49 5
50 10
51 12
52 2
53 6
54 7
55 10
56 1
57 11
58 3
59 2
60 -6
61 -7
62 -11
63 -3
64 -7
65 -9
66 -3
67 0
68 -1
69 -4
70 -1
71 1
72 2
73 1
74 2
75 7
76 6
77 13
78 11
79 -1
80 1
81 1
82 3
83 2
84 0
85 3
86 0
87 -2
88 -1
89 1
90 -4
91 -1
92 -3
93 1
94 5
95 9
96 2
97 2
98 2
99 4
100 8
101 9
102 5
103 3
104 4
105 3
106 1
107 1
108 6
109 -1
110 10
111 11
112 7
113 4
114 4
115 2
116 12
117 4
118 2
119 3
120 -1
121 5
122 7
123 10
124 6
125 4
126 7
127 7
128 6
129 5
130 9
131 10
132 15
133 19
134 20
135 20
136 19
137 20
138 19
139 7
140 9
141 9
142 7
143 6
144 0
145 4
146 5
147 -2
148 -5
149 -3
150 -4
151 -3
152 0
153 -5
154 -2
155 0
156 2
157 0
158 -3
159 0
160 5
161 6
162 4
163 8
164 8
165 7
166 1
167 -4
168 -6
169 9
170 8
171 9
172 7
173 5
174 -1
175 4
176 7
177 9
178 9
179 4
180 -1
181 -3
182 -1
183 -5
184 8
185 11
186 1
187 6
188 6
189 4
190 6
191 5
192 10
193 6
194 9
195 6
196 9
197 11
198 16
199 11
200 5
201 -5
202 -5
203 -6
204 0
205 -2
206 -2
207 -2
208 0
209 1
210 1
211 2
212 5
213 2
214 -5
215 -2
216 -2
217 1
218 0
219 -6
220 11
221 15
222 14
223 16
224 12
225 4
226 1
227 5
228 9
229 11
230 8
231 1
232 -1
233 -1
234 5
235 5
236 -1
237 -2
238 8
239 9
240 10
241 17
242 12
243 5
244 4
245 1
246 2
247 3
248 3
249 2
250 1
251 -3
252 -4
253 3
254 3
255 7
