0 -1
1 0
2 6
3 6
4 5
5 6
6 6
7 5
8 5
9 5
10 7
11 7
12 6
13 7
14 10
15 13
16 10
17 10
18 10
19 6
20 7
21 8
22 8
23 10
24 9
25 8
26 0
27 0
28 7
29 8
30 10
31 12
32 12
33 6
34 9
35 6
36 5
37 5
38 6
39 5
40 8
41 6
42 5
43 5
44 4
45 -1
46 4
47 3
48 4
49 6
50 5
51 4
52 6
53 5
54 8
55 7
56 10
57 7
58 7
59 7
60 8
61 9
62 21
63 23
64 24
65 24
66 30
67 29
68 34
69 33
70 33
71 31
72 32
73 30
74 31
75 32
76 32
77 28
78 29
79 26
80 25
81 24
82 30
83 31
84 29
85 27
86 25
87 25
88 26
89 24
90 19
91 21
92 15
93 15
94 15
95 12
96 13
97 11
98 8
99 8
100 10
101 6
102 -3
103 4
104 4
105 5
106 4
107 6
108 7
109 6
110 11
111 10
112 10
113 10
114 8
115 8
116 11
117 11
118 11
119 9
120 12
121 9
122 12
123 12
124 12
125 21
126 18
127 15
128 14
129 13
130 15
131 9
132 12
133 12
134 13
135 11
136 17
137 18
138 19
139 19
140 9
141 5
142 7
143 8
144 8
145 4
146 1
147 0
148 0
149 0
150 7
151 8
152 7
153 9
154 8
155 10
156 10
157 9
158 10
159 9
160 11
161 9
162 8
163 12
164 11
165 9
166 12
167 12
168 14
169 6
170 4
171 5
172 -3
173 -6
174 -9
175 -13
176 -12
177 -9
178 -9
179 6
180 6
181 6
182 6
183 6
184 6
185 7
186 8
187 8
188 7
189 5
190 6
191 6
192 6
193 9
194 8
195 8
196 9
197 9
198 4
199 2
200 5
201 4
202 7
203 8
204 14
205 14
206 14
207 12
208 14
209 15
210 6
211 8
212 5
213 5
214 6
215 4
216 0
217 0
218 1
219 1
220 4
221 8
222 8
223 13
224 13
225 13
226 13
227 13
228 11
229 11
230 15
231 15
232 15
233 14
234 11
235 12
236 13
237 14
238 13
239 9
240 7
241 9
242 10
243 12
244 8
245 11
246 9
247 9
248 11
249 13
250 5
251 11
252 10
253 8
254 10
255 10
