0 3
1 9
2 8
3 5
4 4
5 11
6 12
7 5
8 6
9 3
10 -1
11 -1
12 0
13 -1
14 18
15 21
16 18
17 8
18 11
19 3
20 0
21 -2
22 -1
23 4
24 1
25 5
26 6
27 3
28 -1
29 -1
30 13
31 11
32 5
33 4
34 2
35 10
36 5
37 7
38 5
39 -6
40 -5
41 -7
42 -10
43 -16
44 -16
45 -5
46 -4
47 -10
48 -10
49 -10
50 -12
51 -14
52 -9
53 -3
54 -2
55 -2
56 2
57 4
58 -1
59 5
60 4
61 5
62 7
63 2
64 6
65 -5
66 -3
67 5
68 4
69 2
70 21
71 20
72 15
73 17
74 1
75 18
76 24
77 29
78 28
79 20
80 14
81 16
82 11
83 13
84 27
85 25
86 22
87 33
88 29
89 29
90 30
91 30
92 22
93 19
94 25
95 29
96 4
97 13
98 20
99 19
100 10
101 12
102 13
103 11
104 7
105 2
106 -9
107 -9
108 0
109 4
110 -5
111 0
112 -1
113 5
114 6
115 20
116 6
117 10
118 14
119 6
120 -5
121 -5
122 -11
123 3
124 5
125 2
126 7
127 4
128 12
129 13
130 13
131 14
132 9
133 7
134 4
135 4
136 7
137 8
138 6
139 2
140 3
141 5
142 3
143 3
144 7
145 18
146 15
147 21
148 24
149 19
150 18
151 22
152 26
153 17
154 13
155 0
156 0
157 5
158 13
159 7
160 20
161 30
162 29
163 26
164 24
165 8
166 0
167 -1
168 -3
169 -5
170 6
171 15
172 19
173 17
174 19
175 23
176 21
177 19
178 11
179 17
180 10
181 16
182 12
183 12
184 1
185 6
186 13
187 14
188 11
189 13
190 17
191 13
192 22
193 24
194 29
195 27
196 24
197 24
198 25
199 18
200 22
201 22
202 12
203 8
204 17
205 16
206 13
207 11
208 6
209 5
210 5
211 12
212 9
213 9
214 14
215 11
216 11
217 13
218 9
219 20
220 17
221 11
222 4
223 11
224 15
225 3
226 3
227 5
228 2
229 8
230 10
231 -8
232 -1
233 4
234 -11
235 -2
236 3
237 9
238 10
239 11
240 9
241 14
242 15
243 6
244 7
245 -5
246 -5
247 -1
248 2
249 2
250 -1
251 4
252 5
253 3
254 3
255 5
