0 63
1 62
2 60
3 59
4 59
5 57
6 58
7 46
8 40
9 32
10 28
11 24
12 24
13 21
14 18
15 15
16 15
17 16
18 14
19 18
20 23
21 20
22 21
23 21
24 21
25 23
26 22
27 18
28 20
29 22
30 16
31 24
32 26
33 32
34 35
35 38
36 37
37 30
38 32
39 32
40 33
41 30
42 29
43 30
44 22
45 22
46 22
47 20
48 20
49 23
50 16
51 8
52 14
53 21
54 24
55 29
56 26
57 24
58 24
59 17
60 15
61 16
62 14
63 18
64 15
65 11
66 14
67 14
68 16
69 17
70 15
71 19
72 19
73 20
74 25
75 24
76 20
77 20
78 18
79 18
80 13
81 14
82 15
83 18
84 18
85 20
86 22
87 26
88 23
89 26
90 23
91 22
92 22
93 18
94 14
95 18
96 17
97 16
98 19
99 20
100 21
101 22
102 25
103 23
104 22
105 23
106 23
107 13
108 12
109 14
110 10
111 11
112 11
113 11
114 7
115 6
116 7
117 10
118 9
119 14
120 9
121 12
122 14
123 15
124 16
125 21
126 16
127 13
128 14
129 13
130 18
131 25
132 26
133 27
134 27
135 33
136 36
137 36
138 36
139 36
140 36
141 37
142 34
143 28
144 31
145 33
146 26
147 20
148 20
149 21
150 23
151 22
152 26
153 34
154 37
155 40
156 36
157 41
158 37
159 33
160 37
161 40
162 39
163 39
164 39
165 37
166 34
167 26
168 24
169 28
170 27
171 30
172 35
173 35
174 32
175 36
176 36
177 36
178 39
179 36
180 33
181 33
182 47
183 46
184 44
185 52
186 61
187 42
188 44
189 42
190 41
191 31
192 24
193 29
194 21
195 20
196 11
197 17
198 22
199 32
200 38
201 39
202 38
203 37
204 37
205 46
206 41
207 45
208 48
209 50
210 53
211 53
212 74
213 76
214 76
215 79
216 86
217 82
218 82
219 78
220 72
221 72
222 70
223 69
224 68
225 67
226 70
227 70
228 71
229 64
230 66
231 65
232 64
233 67
234 69
235 69
236 70
237 76
238 76
239 69
240 69
241 69
242 64
243 65
244 59
245 55
246 56
247 61
248 58
249 67
250 62
251 67
252 68
253 68
254 64
255 60
