0 18
1 19
2 10
3 9
4 7
5 3
6 -2
7 -6
8 -8
9 -9
10 -9
11 -12
12 -11
13 -12
14 -12
15 -23
16 -23
17 -28
18 -18
19 -18
20 -15
21 -20
22 -19
23 9
24 9
25 12
26 3
27 19
28 5
29 0
30 -7
31 -13
32 -15
33 -17
34 -15
35 -10
36 -3
37 -3
38 2
39 3
40 4
41 2
42 2
43 2
44 6
45 5
46 1
47 3
48 8
49 9
50 9
51 13
52 14
53 20
54 23
55 25
56 27
57 27
58 29
59 29
60 43
61 35
62 28
63 29
64 33
65 43
66 47
67 42
68 36
69 36
70 35
71 32
72 48
73 48
74 44
75 47
76 46
77 40
78 44
79 45
80 52
81 56
82 55
83 53
84 55
85 58
86 58
87 57
88 55
89 57
90 59
91 49
92 35
93 22
94 18
95 12
96 19
97 -2
98 -4
99 0
100 1
101 9
102 7
103 5
104 6
105 13
106 12
107 14
108 16
109 14
110 17
111 20
112 21
113 26
114 17
115 14
116 17
117 23
118 25
119 28
120 35
121 36
122 38
123 40
124 41
125 46
126 46
127 46
128 45
129 41
130 39
131 44
132 44
133 44
134 44
135 39
136 40
137 38
138 38
139 55
140 53
141 52
142 53
143 52
144 58
145 55
146 57
147 56
148 54
149 53
150 53
151 44
152 42
153 39
154 44
155 44
156 38
157 38
158 38
159 26
160 23
161 23
162 15
163 12
164 1
165 -1
166 -1
167 1
168 6
169 7
170 8
171 5
172 3
173 7
174 34
175 35
176 44
177 38
178 37
179 29
180 28
181 28
182 27
183 28
184 33
185 31
186 34
187 32
188 33
189 41
190 40
191 35
192 29
193 33
194 33
195 35
196 35
197 35
198 29
199 34
200 42
201 35
202 34
203 39
204 41
205 39
206 39
207 43
208 38
209 44
210 39
211 37
212 37
213 53
214 43
215 26
216 24
217 26
218 29
219 28
220 25
221 19
222 17
223 22
224 23
225 18
226 12
227 9
228 9
229 8
230 12
231 10
232 12
233 12
234 11
235 11
236 13
237 18
238 20
239 17
240 16
241 16
242 18
243 20
244 21
245 12
246 10
247 10
248 26
249 31
250 30
251 27
252 22
253 22
254 22
255 22
