0 2
1 0
2 2
3 6
4 22
5 25
6 25
7 24
8 26
9 27
10 23
11 13
12 12
13 11
14 12
15 13
16 13
17 12
18 9
19 8
20 7
21 4
22 4
23 13
24 5
25 2
26 2
27 -3
28 -12
29 -12
30 2
31 4
32 -2
33 -2
34 3
35 4
36 3
37 1
38 0
39 0
40 7
41 7
42 -2
43 -6
44 -8
45 -3
46 3
47 -2
48 -1
49 2
50 -2
51 -5
52 0
53 12
54 8
55 10
56 6
57 0
58 0
59 4
60 2
61 2
62 1
63 -1
64 0
65 6
66 8
67 5
68 6
69 11
70 7
71 8
72 7
73 8
74 9
75 9
76 9
77 13
78 8
79 12
80 12
81 8
82 11
83 6
84 5
85 6
86 4
87 4
88 5
89 3
90 -1
91 -3
92 3
93 3
94 3
95 1
96 4
97 1
98 6
99 6
100 13
101 13
102 13
103 11
104 16
105 14
106 9
107 4
108 0
109 -4
110 -7
111 -7
112 -9
113 -5
114 -3
115 -1
116 1
117 0
118 0
119 6
120 7
121 9
122 1
123 0
124 0
125 1
126 2
127 0
128 -4
129 -1
130 -4
131 -3
132 2
133 2
134 1
135 0
136 2
137 6
138 2
139 1
140 1
141 1
142 -1
143 -1
144 -2
145 -1
146 1
147 3
148 1
149 0
150 -1
151 -1
152 -2
153 0
154 1
155 5
156 7
157 -3
158 10
159 14
160 14
161 17
162 15
163 15
164 16
165 13
166 15
167 18
168 16
169 14
170 10
171 5
172 3
173 3
174 2
175 5
176 -4
177 0
178 2
179 3
180 7
181 5
182 9
183 1
184 1
185 0
186 2
187 0
188 6
189 5
190 4
191 9
192 4
193 15
194 13
195 12
196 8
197 3
198 2
199 2
200 1
201 3
202 3
203 3
204 0
205 1
206 0
207 1
208 -1
209 -1
210 2
211 -1
212 6
213 17
214 15
215 7
216 4
217 3
218 1
219 2
220 13
221 17
222 15
223 14
224 8
225 10
226 10
227 10
228 7
229 11
230 10
231 12
232 13
233 13
234 8
235 1
236 2
237 5
238 6
239 4
240 4
241 3
242 5
243 5
244 6
245 7
246 10
247 12
248 12
249 11
250 11
251 9
252 6
253 5
254 4
255 4
