0 5
1 3
2 3
3 4
4 5
5 5
6 6
7 6
8 6
9 7
10 6
11 5
12 5
13 5
14 4
15 4
16 4
17 6
18 7
19 5
20 5
21 6
22 6
23 4
24 1
25 0
26 0
27 0
28 0
29 -1
30 1
31 3
32 3
33 3
34 4
35 4
36 2
37 2
38 1
39 1
40 2
41 1
42 0
43 0
44 -1
45 0
46 -1
47 -3
48 -3
49 -3
50 -2
51 -2
52 -2
53 -2
54 -1
55 -1
56 -2
57 -2
58 -2
59 -2
60 -1
61 2
62 1
63 1
64 1
65 2
66 2
67 4
68 3
69 7
70 7
71 7
72 5
73 5
74 4
75 4
76 3
77 3
78 3
79 3
80 7
81 9
82 14
83 14
84 15
85 15
86 13
87 13
88 14
89 14
90 16
91 15
92 10
93 10
94 10
95 10
96 9
97 9
98 10
99 8
100 8
101 8
102 9
103 10
104 11
105 11
106 11
107 11
108 10
109 11
110 9
111 9
112 10
113 8
114 8
115 10
116 9
117 9
118 8
119 8
120 8
121 8
122 7
123 7
124 8
125 8
126 7
127 7
128 6
129 11
130 10
131 12
132 12
133 12
134 12
135 13
136 14
137 14
138 14
139 10
140 10
141 8
142 8
143 5
144 4
145 4
146 5
147 5
148 5
149 5
150 5
151 3
152 3
153 3
154 3
155 2
156 2
157 2
158 2
159 2
160 2
161 3
162 3
163 3
164 -1
165 1
166 1
167 3
168 3
169 5
170 5
171 5
172 5
173 6
174 6
175 6
176 9
177 9
178 9
179 11
180 9
181 9
182 10
183 10
184 11
185 10
186 10
187 13
188 11
189 11
190 12
191 13
192 12
193 8
194 9
195 9
196 10
197 8
198 8
199 8
200 8
201 8
202 8
203 8
204 6
205 7
206 7
207 5
208 5
209 6
210 5
211 7
212 7
213 4
214 5
215 4
216 0
217 1
218 2
219 1
220 0
221 3
222 3
223 2
224 2
225 3
226 3
227 4
228 4
229 3
230 3
231 0
232 0
233 -1
234 -1
235 -1
236 -1
237 -1
238 0
239 2
240 4
241 7
242 4
243 4
244 1
245 0
246 0
247 0
248 0
249 2
250 2
251 1
252 1
253 4
254 4
255 4
