0 21
1 20
2 24
3 21
4 17
5 20
6 22
7 20
8 23
9 21
10 16
11 24
12 26
13 28
14 29
15 18
16 8
17 2
18 0
19 1
20 6
21 16
22 15
23 18
24 17
25 15
26 23
27 30
28 30
29 21
30 25
31 26
32 26
33 28
34 26
35 32
36 34
37 33
38 20
39 26
40 23
41 25
42 18
43 16
44 21
45 21
46 -16
47 -22
48 -24
49 -15
50 7
51 7
52 11
53 11
54 11
55 6
56 8
57 -6
58 0
59 3
60 -2
61 7
62 5
63 8
64 23
65 19
66 19
67 19
68 25
69 19
70 13
71 14
72 9
73 19
74 18
75 24
76 17
77 19
78 20
79 29
80 29
81 19
82 19
83 21
84 19
85 17
86 17
87 19
88 22
89 21
90 25
91 31
92 28
93 14
94 0
95 1
96 -1
97 0
98 -2
99 -1
100 -3
101 -4
102 -3
103 -5
104 -3
105 -3
106 -3
107 -3
108 -2
109 -4
110 -9
111 -3
112 -6
113 0
114 5
115 7
116 10
117 3
118 1
119 0
120 6
121 7
122 11
123 17
124 21
125 37
126 34
127 30
128 26
129 29
130 34
131 31
132 20
133 23
134 23
135 24
136 17
137 17
138 19
139 18
140 25
141 23
142 26
143 30
144 25
145 24
146 31
147 29
148 24
149 19
150 18
151 11
152 17
153 17
154 14
155 8
156 8
157 8
158 8
159 12
160 14
161 16
162 12
163 18
164 25
165 27
166 18
167 13
168 5
169 3
170 6
171 14
172 8
173 7
174 8
175 12
176 14
177 7
178 7
179 19
180 22
181 14
182 12
183 12
184 17
185 15
186 17
187 24
188 25
189 20
190 13
191 16
192 25
193 24
194 21
195 33
196 29
197 22
198 25
199 25
200 24
201 16
202 16
203 27
204 29
205 30
206 30
207 26
208 25
209 13
210 14
211 14
212 -3
213 -7
214 -3
215 2
216 7
217 6
218 11
219 14
220 14
221 12
222 11
223 13
224 -1
225 8
226 8
227 10
228 7
229 10
230 15
231 2
232 4
233 6
234 10
235 14
236 13
237 14
238 11
239 12
240 5
241 2
242 3
243 7
244 9
245 15
246 12
247 15
248 11
249 14
250 13
251 19
252 29
253 25
254 19
255 22
