0 5
1 5
2 5
3 18
4 10
5 4
6 -2
7 2
8 -1
9 0
10 4
11 6
12 4
13 5
14 5
15 5
16 5
17 0
18 -3
19 -1
20 0
21 2
22 -1
23 -2
24 10
25 10
26 1
27 0
28 6
29 1
30 -7
31 -7
32 8
33 11
34 9
35 4
36 5
37 -1
38 -1
39 0
40 -1
41 -1
42 -10
43 -14
44 2
45 1
46 3
47 -2
48 3
49 11
50 6
51 3
52 1
53 5
54 -1
55 -3
56 -2
57 -1
58 1
59 2
60 0
61 -5
62 -6
63 1
64 -1
65 3
66 5
67 6
68 7
69 12
70 10
71 10
72 6
73 1
74 3
75 0
76 5
77 -11
78 -6
79 -1
80 -7
81 -8
82 -12
83 -8
84 15
85 14
86 9
87 1
88 2
89 3
90 2
91 8
92 9
93 9
94 3
95 0
96 -1
97 -4
98 9
99 13
100 11
101 5
102 3
103 -1
104 -3
105 -4
106 -3
107 5
108 11
109 14
110 17
111 4
112 3
113 -4
114 -2
115 -2
116 -1
117 3
118 2
119 6
120 11
121 13
122 7
123 7
124 7
125 6
126 2
127 3
128 13
129 12
130 13
131 13
132 2
133 -4
134 1
135 17
136 18
137 8
138 5
139 4
140 4
141 3
142 4
143 3
144 -1
145 3
146 13
147 18
148 18
149 5
150 8
151 15
152 14
153 9
154 9
155 9
156 7
157 4
158 3
159 3
160 8
161 12
162 11
163 12
164 7
165 8
166 5
167 2
168 1
169 -3
170 -4
171 -5
172 0
173 -3
174 2
175 0
176 0
177 0
178 6
179 5
180 0
181 1
182 3
183 1
184 1
185 3
186 -2
187 -11
188 -10
189 -1
190 7
191 2
192 -2
193 0
194 2
195 3
196 2
197 -1
198 -3
199 3
200 8
201 5
202 3
203 2
204 3
205 2
206 2
207 3
208 3
209 1
210 0
211 8
212 1
213 0
214 -8
215 -7
216 -1
217 2
218 -1
219 3
220 2
221 13
222 14
223 15
224 17
225 15
226 5
227 8
228 7
229 5
230 -3
231 0
232 4
233 8
234 13
235 12
236 8
237 1
238 5
239 6
240 6
241 6
242 19
243 1
244 -2
245 -1
246 -4
247 -2
248 1
249 -4
250 7
251 6
252 5
253 5
254 13
255 5
