0 1
1 5
2 6
3 4
4 4
5 16
6 15
7 11
8 12
9 1
10 0
11 1
12 3
13 5
14 -1
15 12
16 11
17 10
18 8
19 13
20 14
21 12
22 6
23 8
24 11
25 11
26 12
27 15
28 14
29 12
30 22
31 21
32 16
33 13
34 15
35 9
36 9
37 4
38 -12
39 -14
40 -1
41 0
42 5
43 2
44 0
45 1
46 4
47 9
48 7
49 5
50 7
51 3
52 6
53 11
54 -1
55 -5
56 -3
57 -2
58 3
59 9
60 10
61 18
62 17
63 13
64 4
65 9
66 11
67 15
68 14
69 13
70 12
71 -1
72 4
73 7
74 15
75 12
76 9
77 6
78 10
79 6
80 6
81 5
82 -2
83 -3
84 -3
85 -3
86 -1
87 -7
88 0
89 -1
90 -3
91 1
92 2
93 2
94 5
95 5
96 -1
97 -8
98 3
99 8
100 6
101 5
102 5
103 3
104 5
105 8
106 11
107 11
108 13
109 18
110 12
111 7
112 8
113 15
114 4
115 8
116 9
117 -4
118 -2
119 0
120 -1
121 3
122 1
123 2
124 0
125 12
126 13
127 17
128 13
129 0
130 0
131 -1
132 -6
133 15
134 17
135 24
136 24
137 22
138 11
139 15
140 13
141 14
142 19
143 21
144 17
145 11
146 7
147 5
148 4
149 3
150 -2
151 -8
152 -5
153 -4
154 -2
155 0
156 7
157 6
158 8
159 5
160 5
161 7
162 13
163 11
164 11
165 6
166 9
167 13
168 15
169 10
170 3
171 6
172 -5
173 6
174 4
175 5
176 10
177 6
178 16
179 12
180 6
181 6
182 2
183 4
184 8
185 10
186 15
187 19
188 22
189 10
190 9
191 6
192 5
193 -1
194 -2
195 6
196 3
197 3
198 4
199 6
200 11
201 8
202 7
203 11
204 10
205 5
206 4
207 2
208 -4
209 -6
210 -4
211 -3
212 -4
213 -6
214 -6
215 -7
216 -5
217 -1
218 -3
219 -2
220 -5
221 1
222 4
223 2
224 1
225 -1
226 1
227 -5
228 -13
229 -11
230 -17
231 -15
232 2
233 6
234 9
235 1
236 8
237 7
238 11
239 4
240 2
241 7
242 3
243 0
244 0
245 -7
246 0
247 5
248 4
249 4
250 2
251 3
252 -9
253 4
254 3
255 2
