0 2
1 4
2 4
3 2
4 -2
5 4
6 -1
7 0
8 -1
9 1
10 4
11 4
12 4
13 9
14 10
15 5
16 9
17 8
18 13
19 15
20 17
21 17
22 11
23 14
24 18
25 21
26 20
27 20
28 19
29 15
30 13
31 17
32 21
33 21
34 17
35 17
36 17
37 17
38 21
39 20
40 20
41 20
42 22
43 21
44 18
45 18
46 14
47 15
48 15
49 15
50 12
51 12
52 14
53 9
54 13
55 13
56 14
57 19
58 21
59 22
60 16
61 12
62 12
63 10
64 11
65 11
66 10
67 12
68 17
69 17
70 13
71 11
72 14
73 13
74 10
75 10
76 8
77 6
78 6
79 5
80 4
81 4
82 5
83 3
84 1
85 -1
86 -2
87 -3
88 4
89 3
90 3
91 6
92 3
93 3
94 3
95 4
96 14
97 14
98 17
99 15
100 16
101 18
102 17
103 13
104 16
105 20
106 20
107 17
108 16
109 14
110 16
111 18
112 19
113 21
114 17
115 16
116 15
117 10
118 14
119 14
120 13
121 19
122 19
123 18
124 22
125 25
126 25
127 26
128 27
129 27
130 25
131 22
132 27
133 27
134 24
135 25
136 21
137 19
138 20
139 17
140 17
141 18
142 20
143 23
144 17
145 19
146 17
147 11
148 9
149 10
150 10
151 10
152 12
153 9
154 11
155 11
156 12
157 13
158 12
159 11
160 9
161 11
162 13
163 15
164 18
165 18
166 18
167 17
168 18
169 17
170 17
171 17
172 13
173 14
174 14
175 13
176 7
177 7
178 11
179 8
180 10
181 12
182 12
183 10
184 12
185 13
186 12
187 12
188 12
189 12
190 14
191 10
192 11
193 6
194 5
195 4
196 7
197 6
198 5
199 -1
200 3
201 1
202 2
203 1
204 1
205 1
206 1
207 -1
208 2
209 2
210 1
211 3
212 0
213 1
214 2
215 5
216 4
217 1
218 1
219 4
220 9
221 13
222 6
223 0
224 0
225 1
226 1
227 4
228 4
229 4
230 5
231 4
232 8
233 9
234 8
235 5
236 10
237 6
238 5
239 -1
240 -7
241 -7
242 -6
243 -5
244 -7
245 -7
246 -6
247 -6
248 -5
249 -4
250 2
251 0
252 0
253 1
254 2
255 2
