0 14
1 14
2 7
3 6
4 4
5 4
6 7
7 8
8 7
9 15
10 11
11 13
12 16
13 17
14 15
15 14
16 10
17 12
18 19
19 20
20 20
21 21
22 21
23 21
24 22
25 20
26 20
27 19
28 20
29 19
30 18
31 19
32 15
33 17
34 19
35 16
36 17
37 16
38 16
39 15
40 17
41 18
42 13
43 14
44 13
45 10
46 7
47 7
48 -5
49 -4
50 -6
51 -3
52 -2
53 -1
54 0
55 -2
56 -2
57 0
58 7
59 8
60 10
61 9
62 14
63 13
64 13
65 12
66 17
67 20
68 20
69 19
70 18
71 20
72 21
73 26
74 24
75 24
76 23
77 26
78 28
79 21
80 24
81 30
82 29
83 31
84 27
85 26
86 26
87 23
88 20
89 15
90 15
91 16
92 17
93 19
94 19
95 19
96 10
97 13
98 15
99 19
100 16
101 16
102 18
103 23
104 28
105 31
106 33
107 32
108 34
109 31
110 28
111 30
112 30
113 29
114 26
115 26
116 24
117 26
118 29
119 31
120 34
121 37
122 37
123 35
124 35
125 35
126 37
127 35
128 28
129 28
130 28
131 27
132 29
133 27
134 31
135 28
136 24
137 14
138 21
139 23
140 23
141 19
142 16
143 16
144 12
145 13
146 11
147 12
148 11
149 12
150 8
151 6
152 -8
153 -7
154 -5
155 -6
156 -6
157 -4
158 -7
159 -7
160 -6
161 0
162 -5
163 -4
164 0
165 1
166 5
167 4
168 4
169 3
170 9
171 2
172 5
173 8
174 9
175 11
176 8
177 10
178 2
179 -1
180 -3
181 -4
182 -4
183 -4
184 -7
185 -9
186 -10
187 -9
188 -10
189 -8
190 -5
191 -2
192 0
193 -1
194 5
195 5
196 5
197 13
198 11
199 11
200 11
201 10
202 15
203 13
204 19
205 14
206 13
207 13
208 14
209 16
210 17
211 24
212 24
213 31
214 25
215 27
216 24
217 29
218 22
219 22
220 23
221 22
222 21
223 21
224 23
225 23
226 27
227 24
228 23
229 23
230 22
231 19
232 20
233 20
234 20
235 19
236 18
237 16
238 16
239 16
240 14
241 13
242 13
243 15
244 15
245 15
246 16
247 15
248 14
249 18
250 19
251 20
252 20
253 15
254 12
255 13
