0 19
1 20
2 20
3 23
4 31
5 21
6 18
7 23
8 18
9 7
10 5
11 -1
12 1
13 -1
14 -7
15 -4
16 3
17 2
18 4
19 5
20 8
21 8
22 11
23 16
24 14
25 16
26 28
27 26
28 26
29 22
30 21
31 33
32 29
33 33
34 27
35 21
36 22
37 8
38 7
39 16
40 12
41 15
42 3
43 4
44 8
45 38
46 37
47 37
48 40
49 36
50 38
51 37
52 40
53 40
54 38
55 36
56 35
57 36
58 33
59 31
60 19
61 21
62 21
63 8
64 5
65 10
66 9
67 3
68 1
69 -4
70 -12
71 -17
72 -1
73 -1
74 1
75 6
76 6
77 17
78 24
79 31
80 24
81 23
82 27
83 26
84 -2
85 -1
86 -13
87 -13
88 -17
89 -17
90 -20
91 -12
92 -2
93 -1
94 -2
95 10
96 14
97 15
98 14
99 14
100 12
101 5
102 5
103 -1
104 -1
105 -3
106 4
107 7
108 8
109 16
110 16
111 15
112 19
113 27
114 24
115 21
116 33
117 38
118 39
119 37
120 39
121 33
122 26
123 27
124 41
125 38
126 45
127 45
128 50
129 46
130 24
131 18
132 5
133 5
134 -3
135 -5
136 -10
137 -18
138 -19
139 -22
140 -16
141 -15
142 -10
143 -1
144 1
145 1
146 6
147 5
148 3
149 -4
150 0
151 7
152 13
153 9
154 9
155 8
156 10
157 18
158 19
159 21
160 24
161 5
162 -3
163 2
164 -2
165 0
166 1
167 -4
168 -2
169 -3
170 -3
171 -1
172 1
173 6
174 2
175 0
176 6
177 9
178 19
179 23
180 28
181 33
182 34
183 41
184 39
185 35
186 36
187 35
188 42
189 44
190 40
191 36
192 29
193 28
194 22
195 22
196 24
197 22
198 19
199 18
200 20
201 22
202 20
203 20
204 23
205 29
206 38
207 38
208 40
209 40
210 40
211 47
212 44
213 43
214 43
215 40
216 45
217 44
218 51
219 52
220 35
221 41
222 44
223 39
224 37
225 32
226 39
227 40
228 42
229 34
230 21
231 23
232 22
233 13
234 12
235 18
236 20
237 22
238 16
239 14
240 16
241 12
242 12
243 9
244 5
245 -5
246 -1
247 6
248 4
249 7
250 13
251 16
252 16
253 20
254 20
255 19
