0 -1
1 -2
2 0
3 1
4 1
5 1
6 1
7 0
8 -6
9 -5
10 2
11 6
12 4
13 4
14 8
15 1
16 2
17 0
18 -1
19 -1
20 -1
21 0
22 0
23 3
24 7
25 1
26 2
27 -5
28 1
29 0
30 3
31 3
32 5
33 8
34 4
35 15
36 13
37 14
38 7
39 7
40 12
41 4
42 3
43 4
44 4
45 2
46 -1
47 -1
48 -3
49 3
50 5
51 -2
52 2
53 2
54 1
55 1
56 -1
57 -1
58 -2
59 5
60 5
61 6
62 6
63 1
64 2
65 0
66 9
67 4
68 -2
69 2
70 8
71 5
72 1
73 2
74 2
75 -1
76 -1
77 4
78 5
79 5
80 4
81 5
82 5
83 6
84 8
85 2
86 1
87 1
88 7
89 0
90 5
91 5
92 -2
93 3
94 0
95 -3
96 -2
97 -2
98 3
99 1
100 12
101 9
102 0
103 1
104 3
105 -1
106 -4
107 0
108 0
109 1
110 0
111 -1
112 -1
113 -2
114 -4
115 -5
116 1
117 1
118 -4
119 0
120 0
121 -6
122 3
123 2
124 1
125 1
126 1
127 10
128 11
129 6
130 3
131 0
132 1
133 1
134 3
135 2
136 1
137 0
138 -4
139 5
140 4
141 0
142 -1
143 3
144 3
145 4
146 4
147 7
148 5
149 1
150 2
151 0
152 1
153 1
154 0
155 1
156 0
157 0
158 0
159 2
160 0
161 3
162 -7
163 -1
164 0
165 2
166 2
167 1
168 8
169 -4
170 -4
171 0
172 -1
173 -2
174 -3
175 -2
176 -2
177 -1
178 2
179 6
180 -1
181 1
182 5
183 3
184 8
185 8
186 5
187 4
188 -1
189 -3
190 0
191 5
192 3
193 2
194 1
195 0
196 1
197 1
198 1
199 1
200 -5
201 2
202 5
203 0
204 -1
205 2
206 0
207 0
208 2
209 -1
210 2
211 4
212 1
213 -1
214 2
215 2
216 -3
217 5
218 3
219 6
220 3
221 1
222 -4
223 0
224 0
225 -1
226 1
227 4
228 1
229 1
230 10
231 6
232 4
233 3
234 -4
235 -2
236 -1
237 -1
238 3
239 0
240 0
241 4
242 2
243 4
244 0
245 8
246 6
247 1
248 0
249 4
250 4
251 4
252 3
253 0
254 -3
255 0
