0 33
1 30
2 22
3 21
4 22
5 25
6 27
7 26
8 25
9 31
10 31
11 31
12 31
13 34
14 33
15 40
16 39
17 39
18 37
19 36
20 38
21 41
22 42
23 43
24 41
25 41
26 38
27 34
28 38
29 38
30 34
31 38
32 35
33 39
34 34
35 35
36 30
37 30
38 28
39 24
40 26
41 31
42 31
43 25
44 24
45 20
46 18
47 16
48 15
49 15
50 12
51 11
52 17
53 17
54 17
55 15
56 16
57 17
58 19
59 20
60 19
61 23
62 26
63 26
64 27
65 28
66 32
67 31
68 31
69 32
70 38
71 45
72 41
73 41
74 36
75 36
76 34
77 33
78 33
79 33
80 32
81 32
82 32
83 30
84 26
85 27
86 25
87 25
88 24
89 25
90 23
91 21
92 22
93 24
94 23
95 25
96 29
97 32
98 33
99 32
100 33
101 33
102 32
103 31
104 22
105 19
106 18
107 14
108 12
109 14
110 14
111 12
112 13
113 20
114 17
115 19
116 19
117 19
118 19
119 17
120 17
121 16
122 16
123 21
124 24
125 27
126 26
127 26
128 33
129 29
130 29
131 31
132 34
133 31
134 37
135 45
136 47
137 48
138 46
139 44
140 39
141 38
142 39
143 36
144 36
145 34
146 33
147 32
148 31
149 29
150 28
151 26
152 27
153 26
154 26
155 17
156 16
157 15
158 5
159 8
160 6
161 -3
162 -5
163 -5
164 0
165 0
166 1
167 -3
168 -4
169 -5
170 -6
171 -5
172 -1
173 -2
174 1
175 3
176 2
177 -1
178 1
179 2
180 2
181 1
182 -2
183 -3
184 3
185 6
186 9
187 4
188 3
189 7
190 10
191 9
192 13
193 12
194 9
195 10
196 10
197 13
198 12
199 15
200 22
201 21
202 25
203 27
204 38
205 37
206 39
207 40
208 41
209 39
210 33
211 36
212 41
213 37
214 35
215 37
216 37
217 31
218 31
219 31
220 32
221 33
222 32
223 26
224 24
225 23
226 23
227 22
228 28
229 23
230 21
231 22
232 22
233 24
234 30
235 33
236 30
237 22
238 22
239 20
240 20
241 22
242 22
243 24
244 25
245 27
246 27
247 28
248 27
249 29
250 30
251 28
252 29
253 32
254 32
255 32
