0 35
1 35
2 41
3 42
4 51
5 51
6 50
7 52
8 46
9 48
10 51
11 49
12 44
13 50
14 50
15 56
16 45
17 40
18 38
19 44
20 47
21 44
22 40
23 33
24 33
25 34
26 33
27 28
28 27
29 28
30 16
31 29
32 28
33 29
34 25
35 41
36 26
37 12
38 13
39 18
40 20
41 19
42 19
43 21
44 15
45 23
46 32
47 42
48 36
49 45
50 45
51 50
52 36
53 50
54 52
55 55
56 55
57 49
58 49
59 44
60 44
61 48
62 47
63 50
64 52
65 49
66 48
67 42
68 59
69 59
70 67
71 68
72 70
73 68
74 66
75 59
76 56
77 64
78 62
79 62
80 59
81 56
82 65
83 65
84 63
85 57
86 62
87 63
88 56
89 56
90 54
91 60
92 60
93 60
94 50
95 59
96 59
97 73
98 74
99 51
100 49
101 45
102 40
103 34
104 34
105 39
106 40
107 40
108 38
109 40
110 36
111 19
112 23
113 20
114 22
115 16
116 15
117 16
118 23
119 16
120 14
121 19
122 14
123 15
124 22
125 19
126 22
127 17
128 13
129 4
130 18
131 13
132 13
133 13
134 7
135 8
136 29
137 32
138 25
139 21
140 12
141 8
142 13
143 6
144 13
145 11
146 12
147 10
148 14
149 17
150 12
151 14
152 20
153 20
154 19
155 17
156 18
157 18
158 16
159 16
160 26
161 16
162 19
163 15
164 18
165 27
166 29
167 32
168 31
169 32
170 30
171 30
172 40
173 30
174 30
175 25
176 22
177 14
178 11
179 5
180 4
181 8
182 10
183 7
184 -3
185 -8
186 -4
187 -3
188 -5
189 9
190 10
191 10
192 26
193 24
194 9
195 6
196 3
197 4
198 14
199 13
200 23
201 24
202 29
203 40
204 40
205 35
206 36
207 37
208 57
209 56
210 56
211 58
212 71
213 80
214 81
215 81
216 80
217 81
218 81
219 82
220 85
221 80
222 85
223 90
224 91
225 91
226 91
227 92
228 84
229 84
230 89
231 88
232 86
233 87
234 79
235 79
236 97
237 100
238 99
239 96
240 78
241 76
242 74
243 65
244 63
245 61
246 54
247 46
248 50
249 51
250 53
251 52
252 48
253 42
254 39
255 34
