0 1
1 6
2 6
3 6
4 -3
5 0
6 0
7 0
8 -1
9 -2
10 1
11 1
12 -1
13 5
14 8
15 1
16 1
17 6
18 1
19 2
20 0
21 4
22 5
23 8
24 2
25 -1
26 2
27 -5
28 -1
29 1
30 3
31 3
32 -5
33 -5
34 -6
35 -4
36 -2
37 5
38 10
39 10
40 9
41 8
42 6
43 5
44 5
45 3
46 4
47 3
48 2
49 1
50 3
51 4
52 4
53 4
54 4
55 5
56 1
57 2
58 6
59 -3
60 -2
61 0
62 -2
63 1
64 4
65 7
66 7
67 7
68 6
69 6
70 10
71 8
72 3
73 0
74 -2
75 -1
76 -1
77 -2
78 -3
79 -3
80 -2
81 1
82 -2
83 -2
84 -4
85 -2
86 -3
87 -2
88 -3
89 0
90 -2
91 10
92 11
93 9
94 4
95 -2
96 -3
97 -6
98 5
99 5
100 7
101 6
102 2
103 -10
104 5
105 2
106 2
107 1
108 1
109 2
110 2
111 6
112 6
113 5
114 3
115 1
116 8
117 10
118 13
119 12
120 12
121 15
122 14
123 15
124 14
125 18
126 16
127 4
128 6
129 -2
130 7
131 15
132 13
133 19
134 16
135 6
136 6
137 1
138 -1
139 5
140 5
141 8
142 10
143 10
144 0
145 3
146 7
147 5
148 7
149 9
150 13
151 14
152 12
153 11
154 7
155 4
156 1
157 3
158 0
159 1
160 0
161 3
162 4
163 7
164 10
165 13
166 20
167 20
168 17
169 17
170 17
171 11
172 10
173 11
174 15
175 15
176 8
177 7
178 9
179 12
180 8
181 11
182 11
183 11
184 1
185 -3
186 6
187 9
188 4
189 4
190 8
191 8
192 5
193 9
194 2
195 0
196 -2
197 -4
198 -4
199 -4
200 -1
201 0
202 0
203 2
204 1
205 1
206 0
207 -2
208 -2
209 -4
210 -2
211 -3
212 2
213 1
214 2
215 4
216 7
217 9
218 10
219 13
220 21
221 7
222 7
223 6
224 8
225 7
226 5
227 3
228 4
229 2
230 4
231 11
232 15
233 15
234 6
235 2
236 3
237 3
238 3
239 4
240 4
241 1
242 3
243 2
244 3
245 0
246 -5
247 5
248 0
249 2
250 6
251 7
252 3
253 2
254 4
255 6
