0 2
1 4
2 3
3 0
4 0
5 -2
6 2
7 5
8 5
9 5
10 3
11 0
12 4
13 3
14 -1
15 2
16 0
17 0
18 0
19 1
20 5
21 5
22 7
23 5
24 4
25 4
26 16
27 26
28 23
29 23
30 8
31 11
32 18
33 19
34 7
35 6
36 7
37 8
38 10
39 1
40 -2
41 -1
42 -1
43 0
44 1
45 2
46 3
47 3
48 4
49 8
50 3
51 4
52 3
53 10
54 10
55 8
56 7
57 2
58 0
59 4
60 4
61 6
62 7
63 7
64 5
65 6
66 -3
67 -4
68 -5
69 7
70 7
71 9
72 0
73 -2
74 -3
75 -2
76 -2
77 -7
78 -1
79 -1
80 -1
81 6
82 -1
83 1
84 5
85 9
86 8
87 10
88 15
89 14
90 14
91 14
92 6
93 6
94 6
95 3
96 3
97 3
98 3
99 5
100 5
101 5
102 9
103 8
104 7
105 5
106 5
107 6
108 6
109 7
110 1
111 -3
112 -1
113 -1
114 -2
115 0
116 0
117 0
118 5
119 1
120 3
121 1
122 0
123 9
124 8
125 7
126 3
127 4
128 9
129 11
130 7
131 9
132 3
133 4
134 -2
135 -2
136 3
137 3
138 6
139 3
140 6
141 2
142 1
143 1
144 5
145 0
146 1
147 0
148 1
149 3
150 3
151 0
152 0
153 -1
154 0
155 -2
156 4
157 5
158 6
159 -12
160 -11
161 7
162 9
163 15
164 9
165 12
166 6
167 4
168 1
169 -1
170 0
171 4
172 4
173 5
174 -3
175 -3
176 -2
177 -1
178 -4
179 3
180 3
181 4
182 2
183 -4
184 -2
185 -4
186 -3
187 -5
188 -2
189 0
190 -4
191 6
192 9
193 1
194 2
195 -2
196 3
197 6
198 4
199 4
200 6
201 4
202 7
203 3
204 5
205 4
206 5
207 5
208 5
209 4
210 6
211 4
212 0
213 -2
214 -2
215 6
216 -3
217 -3
218 -5
219 -4
220 0
221 -2
222 1
223 2
224 1
225 3
226 12
227 9
228 11
229 10
230 8
231 6
232 4
233 3
234 1
235 -1
236 -3
237 -4
238 0
239 -1
240 4
241 1
242 1
243 -3
244 0
245 -1
246 5
247 -2
248 -2
249 -1
250 0
251 1
252 -2
253 -4
254 -5
255 5
