0 21
1 17
2 17
3 16
4 17
5 16
6 15
7 15
8 15
9 15
10 15
11 16
12 16
13 14
14 13
15 11
16 11
17 8
18 6
19 6
20 7
21 8
22 8
23 8
24 5
25 4
26 4
27 4
28 5
29 5
30 6
31 6
32 5
33 4
34 4
35 4
36 4
37 5
38 6
39 4
40 3
41 3
42 3
43 3
44 3
45 3
46 3
47 2
48 1
49 1
50 1
51 1
52 1
53 -3
54 -4
55 -5
56 -2
57 -5
58 -5
59 -4
60 2
61 2
62 2
63 1
64 2
65 2
66 -1
67 1
68 2
69 2
70 1
71 3
72 4
73 6
74 7
75 6
76 6
77 6
78 7
79 8
80 10
81 14
82 14
83 14
84 13
85 14
86 14
87 14
88 14
89 15
90 16
91 17
92 17
93 17
94 15
95 13
96 13
97 13
98 13
99 14
100 15
101 11
102 11
103 10
104 10
105 10
106 8
107 7
108 5
109 10
110 9
111 14
112 13
113 13
114 13
115 13
116 12
117 10
118 12
119 12
120 12
121 12
122 12
123 14
124 12
125 11
126 12
127 16
128 14
129 15
130 19
131 17
132 15
133 15
134 15
135 15
136 15
137 16
138 18
139 19
140 20
141 20
142 21
143 22
144 22
145 24
146 25
147 25
148 23
149 25
150 25
151 25
152 26
153 25
154 25
155 24
156 23
157 22
158 22
159 22
160 21
161 22
162 20
163 22
164 22
165 23
166 23
167 25
168 25
169 24
170 25
171 25
172 26
173 24
174 26
175 26
176 24
177 24
178 24
179 25
180 26
181 27
182 29
183 23
184 23
185 20
186 24
187 22
188 22
189 22
190 26
191 25
192 25
193 24
194 25
195 27
196 27
197 27
198 28
199 26
200 26
201 26
202 27
203 26
204 26
205 24
206 24
207 23
208 21
209 21
210 22
211 23
212 21
213 21
214 21
215 20
216 20
217 21
218 23
219 22
220 20
221 19
222 20
223 20
224 21
225 21
226 20
227 20
228 20
229 23
230 23
231 23
232 23
233 23
234 23
235 24
236 24
237 24
238 30
239 28
240 27
241 27
242 28
243 28
244 28
245 27
246 24
247 24
248 25
249 23
250 19
251 19
252 19
253 18
254 20
255 21
