0 26
1 21
2 22
3 18
4 20
5 20
6 21
7 18
8 18
9 18
10 9
11 6
12 10
13 12
14 15
15 12
16 10
17 12
18 10
19 7
20 7
21 11
22 15
23 13
24 20
25 14
26 15
27 16
28 20
29 21
30 21
31 21
32 23
33 19
34 20
35 15
36 13
37 2
38 5
39 1
40 7
41 15
42 10
43 9
44 13
45 12
46 8
47 7
48 8
49 0
50 -3
51 -3
52 -4
53 -7
54 2
55 -4
56 3
57 0
58 1
59 12
60 13
61 14
62 18
63 12
64 6
65 1
66 3
67 4
68 -2
69 -8
70 -6
71 -5
72 -8
73 -11
74 -10
75 -10
76 -10
77 0
78 5
79 5
80 3
81 2
82 3
83 5
84 4
85 -2
86 -2
87 6
88 11
89 9
90 2
91 2
92 4
93 4
94 2
95 2
96 3
97 1
98 4
99 8
100 14
101 18
102 6
103 7
104 9
105 9
106 13
107 13
108 2
109 1
110 -2
111 -9
112 3
113 0
114 0
115 0
116 -3
117 -5
118 3
119 -2
120 0
121 -4
122 -3
123 4
124 10
125 9
126 6
127 5
128 -3
129 5
130 0
131 -2
132 7
133 10
134 6
135 6
136 6
137 7
138 5
139 10
140 8
141 5
142 6
143 5
144 5
145 4
146 13
147 7
148 10
149 8
150 16
151 18
152 16
153 15
154 14
155 12
156 11
157 17
158 18
159 12
160 12
161 8
162 7
163 2
164 -5
165 2
166 0
167 5
168 6
169 2
170 3
171 4
172 14
173 14
174 15
175 15
176 10
177 7
178 7
179 14
180 18
181 15
182 4
183 -2
184 -6
185 5
186 2
187 1
188 9
189 5
190 5
191 2
192 0
193 -4
194 -5
195 2
196 3
197 3
198 1
199 7
200 14
201 15
202 11
203 11
204 -3
205 -3
206 -2
207 1
208 -1
209 -3
210 -3
211 -3
212 10
213 11
214 12
215 14
216 21
217 21
218 21
219 24
220 22
221 19
222 27
223 26
224 22
225 22
226 11
227 24
228 23
229 19
230 18
231 12
232 16
233 20
234 20
235 17
236 19
237 10
238 6
239 5
240 5
241 13
242 13
243 15
244 16
245 15
246 20
247 21
248 22
249 22
250 18
251 22
252 20
253 24
254 20
255 27
