0 15
1 19
2 12
3 12
4 11
5 14
6 10
7 10
8 9
9 11
10 12
11 11
12 14
13 13
14 14
15 23
16 28
17 29
18 25
19 25
20 24
21 28
22 29
23 28
24 26
25 26
26 26
27 29
28 30
29 32
30 29
31 29
32 33
33 35
34 35
35 33
36 33
37 35
38 33
39 31
40 31
41 33
42 23
43 20
44 21
45 22
46 22
47 19
48 18
49 14
50 10
51 11
52 11
53 9
54 9
55 10
56 12
57 13
58 15
59 19
60 14
61 9
62 4
63 4
64 1
65 2
66 -1
67 -7
68 -8
69 -5
70 -4
71 -4
72 0
73 -2
74 1
75 0
76 0
77 -2
78 -2
79 -1
80 -2
81 -7
82 -1
83 0
84 3
85 2
86 7
87 6
88 5
89 6
90 7
91 8
92 7
93 7
94 6
95 6
96 4
97 3
98 1
99 2
100 1
101 4
102 5
103 4
104 6
105 7
106 6
107 7
108 7
109 3
110 3
111 2
112 4
113 1
114 5
115 3
116 3
117 5
118 6
119 5
120 7
121 13
122 13
123 15
124 16
125 18
126 18
127 14
128 14
129 14
130 13
131 13
132 13
133 10
134 12
135 12
136 13
137 15
138 14
139 5
140 2
141 2
142 4
143 6
144 4
145 6
146 10
147 5
148 7
149 9
150 9
151 9
152 9
153 10
154 10
155 10
156 10
157 3
158 5
159 6
160 7
161 11
162 11
163 10
164 12
165 12
166 11
167 12
168 11
169 6
170 1
171 1
172 -1
173 -10
174 -9
175 -6
176 -4
177 -4
178 -1
179 -2
180 -2
181 -3
182 4
183 5
184 2
185 4
186 4
187 6
188 10
189 5
190 3
191 2
192 2
193 1
194 0
195 1
196 0
197 1
198 3
199 5
200 5
201 2
202 0
203 0
204 2
205 -1
206 -1
207 5
208 5
209 5
210 15
211 15
212 14
213 14
214 14
215 17
216 11
217 10
218 10
219 15
220 10
221 9
222 9
223 14
224 13
225 14
226 16
227 19
228 20
229 20
230 20
231 18
232 19
233 23
234 21
235 18
236 17
237 9
238 12
239 14
240 11
241 8
242 8
243 -2
244 1
245 7
246 8
247 8
248 10
249 11
250 11
251 4
252 5
253 5
254 9
255 14
