0 23
1 15
2 16
3 14
4 19
5 17
6 16
7 16
8 13
9 9
10 14
11 12
12 24
13 32
14 31
15 28
16 39
17 42
18 42
19 43
20 44
21 45
22 47
23 48
24 42
25 42
26 42
27 42
28 24
29 32
30 26
31 24
32 12
33 2
34 -2
35 -4
36 -12
37 -15
38 -15
39 -12
40 -14
41 -11
42 -3
43 4
44 1
45 -7
46 -7
47 -7
48 -2
49 -4
50 -5
51 -8
52 -7
53 1
54 3
55 2
56 5
57 4
58 3
59 4
60 0
61 3
62 4
63 -1
64 -9
65 -10
66 -9
67 -10
68 -3
69 0
70 0
71 0
72 -2
73 3
74 12
75 15
76 15
77 15
78 11
79 12
80 13
81 20
82 20
83 38
84 39
85 38
86 39
87 37
88 37
89 37
90 39
91 37
92 42
93 44
94 42
95 43
96 48
97 47
98 43
99 41
100 41
101 40
102 43
103 32
104 32
105 44
106 45
107 42
108 31
109 28
110 27
111 33
112 30
113 21
114 22
115 20
116 27
117 26
118 27
119 24
120 25
121 26
122 11
123 11
124 8
125 21
126 22
127 18
128 11
129 14
130 17
131 20
132 21
133 -2
134 -3
135 12
136 7
137 9
138 7
139 6
140 1
141 1
142 10
143 10
144 20
145 17
146 15
147 19
148 26
149 25
150 15
151 18
152 13
153 16
154 10
155 20
156 17
157 13
158 3
159 -1
160 -4
161 -1
162 -3
163 11
164 3
165 6
166 7
167 10
168 18
169 23
170 30
171 30
172 4
173 18
174 25
175 19
176 17
177 18
178 33
179 32
180 32
181 40
182 38
183 36
184 37
185 37
186 33
187 36
188 43
189 35
190 41
191 40
192 44
193 50
194 31
195 29
196 25
197 41
198 38
199 37
200 30
201 27
202 18
203 14
204 13
205 9
206 12
207 12
208 16
209 16
210 17
211 16
212 27
213 27
214 17
215 22
216 18
217 18
218 18
219 17
220 9
221 12
222 12
223 9
224 8
225 9
226 20
227 18
228 20
229 -2
230 2
231 3
232 -4
233 1
234 12
235 6
236 10
237 22
238 35
239 37
240 31
241 41
242 41
243 48
244 49
245 51
246 53
247 50
248 47
249 37
250 38
251 34
252 40
253 35
254 26
255 28
