0 61
1 66
2 71
3 77
4 73
5 74
6 67
7 52
8 49
9 46
10 50
11 48
12 49
13 49
14 49
15 49
16 45
17 46
18 55
19 67
20 59
21 60
22 61
23 60
24 58
25 59
26 61
27 66
28 68
29 56
30 51
31 48
32 47
33 55
34 55
35 55
36 60
37 57
38 56
39 58
40 49
41 49
42 36
43 41
44 39
45 38
46 44
47 44
48 45
49 46
50 47
51 49
52 51
53 53
54 56
55 57
56 59
57 56
58 59
59 59
60 63
61 63
62 57
63 50
64 50
65 39
66 44
67 43
68 43
69 40
70 45
71 43
72 31
73 32
74 35
75 39
76 31
77 31
78 34
79 38
80 45
81 33
82 38
83 44
84 48
85 39
86 40
87 59
88 59
89 55
90 59
91 58
92 57
93 55
94 55
95 48
96 49
97 49
98 50
99 39
100 39
101 34
102 32
103 40
104 35
105 40
106 42
107 36
108 41
109 34
110 36
111 40
112 42
113 33
114 21
115 27
116 29
117 31
118 27
119 27
120 20
121 21
122 20
123 20
124 24
125 21
126 24
127 26
128 31
129 26
130 26
131 34
132 32
133 32
134 28
135 36
136 38
137 38
138 40
139 39
140 50
141 49
142 53
143 48
144 48
145 50
146 52
147 46
148 49
149 54
150 59
151 56
152 53
153 53
154 48
155 41
156 46
157 42
158 41
159 36
160 34
161 28
162 25
163 27
164 28
165 28
166 26
167 31
168 35
169 44
170 58
171 59
172 52
173 52
174 31
175 17
176 27
177 31
178 13
179 17
180 7
181 0
182 -19
183 -21
184 -20
185 -21
186 -21
187 -11
188 -14
189 -16
190 -14
191 -28
192 -27
193 -41
194 -55
195 -52
196 -62
197 -63
198 -48
199 -49
200 -48
201 -48
202 -38
203 -23
204 -20
205 -19
206 -14
207 -6
208 0
209 2
210 9
211 12
212 22
213 24
214 28
215 40
216 37
217 39
218 34
219 42
220 38
221 35
222 38
223 32
224 28
225 31
226 28
227 27
228 31
229 32
230 20
231 27
232 29
233 30
234 29
235 20
236 21
237 22
238 29
239 29
240 24
241 26
242 34
243 42
244 45
245 73
246 77
247 70
248 66
249 61
250 60
251 53
252 58
253 59
254 66
255 62
