0 -1
1 8
2 15
3 13
4 13
5 12
6 11
7 8
8 9
9 7
10 3
11 1
12 0
13 -2
14 4
15 2
16 5
17 7
18 8
19 5
20 -4
21 -3
22 0
23 1
24 1
25 0
26 3
27 5
28 1
29 1
30 0
31 0
32 1
33 -2
34 -1
35 -5
36 -3
37 -2
38 -2
39 -2
40 5
41 7
42 1
43 -7
44 -7
45 0
46 1
47 2
48 12
49 12
50 13
51 8
52 8
53 6
54 6
55 4
56 3
57 3
58 4
59 6
60 6
61 7
62 6
63 -7
64 -2
65 1
66 1
67 -2
68 4
69 3
70 9
71 8
72 8
73 8
74 2
75 7
76 6
77 2
78 1
79 2
80 -1
81 -2
82 -6
83 -6
84 -6
85 1
86 3
87 5
88 6
89 10
90 7
91 -3
92 -1
93 2
94 -4
95 -7
96 -5
97 -2
98 -7
99 -1
100 -1
101 1
102 2
103 3
104 2
105 -2
106 -5
107 -3
108 -2
109 0
110 1
111 2
112 3
113 4
114 4
115 5
116 2
117 1
118 1
119 2
120 1
121 4
122 -3
123 16
124 19
125 14
126 8
127 9
128 8
129 11
130 13
131 5
132 5
133 -1
134 -4
135 1
136 0
137 1
138 4
139 3
140 3
141 0
142 13
143 6
144 8
145 7
146 9
147 9
148 6
149 8
150 14
151 12
152 12
153 9
154 12
155 13
156 15
157 6
158 6
159 9
160 5
161 -7
162 -4
163 -6
164 -3
165 3
166 6
167 5
168 13
169 12
170 1
171 -2
172 -2
173 -3
174 3
175 3
176 0
177 0
178 13
179 6
180 10
181 3
182 7
183 5
184 11
185 10
186 11
187 6
188 11
189 11
190 7
191 5
192 4
193 -4
194 -3
195 0
196 0
197 -4
198 4
199 4
200 4
201 3
202 7
203 6
204 2
205 1
206 3
207 6
208 5
209 5
210 -1
211 -3
212 -1
213 -1
214 1
215 1
216 2
217 0
218 6
219 7
220 5
221 7
222 -2
223 0
224 1
225 3
226 1
227 -4
228 -4
229 4
230 3
231 6
232 5
233 -2
234 3
235 4
236 4
237 4
238 4
239 6
240 0
241 3
242 3
243 5
244 7
245 11
246 14
247 12
248 5
249 -2
250 1
251 -2
252 -2
253 -1
254 -2
255 1
