0 2
1 -3
2 -10
3 -10
4 -11
5 -10
6 -3
7 0
8 3
9 3
10 5
11 6
12 4
13 2
14 1
15 2
16 4
17 1
18 1
19 -1
20 2
21 0
22 0
23 0
24 5
25 6
26 10
27 13
28 13
29 13
30 13
31 14
32 13
33 10
34 12
35 7
36 7
37 7
38 7
39 9
40 9
41 8
42 13
43 12
44 10
45 10
46 4
47 5
48 4
49 3
50 10
51 7
52 7
53 6
54 6
55 1
56 6
57 4
58 5
59 7
60 6
61 7
62 3
63 3
64 4
65 6
66 12
67 15
68 16
69 10
70 13
71 2
72 1
73 1
74 -3
75 8
76 14
77 13
78 14
79 12
80 7
81 7
82 6
83 4
84 4
85 13
86 10
87 -1
88 -1
89 3
90 5
91 4
92 10
93 12
94 14
95 14
96 12
97 17
98 17
99 16
100 14
101 13
102 12
103 13
104 12
105 14
106 21
107 21
108 20
109 18
110 15
111 22
112 18
113 19
114 16
115 19
116 22
117 22
118 23
119 28
120 18
121 18
122 20
123 4
124 -4
125 0
126 2
127 0
128 2
129 7
130 6
131 4
132 2
133 3
134 5
135 4
136 5
137 5
138 7
139 4
140 5
141 5
142 8
143 3
144 3
145 3
146 0
147 0
148 5
149 7
150 8
151 6
152 10
153 4
154 4
155 6
156 11
157 15
158 15
159 14
160 17
161 19
162 20
163 19
164 24
165 24
166 22
167 21
168 20
169 26
170 31
171 31
172 31
173 37
174 37
175 36
176 28
177 32
178 25
179 20
180 20
181 20
182 18
183 10
184 12
185 14
186 11
187 11
188 13
189 13
190 13
191 4
192 5
193 5
194 3
195 11
196 11
197 16
198 17
199 17
200 12
201 14
202 14
203 10
204 13
205 15
206 14
207 14
208 14
209 9
210 19
211 16
212 15
213 11
214 7
215 7
216 5
217 -3
218 -3
219 -3
220 -1
221 1
222 1
223 5
224 4
225 8
226 4
227 -3
228 -4
229 -6
230 -5
231 2
232 0
233 -2
234 5
235 2
236 4
237 3
238 5
239 6
240 6
241 6
242 3
243 2
244 6
245 8
246 9
247 7
248 6
249 6
250 7
251 5
252 8
253 8
254 3
255 0
