0 17
1 17
2 13
3 16
4 13
5 14
6 13
7 15
8 12
9 9
10 3
11 1
12 3
13 4
14 4
15 6
16 6
17 6
18 5
19 5
20 4
21 5
22 5
23 2
24 2
25 3
26 6
27 0
28 0
29 0
30 1
31 1
32 1
33 2
34 2
35 2
36 -1
37 2
38 9
39 8
40 0
41 -1
42 0
43 -2
44 -1
45 -3
46 -3
47 -1
48 0
49 -1
50 -3
51 -1
52 0
53 3
54 11
55 2
56 3
57 3
58 3
59 4
60 4
61 7
62 6
63 6
64 4
65 10
66 8
67 7
68 7
69 9
70 10
71 6
72 3
73 7
74 9
75 8
76 1
77 1
78 -3
79 -1
80 1
81 3
82 3
83 -1
84 1
85 2
86 3
87 3
88 1
89 -4
90 0
91 1
92 -2
93 1
94 1
95 2
96 1
97 0
98 0
99 1
100 3
101 7
102 18
103 11
104 10
105 6
106 8
107 1
108 2
109 5
110 0
111 -4
112 -1
113 2
114 1
115 -1
116 0
117 1
118 -1
119 1
120 6
121 4
122 10
123 7
124 6
125 6
126 4
127 4
128 4
129 2
130 3
131 1
132 3
133 2
134 3
135 0
136 0
137 -1
138 -2
139 -5
140 -4
141 0
142 -2
143 5
144 1
145 1
146 -2
147 -1
148 2
149 0
150 -2
151 -3
152 -3
153 -1
154 -2
155 -3
156 0
157 1
158 2
159 5
160 1
161 3
162 3
163 3
164 3
165 8
166 7
167 7
168 0
169 0
170 0
171 -3
172 2
173 3
174 6
175 9
176 4
177 3
178 3
179 11
180 14
181 12
182 12
183 14
184 17
185 17
186 16
187 17
188 22
189 20
190 20
191 17
192 13
193 13
194 13
195 13
196 11
197 11
198 11
199 11
200 16
201 21
202 20
203 20
204 19
205 20
206 13
207 14
208 16
209 16
210 17
211 16
212 17
213 20
214 17
215 15
216 14
217 11
218 12
219 12
220 14
221 18
222 19
223 13
224 15
225 14
226 8
227 6
228 13
229 13
230 8
231 10
232 10
233 15
234 21
235 19
236 24
237 30
238 31
239 32
240 31
241 30
242 29
243 30
244 27
245 26
246 28
247 29
248 20
249 20
250 20
251 20
252 18
253 17
254 17
255 16
