0 1
1 1
2 0
3 -1
4 -1
5 0
6 0
7 2
8 1
9 2
10 2
11 1
12 1
13 2
14 2
15 1
16 0
17 0
18 2
19 2
20 2
21 2
22 1
23 1
24 0
25 1
26 1
27 -1
28 0
29 1
30 1
31 0
32 0
33 0
34 0
35 1
36 1
37 0
38 0
39 1
40 0
41 0
42 1
43 1
44 2
45 1
46 -1
47 0
48 2
49 3
50 3
51 3
52 4
53 4
54 4
55 2
56 0
57 0
58 2
59 -2
60 -2
61 1
62 1
63 0
64 0
65 1
66 -1
67 -1
68 -3
69 -2
70 -1
71 -1
72 0
73 0
74 0
75 -2
76 -3
77 -3
78 -3
79 -2
80 -2
81 -1
82 -1
83 -1
84 0
85 0
86 0
87 1
88 1
89 3
90 1
91 1
92 1
93 1
94 1
95 1
96 0
97 0
98 1
99 1
100 1
101 2
102 2
103 1
104 -2
105 -2
106 -2
107 -2
108 -1
109 1
110 2
111 2
112 2
113 2
114 2
115 0
116 0
117 0
118 -1
119 1
120 0
121 -1
122 2
123 2
124 3
125 1
126 0
127 1
128 0
129 0
130 0
131 0
132 0
133 0
134 0
135 0
136 1
137 2
138 1
139 1
140 1
141 -1
142 -1
143 -2
144 -1
145 1
146 1
147 1
148 1
149 0
150 0
151 0
152 1
153 1
154 0
155 2
156 0
157 1
158 1
159 2
160 1
161 0
162 0
163 0
164 0
165 1
166 0
167 1
168 1
169 1
170 1
171 1
172 1
173 0
174 0
175 1
176 0
177 -1
178 0
179 0
180 -1
181 0
182 0
183 2
184 1
185 0
186 0
187 0
188 -1
189 -1
190 1
191 1
192 0
193 -1
194 0
195 1
196 0
197 1
198 0
199 0
200 -1
201 2
202 1
203 0
204 0
205 0
206 0
207 0
208 0
209 0
210 0
211 0
212 0
213 0
214 0
215 0
216 0
217 1
218 2
219 1
220 -1
221 -1
222 -1
223 1
224 2
225 2
226 1
227 1
228 1
229 0
230 2
231 3
232 3
233 2
234 1
235 1
236 1
237 1
238 0
239 0
240 0
241 0
242 0
243 1
244 0
245 0
246 0
247 1
248 1
249 -1
250 0
251 0
252 -2
253 -2
254 -2
255 1
