0 3
1 0
2 -2
3 4
4 7
5 8
6 7
7 4
8 0
9 -2
10 -3
11 1
12 3
13 1
14 1
15 3
16 6
17 -1
18 -5
19 -4
20 -6
21 -2
22 2
23 9
24 0
25 6
26 2
27 -1
28 0
29 1
30 6
31 6
32 3
33 9
34 3
35 4
36 2
37 2
38 -5
39 4
40 14
41 10
42 4
43 8
44 14
45 15
46 21
47 21
48 19
49 19
50 14
51 12
52 -2
53 5
54 5
55 10
56 2
57 5
58 5
59 11
60 18
61 17
62 17
63 18
64 19
65 17
66 13
67 3
68 -2
69 12
70 9
71 0
72 8
73 10
74 0
75 0
76 -4
77 -12
78 -7
79 2
80 5
81 11
82 8
83 4
84 6
85 0
86 -1
87 5
88 3
89 3
90 7
91 -3
92 -3
93 1
94 1
95 -3
96 3
97 7
98 6
99 9
100 3
101 0
102 -6
103 4
104 -3
105 -13
106 -7
107 -6
108 -7
109 2
110 -3
111 -1
112 0
113 -2
114 -3
115 0
116 -1
117 -1
118 5
119 6
120 12
121 11
122 7
123 3
124 9
125 4
126 10
127 14
128 18
129 18
130 3
131 12
132 10
133 6
134 4
135 3
136 6
137 6
138 6
139 9
140 10
141 9
142 8
143 6
144 9
145 14
146 10
147 9
148 3
149 7
150 12
151 10
152 17
153 4
154 7
155 10
156 5
157 6
158 11
159 8
160 6
161 5
162 5
163 -3
164 -2
165 -1
166 0
167 -9
168 5
169 4
170 1
171 -2
172 -3
173 1
174 0
175 -10
176 -9
177 -11
178 1
179 9
180 5
181 15
182 5
183 5
184 12
185 12
186 18
187 16
188 1
189 2
190 -4
191 2
192 13
193 3
194 12
195 9
196 1
197 7
198 7
199 14
200 6
201 9
202 10
203 -3
204 -3
205 -8
206 -11
207 -6
208 -2
209 3
210 4
211 5
212 5
213 11
214 7
215 6
216 9
217 12
218 13
219 -2
220 1
221 2
222 2
223 2
224 3
225 -1
226 6
227 5
228 6
229 12
230 10
231 1
232 9
233 3
234 8
235 9
236 2
237 -3
238 6
239 1
240 1
241 -4
242 15
243 19
244 14
245 10
246 20
247 17
248 17
249 16
250 19
251 18
252 17
253 13
254 10
255 11
