0 48
1 36
2 35
3 34
4 37
5 50
6 49
7 47
8 41
9 43
10 45
11 39
12 46
13 37
14 34
15 40
16 40
17 52
18 49
19 48
20 47
21 45
22 48
23 55
24 57
25 70
26 70
27 98
28 99
29 98
30 93
31 97
32 98
33 101
34 90
35 87
36 86
37 86
38 73
39 62
40 62
41 66
42 54
43 50
44 50
45 52
46 51
47 27
48 29
49 29
50 18
51 15
52 13
53 14
54 -3
55 -2
56 8
57 16
58 18
59 17
60 11
61 11
62 8
63 4
64 6
65 14
66 16
67 19
68 19
69 21
70 26
71 38
72 39
73 36
74 38
75 39
76 34
77 35
78 31
79 35
80 45
81 36
82 30
83 26
84 36
85 36
86 27
87 27
88 38
89 40
90 46
91 45
92 50
93 48
94 52
95 50
96 43
97 40
98 47
99 41
100 40
101 43
102 42
103 37
104 39
105 52
106 54
107 55
108 63
109 64
110 61
111 57
112 60
113 70
114 69
115 61
116 72
117 52
118 56
119 58
120 50
121 44
122 41
123 26
124 20
125 30
126 31
127 33
128 36
129 36
130 29
131 29
132 28
133 31
134 29
135 27
136 28
137 28
138 26
139 40
140 45
141 46
142 42
143 49
144 64
145 74
146 72
147 71
148 73
149 70
150 76
151 77
152 70
153 72
154 67
155 62
156 61
157 62
158 64
159 66
160 66
161 70
162 67
163 68
164 70
165 77
166 68
167 64
168 63
169 60
170 69
171 67
172 72
173 83
174 88
175 101
176 101
177 94
178 94
179 90
180 81
181 80
182 84
183 86
184 92
185 89
186 97
187 85
188 86
189 86
190 85
191 80
192 85
193 69
194 65
195 62
196 52
197 50
198 42
199 39
200 38
201 33
202 34
203 24
204 25
205 28
206 27
207 26
208 26
209 27
210 24
211 29
212 29
213 31
214 29
215 30
216 27
217 19
218 16
219 28
220 27
221 36
222 38
223 34
224 53
225 58
226 57
227 53
228 55
229 44
230 46
231 45
232 35
233 33
234 35
235 35
236 36
237 28
238 30
239 36
240 30
241 30
242 26
243 24
244 28
245 29
246 39
247 38
248 42
249 41
250 45
251 47
252 46
253 44
254 45
255 47
