0 -1
1 0
2 1
3 0
4 -1
5 -5
6 -6
7 -8
8 -7
9 -5
10 -3
11 -1
12 0
13 4
14 -2
15 -2
16 1
17 0
18 5
19 4
20 8
21 11
22 18
23 17
24 21
25 30
26 28
27 29
28 31
29 24
30 24
31 24
32 23
33 17
34 17
35 22
36 21
37 21
38 27
39 27
40 20
41 18
42 21
43 22
44 20
45 22
46 21
47 23
48 19
49 22
50 25
51 26
52 25
53 18
54 20
55 18
56 18
57 22
58 23
59 17
60 18
61 19
62 19
63 23
64 17
65 14
66 11
67 12
68 13
69 12
70 15
71 15
72 15
73 17
74 18
75 14
76 18
77 18
78 20
79 21
80 22
81 23
82 23
83 23
84 19
85 19
86 20
87 27
88 28
89 28
90 29
91 25
92 24
93 26
94 28
95 29
96 30
97 29
98 34
99 36
100 37
101 44
102 45
103 46
104 46
105 46
106 50
107 49
108 51
109 48
110 46
111 49
112 51
113 50
114 48
115 51
116 50
117 53
118 53
119 47
120 48
121 49
122 50
123 52
124 52
125 56
126 54
127 56
128 58
129 50
130 49
131 49
132 53
133 57
134 58
135 60
136 62
137 64
138 62
139 62
140 64
141 64
142 63
143 63
144 63
145 70
146 69
147 65
148 69
149 74
150 71
151 64
152 64
153 66
154 63
155 57
156 58
157 48
158 47
159 47
160 45
161 43
162 45
163 48
164 50
165 46
166 49
167 53
168 48
169 51
170 50
171 48
172 40
173 34
174 35
175 31
176 32
177 38
178 38
179 43
180 44
181 40
182 40
183 39
184 37
185 38
186 35
187 35
188 33
189 38
190 39
191 39
192 41
193 41
194 39
195 46
196 46
197 45
198 46
199 44
200 36
201 35
202 35
203 36
204 33
205 33
206 33
207 33
208 33
209 33
210 32
211 23
212 34
213 26
214 26
215 19
216 24
217 24
218 25
219 26
220 29
221 30
222 34
223 31
224 31
225 31
226 28
227 24
228 24
229 24
230 25
231 29
232 26
233 26
234 28
235 26
236 23
237 27
238 17
239 12
240 14
241 15
242 17
243 18
244 8
245 4
246 5
247 0
248 -2
249 -2
250 -2
251 -4
252 -6
253 -8
254 -6
255 -1
