0 -4
1 -3
2 -4
3 -4
4 -1
5 -1
6 4
7 16
8 17
9 11
10 18
11 22
12 24
13 21
14 23
15 22
16 24
17 38
18 34
19 36
20 35
21 30
22 25
23 28
24 16
25 13
26 12
27 4
28 6
29 5
30 5
31 12
32 15
33 9
34 4
35 11
36 9
37 15
38 12
39 12
40 5
41 5
42 3
43 7
44 8
45 8
46 9
47 6
48 5
49 9
50 15
51 16
52 20
53 16
54 17
55 17
56 18
57 2
58 9
59 12
60 7
61 7
62 6
63 3
64 1
65 4
66 0
67 7
68 19
69 21
70 25
71 27
72 33
73 32
74 34
75 34
76 48
77 43
78 39
79 35
80 33
81 32
82 39
83 37
84 33
85 35
86 33
87 35
88 38
89 36
90 38
91 37
92 35
93 35
94 35
95 35
96 34
97 36
98 32
99 30
100 27
101 31
102 31
103 34
104 41
105 43
106 39
107 41
108 37
109 34
110 29
111 29
112 29
113 28
114 29
115 29
116 41
117 50
118 58
119 70
120 65
121 65
122 66
123 70
124 71
125 77
126 80
127 74
128 75
129 74
130 74
131 82
132 77
133 78
134 79
135 82
136 82
137 86
138 81
139 57
140 54
141 56
142 55
143 52
144 50
145 43
146 45
147 47
148 44
149 52
150 50
151 52
152 56
153 54
154 55
155 51
156 50
157 61
158 60
159 56
160 57
161 62
162 63
163 61
164 62
165 59
166 61
167 57
168 58
169 57
170 57
171 58
172 63
173 61
174 66
175 62
176 66
177 66
178 71
179 64
180 60
181 52
182 49
183 48
184 48
185 54
186 64
187 61
188 60
189 58
190 65
191 65
192 67
193 70
194 70
195 71
196 69
197 71
198 72
199 71
200 64
201 49
202 51
203 48
204 48
205 42
206 58
207 58
208 58
209 55
210 57
211 65
212 77
213 75
214 67
215 71
216 66
217 63
218 52
219 47
220 44
221 34
222 29
223 28
224 30
225 28
226 25
227 23
228 24
229 23
230 10
231 14
232 13
233 10
234 9
235 7
236 15
237 -5
238 -8
239 0
240 1
241 2
242 10
243 -3
244 -3
245 1
246 -2
247 -1
248 -1
249 0
250 4
251 5
252 -1
253 -9
254 -5
255 -8
