0 2
1 4
2 4
3 4
4 4
5 -3
6 1
7 6
8 6
9 6
10 6
11 4
12 4
13 2
14 2
15 2
16 0
17 -2
18 0
19 2
20 4
21 4
22 1
23 3
24 3
25 3
26 -1
27 -2
28 -1
29 -1
30 -1
31 -1
32 0
33 2
34 1
35 1
36 8
37 7
38 7
39 7
40 4
41 3
42 7
43 13
44 14
45 13
46 12
47 12
48 8
49 8
50 6
51 5
52 4
53 2
54 -2
55 -3
56 0
57 2
58 4
59 3
60 4
61 4
62 5
63 4
64 3
65 4
66 4
67 3
68 2
69 4
70 4
71 2
72 2
73 0
74 -2
75 -3
76 -3
77 -2
78 2
79 -6
80 1
81 3
82 1
83 2
84 2
85 2
86 5
87 3
88 1
89 6
90 6
91 5
92 3
93 5
94 3
95 3
96 2
97 1
98 3
99 3
100 0
101 2
102 2
103 4
104 3
105 3
106 3
107 2
108 2
109 3
110 2
111 -1
112 10
113 8
114 7
115 6
116 6
117 1
118 3
119 2
120 3
121 2
122 1
123 1
124 -2
125 1
126 0
127 1
128 3
129 8
130 7
131 7
132 7
133 5
134 4
135 4
136 4
137 2
138 0
139 1
140 3
141 2
142 3
143 4
144 -1
145 -1
146 -1
147 1
148 1
149 3
150 3
151 4
152 4
153 4
154 2
155 5
156 3
157 2
158 1
159 0
160 0
161 -3
162 -1
163 1
164 1
165 2
166 6
167 6
168 6
169 4
170 0
171 5
172 5
173 8
174 2
175 2
176 6
177 5
178 1
179 2
180 3
181 7
182 7
183 6
184 7
185 7
186 8
187 8
188 1
189 3
190 3
191 3
192 3
193 4
194 6
195 -1
196 0
197 0
198 1
199 1
200 -2
201 -1
202 -2
203 -2
204 -3
205 -2
206 -2
207 -3
208 0
209 -1
210 -1
211 -1
212 -1
213 -2
214 -5
215 -2
216 -1
217 0
218 0
219 0
220 1
221 -3
222 -1
223 0
224 0
225 1
226 3
227 7
228 8
229 6
230 6
231 6
232 6
233 4
234 7
235 7
236 6
237 7
238 10
239 8
240 0
241 4
242 5
243 3
244 0
245 -1
246 1
247 0
248 2
249 -1
250 -2
251 -3
252 -4
253 -2
254 0
255 0
