0 8
1 8
2 8
3 8
4 8
5 9
6 9
7 9
8 11
9 11
10 12
11 13
12 12
13 12
14 12
15 14
16 14
17 13
18 13
19 12
20 12
21 12
22 14
23 15
24 12
25 11
26 11
27 9
28 10
29 10
30 7
31 7
32 8
33 8
34 5
35 4
36 3
37 4
38 4
39 5
40 9
41 9
42 8
43 8
44 8
45 8
46 8
47 7
48 9
49 10
50 9
51 9
52 9
53 7
54 5
55 4
56 4
57 4
58 2
59 -1
60 -2
61 -3
62 -3
63 -3
64 -2
65 -1
66 -1
67 0
68 -1
69 1
70 1
71 1
72 2
73 2
74 2
75 2
76 3
77 4
78 4
79 4
80 6
81 5
82 1
83 -1
84 1
85 0
86 2
87 2
88 1
89 1
90 0
91 -1
92 0
93 -1
94 0
95 -1
96 -2
97 -2
98 -3
99 -3
100 -3
101 -4
102 -4
103 -4
104 -2
105 -1
106 0
107 0
108 0
109 0
110 1
111 1
112 0
113 0
114 1
115 1
116 1
117 1
118 1
119 -1
120 1
121 1
122 2
123 0
124 -1
125 1
126 1
127 1
128 2
129 -1
130 -1
131 -1
132 -1
133 -1
134 2
135 2
136 2
137 2
138 2
139 3
140 2
141 2
142 2
143 2
144 3
145 1
146 0
147 0
148 0
149 0
150 0
151 -1
152 -1
153 0
154 1
155 2
156 2
157 4
158 4
159 4
160 1
161 2
162 2
163 2
164 2
165 2
166 4
167 5
168 9
169 9
170 10
171 10
172 10
173 8
174 8
175 8
176 6
177 8
178 7
179 7
180 9
181 9
182 7
183 8
184 7
185 4
186 4
187 4
188 10
189 10
190 10
191 10
192 12
193 12
194 9
195 8
196 12
197 12
198 12
199 13
200 12
201 12
202 12
203 12
204 11
205 10
206 12
207 11
208 8
209 8
210 8
211 11
212 10
213 10
214 11
215 13
216 11
217 11
218 12
219 11
220 13
221 14
222 14
223 14
224 14
225 14
226 14
227 14
228 14
229 15
230 15
231 14
232 14
233 15
234 15
235 15
236 17
237 15
238 13
239 13
240 15
241 17
242 16
243 16
244 16
245 15
246 15
247 14
248 12
249 12
250 13
251 11
252 11
253 12
254 11
255 8
