0 49
1 50
2 53
3 51
4 52
5 51
6 52
7 50
8 50
9 49
10 49
11 50
12 54
13 51
14 43
15 44
16 45
17 55
18 58
19 57
20 56
21 55
22 55
23 57
24 58
25 56
26 56
27 54
28 52
29 53
30 52
31 52
32 59
33 57
34 58
35 57
36 60
37 59
38 59
39 60
40 59
41 54
42 56
43 46
44 47
45 42
46 44
47 44
48 41
49 44
50 41
51 42
52 43
53 45
54 49
55 54
56 59
57 63
58 70
59 86
60 86
61 87
62 91
63 93
64 99
65 94
66 89
67 88
68 85
69 86
70 84
71 87
72 77
73 80
74 78
75 75
76 74
77 72
78 70
79 70
80 66
81 60
82 57
83 58
84 66
85 65
86 66
87 64
88 64
89 65
90 63
91 58
92 63
93 61
94 54
95 56
96 54
97 56
98 48
99 48
100 48
101 52
102 55
103 57
104 56
105 56
106 56
107 50
108 52
109 53
110 53
111 54
112 48
113 50
114 49
115 37
116 40
117 34
118 33
119 30
120 34
121 35
122 32
123 38
124 36
125 37
126 43
127 43
128 43
129 44
130 45
131 53
132 52
133 50
134 47
135 51
136 45
137 47
138 43
139 44
140 52
141 55
142 54
143 54
144 59
145 58
146 56
147 58
148 57
149 59
150 60
151 57
152 57
153 59
154 51
155 47
156 47
157 57
158 54
159 53
160 52
161 56
162 67
163 65
164 55
165 53
166 45
167 45
168 39
169 40
170 38
171 22
172 18
173 16
174 2
175 1
176 5
177 5
178 9
179 4
180 5
181 1
182 3
183 5
184 3
185 5
186 7
187 7
188 8
189 19
190 16
191 13
192 15
193 13
194 14
195 15
196 14
197 15
198 18
199 27
200 26
201 36
202 39
203 32
204 44
205 44
206 44
207 43
208 41
209 37
210 48
211 51
212 52
213 53
214 44
215 43
216 49
217 52
218 51
219 53
220 61
221 62
222 62
223 63
224 53
225 52
226 54
227 49
228 47
229 46
230 49
231 51
232 52
233 39
234 39
235 43
236 41
237 41
238 42
239 42
240 37
241 40
242 40
243 32
244 29
245 24
246 27
247 29
248 30
249 28
250 25
251 21
252 23
253 32
254 36
255 43
