0 36
1 43
2 48
3 51
4 56
5 57
6 58
7 55
8 47
9 39
10 28
11 30
12 29
13 24
14 26
15 22
16 31
17 30
18 30
19 28
20 26
21 27
22 27
23 24
24 22
25 20
26 19
27 14
28 18
29 11
30 22
31 20
32 20
33 22
34 23
35 31
36 34
37 34
38 38
39 47
40 43
41 40
42 29
43 29
44 31
45 34
46 20
47 21
48 21
49 23
50 31
51 34
52 34
53 6
54 -1
55 -1
56 -9
57 -5
58 -7
59 -3
60 -3
61 -7
62 -11
63 -2
64 -2
65 2
66 -19
67 -21
68 -24
69 -26
70 -15
71 -18
72 -11
73 -1
74 7
75 9
76 7
77 0
78 0
79 8
80 -2
81 -2
82 -19
83 -13
84 -8
85 -1
86 6
87 16
88 18
89 17
90 15
91 4
92 5
93 6
94 2
95 0
96 3
97 4
98 4
99 5
100 3
101 7
102 7
103 15
104 23
105 31
106 37
107 35
108 37
109 27
110 24
111 26
112 32
113 32
114 41
115 39
116 41
117 57
118 46
119 29
120 48
121 64
122 72
123 69
124 69
125 72
126 65
127 51
128 41
129 42
130 44
131 48
132 46
133 42
134 45
135 41
136 33
137 20
138 24
139 9
140 9
141 23
142 16
143 13
144 20
145 19
146 24
147 26
148 21
149 28
150 25
151 25
152 9
153 10
154 10
155 12
156 12
157 0
158 -3
159 -8
160 -4
161 1
162 -2
163 4
164 1
165 -1
166 -1
167 12
168 15
169 15
170 13
171 8
172 11
173 10
174 8
175 -1
176 1
177 -10
178 -15
179 -11
180 -12
181 -11
182 -15
183 -11
184 -10
185 -3
186 -8
187 4
188 2
189 1
190 3
191 4
192 7
193 8
194 10
195 6
196 7
197 29
198 27
199 25
200 22
201 22
202 19
203 18
204 15
205 26
206 25
207 32
208 32
209 32
210 32
211 32
212 22
213 24
214 26
215 25
216 36
217 37
218 37
219 35
220 34
221 34
222 29
223 25
224 21
225 13
226 11
227 12
228 39
229 46
230 43
231 41
232 46
233 45
234 45
235 42
236 46
237 42
238 47
239 46
240 45
241 40
242 38
243 40
244 35
245 32
246 30
247 34
248 33
249 32
250 40
251 43
252 49
253 46
254 40
255 40
