0 28
1 27
2 25
3 28
4 38
5 40
6 28
7 25
8 28
9 31
10 28
11 27
12 31
13 32
14 35
15 40
16 37
17 40
18 47
19 29
20 18
21 21
22 12
23 8
24 34
25 35
26 40
27 50
28 43
29 39
30 51
31 57
32 44
33 40
34 47
35 43
36 43
37 41
38 45
39 45
40 48
41 46
42 47
43 50
44 43
45 46
46 53
47 64
48 67
49 69
50 70
51 68
52 81
53 83
54 57
55 57
56 51
57 45
58 48
59 63
60 59
61 56
62 52
63 52
64 52
65 45
66 38
67 33
68 35
69 29
70 26
71 23
72 25
73 24
74 17
75 19
76 29
77 27
78 26
79 28
80 24
81 33
82 36
83 37
84 37
85 42
86 45
87 45
88 50
89 52
90 52
91 53
92 34
93 40
94 41
95 35
96 34
97 39
98 44
99 41
100 40
101 42
102 43
103 43
104 43
105 47
106 39
107 38
108 33
109 45
110 45
111 43
112 41
113 45
114 46
115 43
116 45
117 47
118 54
119 53
120 38
121 36
122 35
123 37
124 38
125 28
126 26
127 25
128 25
129 18
130 13
131 8
132 13
133 13
134 6
135 4
136 12
137 14
138 15
139 21
140 18
141 2
142 6
143 -4
144 -5
145 -3
146 3
147 -2
148 3
149 9
150 9
151 7
152 7
153 7
154 3
155 -3
156 2
157 0
158 9
159 12
160 15
161 13
162 11
163 8
164 12
165 9
166 5
167 -2
168 -3
169 -2
170 -1
171 -2
172 -15
173 -18
174 -19
175 -10
176 -12
177 4
178 3
179 11
180 20
181 18
182 8
183 10
184 8
185 13
186 12
187 11
188 18
189 24
190 31
191 22
192 18
193 16
194 15
195 16
196 23
197 23
198 20
199 27
200 29
201 31
202 33
203 32
204 26
205 25
206 22
207 27
208 23
209 24
210 11
211 11
212 18
213 27
214 27
215 29
216 35
217 38
218 21
219 30
220 22
221 3
222 2
223 19
224 15
225 14
226 11
227 10
228 7
229 4
230 2
231 1
232 -8
233 -9
234 11
235 12
236 9
237 15
238 16
239 21
240 18
241 14
242 14
243 13
244 13
245 16
246 25
247 23
248 16
249 14
250 17
251 17
252 13
253 24
254 26
255 23
