0 4
1 8
2 4
3 1
4 1
5 -4
6 -4
7 -3
8 -3
9 -3
10 -5
11 -5
12 -1
13 1
14 4
15 7
16 6
17 7
18 12
19 5
20 7
21 7
22 11
23 12
24 12
25 13
26 10
27 7
28 7
29 6
30 10
31 13
32 12
33 7
34 9
35 13
36 12
37 13
38 14
39 12
40 8
41 8
42 8
43 9
44 9
45 8
46 11
47 8
48 8
49 8
50 8
51 11
52 10
53 3
54 4
55 6
56 8
57 7
58 13
59 15
60 15
61 21
62 21
63 23
64 23
65 20
66 19
67 20
68 15
69 13
70 12
71 12
72 13
73 6
74 7
75 6
76 3
77 1
78 -1
79 -1
80 2
81 4
82 9
83 5
84 5
85 5
86 4
87 5
88 8
89 8
90 8
91 10
92 9
93 15
94 13
95 10
96 14
97 16
98 20
99 23
100 24
101 26
102 27
103 28
104 27
105 24
106 23
107 23
108 25
109 14
110 13
111 15
112 14
113 14
114 11
115 11
116 12
117 15
118 18
119 16
120 11
121 10
122 16
123 17
124 13
125 10
126 10
127 10
128 9
129 12
130 15
131 15
132 16
133 12
134 12
135 18
136 20
137 21
138 22
139 26
140 30
141 31
142 37
143 39
144 36
145 38
146 35
147 39
148 39
149 39
150 39
151 41
152 41
153 41
154 41
155 27
156 28
157 26
158 26
159 26
160 30
161 31
162 31
163 31
164 33
165 33
166 30
167 28
168 31
169 31
170 29
171 27
172 20
173 18
174 14
175 13
176 11
177 12
178 9
179 4
180 3
181 3
182 1
183 2
184 3
185 3
186 8
187 6
188 7
189 9
190 4
191 6
192 7
193 4
194 4
195 6
196 4
197 6
198 8
199 8
200 11
201 11
202 11
203 10
204 6
205 10
206 10
207 14
208 13
209 12
210 11
211 11
212 14
213 16
214 18
215 18
216 18
217 16
218 12
219 15
220 18
221 20
222 20
223 19
224 22
225 22
226 21
227 21
228 16
229 16
230 8
231 19
232 18
233 16
234 18
235 11
236 11
237 12
238 13
239 11
240 4
241 5
242 8
243 9
244 11
245 13
246 11
247 11
248 9
249 9
250 11
251 4
252 3
253 4
254 3
255 5
