0 18
1 24
2 23
3 47
4 51
5 53
6 46
7 46
8 43
9 40
10 35
11 34
12 35
13 41
14 41
15 41
16 41
17 30
18 39
19 39
20 34
21 42
22 39
23 39
24 41
25 45
26 40
27 38
28 40
29 45
30 43
31 43
32 36
33 37
34 36
35 35
36 29
37 21
38 23
39 25
40 18
41 17
42 13
43 16
44 15
45 18
46 19
47 16
48 18
49 26
50 26
51 29
52 29
53 29
54 29
55 35
56 32
57 32
58 33
59 38
60 37
61 35
62 35
63 34
64 34
65 34
66 30
67 38
68 35
69 28
70 20
71 19
72 24
73 23
74 21
75 28
76 24
77 27
78 27
79 27
80 22
81 21
82 27
83 29
84 30
85 36
86 37
87 32
88 33
89 29
90 27
91 24
92 28
93 28
94 27
95 27
96 18
97 20
98 20
99 34
100 36
101 44
102 45
103 42
104 43
105 32
106 37
107 33
108 24
109 25
110 23
111 24
112 23
113 31
114 29
115 32
116 41
117 41
118 40
119 39
120 46
121 41
122 40
123 27
124 29
125 27
126 24
127 25
128 25
129 25
130 25
131 22
132 19
133 7
134 6
135 4
136 5
137 -3
138 -4
139 -3
140 -2
141 -4
142 -3
143 -4
144 -7
145 -10
146 -13
147 -13
148 -9
149 -8
150 -9
151 -3
152 -3
153 -2
154 9
155 5
156 11
157 14
158 11
159 11
160 15
161 23
162 20
163 20
164 20
165 15
166 13
167 13
168 13
169 11
170 15
171 16
172 10
173 10
174 15
175 16
176 16
177 18
178 14
179 16
180 18
181 13
182 17
183 19
184 20
185 16
186 23
187 20
188 22
189 23
190 14
191 10
192 10
193 12
194 12
195 12
196 10
197 13
198 15
199 11
200 17
201 16
202 21
203 21
204 24
205 21
206 23
207 23
208 25
209 17
210 16
211 19
212 24
213 22
214 19
215 21
216 20
217 23
218 22
219 24
220 25
221 26
222 28
223 28
224 21
225 20
226 22
227 20
228 17
229 19
230 19
231 19
232 19
233 27
234 29
235 19
236 19
237 29
238 18
239 24
240 23
241 12
242 10
243 9
244 9
245 6
246 4
247 -1
248 -1
249 7
250 10
251 11
252 12
253 16
254 19
255 24
