0 6
1 3
2 3
3 2
4 2
5 2
6 2
7 2
8 0
9 -7
10 0
11 0
12 2
13 4
14 10
15 16
16 7
17 8
18 12
19 9
20 3
21 5
22 2
23 4
24 1
25 2
26 2
27 4
28 7
29 7
30 7
31 7
32 12
33 14
34 13
35 13
36 11
37 16
38 14
39 13
40 17
41 16
42 19
43 19
44 19
45 22
46 20
47 15
48 14
49 14
50 7
51 15
52 15
53 17
54 16
55 16
56 17
57 13
58 15
59 17
60 17
61 6
62 9
63 8
64 11
65 11
66 15
67 19
68 19
69 20
70 17
71 10
72 13
73 15
74 10
75 9
76 8
77 10
78 10
79 17
80 14
81 21
82 13
83 11
84 15
85 14
86 7
87 7
88 3
89 5
90 3
91 2
92 8
93 9
94 10
95 19
96 20
97 27
98 26
99 23
100 11
101 11
102 12
103 10
104 8
105 16
106 11
107 10
108 0
109 -4
110 6
111 6
112 5
113 5
114 0
115 6
116 5
117 2
118 12
119 13
120 11
121 -8
122 -4
123 -7
124 -5
125 -5
126 -4
127 -6
128 -3
129 7
130 9
131 4
132 6
133 7
134 7
135 22
136 18
137 12
138 12
139 15
140 13
141 13
142 26
143 26
144 25
145 33
146 33
147 31
148 24
149 25
150 9
151 10
152 10
153 12
154 1
155 4
156 12
157 12
158 14
159 25
160 26
161 24
162 24
163 19
164 14
165 14
166 16
167 17
168 13
169 9
170 15
171 7
172 3
173 7
174 7
175 9
176 5
177 9
178 10
179 17
180 13
181 16
182 19
183 17
184 17
185 17
186 14
187 1
188 -1
189 13
190 18
191 13
192 14
193 17
194 16
195 19
196 17
197 17
198 16
199 19
200 16
201 10
202 14
203 14
204 14
205 11
206 12
207 13
208 12
209 14
210 14
211 21
212 16
213 17
214 18
215 19
216 15
217 12
218 12
219 9
220 3
221 6
222 6
223 -5
224 -1
225 8
226 8
227 3
228 3
229 3
230 4
231 6
232 5
233 6
234 4
235 6
236 6
237 10
238 5
239 6
240 -7
241 -2
242 -2
243 -5
244 -3
245 4
246 2
247 10
248 9
249 7
250 7
251 11
252 13
253 6
254 7
255 7
