0 20
1 22
2 21
3 19
4 30
5 24
6 25
7 19
8 15
9 16
10 19
11 17
12 13
13 16
14 12
15 18
16 13
17 16
18 15
19 14
20 11
21 14
22 17
23 5
24 9
25 7
26 7
27 13
28 20
29 26
30 29
31 28
32 26
33 22
34 21
35 27
36 21
37 26
38 27
39 38
40 39
41 29
42 32
43 27
44 29
45 33
46 34
47 29
48 28
49 32
50 31
51 40
52 40
53 34
54 30
55 31
56 32
57 33
58 32
59 40
60 35
61 31
62 30
63 33
64 35
65 38
66 38
67 32
68 32
69 33
70 33
71 33
72 33
73 32
74 29
75 18
76 12
77 -3
78 -5
79 2
80 1
81 -1
82 2
83 -2
84 -4
85 -3
86 0
87 4
88 9
89 9
90 12
91 13
92 7
93 7
94 -5
95 -6
96 -8
97 -8
98 -14
99 -12
100 -10
101 -7
102 -7
103 -5
104 -6
105 -6
106 -3
107 0
108 1
109 11
110 12
111 18
112 19
113 20
114 21
115 15
116 8
117 10
118 0
119 10
120 24
121 8
122 14
123 12
124 11
125 14
126 15
127 11
128 13
129 13
130 14
131 15
132 16
133 18
134 16
135 16
136 10
137 6
138 6
139 5
140 4
141 16
142 9
143 11
144 14
145 9
146 18
147 12
148 13
149 6
150 3
151 13
152 14
153 16
154 22
155 25
156 24
157 27
158 28
159 26
160 23
161 13
162 7
163 6
164 10
165 7
166 4
167 9
168 9
169 5
170 7
171 12
172 11
173 16
174 17
175 7
176 8
177 3
178 2
179 2
180 -5
181 -1
182 0
183 4
184 1
185 0
186 6
187 6
188 4
189 3
190 6
191 13
192 13
193 16
194 16
195 9
196 5
197 9
198 11
199 17
200 17
201 16
202 18
203 21
204 21
205 22
206 23
207 25
208 18
209 14
210 11
211 8
212 6
213 11
214 13
215 13
216 4
217 3
218 3
219 4
220 1
221 3
222 3
223 1
224 0
225 9
226 10
227 10
228 10
229 9
230 4
231 0
232 5
233 10
234 10
235 11
236 9
237 8
238 9
239 5
240 -1
241 2
242 2
243 1
244 1
245 3
246 -5
247 -2
248 10
249 9
250 7
251 5
252 17
253 23
254 26
255 25
