0 2
1 4
2 -8
3 -6
4 -7
5 -9
6 -9
7 -5
8 -1
9 -3
10 1
11 11
12 8
13 -6
14 -5
15 -3
16 8
17 7
18 8
19 7
20 -3
21 -3
22 -4
23 -1
24 3
25 1
26 3
27 7
28 12
29 8
30 9
31 11
32 8
33 19
34 13
35 15
36 26
37 21
38 17
39 16
40 15
41 14
42 7
43 4
44 8
45 8
46 4
47 2
48 0
49 1
50 7
51 5
52 5
53 4
54 5
55 -2
56 0
57 -5
58 -8
59 -7
60 -11
61 -3
62 -5
63 2
64 4
65 0
66 -5
67 -3
68 -3
69 0
70 2
71 5
72 6
73 7
74 2
75 -4
76 -1
77 1
78 2
79 6
80 -4
81 0
82 -5
83 -4
84 -6
85 -5
86 -5
87 -3
88 -3
89 -6
90 -3
91 0
92 1
93 -1
94 4
95 3
96 2
97 3
98 1
99 0
100 5
101 6
102 6
103 5
104 8
105 5
106 7
107 6
108 5
109 10
110 18
111 20
112 14
113 13
114 16
115 18
116 -3
117 -5
118 7
119 7
120 8
121 9
122 10
123 10
124 11
125 11
126 10
127 1
128 5
129 9
130 -4
131 -5
132 3
133 6
134 1
135 -3
136 1
137 -1
138 -4
139 -3
140 -4
141 -2
142 1
143 2
144 1
145 5
146 4
147 16
148 16
149 12
150 14
151 -3
152 0
153 -3
154 -2
155 1
156 5
157 5
158 5
159 15
160 11
161 16
162 15
163 12
164 1
165 2
166 6
167 5
168 9
169 9
170 11
171 7
172 10
173 11
174 5
175 3
176 3
177 6
178 10
179 8
180 7
181 9
182 11
183 8
184 7
185 7
186 14
187 17
188 21
189 26
190 25
191 26
192 24
193 20
194 18
195 24
196 24
197 23
198 25
199 22
200 26
201 19
202 26
203 26
204 30
205 29
206 34
207 34
208 30
209 30
210 32
211 30
212 29
213 30
214 16
215 15
216 10
217 10
218 12
219 10
220 14
221 9
222 0
223 0
224 7
225 10
226 10
227 9
228 9
229 14
230 17
231 18
232 19
233 18
234 13
235 12
236 2
237 1
238 0
239 -2
240 -5
241 -4
242 -1
243 5
244 4
245 0
246 -3
247 -3
248 -1
249 -2
250 -9
251 -9
252 -1
253 -3
254 -1
255 2
