0 1
1 0
2 0
3 0
4 0
5 1
6 -3
7 1
8 0
9 2
10 1
11 2
12 2
13 2
14 1
15 -3
16 -1
17 0
18 -3
19 -3
20 -3
21 0
22 -3
23 -3
24 -3
25 -3
26 -3
27 5
28 6
29 8
30 9
31 10
32 10
33 9
34 9
35 7
36 7
37 8
38 8
39 9
40 9
41 11
42 11
43 12
44 12
45 12
46 11
47 10
48 10
49 8
50 10
51 10
52 11
53 11
54 11
55 11
56 8
57 9
58 9
59 11
60 12
61 12
62 14
63 17
64 17
65 15
66 14
67 15
68 15
69 15
70 15
71 15
72 15
73 14
74 13
75 13
76 12
77 11
78 11
79 11
80 10
81 10
82 14
83 13
84 13
85 14
86 15
87 16
88 16
89 16
90 16
91 15
92 14
93 14
94 13
95 13
96 13
97 14
98 9
99 9
100 8
101 8
102 8
103 10
104 10
105 10
106 11
107 10
108 10
109 10
110 8
111 8
112 8
113 7
114 5
115 6
116 6
117 6
118 4
119 4
120 4
121 4
122 1
123 1
124 1
125 -1
126 -1
127 -5
128 -7
129 -4
130 -4
131 -4
132 -5
133 -5
134 -5
135 -3
136 -3
137 -3
138 0
139 0
140 0
141 0
142 -2
143 -4
144 -4
145 -4
146 -6
147 -5
148 5
149 4
150 6
151 6
152 7
153 7
154 7
155 11
156 7
157 4
158 3
159 3
160 4
161 4
162 3
163 3
164 4
165 5
166 5
167 6
168 7
169 9
170 7
171 6
172 5
173 5
174 3
175 0
176 0
177 3
178 1
179 1
180 1
181 0
182 1
183 2
184 0
185 -1
186 3
187 3
188 3
189 4
190 4
191 4
192 5
193 5
194 5
195 8
196 8
197 8
198 5
199 4
200 5
201 4
202 7
203 7
204 6
205 5
206 5
207 5
208 5
209 5
210 6
211 5
212 5
213 5
214 2
215 2
216 1
217 1
218 1
219 3
220 6
221 5
222 5
223 6
224 7
225 7
226 7
227 7
228 7
229 8
230 8
231 7
232 8
233 8
234 11
235 11
236 11
237 10
238 10
239 9
240 9
241 8
242 9
243 6
244 6
245 5
246 1
247 1
248 1
249 -1
250 0
251 1
252 2
253 1
254 1
255 1
