0 7
1 16
2 20
3 20
4 6
5 4
6 3
7 1
8 0
9 0
10 7
11 9
12 11
13 9
14 9
15 9
16 6
17 0
18 -1
19 -3
20 -5
21 -4
22 -4
23 -5
24 0
25 0
26 0
27 -3
28 -3
29 1
30 0
31 -3
32 3
33 7
34 5
35 6
36 8
37 9
38 9
39 8
40 9
41 2
42 8
43 7
44 3
45 -2
46 -1
47 -2
48 -2
49 -5
50 -5
51 -8
52 -1
53 -7
54 -8
55 -8
56 9
57 8
58 -3
59 -9
60 -12
61 -14
62 -21
63 -18
64 -18
65 -19
66 -14
67 -15
68 -8
69 -5
70 -4
71 -5
72 -6
73 -8
74 -2
75 2
76 11
77 11
78 11
79 12
80 9
81 15
82 18
83 18
84 15
85 14
86 11
87 18
88 9
89 8
90 11
91 7
92 12
93 10
94 27
95 28
96 24
97 34
98 39
99 35
100 34
101 42
102 43
103 51
104 37
105 39
106 39
107 38
108 38
109 38
110 38
111 37
112 33
113 32
114 31
115 31
116 32
117 32
118 35
119 32
120 31
121 18
122 18
123 11
124 7
125 9
126 5
127 6
128 6
129 19
130 17
131 17
132 21
133 19
134 20
135 17
136 9
137 11
138 18
139 18
140 17
141 21
142 24
143 24
144 29
145 28
146 44
147 42
148 43
149 41
150 39
151 37
152 40
153 39
154 41
155 44
156 46
157 50
158 54
159 49
160 50
161 45
162 48
163 45
164 46
165 38
166 35
167 36
168 36
169 28
170 33
171 40
172 42
173 41
174 41
175 43
176 39
177 39
178 36
179 37
180 25
181 25
182 27
183 26
184 23
185 21
186 27
187 16
188 16
189 19
190 14
191 26
192 26
193 14
194 12
195 11
196 9
197 13
198 13
199 20
200 34
201 37
202 31
203 33
204 28
205 31
206 31
207 27
208 21
209 25
210 30
211 27
212 27
213 23
214 23
215 36
216 36
217 41
218 47
219 42
220 41
221 40
222 38
223 39
224 33
225 14
226 10
227 7
228 24
229 22
230 21
231 29
232 32
233 25
234 30
235 33
236 32
237 28
238 29
239 35
240 41
241 30
242 23
243 23
244 20
245 17
246 12
247 9
248 8
249 11
250 8
251 10
252 9
253 3
254 -3
255 6
