0 27
1 27
2 11
3 -1
4 -4
5 -2
6 0
7 -16
8 -12
9 -5
10 -4
11 0
12 1
13 2
14 2
15 3
16 14
17 9
18 17
19 16
20 16
21 16
22 17
23 8
24 8
25 5
26 6
27 5
28 5
29 13
30 10
31 3
32 13
33 12
34 1
35 3
36 2
37 -8
38 -4
39 5
40 9
41 9
42 17
43 14
44 21
45 24
46 26
47 22
48 26
49 18
50 20
51 24
52 24
53 18
54 14
55 14
56 18
57 17
58 14
59 27
60 26
61 28
62 22
63 15
64 15
65 20
66 20
67 12
68 12
69 8
70 12
71 10
72 -6
73 -9
74 -9
75 13
76 15
77 15
78 14
79 22
80 23
81 22
82 26
83 29
84 19
85 23
86 31
87 41
88 44
89 43
90 46
91 62
92 70
93 81
94 81
95 77
96 82
97 80
98 85
99 85
100 72
101 86
102 91
103 90
104 93
105 86
106 92
107 86
108 80
109 80
110 78
111 78
112 96
113 82
114 86
115 92
116 88
117 87
118 85
119 83
120 71
121 71
122 57
123 62
124 65
125 61
126 61
127 64
128 66
129 59
130 53
131 53
132 49
133 42
134 42
135 45
136 45
137 32
138 25
139 30
140 30
141 28
142 29
143 41
144 35
145 32
146 39
147 38
148 34
149 33
150 25
151 25
152 28
153 3
154 0
155 -6
156 -1
157 -5
158 -7
159 -7
160 -7
161 -7
162 -10
163 -16
164 -15
165 -16
166 -12
167 -11
168 -15
169 -14
170 -14
171 -8
172 1
173 2
174 -4
175 0
176 6
177 7
178 8
179 9
180 10
181 17
182 17
183 18
184 19
185 19
186 18
187 15
188 17
189 27
190 33
191 34
192 36
193 36
194 33
195 33
196 37
197 37
198 30
199 26
200 15
201 16
202 39
203 40
204 43
205 41
206 43
207 43
208 42
209 50
210 49
211 40
212 43
213 35
214 35
215 34
216 33
217 31
218 38
219 34
220 34
221 35
222 35
223 25
224 22
225 29
226 30
227 28
228 27
229 32
230 33
231 41
232 38
233 43
234 38
235 40
236 46
237 44
238 31
239 31
240 30
241 18
242 20
243 27
244 34
245 38
246 40
247 34
248 32
249 47
250 40
251 29
252 26
253 30
254 30
255 27
