0 12
1 11
2 8
3 10
4 10
5 13
6 14
7 14
8 11
9 10
10 7
11 7
12 4
13 -2
14 -5
15 -1
16 0
17 -1
18 0
19 -1
20 -2
21 -1
22 -7
23 -10
24 -11
25 -9
26 -6
27 -4
28 -3
29 -2
30 -3
31 -3
32 0
33 -5
34 0
35 1
36 2
37 2
38 0
39 0
40 -2
41 -3
42 6
43 6
44 0
45 8
46 8
47 8
48 11
49 9
50 5
51 6
52 14
53 9
54 0
55 0
56 3
57 3
58 5
59 5
60 1
61 -2
62 -2
63 -2
64 -2
65 -1
66 -1
67 4
68 4
69 4
70 7
71 8
72 12
73 12
74 10
75 4
76 3
77 2
78 2
79 9
80 9
81 7
82 7
83 12
84 14
85 14
86 13
87 15
88 15
89 14
90 13
91 3
92 6
93 5
94 3
95 1
96 -1
97 -1
98 -3
99 -2
100 -2
101 -2
102 -3
103 -3
104 -2
105 -7
106 -4
107 -4
108 -3
109 8
110 8
111 9
112 15
113 20
114 19
115 21
116 19
117 24
118 28
119 27
120 26
121 24
122 25
123 25
124 30
125 31
126 33
127 31
128 25
129 25
130 26
131 17
132 20
133 24
134 25
135 24
136 21
137 15
138 15
139 15
140 19
141 19
142 19
143 21
144 20
145 18
146 17
147 17
148 16
149 16
150 13
151 10
152 11
153 7
154 4
155 12
156 14
157 14
158 10
159 16
160 16
161 16
162 19
163 15
164 17
165 18
166 20
167 18
168 18
169 17
170 14
171 21
172 20
173 15
174 20
175 17
176 16
177 18
178 25
179 20
180 19
181 17
182 20
183 20
184 17
185 18
186 31
187 32
188 34
189 32
190 35
191 30
192 28
193 28
194 27
195 26
196 26
197 31
198 31
199 33
200 31
201 31
202 32
203 31
204 30
205 30
206 28
207 22
208 21
209 17
210 17
211 20
212 22
213 22
214 22
215 22
216 22
217 21
218 20
219 19
220 20
221 20
222 20
223 19
224 17
225 13
226 16
227 16
228 15
229 16
230 18
231 17
232 19
233 18
234 19
235 21
236 26
237 26
238 24
239 28
240 29
241 29
242 30
243 31
244 28
245 26
246 27
247 21
248 20
249 18
250 15
251 9
252 8
253 10
254 11
255 12
