0 2
1 2
2 3
3 0
4 1
5 1
6 0
7 1
8 4
9 4
10 2
11 2
12 -3
13 -3
14 -4
15 0
16 0
17 2
18 1
19 0
20 0
21 1
22 1
23 -1
24 -1
25 -1
26 0
27 0
28 1
29 1
30 5
31 9
32 9
33 8
34 9
35 8
36 8
37 12
38 13
39 9
40 9
41 9
42 7
43 8
44 5
45 7
46 10
47 10
48 9
49 9
50 9
51 9
52 9
53 9
54 8
55 6
56 7
57 5
58 5
59 5
60 6
61 5
62 5
63 5
64 5
65 5
66 4
67 4
68 4
69 6
70 5
71 4
72 3
73 5
74 6
75 6
76 5
77 5
78 6
79 6
80 6
81 8
82 7
83 7
84 8
85 7
86 4
87 3
88 5
89 5
90 4
91 -1
92 -1
93 -1
94 1
95 2
96 1
97 4
98 5
99 5
100 1
101 1
102 1
103 2
104 0
105 -1
106 -2
107 -2
108 -2
109 -2
110 0
111 0
112 -1
113 -4
114 -3
115 0
116 0
117 3
118 4
119 4
120 4
121 5
122 6
123 6
124 8
125 6
126 4
127 -1
128 0
129 0
130 1
131 3
132 3
133 3
134 3
135 1
136 0
137 0
138 -1
139 -1
140 1
141 0
142 0
143 2
144 2
145 0
146 0
147 0
148 0
149 1
150 1
151 2
152 3
153 3
154 5
155 6
156 6
157 5
158 6
159 5
160 4
161 4
162 4
163 4
164 4
165 4
166 6
167 6
168 5
169 5
170 4
171 4
172 8
173 7
174 10
175 11
176 10
177 10
178 10
179 8
180 6
181 6
182 6
183 9
184 3
185 2
186 1
187 0
188 0
189 2
190 1
191 2
192 2
193 1
194 0
195 0
196 0
197 2
198 3
199 4
200 6
201 6
202 1
203 1
204 0
205 -1
206 -1
207 -1
208 -1
209 0
210 -1
211 -1
212 0
213 3
214 2
215 3
216 3
217 2
218 1
219 4
220 4
221 5
222 5
223 5
224 5
225 5
226 5
227 6
228 6
229 5
230 5
231 5
232 5
233 5
234 4
235 5
236 5
237 5
238 6
239 8
240 8
241 8
242 8
243 9
244 10
245 13
246 10
247 9
248 10
249 10
250 7
251 7
252 7
253 5
254 4
255 6
