0 6
1 7
2 12
3 11
4 12
5 12
6 15
7 11
8 14
9 15
10 16
11 20
12 18
13 17
14 16
15 13
16 12
17 14
18 13
19 9
20 11
21 11
22 13
23 11
24 4
25 6
26 8
27 6
28 4
29 2
30 -3
31 -3
32 -2
33 -6
34 -4
35 -5
36 -3
37 -6
38 -7
39 -7
40 -7
41 -4
42 0
43 0
44 3
45 -3
46 0
47 1
48 5
49 6
50 8
51 9
52 9
53 15
54 19
55 18
56 18
57 25
58 26
59 24
60 22
61 22
62 20
63 22
64 25
65 26
66 25
67 25
68 22
69 21
70 17
71 19
72 20
73 21
74 20
75 20
76 19
77 20
78 23
79 23
80 20
81 16
82 15
83 10
84 9
85 8
86 8
87 7
88 11
89 11
90 11
91 9
92 10
93 14
94 16
95 18
96 20
97 18
98 16
99 17
100 18
101 13
102 10
103 9
104 6
105 12
106 14
107 14
108 14
109 12
110 13
111 16
112 15
113 19
114 20
115 16
116 19
117 12
118 8
119 9
120 11
121 12
122 16
123 16
124 17
125 16
126 17
127 20
128 19
129 18
130 8
131 2
132 -1
133 -1
134 2
135 -8
136 -3
137 1
138 0
139 2
140 2
141 3
142 2
143 3
144 1
145 1
146 4
147 5
148 9
149 10
150 12
151 7
152 8
153 9
154 9
155 10
156 10
157 7
158 8
159 10
160 13
161 14
162 14
163 13
164 17
165 16
166 12
167 10
168 10
169 8
170 8
171 8
172 10
173 11
174 11
175 12
176 12
177 13
178 12
179 11
180 9
181 13
182 13
183 10
184 4
185 4
186 4
187 3
188 5
189 11
190 2
191 7
192 -3
193 -1
194 2
195 7
196 4
197 4
198 2
199 3
200 5
201 7
202 3
203 3
204 1
205 3
206 2
207 1
208 1
209 1
210 6
211 7
212 2
213 1
214 1
215 3
216 -1
217 0
218 1
219 0
220 9
221 9
222 8
223 9
224 3
225 3
226 1
227 -1
228 -1
229 0
230 1
231 -1
232 0
233 1
234 1
235 1
236 -3
237 -1
238 10
239 10
240 14
241 20
242 20
243 19
244 21
245 18
246 13
247 13
248 10
249 6
250 2
251 8
252 14
253 13
254 9
255 8
