0 14
1 34
2 34
3 32
4 27
5 28
6 21
7 15
8 8
9 14
10 18
11 18
12 12
13 -4
14 -2
15 0
16 0
17 -2
18 -3
19 2
20 -12
21 -13
22 -14
23 -21
24 -22
25 -28
26 -23
27 -13
28 -13
29 -13
30 -8
31 -13
32 -13
33 -12
34 -12
35 -19
36 -21
37 -18
38 -15
39 -17
40 -16
41 -12
42 -4
43 -5
44 -12
45 0
46 -2
47 5
48 8
49 -1
50 -5
51 -2
52 -1
53 1
54 5
55 10
56 10
57 10
58 8
59 0
60 6
61 6
62 13
63 8
64 10
65 10
66 6
67 7
68 7
69 1
70 6
71 -4
72 -6
73 -2
74 20
75 15
76 17
77 9
78 11
79 20
80 17
81 22
82 22
83 25
84 28
85 28
86 29
87 24
88 25
89 26
90 29
91 27
92 27
93 21
94 26
95 20
96 18
97 18
98 16
99 9
100 -5
101 -2
102 -3
103 -1
104 5
105 3
106 6
107 -15
108 -16
109 -16
110 2
111 -3
112 -11
113 -17
114 -19
115 -21
116 -33
117 -35
118 -37
119 -37
120 -14
121 -17
122 -20
123 -27
124 -27
125 -27
126 -18
127 -19
128 -19
129 -19
130 -21
131 -21
132 -21
133 -19
134 -22
135 -18
136 -17
137 -27
138 -10
139 8
140 14
141 16
142 21
143 20
144 21
145 12
146 11
147 20
148 21
149 15
150 18
151 22
152 42
153 42
154 49
155 49
156 50
157 49
158 49
159 44
160 42
161 21
162 22
163 34
164 35
165 31
166 36
167 34
168 30
169 40
170 42
171 40
172 37
173 40
174 39
175 39
176 34
177 44
178 52
179 52
180 53
181 54
182 55
183 69
184 57
185 56
186 60
187 63
188 61
189 54
190 56
191 53
192 70
193 80
194 81
195 78
196 79
197 81
198 78
199 83
200 86
201 83
202 74
203 66
204 66
205 69
206 69
207 76
208 102
209 84
210 86
211 81
212 86
213 90
214 90
215 86
216 84
217 90
218 92
219 75
220 70
221 69
222 66
223 69
224 69
225 69
226 66
227 66
228 53
229 50
230 42
231 51
232 49
233 49
234 43
235 48
236 48
237 50
238 49
239 40
240 38
241 33
242 34
243 27
244 22
245 5
246 11
247 5
248 -7
249 -5
250 7
251 8
252 7
253 5
254 8
255 17
