0 2
1 0
2 1
3 -3
4 0
5 -4
6 -1
7 4
8 1
9 6
10 2
11 -1
12 2
13 -5
14 -2
15 -6
16 -3
17 -6
18 0
19 3
20 2
21 2
22 5
23 2
24 3
25 3
26 4
27 7
28 1
29 5
30 12
31 13
32 16
33 13
34 15
35 13
36 19
37 15
38 12
39 12
40 17
41 17
42 17
43 0
44 4
45 5
46 2
47 6
48 9
49 8
50 11
51 -1
52 0
53 2
54 0
55 1
56 10
57 7
58 7
59 7
60 0
61 0
62 0
63 10
64 2
65 7
66 -3
67 -5
68 -2
69 -6
70 -2
71 0
72 0
73 0
74 3
75 -6
76 1
77 3
78 3
79 11
80 11
81 15
82 20
83 20
84 22
85 17
86 16
87 8
88 10
89 8
90 1
91 1
92 0
93 -5
94 -3
95 1
96 1
97 9
98 10
99 11
100 12
101 13
102 14
103 11
104 13
105 13
106 12
107 9
108 4
109 -2
110 -3
111 -5
112 -1
113 2
114 8
115 14
116 13
117 7
118 12
119 10
120 12
121 15
122 16
123 17
124 15
125 15
126 17
127 14
128 22
129 19
130 19
131 18
132 17
133 8
134 7
135 8
136 5
137 8
138 8
139 16
140 18
141 2
142 6
143 6
144 11
145 9
146 8
147 4
148 7
149 8
150 6
151 5
152 -2
153 -1
154 -2
155 -1
156 -1
157 -6
158 -7
159 -4
160 0
161 3
162 3
163 7
164 12
165 12
166 10
167 3
168 -2
169 6
170 14
171 15
172 15
173 13
174 14
175 9
176 9
177 9
178 9
179 11
180 11
181 13
182 11
183 12
184 6
185 8
186 9
187 13
188 15
189 22
190 24
191 11
192 10
193 10
194 10
195 11
196 2
197 0
198 0
199 1
200 8
201 8
202 3
203 6
204 2
205 0
206 14
207 13
208 13
209 15
210 7
211 12
212 10
213 11
214 7
215 10
216 6
217 6
218 -5
219 -2
220 0
221 4
222 4
223 3
224 4
225 8
226 9
227 8
228 5
229 7
230 7
231 -4
232 -3
233 -5
234 -10
235 -9
236 -8
237 -4
238 0
239 -1
240 -5
241 -1
242 1
243 1
244 2
245 7
246 7
247 9
248 8
249 15
250 19
251 13
252 11
253 13
254 8
255 5
