0 -1
1 1
2 1
3 1
4 2
5 4
6 4
7 4
8 3
9 4
10 5
11 7
12 7
13 5
14 5
15 2
16 2
17 2
18 2
19 3
20 3
21 3
22 3
23 3
24 3
25 3
26 3
27 3
28 3
29 5
30 5
31 5
32 4
33 3
34 6
35 5
36 3
37 4
38 4
39 4
40 7
41 5
42 6
43 5
44 4
45 0
46 0
47 0
48 0
49 -2
50 -5
51 -4
52 -2
53 0
54 -1
55 -1
56 2
57 2
58 1
59 3
60 3
61 5
62 6
63 10
64 10
65 9
66 8
67 6
68 6
69 2
70 2
71 2
72 2
73 1
74 2
75 1
76 0
77 0
78 0
79 1
80 2
81 2
82 2
83 0
84 1
85 2
86 2
87 2
88 2
89 3
90 1
91 1
92 0
93 0
94 0
95 1
96 0
97 1
98 0
99 4
100 4
101 4
102 5
103 4
104 2
105 2
106 2
107 1
108 0
109 1
110 2
111 2
112 0
113 0
114 -1
115 -1
116 -1
117 0
118 -1
119 -2
120 1
121 0
122 -1
123 -1
124 0
125 1
126 1
127 2
128 3
129 3
130 2
131 2
132 -2
133 -1
134 -1
135 -1
136 0
137 0
138 -1
139 -1
140 -1
141 -1
142 -1
143 -1
144 -2
145 1
146 1
147 1
148 1
149 1
150 1
151 1
152 -1
153 -1
154 -1
155 1
156 0
157 1
158 2
159 2
160 2
161 2
162 2
163 0
164 1
165 0
166 0
167 -2
168 0
169 0
170 0
171 1
172 -2
173 -1
174 -2
175 -2
176 0
177 0
178 0
179 0
180 -1
181 -1
182 -4
183 -1
184 -1
185 -2
186 -1
187 2
188 2
189 4
190 4
191 4
192 4
193 4
194 5
195 5
196 4
197 3
198 3
199 1
200 1
201 1
202 1
203 3
204 2
205 2
206 3
207 3
208 2
209 1
210 0
211 0
212 -1
213 0
214 0
215 0
216 -1
217 -1
218 -1
219 0
220 3
221 4
222 4
223 5
224 5
225 8
226 6
227 5
228 6
229 6
230 5
231 1
232 4
233 4
234 4
235 4
236 3
237 3
238 4
239 4
240 4
241 7
242 9
243 8
244 8
245 11
246 7
247 8
248 10
249 10
250 7
251 4
252 4
253 5
254 -3
255 -2
