0 2
1 1
2 1
3 1
4 1
5 1
6 -2
7 -3
8 -3
9 -1
10 -1
11 0
12 1
13 1
14 1
15 5
16 4
17 4
18 4
19 4
20 2
21 2
22 2
23 1
24 3
25 4
26 5
27 8
28 11
29 8
30 8
31 8
32 8
33 8
34 8
35 3
36 4
37 4
38 4
39 1
40 1
41 1
42 1
43 1
44 1
45 -1
46 -1
47 0
48 0
49 1
50 -1
51 -1
52 -1
53 2
54 2
55 1
56 1
57 3
58 5
59 5
60 6
61 5
62 6
63 6
64 4
65 3
66 3
67 4
68 4
69 6
70 6
71 7
72 4
73 5
74 4
75 6
76 3
77 2
78 2
79 2
80 1
81 1
82 0
83 0
84 -1
85 -1
86 -1
87 -1
88 0
89 0
90 1
91 0
92 1
93 0
94 0
95 0
96 1
97 1
98 1
99 1
100 0
101 1
102 1
103 3
104 2
105 1
106 1
107 0
108 1
109 0
110 0
111 0
112 0
113 3
114 3
115 2
116 0
117 -1
118 0
119 1
120 -2
121 -1
122 2
123 2
124 3
125 4
126 3
127 4
128 4
129 4
130 4
131 3
132 3
133 7
134 6
135 6
136 6
137 3
138 5
139 6
140 6
141 5
142 4
143 4
144 4
145 3
146 3
147 2
148 2
149 3
150 3
151 4
152 1
153 0
154 1
155 5
156 5
157 4
158 5
159 6
160 7
161 6
162 5
163 4
164 3
165 1
166 0
167 0
168 0
169 0
170 0
171 -3
172 -3
173 -3
174 -4
175 -3
176 -4
177 -5
178 -6
179 -6
180 -7
181 -6
182 -4
183 -5
184 -4
185 -4
186 -2
187 -3
188 -3
189 -2
190 -1
191 -2
192 -1
193 -1
194 0
195 1
196 0
197 1
198 1
199 1
200 1
201 1
202 4
203 4
204 2
205 2
206 3
207 2
208 2
209 1
210 3
211 2
212 2
213 3
214 3
215 3
216 3
217 3
218 2
219 2
220 4
221 5
222 5
223 7
224 6
225 6
226 4
227 4
228 4
229 4
230 2
231 2
232 4
233 4
234 2
235 3
236 3
237 2
238 1
239 1
240 1
241 0
242 0
243 -1
244 -1
245 0
246 0
247 1
248 0
249 0
250 2
251 2
252 4
253 4
254 3
255 2
