0 -2
1 -2
2 -2
3 0
4 -1
5 5
6 3
7 2
8 1
9 1
10 1
11 2
12 1
13 1
14 2
15 -2
16 -1
17 6
18 4
19 -1
20 1
21 1
22 0
23 -1
24 -1
25 -1
26 3
27 2
28 8
29 8
30 5
31 5
32 5
33 5
34 2
35 7
36 7
37 8
38 11
39 3
40 -2
41 0
42 2
43 1
44 3
45 -1
46 3
47 2
48 4
49 1
50 2
51 2
52 3
53 0
54 0
55 -2
56 -2
57 -4
58 -1
59 -4
60 1
61 1
62 -4
63 -2
64 -1
65 8
66 5
67 3
68 5
69 4
70 1
71 2
72 4
73 1
74 1
75 1
76 0
77 0
78 1
79 1
80 -3
81 8
82 3
83 7
84 -1
85 6
86 5
87 0
88 0
89 6
90 7
91 7
92 5
93 5
94 5
95 5
96 -3
97 -3
98 -2
99 3
100 1
101 2
102 0
103 3
104 8
105 3
106 5
107 4
108 3
109 4
110 4
111 2
112 1
113 -1
114 0
115 1
116 4
117 0
118 -2
119 -1
120 2
121 -4
122 3
123 5
124 3
125 3
126 5
127 2
128 2
129 2
130 1
131 0
132 0
133 1
134 3
135 5
136 0
137 2
138 0
139 2
140 2
141 4
142 4
143 3
144 2
145 -3
146 2
147 -1
148 -1
149 1
150 0
151 2
152 1
153 -7
154 0
155 0
156 0
157 -2
158 -4
159 5
160 0
161 0
162 0
163 -2
164 -2
165 0
166 0
167 1
168 1
169 5
170 6
171 9
172 3
173 -1
174 -1
175 -1
176 0
177 4
178 2
179 4
180 -1
181 3
182 2
183 5
184 -2
185 -2
186 -2
187 -2
188 0
189 0
190 1
191 -2
192 -1
193 -2
194 10
195 4
196 4
197 0
198 -2
199 0
200 1
201 3
202 0
203 3
204 4
205 2
206 1
207 0
208 0
209 1
210 3
211 2
212 -1
213 1
214 3
215 -2
216 0
217 3
218 1
219 -1
220 2
221 0
222 -2
223 -1
224 1
225 -1
226 1
227 4
228 3
229 0
230 -2
231 1
232 5
233 10
234 4
235 1
236 3
237 3
238 1
239 2
240 6
241 6
242 -3
243 -3
244 -1
245 1
246 1
247 1
248 -2
249 2
250 -2
251 6
252 7
253 4
254 0
255 3
