0 19
1 17
2 16
3 21
4 19
5 12
6 16
7 18
8 19
9 15
10 17
11 14
12 13
13 8
14 9
15 8
16 11
17 9
18 6
19 5
20 2
21 3
22 1
23 1
24 0
25 -4
26 -2
27 -1
28 -2
29 2
30 17
31 15
32 26
33 24
34 12
35 13
36 21
37 19
38 19
39 23
40 22
41 19
42 23
43 18
44 18
45 18
46 19
47 24
48 4
49 2
50 5
51 6
52 17
53 7
54 8
55 8
56 13
57 16
58 12
59 12
60 10
61 20
62 17
63 11
64 15
65 16
66 11
67 15
68 17
69 6
70 2
71 -2
72 -1
73 2
74 1
75 4
76 3
77 11
78 7
79 8
80 5
81 -1
82 -4
83 -4
84 -3
85 0
86 7
87 16
88 13
89 8
90 7
91 11
92 1
93 6
94 6
95 7
96 7
97 14
98 17
99 23
100 17
101 11
102 2
103 2
104 1
105 -1
106 3
107 4
108 5
109 4
110 6
111 8
112 5
113 5
114 12
115 9
116 15
117 15
118 8
119 6
120 2
121 4
122 6
123 6
124 5
125 23
126 22
127 15
128 13
129 11
130 13
131 16
132 13
133 12
134 7
135 5
136 7
137 5
138 1
139 -14
140 -14
141 -13
142 -13
143 -7
144 -5
145 -6
146 -8
147 -7
148 -8
149 -9
150 -10
151 1
152 3
153 1
154 -5
155 5
156 6
157 10
158 2
159 -1
160 1
161 -5
162 8
163 3
164 8
165 0
166 0
167 -1
168 -8
169 -6
170 -10
171 -10
172 -17
173 -10
174 -2
175 -1
176 1
177 11
178 10
179 12
180 17
181 18
182 24
183 18
184 18
185 20
186 17
187 14
188 26
189 23
190 20
191 17
192 19
193 17
194 20
195 19
196 15
197 20
198 18
199 16
200 -16
201 -5
202 -3
203 2
204 2
205 1
206 9
207 4
208 -1
209 -1
210 7
211 -2
212 -3
213 -13
214 -13
215 -12
216 -6
217 -9
218 -17
219 -8
220 -1
221 -1
222 -3
223 5
224 1
225 -1
226 3
227 2
228 -3
229 -2
230 3
231 3
232 8
233 9
234 12
235 19
236 20
237 5
238 6
239 -2
240 -9
241 10
242 8
243 2
244 5
245 14
246 9
247 10
248 11
249 11
250 20
251 22
252 27
253 19
254 20
255 19
