0 65
1 62
2 54
3 63
4 63
5 65
6 71
7 78
8 82
9 81
10 80
11 70
12 76
13 81
14 76
15 78
16 73
17 70
18 73
19 70
20 65
21 60
22 63
23 70
24 74
25 74
26 67
27 79
28 62
29 66
30 67
31 65
32 67
33 67
34 81
35 84
36 82
37 82
38 78
39 78
40 84
41 90
42 87
43 90
44 96
45 93
46 98
47 95
48 87
49 83
50 71
51 61
52 63
53 67
54 66
55 73
56 76
57 78
58 69
59 66
60 64
61 60
62 65
63 72
64 87
65 90
66 90
67 88
68 78
69 76
70 45
71 54
72 63
73 67
74 67
75 75
76 76
77 68
78 59
79 64
80 63
81 64
82 74
83 82
84 86
85 85
86 88
87 77
88 81
89 76
90 58
91 57
92 56
93 56
94 44
95 37
96 42
97 29
98 30
99 35
100 28
101 26
102 25
103 19
104 33
105 37
106 37
107 26
108 24
109 22
110 23
111 22
112 20
113 33
114 37
115 31
116 26
117 40
118 40
119 39
120 41
121 36
122 34
123 39
124 39
125 22
126 25
127 44
128 29
129 22
130 23
131 35
132 36
133 34
134 28
135 23
136 22
137 22
138 19
139 17
140 18
141 21
142 21
143 8
144 22
145 21
146 13
147 15
148 23
149 26
150 24
151 19
152 17
153 19
154 21
155 21
156 25
157 25
158 31
159 28
160 24
161 29
162 29
163 39
164 34
165 41
166 28
167 21
168 21
169 23
170 18
171 16
172 16
173 18
174 18
175 -19
176 -15
177 -3
178 6
179 7
180 6
181 7
182 11
183 5
184 4
185 3
186 4
187 4
188 5
189 25
190 33
191 34
192 33
193 30
194 37
195 47
196 40
197 36
198 25
199 21
200 24
201 23
202 13
203 13
204 12
205 15
206 14
207 13
208 16
209 6
210 6
211 16
212 19
213 16
214 11
215 7
216 3
217 12
218 14
219 8
220 8
221 5
222 15
223 30
224 31
225 34
226 36
227 44
228 42
229 53
230 44
231 52
232 47
233 47
234 50
235 47
236 63
237 59
238 74
239 72
240 70
241 70
242 65
243 74
244 84
245 87
246 86
247 83
248 73
249 66
250 64
251 61
252 60
253 63
254 57
255 57
