0 0
1 3
2 7
3 3
4 3
5 1
6 3
7 2
8 2
9 5
10 3
11 5
12 3
13 5
14 0
15 2
16 2
17 0
18 0
19 -5
20 -5
21 -3
22 4
23 5
24 4
25 7
26 7
27 7
28 2
29 0
30 1
31 -1
32 4
33 4
34 5
35 0
36 1
37 5
38 6
39 8
40 2
41 -3
42 7
43 5
44 6
45 7
46 8
47 10
48 13
49 11
50 11
51 11
52 3
53 3
54 2
55 1
56 2
57 2
58 -4
59 -2
60 -3
61 0
62 -2
63 3
64 4
65 1
66 1
67 5
68 4
69 2
70 4
71 7
72 7
73 7
74 5
75 2
76 4
77 0
78 -1
79 0
80 -1
81 -1
82 -1
83 0
84 2
85 4
86 2
87 5
88 5
89 2
90 0
91 -2
92 -3
93 4
94 4
95 7
96 6
97 5
98 6
99 1
100 0
101 1
102 3
103 6
104 3
105 0
106 2
107 -1
108 -1
109 1
110 4
111 4
112 1
113 2
114 5
115 2
116 0
117 0
118 2
119 1
120 -2
121 -3
122 2
123 2
124 3
125 10
126 9
127 5
128 3
129 3
130 3
131 0
132 -1
133 0
134 8
135 11
136 2
137 5
138 5
139 4
140 2
141 3
142 0
143 6
144 -2
145 1
146 4
147 8
148 7
149 4
150 4
151 3
152 0
153 6
154 4
155 4
156 7
157 2
158 0
159 0
160 5
161 3
162 3
163 1
164 0
165 -2
166 2
167 1
168 2
169 2
170 1
171 1
172 5
173 5
174 1
175 9
176 4
177 5
178 8
179 9
180 7
181 -5
182 -3
183 -5
184 0
185 -1
186 -2
187 -1
188 -1
189 0
190 -3
191 0
192 0
193 0
194 9
195 4
196 2
197 0
198 0
199 3
200 3
201 -1
202 -3
203 -4
204 4
205 7
206 8
207 7
208 -3
209 1
210 2
211 1
212 1
213 0
214 -3
215 -1
216 -5
217 -6
218 -2
219 -2
220 -2
221 4
222 6
223 1
224 2
225 1
226 -3
227 3
228 -1
229 2
230 1
231 2
232 5
233 5
234 -4
235 -5
236 0
237 10
238 -2
239 -3
240 -1
241 1
242 -1
243 1
244 2
245 3
246 -1
247 0
248 4
249 2
250 3
251 4
252 1
253 -1
254 2
255 0
