0 16
1 15
2 7
3 7
4 20
5 19
6 21
7 12
8 13
9 4
10 4
11 -1
12 2
13 2
14 -2
15 0
16 1
17 3
18 3
19 -1
20 -1
21 -3
22 -2
23 6
24 5
25 -2
26 2
27 -1
28 2
29 1
30 0
31 7
32 7
33 6
34 4
35 6
36 7
37 6
38 9
39 8
40 8
41 11
42 25
43 21
44 14
45 9
46 15
47 10
48 5
49 2
50 1
51 0
52 0
53 1
54 -3
55 -2
56 10
57 6
58 7
59 7
60 10
61 10
62 3
63 4
64 -5
65 -4
66 1
67 8
68 13
69 18
70 7
71 4
72 4
73 5
74 5
75 1
76 2
77 3
78 -1
79 2
80 -1
81 1
82 4
83 4
84 3
85 4
86 6
87 8
88 7
89 2
90 0
91 8
92 5
93 4
94 3
95 13
96 15
97 13
98 7
99 7
100 10
101 9
102 -5
103 -2
104 -2
105 -4
106 -1
107 3
108 0
109 9
110 10
111 9
112 9
113 8
114 8
115 10
116 10
117 5
118 3
119 4
120 5
121 1
122 5
123 9
124 15
125 15
126 16
127 6
128 6
129 6
130 2
131 0
132 3
133 6
134 8
135 7
136 9
137 -1
138 -2
139 -1
140 -2
141 -2
142 8
143 5
144 7
145 7
146 2
147 3
148 0
149 8
150 6
151 7
152 1
153 2
154 7
155 0
156 -1
157 -5
158 13
159 13
160 12
161 15
162 13
163 11
164 12
165 12
166 8
167 7
168 8
169 11
170 12
171 7
172 4
173 13
174 8
175 3
176 8
177 6
178 6
179 5
180 2
181 3
182 3
183 1
184 1
185 1
186 6
187 6
188 1
189 3
190 2
191 2
192 2
193 3
194 3
195 -1
196 0
197 4
198 3
199 3
200 2
201 1
202 3
203 4
204 3
205 -4
206 -5
207 -7
208 -5
209 -5
210 4
211 -1
212 -2
213 0
214 7
215 7
216 9
217 10
218 8
219 9
220 3
221 3
222 -1
223 9
224 9
225 7
226 6
227 7
228 3
229 5
230 6
231 6
232 7
233 13
234 19
235 25
236 24
237 9
238 11
239 13
240 12
241 11
242 7
243 0
244 1
245 1
246 2
247 -1
248 -1
249 4
250 5
251 8
252 7
253 11
254 11
255 11
