0 25
1 27
2 27
3 27
4 27
5 28
6 26
7 23
8 24
9 24
10 24
11 24
12 26
13 26
14 27
15 27
16 27
17 27
18 25
19 25
20 24
21 23
22 22
23 22
24 19
25 21
26 21
27 21
28 17
29 17
30 18
31 17
32 14
33 14
34 14
35 14
36 13
37 12
38 14
39 14
40 15
41 14
42 15
43 15
44 13
45 14
46 14
47 14
48 14
49 11
50 11
51 11
52 9
53 9
54 9
55 7
56 5
57 7
58 7
59 5
60 4
61 3
62 2
63 5
64 8
65 11
66 12
67 12
68 9
69 9
70 10
71 10
72 8
73 7
74 6
75 7
76 8
77 9
78 9
79 9
80 10
81 10
82 11
83 10
84 10
85 6
86 6
87 7
88 9
89 9
90 7
91 8
92 8
93 8
94 7
95 6
96 6
97 6
98 4
99 4
100 7
101 7
102 7
103 7
104 14
105 13
106 14
107 12
108 12
109 13
110 12
111 13
112 13
113 9
114 10
115 11
116 10
117 12
118 13
119 10
120 9
121 2
122 -1
123 -1
124 -1
125 -1
126 -2
127 -1
128 1
129 4
130 3
131 5
132 4
133 3
134 3
135 4
136 5
137 5
138 5
139 6
140 5
141 5
142 5
143 5
144 5
145 9
146 7
147 7
148 7
149 7
150 8
151 8
152 7
153 6
154 6
155 6
156 7
157 14
158 15
159 15
160 15
161 11
162 11
163 11
164 11
165 13
166 12
167 11
168 10
169 8
170 8
171 7
172 8
173 11
174 10
175 10
176 9
177 9
178 8
179 9
180 9
181 9
182 9
183 11
184 12
185 11
186 11
187 9
188 9
189 10
190 10
191 10
192 10
193 8
194 7
195 7
196 7
197 7
198 8
199 9
200 8
201 7
202 6
203 6
204 5
205 6
206 12
207 14
208 12
209 21
210 21
211 21
212 23
213 23
214 22
215 22
216 22
217 22
218 24
219 25
220 26
221 26
222 26
223 27
224 23
225 24
226 25
227 27
228 27
229 24
230 24
231 25
232 21
233 22
234 22
235 23
236 23
237 24
238 25
239 27
240 27
241 27
242 29
243 28
244 24
245 24
246 24
247 24
248 24
249 19
250 18
251 24
252 23
253 22
254 20
255 20
