0 90
1 90
2 79
3 74
4 77
5 68
6 71
7 73
8 79
9 82
10 87
11 88
12 94
13 88
14 96
15 94
16 87
17 88
18 89
19 83
20 89
21 91
22 89
23 91
24 91
25 101
26 106
27 113
28 111
29 107
30 107
31 102
32 94
33 97
34 95
35 93
36 99
37 90
38 90
39 70
40 71
41 62
42 60
43 61
44 44
45 59
46 55
47 57
48 59
49 48
50 52
51 50
52 56
53 48
54 44
55 37
56 33
57 33
58 36
59 32
60 35
61 38
62 37
63 41
64 41
65 43
66 43
67 39
68 37
69 33
70 33
71 28
72 24
73 12
74 11
75 6
76 8
77 14
78 19
79 8
80 -4
81 11
82 5
83 7
84 8
85 8
86 21
87 21
88 22
89 24
90 23
91 31
92 27
93 28
94 22
95 24
96 26
97 21
98 20
99 10
100 2
101 8
102 -2
103 16
104 17
105 29
106 21
107 23
108 20
109 22
110 27
111 29
112 29
113 32
114 34
115 38
116 58
117 58
118 50
119 54
120 44
121 50
122 63
123 65
124 68
125 65
126 60
127 60
128 48
129 45
130 53
131 41
132 41
133 39
134 55
135 63
136 61
137 70
138 80
139 63
140 74
141 74
142 75
143 80
144 77
145 79
146 76
147 64
148 66
149 63
150 66
151 52
152 65
153 63
154 58
155 56
156 59
157 54
158 56
159 58
160 63
161 56
162 65
163 62
164 59
165 62
166 69
167 68
168 59
169 59
170 59
171 62
172 62
173 59
174 61
175 61
176 67
177 67
178 66
179 63
180 63
181 61
182 59
183 40
184 40
185 41
186 38
187 36
188 37
189 35
190 36
191 33
192 30
193 26
194 23
195 20
196 33
197 33
198 31
199 44
200 42
201 42
202 42
203 45
204 46
205 49
206 46
207 46
208 53
209 64
210 67
211 66
212 76
213 76
214 76
215 68
216 75
217 72
218 89
219 88
220 88
221 84
222 79
223 79
224 73
225 73
226 70
227 79
228 82
229 78
230 81
231 97
232 104
233 92
234 90
235 87
236 93
237 88
238 80
239 72
240 70
241 72
242 73
243 75
244 83
245 80
246 80
247 75
248 84
249 82
250 83
251 85
252 88
253 91
254 95
255 88
