0 28
1 11
2 22
3 30
4 20
5 13
6 11
7 9
8 17
9 15
10 15
11 17
12 16
13 18
14 16
15 13
16 21
17 19
18 22
19 24
20 19
21 22
22 25
23 24
24 28
25 22
26 22
27 24
28 19
29 5
30 12
31 14
32 17
33 13
34 6
35 6
36 6
37 5
38 8
39 1
40 3
41 7
42 9
43 14
44 9
45 28
46 27
47 32
48 32
49 34
50 34
51 30
52 29
53 29
54 36
55 35
56 35
57 37
58 42
59 41
60 46
61 36
62 36
63 42
64 48
65 48
66 53
67 57
68 53
69 55
70 62
71 43
72 34
73 38
74 38
75 35
76 36
77 28
78 31
79 33
80 27
81 20
82 22
83 19
84 20
85 31
86 29
87 10
88 2
89 6
90 6
91 -2
92 -9
93 -8
94 -4
95 -5
96 -3
97 -1
98 -2
99 -9
100 -6
101 2
102 0
103 -6
104 -4
105 -3
106 0
107 -2
108 -6
109 4
110 -7
111 -16
112 -6
113 -12
114 -9
115 12
116 11
117 10
118 15
119 18
120 31
121 32
122 29
123 33
124 28
125 31
126 39
127 40
128 18
129 22
130 20
131 2
132 3
133 1
134 5
135 -3
136 -2
137 6
138 0
139 0
140 7
141 9
142 11
143 16
144 19
145 19
146 28
147 33
148 32
149 11
150 12
151 28
152 27
153 27
154 26
155 26
156 22
157 22
158 11
159 15
160 9
161 10
162 11
163 6
164 13
165 18
166 25
167 27
168 27
169 30
170 25
171 21
172 20
173 21
174 21
175 34
176 32
177 35
178 40
179 34
180 28
181 24
182 34
183 35
184 33
185 28
186 15
187 13
188 11
189 17
190 12
191 3
192 3
193 2
194 2
195 0
196 6
197 6
198 9
199 15
200 13
201 15
202 16
203 21
204 17
205 21
206 7
207 9
208 0
209 1
210 -3
211 0
212 7
213 1
214 3
215 6
216 1
217 -8
218 -5
219 7
220 6
221 6
222 7
223 9
224 12
225 13
226 13
227 32
228 33
229 32
230 18
231 19
232 16
233 21
234 20
235 23
236 29
237 29
238 30
239 23
240 28
241 31
242 18
243 19
244 16
245 9
246 8
247 3
248 3
249 16
250 17
251 16
252 27
253 28
254 24
255 25
