0 -4
1 -2
2 -1
3 4
4 -3
5 -2
6 -9
7 -5
8 -8
9 -1
10 -1
11 -2
12 6
13 5
14 5
15 3
16 -1
17 0
18 5
19 3
20 16
21 16
22 16
23 13
24 12
25 12
26 14
27 18
28 19
29 19
30 17
31 14
32 14
33 19
34 18
35 11
36 -3
37 0
38 3
39 1
40 -3
41 -7
42 -19
43 -24
44 -21
45 -27
46 -19
47 -16
48 -18
49 -15
50 -2
51 8
52 11
53 10
54 9
55 15
56 10
57 19
58 22
59 22
60 26
61 28
62 32
63 29
64 26
65 25
66 27
67 22
68 13
69 9
70 12
71 10
72 12
73 23
74 23
75 15
76 8
77 19
78 18
79 21
80 15
81 27
82 29
83 35
84 41
85 34
86 18
87 37
88 39
89 33
90 35
91 31
92 25
93 29
94 35
95 34
96 35
97 40
98 39
99 32
100 29
101 33
102 34
103 34
104 38
105 33
106 42
107 44
108 43
109 30
110 30
111 27
112 28
113 26
114 23
115 33
116 34
117 34
118 28
119 37
120 45
121 45
122 45
123 46
124 44
125 53
126 47
127 45
128 44
129 52
130 50
131 51
132 53
133 53
134 50
135 50
136 49
137 52
138 54
139 63
140 71
141 63
142 54
143 58
144 59
145 58
146 52
147 52
148 53
149 53
150 60
151 66
152 66
153 72
154 73
155 74
156 72
157 71
158 72
159 78
160 73
161 72
162 75
163 69
164 68
165 70
166 68
167 64
168 66
169 66
170 65
171 56
172 54
173 49
174 52
175 53
176 51
177 48
178 70
179 75
180 73
181 55
182 58
183 56
184 57
185 61
186 65
187 65
188 66
189 67
190 55
191 47
192 52
193 32
194 40
195 42
196 38
197 42
198 43
199 44
200 43
201 43
202 44
203 46
204 41
205 61
206 54
207 50
208 46
209 44
210 55
211 64
212 64
213 64
214 63
215 62
216 68
217 65
218 66
219 46
220 30
221 30
222 33
223 28
224 36
225 24
226 14
227 -9
228 4
229 -3
230 0
231 -6
232 -7
233 -2
234 1
235 2
236 0
237 6
238 6
239 8
240 8
241 7
242 5
243 7
244 5
245 -3
246 1
247 1
248 -5
249 -1
250 -4
251 5
252 2
253 8
254 0
255 -1
