0 -2
1 -2
2 -1
3 -1
4 0
5 0
6 0
7 1
8 0
9 0
10 -1
11 -1
12 -1
13 0
14 0
15 0
16 0
17 2
18 2
19 0
20 1
21 1
22 1
23 -1
24 -1
25 -1
26 0
27 1
28 0
29 0
30 0
31 0
32 -1
33 1
34 0
35 0
36 0
37 0
38 0
39 1
40 1
41 1
42 1
43 1
44 0
45 1
46 1
47 1
48 2
49 0
50 0
51 0
52 2
53 2
54 2
55 1
56 0
57 0
58 0
59 0
60 0
61 0
62 0
63 0
64 0
65 -1
66 0
67 2
68 0
69 1
70 1
71 0
72 0
73 -1
74 0
75 0
76 0
77 0
78 0
79 0
80 1
81 0
82 0
83 0
84 0
85 0
86 0
87 0
88 0
89 0
90 1
91 1
92 1
93 0
94 1
95 0
96 0
97 0
98 0
99 -1
100 0
101 0
102 0
103 0
104 0
105 0
106 0
107 0
108 0
109 0
110 -1
111 0
112 0
113 0
114 1
115 2
116 1
117 0
118 1
119 -1
120 0
121 0
122 0
123 0
124 0
125 0
126 0
127 2
128 1
129 1
130 1
131 0
132 0
133 0
134 1
135 0
136 0
137 0
138 0
139 0
140 0
141 1
142 3
143 1
144 0
145 0
146 0
147 1
148 0
149 0
150 0
151 0
152 0
153 1
154 1
155 1
156 1
157 1
158 1
159 1
160 0
161 0
162 2
163 2
164 0
165 0
166 0
167 0
168 0
169 0
170 -1
171 -1
172 1
173 1
174 0
175 0
176 2
177 2
178 1
179 3
180 3
181 1
182 0
183 -1
184 0
185 0
186 0
187 0
188 0
189 1
190 0
191 0
192 -1
193 -1
194 0
195 1
196 2
197 1
198 0
199 0
200 0
201 0
202 0
203 0
204 0
205 0
206 0
207 1
208 1
209 0
210 0
211 0
212 -2
213 -2
214 0
215 0
216 0
217 0
218 0
219 0
220 -1
221 0
222 0
223 0
224 0
225 0
226 0
227 -1
228 -1
229 0
230 0
231 0
232 0
233 0
234 0
235 0
236 0
237 0
238 1
239 1
240 0
241 0
242 0
243 0
244 0
245 1
246 0
247 0
248 -1
249 0
250 0
251 0
252 0
253 -1
254 -1
255 -1
