0 2
1 3
2 2
3 2
4 0
5 0
6 -3
7 0
8 -2
9 -5
10 4
11 -3
12 1
13 0
14 1
15 1
16 1
17 1
18 6
19 3
20 4
21 2
22 3
23 3
24 6
25 0
26 0
27 -1
28 -1
29 5
30 5
31 8
32 10
33 12
34 13
35 11
36 8
37 8
38 8
39 8
40 8
41 7
42 7
43 7
44 3
45 1
46 3
47 3
48 3
49 2
50 2
51 1
52 0
53 5
54 1
55 -8
56 -3
57 -4
58 -2
59 0
60 0
61 1
62 6
63 6
64 6
65 12
66 11
67 11
68 14
69 11
70 8
71 10
72 6
73 6
74 5
75 3
76 -2
77 0
78 1
79 5
80 7
81 7
82 4
83 5
84 6
85 3
86 2
87 1
88 5
89 1
90 0
91 0
92 0
93 2
94 2
95 0
96 0
97 0
98 -1
99 0
100 -1
101 3
102 2
103 0
104 2
105 2
106 1
107 2
108 6
109 6
110 4
111 10
112 9
113 11
114 10
115 10
116 7
117 9
118 10
119 10
120 10
121 10
122 13
123 10
124 12
125 21
126 22
127 21
128 19
129 17
130 17
131 13
132 11
133 10
134 9
135 9
136 5
137 6
138 6
139 6
140 8
141 8
142 8
143 5
144 5
145 4
146 10
147 12
148 5
149 5
150 4
151 5
152 1
153 1
154 1
155 2
156 3
157 7
158 8
159 1
160 3
161 4
162 5
163 3
164 -3
165 -3
166 -5
167 -3
168 -1
169 -2
170 0
171 0
172 2
173 2
174 -2
175 0
176 -4
177 -2
178 -1
179 -1
180 0
181 -1
182 1
183 0
184 -8
185 -2
186 -2
187 -4
188 -4
189 -2
190 0
191 0
192 2
193 2
194 -3
195 -3
196 -2
197 -3
198 -1
199 -2
200 -4
201 -2
202 0
203 1
204 -3
205 0
206 1
207 2
208 -2
209 -1
210 -4
211 -4
212 -4
213 -1
214 -2
215 -2
216 0
217 1
218 3
219 7
220 7
221 2
222 1
223 0
224 6
225 -1
226 4
227 4
228 3
229 3
230 5
231 5
232 3
233 7
234 7
235 0
236 0
237 1
238 1
239 1
240 -3
241 0
242 -9
243 -5
244 -3
245 0
246 -2
247 -3
248 3
249 0
250 0
251 -1
252 0
253 -1
254 -2
255 -2
