0 6
1 4
2 4
3 4
4 3
5 3
6 3
7 5
8 4
9 6
10 6
11 5
12 3
13 3
14 3
15 3
16 5
17 6
18 6
19 7
20 7
21 7
22 7
23 6
24 5
25 5
26 4
27 5
28 3
29 2
30 1
31 0
32 3
33 3
34 5
35 5
36 4
37 2
38 2
39 2
40 1
41 2
42 3
43 2
44 3
45 2
46 2
47 0
48 1
49 1
50 1
51 1
52 1
53 1
54 1
55 1
56 2
57 2
58 2
59 1
60 1
61 2
62 3
63 4
64 4
65 4
66 2
67 2
68 0
69 -1
70 -1
71 -3
72 -2
73 -2
74 -1
75 -1
76 -1
77 -1
78 -3
79 -3
80 -3
81 -3
82 -3
83 -2
84 -2
85 -2
86 -2
87 -4
88 -2
89 -2
90 2
91 2
92 1
93 1
94 1
95 1
96 1
97 0
98 0
99 0
100 0
101 -1
102 -2
103 -2
104 1
105 0
106 0
107 0
108 5
109 5
110 5
111 5
112 7
113 7
114 6
115 3
116 2
117 1
118 0
119 1
120 1
121 2
122 3
123 3
124 0
125 0
126 1
127 -1
128 -1
129 -2
130 -1
131 -3
132 -3
133 -2
134 -1
135 -1
136 -1
137 0
138 1
139 1
140 1
141 0
142 0
143 -1
144 0
145 0
146 0
147 0
148 1
149 1
150 1
151 5
152 5
153 4
154 4
155 4
156 2
157 1
158 2
159 2
160 -1
161 -3
162 -4
163 -4
164 0
165 1
166 1
167 0
168 -2
169 0
170 1
171 3
172 4
173 4
174 5
175 5
176 4
177 4
178 4
179 5
180 6
181 10
182 9
183 9
184 9
185 10
186 13
187 12
188 13
189 15
190 15
191 15
192 16
193 17
194 17
195 20
196 21
197 21
198 17
199 17
200 17
201 18
202 19
203 17
204 17
205 17
206 20
207 20
208 19
209 20
210 19
211 20
212 18
213 18
214 16
215 17
216 14
217 17
218 17
219 16
220 13
221 11
222 12
223 12
224 11
225 11
226 7
227 8
228 5
229 6
230 5
231 7
232 8
233 8
234 9
235 9
236 9
237 8
238 8
239 8
240 8
241 9
242 7
243 6
244 7
245 7
246 7
247 6
248 6
249 6
250 6
251 5
252 4
253 6
254 6
255 4
