0 7
1 7
2 6
3 0
4 6
5 8
6 -3
7 -1
8 -2
9 -2
10 -3
11 -1
12 -8
13 -5
14 -6
15 -7
16 -4
17 -3
18 3
19 1
20 7
21 1
22 5
23 10
24 10
25 15
26 11
27 14
28 6
29 4
30 3
31 6
32 6
33 5
34 -2
35 1
36 -2
37 0
38 -5
39 -2
40 12
41 3
42 7
43 9
44 2
45 0
46 1
47 9
48 11
49 -2
50 -2
51 2
52 -2
53 5
54 2
55 3
56 5
57 2
58 5
59 3
60 10
61 9
62 9
63 8
64 3
65 4
66 -2
67 0
68 0
69 1
70 1
71 2
72 -2
73 -10
74 2
75 -1
76 -3
77 -1
78 -7
79 -2
80 0
81 5
82 10
83 3
84 13
85 6
86 4
87 4
88 0
89 2
90 -2
91 5
92 5
93 0
94 -5
95 -3
96 -4
97 -5
98 3
99 -2
100 0
101 12
102 13
103 6
104 7
105 1
106 0
107 4
108 4
109 2
110 0
111 -2
112 2
113 8
114 9
115 4
116 6
117 1
118 5
119 -2
120 -6
121 -7
122 6
123 12
124 3
125 4
126 7
127 7
128 5
129 7
130 10
131 11
132 9
133 15
134 6
135 5
136 5
137 1
138 0
139 0
140 1
141 3
142 4
143 5
144 4
145 3
146 0
147 0
148 3
149 5
150 4
151 3
152 2
153 8
154 7
155 10
156 2
157 -1
158 -6
159 -2
160 -2
161 -1
162 0
163 -1
164 -1
165 1
166 0
167 2
168 0
169 0
170 0
171 -3
172 -2
173 1
174 2
175 4
176 2
177 4
178 -2
179 1
180 3
181 1
182 0
183 -3
184 -9
185 -4
186 1
187 -4
188 -2
189 3
190 4
191 8
192 0
193 5
194 10
195 10
196 6
197 2
198 2
199 1
200 12
201 7
202 -3
203 1
204 5
205 -2
206 2
207 2
208 5
209 2
210 0
211 -3
212 -3
213 3
214 0
215 8
216 7
217 9
218 7
219 4
220 3
221 10
222 1
223 3
224 4
225 5
226 3
227 0
228 0
229 3
230 4
231 2
232 3
233 1
234 3
235 3
236 2
237 1
238 1
239 1
240 -1
241 -1
242 1
243 -4
244 -2
245 -2
246 -3
247 2
248 -2
249 -4
250 1
251 0
252 2
253 11
254 9
255 6
