0 21
1 23
2 22
3 25
4 26
5 30
6 30
7 32
8 33
9 31
10 32
11 30
12 28
13 27
14 26
15 26
16 31
17 32
18 30
19 27
20 27
21 30
22 26
23 23
24 23
25 24
26 26
27 26
28 23
29 20
30 26
31 29
32 29
33 29
34 25
35 25
36 30
37 33
38 35
39 30
40 33
41 30
42 30
43 30
44 29
45 26
46 23
47 22
48 16
49 16
50 17
51 16
52 14
53 9
54 10
55 8
56 11
57 12
58 11
59 10
60 8
61 9
62 9
63 10
64 11
65 10
66 9
67 7
68 10
69 11
70 12
71 12
72 11
73 10
74 7
75 2
76 4
77 4
78 4
79 4
80 9
81 8
82 8
83 12
84 13
85 17
86 16
87 12
88 13
89 13
90 9
91 10
92 10
93 11
94 11
95 11
96 16
97 15
98 12
99 13
100 7
101 9
102 11
103 11
104 12
105 12
106 12
107 12
108 11
109 12
110 9
111 10
112 12
113 12
114 21
115 23
116 21
117 17
118 18
119 18
120 17
121 14
122 18
123 18
124 15
125 15
126 16
127 14
128 10
129 5
130 5
131 11
132 15
133 16
134 17
135 16
136 10
137 7
138 6
139 6
140 6
141 6
142 7
143 8
144 16
145 16
146 18
147 17
148 14
149 16
150 13
151 12
152 12
153 4
154 8
155 5
156 4
157 1
158 1
159 -1
160 0
161 -1
162 1
163 6
164 5
165 6
166 6
167 5
168 4
169 10
170 12
171 11
172 9
173 9
174 11
175 11
176 14
177 16
178 15
179 12
180 12
181 12
182 10
183 9
184 9
185 10
186 11
187 11
188 10
189 16
190 12
191 12
192 14
193 14
194 12
195 14
196 15
197 15
198 15
199 15
200 15
201 15
202 16
203 19
204 14
205 13
206 15
207 16
208 18
209 24
210 17
211 15
212 16
213 15
214 13
215 18
216 19
217 19
218 19
219 15
220 15
221 16
222 16
223 19
224 21
225 19
226 18
227 16
228 15
229 16
230 19
231 17
232 15
233 7
234 15
235 11
236 16
237 18
238 18
239 17
240 18
241 21
242 21
243 22
244 18
245 18
246 13
247 16
248 15
249 12
250 12
251 13
252 11
253 20
254 22
255 23
