0 1
1 2
2 3
3 2
4 4
5 2
6 2
7 3
8 1
9 -1
10 -1
11 0
12 0
13 0
14 0
15 1
16 2
17 2
18 2
19 2
20 2
21 -1
22 -1
23 0
24 -3
25 -3
26 -3
27 -3
28 -2
29 -4
30 1
31 2
32 2
33 1
34 0
35 1
36 1
37 2
38 5
39 4
40 4
41 2
42 3
43 2
44 0
45 0
46 1
47 0
48 0
49 0
50 0
51 0
52 0
53 0
54 2
55 3
56 0
57 -1
58 -2
59 0
60 0
61 1
62 1
63 -2
64 -1
65 -1
66 1
67 2
68 4
69 5
70 3
71 2
72 1
73 0
74 0
75 0
76 0
77 0
78 1
79 1
80 0
81 0
82 0
83 -1
84 -1
85 -1
86 1
87 1
88 3
89 3
90 3
91 3
92 3
93 7
94 5
95 4
96 5
97 4
98 4
99 3
100 2
101 2
102 2
103 4
104 4
105 5
106 6
107 6
108 5
109 3
110 3
111 3
112 1
113 2
114 2
115 2
116 2
117 2
118 2
119 0
120 -1
121 -3
122 -3
123 -3
124 -1
125 -1
126 0
127 2
128 2
129 1
130 1
131 2
132 -1
133 0
134 3
135 3
136 3
137 3
138 1
139 1
140 1
141 1
142 1
143 1
144 1
145 1
146 2
147 1
148 2
149 2
150 1
151 1
152 -1
153 -1
154 0
155 0
156 0
157 1
158 1
159 1
160 1
161 2
162 3
163 3
164 2
165 2
166 0
167 -2
168 -3
169 -5
170 -2
171 -2
172 -1
173 -1
174 -3
175 -1
176 -1
177 0
178 0
179 0
180 2
181 2
182 2
183 1
184 0
185 1
186 1
187 2
188 1
189 1
190 1
191 3
192 3
193 4
194 2
195 4
196 3
197 4
198 7
199 5
200 5
201 5
202 5
203 5
204 3
205 4
206 3
207 2
208 1
209 -1
210 1
211 3
212 2
213 2
214 1
215 2
216 2
217 2
218 2
219 2
220 1
221 1
222 0
223 1
224 0
225 0
226 0
227 0
228 0
229 3
230 4
231 3
232 2
233 1
234 2
235 2
236 4
237 1
238 3
239 3
240 3
241 3
242 3
243 3
244 1
245 0
246 -1
247 1
248 1
249 1
250 2
251 3
252 3
253 3
254 3
255 1
