0 4
1 10
2 7
3 9
4 0
5 0
6 -4
7 -3
8 0
9 3
10 1
11 1
12 2
13 2
14 2
15 0
16 -1
17 -1
18 3
19 5
20 0
21 0
22 0
23 -1
24 3
25 0
26 0
27 0
28 0
29 -2
30 -3
31 0
32 4
33 0
34 -3
35 -1
36 -1
37 -2
38 -2
39 -2
40 1
41 1
42 1
43 0
44 1
45 1
46 4
47 1
48 0
49 -1
50 0
51 -1
52 -2
53 2
54 1
55 0
56 1
57 1
58 1
59 1
60 1
61 0
62 2
63 2
64 -2
65 -2
66 -2
67 1
68 1
69 1
70 -3
71 -1
72 2
73 1
74 1
75 5
76 0
77 -2
78 0
79 1
80 -1
81 0
82 0
83 2
84 0
85 1
86 5
87 -2
88 -1
89 2
90 -2
91 1
92 1
93 0
94 2
95 3
96 1
97 3
98 6
99 5
100 4
101 3
102 2
103 3
104 -2
105 -3
106 -4
107 1
108 -3
109 -3
110 -7
111 -3
112 -1
113 1
114 2
115 3
116 6
117 4
118 4
119 1
120 3
121 0
122 0
123 0
124 1
125 3
126 1
127 1
128 1
129 0
130 1
131 0
132 0
133 0
134 0
135 2
136 5
137 -1
138 -1
139 -2
140 0
141 -1
142 -1
143 -4
144 -2
145 1
146 0
147 2
148 8
149 8
150 9
151 1
152 2
153 5
154 4
155 1
156 1
157 1
158 -2
159 -1
160 -2
161 -2
162 -2
163 2
164 3
165 2
166 1
167 1
168 1
169 0
170 -1
171 -1
172 -2
173 -2
174 -5
175 -5
176 -1
177 0
178 1
179 1
180 6
181 7
182 3
183 4
184 4
185 3
186 1
187 7
188 -1
189 -1
190 0
191 1
192 1
193 3
194 2
195 0
196 -1
197 3
198 3
199 3
200 3
201 2
202 3
203 4
204 4
205 0
206 -2
207 1
208 0
209 -1
210 0
211 7
212 6
213 5
214 0
215 -2
216 0
217 3
218 5
219 4
220 1
221 2
222 0
223 1
224 0
225 1
226 4
227 4
228 2
229 1
230 -1
231 -3
232 0
233 2
234 3
235 -2
236 -2
237 -1
238 2
239 2
240 2
241 3
242 1
243 1
244 0
245 3
246 9
247 3
248 2
249 0
250 2
251 4
252 5
253 6
254 5
255 6
