0 3
1 6
2 10
3 11
4 6
5 7
6 8
7 15
8 11
9 14
10 8
11 5
12 15
13 5
14 1
15 7
16 7
17 6
18 0
19 -2
20 1
21 1
22 -4
23 -1
24 -1
25 -1
26 -3
27 0
28 -14
29 -6
30 0
31 -1
32 -2
33 -2
34 7
35 11
36 15
37 15
38 16
39 18
40 16
41 15
42 4
43 2
44 5
45 5
46 7
47 3
48 -4
49 1
50 -1
51 3
52 -1
53 2
54 15
55 8
56 6
57 13
58 14
59 5
60 2
61 5
62 7
63 7
64 12
65 14
66 7
67 6
68 6
69 3
70 -6
71 -5
72 -6
73 -7
74 -5
75 3
76 4
77 3
78 3
79 0
80 1
81 -2
82 -2
83 -2
84 2
85 -1
86 -1
87 -1
88 5
89 5
90 8
91 13
92 13
93 12
94 8
95 4
96 6
97 -1
98 2
99 6
100 -2
101 -1
102 -1
103 4
104 5
105 5
106 4
107 5
108 6
109 6
110 -3
111 0
112 -5
113 -4
114 -6
115 -5
116 -4
117 -6
118 4
119 8
120 7
121 9
122 6
123 5
124 12
125 11
126 12
127 16
128 3
129 3
130 1
131 1
132 1
133 0
134 1
135 1
136 -1
137 0
138 1
139 2
140 9
141 8
142 6
143 8
144 3
145 -1
146 -2
147 -2
148 -2
149 -2
150 -2
151 8
152 8
153 9
154 9
155 6
156 2
157 6
158 7
159 5
160 1
161 0
162 5
163 3
164 7
165 5
166 5
167 -5
168 -2
169 2
170 3
171 3
172 6
173 2
174 2
175 1
176 2
177 3
178 -3
179 0
180 0
181 0
182 2
183 4
184 3
185 2
186 0
187 8
188 5
189 3
190 0
191 -2
192 -1
193 1
194 1
195 3
196 5
197 5
198 2
199 2
200 4
201 6
202 18
203 4
204 6
205 0
206 -3
207 -2
208 4
209 3
210 2
211 4
212 5
213 9
214 8
215 18
216 14
217 11
218 9
219 9
220 10
221 8
222 7
223 0
224 4
225 6
226 6
227 4
228 11
229 9
230 8
231 9
232 13
233 16
234 12
235 9
236 5
237 -1
238 4
239 8
240 12
241 16
242 13
243 4
244 4
245 3
246 6
247 7
248 8
249 10
250 1
251 0
252 3
253 8
254 7
255 -2
