0 11
1 10
2 12
3 12
4 11
5 16
6 16
7 14
8 10
9 11
10 12
11 6
12 8
13 8
14 7
15 6
16 7
17 6
18 6
19 4
20 3
21 9
22 11
23 11
24 16
25 16
26 14
27 18
28 20
29 19
30 18
31 17
32 16
33 16
34 15
35 15
36 13
37 15
38 14
39 11
40 11
41 11
42 16
43 16
44 17
45 18
46 18
47 17
48 9
49 10
50 10
51 5
52 4
53 8
54 8
55 7
56 6
57 11
58 14
59 14
60 12
61 13
62 9
63 9
64 8
65 6
66 7
67 6
68 5
69 11
70 11
71 11
72 16
73 16
74 13
75 15
76 13
77 13
78 21
79 19
80 21
81 24
82 17
83 18
84 16
85 17
86 16
87 14
88 13
89 11
90 13
91 13
92 13
93 27
94 23
95 22
96 22
97 22
98 12
99 12
100 10
101 10
102 8
103 6
104 5
105 5
106 -1
107 -1
108 1
109 2
110 -1
111 -2
112 -3
113 -11
114 -6
115 -3
116 1
117 1
118 3
119 1
120 2
121 5
122 1
123 2
124 -1
125 -2
126 -1
127 1
128 1
129 0
130 0
131 -4
132 1
133 1
134 4
135 3
136 4
137 10
138 8
139 7
140 4
141 3
142 10
143 11
144 6
145 13
146 16
147 15
148 13
149 12
150 9
151 9
152 5
153 6
154 9
155 8
156 11
157 10
158 11
159 11
160 10
161 10
162 12
163 12
164 13
165 14
166 16
167 13
168 17
169 16
170 17
171 7
172 7
173 8
174 4
175 4
176 4
177 2
178 1
179 1
180 0
181 2
182 10
183 10
184 16
185 19
186 18
187 17
188 17
189 17
190 18
191 15
192 14
193 16
194 15
195 15
196 15
197 14
198 11
199 -1
200 -3
201 -1
202 -1
203 -1
204 -1
205 -1
206 -4
207 -2
208 -2
209 -2
210 -1
211 1
212 -1
213 5
214 5
215 4
216 5
217 2
218 0
219 5
220 5
221 4
222 -2
223 -3
224 -7
225 -10
226 -11
227 -14
228 -12
229 -8
230 -3
231 -7
232 -7
233 2
234 3
235 -2
236 -2
237 -5
238 -2
239 -1
240 2
241 6
242 6
243 7
244 8
245 9
246 7
247 5
248 5
249 5
250 5
251 7
252 8
253 9
254 10
255 8
