0 17
1 14
2 19
3 17
4 15
5 3
6 2
7 6
8 13
9 13
10 12
11 13
12 13
13 8
14 5
15 3
16 2
17 5
18 2
19 3
20 7
21 5
22 4
23 14
24 16
25 13
26 11
27 9
28 20
29 22
30 23
31 26
32 21
33 10
34 10
35 12
36 11
37 15
38 8
39 8
40 8
41 7
42 3
43 2
44 -4
45 3
46 9
47 8
48 4
49 1
50 2
51 0
52 1
53 3
54 -1
55 -1
56 -3
57 -4
58 -3
59 6
60 9
61 11
62 7
63 5
64 5
65 2
66 1
67 -2
68 -2
69 -3
70 0
71 8
72 10
73 20
74 26
75 25
76 26
77 21
78 30
79 23
80 26
81 27
82 27
83 27
84 19
85 18
86 18
87 17
88 9
89 1
90 -4
91 -6
92 2
93 0
94 13
95 15
96 17
97 18
98 24
99 24
100 22
101 20
102 18
103 18
104 24
105 24
106 22
107 25
108 19
109 8
110 15
111 15
112 16
113 17
114 17
115 20
116 20
117 13
118 3
119 11
120 3
121 -1
122 -5
123 -2
124 -2
125 -1
126 -3
127 -3
128 -2
129 1
130 -1
131 -7
132 -3
133 5
134 10
135 16
136 23
137 21
138 23
139 18
140 17
141 23
142 22
143 17
144 18
145 13
146 11
147 11
148 11
149 9
150 9
151 9
152 5
153 8
154 3
155 2
156 3
157 2
158 0
159 -2
160 7
161 10
162 15
163 11
164 8
165 7
166 6
167 7
168 7
169 11
170 7
171 10
172 10
173 9
174 5
175 -7
176 5
177 1
178 17
179 13
180 10
181 8
182 5
183 2
184 -2
185 -1
186 1
187 4
188 3
189 1
190 3
191 7
192 7
193 6
194 5
195 10
196 -4
197 0
198 0
199 -3
200 -8
201 -6
202 3
203 1
204 9
205 6
206 -3
207 -2
208 3
209 3
210 1
211 1
212 -1
213 3
214 7
215 8
216 17
217 21
218 15
219 21
220 19
221 18
222 16
223 12
224 -6
225 -8
226 -8
227 -8
228 -7
229 -8
230 -6
231 3
232 5
233 5
234 -1
235 3
236 5
237 6
238 21
239 23
240 28
241 25
242 25
243 29
244 29
245 22
246 17
247 18
248 24
249 24
250 24
251 27
252 18
253 21
254 19
255 21
