0 1
1 1
2 2
3 2
4 1
5 1
6 1
7 1
8 3
9 5
10 4
11 6
12 5
13 5
14 4
15 3
16 3
17 2
18 2
19 2
20 0
21 0
22 1
23 1
24 1
25 0
26 -1
27 0
28 0
29 1
30 3
31 2
32 2
33 3
34 3
35 4
36 5
37 5
38 4
39 3
40 4
41 5
42 3
43 3
44 3
45 2
46 2
47 2
48 4
49 4
50 0
51 1
52 2
53 5
54 5
55 6
56 6
57 7
58 7
59 8
60 8
61 7
62 7
63 6
64 7
65 6
66 7
67 7
68 7
69 6
70 6
71 3
72 4
73 4
74 3
75 2
76 4
77 4
78 4
79 1
80 1
81 2
82 1
83 2
84 1
85 2
86 1
87 1
88 2
89 2
90 2
91 4
92 6
93 6
94 5
95 5
96 6
97 6
98 6
99 7
100 6
101 7
102 7
103 7
104 5
105 5
106 4
107 3
108 7
109 7
110 7
111 5
112 4
113 5
114 5
115 5
116 4
117 4
118 4
119 4
120 4
121 4
122 1
123 1
124 -2
125 -3
126 -2
127 1
128 1
129 0
130 2
131 2
132 2
133 2
134 2
135 3
136 1
137 2
138 1
139 -3
140 -1
141 0
142 0
143 0
144 1
145 -1
146 -2
147 -1
148 -1
149 2
150 3
151 3
152 -1
153 0
154 -1
155 -1
156 -2
157 -3
158 -3
159 -3
160 -2
161 -1
162 -2
163 -2
164 2
165 2
166 1
167 1
168 1
169 1
170 -1
171 0
172 0
173 3
174 2
175 2
176 2
177 2
178 3
179 3
180 -1
181 0
182 -1
183 1
184 2
185 1
186 1
187 2
188 2
189 -1
190 -2
191 -2
192 -3
193 -6
194 -3
195 -3
196 -2
197 -2
198 -1
199 2
200 4
201 4
202 4
203 3
204 3
205 2
206 4
207 3
208 3
209 3
210 5
211 7
212 8
213 7
214 8
215 8
216 8
217 7
218 7
219 5
220 5
221 5
222 5
223 4
224 4
225 4
226 4
227 4
228 4
229 5
230 4
231 3
232 2
233 1
234 2
235 3
236 2
237 2
238 2
239 4
240 2
241 2
242 2
243 2
244 1
245 1
246 2
247 5
248 3
249 0
250 0
251 0
252 0
253 0
254 1
255 0
