0 0
1 -2
2 0
3 -1
4 -2
5 -2
6 1
7 2
8 0
9 -3
10 1
11 8
12 8
13 9
14 5
15 9
16 12
17 11
18 5
19 8
20 7
21 6
22 5
23 11
24 5
25 7
26 13
27 5
28 4
29 4
30 4
31 -3
32 9
33 2
34 3
35 7
36 5
37 11
38 10
39 4
40 2
41 -1
42 -3
43 8
44 13
45 20
46 29
47 27
48 24
49 17
50 19
51 0
52 0
53 -1
54 1
55 -6
56 -5
57 8
58 12
59 11
60 15
61 15
62 19
63 17
64 27
65 17
66 15
67 23
68 22
69 20
70 7
71 14
72 13
73 16
74 9
75 8
76 8
77 4
78 5
79 10
80 12
81 6
82 0
83 -1
84 -1
85 -2
86 -5
87 -4
88 -2
89 -5
90 2
91 4
92 6
93 5
94 6
95 5
96 2
97 3
98 3
99 2
100 4
101 6
102 11
103 6
104 10
105 11
106 11
107 12
108 12
109 8
110 6
111 7
112 3
113 0
114 0
115 7
116 10
117 10
118 21
119 21
120 22
121 22
122 13
123 12
124 10
125 8
126 -1
127 3
128 5
129 3
130 14
131 19
132 17
133 23
134 22
135 22
136 18
137 21
138 19
139 19
140 20
141 12
142 19
143 20
144 19
145 16
146 21
147 25
148 20
149 23
150 18
151 17
152 20
153 20
154 21
155 24
156 20
157 20
158 20
159 22
160 19
161 19
162 15
163 14
164 9
165 16
166 18
167 18
168 22
169 25
170 25
171 25
172 17
173 13
174 16
175 14
176 11
177 11
178 8
179 19
180 15
181 6
182 1
183 1
184 0
185 -3
186 -8
187 -11
188 -14
189 -8
190 -7
191 -8
192 5
193 5
194 10
195 4
196 -1
197 1
198 5
199 1
200 -4
201 -2
202 -2
203 2
204 0
205 8
206 7
207 9
208 7
209 14
210 7
211 8
212 5
213 3
214 5
215 2
216 6
217 7
218 11
219 11
220 10
221 -1
222 3
223 11
224 13
225 12
226 13
227 11
228 10
229 12
230 15
231 18
232 19
233 18
234 16
235 13
236 12
237 14
238 8
239 7
240 9
241 10
242 11
243 13
244 14
245 14
246 3
247 7
248 5
249 5
250 8
251 -2
252 11
253 9
254 0
255 -3
