0 2
1 3
2 2
3 2
4 4
5 5
6 5
7 1
8 0
9 -1
10 -1
11 0
12 -1
13 -1
14 -3
15 -3
16 -3
17 -1
18 -2
19 -4
20 -4
21 -1
22 -1
23 -1
24 0
25 1
26 1
27 2
28 2
29 2
30 2
31 4
32 1
33 2
34 2
35 0
36 -1
37 0
38 1
39 3
40 3
41 3
42 2
43 0
44 0
45 1
46 0
47 1
48 1
49 1
50 2
51 2
52 1
53 -1
54 -1
55 1
56 2
57 1
58 1
59 2
60 2
61 2
62 3
63 2
64 2
65 2
66 2
67 2
68 3
69 2
70 0
71 0
72 0
73 0
74 -1
75 -1
76 -1
77 -1
78 -1
79 1
80 0
81 1
82 1
83 1
84 2
85 2
86 2
87 2
88 1
89 0
90 0
91 0
92 0
93 0
94 -1
95 -1
96 -3
97 -2
98 -4
99 -4
100 -4
101 -3
102 -2
103 -2
104 2
105 4
106 4
107 3
108 3
109 3
110 2
111 2
112 1
113 -1
114 0
115 0
116 0
117 0
118 0
119 -2
120 -4
121 -4
122 -4
123 -4
124 -1
125 -2
126 0
127 0
128 0
129 2
130 2
131 2
132 1
133 1
134 2
135 3
136 5
137 4
138 3
139 3
140 5
141 3
142 3
143 2
144 2
145 3
146 1
147 0
148 -1
149 0
150 1
151 1
152 1
153 1
154 2
155 0
156 0
157 0
158 1
159 2
160 2
161 1
162 2
163 2
164 2
165 -2
166 -2
167 -1
168 0
169 0
170 2
171 1
172 0
173 0
174 0
175 1
176 1
177 3
178 3
179 3
180 3
181 3
182 5
183 6
184 6
185 7
186 7
187 8
188 8
189 8
190 9
191 9
192 6
193 6
194 4
195 5
196 4
197 4
198 4
199 6
200 4
201 5
202 5
203 5
204 5
205 5
206 4
207 4
208 3
209 3
210 5
211 6
212 6
213 2
214 2
215 2
216 2
217 3
218 3
219 5
220 5
221 5
222 4
223 1
224 1
225 1
226 1
227 2
228 5
229 4
230 5
231 3
232 3
233 3
234 4
235 3
236 4
237 4
238 0
239 0
240 0
241 0
242 1
243 3
244 -2
245 0
246 0
247 3
248 3
249 4
250 1
251 1
252 1
253 2
254 2
255 4
