0 0
1 2
2 2
3 1
4 1
5 0
6 0
7 0
8 1
9 0
10 0
11 0
12 2
13 3
14 4
15 4
16 4
17 3
18 3
19 3
20 2
21 0
22 0
23 0
24 1
25 1
26 0
27 0
28 1
29 1
30 0
31 0
32 1
33 0
34 -1
35 -1
36 1
37 0
38 0
39 1
40 1
41 1
42 2
43 2
44 2
45 4
46 3
47 4
48 3
49 1
50 0
51 1
52 0
53 1
54 1
55 1
56 -2
57 -2
58 -2
59 -2
60 1
61 1
62 2
63 2
64 2
65 1
66 2
67 2
68 1
69 1
70 1
71 1
72 0
73 0
74 -2
75 -1
76 -1
77 0
78 -1
79 1
80 0
81 2
82 2
83 2
84 1
85 1
86 1
87 2
88 2
89 2
90 1
91 1
92 1
93 2
94 -1
95 -1
96 -1
97 -2
98 -3
99 -1
100 -1
101 -1
102 -1
103 0
104 1
105 1
106 1
107 3
108 2
109 2
110 2
111 1
112 1
113 0
114 0
115 0
116 0
117 0
118 0
119 -1
120 0
121 -2
122 -2
123 -2
124 -1
125 0
126 1
127 1
128 3
129 2
130 3
131 3
132 2
133 3
134 5
135 4
136 1
137 1
138 1
139 3
140 3
141 2
142 2
143 1
144 1
145 1
146 1
147 2
148 2
149 1
150 1
151 0
152 -3
153 -4
154 -3
155 -3
156 -2
157 -1
158 2
159 3
160 4
161 2
162 2
163 1
164 1
165 1
166 2
167 1
168 3
169 2
170 1
171 2
172 3
173 2
174 3
175 2
176 -1
177 0
178 -1
179 -1
180 0
181 0
182 -3
183 0
184 3
185 1
186 1
187 1
188 3
189 2
190 2
191 3
192 4
193 4
194 2
195 2
196 2
197 0
198 1
199 1
200 0
201 -1
202 0
203 0
204 0
205 1
206 0
207 1
208 0
209 0
210 1
211 0
212 2
213 2
214 3
215 3
216 3
217 1
218 1
219 1
220 1
221 1
222 1
223 2
224 2
225 1
226 1
227 0
228 -1
229 -2
230 -2
231 -2
232 -2
233 -2
234 -2
235 -2
236 0
237 -1
238 3
239 3
240 1
241 1
242 2
243 2
244 2
245 2
246 2
247 1
248 4
249 4
250 2
251 2
252 2
253 1
254 1
255 0
