0 21
1 25
2 24
3 19
4 19
5 22
6 18
7 15
8 14
9 15
10 11
11 7
12 8
13 4
14 1
15 16
16 12
17 12
18 14
19 14
20 15
21 14
22 14
23 15
24 13
25 7
26 6
27 6
28 8
29 7
30 7
31 15
32 9
33 2
34 2
35 0
36 3
37 3
38 4
39 4
40 5
41 6
42 5
43 -2
44 -3
45 -1
46 1
47 0
48 3
49 -4
50 -4
51 0
52 -1
53 4
54 3
55 2
56 -3
57 1
58 9
59 7
60 6
61 17
62 10
63 5
64 6
65 1
66 2
67 1
68 1
69 1
70 1
71 1
72 1
73 0
74 4
75 3
76 2
77 4
78 1
79 4
80 4
81 8
82 11
83 13
84 2
85 4
86 5
87 7
88 10
89 13
90 15
91 13
92 14
93 10
94 7
95 3
96 8
97 10
98 7
99 8
100 8
101 13
102 16
103 12
104 12
105 12
106 16
107 16
108 16
109 15
110 13
111 12
112 12
113 22
114 22
115 21
116 22
117 22
118 23
119 21
120 20
121 19
122 16
123 16
124 13
125 17
126 19
127 24
128 25
129 25
130 25
131 24
132 24
133 23
134 23
135 21
136 21
137 20
138 17
139 14
140 13
141 12
142 13
143 11
144 6
145 5
146 7
147 9
148 10
149 12
150 10
151 10
152 6
153 6
154 3
155 3
156 6
157 6
158 6
159 4
160 4
161 2
162 2
163 3
164 6
165 8
166 9
167 7
168 7
169 11
170 13
171 13
172 14
173 11
174 11
175 13
176 15
177 19
178 19
179 15
180 15
181 17
182 18
183 20
184 16
185 15
186 17
187 15
188 13
189 13
190 11
191 10
192 12
193 13
194 13
195 12
196 10
197 10
198 8
199 8
200 1
201 2
202 4
203 7
204 7
205 5
206 7
207 11
208 12
209 10
210 9
211 9
212 2
213 2
214 3
215 11
216 7
217 9
218 9
219 19
220 24
221 22
222 21
223 23
224 26
225 26
226 32
227 36
228 33
229 29
230 29
231 31
232 30
233 30
234 27
235 28
236 25
237 25
238 28
239 27
240 27
241 26
242 24
243 27
244 26
245 28
246 29
247 28
248 28
249 26
250 28
251 29
252 33
253 26
254 26
255 27
