0 57
1 57
2 64
3 63
4 62
5 62
6 62
7 60
8 76
9 79
10 74
11 69
12 60
13 60
14 61
15 62
16 58
17 65
18 55
19 53
20 50
21 52
22 49
23 50
24 52
25 59
26 58
27 49
28 39
29 50
30 54
31 51
32 60
33 61
34 65
35 58
36 62
37 60
38 51
39 50
40 53
41 60
42 62
43 62
44 64
45 64
46 59
47 62
48 64
49 62
50 73
51 73
52 77
53 76
54 71
55 70
56 70
57 59
58 56
59 60
60 62
61 63
62 62
63 61
64 57
65 56
66 58
67 45
68 41
69 50
70 51
71 52
72 54
73 57
74 57
75 67
76 69
77 62
78 65
79 66
80 68
81 66
82 56
83 56
84 54
85 53
86 62
87 57
88 44
89 38
90 38
91 39
92 45
93 35
94 33
95 31
96 35
97 29
98 27
99 21
100 30
101 23
102 19
103 9
104 15
105 17
106 14
107 6
108 12
109 6
110 3
111 9
112 16
113 18
114 14
115 9
116 12
117 6
118 8
119 6
120 8
121 8
122 8
123 24
124 23
125 20
126 27
127 26
128 21
129 17
130 22
131 23
132 35
133 35
134 40
135 32
136 22
137 14
138 16
139 21
140 26
141 34
142 32
143 31
144 39
145 37
146 41
147 29
148 37
149 33
150 30
151 27
152 28
153 27
154 35
155 35
156 34
157 39
158 40
159 40
160 40
161 56
162 67
163 55
164 51
165 51
166 46
167 50
168 58
169 68
170 64
171 66
172 71
173 68
174 70
175 74
176 88
177 86
178 93
179 101
180 111
181 111
182 109
183 120
184 133
185 146
186 144
187 145
188 143
189 144
190 145
191 135
192 135
193 134
194 140
195 145
196 136
197 136
198 137
199 133
200 134
201 137
202 140
203 145
204 145
205 144
206 146
207 152
208 150
209 133
210 118
211 111
212 111
213 106
214 103
215 99
216 93
217 93
218 94
219 91
220 91
221 94
222 97
223 91
224 89
225 87
226 85
227 85
228 86
229 82
230 80
231 82
232 85
233 93
234 89
235 90
236 95
237 106
238 101
239 102
240 106
241 99
242 100
243 100
244 105
245 84
246 94
247 93
248 94
249 92
250 93
251 77
252 71
253 71
254 70
255 65
