0 -13
1 -12
2 -20
3 -19
4 -19
5 -14
6 -10
7 -9
8 -5
9 -7
10 -3
11 3
12 2
13 13
14 10
15 27
16 24
17 25
18 26
19 32
20 35
21 25
22 15
23 20
24 20
25 20
26 26
27 28
28 31
29 33
30 34
31 35
32 36
33 40
34 44
35 45
36 57
37 53
38 50
39 54
40 55
41 47
42 43
43 43
44 50
45 47
46 48
47 47
48 46
49 46
50 52
51 54
52 52
53 58
54 53
55 53
56 43
57 33
58 33
59 31
60 32
61 39
62 32
63 30
64 30
65 18
66 13
67 13
68 10
69 13
70 9
71 12
72 8
73 15
74 19
75 18
76 14
77 17
78 22
79 24
80 26
81 26
82 23
83 24
84 12
85 3
86 5
87 6
88 6
89 5
90 13
91 16
92 16
93 16
94 12
95 11
96 11
97 11
98 6
99 4
100 7
101 6
102 3
103 8
104 10
105 11
106 0
107 14
108 13
109 17
110 15
111 21
112 29
113 27
114 26
115 27
116 25
117 25
118 22
119 23
120 22
121 8
122 8
123 3
124 8
125 9
126 5
127 9
128 11
129 16
130 22
131 23
132 14
133 20
134 22
135 25
136 23
137 26
138 25
139 28
140 31
141 32
142 28
143 27
144 31
145 31
146 33
147 38
148 33
149 29
150 22
151 23
152 22
153 25
154 23
155 26
156 27
157 28
158 27
159 27
160 30
161 29
162 29
163 30
164 31
165 33
166 36
167 37
168 35
169 36
170 36
171 35
172 34
173 36
174 32
175 30
176 23
177 23
178 16
179 11
180 8
181 8
182 8
183 8
184 10
185 9
186 18
187 7
188 6
189 6
190 4
191 7
192 -3
193 -14
194 -12
195 -9
196 -9
197 0
198 -1
199 2
200 6
201 -1
202 -4
203 -4
204 -3
205 3
206 7
207 7
208 9
209 8
210 9
211 3
212 5
213 -3
214 -2
215 -1
216 -8
217 -3
218 0
219 -2
220 2
221 2
222 27
223 26
224 24
225 17
226 12
227 8
228 4
229 6
230 2
231 0
232 0
233 -2
234 -1
235 0
236 -9
237 -10
238 -9
239 -13
240 -13
241 -17
242 -14
243 -17
244 -17
245 -8
246 -14
247 -21
248 -22
249 -25
250 -19
251 -20
252 -29
253 -24
254 -23
255 -11
