0 15
1 15
2 14
3 11
4 12
5 12
6 12
7 7
8 9
9 9
10 8
11 9
12 7
13 7
14 8
15 10
16 10
17 9
18 10
19 10
20 11
21 8
22 9
23 9
24 9
25 9
26 9
27 8
28 8
29 9
30 9
31 9
32 9
33 14
34 15
35 16
36 15
37 16
38 14
39 18
40 16
41 16
42 15
43 13
44 12
45 11
46 10
47 9
48 8
49 8
50 9
51 9
52 9
53 10
54 11
55 11
56 11
57 13
58 13
59 10
60 7
61 7
62 9
63 7
64 7
65 8
66 8
67 9
68 9
69 9
70 7
71 7
72 7
73 9
74 9
75 9
76 9
77 10
78 12
79 12
80 12
81 12
82 10
83 13
84 13
85 13
86 11
87 11
88 12
89 12
90 12
91 10
92 10
93 11
94 12
95 12
96 11
97 11
98 12
99 12
100 12
101 12
102 13
103 14
104 14
105 13
106 14
107 13
108 11
109 12
110 12
111 13
112 12
113 13
114 14
115 13
116 13
117 13
118 10
119 9
120 11
121 14
122 14
123 13
124 13
125 16
126 17
127 18
128 18
129 19
130 19
131 17
132 17
133 17
134 16
135 16
136 12
137 12
138 12
139 11
140 11
141 11
142 11
143 11
144 11
145 11
146 11
147 9
148 9
149 8
150 8
151 7
152 6
153 4
154 4
155 7
156 9
157 8
158 6
159 2
160 2
161 4
162 5
163 5
164 4
165 3
166 4
167 4
168 4
169 4
170 3
171 4
172 4
173 3
174 5
175 6
176 6
177 10
178 10
179 9
180 9
181 9
182 7
183 8
184 8
185 8
186 6
187 14
188 15
189 9
190 10
191 8
192 7
193 5
194 4
195 4
196 5
197 5
198 4
199 4
200 3
201 3
202 3
203 5
204 6
205 6
206 6
207 5
208 1
209 1
210 1
211 2
212 2
213 4
214 6
215 6
216 8
217 8
218 7
219 14
220 13
221 13
222 13
223 11
224 11
225 9
226 9
227 9
228 8
229 11
230 11
231 11
232 12
233 14
234 14
235 10
236 9
237 10
238 9
239 10
240 9
241 10
242 10
243 10
244 10
245 10
246 11
247 11
248 11
249 11
250 11
251 12
252 15
253 15
254 16
255 16
