0 -1
1 -1
2 2
3 2
4 2
5 2
6 3
7 1
8 0
9 0
10 -1
11 1
12 1
13 0
14 3
15 2
16 2
17 1
18 0
19 0
20 0
21 0
22 -1
23 0
24 0
25 0
26 0
27 0
28 -1
29 -1
30 0
31 0
32 0
33 -1
34 0
35 0
36 -1
37 0
38 1
39 1
40 0
41 0
42 0
43 0
44 2
45 0
46 0
47 2
48 2
49 1
50 3
51 3
52 0
53 2
54 1
55 0
56 0
57 1
58 0
59 0
60 0
61 0
62 1
63 2
64 3
65 1
66 1
67 -1
68 0
69 1
70 1
71 -2
72 0
73 -2
74 -1
75 0
76 0
77 0
78 0
79 -1
80 0
81 0
82 -3
83 0
84 0
85 -1
86 -1
87 -1
88 0
89 1
90 1
91 1
92 0
93 1
94 1
95 1
96 1
97 1
98 0
99 -2
100 0
101 0
102 0
103 0
104 0
105 0
106 0
107 0
108 0
109 0
110 0
111 0
112 0
113 0
114 1
115 0
116 0
117 0
118 1
119 -1
120 -1
121 0
122 -1
123 -1
124 -1
125 -1
126 -1
127 -1
128 -1
129 0
130 0
131 0
132 0
133 0
134 0
135 1
136 1
137 -1
138 -1
139 -1
140 0
141 0
142 0
143 2
144 -1
145 0
146 0
147 1
148 1
149 2
150 2
151 2
152 2
153 2
154 2
155 1
156 1
157 0
158 1
159 1
160 2
161 3
162 3
163 1
164 1
165 0
166 0
167 0
168 0
169 0
170 1
171 0
172 0
173 -1
174 -1
175 -1
176 0
177 0
178 0
179 1
180 1
181 1
182 -1
183 -1
184 -1
185 -2
186 0
187 1
188 0
189 1
190 2
191 1
192 1
193 1
194 0
195 1
196 0
197 1
198 1
199 3
200 2
201 2
202 0
203 0
204 0
205 0
206 0
207 -1
208 -2
209 0
210 0
211 0
212 0
213 0
214 0
215 -1
216 -1
217 0
218 0
219 0
220 -2
221 -1
222 -1
223 -1
224 -1
225 -1
226 -1
227 0
228 0
229 0
230 0
231 0
232 0
233 0
234 0
235 0
236 0
237 2
238 0
239 0
240 0
241 0
242 0
243 1
244 1
245 1
246 2
247 1
248 3
249 2
250 2
251 2
252 0
253 0
254 1
255 -1
