0 16
1 11
2 7
3 7
4 1
5 3
6 1
7 1
8 -3
9 -2
10 -18
11 -9
12 -8
13 -10
14 -18
15 -19
16 -18
17 -5
18 -8
19 -6
20 -5
21 -6
22 -6
23 9
24 9
25 10
26 13
27 26
28 8
29 8
30 5
31 7
32 1
33 1
34 7
35 9
36 6
37 6
38 5
39 21
40 15
41 14
42 21
43 21
44 19
45 18
46 15
47 8
48 19
49 24
50 24
51 26
52 24
53 22
54 23
55 21
56 3
57 -4
58 -1
59 -1
60 14
61 13
62 15
63 18
64 13
65 7
66 18
67 6
68 3
69 6
70 -3
71 -3
72 1
73 9
74 21
75 16
76 18
77 16
78 8
79 13
80 13
81 14
82 16
83 21
84 23
85 25
86 22
87 4
88 2
89 5
90 3
91 4
92 4
93 4
94 1
95 10
96 7
97 -1
98 0
99 2
100 -2
101 11
102 7
103 -8
104 -8
105 -7
106 -2
107 -1
108 2
109 3
110 0
111 -3
112 -5
113 -4
114 19
115 19
116 22
117 24
118 23
119 21
120 18
121 8
122 15
123 16
124 36
125 47
126 47
127 33
128 29
129 34
130 47
131 28
132 26
133 18
134 19
135 15
136 10
137 9
138 14
139 15
140 3
141 13
142 11
143 5
144 2
145 9
146 18
147 19
148 15
149 15
150 16
151 19
152 17
153 15
154 14
155 14
156 14
157 18
158 18
159 18
160 15
161 21
162 32
163 29
164 31
165 13
166 25
167 23
168 18
169 15
170 20
171 18
172 21
173 26
174 27
175 22
176 23
177 18
178 18
179 22
180 34
181 34
182 29
183 29
184 28
185 27
186 23
187 18
188 20
189 21
190 18
191 18
192 7
193 8
194 11
195 10
196 9
197 7
198 6
199 -4
200 -4
201 -5
202 -1
203 11
204 3
205 6
206 -1
207 -6
208 1
209 0
210 -1
211 1
212 3
213 5
214 3
215 6
216 3
217 4
218 -2
219 1
220 2
221 -3
222 -1
223 -1
224 -7
225 -7
226 -3
227 2
228 16
229 12
230 14
231 8
232 9
233 6
234 9
235 16
236 12
237 17
238 12
239 19
240 23
241 24
242 21
243 20
244 20
245 17
246 17
247 19
248 15
249 10
250 13
251 10
252 19
253 19
254 14
255 14
