0 -5
1 0
2 0
3 2
4 6
5 8
6 2
7 4
8 9
9 8
10 8
11 12
12 15
13 18
14 9
15 16
16 16
17 7
18 2
19 5
20 6
21 1
22 -1
23 3
24 7
25 5
26 5
27 -2
28 -2
29 -3
30 1
31 0
32 2
33 1
34 -1
35 -7
36 -4
37 -4
38 5
39 -10
40 -9
41 -3
42 9
43 10
44 10
45 16
46 15
47 16
48 16
49 16
50 24
51 27
52 22
53 19
54 18
55 15
56 17
57 13
58 13
59 4
60 4
61 8
62 12
63 3
64 2
65 -2
66 1
67 2
68 1
69 -2
70 -3
71 -6
72 -6
73 -7
74 -4
75 -8
76 -6
77 -4
78 -4
79 2
80 7
81 11
82 10
83 9
84 8
85 9
86 10
87 6
88 11
89 5
90 4
91 2
92 2
93 3
94 2
95 4
96 3
97 3
98 3
99 7
100 8
101 16
102 17
103 8
104 4
105 2
106 0
107 -10
108 -11
109 -8
110 0
111 -1
112 -2
113 -1
114 -1
115 -1
116 -2
117 -6
118 -10
119 -10
120 -3
121 0
122 1
123 6
124 8
125 6
126 4
127 2
128 2
129 3
130 3
131 2
132 9
133 9
134 12
135 13
136 13
137 20
138 26
139 20
140 16
141 17
142 18
143 22
144 18
145 25
146 40
147 40
148 39
149 36
150 38
151 36
152 30
153 41
154 39
155 42
156 44
157 47
158 42
159 34
160 36
161 32
162 29
163 29
164 29
165 29
166 24
167 26
168 23
169 19
170 18
171 18
172 25
173 21
174 27
175 29
176 30
177 30
178 30
179 31
180 36
181 50
182 50
183 51
184 51
185 52
186 41
187 43
188 47
189 45
190 20
191 20
192 20
193 18
194 15
195 19
196 17
197 16
198 8
199 9
200 8
201 16
202 15
203 14
204 22
205 19
206 24
207 37
208 41
209 41
210 43
211 40
212 40
213 29
214 28
215 24
216 14
217 13
218 14
219 14
220 10
221 7
222 1
223 3
224 0
225 3
226 4
227 3
228 13
229 12
230 7
231 8
232 12
233 11
234 12
235 2
236 3
237 -2
238 -3
239 -4
240 -6
241 -2
242 -2
243 -7
244 -7
245 -5
246 -7
247 -6
248 -9
249 -5
250 -4
251 -5
252 0
253 9
254 0
255 -1
