0 1
1 -2
2 -2
3 -3
4 -4
5 -4
6 -2
7 0
8 0
9 0
10 4
11 2
12 2
13 3
14 2
15 1
16 1
17 -3
18 -2
19 -2
20 -4
21 -3
22 0
23 2
24 2
25 2
26 0
27 0
28 0
29 2
30 1
31 2
32 2
33 2
34 3
35 5
36 4
37 4
38 4
39 2
40 1
41 2
42 1
43 2
44 2
45 4
46 3
47 3
48 2
49 1
50 1
51 0
52 0
53 1
54 1
55 -2
56 -2
57 -2
58 0
59 0
60 0
61 0
62 -1
63 -1
64 1
65 -2
66 -1
67 -1
68 -2
69 -1
70 -1
71 -1
72 -2
73 -2
74 6
75 8
76 7
77 5
78 4
79 2
80 2
81 2
82 1
83 2
84 2
85 2
86 1
87 3
88 3
89 3
90 3
91 1
92 0
93 1
94 0
95 0
96 1
97 1
98 3
99 4
100 5
101 5
102 4
103 4
104 5
105 4
106 0
107 0
108 1
109 1
110 0
111 2
112 0
113 0
114 0
115 -1
116 -1
117 0
118 1
119 0
120 -1
121 0
122 0
123 -1
124 -1
125 -1
126 -1
127 0
128 2
129 4
130 2
131 2
132 1
133 1
134 1
135 1
136 0
137 2
138 3
139 3
140 4
141 4
142 3
143 3
144 4
145 4
146 5
147 5
148 2
149 2
150 4
151 6
152 6
153 5
154 5
155 8
156 8
157 10
158 8
159 7
160 8
161 8
162 8
163 6
164 2
165 2
166 3
167 1
168 1
169 1
170 2
171 2
172 3
173 3
174 2
175 1
176 0
177 0
178 0
179 0
180 1
181 3
182 3
183 3
184 3
185 1
186 1
187 1
188 1
189 1
190 1
191 0
192 1
193 1
194 1
195 0
196 0
197 1
198 1
199 2
200 1
201 1
202 0
203 -1
204 -5
205 -3
206 -1
207 -3
208 -2
209 -2
210 -2
211 -1
212 0
213 0
214 0
215 0
216 0
217 0
218 1
219 1
220 1
221 2
222 1
223 2
224 1
225 1
226 0
227 1
228 1
229 0
230 1
231 1
232 1
233 4
234 3
235 0
236 0
237 -1
238 -1
239 -1
240 0
241 1
242 2
243 2
244 1
245 1
246 2
247 0
248 -3
249 -1
250 -1
251 1
252 1
253 -4
254 -1
255 0
