0 25
1 31
2 32
3 29
4 31
5 35
6 36
7 37
8 42
9 36
10 38
11 45
12 43
13 41
14 47
15 43
16 45
17 43
18 47
19 49
20 42
21 50
22 50
23 54
24 54
25 52
26 52
27 52
28 57
29 56
30 52
31 53
32 45
33 45
34 47
35 48
36 43
37 37
38 38
39 40
40 41
41 40
42 37
43 38
44 48
45 44
46 43
47 28
48 33
49 33
50 35
51 38
52 35
53 35
54 34
55 35
56 36
57 37
58 36
59 38
60 33
61 37
62 35
63 46
64 50
65 43
66 32
67 34
68 34
69 41
70 41
71 46
72 46
73 46
74 41
75 39
76 37
77 40
78 47
79 46
80 47
81 50
82 45
83 43
84 53
85 48
86 48
87 40
88 35
89 33
90 28
91 24
92 23
93 24
94 29
95 40
96 40
97 40
98 40
99 40
100 41
101 42
102 37
103 36
104 37
105 35
106 31
107 31
108 17
109 11
110 9
111 13
112 8
113 7
114 4
115 16
116 18
117 21
118 22
119 22
120 34
121 34
122 33
123 29
124 28
125 30
126 39
127 36
128 36
129 34
130 32
131 32
132 37
133 38
134 41
135 41
136 39
137 59
138 61
139 62
140 69
141 68
142 66
143 61
144 64
145 64
146 66
147 65
148 59
149 59
150 58
151 52
152 46
153 47
154 46
155 46
156 46
157 45
158 44
159 39
160 41
161 44
162 44
163 47
164 48
165 38
166 46
167 54
168 46
169 43
170 45
171 53
172 51
173 52
174 43
175 43
176 43
177 49
178 55
179 55
180 56
181 51
182 58
183 58
184 56
185 56
186 65
187 58
188 57
189 56
190 51
191 45
192 45
193 34
194 33
195 40
196 41
197 39
198 35
199 32
200 33
201 37
202 37
203 36
204 28
205 29
206 30
207 17
208 16
209 16
210 17
211 23
212 18
213 24
214 32
215 40
216 42
217 47
218 47
219 58
220 66
221 68
222 69
223 69
224 69
225 65
226 64
227 63
228 62
229 64
230 60
231 59
232 59
233 59
234 52
235 52
236 55
237 39
238 38
239 27
240 32
241 33
242 32
243 31
244 25
245 16
246 7
247 8
248 8
249 11
250 16
251 19
252 23
253 25
254 28
255 29
