0 -8
1 -7
2 -4
3 -3
4 0
5 3
6 5
7 3
8 4
9 0
10 -1
11 -4
12 -1
13 2
14 7
15 6
16 9
17 7
18 2
19 7
20 7
21 6
22 7
23 8
24 8
25 9
26 5
27 5
28 2
29 -1
30 5
31 8
32 10
33 11
34 14
35 11
36 15
37 12
38 13
39 13
40 8
41 7
42 8
43 10
44 8
45 9
46 7
47 8
48 7
49 7
50 8
51 1
52 1
53 -1
54 -1
55 0
56 5
57 2
58 4
59 1
60 1
61 -4
62 -1
63 5
64 7
65 7
66 10
67 9
68 10
69 8
70 11
71 10
72 2
73 2
74 2
75 4
76 4
77 2
78 -3
79 -5
80 -3
81 -5
82 -2
83 -2
84 7
85 9
86 12
87 8
88 9
89 9
90 11
91 12
92 13
93 17
94 18
95 18
96 13
97 11
98 12
99 13
100 14
101 14
102 14
103 13
104 14
105 15
106 15
107 16
108 17
109 13
110 9
111 6
112 5
113 8
114 8
115 6
116 5
117 7
118 9
119 14
120 14
121 11
122 12
123 8
124 9
125 10
126 7
127 12
128 12
129 13
130 11
131 5
132 3
133 2
134 0
135 -1
136 -1
137 7
138 3
139 3
140 5
141 5
142 7
143 13
144 14
145 14
146 16
147 15
148 11
149 6
150 4
151 3
152 3
153 5
154 5
155 9
156 -1
157 5
158 1
159 -1
160 -1
161 -1
162 -1
163 1
164 5
165 8
166 8
167 7
168 10
169 9
170 9
171 8
172 9
173 9
174 3
175 7
176 7
177 1
178 2
179 0
180 2
181 1
182 2
183 0
184 0
185 4
186 4
187 7
188 14
189 17
190 17
191 5
192 3
193 4
194 0
195 0
196 1
197 1
198 7
199 11
200 13
201 15
202 10
203 13
204 10
205 6
206 9
207 9
208 9
209 8
210 11
211 10
212 8
213 8
214 7
215 7
216 4
217 5
218 4
219 -4
220 -1
221 -1
222 -3
223 -3
224 -7
225 -2
226 4
227 5
228 14
229 14
230 14
231 14
232 13
233 16
234 13
235 14
236 15
237 13
238 7
239 10
240 9
241 7
242 7
243 7
244 8
245 4
246 1
247 3
248 2
249 4
250 3
251 3
252 -3
253 -6
254 -4
255 -8
