0 24
1 21
2 24
3 27
4 25
5 29
6 30
7 30
8 32
9 20
10 25
11 30
12 33
13 31
14 33
15 36
16 38
17 38
18 41
19 43
20 38
21 39
22 40
23 39
24 43
25 41
26 43
27 39
28 39
29 40
30 40
31 40
32 42
33 40
34 40
35 41
36 39
37 40
38 38
39 35
40 35
41 34
42 30
43 32
44 33
45 33
46 29
47 31
48 27
49 24
50 25
51 23
52 24
53 24
54 30
55 31
56 29
57 27
58 25
59 25
60 27
61 35
62 41
63 43
64 42
65 44
66 50
67 47
68 35
69 34
70 34
71 33
72 34
73 29
74 34
75 37
76 36
77 37
78 34
79 30
80 28
81 25
82 23
83 20
84 14
85 17
86 15
87 11
88 9
89 12
90 -1
91 0
92 2
93 5
94 3
95 8
96 8
97 8
98 8
99 9
100 8
101 8
102 8
103 9
104 10
105 10
106 3
107 5
108 5
109 1
110 2
111 2
112 8
113 11
114 4
115 4
116 6
117 8
118 10
119 11
120 11
121 9
122 11
123 7
124 7
125 7
126 7
127 9
128 10
129 9
130 19
131 19
132 23
133 19
134 20
135 20
136 16
137 15
138 13
139 13
140 16
141 21
142 19
143 18
144 14
145 20
146 23
147 19
148 17
149 20
150 20
151 20
152 21
153 21
154 23
155 24
156 22
157 20
158 21
159 22
160 19
161 20
162 15
163 17
164 17
165 17
166 17
167 17
168 19
169 20
170 19
171 25
172 24
173 26
174 24
175 24
176 23
177 16
178 16
179 17
180 16
181 14
182 5
183 6
184 6
185 6
186 8
187 8
188 8
189 9
190 9
191 4
192 7
193 6
194 5
195 1
196 -2
197 1
198 0
199 -1
200 -1
201 5
202 6
203 5
204 5
205 5
206 6
207 1
208 1
209 -4
210 -3
211 -8
212 -10
213 -8
214 -1
215 4
216 5
217 13
218 13
219 16
220 18
221 18
222 18
223 25
224 24
225 24
226 21
227 21
228 26
229 22
230 24
231 25
232 25
233 23
234 20
235 17
236 16
237 16
238 16
239 16
240 24
241 24
242 25
243 22
244 18
245 17
246 14
247 16
248 18
249 17
250 18
251 18
252 20
253 20
254 21
255 21
