0 7
1 0
2 0
3 -4
4 -5
5 -6
6 -3
7 1
8 4
9 3
10 -11
11 -9
12 -6
13 -13
14 -3
15 -8
16 1
17 -3
18 1
19 -1
20 0
21 -1
22 0
23 0
24 8
25 6
26 10
27 13
28 10
29 8
30 10
31 0
32 -3
33 -9
34 4
35 4
36 4
37 5
38 8
39 4
40 18
41 19
42 22
43 12
44 8
45 13
46 7
47 2
48 2
49 3
50 2
51 0
52 -2
53 0
54 0
55 -1
56 6
57 6
58 8
59 14
60 15
61 16
62 10
63 7
64 4
65 2
66 7
67 2
68 9
69 19
70 16
71 15
72 20
73 21
74 15
75 22
76 15
77 15
78 10
79 6
80 8
81 7
82 3
83 5
84 8
85 6
86 5
87 4
88 11
89 12
90 19
91 26
92 19
93 18
94 13
95 11
96 12
97 -3
98 0
99 -1
100 10
101 10
102 7
103 11
104 8
105 6
106 0
107 1
108 4
109 1
110 1
111 0
112 0
113 -2
114 -2
115 -5
116 -5
117 -7
118 -7
119 1
120 0
121 -4
122 20
123 27
124 28
125 34
126 31
127 37
128 36
129 31
130 39
131 32
132 34
133 33
134 31
135 33
136 31
137 32
138 24
139 21
140 17
141 18
142 24
143 25
144 27
145 20
146 18
147 13
148 13
149 25
150 24
151 26
152 26
153 25
154 18
155 21
156 20
157 -6
158 -6
159 9
160 8
161 10
162 15
163 11
164 7
165 7
166 18
167 22
168 15
169 11
170 4
171 0
172 0
173 -2
174 -3
175 5
176 4
177 -3
178 -1
179 3
180 7
181 -4
182 -7
183 -3
184 1
185 1
186 1
187 1
188 4
189 6
190 5
191 7
192 8
193 11
194 7
195 3
196 -3
197 -4
198 4
199 -14
200 -9
201 -1
202 0
203 0
204 -1
205 3
206 -3
207 4
208 3
209 2
210 1
211 3
212 3
213 8
214 9
215 3
216 4
217 5
218 -3
219 -1
220 -5
221 -1
222 4
223 4
224 3
225 -7
226 -1
227 -1
228 -1
229 -4
230 1
231 5
232 5
233 4
234 2
235 2
236 9
237 20
238 19
239 13
240 12
241 14
242 5
243 12
244 3
245 12
246 26
247 26
248 23
249 5
250 7
251 7
252 10
253 6
254 7
255 6
