0 0
1 0
2 -1
3 0
4 0
5 0
6 1
7 0
8 1
9 0
10 1
11 2
12 2
13 3
14 0
15 0
16 -1
17 0
18 0
19 2
20 4
21 3
22 2
23 2
24 3
25 4
26 4
27 2
28 2
29 2
30 2
31 0
32 0
33 0
34 0
35 -2
36 -2
37 0
38 0
39 1
40 0
41 -1
42 0
43 1
44 1
45 1
46 1
47 0
48 -5
49 -5
50 -2
51 0
52 1
53 1
54 1
55 3
56 2
57 2
58 1
59 0
60 2
61 2
62 2
63 2
64 2
65 5
66 4
67 4
68 2
69 2
70 2
71 2
72 2
73 1
74 1
75 1
76 0
77 0
78 1
79 2
80 3
81 3
82 0
83 0
84 0
85 0
86 0
87 -1
88 1
89 1
90 2
91 2
92 1
93 1
94 1
95 1
96 -1
97 2
98 4
99 3
100 5
101 5
102 5
103 6
104 3
105 4
106 4
107 2
108 1
109 1
110 2
111 2
112 2
113 3
114 2
115 1
116 1
117 0
118 0
119 -1
120 0
121 0
122 -1
123 -2
124 -1
125 -1
126 0
127 0
128 0
129 -1
130 0
131 0
132 1
133 1
134 3
135 2
136 1
137 1
138 1
139 3
140 4
141 2
142 1
143 0
144 0
145 -1
146 -1
147 0
148 1
149 0
150 0
151 0
152 -2
153 0
154 0
155 -1
156 -1
157 -1
158 -1
159 1
160 1
161 1
162 1
163 1
164 0
165 1
166 1
167 2
168 1
169 2
170 2
171 2
172 2
173 1
174 1
175 2
176 1
177 0
178 0
179 0
180 0
181 0
182 -1
183 0
184 0
185 0
186 -1
187 -2
188 -3
189 -2
190 0
191 -1
192 -2
193 -1
194 0
195 2
196 2
197 2
198 0
199 0
200 0
201 0
202 -1
203 -1
204 -1
205 -1
206 2
207 2
208 -1
209 -1
210 1
211 2
212 1
213 1
214 1
215 -1
216 0
217 0
218 0
219 0
220 1
221 0
222 1
223 2
224 2
225 2
226 0
227 -2
228 -1
229 3
230 1
231 1
232 2
233 3
234 2
235 2
236 2
237 1
238 1
239 2
240 2
241 0
242 0
243 -1
244 -2
245 -2
246 -3
247 -2
248 -1
249 0
250 0
251 0
252 -1
253 -1
254 -1
255 -1
