0 9
1 10
2 10
3 10
4 11
5 9
6 10
7 9
8 8
9 10
10 10
11 12
12 11
13 11
14 6
15 6
16 8
17 6
18 5
19 3
20 3
21 4
22 5
23 3
24 1
25 2
26 2
27 2
28 -1
29 -1
30 1
31 3
32 3
33 1
34 1
35 0
36 1
37 1
38 1
39 2
40 2
41 0
42 0
43 0
44 0
45 -1
46 -1
47 0
48 1
49 1
50 2
51 2
52 3
53 2
54 2
55 1
56 1
57 3
58 1
59 1
60 1
61 1
62 1
63 1
64 1
65 -1
66 -3
67 -3
68 -3
69 -3
70 -3
71 -5
72 -7
73 -8
74 -8
75 -9
76 -6
77 -6
78 -6
79 -1
80 -4
81 -4
82 -4
83 -5
84 -4
85 -5
86 -5
87 -4
88 -4
89 -4
90 -2
91 1
92 2
93 0
94 0
95 0
96 3
97 2
98 2
99 2
100 2
101 1
102 1
103 2
104 2
105 1
106 1
107 1
108 1
109 1
110 1
111 1
112 1
113 1
114 3
115 3
116 3
117 3
118 3
119 3
120 3
121 5
122 5
123 5
124 3
125 4
126 3
127 2
128 1
129 2
130 2
131 4
132 4
133 5
134 6
135 6
136 7
137 8
138 9
139 9
140 9
141 10
142 7
143 9
144 8
145 7
146 8
147 8
148 5
149 3
150 3
151 4
152 4
153 5
154 5
155 5
156 3
157 5
158 4
159 6
160 4
161 8
162 7
163 8
164 8
165 12
166 12
167 12
168 10
169 9
170 13
171 12
172 14
173 14
174 11
175 10
176 11
177 7
178 10
179 10
180 10
181 7
182 6
183 6
184 6
185 8
186 12
187 13
188 11
189 10
190 9
191 9
192 8
193 8
194 11
195 11
196 8
197 7
198 9
199 12
200 11
201 12
202 11
203 12
204 13
205 11
206 11
207 11
208 13
209 13
210 13
211 11
212 13
213 15
214 17
215 17
216 16
217 16
218 11
219 11
220 10
221 9
222 5
223 5
224 6
225 6
226 7
227 7
228 10
229 10
230 10
231 11
232 11
233 8
234 8
235 8
236 8
237 7
238 8
239 9
240 9
241 7
242 6
243 6
244 5
245 6
246 7
247 7
248 5
249 5
250 4
251 4
252 4
253 7
254 7
255 9
