0 6
1 0
2 1
3 4
4 -7
5 -6
6 -7
7 -4
8 2
9 8
10 15
11 8
12 7
13 7
14 7
15 10
16 9
17 9
18 -3
19 -7
20 -16
21 -5
22 -4
23 1
24 -2
25 5
26 5
27 3
28 4
29 6
30 -4
31 8
32 8
33 8
34 8
35 0
36 0
37 0
38 0
39 3
40 -1
41 5
42 2
43 1
44 -1
45 2
46 1
47 3
48 2
49 1
50 -5
51 -12
52 -11
53 -9
54 -2
55 1
56 6
57 14
58 4
59 4
60 10
61 2
62 10
63 8
64 16
65 16
66 17
67 14
68 6
69 11
70 7
71 5
72 10
73 11
74 8
75 14
76 20
77 23
78 21
79 22
80 24
81 20
82 14
83 10
84 5
85 -3
86 -2
87 3
88 4
89 0
90 12
91 12
92 10
93 12
94 15
95 16
96 12
97 15
98 11
99 8
100 8
101 9
102 10
103 9
104 12
105 19
106 12
107 15
108 14
109 9
110 2
111 0
112 -7
113 -2
114 3
115 4
116 0
117 2
118 1
119 -2
120 -9
121 0
122 4
123 4
124 4
125 5
126 3
127 6
128 13
129 17
130 -1
131 -3
132 -4
133 3
134 4
135 3
136 11
137 15
138 23
139 27
140 25
141 24
142 16
143 15
144 8
145 12
146 7
147 7
148 3
149 0
150 -4
151 0
152 -3
153 3
154 1
155 1
156 0
157 6
158 0
159 2
160 2
161 12
162 14
163 15
164 12
165 2
166 5
167 4
168 10
169 10
170 11
171 4
172 -3
173 -5
174 -3
175 -7
176 4
177 4
178 9
179 8
180 7
181 12
182 12
183 11
184 12
185 17
186 17
187 -3
188 -3
189 1
190 0
191 -8
192 5
193 5
194 5
195 -3
196 5
197 4
198 -3
199 -6
200 -3
201 -4
202 -2
203 -5
204 4
205 5
206 -7
207 -1
208 -4
209 -3
210 1
211 -4
212 6
213 3
214 -13
215 -5
216 0
217 -3
218 -2
219 1
220 -3
221 -2
222 -2
223 1
224 0
225 0
226 1
227 1
228 0
229 1
230 -1
231 6
232 3
233 7
234 4
235 13
236 18
237 18
238 17
239 15
240 12
241 8
242 6
243 14
244 5
245 3
246 -1
247 -1
248 2
249 2
250 3
251 4
252 6
253 5
254 12
255 12
