0 41
1 40
2 39
3 30
4 28
5 33
6 33
7 27
8 30
9 32
10 20
11 23
12 28
13 26
14 26
15 19
16 17
17 16
18 15
19 18
20 12
21 4
22 1
23 7
24 11
25 19
26 18
27 15
28 18
29 10
30 8
31 4
32 3
33 -1
34 -1
35 -5
36 2
37 15
38 15
39 16
40 12
41 6
42 7
43 12
44 14
45 19
46 16
47 17
48 17
49 4
50 9
51 9
52 0
53 11
54 11
55 13
56 16
57 17
58 10
59 20
60 32
61 36
62 38
63 32
64 30
65 34
66 39
67 32
68 31
69 17
70 18
71 15
72 15
73 16
74 18
75 13
76 6
77 -6
78 -18
79 -11
80 -10
81 -22
82 -22
83 -24
84 -29
85 -24
86 -22
87 -27
88 -26
89 -19
90 -25
91 -30
92 -16
93 -1
94 -11
95 -4
96 -6
97 -7
98 12
99 -3
100 3
101 3
102 3
103 8
104 8
105 22
106 21
107 21
108 28
109 28
110 25
111 31
112 32
113 43
114 45
115 44
116 48
117 41
118 40
119 40
120 40
121 40
122 49
123 16
124 20
125 23
126 32
127 37
128 51
129 54
130 37
131 46
132 44
133 43
134 42
135 42
136 44
137 51
138 47
139 49
140 43
141 42
142 45
143 45
144 45
145 51
146 48
147 44
148 48
149 43
150 42
151 40
152 31
153 20
154 27
155 23
156 21
157 21
158 28
159 24
160 19
161 22
162 18
163 17
164 14
165 11
166 11
167 -1
168 2
169 4
170 5
171 14
172 19
173 20
174 20
175 27
176 26
177 28
178 16
179 16
180 14
181 14
182 10
183 4
184 5
185 1
186 -2
187 -4
188 -5
189 -3
190 -2
191 -1
192 0
193 -1
194 1
195 4
196 16
197 17
198 19
199 19
200 5
201 2
202 -3
203 0
204 6
205 19
206 19
207 19
208 25
209 31
210 31
211 26
212 34
213 32
214 20
215 31
216 32
217 22
218 23
219 23
220 28
221 34
222 31
223 31
224 30
225 33
226 30
227 29
228 17
229 25
230 31
231 30
232 26
233 30
234 26
235 28
236 30
237 16
238 18
239 23
240 22
241 23
242 22
243 21
244 12
245 17
246 21
247 22
248 20
249 19
250 18
251 19
252 16
253 11
254 25
255 37
