0 2
1 -3
2 0
3 2
4 1
5 3
6 1
7 -2
8 -6
9 1
10 8
11 10
12 17
13 17
14 18
15 21
16 17
17 12
18 10
19 5
20 5
21 3
22 2
23 -2
24 -1
25 0
26 -5
27 2
28 -14
29 -2
30 4
31 3
32 2
33 -6
34 2
35 1
36 6
37 11
38 14
39 15
40 21
41 20
42 14
43 14
44 12
45 13
46 13
47 14
48 15
49 16
50 18
51 8
52 5
53 3
54 1
55 5
56 8
57 3
58 -1
59 5
60 -1
61 -1
62 -5
63 -5
64 0
65 -9
66 -10
67 -22
68 -19
69 -18
70 -16
71 -17
72 -8
73 -11
74 -15
75 -3
76 11
77 13
78 14
79 10
80 2
81 4
82 -5
83 -1
84 -2
85 2
86 -5
87 2
88 -2
89 -2
90 2
91 2
92 2
93 1
94 2
95 5
96 -1
97 -7
98 -3
99 2
100 5
101 6
102 5
103 17
104 11
105 11
106 12
107 17
108 8
109 1
110 5
111 5
112 6
113 6
114 1
115 0
116 -4
117 3
118 7
119 7
120 3
121 6
122 9
123 -2
124 0
125 -8
126 7
127 9
128 13
129 11
130 -3
131 -1
132 12
133 12
134 14
135 17
136 10
137 27
138 19
139 14
140 15
141 13
142 17
143 15
144 16
145 22
146 18
147 13
148 15
149 16
150 18
151 16
152 7
153 10
154 5
155 5
156 0
157 9
158 8
159 13
160 10
161 3
162 13
163 11
164 11
165 3
166 3
167 1
168 3
169 9
170 10
171 9
172 14
173 17
174 14
175 5
176 -2
177 -2
178 -3
179 0
180 11
181 10
182 25
183 31
184 29
185 16
186 15
187 2
188 0
189 0
190 6
191 6
192 10
193 2
194 -7
195 -7
196 -8
197 -7
198 -19
199 -13
200 -2
201 5
202 4
203 4
204 9
205 11
206 13
207 15
208 17
209 10
210 7
211 12
212 18
213 13
214 11
215 10
216 21
217 3
218 4
219 0
220 2
221 2
222 3
223 5
224 8
225 13
226 20
227 21
228 23
229 29
230 11
231 8
232 10
233 10
234 13
235 12
236 13
237 8
238 14
239 14
240 20
241 21
242 6
243 2
244 6
245 1
246 3
247 0
248 -1
249 7
250 -2
251 -9
252 -9
253 -10
254 -10
255 -4
