0 1
1 -1
2 -3
3 -3
4 -3
5 1
6 3
7 3
8 3
9 3
10 0
11 0
12 -1
13 -1
14 -1
15 -1
16 -2
17 2
18 3
19 3
20 3
21 1
22 1
23 1
24 0
25 1
26 1
27 2
28 3
29 0
30 0
31 0
32 1
33 -1
34 -1
35 -1
36 -1
37 0
38 0
39 1
40 1
41 0
42 0
43 1
44 -1
45 0
46 1
47 1
48 2
49 1
50 1
51 2
52 1
53 1
54 0
55 -1
56 -1
57 -2
58 -2
59 -1
60 1
61 2
62 2
63 3
64 2
65 2
66 1
67 -1
68 0
69 1
70 0
71 0
72 0
73 0
74 0
75 1
76 2
77 1
78 2
79 3
80 1
81 0
82 0
83 -1
84 -2
85 -2
86 0
87 0
88 1
89 1
90 0
91 0
92 0
93 0
94 1
95 0
96 1
97 1
98 1
99 1
100 1
101 3
102 2
103 3
104 2
105 1
106 2
107 1
108 1
109 2
110 2
111 4
112 5
113 6
114 2
115 1
116 1
117 2
118 3
119 3
120 3
121 0
122 1
123 1
124 1
125 0
126 0
127 -1
128 1
129 1
130 1
131 1
132 1
133 0
134 1
135 1
136 0
137 1
138 1
139 0
140 0
141 1
142 0
143 0
144 3
145 3
146 0
147 -1
148 -1
149 0
150 0
151 0
152 1
153 2
154 3
155 0
156 2
157 0
158 1
159 1
160 1
161 2
162 2
163 3
164 5
165 5
166 3
167 -1
168 0
169 -1
170 -1
171 -1
172 -1
173 1
174 1
175 1
176 1
177 1
178 1
179 -1
180 -1
181 -2
182 -3
183 1
184 3
185 0
186 1
187 1
188 -1
189 -1
190 -1
191 -2
192 0
193 2
194 6
195 2
196 2
197 2
198 1
199 4
200 5
201 4
202 2
203 2
204 2
205 2
206 6
207 4
208 4
209 3
210 3
211 1
212 1
213 0
214 -1
215 0
216 1
217 1
218 2
219 -1
220 -1
221 -1
222 0
223 1
224 1
225 0
226 1
227 4
228 4
229 1
230 2
231 3
232 3
233 3
234 4
235 4
236 3
237 4
238 5
239 5
240 3
241 1
242 2
243 3
244 3
245 0
246 -1
247 -1
248 0
249 1
250 1
251 1
252 1
253 1
254 -1
255 1
