0 0
1 -1
2 4
3 2
4 1
5 3
6 -2
7 -5
8 4
9 2
10 3
11 2
12 -1
13 2
14 1
15 14
16 15
17 9
18 11
19 4
20 3
21 3
22 7
23 9
24 1
25 3
26 4
27 2
28 1
29 9
30 11
31 1
32 -5
33 -2
34 5
35 8
36 7
37 -1
38 -1
39 -4
40 -4
41 -3
42 13
43 9
44 4
45 7
46 6
47 -3
48 2
49 5
50 5
51 5
52 4
53 9
54 7
55 0
56 0
57 -1
58 7
59 5
60 -1
61 -6
62 -6
63 2
64 1
65 -1
66 0
67 -3
68 -1
69 3
70 3
71 -1
72 -1
73 -5
74 1
75 5
76 7
77 8
78 3
79 1
80 0
81 3
82 0
83 2
84 1
85 2
86 1
87 0
88 -2
89 -4
90 -1
91 2
92 3
93 15
94 6
95 3
96 -2
97 1
98 -3
99 -3
100 2
101 9
102 7
103 3
104 -1
105 1
106 5
107 2
108 1
109 0
110 0
111 -3
112 0
113 -1
114 9
115 9
116 13
117 15
118 8
119 8
120 7
121 -5
122 4
123 -1
124 0
125 1
126 5
127 7
128 22
129 16
130 16
131 5
132 5
133 -2
134 1
135 -3
136 4
137 4
138 4
139 3
140 9
141 6
142 5
143 -1
144 -3
145 1
146 6
147 5
148 12
149 12
150 11
151 6
152 6
153 8
154 -2
155 -2
156 -1
157 -1
158 0
159 1
160 0
161 -2
162 -1
163 0
164 4
165 3
166 8
167 3
168 4
169 7
170 2
171 8
172 8
173 15
174 8
175 8
176 4
177 7
178 15
179 3
180 4
181 7
182 11
183 7
184 8
185 8
186 2
187 1
188 5
189 5
190 -4
191 2
192 4
193 4
194 -4
195 5
196 -1
197 -1
198 4
199 -3
200 0
201 -2
202 -1
203 8
204 -3
205 -2
206 6
207 5
208 6
209 7
210 9
211 7
212 3
213 3
214 2
215 -1
216 2
217 4
218 -3
219 0
220 5
221 7
222 5
223 1
224 -1
225 -1
226 -4
227 6
228 4
229 9
230 -5
231 1
232 7
233 3
234 1
235 0
236 0
237 2
238 2
239 1
240 -1
241 0
242 -3
243 -6
244 -9
245 -6
246 0
247 0
248 4
249 5
250 4
251 -3
252 -4
253 -1
254 0
255 -3
