0 63
1 65
2 65
3 64
4 41
5 46
6 45
7 36
8 32
9 33
10 41
11 44
12 29
13 28
14 27
15 43
16 48
17 47
18 49
19 43
20 41
21 43
22 51
23 48
24 48
25 43
26 43
27 45
28 44
29 50
30 53
31 51
32 50
33 53
34 55
35 54
36 48
37 38
38 39
39 41
40 39
41 39
42 31
43 29
44 14
45 12
46 6
47 4
48 2
49 4
50 10
51 7
52 1
53 6
54 6
55 6
56 15
57 14
58 14
59 13
60 9
61 11
62 11
63 14
64 19
65 19
66 9
67 12
68 13
69 9
70 6
71 7
72 6
73 12
74 15
75 12
76 13
77 13
78 10
79 9
80 8
81 4
82 6
83 8
84 12
85 12
86 20
87 23
88 11
89 17
90 20
91 23
92 23
93 24
94 22
95 22
96 22
97 12
98 11
99 10
100 12
101 -6
102 0
103 2
104 4
105 5
106 10
107 13
108 16
109 17
110 8
111 6
112 12
113 12
114 12
115 12
116 13
117 16
118 17
119 22
120 20
121 18
122 21
123 24
124 27
125 29
126 35
127 33
128 33
129 31
130 32
131 31
132 36
133 34
134 28
135 28
136 29
137 29
138 36
139 51
140 52
141 50
142 43
143 33
144 32
145 31
146 28
147 26
148 31
149 29
150 33
151 30
152 10
153 12
154 12
155 11
156 6
157 7
158 4
159 8
160 4
161 4
162 3
163 2
164 -2
165 0
166 9
167 8
168 5
169 12
170 9
171 15
172 18
173 17
174 17
175 25
176 27
177 27
178 26
179 18
180 15
181 8
182 10
183 8
184 8
185 -2
186 -3
187 6
188 6
189 11
190 20
191 17
192 19
193 36
194 37
195 34
196 29
197 29
198 34
199 35
200 35
201 37
202 32
203 34
204 24
205 22
206 19
207 21
208 22
209 20
210 19
211 15
212 13
213 15
214 19
215 20
216 12
217 15
218 14
219 13
220 20
221 22
222 24
223 28
224 28
225 31
226 30
227 31
228 32
229 29
230 23
231 14
232 20
233 28
234 28
235 32
236 33
237 37
238 27
239 24
240 27
241 28
242 27
243 34
244 50
245 60
246 60
247 59
248 62
249 54
250 55
251 55
252 58
253 59
254 64
255 65
