0 3
1 -2
2 -11
3 -10
4 -15
5 4
6 6
7 3
8 4
9 9
10 7
11 4
12 1
13 2
14 2
15 15
16 7
17 -2
18 -1
19 -2
20 22
21 22
22 22
23 14
24 18
25 13
26 0
27 2
28 11
29 19
30 21
31 24
32 22
33 19
34 20
35 18
36 18
37 22
38 20
39 20
40 20
41 20
42 8
43 15
44 9
45 10
46 8
47 6
48 -5
49 1
50 0
51 0
52 0
53 4
54 1
55 -3
56 -4
57 -5
58 -9
59 -3
60 -4
61 -6
62 -4
63 -4
64 -7
65 -8
66 0
67 2
68 6
69 7
70 6
71 -1
72 -9
73 -8
74 -10
75 -13
76 -7
77 -17
78 -17
79 -17
80 -1
81 1
82 0
83 1
84 2
85 8
86 7
87 13
88 13
89 10
90 25
91 25
92 32
93 27
94 26
95 30
96 31
97 31
98 31
99 47
100 36
101 38
102 38
103 34
104 36
105 30
106 26
107 31
108 31
109 32
110 30
111 30
112 29
113 34
114 34
115 33
116 33
117 34
118 33
119 33
120 35
121 34
122 33
123 41
124 42
125 51
126 48
127 50
128 51
129 50
130 45
131 45
132 46
133 46
134 39
135 39
136 35
137 32
138 37
139 38
140 31
141 27
142 22
143 15
144 15
145 8
146 8
147 6
148 6
149 7
150 12
151 25
152 30
153 32
154 32
155 36
156 33
157 32
158 30
159 31
160 25
161 31
162 32
163 36
164 33
165 34
166 33
167 33
168 34
169 33
170 41
171 39
172 29
173 20
174 11
175 7
176 5
177 2
178 -1
179 1
180 2
181 -5
182 -7
183 -6
184 -8
185 -6
186 -11
187 -10
188 -4
189 -2
190 -3
191 -3
192 -6
193 -1
194 -4
195 -2
196 -1
197 -1
198 -7
199 -5
200 0
201 2
202 7
203 7
204 2
205 10
206 12
207 11
208 6
209 7
210 6
211 12
212 9
213 11
214 8
215 8
216 3
217 6
218 8
219 9
220 11
221 21
222 26
223 25
224 25
225 25
226 18
227 17
228 11
229 14
230 15
231 16
232 13
233 15
234 12
235 10
236 3
237 -3
238 -8
239 -6
240 -10
241 -11
242 -11
243 -14
244 -17
245 -18
246 -18
247 -17
248 -16
249 -13
250 -10
251 -16
252 -11
253 -6
254 -3
255 4
