0 46
1 49
2 52
3 47
4 43
5 54
6 58
7 57
8 65
9 68
10 66
11 61
12 70
13 70
14 69
15 60
16 59
17 62
18 56
19 54
20 55
21 51
22 44
23 41
24 43
25 47
26 44
27 44
28 36
29 40
30 43
31 46
32 49
33 48
34 48
35 52
36 52
37 51
38 50
39 48
40 38
41 40
42 42
43 33
44 37
45 36
46 34
47 30
48 30
49 29
50 40
51 35
52 38
53 49
54 38
55 38
56 41
57 40
58 44
59 47
60 46
61 46
62 48
63 49
64 45
65 47
66 47
67 49
68 44
69 45
70 38
71 43
72 36
73 30
74 38
75 35
76 45
77 48
78 43
79 35
80 51
81 49
82 49
83 49
84 46
85 47
86 44
87 43
88 44
89 40
90 27
91 21
92 21
93 23
94 26
95 20
96 20
97 18
98 16
99 13
100 8
101 13
102 13
103 14
104 20
105 19
106 22
107 12
108 2
109 2
110 2
111 -2
112 -10
113 -13
114 -16
115 -16
116 -26
117 -28
118 -3
119 -2
120 -2
121 2
122 1
123 0
124 6
125 14
126 16
127 13
128 18
129 16
130 18
131 17
132 20
133 16
134 15
135 16
136 16
137 9
138 10
139 20
140 27
141 25
142 25
143 27
144 28
145 27
146 33
147 32
148 29
149 26
150 28
151 30
152 28
153 29
154 46
155 43
156 43
157 42
158 44
159 49
160 50
161 51
162 57
163 59
164 54
165 53
166 50
167 38
168 39
169 38
170 38
171 38
172 34
173 35
174 35
175 35
176 34
177 33
178 43
179 42
180 44
181 41
182 35
183 35
184 30
185 32
186 29
187 29
188 32
189 35
190 25
191 27
192 23
193 30
194 30
195 39
196 45
197 43
198 41
199 44
200 38
201 37
202 35
203 30
204 30
205 28
206 18
207 21
208 21
209 24
210 26
211 25
212 25
213 31
214 35
215 40
216 38
217 39
218 39
219 34
220 35
221 33
222 30
223 33
224 32
225 31
226 40
227 45
228 46
229 54
230 58
231 63
232 72
233 69
234 67
235 67
236 58
237 65
238 65
239 66
240 68
241 67
242 64
243 65
244 68
245 72
246 71
247 58
248 50
249 49
250 51
251 49
252 59
253 57
254 45
255 46
