0 -1
1 -1
2 1
3 3
4 6
5 7
6 6
7 8
8 7
9 7
10 6
11 6
12 1
13 5
14 1
15 1
16 2
17 1
18 1
19 3
20 4
21 3
22 3
23 2
24 4
25 3
26 2
27 -7
28 -6
29 -4
30 1
31 -2
32 -2
33 1
34 -1
35 1
36 3
37 0
38 -2
39 -5
40 -4
41 -5
42 -2
43 -2
44 3
45 4
46 4
47 1
48 2
49 1
50 -2
51 -3
52 -1
53 1
54 3
55 9
56 9
57 6
58 9
59 9
60 9
61 4
62 4
63 7
64 7
65 9
66 6
67 6
68 9
69 6
70 9
71 8
72 8
73 11
74 9
75 6
76 6
77 5
78 6
79 8
80 8
81 7
82 9
83 11
84 8
85 -4
86 -4
87 -4
88 -2
89 3
90 4
91 9
92 6
93 6
94 4
95 5
96 7
97 12
98 10
99 10
100 10
101 11
102 11
103 10
104 3
105 1
106 0
107 0
108 1
109 3
110 3
111 -2
112 1
113 1
114 0
115 -1
116 1
117 3
118 5
119 5
120 10
121 11
122 11
123 13
124 0
125 -1
126 -1
127 0
128 1
129 -2
130 -3
131 -1
132 1
133 4
134 7
135 10
136 9
137 3
138 2
139 2
140 6
141 5
142 4
143 5
144 6
145 3
146 0
147 0
148 0
149 2
150 3
151 3
152 -1
153 -3
154 -3
155 -7
156 0
157 2
158 7
159 6
160 6
161 7
162 2
163 3
164 3
165 12
166 12
167 7
168 5
169 2
170 -1
171 0
172 3
173 2
174 0
175 3
176 4
177 1
178 5
179 5
180 5
181 4
182 4
183 4
184 5
185 6
186 6
187 4
188 0
189 -3
190 -6
191 -2
192 -5
193 -6
194 -2
195 -2
196 -2
197 -1
198 0
199 -1
200 5
201 -5
202 -6
203 -9
204 -4
205 -4
206 -3
207 4
208 1
209 1
210 2
211 4
212 5
213 8
214 9
215 13
216 14
217 14
218 14
219 12
220 12
221 12
222 7
223 1
224 4
225 3
226 1
227 2
228 1
229 3
230 3
231 0
232 4
233 7
234 6
235 6
236 7
237 7
238 7
239 7
240 3
241 3
242 1
243 1
244 2
245 3
246 3
247 5
248 5
249 5
250 4
251 4
252 2
253 -3
254 -3
255 -1
