0 13
1 11
2 8
3 10
4 10
5 10
6 10
7 12
8 13
9 13
10 15
11 15
12 15
13 15
14 15
15 16
16 15
17 10
18 11
19 11
20 12
21 12
22 13
23 15
24 15
25 15
26 15
27 13
28 10
29 11
30 10
31 14
32 15
33 15
34 15
35 14
36 15
37 13
38 14
39 10
40 10
41 13
42 14
43 14
44 13
45 14
46 13
47 19
48 21
49 22
50 22
51 17
52 16
53 16
54 15
55 14
56 14
57 14
58 13
59 13
60 11
61 11
62 11
63 12
64 12
65 12
66 12
67 12
68 10
69 9
70 8
71 8
72 7
73 7
74 6
75 8
76 8
77 6
78 2
79 2
80 3
81 4
82 5
83 5
84 4
85 5
86 4
87 4
88 4
89 4
90 4
91 4
92 4
93 4
94 3
95 4
96 4
97 5
98 5
99 5
100 2
101 2
102 2
103 2
104 -1
105 0
106 0
107 -4
108 -4
109 -3
110 -4
111 -4
112 -3
113 -3
114 -3
115 -2
116 -1
117 -2
118 -2
119 1
120 1
121 0
122 0
123 0
124 0
125 0
126 0
127 0
128 0
129 0
130 0
131 0
132 1
133 2
134 3
135 3
136 4
137 4
138 5
139 5
140 5
141 6
142 8
143 8
144 9
145 9
146 9
147 12
148 12
149 11
150 12
151 12
152 13
153 13
154 11
155 11
156 10
157 12
158 13
159 13
160 14
161 15
162 15
163 15
164 15
165 14
166 16
167 17
168 17
169 18
170 19
171 19
172 17
173 18
174 18
175 17
176 18
177 19
178 20
179 19
180 19
181 20
182 19
183 19
184 19
185 20
186 19
187 19
188 17
189 17
190 19
191 19
192 20
193 20
194 13
195 13
196 15
197 14
198 14
199 13
200 13
201 18
202 18
203 18
204 15
205 15
206 14
207 16
208 16
209 15
210 15
211 16
212 17
213 18
214 18
215 17
216 17
217 16
218 16
219 14
220 15
221 14
222 13
223 13
224 13
225 14
226 12
227 17
228 18
229 20
230 20
231 18
232 17
233 17
234 17
235 16
236 14
237 14
238 14
239 16
240 17
241 17
242 18
243 17
244 13
245 12
246 12
247 9
248 8
249 8
250 11
251 11
252 11
253 11
254 14
255 14
