0 3
1 5
2 9
3 9
4 10
5 9
6 9
7 10
8 7
9 5
10 5
11 5
12 2
13 1
14 -2
15 -1
16 5
17 0
18 1
19 0
20 -2
21 0
22 2
23 0
24 4
25 2
26 1
27 4
28 1
29 0
30 0
31 1
32 -1
33 2
34 0
35 4
36 4
37 4
38 0
39 0
40 0
41 -3
42 -3
43 -2
44 -1
45 1
46 -1
47 1
48 -2
49 -2
50 -2
51 -1
52 -1
53 3
54 0
55 0
56 1
57 3
58 3
59 1
60 6
61 6
62 7
63 8
64 4
65 4
66 6
67 3
68 3
69 2
70 0
71 0
72 0
73 0
74 -2
75 0
76 1
77 1
78 1
79 1
80 -8
81 -9
82 -4
83 -1
84 -1
85 -1
86 6
87 7
88 3
89 3
90 2
91 -2
92 -2
93 0
94 3
95 2
96 -1
97 -1
98 -2
99 -2
100 1
101 0
102 1
103 0
104 -1
105 0
106 0
107 1
108 3
109 9
110 10
111 11
112 5
113 4
114 5
115 5
116 3
117 2
118 5
119 5
120 3
121 7
122 1
123 0
124 1
125 2
126 -4
127 1
128 3
129 6
130 8
131 9
132 11
133 12
134 11
135 12
136 7
137 5
138 7
139 5
140 5
141 5
142 6
143 2
144 3
145 7
146 7
147 2
148 1
149 1
150 1
151 -1
152 -5
153 1
154 0
155 -1
156 0
157 0
158 1
159 1
160 0
161 0
162 2
163 -3
164 -3
165 -1
166 0
167 0
168 1
169 4
170 -1
171 -1
172 -2
173 -3
174 -6
175 0
176 1
177 -1
178 2
179 4
180 4
181 4
182 4
183 6
184 10
185 10
186 8
187 8
188 6
189 6
190 8
191 4
192 6
193 3
194 2
195 -2
196 0
197 1
198 -1
199 5
200 9
201 10
202 10
203 9
204 1
205 4
206 5
207 1
208 1
209 0
210 -2
211 -3
212 -3
213 -3
214 3
215 2
216 0
217 -3
218 -1
219 -1
220 -1
221 0
222 -1
223 1
224 1
225 3
226 4
227 0
228 -4
229 -3
230 1
231 3
232 4
233 4
234 2
235 5
236 3
237 3
238 2
239 1
240 3
241 7
242 5
243 5
244 4
245 4
246 6
247 7
248 4
249 4
250 5
251 0
252 2
253 1
254 1
255 1
