0 2
1 1
2 0
3 1
4 3
5 1
6 2
7 2
8 1
9 1
10 1
11 2
12 2
13 0
14 -2
15 -4
16 -3
17 -4
18 -4
19 -2
20 -3
21 -3
22 -4
23 -3
24 -3
25 -3
26 -2
27 0
28 -3
29 -3
30 -2
31 -2
32 -1
33 0
34 0
35 0
36 -1
37 1
38 0
39 0
40 0
41 0
42 -1
43 4
44 4
45 8
46 5
47 6
48 6
49 5
50 4
51 4
52 4
53 4
54 3
55 3
56 3
57 3
58 2
59 3
60 3
61 2
62 2
63 2
64 0
65 1
66 2
67 5
68 4
69 4
70 3
71 2
72 2
73 2
74 0
75 1
76 0
77 1
78 -2
79 0
80 1
81 1
82 1
83 0
84 0
85 2
86 2
87 2
88 6
89 6
90 6
91 5
92 5
93 0
94 -5
95 -5
96 0
97 2
98 0
99 1
100 1
101 1
102 1
103 0
104 0
105 1
106 1
107 1
108 -1
109 -1
110 1
111 2
112 3
113 1
114 1
115 2
116 4
117 2
118 2
119 2
120 2
121 1
122 1
123 1
124 0
125 1
126 2
127 2
128 3
129 3
130 4
131 4
132 7
133 6
134 6
135 7
136 6
137 6
138 6
139 6
140 8
141 8
142 8
143 8
144 8
145 7
146 5
147 6
148 1
149 1
150 1
151 0
152 -1
153 0
154 0
155 0
156 0
157 2
158 2
159 6
160 4
161 2
162 5
163 5
164 6
165 8
166 8
167 6
168 5
169 4
170 4
171 2
172 2
173 2
174 2
175 0
176 3
177 4
178 4
179 4
180 7
181 8
182 7
183 7
184 7
185 7
186 5
187 5
188 5
189 8
190 7
191 4
192 5
193 5
194 5
195 3
196 4
197 4
198 11
199 10
200 11
201 13
202 11
203 11
204 10
205 10
206 10
207 9
208 9
209 8
210 7
211 6
212 4
213 4
214 5
215 3
216 3
217 1
218 1
219 1
220 1
221 1
222 1
223 3
224 3
225 0
226 0
227 2
228 2
229 3
230 4
231 4
232 4
233 3
234 3
235 6
236 6
237 8
238 7
239 7
240 4
241 3
242 -1
243 0
244 0
245 0
246 1
247 1
248 0
249 -1
250 3
251 4
252 4
253 1
254 1
255 2
