0 7
1 9
2 7
3 9
4 8
5 8
6 6
7 4
8 3
9 3
10 5
11 1
12 4
13 4
14 2
15 2
16 4
17 4
18 3
19 5
20 3
21 3
22 3
23 6
24 5
25 2
26 3
27 3
28 8
29 8
30 8
31 10
32 10
33 12
34 12
35 12
36 14
37 14
38 13
39 13
40 13
41 13
42 13
43 13
44 13
45 13
46 12
47 12
48 10
49 10
50 10
51 6
52 6
53 6
54 6
55 6
56 6
57 5
58 5
59 5
60 4
61 7
62 7
63 6
64 7
65 6
66 8
67 6
68 7
69 7
70 8
71 3
72 3
73 2
74 2
75 3
76 4
77 6
78 6
79 12
80 12
81 11
82 11
83 13
84 13
85 12
86 10
87 10
88 10
89 12
90 11
91 11
92 12
93 12
94 13
95 12
96 13
97 13
98 13
99 14
100 15
101 15
102 12
103 14
104 16
105 13
106 13
107 13
108 9
109 13
110 14
111 12
112 11
113 12
114 12
115 9
116 8
117 8
118 8
119 7
120 6
121 6
122 4
123 4
124 3
125 3
126 3
127 3
128 3
129 3
130 3
131 3
132 2
133 2
134 2
135 3
136 4
137 7
138 7
139 7
140 7
141 8
142 6
143 6
144 6
145 8
146 10
147 4
148 3
149 3
150 6
151 5
152 1
153 3
154 4
155 5
156 5
157 7
158 8
159 11
160 8
161 8
162 10
163 11
164 11
165 11
166 10
167 11
168 10
169 11
170 11
171 12
172 13
173 13
174 15
175 10
176 10
177 9
178 9
179 11
180 11
181 12
182 12
183 12
184 12
185 12
186 12
187 11
188 10
189 14
190 13
191 11
192 12
193 14
194 15
195 15
196 15
197 15
198 14
199 19
200 17
201 16
202 10
203 7
204 3
205 4
206 4
207 4
208 4
209 6
210 5
211 5
212 8
213 8
214 8
215 7
216 6
217 8
218 8
219 3
220 0
221 1
222 3
223 3
224 3
225 6
226 15
227 16
228 15
229 17
230 17
231 18
232 18
233 17
234 17
235 19
236 18
237 15
238 15
239 13
240 13
241 12
242 16
243 16
244 13
245 11
246 12
247 14
248 12
249 9
250 7
251 7
252 6
253 6
254 7
255 8
