0 10
1 5
2 6
3 6
4 8
5 8
6 4
7 11
8 9
9 22
10 23
11 26
12 30
13 18
14 19
15 19
16 19
17 19
18 14
19 6
20 4
21 0
22 7
23 5
24 6
25 9
26 5
27 12
28 15
29 16
30 11
31 4
32 4
33 6
34 7
35 9
36 9
37 14
38 13
39 5
40 -2
41 -1
42 -4
43 -2
44 -2
45 -4
46 -8
47 -8
48 -3
49 -1
50 3
51 5
52 4
53 0
54 2
55 3
56 1
57 -7
58 -5
59 -3
60 -1
61 -1
62 4
63 3
64 -1
65 1
66 0
67 -1
68 -1
69 0
70 1
71 -3
72 -2
73 -2
74 -1
75 6
76 10
77 13
78 16
79 17
80 9
81 13
82 13
83 30
84 22
85 21
86 17
87 16
88 13
89 18
90 19
91 14
92 8
93 1
94 1
95 1
96 4
97 -4
98 -10
99 -9
100 -3
101 3
102 10
103 9
104 19
105 22
106 24
107 28
108 23
109 23
110 24
111 15
112 13
113 11
114 5
115 2
116 -4
117 -3
118 -6
119 -8
120 -5
121 -5
122 -4
123 5
124 4
125 -1
126 10
127 6
128 14
129 16
130 14
131 9
132 8
133 6
134 4
135 4
136 8
137 7
138 7
139 17
140 10
141 8
142 8
143 8
144 3
145 5
146 4
147 3
148 2
149 4
150 3
151 -4
152 -8
153 -8
154 -1
155 2
156 -1
157 0
158 2
159 7
160 7
161 9
162 9
163 9
164 11
165 14
166 16
167 18
168 16
169 12
170 13
171 8
172 12
173 13
174 11
175 11
176 18
177 16
178 16
179 11
180 11
181 3
182 9
183 8
184 5
185 6
186 6
187 3
188 3
189 1
190 2
191 3
192 0
193 1
194 -1
195 1
196 1
197 4
198 0
199 -3
200 -5
201 -3
202 -4
203 4
204 3
205 12
206 12
207 11
208 15
209 8
210 7
211 7
212 -8
213 -8
214 -2
215 -2
216 -6
217 2
218 0
219 5
220 0
221 -6
222 4
223 5
224 4
225 5
226 4
227 3
228 11
229 2
230 2
231 -7
232 -2
233 -2
234 0
235 3
236 1
237 3
238 -3
239 7
240 1
241 2
242 2
243 3
244 5
245 12
246 14
247 9
248 7
249 8
250 8
251 6
252 11
253 11
254 10
255 14
