0 5
1 4
2 4
3 4
4 3
5 5
6 4
7 5
8 5
9 3
10 1
11 3
12 3
13 0
14 -1
15 -1
16 -2
17 0
18 0
19 0
20 0
21 1
22 0
23 0
24 1
25 1
26 4
27 3
28 2
29 2
30 2
31 1
32 1
33 2
34 3
35 1
36 1
37 3
38 3
39 2
40 2
41 2
42 3
43 3
44 3
45 1
46 6
47 11
48 10
49 10
50 10
51 13
52 12
53 11
54 10
55 11
56 11
57 8
58 7
59 7
60 8
61 7
62 8
63 8
64 6
65 7
66 7
67 5
68 6
69 5
70 5
71 6
72 3
73 3
74 1
75 1
76 0
77 -1
78 0
79 0
80 0
81 0
82 0
83 0
84 -2
85 -1
86 -1
87 -3
88 -3
89 -1
90 -1
91 -1
92 0
93 0
94 2
95 4
96 3
97 2
98 5
99 7
100 8
101 10
102 11
103 11
104 10
105 8
106 6
107 6
108 6
109 4
110 4
111 5
112 3
113 3
114 3
115 -1
116 -1
117 0
118 2
119 1
120 3
121 4
122 7
123 6
124 5
125 5
126 5
127 2
128 4
129 5
130 5
131 5
132 5
133 1
134 1
135 0
136 -1
137 0
138 4
139 7
140 6
141 7
142 7
143 8
144 7
145 8
146 8
147 9
148 10
149 9
150 9
151 6
152 5
153 3
154 3
155 0
156 -1
157 5
158 4
159 4
160 4
161 5
162 6
163 5
164 5
165 1
166 1
167 0
168 0
169 -1
170 0
171 1
172 0
173 0
174 0
175 0
176 -1
177 -1
178 -3
179 -4
180 -4
181 -4
182 -4
183 -4
184 -3
185 -3
186 -2
187 -1
188 -4
189 -4
190 -4
191 -4
192 -4
193 -3
194 3
195 3
196 3
197 4
198 4
199 5
200 5
201 6
202 6
203 6
204 6
205 7
206 7
207 8
208 7
209 6
210 6
211 6
212 7
213 6
214 6
215 7
216 5
217 5
218 5
219 5
220 4
221 4
222 0
223 -1
224 -2
225 0
226 1
227 3
228 2
229 0
230 1
231 3
232 3
233 2
234 3
235 3
236 3
237 3
238 3
239 3
240 3
241 2
242 4
243 3
244 3
245 3
246 5
247 7
248 7
249 8
250 5
251 5
252 5
253 7
254 7
255 8
