0 3
1 6
2 8
3 8
4 10
5 10
6 11
7 10
8 9
9 11
10 9
11 9
12 6
13 5
14 6
15 6
16 7
17 7
18 7
19 6
20 5
21 6
22 7
23 6
24 7
25 6
26 6
27 7
28 9
29 9
30 9
31 9
32 10
33 11
34 11
35 8
36 10
37 10
38 9
39 8
40 8
41 9
42 7
43 8
44 7
45 7
46 8
47 8
48 7
49 7
50 8
51 8
52 9
53 8
54 7
55 3
56 4
57 5
58 5
59 7
60 6
61 5
62 3
63 -3
64 -3
65 -3
66 4
67 4
68 4
69 4
70 4
71 4
72 8
73 9
74 9
75 10
76 12
77 12
78 10
79 10
80 10
81 9
82 9
83 7
84 4
85 3
86 3
87 0
88 1
89 5
90 8
91 8
92 8
93 8
94 9
95 6
96 6
97 7
98 7
99 3
100 3
101 4
102 4
103 5
104 3
105 3
106 1
107 1
108 3
109 3
110 2
111 1
112 -1
113 3
114 3
115 3
116 3
117 3
118 3
119 5
120 5
121 4
122 4
123 5
124 5
125 4
126 4
127 4
128 4
129 4
130 4
131 3
132 1
133 2
134 0
135 0
136 -2
137 -2
138 -1
139 -1
140 0
141 0
142 0
143 1
144 2
145 0
146 0
147 0
148 0
149 0
150 3
151 3
152 4
153 4
154 8
155 8
156 7
157 7
158 4
159 6
160 6
161 6
162 4
163 4
164 5
165 6
166 2
167 0
168 2
169 3
170 6
171 5
172 5
173 6
174 5
175 5
176 2
177 2
178 1
179 4
180 6
181 3
182 6
183 6
184 6
185 5
186 6
187 6
188 6
189 6
190 7
191 6
192 6
193 6
194 6
195 6
196 3
197 3
198 3
199 3
200 3
201 5
202 3
203 3
204 3
205 2
206 2
207 2
208 2
209 2
210 1
211 2
212 2
213 2
214 1
215 3
216 3
217 3
218 3
219 3
220 4
221 0
222 -2
223 -3
224 -2
225 -2
226 -2
227 -2
228 -2
229 -2
230 0
231 0
232 1
233 1
234 0
235 0
236 -1
237 0
238 0
239 1
240 0
241 -1
242 -1
243 -4
244 -4
245 -3
246 -4
247 -3
248 -1
249 1
250 0
251 0
252 -2
253 -2
254 -2
255 3
