0 1
1 1
2 1
3 2
4 5
5 4
6 4
7 6
8 6
9 5
10 3
11 3
12 3
13 3
14 3
15 0
16 0
17 3
18 3
19 3
20 4
21 3
22 4
23 4
24 4
25 7
26 7
27 7
28 3
29 3
30 3
31 4
32 5
33 6
34 5
35 5
36 4
37 4
38 5
39 3
40 4
41 5
42 4
43 6
44 5
45 4
46 4
47 4
48 3
49 3
50 4
51 4
52 4
53 4
54 4
55 6
56 5
57 6
58 5
59 5
60 5
61 5
62 4
63 4
64 4
65 4
66 4
67 4
68 3
69 4
70 4
71 1
72 2
73 1
74 2
75 2
76 2
77 3
78 5
79 5
80 7
81 7
82 6
83 1
84 2
85 2
86 2
87 2
88 2
89 2
90 3
91 3
92 2
93 2
94 4
95 4
96 4
97 5
98 5
99 5
100 5
101 5
102 7
103 7
104 6
105 5
106 3
107 2
108 3
109 2
110 2
111 4
112 4
113 3
114 3
115 3
116 3
117 3
118 2
119 3
120 3
121 3
122 1
123 0
124 -2
125 -1
126 -1
127 2
128 2
129 2
130 1
131 2
132 -1
133 -1
134 -2
135 -1
136 -1
137 2
138 1
139 1
140 1
141 1
142 -2
143 1
144 1
145 3
146 0
147 3
148 3
149 3
150 1
151 -1
152 -2
153 -1
154 1
155 0
156 0
157 2
158 4
159 4
160 5
161 5
162 4
163 5
164 5
165 5
166 1
167 1
168 1
169 1
170 1
171 1
172 1
173 1
174 1
175 2
176 2
177 1
178 1
179 2
180 1
181 -1
182 0
183 1
184 1
185 -1
186 4
187 5
188 6
189 6
190 6
191 6
192 6
193 6
194 6
195 7
196 7
197 7
198 6
199 6
200 5
201 3
202 2
203 2
204 2
205 1
206 -1
207 -2
208 -1
209 -1
210 -1
211 -1
212 -1
213 0
214 0
215 0
216 -1
217 -1
218 7
219 7
220 8
221 4
222 5
223 3
224 2
225 0
226 -1
227 0
228 0
229 2
230 3
231 4
232 4
233 3
234 2
235 4
236 0
237 0
238 0
239 0
240 0
241 -1
242 -1
243 0
244 0
245 0
246 -1
247 -1
248 -1
249 0
250 0
251 1
252 -1
253 0
254 2
255 1
