0 -4
1 -4
2 -3
3 -3
4 -1
5 -1
6 1
7 1
8 0
9 -1
10 0
11 0
12 0
13 2
14 2
15 2
16 3
17 3
18 3
19 1
20 0
21 1
22 3
23 1
24 1
25 0
26 0
27 0
28 0
29 1
30 1
31 4
32 5
33 3
34 4
35 8
36 7
37 7
38 7
39 6
40 5
41 4
42 4
43 4
44 4
45 3
46 3
47 1
48 1
49 0
50 1
51 1
52 1
53 0
54 0
55 2
56 2
57 1
58 2
59 2
60 3
61 2
62 2
63 2
64 2
65 2
66 -1
67 0
68 1
69 2
70 2
71 2
72 1
73 1
74 1
75 -1
76 -1
77 -1
78 -1
79 1
80 4
81 6
82 4
83 3
84 3
85 3
86 3
87 3
88 3
89 3
90 4
91 1
92 1
93 1
94 1
95 4
96 2
97 2
98 2
99 3
100 5
101 5
102 5
103 4
104 4
105 3
106 1
107 1
108 2
109 1
110 1
111 1
112 2
113 4
114 2
115 2
116 2
117 1
118 2
119 2
120 0
121 0
122 0
123 0
124 1
125 1
126 2
127 1
128 2
129 0
130 1
131 1
132 3
133 3
134 1
135 1
136 1
137 -2
138 -1
139 0
140 0
141 -1
142 0
143 0
144 -1
145 -4
146 -3
147 0
148 0
149 2
150 3
151 1
152 1
153 1
154 -3
155 -4
156 -2
157 -2
158 -2
159 0
160 0
161 -1
162 -1
163 1
164 2
165 1
166 0
167 0
168 2
169 1
170 1
171 2
172 1
173 -1
174 -1
175 -2
176 -4
177 -2
178 -1
179 0
180 0
181 0
182 0
183 3
184 2
185 2
186 0
187 0
188 2
189 2
190 2
191 3
192 3
193 7
194 6
195 6
196 7
197 7
198 4
199 2
200 3
201 6
202 4
203 4
204 3
205 3
206 4
207 3
208 4
209 6
210 6
211 6
212 5
213 5
214 6
215 4
216 3
217 2
218 -1
219 -1
220 0
221 0
222 1
223 0
224 0
225 -3
226 -3
227 -4
228 3
229 2
230 5
231 7
232 6
233 5
234 5
235 5
236 5
237 4
238 5
239 5
240 4
241 4
242 4
243 4
244 4
245 3
246 4
247 5
248 3
249 0
250 -1
251 -1
252 0
253 0
254 1
255 -1
