0 1
1 1
2 1
3 2
4 2
5 1
6 1
7 1
8 0
9 0
10 0
11 0
12 0
13 0
14 0
15 1
16 1
17 1
18 1
19 0
20 1
21 3
22 1
23 2
24 0
25 0
26 0
27 0
28 -1
29 0
30 0
31 0
32 1
33 1
34 -1
35 0
36 0
37 -1
38 -1
39 0
40 0
41 0
42 0
43 -1
44 0
45 0
46 1
47 1
48 1
49 1
50 1
51 0
52 0
53 0
54 0
55 -1
56 -1
57 -1
58 -1
59 -1
60 -1
61 1
62 1
63 -1
64 -1
65 -1
66 0
67 0
68 0
69 -1
70 -1
71 0
72 0
73 0
74 -1
75 0
76 0
77 0
78 -1
79 -1
80 0
81 0
82 0
83 0
84 0
85 -2
86 0
87 0
88 -1
89 -1
90 -1
91 0
92 1
93 1
94 0
95 1
96 0
97 0
98 0
99 0
100 1
101 0
102 0
103 0
104 3
105 1
106 0
107 0
108 0
109 1
110 1
111 2
112 2
113 1
114 1
115 0
116 0
117 0
118 -1
119 0
120 0
121 0
122 0
123 -1
124 -1
125 1
126 1
127 0
128 0
129 0
130 1
131 1
132 0
133 -1
134 -2
135 -1
136 -1
137 -1
138 0
139 0
140 0
141 0
142 0
143 0
144 0
145 0
146 0
147 0
148 1
149 1
150 1
151 1
152 -1
153 0
154 0
155 0
156 0
157 0
158 0
159 0
160 2
161 4
162 1
163 1
164 0
165 0
166 -1
167 0
168 0
169 0
170 0
171 -1
172 -1
173 -1
174 -1
175 -1
176 0
177 2
178 2
179 0
180 0
181 0
182 0
183 0
184 0
185 0
186 0
187 -1
188 -1
189 0
190 0
191 0
192 1
193 1
194 2
195 2
196 2
197 1
198 -2
199 0
200 0
201 0
202 0
203 2
204 2
205 1
206 0
207 0
208 0
209 0
210 0
211 0
212 0
213 0
214 0
215 0
216 0
217 0
218 0
219 0
220 -1
221 0
222 0
223 1
224 1
225 1
226 -1
227 0
228 0
229 0
230 1
231 1
232 0
233 -1
234 1
235 1
236 1
237 1
238 2
239 2
240 2
241 3
242 3
243 3
244 3
245 3
246 -2
247 -1
248 -1
249 1
250 0
251 0
252 0
253 0
254 0
255 0
