0 53
1 47
2 44
3 45
4 45
5 42
6 43
7 47
8 52
9 61
10 59
11 60
12 45
13 51
14 47
15 47
16 47
17 48
18 49
19 47
20 44
21 45
22 43
23 38
24 45
25 45
26 44
27 42
28 36
29 37
30 32
31 32
32 32
33 31
34 37
35 40
36 41
37 40
38 39
39 26
40 26
41 29
42 31
43 31
44 36
45 31
46 27
47 26
48 27
49 25
50 30
51 21
52 28
53 29
54 31
55 32
56 38
57 37
58 38
59 37
60 35
61 38
62 38
63 39
64 35
65 40
66 39
67 41
68 36
69 20
70 26
71 27
72 25
73 24
74 24
75 26
76 39
77 38
78 35
79 34
80 38
81 37
82 39
83 37
84 35
85 37
86 41
87 44
88 51
89 62
90 59
91 61
92 63
93 65
94 70
95 78
96 72
97 74
98 72
99 63
100 63
101 67
102 66
103 65
104 64
105 64
106 81
107 67
108 75
109 75
110 70
111 68
112 70
113 68
114 68
115 70
116 73
117 67
118 69
119 68
120 64
121 57
122 58
123 60
124 59
125 59
126 52
127 45
128 54
129 58
130 60
131 60
132 66
133 66
134 60
135 57
136 60
137 62
138 65
139 58
140 57
141 49
142 46
143 46
144 42
145 43
146 43
147 40
148 39
149 35
150 38
151 48
152 55
153 57
154 61
155 57
156 54
157 41
158 40
159 40
160 39
161 37
162 37
163 38
164 31
165 30
166 35
167 40
168 43
169 52
170 41
171 45
172 42
173 39
174 43
175 43
176 45
177 45
178 47
179 46
180 42
181 46
182 46
183 50
184 52
185 50
186 51
187 51
188 52
189 57
190 57
191 59
192 50
193 51
194 43
195 43
196 43
197 47
198 45
199 38
200 35
201 35
202 37
203 37
204 36
205 38
206 34
207 36
208 32
209 34
210 37
211 32
212 38
213 32
214 29
215 29
216 27
217 23
218 22
219 33
220 31
221 26
222 27
223 21
224 28
225 35
226 30
227 29
228 26
229 26
230 28
231 25
232 27
233 29
234 24
235 29
236 29
237 26
238 29
239 26
240 36
241 36
242 31
243 35
244 37
245 38
246 34
247 34
248 44
249 45
250 50
251 54
252 52
253 52
254 53
255 50
