0 57
1 57
2 54
3 50
4 44
5 45
6 40
7 49
8 53
9 57
10 60
11 68
12 69
13 65
14 63
15 60
16 56
17 39
18 40
19 39
20 32
21 33
22 32
23 32
24 32
25 28
26 26
27 22
28 26
29 27
30 24
31 24
32 16
33 16
34 9
35 9
36 12
37 10
38 10
39 18
40 20
41 22
42 24
43 24
44 24
45 26
46 30
47 29
48 32
49 39
50 38
51 38
52 40
53 40
54 38
55 35
56 35
57 35
58 47
59 55
60 55
61 62
62 60
63 55
64 50
65 46
66 45
67 46
68 46
69 60
70 61
71 39
72 39
73 40
74 51
75 57
76 58
77 54
78 55
79 57
80 56
81 54
82 46
83 41
84 41
85 35
86 35
87 40
88 36
89 35
90 38
91 29
92 28
93 33
94 30
95 33
96 31
97 31
98 31
99 29
100 26
101 23
102 24
103 25
104 22
105 24
106 24
107 25
108 28
109 28
110 28
111 28
112 30
113 34
114 36
115 35
116 36
117 37
118 36
119 34
120 37
121 36
122 40
123 28
124 29
125 30
126 24
127 21
128 22
129 24
130 27
131 29
132 26
133 19
134 20
135 24
136 21
137 17
138 15
139 17
140 12
141 3
142 5
143 2
144 2
145 8
146 11
147 23
148 27
149 28
150 20
151 19
152 21
153 21
154 20
155 25
156 25
157 25
158 25
159 25
160 28
161 29
162 29
163 34
164 36
165 38
166 37
167 35
168 34
169 33
170 30
171 21
172 18
173 18
174 19
175 9
176 10
177 16
178 12
179 9
180 9
181 7
182 6
183 10
184 12
185 12
186 7
187 6
188 4
189 4
190 10
191 14
192 22
193 22
194 25
195 26
196 32
197 24
198 23
199 23
200 24
201 24
202 28
203 28
204 32
205 36
206 40
207 44
208 42
209 38
210 39
211 45
212 45
213 60
214 63
215 54
216 66
217 66
218 65
219 65
220 67
221 65
222 69
223 73
224 74
225 74
226 83
227 84
228 87
229 85
230 86
231 83
232 83
233 86
234 87
235 85
236 83
237 85
238 84
239 84
240 87
241 83
242 83
243 85
244 82
245 80
246 81
247 81
248 76
249 78
250 78
251 77
252 76
253 71
254 61
255 62
