0 78
1 62
2 55
3 52
4 57
5 60
6 56
7 57
8 56
9 48
10 50
11 48
12 48
13 43
14 25
15 16
16 18
17 20
18 16
19 8
20 -10
21 -10
22 -20
23 -20
24 -9
25 -6
26 -7
27 14
28 13
29 24
30 26
31 26
32 36
33 35
34 47
35 47
36 52
37 50
38 51
39 52
40 53
41 46
42 50
43 52
44 57
45 61
46 55
47 51
48 54
49 54
50 56
51 34
52 32
53 42
54 35
55 36
56 43
57 39
58 38
59 46
60 41
61 42
62 47
63 46
64 45
65 45
66 38
67 46
68 42
69 61
70 60
71 61
72 66
73 65
74 58
75 59
76 56
77 54
78 56
79 63
80 68
81 71
82 62
83 56
84 53
85 55
86 52
87 41
88 42
89 62
90 67
91 76
92 72
93 68
94 71
95 72
96 77
97 69
98 64
99 71
100 67
101 58
102 59
103 62
104 67
105 69
106 70
107 77
108 74
109 62
110 61
111 59
112 70
113 73
114 70
115 68
116 60
117 57
118 63
119 59
120 60
121 54
122 56
123 57
124 57
125 55
126 60
127 75
128 75
129 72
130 67
131 75
132 67
133 63
134 61
135 58
136 68
137 68
138 72
139 69
140 68
141 65
142 73
143 68
144 58
145 55
146 57
147 63
148 65
149 85
150 82
151 79
152 81
153 81
154 82
155 81
156 83
157 88
158 89
159 87
160 86
161 93
162 92
163 97
164 99
165 100
166 102
167 102
168 103
169 103
170 103
171 102
172 101
173 94
174 98
175 104
176 103
177 94
178 101
179 101
180 97
181 97
182 85
183 86
184 80
185 81
186 63
187 65
188 65
189 69
190 73
191 66
192 61
193 48
194 52
195 52
196 51
197 53
198 58
199 48
200 49
201 41
202 39
203 41
204 40
205 50
206 48
207 49
208 51
209 51
210 51
211 50
212 56
213 67
214 68
215 67
216 65
217 70
218 49
219 48
220 73
221 70
222 68
223 74
224 76
225 79
226 74
227 84
228 82
229 85
230 89
231 92
232 96
233 97
234 96
235 87
236 85
237 86
238 81
239 83
240 75
241 78
242 79
243 81
244 77
245 73
246 67
247 75
248 75
249 85
250 86
251 86
252 86
253 79
254 78
255 79
