0 26
1 25
2 26
3 27
4 21
5 22
6 19
7 19
8 20
9 20
10 22
11 22
12 20
13 20
14 20
15 12
16 12
17 15
18 15
19 14
20 17
21 18
22 22
23 22
24 24
25 22
26 24
27 23
28 22
29 23
30 23
31 28
32 26
33 27
34 31
35 37
36 41
37 44
38 42
39 42
40 42
41 41
42 41
43 41
44 39
45 40
46 46
47 50
48 49
49 46
50 44
51 42
52 43
53 42
54 38
55 35
56 27
57 32
58 28
59 31
60 31
61 30
62 22
63 23
64 23
65 10
66 12
67 13
68 15
69 14
70 8
71 9
72 6
73 11
74 11
75 10
76 10
77 7
78 7
79 6
80 6
81 3
82 10
83 10
84 10
85 11
86 11
87 20
88 24
89 22
90 32
91 27
92 24
93 28
94 28
95 34
96 33
97 33
98 32
99 34
100 34
101 34
102 41
103 33
104 29
105 30
106 26
107 26
108 27
109 31
110 34
111 40
112 39
113 38
114 39
115 38
116 35
117 36
118 38
119 34
120 32
121 31
122 34
123 35
124 34
125 33
126 32
127 34
128 39
129 38
130 40
131 40
132 38
133 38
134 36
135 35
136 27
137 28
138 27
139 24
140 25
141 23
142 22
143 22
144 21
145 24
146 27
147 28
148 31
149 32
150 34
151 35
152 37
153 38
154 44
155 42
156 44
157 44
158 44
159 43
160 43
161 43
162 39
163 40
164 40
165 38
166 24
167 26
168 26
169 26
170 25
171 25
172 26
173 28
174 25
175 26
176 27
177 25
178 24
179 18
180 26
181 30
182 28
183 28
184 28
185 25
186 24
187 24
188 25
189 25
190 30
191 34
192 34
193 34
194 34
195 33
196 34
197 37
198 35
199 31
200 31
201 31
202 31
203 30
204 30
205 30
206 31
207 29
208 29
209 30
210 28
211 28
212 29
213 26
214 20
215 21
216 22
217 22
218 22
219 24
220 23
221 22
222 27
223 17
224 15
225 13
226 14
227 15
228 19
229 16
230 16
231 15
232 11
233 7
234 8
235 7
236 7
237 4
238 10
239 9
240 2
241 1
242 7
243 6
244 6
245 5
246 13
247 13
248 11
249 17
250 20
251 29
252 27
253 24
254 22
255 23
