0 -1
1 -5
2 -4
3 -2
4 -3
5 0
6 1
7 2
8 3
9 4
10 -1
11 -1
12 1
13 -2
14 -2
15 1
16 0
17 0
18 0
19 -1
20 0
21 -2
22 -1
23 1
24 2
25 2
26 1
27 0
28 1
29 -3
30 2
31 -2
32 -1
33 -3
34 1
35 3
36 3
37 6
38 6
39 9
40 9
41 8
42 1
43 2
44 0
45 0
46 2
47 2
48 13
49 12
50 13
51 11
52 7
53 8
54 5
55 5
56 1
57 0
58 3
59 3
60 3
61 1
62 0
63 0
64 0
65 2
66 2
67 1
68 2
69 3
70 5
71 2
72 1
73 1
74 1
75 5
76 1
77 4
78 2
79 1
80 4
81 4
82 4
83 6
84 6
85 2
86 -1
87 -1
88 -2
89 -5
90 -1
91 -1
92 -1
93 1
94 3
95 1
96 -1
97 -2
98 -1
99 4
100 3
101 2
102 2
103 4
104 -1
105 0
106 0
107 -3
108 -3
109 2
110 3
111 0
112 0
113 -4
114 -4
115 0
116 -1
117 -1
118 0
119 1
120 1
121 1
122 2
123 1
124 -1
125 -1
126 1
127 4
128 -2
129 -7
130 -6
131 -1
132 -4
133 0
134 8
135 3
136 1
137 3
138 -1
139 -3
140 -3
141 -1
142 1
143 1
144 2
145 2
146 2
147 3
148 6
149 8
150 8
151 11
152 8
153 7
154 3
155 3
156 1
157 -2
158 -2
159 3
160 5
161 4
162 3
163 2
164 2
165 0
166 0
167 4
168 1
169 2
170 3
171 4
172 0
173 -1
174 -1
175 3
176 2
177 2
178 2
179 2
180 1
181 0
182 1
183 2
184 3
185 4
186 4
187 5
188 3
189 4
190 3
191 2
192 2
193 1
194 -1
195 -3
196 0
197 0
198 -1
199 1
200 2
201 2
202 6
203 2
204 1
205 0
206 1
207 3
208 6
209 5
210 -2
211 2
212 -1
213 0
214 0
215 1
216 0
217 2
218 2
219 1
220 0
221 1
222 1
223 0
224 -1
225 3
226 5
227 5
228 5
229 4
230 2
231 1
232 1
233 -5
234 -1
235 1
236 1
237 1
238 -1
239 -5
240 1
241 0
242 0
243 2
244 1
245 1
246 1
247 -3
248 -3
249 1
250 1
251 1
252 0
253 -3
254 -1
255 -1
