0 2
1 2
2 2
3 4
4 2
5 4
6 3
7 3
8 0
9 1
10 1
11 0
12 0
13 -2
14 2
15 1
16 1
17 1
18 0
19 -1
20 -1
21 -3
22 4
23 5
24 2
25 -1
26 1
27 2
28 4
29 7
30 5
31 1
32 0
33 -2
34 -4
35 -1
36 -1
37 -1
38 -2
39 0
40 1
41 1
42 3
43 4
44 -2
45 -2
46 -1
47 1
48 0
49 1
50 1
51 1
52 0
53 4
54 2
55 5
56 2
57 -1
58 -1
59 0
60 1
61 2
62 -1
63 1
64 -2
65 -1
66 1
67 1
68 1
69 1
70 0
71 0
72 -1
73 -3
74 0
75 4
76 5
77 4
78 1
79 -1
80 1
81 0
82 -1
83 -1
84 -2
85 1
86 -1
87 -1
88 1
89 0
90 1
91 1
92 0
93 1
94 0
95 1
96 1
97 3
98 0
99 -1
100 0
101 -1
102 -1
103 4
104 5
105 8
106 8
107 11
108 9
109 11
110 1
111 0
112 2
113 5
114 1
115 -1
116 6
117 5
118 4
119 5
120 3
121 3
122 1
123 0
124 1
125 1
126 0
127 1
128 7
129 3
130 1
131 5
132 -4
133 -2
134 -1
135 0
136 5
137 5
138 5
139 3
140 2
141 4
142 0
143 3
144 2
145 5
146 1
147 13
148 8
149 3
150 5
151 4
152 2
153 3
154 4
155 1
156 -2
157 0
158 0
159 -2
160 -2
161 -4
162 -1
163 -1
164 1
165 1
166 5
167 3
168 2
169 3
170 4
171 3
172 3
173 3
174 1
175 0
176 1
177 0
178 -3
179 2
180 2
181 1
182 1
183 0
184 -1
185 2
186 -1
187 2
188 6
189 5
190 8
191 3
192 6
193 2
194 0
195 3
196 3
197 3
198 2
199 -1
200 1
201 0
202 2
203 1
204 3
205 6
206 7
207 6
208 4
209 4
210 2
211 3
212 2
213 1
214 1
215 -1
216 -1
217 -2
218 -1
219 -3
220 3
221 2
222 0
223 1
224 0
225 1
226 4
227 2
228 3
229 0
230 -1
231 -6
232 -2
233 3
234 3
235 1
236 1
237 0
238 0
239 -2
240 -1
241 0
242 1
243 1
244 3
245 3
246 0
247 -1
248 5
249 5
250 6
251 1
252 1
253 1
254 5
255 2
