0 -3
1 -4
2 -4
3 -2
4 -5
5 -6
6 -5
7 -6
8 -5
9 -4
10 -11
11 -9
12 -4
13 -2
14 -1
15 -4
16 -2
17 -4
18 -4
19 -1
20 2
21 9
22 11
23 13
24 9
25 4
26 2
27 2
28 2
29 -2
30 -3
31 -3
32 -1
33 4
34 8
35 7
36 9
37 9
38 6
39 11
40 2
41 1
42 0
43 0
44 0
45 2
46 1
47 2
48 -1
49 0
50 2
51 4
52 3
53 5
54 1
55 0
56 0
57 2
58 9
59 20
60 18
61 18
62 6
63 8
64 9
65 10
66 16
67 24
68 12
69 8
70 10
71 9
72 7
73 3
74 4
75 2
76 -2
77 -1
78 1
79 8
80 10
81 10
82 8
83 7
84 1
85 6
86 6
87 7
88 9
89 7
90 6
91 8
92 11
93 14
94 15
95 18
96 16
97 15
98 8
99 4
100 4
101 5
102 2
103 5
104 8
105 1
106 1
107 0
108 -5
109 -5
110 -5
111 -2
112 -1
113 4
114 5
115 10
116 9
117 10
118 -2
119 -4
120 -2
121 3
122 7
123 6
124 6
125 10
126 8
127 8
128 10
129 13
130 11
131 19
132 14
133 11
134 12
135 11
136 2
137 2
138 1
139 1
140 -2
141 3
142 2
143 4
144 4
145 3
146 -1
147 -7
148 0
149 -3
150 4
151 3
152 1
153 2
154 22
155 26
156 20
157 10
158 5
159 5
160 4
161 3
162 16
163 16
164 18
165 17
166 -3
167 -3
168 -3
169 -7
170 -16
171 -9
172 -4
173 2
174 3
175 13
176 8
177 8
178 3
179 2
180 1
181 1
182 9
183 15
184 18
185 16
186 17
187 17
188 15
189 15
190 15
191 11
192 11
193 13
194 6
195 8
196 9
197 6
198 5
199 5
200 2
201 7
202 5
203 4
204 -6
205 -6
206 -7
207 -6
208 -1
209 3
210 4
211 -2
212 5
213 3
214 0
215 1
216 4
217 6
218 7
219 8
220 9
221 8
222 8
223 10
224 10
225 4
226 3
227 3
228 3
229 4
230 2
231 5
232 -1
233 -2
234 -3
235 -5
236 0
237 1
238 2
239 3
240 4
241 5
242 6
243 4
244 3
245 7
246 8
247 8
248 5
249 5
250 7
251 6
252 7
253 4
254 8
255 -1
