0 19
1 16
2 15
3 15
4 14
5 14
6 14
7 15
8 15
9 15
10 14
11 14
12 10
13 10
14 10
15 11
16 10
17 8
18 8
19 6
20 9
21 9
22 9
23 9
24 9
25 9
26 9
27 8
28 8
29 8
30 6
31 6
32 6
33 7
34 8
35 8
36 8
37 9
38 8
39 8
40 9
41 9
42 7
43 8
44 8
45 6
46 5
47 4
48 3
49 2
50 1
51 2
52 0
53 1
54 2
55 2
56 4
57 2
58 2
59 2
60 0
61 0
62 -4
63 -2
64 -2
65 -2
66 0
67 0
68 -1
69 -5
70 -5
71 -6
72 -6
73 -6
74 -4
75 -5
76 -3
77 -4
78 -3
79 -1
80 0
81 0
82 -1
83 -1
84 -2
85 -4
86 -5
87 -2
88 0
89 0
90 1
91 1
92 1
93 1
94 1
95 1
96 0
97 -1
98 1
99 1
100 0
101 -1
102 -1
103 -2
104 -2
105 -2
106 -2
107 -2
108 -1
109 -2
110 -4
111 -4
112 -4
113 -2
114 -2
115 1
116 4
117 4
118 4
119 -1
120 -2
121 -2
122 -1
123 0
124 0
125 -1
126 0
127 0
128 0
129 0
130 -2
131 0
132 0
133 2
134 2
135 2
136 5
137 9
138 9
139 8
140 9
141 8
142 8
143 7
144 8
145 9
146 9
147 11
148 12
149 11
150 11
151 11
152 11
153 10
154 9
155 10
156 10
157 9
158 7
159 8
160 11
161 11
162 10
163 10
164 13
165 13
166 15
167 15
168 16
169 14
170 14
171 14
172 14
173 14
174 14
175 16
176 14
177 13
178 14
179 13
180 12
181 13
182 13
183 15
184 21
185 21
186 21
187 18
188 15
189 21
190 21
191 19
192 19
193 19
194 22
195 24
196 26
197 26
198 27
199 24
200 24
201 25
202 25
203 26
204 25
205 26
206 29
207 28
208 28
209 25
210 25
211 25
212 25
213 25
214 28
215 30
216 30
217 30
218 29
219 29
220 30
221 30
222 30
223 30
224 32
225 32
226 32
227 31
228 30
229 30
230 27
231 28
232 24
233 25
234 24
235 26
236 26
237 25
238 24
239 24
240 23
241 23
242 21
243 23
244 22
245 21
246 20
247 20
248 22
249 22
250 27
251 26
252 25
253 19
254 19
255 19
