0 95
1 83
2 81
3 83
4 95
5 90
6 95
7 97
8 96
9 93
10 92
11 91
12 93
13 85
14 86
15 86
16 86
17 86
18 75
19 81
20 81
21 83
22 68
23 77
24 73
25 73
26 60
27 55
28 48
29 48
30 49
31 35
32 40
33 36
34 38
35 11
36 13
37 10
38 13
39 18
40 36
41 30
42 28
43 27
44 37
45 37
46 33
47 46
48 44
49 43
50 41
51 38
52 37
53 40
54 37
55 35
56 39
57 40
58 27
59 20
60 21
61 15
62 16
63 21
64 19
65 13
66 17
67 16
68 13
69 16
70 16
71 18
72 21
73 14
74 13
75 20
76 27
77 34
78 38
79 38
80 39
81 40
82 27
83 23
84 25
85 17
86 19
87 17
88 33
89 33
90 38
91 34
92 30
93 30
94 30
95 39
96 39
97 43
98 41
99 40
100 32
101 33
102 26
103 32
104 29
105 18
106 19
107 17
108 15
109 21
110 19
111 19
112 24
113 24
114 6
115 8
116 3
117 -3
118 -1
119 5
120 1
121 -3
122 -1
123 -3
124 -8
125 -7
126 -8
127 -9
128 -5
129 -5
130 -3
131 -1
132 0
133 0
134 -2
135 9
136 9
137 11
138 -1
139 -5
140 -3
141 1
142 15
143 17
144 16
145 16
146 20
147 19
148 3
149 3
150 0
151 -5
152 -5
153 -10
154 3
155 7
156 11
157 11
158 11
159 8
160 1
161 2
162 -5
163 -7
164 5
165 3
166 4
167 3
168 5
169 4
170 16
171 16
172 23
173 22
174 45
175 43
176 45
177 43
178 39
179 35
180 33
181 38
182 36
183 51
184 51
185 54
186 54
187 48
188 49
189 45
190 44
191 28
192 29
193 28
194 35
195 36
196 39
197 40
198 37
199 46
200 49
201 47
202 51
203 56
204 56
205 54
206 54
207 58
208 59
209 58
210 41
211 41
212 44
213 41
214 42
215 49
216 59
217 60
218 57
219 50
220 63
221 67
222 60
223 53
224 56
225 54
226 69
227 65
228 63
229 64
230 68
231 67
232 68
233 69
234 69
235 88
236 91
237 90
238 91
239 85
240 88
241 88
242 90
243 92
244 92
245 92
246 89
247 92
248 85
249 89
250 88
251 95
252 102
253 94
254 94
255 97
