0 24
1 18
2 20
3 21
4 23
5 24
6 3
7 4
8 4
9 6
10 4
11 2
12 -4
13 0
14 -1
15 0
16 8
17 4
18 11
19 6
20 9
21 12
22 10
23 20
24 10
25 6
26 2
27 14
28 14
29 12
30 14
31 9
32 5
33 -1
34 -4
35 -3
36 4
37 1
38 13
39 7
40 -8
41 -11
42 -2
43 -2
44 -3
45 -2
46 1
47 21
48 21
49 32
50 42
51 44
52 42
53 45
54 37
55 22
56 26
57 24
58 24
59 17
60 10
61 7
62 8
63 9
64 10
65 10
66 7
67 5
68 13
69 12
70 1
71 9
72 7
73 21
74 17
75 16
76 16
77 16
78 10
79 7
80 8
81 3
82 3
83 -1
84 4
85 15
86 18
87 19
88 23
89 23
90 27
91 20
92 19
93 18
94 20
95 18
96 10
97 9
98 10
99 9
100 1
101 0
102 5
103 4
104 6
105 15
106 17
107 14
108 19
109 18
110 18
111 22
112 25
113 16
114 30
115 17
116 22
117 26
118 29
119 30
120 24
121 15
122 23
123 23
124 24
125 24
126 20
127 18
128 21
129 18
130 19
131 25
132 16
133 15
134 -2
135 -3
136 18
137 20
138 13
139 22
140 21
141 22
142 24
143 10
144 10
145 12
146 18
147 18
148 2
149 -10
150 -2
151 -3
152 -3
153 2
154 -3
155 -4
156 -6
157 -3
158 2
159 19
160 21
161 23
162 13
163 18
164 11
165 16
166 11
167 15
168 19
169 20
170 32
171 32
172 34
173 35
174 39
175 32
176 28
177 29
178 36
179 33
180 35
181 39
182 38
183 39
184 39
185 37
186 23
187 35
188 32
189 32
190 33
191 25
192 11
193 10
194 15
195 14
196 12
197 16
198 17
199 14
200 20
201 23
202 20
203 15
204 18
205 13
206 14
207 -4
208 -2
209 -5
210 0
211 -2
212 0
213 -2
214 -4
215 -6
216 -7
217 -10
218 -11
219 -6
220 -5
221 -1
222 -1
223 5
224 15
225 18
226 20
227 23
228 11
229 10
230 9
231 10
232 14
233 10
234 -1
235 10
236 16
237 19
238 20
239 20
240 16
241 12
242 2
243 3
244 -8
245 -7
246 -8
247 -11
248 8
249 10
250 12
251 19
252 5
253 2
254 4
255 14
