0 47
1 47
2 39
3 42
4 28
5 24
6 23
7 23
8 25
9 28
10 30
11 30
12 31
13 35
14 35
15 32
16 23
17 2
18 -8
19 -13
20 -8
21 -5
22 -5
23 3
24 5
25 4
26 13
27 14
28 11
29 16
30 18
31 17
32 14
33 14
34 12
35 9
36 7
37 12
38 15
39 12
40 7
41 -1
42 -2
43 -3
44 -6
45 -6
46 -6
47 -12
48 10
49 8
50 6
51 8
52 13
53 13
54 32
55 31
56 37
57 36
58 39
59 38
60 40
61 31
62 30
63 28
64 19
65 20
66 20
67 22
68 22
69 18
70 15
71 14
72 16
73 13
74 0
75 -1
76 -8
77 -9
78 -5
79 -3
80 4
81 15
82 19
83 16
84 14
85 17
86 20
87 15
88 9
89 11
90 12
91 16
92 17
93 14
94 22
95 21
96 26
97 23
98 10
99 14
100 12
101 13
102 2
103 -1
104 -4
105 -1
106 3
107 1
108 1
109 -2
110 -1
111 5
112 9
113 3
114 16
115 16
116 15
117 14
118 15
119 16
120 19
121 17
122 15
123 12
124 15
125 21
126 15
127 14
128 9
129 7
130 7
131 9
132 3
133 1
134 3
135 2
136 2
137 5
138 11
139 14
140 10
141 14
142 18
143 25
144 25
145 26
146 29
147 30
148 32
149 33
150 39
151 39
152 40
153 38
154 41
155 42
156 40
157 39
158 33
159 31
160 34
161 33
162 33
163 28
164 28
165 28
166 29
167 23
168 22
169 25
170 23
171 28
172 32
173 28
174 29
175 28
176 29
177 30
178 25
179 22
180 20
181 23
182 23
183 24
184 25
185 31
186 31
187 29
188 33
189 37
190 38
191 26
192 22
193 16
194 11
195 10
196 7
197 8
198 7
199 7
200 6
201 1
202 -1
203 6
204 9
205 9
206 9
207 12
208 14
209 15
210 15
211 15
212 13
213 6
214 10
215 8
216 11
217 5
218 6
219 6
220 7
221 8
222 11
223 11
224 15
225 9
226 18
227 19
228 12
229 3
230 9
231 9
232 8
233 10
234 9
235 12
236 12
237 11
238 11
239 12
240 10
241 14
242 18
243 23
244 21
245 19
246 23
247 24
248 30
249 44
250 45
251 46
252 46
253 40
254 45
255 48
