0 2
1 1
2 -1
3 -1
4 2
5 2
6 4
7 4
8 -2
9 0
10 2
11 -1
12 -1
13 0
14 0
15 0
16 -1
17 -1
18 -1
19 0
20 0
21 0
22 0
23 2
24 1
25 1
26 -1
27 0
28 -1
29 2
30 1
31 0
32 0
33 -1
34 -2
35 -1
36 1
37 1
38 2
39 0
40 2
41 2
42 1
43 1
44 1
45 -1
46 0
47 2
48 1
49 0
50 0
51 0
52 0
53 0
54 -1
55 -2
56 -4
57 1
58 1
59 0
60 0
61 -4
62 0
63 0
64 -2
65 1
66 -2
67 -3
68 0
69 1
70 2
71 1
72 0
73 1
74 0
75 1
76 5
77 2
78 0
79 0
80 0
81 0
82 0
83 0
84 1
85 2
86 1
87 -2
88 0
89 -1
90 0
91 0
92 -2
93 1
94 1
95 -1
96 -1
97 -1
98 2
99 3
100 4
101 4
102 4
103 4
104 2
105 4
106 0
107 1
108 0
109 1
110 2
111 0
112 1
113 4
114 2
115 1
116 -1
117 1
118 1
119 1
120 -1
121 1
122 0
123 0
124 1
125 -1
126 -1
127 -1
128 0
129 1
130 1
131 1
132 2
133 1
134 3
135 0
136 1
137 1
138 -1
139 2
140 1
141 2
142 3
143 3
144 1
145 1
146 1
147 1
148 0
149 -1
150 0
151 -1
152 1
153 5
154 3
155 2
156 2
157 1
158 3
159 -1
160 0
161 0
162 -1
163 -1
164 -2
165 -1
166 3
167 0
168 -1
169 0
170 1
171 3
172 4
173 -1
174 0
175 0
176 0
177 0
178 1
179 1
180 1
181 2
182 3
183 3
184 2
185 -1
186 0
187 1
188 0
189 2
190 5
191 2
192 2
193 0
194 1
195 1
196 0
197 3
198 2
199 2
200 1
201 1
202 -1
203 -1
204 -1
205 0
206 1
207 1
208 5
209 4
210 0
211 -1
212 0
213 1
214 6
215 5
216 0
217 0
218 1
219 2
220 0
221 -1
222 0
223 1
224 5
225 1
226 1
227 2
228 0
229 2
230 0
231 0
232 -1
233 1
234 1
235 -6
236 -5
237 4
238 3
239 3
240 5
241 8
242 7
243 4
244 4
245 4
246 3
247 2
248 -1
249 2
250 1
251 -1
252 -1
253 -1
254 1
255 3
