1	0.165954		421817		0.563092 100
0.932603	0.186793		436572		0.583134 100
0.869749	0.209456		448866		0.600653 100
0.811131	0.233995		462028		0.620055 100
0.756463	0.260454		473086		0.635284 100
0.70548	0.288863		484546		0.651052 100
0.657933	0.319245		496811		0.668427 100
0.613591	0.351613		505307		0.680054 100
0.572237	0.385969		515428		0.695834 100
0.53367	0.422312		525888		0.710829 100
0.497702	0.460634		533646		0.721995 100
0.464159	0.500924		541372		0.733991 100
0.432876	0.543171		550956		0.748883 100
0.403702	0.58736		557109		0.7584 100
0.376494	0.633479		564346		0.769745 100
0.351119	0.681519		571159		0.780272 100
0.327455	0.73147		579806		0.792133 100
0.305386	0.783327		584748		0.801915 100
0.284804	0.837088		589728		0.809555 100
0.265609	0.892754		595886		0.820083 100
0.247708	0.950328		601902		0.830067 100
0.231013	1.00982		606886		0.839106 100
0.215443	1.07123		608862		0.842643 100
0.200923	1.13458		614045		0.851732 100
0.187382	1.19989		617223		0.857948 100
0.174753	1.26717		621127		0.864631 100
0.162975	1.33644		625578		0.872288 100
0.151991	1.40773		629602		0.880638 100
0.141747	1.48106		631135		0.884298 100
0.132194	1.55646		634561		0.88827 100
0.123285	1.63395		636442		0.892079 100
0.114976	1.71357		640532		0.899512 100
0.107227	1.79535		644333		0.911281 100
0.1	1.87933		644425		0.90837 100
0.0932603	1.96553		648116		0.917148 100
0.0869749	2.054		649311		0.916073 100
0.0811131	2.14478		650416		0.919988 100
0.0756463	2.2379		653762		0.928044 100
0.070548	2.33341		654817		0.928228 100
0.0657933	2.43135		657372		0.934347 100
0.0613591	2.53177		662230		0.945746 100
0.0572237	2.63472		659445		0.938153 100
0.053367	2.74023		660914		0.941995 100
0.0497702	2.84837		661491		0.945365 100
0.0464159	2.95918		664208		0.947136 100
0.0432876	3.07272		661790		0.94326 100
0.0403702	3.18904		669073		0.956413 100
0.0376494	3.3082		669864		0.960183 100
0.0351119	3.43025		670174		0.957708 100
0.0327455	3.55526		669112		0.957908 100
0.0305386	3.68329		667830		0.95657 100
0.0284804	3.8144		670553		0.959383 100
0.0265609	3.94866		675467		0.969866 100
0.0247708	4.08613		669190		0.959025 100
0.0231013	4.22688		675539		0.972558 100
0.0215443	4.37099		674678		0.971386 100
0.0200923	4.51852		673526		0.969135 100
0.0187382	4.66955		674149		0.97524 100
0.0174753	4.82417		672513		0.967913 100
0.0162975	4.98244		673044		0.964934 100
0.0151991	5.14445		672854		0.968422 100
0.0141747	5.31028		678479		0.981999 100
0.0132194	5.48001		685936		0.992672 100
0.0123285	5.65374		678400		0.979191 100
0.0114976	5.83156		678526		0.978712 100
0.0107227	6.01356		684926		0.995832 100
0.01	6.19982		673880		0.968317 100
0.00932603	6.39046		678774		0.986977 100
0.00869749	6.58556		676186		0.972108 100
0.00811131	6.78523		674764		0.973173 100
0.00756463	6.98958		682234		0.990702 100
0.0070548	7.19871		674414		0.970801 100
0.00657933	7.41274		681532		0.985312 100
0.00613591	7.63177		681867		0.993894 100
0.00572237	7.85592		675504		0.974753 100
0.0053367	8.08531		676218		0.979013 100
0.00497702	8.32007		677750		0.981267 100
0.00464159	8.5603		674149		0.970356 100
0.00432876	8.80616		680330		0.982725 100
0.00403702	9.05775		678083		0.989589 100
0.00376494	9.31523		680978		0.991853 100
0.00351119	9.57871		676640		0.982003 100
0.00327455	9.84836		674178		0.975093 100
0.00305386	10.1243		680866		0.98157 100
0.00284804	10.4067		688006		1.00419 100
0.00265609	10.6957		676972		0.974838 100
0.00247708	10.9914		679687		0.982472 100
0.00231013	11.2941		683108		0.988709 100
0.00215443	11.6038		679413		0.981397 100
0.00200923	11.9207		677824		0.976634 100
0.00187382	12.2451		674906		0.972093 100
0.00174753	12.577		675992		0.977186 100
0.00162975	12.9168		677616		0.977793 100
0.00151991	13.2644		679378		0.986013 100
0.00141747	13.6202		683368		0.991004 100
0.00132194	13.9843		680129		0.985206 100
0.00123285	14.3569		680170		0.980556 100
0.00114976	14.7382		675672		0.978595 100
0.00107227	15.1285		682301		0.994623 100
0.001	15.5279		676281		0.980655 100
