1	2.3271e-310		2.3271e-310		2.3271e-310 0
0.599484	2.3271e-310		2.3271e-310		2.3271e-310 0
0.359381	6.95277e-310		6.95277e-310		6.95277e-310 0
0.215443	6.95277e-310		6.95277e-310		6.95277e-310 0
0.129155	6.95277e-310		6.95277e-310		6.95277e-310 0
0.0774264	6.95277e-310		6.95277e-310		6.95277e-310 0
0.0464159	6.95277e-310		6.95277e-310		6.95277e-310 0
0.0278256	6.95277e-310		6.95277e-310		6.95277e-310 0
0.016681	6.95277e-310		6.95277e-310		6.95277e-310 0
0.01	6.95277e-310		6.95277e-310		6.95277e-310 0
