0	0		0		0
0.0263158	0		0		0
0.0526316	0		0		0
0.0789474	0		0		0
0.105263	0.392048		0.392048		1.08112e-05
0.131579	0.736232		1.46169		7.65073e-05
0.157895	0.138926		1.89968		0.00130121
0.184211	5.64173		36.3093		0.00619392
0.210526	-3.67975		27.0026		0.0149977
0.236842	-8.00926		147.459		0.027058
0.263158	15.2343		255.577		0.0425591
0.289474	-4.68516		198.822		0.0606994
0.315789	5.2005		175.405		0.0818492
0.342105	-5.83816		127.998		0.105697
0.368421	-11.3077		186.741		0.130804
0.394737	-2.64549		150.667		0.156652
0.421053	0.0152316		103.069		0.185159
0.447368	4.87359		141.854		0.213092
0.473684	3.45868		95.9019		0.243391
0.5	0.555736		165.626		0.271997
0.526316	-0.0591418		115.433		0.302944
0.552632	-3.50933		149.983		0.332574
0.578947	0.703143		99.9784		0.363966
0.605263	1.90647		100.093		0.394225
0.631579	-1.54604		115.044		0.424322
0.657895	1.1779		92.9897		0.455682
0.684211	1.54202		79.2227		0.486656
0.710526	-0.617779		115.346		0.51513
0.736842	2.70242		108.561		0.545958
0.763158	-2.70946		104.339		0.576308
0.789474	1.85325		102.499		0.606196
0.815789	1.75364		98.8362		0.635525
0.842105	0.665958		93.8316		0.66627
0.868421	-2.12056		93.5498		0.696166
0.894737	-1.81927		88.2202		0.725466
0.921053	3.20271		99.6084		0.753549
