3.000000000000000000e+01 -2.225248943499519072e+00
3.100000000000000000e+01 -2.225448386464244699e+00
3.200000000000000000e+01 -2.225630082461028447e+00
3.300000000000000000e+01 -2.225796076260145195e+00
3.400000000000000000e+01 -2.225948126402528704e+00
3.500000000000000000e+01 -2.226087751967596340e+00
3.600000000000000000e+01 -2.226216270662800145e+00
3.700000000000000000e+01 -2.226334830027672407e+00
3.800000000000000000e+01 -2.226444433139002754e+00
3.900000000000000000e+01 -2.226545959897355598e+00
4.000000000000000000e+01 -2.226640184742154194e+00
4.100000000000000000e+01 -2.226727791464075956e+00
4.200000000000000000e+01 -2.226809385645872830e+00
4.300000000000000000e+01 -2.226885505155847600e+00
4.400000000000000000e+01 -2.226956629034707813e+00
4.500000000000000000e+01 -2.227023185050899023e+00
4.600000000000000000e+01 -2.227085556147634371e+00
4.700000000000000000e+01 -2.227144085963602471e+00
4.800000000000000000e+01 -2.227199083576401506e+00
4.900000000000000000e+01 -2.227250827591292115e+00
5.000000000000000000e+01 -2.227299569676546298e+00
5.100000000000000000e+01 -2.227345537629351391e+00
5.200000000000000000e+01 -2.227388938042201616e+00
5.300000000000000000e+01 -2.227429958628168283e+00
5.400000000000000000e+01 -2.227468770254039665e+00
5.500000000000000000e+01 -2.227505528722523831e+00
5.600000000000000000e+01 -2.227540376338305705e+00
5.700000000000000000e+01 -2.227573443287398813e+00
5.800000000000000000e+01 -2.227604848854811692e+00
5.900000000000000000e+01 -2.227634702501823938e+00
