3.000000000000000000e+01 -3.442394336373246766e+00
3.100000000000000000e+01 -3.443914975823273661e+00
3.200000000000000000e+01 -3.445307210952470722e+00
3.300000000000000000e+01 -3.446585086541716247e+00
3.400000000000000000e+01 -3.447760780096222444e+00
3.500000000000000000e+01 -3.448844891786229105e+00
3.600000000000000000e+01 -3.449846683227000721e+00
3.700000000000000000e+01 -3.450774275155113813e+00
3.800000000000000000e+01 -3.451634811888435461e+00
3.900000000000000000e+01 -3.452434598795214526e+00
4.000000000000000000e+01 -3.453179217715884430e+00
4.100000000000000000e+01 -3.453873624285794808e+00
4.200000000000000000e+01 -3.454522230329510890e+00
4.300000000000000000e+01 -3.455128973886131050e+00
4.400000000000000000e+01 -3.455697378942000242e+00
4.500000000000000000e+01 -3.456230606563353014e+00
4.600000000000000000e+01 -3.456731498814678893e+00
4.700000000000000000e+01 -3.457202616602557121e+00
4.800000000000000000e+01 -3.457646272386081687e+00
4.900000000000000000e+01 -3.458064558534174715e+00
5.000000000000000000e+01 -3.458459371979203834e+00
5.100000000000000000e+01 -3.458832435709373154e+00
5.200000000000000000e+01 -3.459185317554579253e+00
5.300000000000000000e+01 -3.459519446648229746e+00
5.400000000000000000e+01 -3.459836127887748081e+00
5.500000000000000000e+01 -3.460136554666969122e+00
5.600000000000000000e+01 -3.460421820112394187e+00
5.700000000000000000e+01 -3.460692927020821319e+00
5.800000000000000000e+01 -3.460950796667033647e+00
5.900000000000000000e+01 -3.461196276625977397e+00
