0	4.51562	3.06317	-0.942658	1.67803
0.526316	4.51562	3.14108	-0.874245	1.68164
1.05263	4.51562	3.27275	-0.772912	1.69859
1.57895	4.51562	3.35351	-0.718408	1.71634
2.10526	4.51562	3.42272	-0.6757	1.72496
2.63158	4.51562	3.46869	-0.649189	1.72982
3.15789	4.51562	3.51068	-0.626172	1.73145
3.68421	4.51562	3.55802	-0.60151	1.73123
4.21053	4.51562	3.5714	-0.594775	1.73373
4.73684	4.51562	3.59642	-0.582451	1.73438
5.26316	4.51562	3.63056	-0.566172	1.73232
5.78947	4.51562	3.60282	-0.579351	1.73782
6.31579	6.95329e-310	1.26953e-158	-inf	6.95329e-310
6.84211	6.95329e-310	1.26979e-158	-inf	6.95329e-310
7.36842	6.95329e-310	1.26953e-158	-inf	6.95329e-310
7.89474	6.95329e-310	1.26979e-158	-inf	6.95329e-310
8.42105	6.95329e-310	1.26979e-158	-inf	6.95329e-310
8.94737	6.95329e-310	1.27132e-158	-inf	6.95329e-310
9.47368	6.95329e-310	1.27132e-158	-inf	6.95329e-310
10	6.95329e-310	1.27133e-158	-inf	6.95329e-310
