0	13.2891	7.08295	-0.22439	2.06046
0.526316	13.2891	6.78597	-0.255159	2.08071
1.05263	13.2891	7.10518	-0.22229	2.08142
1.57895	13.2891	7.6671	-0.17691	2.07647
2.10526	13.2891	7.9547	-0.158407	2.07209
2.63158	13.2891	7.14198	-0.218872	2.08302
3.15789	13.2891	7.50724	-0.188454	2.07968
3.68421	13.2891	7.17198	-0.216137	2.08618
4.21053	13.2891	7.7405	-0.171925	2.07494
4.73684	13.2891	7.67137	-0.176615	2.07184
5.26316	13.2891	7.91559	-0.160767	2.06994
5.78947	13.2891	7.14616	-0.218488	2.0875
6.31579	6.95268e-310	5.72083e-159	-inf	6.95268e-310
6.84211	6.95268e-310	5.72644e-159	-inf	6.95268e-310
7.36842	6.95268e-310	5.72077e-159	-inf	6.95268e-310
7.89474	6.95268e-310	5.72651e-159	-inf	6.95268e-310
8.42105	6.95268e-310	5.72656e-159	-inf	6.95268e-310
8.94737	6.95268e-310	5.7604e-159	-inf	6.95268e-310
9.47368	6.95268e-310	5.76043e-159	-inf	6.95268e-310
10	6.95268e-310	5.76053e-159	-inf	6.95268e-310
